2588152
40
[([[832, 89], [1182, 89], [1182, 176], [832, 176]], '만나서 반가위', 0.7628137078227379), ([[834, 186], [1300, 186], [1300, 274], [834, 274]], '내 이름은 흘레어야', 0.7718366272564244), ([[877, 445], [1417, 445], [1417, 529], [877, 529]], '네가 그 새로 온 전학생', 0.792534822976534), ([[880, 545], [1034, 545], [1034, 624], [880, 624]], '맞지?', 0.9955531338190748), ([[1012, 717], [1296, 717], [1296, 803], [1012, 803]], '걱정하지마', 0.6366072222859285), ([[1015, 817], [1423, 817], [1423, 897], [1015, 897]], '오래 안 걸리나까', 0.794477086040255), ([[674, 1756], [729, 1756], [729, 1794], [674, 1794]], '49.', 0.10269487393821891), ([[742, 1764], [778, 1764], [778, 1793], [742, 1793]], '22', 0.9999657769305327), ([[674, 1801], [826, 1801], [826, 1839], [674, 1839]], "서 ' 215 (~", 0.10710093129808872), ([[672, 1846], [907, 1846], [907, 1890], [672, 1890]], '게   122 *9 (6른4)"슈', 0.005039485946866378), ([[1503, 2154], [1677, 2154], [1677, 2239], [1503, 2239]], '클레어', 0.354036403598775), ([[1505, 2299], [1784, 2299], [1784, 2383], [1505, 2383]], '보건 선생님', 0.9214375704161253), ([[1504, 2442], [2005, 2442], [2005, 2527], [1504, 2527]], '종즉 - 드위프 + 엘프', 0.7340326339296984), ([[1508, 2588], [1900, 2588], [1900, 2665], [1508, 2665]], '신장 - 146 (씨', 0.2370957458061206), ([[1508, 2730], [1896, 2730], [1896, 2807], [1508, 2807]], '무게 - 55 <흡', 0.11048176772372935)]
[([[321, 177], [616, 177], [616, 294], [321, 294]], '그래에', 0.9996299343787272)]
[]
[([[111, 157], [762, 157], [762, 290], [111, 290]], '우리 진짜 이렇게', 0.7370120603575373), ([[1506, 208], [2145, 208], [2145, 331], [1506, 331]], '네; 선"이 모이', 0.18491422617207454), ([[118, 316], [552, 316], [552, 444], [118, 444]], '해야하니?', 0.977969781012409), ([[1504, 365], [2149, 365], [2149, 489], [1504, 489]], '분명 !이', 0.21766214476592313), ([[1502, 525], [1857, 525], [1857, 646], [1502, 646]], '훨거에요', 0.4416901469230652)]
[([[70, 161], [631, 161], [631, 289], [70, 289]], '이거 아까보다', 0.916588378261856), ([[1530, 272], [2142, 272], [2142, 389], [1530, 389]], '그야 ;', 0.40957577169810777), ([[67, 315], [521, 315], [521, 447], [67, 447]], '더 커적논데', 0.5819513973598034), ([[1522, 428], [1994, 428], [1994, 552], [1522, 552]], '까요 어생님', 0.17408575810338295)]
[([[130, 183], [716, 183], [716, 321], [130, 321]], '아이거 안들어', 0.7599787709131189), ([[134, 345], [415, 345], [415, 471], [134, 471]], '갈거야', 0.9966409704240488), ([[1535, 311], [2096, 311], [2096, 433], [1535, 433]], '걱정 아하가_', 0.11949582960941538), ([[1533, 471], [1805, 471], [1805, 595], [1533, 595]], '훨내', 0.05592269963606835)]
[([[35, 84], [844, 84], [844, 208], [35, 208]], '이게 도은이 펼기에요', 0.27229130821293773), ([[1657, 516], [2086, 516], [2086, 640], [1657, 640]], '아이게 뭐', 0.9174977247118942), ([[13, 765], [640, 765], [640, 903], [13, 903]], '이제 음리실게요', 0.23417718638610832), ([[1768.9976032938678, 22.01395824985005], [2047.496239577222, 56.61943430145323], [1991.0023967061322, 452.98604175015], [1712.503760422778, 417.3805656985468]], '0', 0.030396319864430588)]
[([[156.89428881709847, 41.69343756958556], [1624.7602382408752, -126.67918313243536], [1634.1057111829016, 129.30656243041443], [166.2397617591248, 298.67918313243536]], '@물미미옷커', 4.48071658214682e-05), ([[1631.3780452632802, 95.00716442636173], [2269.8091511884763, 376.79540758388475], [2169.62195473672, 582.9928355736383], [1530.1908488115237, 301.20459241611525]], '@#니옷커옷', 0.0005419555427993363)]
[([[180, 494], [593, 494], [593, 705], [180, 705]], '##', 0.7220281900840871), ([[56, 803], [360, 803], [360, 911], [56, 911]], '거의 다:', 0.2027925941232584), ([[1643, 797], [2077, 797], [2077, 925], [1643, 925]], '자-잠까안', 0.8709485725914049), ([[423, 2212], [478, 2212], [478, 2308], [423, 2308]], '1', 0.2438811629063231), ([[21.73818339657341, 282.8312785673216], [545.548410625468, 92.76988301853774], [596.2618166034266, 292.1687214326784], [72.45158937453199, 481.2301169814623]], '@뉴뉴앗', 0.014577611349523067), ([[1567.9510000953412, 248.10020097248042], [1950.3949025977136, 214.86947393169396], [1952.0489999046588, 391.8997990275196], [1568.6050974022864, 425.13052606830604]], '#권볕', 0.025542037065966573), ([[1688.4614393345137, 551.3997422697357], [2065.2014207210154, 443.63908810669517], [2101.5385606654863, 616.6002577302643], [1724.7985792789846, 724.3609118933049]], '#,4', 0.009661177859467617)]
[([[32.913694309468355, 96.87054146420253], [1295.3505589285687, -104.6408986248632], [1320.0863056905316, 130.12945853579748], [57.64944107143127, 331.6408986248632]], '@(커웨익대각-#', 8.75059782150726e-05)]
[([[423, 2212], [478, 2212], [478, 2310], [423, 2310]], '1', 0.35982874523279307), ([[1408.4521741996336, 158.29913163846098], [1634.620219546786, 128.6660168849503], [1639.5478258003664, 221.70086836153902], [1413.379780453214, 251.3339831150497]], '"사\'', 0.026566877185786725), ([[1506.129377177431, 322.02528745181326], [1743.8349009921515, 401.7806053633789], [1697.870622822569, 523.9747125481867], [1460.1650990078485, 444.2193946366211]], '놀4', 0.0014821495542871532), ([[523.4108634548995, 518.262813255289], [748.8971561560508, 454.5711032736931], [772.5891365451005, 562.737186744711], [547.1028438439492, 626.4288967263069]], '시:^', 0.028541696807610026), ([[1547.0867687507282, 566.0321162603394], [1758.8136381816626, 628.8066745454812], [1722.9132312492718, 733.9678837396606], [1511.1863618183374, 671.1933254545188]], '놀', 0.003972150336494451)]
[([[124, 127], [689, 127], [689, 230], [124, 230]], '자 시작하기 전에', 0.920702061980422), ([[120, 253], [419, 253], [419, 356], [120, 356]], '옷올 벗고', 0.29610187752803413), ([[122, 381], [680, 381], [680, 482], [122, 482]], '홍통도 씌우고!?!', 0.21074430076358608), ([[118, 660], [365, 660], [365, 764], [118, 764]], '세상에', 0.718715250492096), ([[457, 2009], [539, 2009], [539, 2038], [457, 2038]], '49822', 0.2131327282335877), ([[457, 2043], [539, 2043], [539, 2072], [457, 2072]], '215', 0.9970633806271135), ([[543, 2055], [574, 2055], [574, 2071], [543, 2071]], '(모', 0.012205512167976443), ([[454, 2079], [481, 2079], [481, 2103], [454, 2103]], '구', 0.009909022003775692), ([[490, 2079], [616, 2079], [616, 2112], [490, 2112]], '122 *9 (6무4;', 0.13267695382613828), ([[1257.8016195251212, 85.11538548865047], [1400.215496616526, 26.940897283029962], [1464.1983804748788, 221.88461451134953], [1321.784503383474, 280.05910271697]], '0', 0.9691171238102925)]
[([[423, 2212], [478, 2212], [478, 2310], [423, 2310]], '1', 0.42679806977247736), ([[1408.4550670072035, 161.32925462737353], [1632.7250601594972, 129.11396631068158], [1639.5449329927965, 218.67074537262647], [1415.2749398405028, 250.88603368931842]], '"사', 0.08625089644552682), ([[1505.0659233258693, 322.02728887236594], [1744.7755369396718, 399.32933823462247], [1698.9340766741307, 524.972711127634], [1459.2244630603282, 447.67066176537753]], '럴4공', 0.0015910402497367018), ([[522.4108634548995, 517.262813255289], [747.8472572171619, 453.51286118299856], [772.5891365451005, 561.737186744711], [547.1527427828381, 626.4871388170014]], '시:^', 0.02018739124916555), ([[1544.105572809, 563.0308057305012], [1757.7875597606712, 625.6594198652342], [1721.894427191, 733.9691942694988], [1508.2124402393288, 671.3405801347658]], '시', 0.026438593853248316)]
[([[168.9208892072438, 117.09022588330362], [1252.972346097966, -148.65484370413088], [1277.0791107927562, 49.90977411669639], [194.02765390203393, 316.6548437041309]], '@#0-의0---)-~ "', 9.083427854368404e-06)]
[([[263, 686], [394, 686], [394, 772], [263, 772]], '까', 0.030898157280767613), ([[1890, 812], [2062, 812], [2062, 865], [1890, 865]], '0 00', 0.6811960339546204), ([[1465.099936501919, 123.12953646400885], [1694.0412041227503, 105.85791324091767], [1694.900063498081, 223.87046353599115], [1465.9587958772497, 241.14208675908233]], '베', 0.016254775104599162), ([[51.05774917833434, 192.14437294583584], [664.1200897798726, 114.76713414574844], [670.9422508216657, 246.85562705416416], [58.87991022012739, 324.23286585425154]], '그-그마하아안', 0.912217411719309), ([[1650.4465476056332, 205.00901149293634], [2113.730643912262, 416.98577467977464], [2049.553452394367, 545.9909885070637], [1586.2693560877378, 334.01422532022536]], '천천히이이이', 0.9834087253500499), ([[321.0545909076901, 401.905459090769], [542.3315095776063, 320.8176641572359], [571.9454090923099, 405.094540909231], [351.66849042239363, 485.1823358427641]], '장', 0.013738856712409986), ([[1718.249652774154, 469.01760408947814], [1952.997257221202, 593.7037544959037], [1885.750347225846, 713.9823959105219], [1651.002742778798, 589.2962455040963]], '서사', 0.08102860196626088)]
[([[311, 201], [437, 201], [437, 334], [311, 334]], '다', 0.8572703580892984), ([[1506.0431823114293, 246.12818556686184], [2048.979587720398, 73.48133638147696], [2073.956817688571, 199.87181443313816], [1531.0204122796024, 373.518663618523]], '오-오으으으욕', 0.8581877692218718)]
[([[1660, 362], [2017, 362], [2017, 483], [1660, 483]], '흐규으으', 0.9002655148506165), ([[118, 586], [525, 586], [525, 709], [118, 709]], '이름게 ??', 0.19869255014736995), ([[1711, 786], [2093, 786], [2093, 910], [1711, 910]], '7-그렇게', 0.40946614943589793), ([[173.08636462285838, 222.51954910457601], [437.7902009520151, 91.63549537730911], [483.91363537714165, 214.48045089542399], [219.20979904798492, 345.3645046226909]], '간다앗', 0.8021014893872476), ([[1509.086129878744, 149.11487799357639], [1776.845503813345, 128.9811457081044], [1776.913870121256, 263.8851220064236], [1509.154496186655, 284.0188542918956]], '흥그웃', 0.6321170598649519), ([[320.5060990489115, 393.0048792391292], [492.03414414782475, 297.6291678700354], [556.4939009510884, 420.9951207608708], [384.96585585217525, 516.3708321299646]], '응짓', 0.11233459111005593)]
[([[489, 89], [617, 89], [617, 248], [489, 248]], '0', 0.7516018466091943), ([[110, 358], [224, 358], [224, 384], [110, 384]], '0 9 9', 0.6234394019117542), ([[1733, 431], [1882, 431], [1882, 554], [1733, 554]], '9', 0.9941184235558786), ([[87, 531], [436, 531], [436, 645], [87, 645]], '제?', 0.055694275837300085), ([[1540.7573126177153, 268.38071299440486], [1981.0888726073495, 220.03196076217395], [1984.2426873822847, 337.61928700559514], [1543.9111273926505, 385.968039237826]], '호에에에에', 0.9947064331098643)]
[([[1.9901738025585862, 152.0879813491679], [888.4194903253946, -103.58510344073764], [918.0098261974414, 83.9120186508321], [31.58050967460539, 340.58510344073767]], '#장---어-어--)>', 6.7947626594812e-06), ([[1530.3678548279536, -5.992598846377472], [2271.893893366085, 266.6086615434795], [2183.6321451720464, 474.99259884637746], [1442.1061066339148, 202.39133845652046]], '어물각야야', 7.328393196078247e-05)]
[([[1259, 15], [1379, 15], [1379, 101], [1259, 101]], '유,', 0.004395256085070083), ([[43, 292], [261, 292], [261, 405], [43, 405]], '흥그웃', 0.3948054448078501), ([[372, 279], [810, 279], [810, 438], [372, 438]], '나아-가어력', 0.0761347574555362), ([[58, 1068], [164, 1068], [164, 1161], [58, 1161]], '외다', 0.007086039884295028), ([[510, 1982], [639, 1982], [639, 2092], [510, 2092]], '@4', 0.19400783186663528), ([[1626, 2027], [1744, 2027], [1744, 2117], [1626, 2117]], '빵', 0.027757994215156012), ([[2006, 2661], [2128, 2661], [2128, 2752], [2006, 2752]], '9?', 0.046453409482732806), ([[150.82759300860204, 67.18279875075197], [699.7093486964499, -77.64722525714608], [716.172406991398, 33.81720124924803], [168.29065130355016, 178.6472252571461]], '오호오오오주 -', 0.2143397478630972), ([[1542.0202469661444, 20.03002554815285], [1817.5883870920584, 81.39414533457726], [1780.9797530338556, 214.96997445184715], [1505.4116129079416, 153.60585466542273]], '가눈게', 0.7988948225975037), ([[1825.0202469661444, 84.03002554815285], [2079.596256963509, 148.42833809995977], [2040.9797530338556, 278.9699744518471], [1786.403743036491, 215.57166190004023]], '멈추지', 0.983858019109797), ([[338.2818380640767, 190.31190367552963], [636.788280293493, 152.74519188656427], [642.7181619359234, 256.68809632447034], [344.211719706507, 295.25480811343573]], '간다아앗', 0.5525436401367188), ([[1502.0604476487765, 171.02761002920008], [1793.685228904396, 238.8419002205914], [1755.9395523512235, 372.97238997079995], [1464.314771095604, 305.1580997794086]], '아나앗', 0.8836216915483198), ([[1916.1836352320381, 366.019612826392], [2238.964523128206, 474.9022955622926], [2187.816364767962, 607.9803871736079], [1865.035476871794, 499.0977044377074]], '#이어-)', 0.018916172309566683), ([[1923.4764814450693, 845.0114250920869], [2217.6480460646553, 1008.1150350304259], [2165.523518554931, 1097.988574907913], [1871.3519539353447, 933.8849649695741]], '#시과(주니', 5.792457439437803e-05), ([[-27.097759996920345, 1669.0464320363399], [289.89467447123167, 1476.5192423271756], [332.09775999692033, 1576.9535679636601], [14.105325528768333, 1770.4807576728244]], '유시6과터', 0.00016976209001264928), ([[2028.2666855696395, 1566.0269237470966], [2211.998875189808, 1641.8500168721528], [2175.7333144303607, 1721.9730762529034], [1992.0011248101919, 1645.1499831278472]], '어잠템유', 0.002156510716304183), ([[1540.3692940025269, 1590.01658604801], [1849.9776179756477, 1706.2674239770247], [1808.6307059974731, 1803.98341395199], [1499.0223820243523, 1687.7325760229753]], '#오((6썩', 0.0019460916042345906), ([[1750.0725499096816, 2284.0358938348922], [1915.7989442573794, 2341.812555278126], [1878.9274500903184, 2436.9641061651078], [1714.2010557426206, 2379.187444721874]], '#람', 0.007385639927332331), ([[211.63043819808993, 2449.2847966121685], [324.23778105211375, 2420.183985187713], [341.3695618019101, 2509.7152033878315], [228.76221894788628, 2539.816014812287]], '4', 0.25166699091926503), ([[77.96396323602212, 2748.6990970608617], [356.27874732139145, 2693.8074759989977], [369.03603676397785, 2799.3009029391383], [91.72125267860856, 2853.1925240010023]], '#-', 0.02483764645999701)]
[([[1527, 56], [1696, 56], [1696, 142], [1527, 142]], '시끼;', 0.00025852905974176044), ([[2058, 220], [2181, 220], [2181, 307], [2058, 307]], '유많', 0.014850131183532792), ([[1884, 385], [1999, 385], [1999, 465], [1884, 465]], '##', 0.22509955635604037), ([[60, 494], [173, 494], [173, 585], [60, 585]], '@4', 0.16829695863078276), ([[16, 1101], [339, 1101], [339, 1198], [16, 1198]], '속-(주', 0.0002648988156579435), ([[1894, 1525], [2189, 1525], [2189, 1618], [1894, 1618]], '#;시--한', 0.0008741866314561622), ([[69, 1723], [290, 1723], [290, 1815], [69, 1815]], '#이각', 0.0012779682613298386), ([[1519, 1812], [1635, 1812], [1635, 1893], [1519, 1893]], '#', 0.9223474094698112), ([[555, 2006], [828, 2006], [828, 2097], [555, 2097]], '#-6', 0.003807313048956136), ([[1663, 2115], [1767, 2115], [1767, 2190], [1663, 2190]], '에', 0.11896339859703975), ([[326, 2337], [443, 2337], [443, 2423], [326, 2423]], '##', 0.11485574525521812), ([[1892, 2526], [2009, 2526], [2009, 2610], [1892, 2610]], '##', 0.01948267933672947), ([[820.8961704360929, 86.44697948271602], [984.3518226260182, 49.84129489198435], [998.1038295639071, 141.55302051728398], [834.6481773739818, 178.15870510801565]], '#많', 0.029473433197326107), ([[67.2784165517158, 46.02171475848223], [318.998663622692, 142.82091546831802], [278.7215834482842, 235.97828524151777], [27.001336377308, 139.17908453168198]], '##커커4', 0.0007747190940778085), ([[1561.9970181379947, 212.18389794517094], [1901.0101256617124, 85.68987832445737], [1924.0029818620053, 179.81610205482906], [1585.9898743382876, 306.31012167554263]], '@뉴웨뉴커#', 0.006402055842761081), ([[1829.4764814450693, 2308.011425092087], [2225.8640723153053, 2464.1989480581583], [2183.523518554931, 2560.988574907913], [1787.135927684695, 2404.8010519418417]], '#너고투예((어', 0.0001051891572661312), ([[89.64001271996185, 2637.824020351939], [344.24774326772723, 2546.3528276824563], [372.3599872800382, 2642.175979648061], [117.75225673227278, 2733.6471723175437]], '@{뉴', 0.005823745838326582)]
[([[1523, 83], [1692, 83], [1692, 169], [1523, 169]], '시꺼', 0.001808051136564666), ([[73, 246], [712, 246], [712, 367], [73, 367]], '저도 사  계요', 0.11315131846808314), ([[2057, 252], [2172, 252], [2172, 332], [2057, 332]], '4-', 0.004021198941804272), ([[1881, 412], [1995, 412], [1995, 492], [1881, 492]], '#', 0.045113369352938415), ([[56, 524], [169, 524], [169, 614], [56, 614]], '@$', 0.0651879422460262), ([[13, 1133], [333, 1133], [333, 1222], [13, 1222]], ',시-6', 0.0031612846069037914), ([[1891, 1546], [2189, 1546], [2189, 1648], [1891, 1648]], '#,시(-', 0.0030619241415087905), ([[71, 1752], [286, 1752], [286, 1843], [71, 1843]], '#,,`', 0.00860291812568903), ([[1514, 1833], [1629, 1833], [1629, 1924], [1514, 1924]], '##', 0.5452907599809511), ([[547, 2034], [824, 2034], [824, 2127], [547, 2127]], '#사(66', 0.00502790583694668), ([[1651, 2135], [1768, 2135], [1768, 2221], [1651, 2221]], '얘', 0.1316532742008656), ([[323, 2366], [439, 2366], [439, 2452], [323, 2452]], '#구', 0.07447965067672252), ([[1889, 2555], [2007, 2555], [2007, 2639], [1889, 2639]], '# ', 0.011444778133716896), ([[815.1300007234295, 113.38100267668906], [980.4658342782992, 78.97649304318884], [993.8699992765705, 171.61899732331094], [828.5341657217008, 205.02350695681116]], '4물', 0.002329432616929204), ([[62.26066649625484, 77.02279723932838], [313.998653595317, 167.8202448899578], [274.7393335037452, 262.9772027606716], [23.001346404682995, 172.1797551100422]], '#>위', 0.03140222490437476), ([[1557.9605135488239, 240.19072180876682], [1898.1102884347501, 116.83537149248573], [1920.0394864511761, 208.80927819123318], [1579.8897115652499, 332.1646285075143]], '@#뉴웨커람#', 9.319846180585769e-05), ([[1822.4718778417791, 2338.0116270083886], [2223.8581607668466, 2494.1604285206563], [2181.528122158221, 2588.9883729916114], [1781.1418392331532, 2432.8395714793437]], '#-(어', 0.02466711588203907), ([[87.08065044950047, 2668.1613008990007], [339.43711963656807, 2573.9420249194095], [366.91934955049953, 2667.8386991009993], [114.56288036343194, 2762.0579750805905]], '@짧사뉴많', 0.000443573240453832)]
[([[116, 125], [898, 125], [898, 248], [116, 248]], '천천히 해화 알아지?', 0.6592096245528927), ([[120, 275], [1011, 275], [1011, 399], [120, 399]], '너무 바르면 네가 오히려', 0.9744012950703826), ([[115, 426], [550, 426], [550, 552], [115, 552]], '아플데나까', 0.8852898079089497), ([[735, 584], [1380, 584], [1380, 713], [735, 713]], '움직여도 되나요?', 0.9219538691597466), ([[117, 749], [612, 749], [612, 866], [117, 866]], '아아 - 그래!', 0.9741086276100649), ([[109, 894], [504, 894], [504, 1026], [109, 1026]], '시작하럼!', 0.31754602507782925), ([[494, 974], [785, 974], [785, 1066], [494, 1066]], '신이시여', 0.9889203310012817), ([[1028, 1121], [1081, 1121], [1081, 1183], [1028, 1183]], '좀', 0.9996277440388077), ([[24, 1212], [351, 1212], [351, 1276], [24, 1276]], '저게 우리가 가진', 0.8863820212425186), ([[24, 1288], [349, 1288], [349, 1355], [24, 1355]], '가장 근 굳동인데', 0.2544326535013434), ([[26, 1365], [214, 1365], [214, 1431], [26, 1431]], '절반도 채', 0.994591314300161), ([[24, 1441], [288, 1441], [288, 1508], [24, 1508]], '씌워지지 앞네', 0.7648260434975168), ([[26, 1520], [160, 1520], [160, 1582], [26, 1582]], '그녀의', 0.9921042583780445), ([[22, 1597], [279, 1597], [279, 1663], [22, 1663]], '생식기틀///', 0.20683338234425636), ([[842.7426694080676, 1147.3250759874297], [1035.2282197711381, 1126.5717586228316], [1038.2573305919325, 1196.6749240125703], [845.771780228862, 1216.4282413771684]], '나 기분이-', 0.8447654064120141), ([[1076.6138000549124, 1187.3641601757197], [1257.001447755256, 1163.1296344706968], [1262.3861999450876, 1234.6358398242803], [1081.998552244744, 1259.8703655293032]], '시작해어', 0.8310279250144958), ([[853.6895764455905, 1226.717068180299], [1084.2494651199622, 1192.616916277351], [1090.3104235544095, 1263.282931819701], [859.7505348800379, 1297.383083722649]], '이상해지기', 0.9996341117393716)]
[([[7, 5], [2186, 5], [2186, 242], [7, 242]], '@물커커커옷커야', 5.941624099844901e-05), ([[1407.531769975681, 1739.1090007251971], [1878.1571008481214, 1669.259965682695], [1893.468230024319, 1907.8909992748029], [1422.8428991518786, 1978.740034317305]], "료 '", 0.05922953777285493), ([[260.15841263680693, 2135.0147601489975], [676.9027593000831, 2279.8417373092475], [603.8415873631931, 2467.9852398510025], [186.09724069991697, 2324.1582626907525]], '9 (', 0.04069355780213578), ([[1580.0500158999523, 2471.2800254399235], [1874.9528087339045, 2390.9374196074905], [1901.9499841000477, 2512.7199745600765], [1607.0471912660955, 2594.0625803925095]], '자권홀', 0.0001522631064643109)]
[([[495, 522], [681, 522], [681, 654], [495, 654]], '벼 `', 0.041145768085781076), ([[499.80053053104257, 123.00132632760636], [773.3052766273684, 56.74223272435705], [794.1994694689574, 173.99867367239364], [520.6947233726316, 241.25776727564295]], '어 ;', 0.050261416531956066), ([[1482.117233412303, 245.02051836451676], [1668.8942834058348, 356.99848692734804], [1581.882766587697, 497.97948163548324], [1395.1057165941652, 386.00151307265196]], '벼', 0.16768749423896967), ([[1894.1631755810936, 546.0250322042617], [2049.9905082764935, 639.4845602213924], [1987.8368244189064, 740.9749677957383], [1832.0094917235067, 647.5154397786076]], '"4', 0.026350282278018226), ([[1548.1017854857935, 596.0237456814976], [1744.7666961545112, 685.1932402913153], [1680.8982145142065, 818.9762543185024], [1484.2333038454888, 728.8067597086847]], '시', 0.039346445670258356), ([[17.316718427000254, 954.2419513485014], [181.65716016395396, 912.5222276739892], [204.68328157299973, 1038.7580486514987], [40.34283983604604, 1080.4777723260108]], '새', 0.9976581948251351)]
[([[488, 514], [688, 514], [688, 663], [488, 663]], '서 `', 0.14438408613204956), ([[499.97429288967584, 120.93316151315716], [772.2645966856522, 54.68682602674572], [793.0257071103242, 173.06683848684284], [520.7354033143478, 240.31317397325427]], '터', 0.00632815595893238), ([[1486.1213115334972, 246.0203291235376], [1669.9557399122236, 363.7038810316428], [1581.8786884665028, 499.97967087646236], [1398.0442600877764, 382.2961189683572]], '무', 0.05582912998100675), ([[1895.168139040221, 545.0247358757125], [2050.9810498302377, 637.2718203213418], [1986.831860959779, 740.9752641242875], [1831.0189501697623, 648.7281796786582]], '"4', 0.034086106115214024), ([[1547.0970211931326, 596.0239984308922], [1744.7420624568977, 684.049856835789], [1681.9029788068674, 817.9760015691078], [1484.2579375431023, 729.950143164211]], '시', 0.04659573656307092), ([[19.254374108065424, 959.2718705403271], [181.08014088453348, 916.3439668958367], [203.74562589193457, 1036.7281294596728], [41.919859115466515, 1079.6560331041633]], '새', 0.9981030885328437)]
[([[53, 226], [766, 226], [766, 349], [53, 349]], '선생님 `요?', 0.4464877314074215), ([[498, 525], [680, 525], [680, 653], [498, 653]], ' `', 0.3550315201282501), ([[506.7019610810814, 118.67607935135229], [774.443135553448, 59.93435379492656], [792.2980389189186, 176.32392064864771], [524.556864446552, 236.06564620507345]], '1커', 0.00511204447192123), ([[1496.1639114537013, 241.01748374346343], [1677.9479467017868, 387.55797975649733], [1570.8360885462987, 519.9825162565365], [1389.0520532982132, 372.44202024350267]], "무'", 0.016882698415856826), ([[1892.1530691543735, 548.0256410471633], [2048.967344528257, 637.0443395849087], [1987.8469308456265, 740.9743589528367], [1831.032655471743, 651.9556604150913]], '"4', 0.03120379125456787), ([[1547.0774484158737, 601.0250508520754], [1742.784616311704, 689.3024723784762], [1680.9225515841263, 818.9749491479246], [1485.215383688296, 730.6975276215238]], '새', 0.047311351994144824), ([[17.254374108065424, 957.2718705403271], [181.01334948635704, 912.2874124957232], [204.74562589193457, 1034.7281294596728], [40.98665051364297, 1078.7125875042768]], '새', 0.9897506760633554)]
[([[281, 4], [427, 4], [427, 119], [281, 119]], '아!', 0.8589176013894966), ([[60, 120], [700, 120], [700, 249], [60, 249]], '콤통올 가바하다', 0.010491672316817831), ([[1604.221825406948, 181.22182540694797], [2013.2207052786598, 114.93340638780116], [2024.778174593052, 206.77817459305203], [1615.7792947213402, 273.06659361219886]], '@많뉴커{커#', 0.00025515798352102726), ([[124.37600640946422, 239.01771280657027], [504.98254001509866, 348.38047210171237], [473.6239935905358, 436.9822871934297], [93.01745998490134, 327.61952789828763]], '#권맑운#', 0.00023510376911784432), ([[1467.1869092160034, 327.1270554336241], [1545.7054806231554, 270.01915653394], [1640.8130907839966, 423.8729445663759], [1562.2945193768446, 479.98084346606]], '9', 0.3451003359552942), ([[1892.0870614432417, 547.0278076691627], [2049.908256020104, 632.3435271088773], [1989.9129385567583, 740.9721923308373], [1831.0917439798957, 656.6564728911227]], '44', 0.04801773884379272), ([[20.144640442431985, 959.2942741236735], [179.99227798529907, 915.2697187066179], [203.85535955756802, 1034.7057258763264], [43.007722014700924, 1078.7302812933822]], '새', 0.9900191974486496)]
[([[126, 213], [402, 213], [402, 328], [126, 328]], '에혜혜', 0.3558985593655868), ([[1622, 328], [2116, 328], [2116, 511], [1622, 511]], '나한테 더어', 0.4458051960855507), ([[220, 441], [409, 441], [409, 555], [220, 555]], '혜혜', 0.7038560257495163), ([[1615, 494], [2110, 494], [2110, 664], [1615, 664]], '니 정액 조오', 0.5864695369029134), ([[102, 719], [304, 719], [304, 844], [102, 844]], '하룻', 0.45784603559039677), ([[498.9809298745071, 125.35995273646498], [771.1349179565143, 53.513917152083856], [795.0190701254928, 171.64004726353502], [521.8650820434857, 243.48608284791615]], '터이', 0.004339071650424886), ([[1663.9590124015283, 130.0319021449124], [2019.599593892955, 185.3321010661459], [1989.0409875984717, 326.9680978550876], [1633.400406107045, 270.6678989338541]], '좀더어어', 0.10461800545454025), ([[1500.2182845976922, 277.0235243216891], [1647.9516516324861, 379.8798571561093], [1584.7817154023078, 468.9764756783109], [1437.0483483675139, 366.1201428438907]], '91', 0.1031129832749812), ([[1795.9343979203602, 743.0406127567193], [1986.274707675985, 785.5522886652628], [1956.0656020796398, 901.9593872432807], [1765.725292324015, 859.4477113347372]], '에헤', 0.7376811246528511), ([[20.08649297749198, 960.3065169942123], [180.95517748000302, 915.2387363055426], [205.913507022508, 1034.6934830057876], [44.04482251999699, 1079.7612636944575]], '새', 0.995257411198569)]
[]
[([[386, 62], [558, 62], [558, 153], [386, 153]], '(0', 0.6688965094268784), ([[849, 39], [991, 39], [991, 165], [849, 165]], '17+', 0.13687100963343135), ([[56, 204], [146, 204], [146, 308], [56, 308]], '11', 0.5095191391945559), ([[215, 239], [352, 239], [352, 367], [215, 367]], '0@', 0.23337189854063595), ([[598, 206], [774, 206], [774, 332], [598, 332]], '6;+', 0.05780694359399598), ([[964, 332], [1245, 332], [1245, 455], [964, 455]], '가0 (0머', 0.008338448593655188), ([[840, 399], [946, 399], [946, 474], [840, 474]], "이''", 0.08772716671228409), ([[523, 796], [686, 796], [686, 860], [523, 860]], '9_긋', 0.009360440985576094), ([[61.823035301447256, 29.05338831591985], [260.25538954873184, 58.66347754429489], [239.17696469855275, 164.94661168408015], [40.74461045126817, 136.3365224557051]], '성사', 0.0266143586772371), ([[622.2788511321733, 84.12407281199573], [812.1658286017985, 71.62379981188975], [812.7211488678267, 176.87592718800425], [622.8341713982015, 190.37620018811026]], '7어감', 0.09589296169869878), ([[53.564083682764526, 1112.2666175751879], [118.2274512806138, 1105.637044598122], [120.43591631723548, 1145.7333824248121], [55.77254871938619, 1151.362955401878]], '베)이', 0.00011591620287945444)]
[]
[]
[([[84, 77], [426, 77], [426, 199], [84, 199]], '20 분 뒤', 0.6468764556016324), ([[1154, 189], [1347, 189], [1347, 244], [1154, 244]], '0 0 0', 0.7831600401564555), ([[208, 298], [507, 298], [507, 399], [208, 399]], '오-오오', 0.695988934454951), ([[203, 440], [691, 440], [691, 561], [203, 561]], '그래 잘하네.', 0.879168929994937), ([[196, 588], [507, 588], [507, 714], [196, 714]], '천천히.', 0.5462430841807976), ([[199, 739], [831, 739], [831, 862], [199, 862]], '전부 다 나오도록', 0.9927991080598247), ([[105, 998], [338, 998], [338, 1082], [105, 1082]], '사정하다]', 0.5262305828634949), ([[112, 1079], [294, 1079], [294, 1157], [112, 1157]], '드디어!', 0.802486002445221), ([[870, 1102], [1338, 1102], [1338, 1195], [870, 1195]], '저게 내 안으로 들어오면', 0.5489537105570752), ([[94, 1196], [279, 1196], [279, 1260], [94, 1260]], '정액 양이', 0.9968425325593415), ([[877, 1187], [1192, 1187], [1192, 1271], [877, 1271]], '기분이 , 어떻까', 0.37443804499963135), ([[91, 1267], [245, 1267], [245, 1341], [91, 1341]], '엄청나!', 0.9822386503219604), ([[69, 1401], [288, 1401], [288, 1467], [69, 1467]], '콤듬올 거의', 0.06430870601787926), ([[69, 1475], [389, 1475], [389, 1544], [69, 1544]], '뚫어버길 기세야', 0.3016831672750793)]
[]
[([[181, 417], [700, 417], [700, 545], [181, 545]], '그대로 있으럼', 0.24875518408281821), ([[179, 568], [898, 568], [898, 697], [179, 697]], '내가 빗겨줄 테니까', 0.8064045771440175), ([[38, 967], [281, 967], [281, 1060], [38, 1060]], '어떻게.', 0.3555130362510681), ([[40, 1075], [495, 1075], [495, 1143], [40, 1143]], '사정올 약 $분동안 하지', 0.6301449252510176), ([[24, 1473], [407, 1473], [407, 1539], [24, 1539]], '만약 이게 내 안으로', 0.9876086639484942), ([[24, 1547], [241, 1547], [241, 1616], [24, 1616]], '들어온다면', 0.988040734840973), ([[24, 1628], [250, 1628], [250, 1692], [24, 1692]], '무조건 임신', 0.9996247435989742), ([[24, 1700], [216, 1700], [216, 1773], [24, 1773]], '당할거야', 0.7169992327690125), ([[837.4222912360003, 1101.8445824720006], [1200.3788064995206, 1024.9091724987259], [1209.5777087639997, 1096.1554175279994], [846.6211935004794, 1173.0908275012741]], '내가 무슨 생각을!!', 0.4914089740856417), ([[853.4461446358476, 1180.4123012450934], [1156.2629018911434, 1114.6458598539082], [1169.5538553641522, 1182.5876987549066], [866.7370981088565, 1248.3541401460918]], '난 선생님이야!!', 0.4686141753053641), ([[1003.8101911086844, 1226.663439549974], [1124.0167694794914, 1197.727573136528], [1136.1898088913156, 1264.336560450026], [1014.9832305205085, 1293.272426863472]], '안돼!', 0.756215393088249), ([[876.9127277988578, 1246.2770928557738], [1012.6301323737559, 1228.523243952763], [1018.0872722011422, 1298.7229071442262], [882.3698676262441, 1316.476756047237]], '그러면', 0.9984863363561954)]
[([[66, 55], [1148, 55], [1148, 200], [66, 200]], '혹시 한 번 더 가능함까요?', 0.6987615817651036), ([[1793, 207], [1946, 207], [1946, 323], [1793, 323]], '에!', 0.9672495603283108), ([[61, 355], [1003, 355], [1003, 494], [61, 494]], '저건 별로없어오 그추다', 0.11232122009593153), ([[63, 522], [794, 522], [794, 656], [63, 656]], '결과물이 벼 수', 0.3020497586900359), ([[1573, 596], [2281, 596], [2281, 735], [1573, 735]], '하지만 내 생각엔', 0.7926122393648577), ([[49, 747], [917, 747], [917, 884], [49, 884]], '전디 " 발 수있어요', 0.11668699900353466), ([[1572, 762], [2225, 762], [2225, 899], [1572, 899]], '|분해 보이논데', 0.3624235793179282), ([[49, 916], [607, 916], [607, 1050], [49, 1050]], '다1 선생님의', 0.15395056325166176), ([[43, 1080], [704, 1080], [704, 1218], [43, 1218]], '덮움이 필요해요', 0.08085692551705075), ([[59, 1312], [293, 1312], [293, 1416], [59, 1416]], '괜찮아', 0.9978359579804756), ([[1739, 1370], [2056, 1370], [2056, 1482], [1739, 1482]], '그  래', 0.25554224848747253), ([[63, 1435], [517, 1435], [517, 1545], [63, 1545]], '난 할 수 있어!', 0.9548477573037143), ([[37, 1612], [419, 1612], [419, 1715], [37, 1715]], '내 학생에게', 0.7255964459553627), ([[34, 1742], [496, 1742], [496, 1844], [34, 1844]], '도움이 되야|', 0.15122466216475153), ([[32, 1915], [402, 1915], [402, 2018], [32, 2018]], '난 프로니까', 0.9955201759624449)]
[([[42.58001483995548, 1523.1280237439287], [386.0296793370696, 1446.8385186555238], [405.4199851600445, 1562.8719762560713], [62.970320662930405, 1639.1614813444762]], '나는 선생-', 0.778074956302322)]
[]
[([[218, 147], [977, 147], [977, 282], [218, 282]], '그럼 시작 할까요?', 0.8210545118177662)]
