2591249
12
[]
[([[1172, 122], [1224, 122], [1224, 154], [1172, 154]], '나: .', 0.33654913306236267), ([[1155, 167], [1241, 167], [1241, 203], [1155, 203]], '이제 쌀', 0.9998770082886219), ([[1159, 213], [1239, 213], [1239, 249], [1159, 249]], '거같아', 0.9973841256915729), ([[74, 290], [196, 290], [196, 458], [74, 458]], '1', 0.00320883058018695), ([[1058, 446], [1110, 446], [1110, 478], [1058, 478]], '전부', 0.9999763135533013), ([[50, 430], [194, 430], [194, 558], [50, 558]], '(', 0.3829878549854726), ([[1057, 489], [1113, 489], [1113, 525], [1057, 525]], '안에', 0.9960525361296787), ([[1046, 536], [1120, 536], [1120, 568], [1046, 568]], '싸취요', 0.8027631961143524), ([[63, 919], [133, 919], [133, 955], [63, 955]], '선배 ..', 0.3779100872419892), ([[63, 965], [139, 965], [139, 1001], [63, 1001]], '굉장해', 0.9996414965009119), ([[617.5326739962426, 515.0182271519045], [660.3696667518726, 498.0113986196642], [720.4673260037574, 654.9817728480955], [677.6303332481274, 671.9886013803358]], '척', 0.015583239496461732), ([[71.58652203471898, 558.0122223867508], [123.44166774217065, 569.9045161674809], [85.41347796528102, 740.9877776132492], [33.55833225782934, 729.0954838325191]], '%', 0.07080057635642234), ([[1039.3314774642874, 869.0111761821951], [1180.9223227027637, 841.3883864861816], [1244.6685225357126, 1207.9888238178048], [1102.0776772972363, 1235.6116135138184]], '물', 0.20581597769155113)]
[([[953, 113], [1103, 113], [1103, 157], [953, 157]], '설마 정신올', 0.9522290067204896), ([[951, 165], [1101, 165], [1101, 209], [951, 209]], '읽울줄이야.', 0.16444971124737723), ([[965, 221], [1089, 221], [1089, 261], [965, 261]], '역시 너무', 0.6760292820837815), ([[955, 273], [1103, 273], [1103, 315], [955, 315]], '피곤햇던가', 0.38844774289001854), ([[837, 855], [937, 855], [937, 893], [837, 893]], '푹 쉬어', 0.6408612113846521), ([[871, 909], [907, 909], [907, 947], [871, 947]], '진', 0.9996342993400162), ([[966, 1030], [1038, 1030], [1038, 1134], [966, 1134]], ')', 0.11616039498096953)]
[([[582, 118], [724, 118], [724, 198], [582, 198]], '후기', 0.9980101068439813), ([[735, 663], [757, 663], [757, 675], [735, 675]], '해문', 0.014528136007383289), ([[723, 671], [771, 671], [771, 689], [723, 689]], '진간자', 0.8304243703167883)]
[([[342, 150], [474, 150], [474, 198], [342, 198]], '어비스의', 0.3909423351287842), ([[294, 202], [524, 202], [524, 250], [294, 250]], '마술사소차모666', 0.011920885674568749), ([[1127, 297], [1257, 297], [1257, 341], [1127, 341]], '끊일이다', 0.5192596316337585), ([[922, 359], [1124, 359], [1124, 407], [922, 407]], '벌써 며칠연속', 0.99395983351744), ([[936, 408], [1108, 408], [1108, 460], [936, 460]], '밤울 새위서', 0.8635616252514544), ([[936, 464], [1108, 464], [1108, 512], [936, 512]], '조금 체력이', 0.9887832650224482), ([[941, 519], [1105, 519], [1105, 563], [941, 563]], '떨어적어..', 0.18698782710949033), ([[181, 581], [287, 581], [287, 621], [181, 621]], '선배? !', 0.9124317835855706)]
[([[86, 440], [116, 440], [116, 466], [86, 466]], '죄.', 0.4521719865099519), ([[1114, 426], [1196, 426], [1196, 456], [1114, 456]], '무.적군', 0.09192346036434174), ([[68, 476], [150, 476], [150, 508], [68, 508]], '죄송해요', 0.6225310016064345)]
[([[433, 153], [611, 153], [611, 189], [433, 189]], '거리로 돌아가면', 0.9976695206511202), ([[433, 197], [613, 197], [613, 235], [433, 235]], '위험활지도 몰라', 0.5838604984298472), ([[1095, 195], [1203, 195], [1203, 233], [1095, 233]], '오늘은 좀', 0.9993364247868467), ([[455, 243], [589, 243], [589, 279], [455, 279]], '내 숙소에서', 0.7330382515424457), ([[1109, 243], [1187, 243], [1187, 279], [1109, 279]], '늦없어', 0.9919695735344713), ([[24, 304], [74, 304], [74, 336], [24, 336]], '네.', 0.9785762387440077), ([[455, 289], [589, 289], [589, 325], [455, 325]], '하룻밤 지내', 0.7735908170520349), ([[25, 357], [85, 357], [85, 393], [25, 393]], '선배', 0.999830742452106), ([[849, 471], [987, 471], [987, 507], [849, 507]], '미안 요 며칠', 0.794095156591685), ([[417, 489], [655, 489], [655, 525], [417, 525]], '다른 게스트 홍은 전부', 0.3098889629668883), ([[839, 517], [995, 517], [995, 553], [839, 553]], '때마침 창고의', 0.9980397125593764), ([[429, 531], [641, 531], [641, 572], [429, 572]], '술통올 농는데 섞어', 0.11691105700927101), ([[827, 559], [1007, 559], [1007, 600], [827, 600]], '공간이 부족해서', 0.998204257221279), ([[406, 840], [436, 840], [436, 870], [406, 870]], '약', 0.999985933353301), ([[371, 885], [471, 885], [471, 921], [371, 921]], '가져앉어', 0.6144692301750183), ([[368, 932], [476, 932], [476, 964], [368, 964]], '거기 앉아', 0.9986480202511225), ([[1, 993], [109, 993], [109, 1029], [1, 1029]], '상처 치료', 0.9996594640479137), ([[1149, 1017], [1257, 1017], [1257, 1053], [1149, 1053]], '내 방에서', 0.9401234529308857), ([[15, 1039], [97, 1039], [97, 1075], [15, 1075]], '해줄게', 0.6260285878932672), ([[1135, 1061], [1269, 1061], [1269, 1097], [1135, 1097]], '하룻밤 참고', 0.8884008667647235), ([[1150, 1108], [1256, 1108], [1256, 1140], [1150, 1140]], '지내는 수', 0.9519577794905401), ([[1137, 1151], [1271, 1151], [1271, 1189], [1137, 1189]], '밖에 없젯네', 0.4484585943968948)]
[([[1155, 231], [1265, 231], [1265, 267], [1155, 267]], '내가 있는', 0.42857921234374147), ([[1171, 277], [1249, 277], [1249, 315], [1171, 315]], '곳에서', 0.5563214917142589), ([[1172, 324], [1248, 324], [1248, 356], [1172, 356]], '제대로', 0.9999905020849161), ([[640, 366], [741, 366], [741, 406], [640, 406]], '기사단의', 0.9996321797370911), ([[1155, 367], [1267, 367], [1267, 403], [1155, 403]], '하루 쉬자', 0.9534540662675353), ([[625, 411], [757, 411], [757, 449], [625, 449]], '사소한 일은', 0.9079749490151322), ([[630, 460], [754, 460], [754, 492], [630, 492]], '테이아에게', 0.27837548474646123), ([[21, 479], [83, 479], [83, 515], [21, 515]], '선배..', 0.2804821516673958), ([[637, 505], [745, 505], [745, 541], [637, 541]], '맡기면 돼', 0.8107972505460469), ([[713, 1047], [757, 1047], [757, 1085], [713, 1085]], '응?', 0.9983079707284602)]
[([[140, 196], [190, 196], [190, 254], [140, 254]], '0', 0.6752849894070359), ([[1146, 792], [1202, 792], [1202, 824], [1146, 824]], '선배.', 0.9494309228273461), ([[1145, 835], [1199, 835], [1199, 871], [1145, 871]], '줄곧', 0.6880010097583419), ([[1121, 881], [1243, 881], [1243, 917], [1121, 917]], '좋아랫어요', 0.24838383497393487), ([[511, 1091], [551, 1091], [551, 1135], [511, 1135]], '진', 0.9997273869368009), ([[532, 1498], [570, 1498], [570, 1530], [532, 1530]], '하', 0.982672382275334)]
[([[197, 97], [233, 97], [233, 141], [197, 141]], '옷', 0.5148388829395714), ([[55, 117], [121, 117], [121, 179], [55, 179]], '하', 0.8522095595481005), ([[1119, 481], [1209, 481], [1209, 523], [1119, 523]], '선배률', 0.3988772734500137), ([[699, 535], [801, 535], [801, 577], [699, 577]], '선배 것.', 0.9887526721050626), ([[1131, 533], [1221, 533], [1221, 573], [1131, 573]], '원해요', 0.9999363366697512), ([[713, 586], [806, 586], [806, 631], [713, 631]], '굉장해', 0.9995341346270264), ([[1172, 834], [1222, 834], [1222, 882], [1172, 882]], '하', 0.9999184625081057), ([[125, 1343], [169, 1343], [169, 1385], [125, 1385]], '하', 0.9946695265429675), ([[127, 1381], [169, 1381], [169, 1431], [127, 1431]], '앗', 0.0907187664997231), ([[139, 1435], [155, 1435], [155, 1459], [139, 1459]], '?', 0.27739677473380553), ([[1198.3083654718955, 1515.0342522526628], [1252.441865985058, 1543.5970357029985], [1185.6916345281045, 1669.9657477473372], [1131.558134014942, 1641.4029642970015]], '0', 0.18221918287537964)]
[([[469, 57], [553, 57], [553, 165], [469, 165]], '{', 0.35764084443195543), ([[415, 409], [513, 409], [513, 451], [415, 451]], '선배와.', 0.9513087868690491), ([[1091, 403], [1141, 403], [1141, 447], [1091, 447]], '하', 0.9828204301436507), ([[424, 460], [519, 460], [519, 503], [424, 503]], '하나가', 0.9999918097681595), ([[431, 515], [511, 515], [511, 557], [431, 557]], '뒷어~', 0.16440944384021156), ([[399, 897], [461, 897], [461, 935], [399, 935]], '기분', 0.999621120857644), ([[377, 947], [483, 947], [483, 989], [377, 989]], '좋아요?', 0.9991902112960815), ([[399, 1001], [461, 1001], [461, 1041], [399, 1041]], '선배', 0.9995708034766356), ([[51, 1229], [169, 1229], [169, 1271], [51, 1271]], '기분좋아', 0.934348464012146), ([[86, 1430], [158, 1430], [158, 1518], [86, 1518]], '(@', 0.1578651365504358)]
[([[1095, 179], [1203, 179], [1203, 215], [1095, 215]], '저도 엄청', 0.9613681436924585), ([[1087, 223], [1211, 223], [1211, 261], [1087, 261]], '기분좋아요', 0.9538852797195132), ([[72, 260], [154, 260], [154, 292], [72, 292]], '이 체위', 0.9671075286774131), ([[1085, 269], [1215, 269], [1215, 305], [1085, 305]], '선배틀 정말', 0.5924792996789171), ([[47, 303], [173, 303], [173, 341], [47, 341]], '기분좋아요', 0.9786085657537473), ([[1088, 311], [1193, 311], [1193, 351], [1088, 351]], '좋아해요', 0.997708261013031), ([[45, 349], [171, 349], [171, 385], [45, 385]], '잠깐, 숨이.', 0.5009539688450338), ([[81, 581], [145, 581], [145, 643], [81, 643]], '하', 0.9989943649674302)]
