2591211
13
[([[284, 2212], [328, 2212], [328, 2242], [284, 2242]], '뜯,리', 0.0004298397737363873), ([[204.60276070150212, 2211.345245332854], [280.67548172717284, 2204.642871587666], [282.3972392984979, 2235.654754667146], [206.32451827282716, 2242.357128412334]], '@~진?', 0.005437582731246948)]
[([[1044, 1495], [1159, 1495], [1159, 1584], [1044, 1584]], '(옷차', 0.9331797531379112), ([[286.5423179851475, 58.00873121086511], [372.8776432789708, 39.0321371049432], [434.4576820148525, 343.9912687891349], [349.1223567210292, 362.9678628950568]], '용', 0.20894005942964), ([[156.53225260250483, 936.0045585084971], [324.66941597613487, 899.0581318544557], [447.4677473974952, 1496.9954414915028], [280.33058402386513, 1534.9418681455443]], '묵', 0.016432980675157305)]
[]
[]
[([[1150, 2846], [1230, 2846], [1230, 2877], [1150, 2877]], '@식어3', 0.0027171988040208817), ([[1237, 2855], [1280, 2855], [1280, 2879], [1237, 2879]], '6%', 0.12312032286154719)]
[([[491, 812], [576, 812], [576, 849], [491, 849]], '베에;', 0.1789242267106663), ([[647, 1312], [837, 1312], [837, 1449], [647, 1449]], '방물', 0.023712562060899403), ([[1152, 1339], [1278, 1339], [1278, 1417], [1152, 1417]], '질 ', 0.3091456231817635), ([[933, 1485], [1037, 1485], [1037, 1575], [933, 1575]], '방', 0.23560169455871804), ([[1405, 2074], [1512, 2074], [1512, 2103], [1405, 2103]], '@.9,5_("9', 0.002414095174987023), ([[1106.5296973673978, 1161.0370934146067], [1129.5633274219038, 1159.0533642546573], [1137.4703026326022, 1229.9629065853933], [1115.4366725780962, 1232.9466357453427]], '풀', 0.3552022354353177), ([[1074.422756617837, 1195.0560587509685], [1097.442855686758, 1187.0328668987208], [1117.577243382163, 1251.9439412490315], [1094.557144313242, 1259.9671331012792]], '푹', 0.23699006831159242), ([[1363.211611173429, 1218.1236004486893], [1439.7416472770008, 1166.0211726524883], [1527.788388826571, 1315.8763995513107], [1451.2583527229992, 1366.9788273475117]], '밭', 0.5703798398840831)]
[([[684, 0], [906, 0], [906, 222], [684, 222]], '사', 0.23402843692024167), ([[1136, 212], [1235, 212], [1235, 454], [1136, 454]], '불', 0.9977333291732329), ([[498.29072266128935, 223.04207035483034], [538.5243024862891, 208.02295165630466], [575.7092773387106, 318.95792964516966], [535.4756975137109, 333.97704834369534]], '듯', 0.04739191655434993)]
[([[205, 2209], [329, 2209], [329, 2242], [205, 2242]], '@설)탁?_름사', 5.761679697309315e-05)]
[([[1405, 2074], [1512, 2074], [1512, 2103], [1405, 2103]], '@.9,5_초"9', 0.0012848295576551815)]
[([[679, 0], [943, 0], [943, 227], [679, 227]], '사', 0.1785243439133275)]
[([[1787, 4745], [2018, 4745], [2018, 4834], [1787, 4834]], '아마:_;0양', 0.00018156385714053835)]
[]
[([[1017, 515], [1121, 515], [1121, 575], [1017, 575]], '에에', 0.9960940450610675), ([[1039, 1146], [1177, 1146], [1177, 1232], [1039, 1232]], '뭐해?', 0.3267136534469792), ([[1035, 1229], [1169, 1229], [1169, 1297], [1035, 1297]], '가만히', 0.9992481191244748), ([[1039, 1297], [1167, 1297], [1167, 1363], [1039, 1363]], '앉아서', 0.9136031838852138)]
