2594314
15
[([[225, 574], [1035, 574], [1035, 683], [225, 683]], '쓸레미오가} 정자} 큰일 뿐', 0.03635022343488014), ([[889, 725], [1151, 725], [1151, 793], [889, 793]], '애전 애혼가', 0.2515391370405922), ([[890, 778], [1152, 778], [1152, 850], [890, 850]], '절찬 모집중', 0.5992843289188702), ([[890, 1088], [1149, 1088], [1149, 1162], [890, 1162]], '수간 떼스트', 0.4239238023948821), ([[947, 1149], [1097, 1149], [1097, 1213], [947, 1213]], '저장소', 0.9999765305361424)]
[([[946, 28], [1020, 28], [1020, 219], [946, 219]], '흐', 0.5658164185803152), ([[56, 614], [227, 614], [227, 711], [56, 711]], '(진짜로', 0.11640755832195282), ([[319, 749], [363, 749], [363, 843], [319, 843]], '후', 0.3560065200370879), ([[194, 1356], [335, 1356], [335, 1660], [194, 1660]], '형', 0.1691359469612843), ([[888, 1480], [990, 1480], [990, 1560], [888, 1560]], '뜨?', 0.002677827055255133), ([[1168, 1492], [1280, 1492], [1280, 1686], [1168, 1686]], '릇', 0.11527092130063554), ([[1015, 1563], [1147, 1563], [1147, 1745], [1015, 1745]], '취', 0.06964485211128224), ([[83.42594408943397, 64.02062284313216], [142.26772719608164, 53.10108439364522], [172.57405591056605, 218.97937715686783], [113.73227280391836, 230.89891560635476]], '층', 0.08641823167476392), ([[1063.9745072926244, 276.0527207384572], [1221.5394467281342, 306.00017398486347], [1201.0254927073756, 392.9472792615428], [1043.4605532718658, 361.99982601513653]], "'좋아해", 0.6469775438308716), ([[1005.9780847968506, 1305.0435921231513], [1194.5630818248362, 1345.7913961428465], [1169.0219152031495, 1445.9564078768487], [980.4369181751637, 1405.2086038571535]], '사랑해 ', 0.6794938445091248), ([[27.343446177384667, 1321.0154035782934], [127.16017919326129, 1304.361331902767], [164.65655382261534, 1561.9845964217066], [63.83982080673872, 1577.638668097233]], '@', 0.7988415039741916)]
[([[994.2755736192053, 413.0087478350968], [1209.3543630474392, 522.9639071323888], [1021.7244263807947, 886.9912521649031], [807.6456369525608, 777.0360928676112]], '%', 0.013582820193991874), ([[165.6547419464133, 575.2558226516865], [386.0154145908591, 497.57095194510117], [435.3452580535867, 683.7441773483135], [213.98458540914086, 761.4290480548988]], "'03", 0.0700049163180747)]
[([[633, 43], [679, 43], [679, 81], [633, 81]], '"1', 0.058578853627823085), ([[224, 444], [300, 444], [300, 610], [224, 610]], '푹', 0.18676050542885125), ([[111, 563], [199, 563], [199, 693], [111, 693]], '푹', 0.7949236924033052), ([[645, 861], [1005, 861], [1005, 1006], [645, 1006]], '[심', 0.0008911166359945988), ([[1234, 1180], [1280, 1180], [1280, 1230], [1234, 1230]], '하', 0.9858131536869372), ([[1240, 1224], [1272, 1224], [1272, 1258], [1240, 1258]], '아', 0.9980359194224206), ([[424, 1382], [472, 1382], [472, 1462], [424, 1462]], '향', 0.1928637473924688)]
[([[512, 116], [582, 116], [582, 164], [512, 164]], "'원데", 0.5036841912405181), ([[953, 631], [1097, 631], [1097, 697], [953, 697]], '그 표정', 0.9989163279533386), ([[888, 860], [1150, 860], [1150, 1082], [888, 1082]], '오올', 0.19793114815260207), ([[907, 1041], [1023, 1041], [1023, 1153], [907, 1153]], '뺨', 0.27267602031338356), ([[572, 1304], [654, 1304], [654, 1376], [572, 1376]], '0 "', 0.5539051993201538), ([[1006, 1324], [1038, 1324], [1038, 1360], [1006, 1360]], '지', 0.9991170925504775), ([[1217, 1317], [1253, 1317], [1253, 1365], [1217, 1365]], '앗', 0.30915263023235084), ([[311, 1351], [421, 1351], [421, 1411], [311, 1411]], '무조건', 0.9998477595125737), ([[980, 1362], [1082, 1362], [1082, 1410], [980, 1410]], '지금 또', 0.7375512575063262), ([[1146, 1364], [1212, 1364], [1212, 1418], [1146, 1418]], '잠깐', 0.9999302898242429), ([[972, 1402], [1090, 1402], [1090, 1452], [972, 1452]], '해버리면', 0.9818311906845401), ([[1136, 1408], [1202, 1408], [1202, 1456], [1136, 1456]], '바보:', 0.9514410006312546), ([[97, 1425], [163, 1425], [163, 1505], [97, 1505]], '또', 0.9998322795627281), ([[237, 1451], [319, 1451], [319, 1511], [237, 1511]], '지각', 0.9997424924675699), ([[58, 1504], [202, 1504], [202, 1602], [58, 1602]], '햇다;', 0.18144133659734382), ([[221, 1501], [335, 1501], [335, 1563], [221, 1563]], '한다구', 0.9993810778063726), ([[663, 1711], [1022, 1711], [1022, 1798], [663, 1798]], '이 힘만 뻔 바보가-~4', 0.16570999100296532)]
[([[588, 874], [650, 874], [650, 898], [588, 898]], '하7이', 0.01644043475915801)]
[([[573, 103], [709, 103], [709, 189], [573, 189]], '후기', 0.9992750668977641), ([[291, 459], [989, 459], [989, 591], [291, 591]], '바보도 알수 핑게', 0.24468897998944672), ([[588, 872], [652, 872], [652, 900], [588, 900]], '모', 0.014237199627618935)]
[([[91, 577], [1141, 577], [1141, 685], [91, 685]], '5 0 3군 $@물우오엿@ $ 8 촬예', 0.0007605863919871778)]
[([[1092, 638], [1158, 638], [1158, 690], [1092, 690]], '덥네:', 0.9428133574473103), ([[1041, 1238], [1165, 1238], [1165, 1293], [1041, 1293]], '(체력바보', 0.9488092350305621), ([[558, 1360], [646, 1360], [646, 1410], [558, 1410]], '적당히', 0.9998294523213613), ([[558, 1402], [630, 1402], [630, 1450], [558, 1450]], '칸 걸', 0.40445446968078613), ([[476, 1490], [566, 1490], [566, 1542], [476, 1542]], '모르다', 0.6455359373543026), ([[479, 1535], [543, 1535], [543, 1579], [479, 1579]], '니까', 0.5807037776799789), ([[1069.270698988171, 49.029597554504846], [1133.62015168967, 34.147028267160266], [1165.729301011829, 189.97040244549515], [1102.37984831033, 204.85297173283973]], '벽', 0.3154228457626438)]
[([[342, 130], [440, 130], [440, 180], [342, 180]], '"깨어', 0.9181349277496338), ([[558, 128], [684, 128], [684, 184], [558, 184]], '일어나석', 0.3660815954208374), ([[162, 152], [232, 152], [232, 208], [162, 208]], '방금', 0.9999452095365782), ([[329, 171], [457, 171], [457, 231], [329, 231]], '있엇거든', 0.32541316747665405), ([[576, 174], [666, 174], [666, 226], [576, 226]], '어요?', 0.9957735911944168), ([[96, 336], [124, 336], [124, 378], [96, 378]], '응', 0.9991393749687383), ([[1189, 529], [1277, 529], [1277, 573], [1189, 573]], '미안 ', 0.43665048650499794), ([[1043, 779], [1189, 779], [1189, 841], [1043, 841]], '슬레타"', 0.6392313838005066), ([[1047, 831], [1187, 831], [1187, 893], [1047, 893]], '괜찮아?', 0.9928386211395264), ([[503, 955], [565, 955], [565, 999], [503, 999]], '아니', 0.997226684965929), ([[394, 990], [506, 990], [506, 1038], [394, 1038]], '(아무것도', 0.5093648022943789), ([[421, 1031], [483, 1031], [483, 1075], [421, 1075]], '아냐', 0.9997268993455043), ([[637, 1037], [657, 1037], [657, 1077], [637, 1077]], '특', 0.8546498640748759), ([[845, 1017], [887, 1017], [887, 1067], [845, 1067]], '특', 0.8645251097264897), ([[934, 1004], [1040, 1004], [1040, 1054], [934, 1054]], '[뭐가요기', 0.2610817573913224), ([[1162, 1310], [1236, 1310], [1236, 1366], [1162, 1366]], '저기', 0.9999056766560054), ([[1062, 1476], [1202, 1476], [1202, 1538], [1062, 1538]], '미오리네', 0.9923162460327148), ([[1111, 1531], [1151, 1531], [1151, 1577], [1111, 1577]], '씨', 0.9998447955275793), ([[1232.3088020879675, 372.0601719014147], [1261.6666023755563, 365.0559359446248], [1277.6911979120325, 436.9398280985853], [1248.3333976244437, 443.9440640553752]], '술', 0.34662719977527345)]
[([[1135, 187], [1247, 187], [1247, 249], [1135, 249]], '치사"', 0.985507243203447), ([[1092, 264], [1160, 264], [1160, 312], [1092, 312]], '해요', 0.99996965440393), ([[68, 562], [234, 562], [234, 634], [68, 634]], '저한데만', 0.5514112710952759), ([[87, 621], [211, 621], [211, 689], [87, 689]], '이렇계', 0.5001221601887089), ([[270, 708], [366, 708], [366, 780], [270, 780]], '잔뜩', 0.9995981113099515), ([[231, 761], [406, 761], [406, 846], [231, 846]], '남겨국고', 0.5632630586624146), ([[1149, 951], [1237, 951], [1237, 1013], [1149, 1013]], '저도', 0.9999088797294993), ([[1071, 1067], [1203, 1067], [1203, 1119], [1071, 1119]], '미오리네', 0.966683030128479), ([[1067, 1112], [1180, 1112], [1180, 1175], [1067, 1175]], '씨한데', 0.3835026315113065), ([[76, 1392], [226, 1392], [226, 1590], [76, 1590]], '밟로', 0.04739928079232396), ([[1003, 1359], [1280, 1359], [1280, 1523], [1003, 1523]], '(흔적철', 0.059503406286239624), ([[99.00496280979002, 1304.0496280979], [224.42064411963366, 1336.645679745282], [198.99503719020998, 1423.9503719021], [73.57935588036634, 1390.354320254718]], '나"', 0.9934990703088481)]
[([[287, 59], [359, 59], [359, 101], [287, 101]], '그 ', 0.37023458198317605), ([[925, 65], [1043, 65], [1043, 127], [925, 127]], '그결로', 0.8307542719320541), ([[346, 452], [500, 452], [500, 524], [346, 524]], "'무승부안", 0.4601645346668719), ([[381, 509], [463, 509], [463, 571], [381, 571]], '걸로', 0.4342425391639977), ([[278, 554], [382, 554], [382, 610], [278, 610]], '어떠신', 0.9924283645646356), ([[292, 602], [374, 602], [374, 656], [292, 656]], '가요', 0.9974800436705933), ([[1165, 939], [1271, 939], [1271, 999], [1165, 999]], '그러면', 0.9999806600552249), ([[291, 993], [371, 993], [371, 1053], [291, 1053]], '너무', 0.9998928643920827), ([[273, 1047], [391, 1047], [391, 1107], [273, 1107]], '예뼈서', 0.13067267448706785), ([[660, 1034], [776, 1034], [776, 1084], [660, 1084]], '미오리네', 0.9596695899963379), ([[687, 1081], [749, 1081], [749, 1119], [687, 1119]], '씨"', 0.9115593769645939), ([[76, 1070], [154, 1070], [154, 1174], [76, 1174]], "'맑", 0.03988936099590139), ([[561, 1103], [675, 1103], [675, 1163], [561, 1163]], '피부가', 0.9999178916117416), ([[1033, 1083], [1229, 1083], [1229, 1151], [1033, 1151]], '아까 활 때', 0.5925492842209302), ([[22, 1170], [92, 1170], [92, 1224], [22, 1224]], '바보', 0.9998095015596642), ([[202, 1178], [296, 1178], [296, 1230], [202, 1230]], '상처"', 0.9875776760196217), ([[1063, 1143], [1199, 1143], [1199, 1207], [1063, 1207]], '내 놓지', 0.9365814727756328), ([[21, 1213], [95, 1213], [95, 1273], [21, 1273]], '같아', 0.9830156521057957), ([[202, 1222], [298, 1222], [298, 1272], [202, 1272]], '내기가', 0.9987011002946197), ([[1071, 1195], [1193, 1195], [1193, 1263], [1071, 1263]], '그쨌어', 0.22880674780091131), ([[188, 1266], [308, 1266], [308, 1318], [188, 1318]], '싫어서"', 0.7644644713558104), ([[357, 1239], [557, 1239], [557, 1423], [357, 1423]], '자무', 0.0008883930814565456), ([[116, 1580], [148, 1580], [148, 1622], [116, 1622]], '뭐', 0.9999871254381674), ([[98, 1618], [166, 1618], [166, 1672], [98, 1672]], '뒷어', 0.5035909722431371), ([[129.52714844085955, 1025.0280469032202], [160.37220979748642, 1013.0173551668953], [195.47285155914045, 1116.9719530967798], [163.62779020251358, 1127.9826448331046]], '물', 0.08073248591296078)]
[([[642, 1486], [698, 1486], [698, 1546], [642, 1546]], '자', 0.9999769927394517), ([[528, 1598], [628, 1598], [628, 1670], [528, 1670]], "'와쥐", 0.5539144196153535)]
[([[1058, 1652], [1210, 1652], [1210, 1752], [1058, 1752]], '흐응', 0.9009179396008545), ([[670.4671926365513, 1119.0118343224055], [762.9921892317062, 1151.048748060489], [690.5328073634487, 1367.9881656775945], [597.0078107682938, 1336.951251939511]], '각', 0.2526681305497256)]
[([[1178, 168], [1280, 168], [1280, 228], [1178, 228]], '(슬레타', 0.9680837988853455), ([[1158, 282], [1188, 282], [1188, 322], [1158, 322]], '그', 0.9998135653614213), ([[1124, 322], [1218, 322], [1218, 374], [1124, 374]], '상태로', 0.9991147499086126), ([[1120, 364], [1224, 364], [1224, 416], [1120, 416]], '잘 들어', 0.9981636284512577), ([[60.38110817109304, 1427.1915355634326], [314.7633015354756, 1379.3995029915277], [331.61889182890695, 1530.8084644365674], [77.2366984645244, 1579.6004970084723]], '사랑해', 0.9996366101256599)]
