2596235
24
[([[335, 204], [716, 204], [716, 256], [335, 256]], '기노시타 아천미입니다.', 0.10548367177197816), ([[280, 256], [756, 256], [756, 306], [280, 306]], '쓰리 사이즈는 96-60-92에요', 0.6072142363235539)]
[([[42, 1170], [444, 1170], [444, 1224], [42, 1224]], '또 온몸이 정액투성이로', 0.7630433313459435), ([[26, 1213], [416, 1213], [416, 1266], [26, 1266]], '엉망진창이 돼버려네요', 0.7371200985200642), ([[34, 1258], [206, 1258], [206, 1308], [34, 1308]], '나란 여자.', 0.9463356213695797), ([[237, 1247], [455, 1247], [455, 1311], [237, 1311]], '어절 수 없는', 0.7435040900624106), ([[124, 1298], [362, 1298], [362, 1352], [124, 1352]], '음탕한 여자..', 0.5667502167809249)]
[]
[([[257, 289], [347, 289], [347, 381], [257, 381]], '7', 0.6653511174558311)]
[]
[]
[]
[]
[]
[]
[]
[([[285, 189], [746, 189], [746, 244], [285, 244]], '보시다시피 거유라서 일할 때', 0.7641360887360004), ([[250, 240], [784, 240], [784, 297], [250, 297]], '가슴이 자꾸 간호복에서 빠져나와', 0.9029601702937771), ([[400, 294], [630, 294], [630, 344], [400, 344]], '고민이랍니다.', 0.5144544933923559)]
[]
[]
[]
[]
[]
[([[318, 122], [628, 122], [628, 176], [318, 176]], '그래서 가끔 이렇게', 0.8613953392169948), ([[294, 174], [650, 174], [650, 228], [294, 228]], '상의틀 벗고 일하는데,', 0.6400434991789135), ([[242, 226], [702, 226], [702, 278], [242, 278]], '그러면 못남성들이 저흘 보는', 0.5444540582593597), ([[318, 278], [630, 278], [630, 330], [318, 330]], '음흥한 시선 때문에', 0.23409019586066157), ([[374, 330], [568, 330], [568, 380], [374, 380]], '곤란해져요.', 0.6305299001763952)]
[([[130, 182], [224, 182], [224, 230], [130, 230]], '아아', 0.9999749648637721), ([[246, 179], [775, 179], [775, 234], [246, 234]], '남자들의 음탕한 눈빛에 흥분해서', 0.7616909616687784), ([[258, 232], [624, 232], [624, 284], [258, 284]], '또 팬티가 젖어버럿네..', 0.5240566659788803), ([[200, 284], [706, 284], [706, 338], [200, 338]], '이렇게 또 올누드가 돼버립니다.', 0.4186250230420382)]
[([[76, 38], [292, 38], [292, 94], [76, 94]], '걸레 같은 년', 0.9269482233685195), ([[330, 38], [614, 38], [614, 94], [330, 94]], '네년의 개플리는', 0.3050218213273382), ([[972, 26], [1464, 26], [1464, 82], [972, 82]], '육변기년아 너 때문에 이렇게', 0.8267418550646629), ([[35, 79], [651, 79], [651, 139], [35, 139]], '젖탤이 때문에 자지가 이렇게 뒷으니', 0.3488883183485832), ([[952, 72], [1472, 72], [1472, 126], [952, 126]], '자지가 빨딱 서서 죽질 않잖아!', 0.3881771855995898), ([[212, 128], [476, 128], [476, 182], [212, 182]], '어서 책임저라!', 0.8263833130685588), ([[992, 116], [1442, 116], [1442, 170], [992, 170]], '빨리 어떻게 좀 해달라고! !', 0.9173612134425949), ([[84, 1184], [182, 1184], [182, 1232], [84, 1232]], '아아', 0.9999717617282756), ([[204, 1182], [464, 1182], [464, 1236], [204, 1236]], '이런 음란한 몸', 0.8206803303557603), ([[14, 1228], [180, 1228], [180, 1280], [14, 1280]], '죄송해요.', 0.9050785568054664), ([[200, 1228], [528, 1228], [528, 1280], [200, 1280]], '여러분의 성난 자지', 0.9859725847415552), ([[32, 1272], [480, 1272], [480, 1326], [32, 1326]], '제가 달래드컵게요... 하양.', 0.32555422803068346)]
[([[590, 102], [670, 102], [670, 150], [590, 150]], '아흥.', 0.6159661919434598), ([[696, 102], [1134, 102], [1134, 150], [696, 150]], '내 음탕 보지 구멍에 꽉 차도록', 0.8140191192369624), ([[695, 140], [1031, 140], [1031, 185], [695, 185]], '더 세게 꽉짝 박아주요!', 0.40455294990317414), ([[80, 856], [584, 856], [584, 904], [80, 904]], '아천미 장 이렇게 야한 몸을 하고서', 0.25849385947355397), ([[90, 894], [574, 894], [574, 942], [90, 942]], '칠칠맞게 보지와 유방울 드러내면', 0.5787510639667309), ([[162, 930], [502, 930], [502, 978], [162, 978]], '따먹올 수 밖에 없잡아!', 0.6260614870339374)]
[([[129, 99], [203, 99], [203, 143], [129, 143]], '아양_', 0.5659168892170011), ([[237, 99], [709, 99], [709, 143], [237, 143]], '여러분의 자지틀 화나게 한 벌로', 0.44683094410945523), ([[102, 136], [736, 136], [736, 184], [102, 184]], '아켓미의 몸을 쫓물로 마구 더럽혀 주세요!', 0.2699133469839388), ([[58, 685], [456, 685], [456, 734], [58, 734]], '와 .. 이렇게 추잡할 수가 .', 0.4298922031199441)]
[([[136, 96], [700, 96], [700, 146], [136, 146]], '성적 욕구릎 참으면 몸에 총지 않아요!', 0.2776058974876941), ([[118, 135], [718, 135], [718, 184], [118, 184]], '저에게 쌓인 욕망울 마음껏 분출해 취요!', 0.7627466176235311), ([[124, 686], [392, 686], [392, 734], [124, 734]], '의! 못 참짓다! ! !', 0.25737299675749015), ([[1190, 670], [1462, 670], [1462, 718], [1190, 718]], '내 쫓물도 받아라!', 0.9080418781004167), ([[1190, 708], [1462, 708], [1462, 756], [1190, 756]], '이 더러운 암키년!', 0.3537337357991822)]
[([[610, 114], [1104, 114], [1104, 162], [610, 162]], '까흥! 뜨거운 정액이 가득 들어와!', 0.41254839781796226), ([[125, 859], [535, 859], [535, 903], [125, 903]], '아켓미 장! 보지 구멍 속에도', 0.26981764057137114), ([[180, 896], [479, 896], [479, 944], [180, 944]], '쫓물 가득 채위줄게!', 0.4579876813542469)]
