2596979
23
[([[883, 51], [1323, 51], [1323, 187], [883, 187]], '역식 : 99', 0.32387655739121246), ([[761.0388386486181, 1959.6077677297237], [812.6044664425481, 1943.8059784613597], [818.9611613513819, 1962.3922322702763], [766.3955335574519, 1978.1940215386403]], '밥0$', 0.04025142869323842)]
[([[1456, 0], [1585, 0], [1585, 93], [1456, 93]], '( /', 0.5108708739280701), ([[614, 0], [863, 0], [863, 204], [614, 204]], '이0', 0.0024069989813405926), ([[1279, 17], [1526, 17], [1526, 250], [1279, 250]], '11', 0.006989481719549438), ([[707, 345], [835, 345], [835, 478], [707, 478]], '0', 0.15499258263134497), ([[1766, 118], [1937, 118], [1937, 465], [1766, 465]], '용', 0.19832809393973694), ([[862, 660], [966, 660], [966, 882], [862, 882]], '%', 0.18877870723701395), ([[1560, 1781], [1688, 1781], [1688, 2039], [1560, 2039]], '셈', 0.01794584283885925), ([[882, 2187], [935, 2187], [935, 2245], [882, 2245]], '%', 0.4830589593418644), ([[816, 2220], [904, 2220], [904, 2311], [816, 2311]], '0', 0.3039159712216133), ([[1176, 2524], [1293, 2524], [1293, 2693], [1176, 2693]], '닭', 0.019347566442029285), ([[1867.058464077151, 782.0295788267001], [1965.6117355427145, 739.0124792034914], [2054.941535922849, 970.9704211732999], [1956.3882644572855, 1013.9875207965086]], '늘', 0.10172514662841436), ([[-9.055852277207054, 974.019914654013], [149.54784031390176, 851.0053599596197], [453.05585227720707, 1294.980085345987], [293.45215968609824, 1417.9946400403803]], '응', 0.04326140449220639), ([[1844.0136987913543, 1073.116439726511], [1965.0914548633846, 1130.0502418732958], [1805.9863012086457, 1463.883560273489], [1684.9085451366154, 1406.9497581267042]], '0', 0.9986524356423274), ([[595.4832384454459, 1162.0111319343428], [683.7355488641708, 1152.3159607835419], [708.5167615545541, 1417.9888680656572], [619.2644511358292, 1427.6840392164581]], '@', 0.2046449154842236), ([[7.295233699762821, 1196.0112914326], [156.6774037698794, 1141.0104314700686], [292.70476630023717, 1551.9887085674], [142.3225962301206, 1606.9895685299314]], '@', 0.042322554621826436), ([[1491.3980755809641, 1490.0120819660044], [1603.683426968915, 1505.1172615483606], [1567.6019244190359, 1768.9879180339956], [1455.316573031085, 1753.8827384516394]], '옷', 0.824319705826472), ([[1651.731932450532, 1513.0335233150556], [1809.2246154102984, 1441.1033247861494], [1931.268067549468, 1749.9664766849444], [1773.7753845897016, 1821.8966752138506]], '요', 0.21352244502283213), ([[341.2203482010798, 1610.0138192704499], [503.4509946225903, 1577.6859985543658], [565.7796517989202, 1935.9861807295501], [403.5490053774097, 1968.3140014456342]], '%', 0.2834641799931923), ([[785.3475569199185, 1955.0163827063775], [882.0947146857279, 1932.1698725499161], [935.6524430800815, 2179.9836172936225], [837.9052853142721, 2202.830127450084]], '>', 0.036208641032317246), ([[388.4014658109452, 2520.0089580855692], [536.5836572149767, 2498.532332277964], [586.5985341890548, 2893.9910419144308], [438.41634278502335, 2915.467667722036]], '"', 0.21676938604429097)]
[([[750, 327], [897, 327], [897, 601], [750, 601]], '흙', 0.053837950538388135), ([[1276, 1287], [1412, 1287], [1412, 1664], [1276, 1664]], "'%", 0.12748148336863843), ([[275.2431769922308, 445.0260663873472], [357.9475732934423, 423.1737837511589], [402.7568230077692, 611.9739336126528], [320.0524267065577, 633.8262162488411]], '복', 0.01878821762710814), ([[1547.4053377135795, 562.0084212893572], [1701.2160773296587, 536.4275744757615], [1762.5946622864205, 956.9915787106428], [1609.7839226703413, 982.5724255242385]], '빚', 0.7947465248368104), ([[1167.298321645805, 1012.0189504473924], [1262.092899641763, 1002.6611113740963], [1280.701678354195, 1222.9810495526076], [1185.907100358237, 1232.3388886259036]], '태', 0.03561520569991061), ([[62.40757720913373, 1796.0117033910833], [174.9610422464889, 1776.2951630809957], [222.59242279086627, 2078.9882966089167], [110.03895775351111, 2098.7048369190043]], '{', 0.13397626473672464)]
[([[1157, 1005], [1290, 1005], [1290, 1230], [1157, 1230]], '빚', 0.013953358756446654), ([[1269, 1282], [1420, 1282], [1420, 1670], [1269, 1670]], '%', 0.37409121154291824), ([[821.5440557038713, 323.00866501181673], [912.2944769263357, 352.4715895149739], [828.4559442961287, 609.9913349881832], [737.7055230736643, 580.5284104850261]], '8', 0.07103386011146373), ([[276.20177187371473, 441.0265781057207], [360.3533936216582, 421.23303189170895], [400.79822812628527, 614.9734218942793], [317.6466063783418, 634.766968108291]], '복', 0.07810272945518193), ([[1547.4070162092391, 560.0083738070655], [1700.226091029499, 535.4296292058119], [1762.5929837907609, 955.9916261929345], [1608.773908970501, 980.5703707941881]], '빚', 0.7676165968853788), ([[63.40990596561282, 1797.0116115265657], [174.9610422464889, 1777.2951630809957], [222.5900940343872, 2080.9883884734345], [110.03895775351111, 2099.7048369190043]], '{', 0.17896458363617285)]
[]
[]
[]
[]
[]
[([[1909, 566], [2038, 566], [2038, 722], [1909, 722]], '0', 0.4737386112773301)]
[]
[([[2614, 163], [2738, 163], [2738, 225], [2614, 225]], '공주름', 0.8140781919723432), ([[2615, 221], [2771, 221], [2771, 278], [2615, 278]], '도와취서', 0.48271965980529785), ([[1836, 304], [1943, 304], [1943, 359], [1836, 359]], '선생이', 0.9987275935513966), ([[2591, 276], [2795, 276], [2795, 338], [2591, 338]], '고마위, 선생', 0.6886217887258335), ([[1802, 353], [1977, 353], [1977, 409], [1802, 409]], '만족하실지', 0.9991182800024904), ([[0, 95], [456, 95], [456, 724], [0, 724]], '다', 0.006676858261391028), ([[1787, 405], [1968, 405], [1968, 460], [1787, 460]], '모르켓지만.', 0.8726865098894503), ([[1021, 507], [1135, 507], [1135, 791], [1021, 791]], '', 0.0), ([[1741, 537], [1952, 537], [1952, 813], [1741, 813]], '왕', 0.025571863661756566), ([[547, 789], [687, 789], [687, 1083], [547, 1083]], '#', 0.003323548684642033), ([[1071, 1426], [1462, 1426], [1462, 1938], [1071, 1938]], '6', 0.13914544953661423), ([[127, 1893], [502, 1893], [502, 2014], [127, 2014]], '예식 8 @)', 0.2533831120485859), ([[977.0469741131943, -31.992302393270585], [1409.4482705619948, -74.69620160241786], [1465.9530258868056, 704.9923023932706], [1034.5517294380052, 748.6962016024179]], '#', 0.0035468856236875596), ([[1540.3495404090654, 358.0151187949071], [1641.215982478128, 335.1764902554876], [1695.6504595909346, 600.984881205093], [1594.784017521872, 624.8235097445124]], '4', 0.03352143568267607), ([[1695.3923778798444, 851.0092322468821], [1838.527946645675, 830.519299315119], [1886.6076221201556, 1219.9907677531178], [1743.472053354325, 1239.480700684881]], '#', 0.06792014256422263), ([[1467.3079472190516, 884.0063023259333], [1749.8752283017309, 962.1706528942321], [1596.6920527809484, 1508.9936976740667], [1314.1247716982691, 1430.8293471057677]], '채', 0.004309399299511407), ([[358.30058872693934, 995.0101933340196], [538.8998191535202, 1022.4348517128176], [480.69941127306066, 1385.9898066659803], [300.1001808464799, 1358.5651482871824]], '빚', 0.0021359148564271124), ([[24.48892460712285, 1110.0118790531412], [105.8885480539804, 1097.163331404541], [141.51107539287716, 1346.9881209468588], [60.1114519460196, 1359.836668595459]], '신', 0.03762272872064898)]
[]
[]
[]
[]
[([[360, 182], [523, 182], [523, 355], [360, 355]], '(털0', 0.1106573972666854), ([[606, 131], [727, 131], [727, 394], [606, 394]], '올', 0.9976334284967834), ([[1792, 487], [1854, 487], [1854, 576], [1792, 576]], '0)', 0.9659377518787255), ([[443, 473], [590, 473], [590, 818], [443, 818]], '값', 0.05561849203022362), ([[1037, 666], [1093, 666], [1093, 748], [1037, 748]], '0', 0.9873880974533336), ([[303, 1358], [788, 1358], [788, 1616], [303, 1616]], '적', 0.007211427327613373), ([[1456, 1443], [1745, 1443], [1745, 1857], [1456, 1857]], '제', 0.009964367657096018), ([[1239, 1729], [1384, 1729], [1384, 2001], [1239, 2001]], '장', 0.0214310591022846), ([[1730, 2146], [1842, 2146], [1842, 2425], [1730, 2425]], '틈', 0.010611531093031312), ([[1600.3800766301908, -19.98076625392882], [1677.7505277339924, -7.1811631679477905], [1647.6199233698092, 160.98076625392883], [1569.2494722660076, 147.1811631679478]], '0', 0.32993221908614956), ([[451.31025566930555, 9.017001295921006], [552.8930276560984, 67.61380387673887], [441.68974433069445, 259.982998704079], [339.1069723439016, 200.38619612326113]], '데', 0.04163900710808832), ([[1795.5779296854616, 93.00990230033148], [1867.195122359772, 113.6508025154445], [1805.4220703145384, 323.9900976996685], [1733.804877640228, 302.34919748455553]], '0', 0.9986087157993531), ([[832.2696491545933, 240.02224613533014], [910.5123528753348, 205.01094271716346], [1001.7303508454067, 427.97775386466986], [922.4876471246652, 462.98905728283654]], '8', 0.1617588815590807), ([[1716.017965534518, 293.03714505563664], [1815.2378788831522, 272.7101512388585], [1845.982034465482, 450.96285494436336], [1746.7621211168478, 471.2898487611415]], '유', 0.17868026838237938), ([[803.3307853792637, 378.0172363577167], [885.4449446341658, 329.00761668235856], [1032.6692146207363, 597.9827636422833], [951.5550553658342, 646.9923833176414]], '움', 0.14445456481362218), ([[1351.9752942493303, 845.0218854343269], [1594.992444809924, 938.1190493634533], [1517.0247057506697, 1126.9781145656732], [1275.007555190076, 1033.8809506365467]], '꽤)', 0.0035997423721457747), ([[1527.2710531077053, 917.0936885908887], [1750.1454098174627, 901.8786952286993], [1750.7289468922947, 1040.9063114091114], [1527.8545901825373, 1056.1213047713006]], '[7', 0.18762155042433487), ([[382.303079009713, 1634.016198708829], [486.97526755095487, 1606.1306248247565], [552.696920990287, 1878.983801291171], [447.02473244904513, 1906.8693751752435]], '8', 0.0860650700742207), ([[1734.2568083906376, 1574.0089098895864], [1965.0995351031384, 1641.2603921786717], [1843.7431916093624, 2052.9910901104136], [1613.9004648968616, 1986.7396078213283]], '^', 0.012234560737059752), ([[249.3630551041605, 1688.012683114429], [361.82927709312696, 1666.252136934482], [414.63694489583946, 1970.987316885571], [303.17072290687304, 1992.747863065518]], '음', 0.22661919439548228), ([[65.09873196600684, 2487.0176651331744], [212.58356841374965, 2418.0074044982634], [367.9012680339932, 2787.9823348668256], [219.41643158625035, 2857.9925955017366]], '*', 0.07387830812946561)]
[([[902, 249], [992, 249], [992, 382], [902, 382]], '', 0.0), ([[1135, 301], [1321, 301], [1321, 369], [1135, 369]], '아 안에', 0.7731783390045166), ([[1133, 368], [1321, 368], [1321, 437], [1133, 437]], '싸든데도', 0.22481770813465118), ([[373, 440], [464, 440], [464, 504], [373, 504]], '이런', 0.9992693361485497), ([[312, 503], [529, 503], [529, 569], [312, 569]], '터무니없는', 0.8530381755415317), ([[332, 566], [470, 566], [470, 630], [332, 630]], '물건올', 0.9782528670403546), ([[1230, 656], [1377, 656], [1377, 924], [1230, 924]], '다', 0.13027599077674168), ([[1572, 608], [1744, 608], [1744, 996], [1572, 996]], '채', 0.5812500811198653), ([[1608, 971], [1694, 971], [1694, 1069], [1608, 1069]], '9', 0.48968460629851407), ([[2364.3823127330684, 678.0070664350784], [2563.7385316847844, 658.1327402424689], [2605.6176872669316, 1168.9929335649215], [2405.2614683152156, 1187.8672597575312]], '빚', 0.11766443242466895), ([[1634.206640349326, 1262.0350359473848], [1699.6917724542081, 1252.4119640746696], [1718.793359650674, 1392.9649640526152], [1652.3082275457919, 1403.5880359253304]], '늄', 0.108419756897149), ([[1390.2691244176092, 1542.0334561519398], [1451.6210712530926, 1534.4415619678261], [1463.7308755823908, 1666.9665438480602], [1403.3789287469074, 1673.5584380321739]], '뉴', 0.2396450744368508), ([[305.2334893722013, 1614.0117535337617], [489.8867634005383, 1590.2766156911807], [533.7665106277988, 1989.9882464662383], [349.1132365994617, 2013.7233843088193]], '비', 0.14488519884258722)]
[([[589, 44], [781, 44], [781, 415], [589, 415]], '빚', 0.8355696407454651), ([[283, 359], [500, 359], [500, 770], [283, 770]], '~', 0.008913303387382554), ([[2621, 490], [2748, 490], [2748, 825], [2621, 825]], '성', 0.01392144542228918), ([[2088, 1715], [2271, 1715], [2271, 1965], [2088, 1965]], '껏', 0.01680071106439507), ([[1587.585786437627, 487.0172439427031], [2011.5119691249054, 411.4139990586587], [2087.414213562373, 1012.9827560572969], [1663.4880308750946, 1088.5860009413414]], '7', 0.17158599002959818), ([[1216.405957419146, 558.010382187579], [1337.7132702056024, 534.2179213209033], [1398.594042580854, 877.989617812421], [1278.2867297943976, 901.7820786790967]], '"', 0.10637193688523983), ([[2257.509506510507, 564.0027339924767], [2567.5162869520373, 515.4851978706245], [2714.490493489493, 1548.9972660075232], [2405.4837130479627, 1597.5148021293755]], '@', 0.3030936683407539), ([[-6.503183919835386, 1200.0032462127574], [254.40750126439286, 1109.002128997604], [557.5031839198354, 2052.9967537872426], [295.59249873560714, 2143.997871002396]], '"', 0.12943874171441294)]
[([[841, 0], [1266, 0], [1266, 493], [841, 493]], '부', 0.594928359327529), ([[1627, 1141], [1786, 1141], [1786, 1603], [1627, 1603]], '"', 0.5954532224541396), ([[240.16114242795422, 265.0153025259452], [393.7508558470415, 203.01225945211308], [531.8388575720458, 584.9846974740548], [379.2491441529585, 646.9877405478869]], '용', 0.9898567044498954), ([[185.68611237204888, 492.05084959943076], [278.5818506754476, 410.0099602769304], [468.3138876279511, 654.9491504005692], [375.4181493245524, 735.9900397230696]], '올', 0.1964635881682888), ([[2285.4214512793747, 881.0066952689752], [2465.348440908239, 855.5788169850215], [2528.5785487206253, 1362.9933047310246], [2348.651559091761, 1388.4211830149784]], '"', 0.9911051589183586), ([[280.2594849572355, 1542.0091407680368], [497.49144530405584, 1510.2268292215088], [559.7405150427645, 2006.9908592319632], [341.50855469594416, 2038.7731707784912]], '"', 0.05450072324870181)]
[([[495.3813607470982, 459.0061734296204], [715.059333508801, 421.5979527427984], [806.6186392529017, 1021.9938265703796], [587.940666491199, 1059.4020472572017]], '@', 0.004731553116583742), ([[1932.4141742267448, 1652.0057204093282], [2149.637598392263, 1622.7435086248706], [2223.5858257732552, 2223.994279590672], [2006.3624016077367, 2254.2564913751294]], '꿀', 0.6247012056330767)]
[([[430.9679211408567, 212.00691710790827], [1018.3154823527715, 382.18048728664496], [796.0320788591433, 1111.9930828920917], [209.68451764722852, 941.819512713355]], '밖', 0.2821202415542565), ([[2196.9341600788634, 805.0153547365597], [2481.0279770558154, 842.7027680091243], [2423.0658399211366, 1225.9846452634401], [2138.9720229441846, 1188.2972319908758]], '팀', 0.42005773930453927), ([[2198.113844631023, 993.0085363500787], [2510.59501611486, 1201.3209479207571], [2242.886155368977, 1603.9914636499213], [1930.4049838851404, 1396.6790520792429]], '7', 0.1187247134549887)]
[([[2119, 185], [2258, 185], [2258, 387], [2119, 387]], '질', 0.8634214896899586), ([[719, 1131], [960, 1131], [960, 1444], [719, 1444]], '모', 0.9999941587533421), ([[1373, 1386], [1690, 1386], [1690, 1705], [1373, 1705]], '라', 0.9836148842623516), ([[1936, 1579], [2195, 1579], [2195, 1863], [1936, 1863]], '약', 0.8669405705121704), ([[629.9885152511529, 4.01189817399645], [945.0145985309333, -32.044516129276026], [990.0114847488471, 514.9881018260036], [675.9854014690667, 551.0445161292761]], '질', 0.9006584725717772), ([[2163.048949337899, 360.02514248629166], [2300.642788299886, 384.18750984373975], [2263.951050662101, 584.9748575137083], [2126.357211700114, 560.8124901562603]], '곧', 0.9106863025056242), ([[656.851990907732, 513.0160754060319], [933.1169128589246, 414.62241275957075], [1097.148009092268, 951.9839245939681], [820.8830871410754, 1051.3775872404292]], '햇', 0.009284445139123854)]
