2599012
9
[([[127, 100], [493, 100], [493, 202], [127, 202]], '(간판 처녀>', 0.7305183894377644), ([[1452, 933], [1888, 933], [1888, 1032], [1452, 1032]], '카드리나 (17)', 0.7642671877167669), ([[156, 2424], [747, 2424], [747, 2486], [156, 2486]], '음식점올 운영하는 부부의 외동딸로', 0.5610800741004501), ([[158, 2482], [697, 2482], [697, 2539], [158, 2539]], '어럿올 적부터 가게 일흘 도둑다.', 0.4582400014147211), ([[157, 2537], [846, 2537], [846, 2597], [157, 2597]], '그 때문에 옛날부터 마을 사람들에게 있어', 0.7549177748335083), ([[156, 2590], [441, 2590], [441, 2650], [156, 2650]], '친근한 존재이다.', 0.8836525757512143), ([[157, 2645], [761, 2645], [761, 2707], [157, 2707]], '그녀의 밝은 접객은 평판이 자자하다', 0.8937265016992217), ([[158, 2705], [661, 2705], [661, 2760], [158, 2760]], '그녀지 보러 오는 손님도 많다.', 0.5801631524593017)]
[([[85, 391], [203, 391], [203, 435], [85, 435]], '자식들아', 0.9953352808952332), ([[97, 437], [187, 437], [187, 479], [97, 479]], '마서라', 0.9988714157310635), ([[105, 481], [183, 481], [183, 523], [105, 523]], '마세', 0.9507866088915645), ([[800, 1206], [956, 1206], [956, 1254], [800, 1254]], '눈치 보지들', 0.7480505983144091), ([[885, 1255], [959, 1255], [959, 1299], [885, 1299]], '말고', 0.9137916170616251), ([[801, 1296], [960, 1296], [960, 1347], [801, 1347]], '와하하하굶', 0.1109332500678157)]
[([[322, 742], [502, 742], [502, 916], [322, 916]], '문부', 0.05143960215264699), ([[340, 992], [456, 992], [456, 1096], [340, 1096]], '훌루', 0.009478608032454608)]
[([[90, 60], [198, 60], [198, 88], [90, 88]], '제대로 마서', 0.9984121020412746), ([[124, 90], [170, 90], [170, 120], [124, 120]], '비산', 0.8451639925995333), ([[782, 106], [904, 106], [904, 138], [782, 138]], '젊은 여자까지', 0.9845441852250668), ([[104, 120], [186, 120], [186, 152], [104, 152]], '높이라고', 0.8506658841869419), ([[788, 136], [900, 136], [900, 168], [788, 168]], '있다니, 진짜', 0.5137140372683917), ([[786, 168], [900, 168], [900, 200], [786, 200]], '좋은 가건데?', 0.5334588078011746), ([[682, 194], [730, 194], [730, 318], [682, 318]], '뿐', 0.13684509527545075), ([[26, 294], [124, 294], [124, 394], [26, 394]], '셋', 0.11254401401039615), ([[58, 722], [132, 722], [132, 754], [58, 754]], '다음나:', 0.8631490468978882), ([[62, 754], [130, 754], [130, 784], [62, 784]], '그여자', 0.9992342866026901), ([[52, 784], [140, 784], [140, 814], [52, 814]], '빌려쥐라!', 0.4886535139235003), ([[795, 1105], [911, 1105], [911, 1223], [795, 1223]], '계류', 0.01110178068550786), ([[51.421737147788484, 380.12652114433655], [165.67887720419031, 316.16212083652937], [206.5782628522115, 388.87347885566345], [93.32112279580967, 452.83787916347063]], '+쥐', 0.15330643269284638)]
[([[462, 94], [520, 94], [520, 120], [462, 120]], '아빠', 0.9998631940707698), ([[436, 130], [482, 130], [482, 160], [436, 160]], '엄마:', 0.8402758469380799), ([[412, 1136], [528, 1136], [528, 1168], [412, 1168]], '이거 화라~', 0.4997463584197915), ([[446, 1172], [494, 1172], [494, 1204], [446, 1204]], '나네', 0.47194207626908813), ([[422, 1206], [512, 1206], [512, 1238], [422, 1238]], '엄마다~ .', 0.9886191782798522), ([[826, 1210], [880, 1210], [880, 1238], [826, 1238]], '짜잔~', 0.8795469580065354)]
[]
[([[814, 84], [858, 84], [858, 114], [814, 114]], '후우:', 0.8386206983465975), ([[87, 107], [185, 107], [185, 147], [87, 147]], '이제 슬슬', 0.7385490164274718), ([[822, 116], [884, 116], [884, 148], [822, 148]], '징하게', 0.5686206954422252), ([[98, 148], [176, 148], [176, 180], [98, 180]], '빠지자:', 0.3879527449607849), ([[828, 146], [876, 146], [876, 176], [828, 176]], '씻다.', 0.7349236052903761), ([[164, 396], [198, 396], [198, 422], [164, 422]], '에~', 0.9540144296047247), ([[138, 426], [228, 426], [228, 458], [138, 458]], '벌썹니까?', 0.33443014076523125), ([[90, 1072], [174, 1072], [174, 1104], [90, 1104]], '날뛰잡아', 0.828691303730011), ([[86, 1104], [178, 1104], [178, 1136], [86, 1136]], '좀잡아 화.', 0.8230523168381043), ([[302, 1238], [406, 1238], [406, 1270], [302, 1270]], '얘는 여기서', 0.48127027866240574), ([[290, 1270], [414, 1270], [414, 1302], [290, 1302]], '처분해 두자고', 0.9351990762577415)]
[([[819, 75], [863, 75], [863, 167], [819, 167]], '출', 0.5648466035351909), ([[855, 451], [921, 451], [921, 531], [855, 531]], '뜻', 0.29769112923681007), ([[793.2319277463959, 902.0210849844044], [899.7501336159223, 881.5116161878923], [936.7680722536041, 1111.9789150155955], [830.2498663840777, 1131.4883838121077]], '틀', 0.05418304337818669)]
[([[94, 1230], [166, 1230], [166, 1320], [94, 1320]], '끝', 0.9951214831096564), ([[492.1269855232027, 1210.0238350746088], [773.8476729689102, 1294.797442061948], [728.8730144767974, 1424.9761649253912], [447.1523270310899, 1340.202557938052]], '0:)', 0.012505133041453528)]
