2600575
22
[([[587, 49], [699, 49], [699, 207], [587, 207]], '#', 0.9154391774515922), ([[1009, 19], [1143, 19], [1143, 175], [1009, 175]], '국', 0.038208715202172394), ([[1066, 529], [1176, 529], [1176, 591], [1066, 591]], '일"', 0.0025940471942648043), ([[799, 669], [859, 669], [859, 711], [799, 711]], '어디', 0.9999320599561957), ([[790, 712], [868, 712], [868, 762], [790, 762]], '있어?', 0.9484085003469962), ([[333, 737], [391, 737], [391, 781], [333, 781]], '거기', 0.9999323971242908), ([[326, 782], [402, 782], [402, 832], [326, 832]], '없어?', 0.9997997892610112), ([[942, 1468], [1032, 1468], [1032, 1518], [942, 1518]], '어째서', 0.9994191352566586), ([[938, 1516], [1036, 1516], [1036, 1566], [938, 1566]], '꼭 오늘', 0.9912049009341), ([[912, 1564], [1048, 1564], [1048, 1616], [912, 1616]], '없는 거야', 0.844890805165043), ([[173, 1598], [301, 1598], [301, 1648], [173, 1648]], '히마리장 .', 0.5475127764673909), ([[862, 1778], [962, 1778], [962, 1804], [862, 1804]], '8 > 7', 0.1469873549419369), ([[1008, 1778], [1062, 1778], [1062, 1802], [1008, 1802]], '< 간', 0.3049599826335907), ([[406, 1802], [448, 1802], [448, 1830], [406, 1830]], '1+', 0.6098454455417228), ([[596, 1804], [636, 1804], [636, 1828], [596, 1828]], '57', 0.1171958979767851), ([[35, 1821], [659, 1821], [659, 1889], [35, 1889]], '한540 초510쪽0 ,5다사', 0.0012249839566710525), ([[817, 1796], [1238, 1796], [1238, 1899], [817, 1899]], '#고[헤_|터틱', 0.00030463539036518645), ([[1051.0864997216088, 682.0379966593064], [1142.977178398653, 748.2917949420224], [1088.9135002783912, 823.9620033406936], [997.022821601347, 757.7082050579776]], ">'", 0.011171565005132226)]
[]
[([[116, 68], [476, 68], [476, 140], [116, 140]], '예이-,긋:박5', 0.000253558158865204), ([[42, 212], [116, 212], [116, 260], [42, 260]], '#뼈', 0.05177998816483993), ([[430, 228], [522, 228], [522, 276], [430, 276]], '말해화', 0.9886433818400753), ([[1119, 241], [1195, 241], [1195, 283], [1119, 283]], '히마리', 0.6985196460241038), ([[1134, 284], [1166, 284], [1166, 324], [1134, 324]], '장:', 0.8639782040031031), ([[59, 257], [103, 257], [103, 411], [59, 411]], '릇', 0.031235665377736588), ([[702, 314], [728, 314], [728, 374], [702, 374]], '저', 0.9998680396701367), ([[1073, 419], [1109, 419], [1109, 459], [1073, 459]], '저:', 0.9530440493014747), ([[153, 453], [207, 453], [207, 495], [153, 495]], '지금', 0.9999698229898298), ([[151, 493], [283, 493], [283, 537], [151, 537]], '하아다 군이', 0.9193752512739694), ([[610, 498], [704, 498], [704, 550], [610, 550]], '괜찮아', 0.9989870948179144), ([[151, 533], [275, 533], [275, 577], [151, 577]], '생각하늘거', 0.3158850467269286), ([[237, 777], [305, 777], [305, 821], [237, 821]], "'미안", 0.9941622364864523), ([[49, 415], [117, 415], [117, 1447], [49, 1447]], '[', 0.8777430034711529), ([[289, 1306], [411, 1306], [411, 1399], [289, 1399]], '양교다', 0.05230974970995463), ([[1042, 1392], [1130, 1392], [1130, 1440], [1042, 1440]], '히마리', 0.531367721145675), ([[1030, 1440], [1122, 1440], [1122, 1488], [1030, 1488]], '장으로:', 0.7908157110214233), ([[652, 1482], [798, 1482], [798, 1534], [652, 1534]], '야한 생각  ', 0.3491288307903247), ([[554, 1564], [620, 1564], [620, 1616], [554, 1616]], '햇어:', 0.2740889190010483), ([[45, 1445], [113, 1445], [113, 1795], [45, 1795]], '{', 0.4621942154053613)]
[([[1146, 250], [1250, 250], [1250, 304], [1146, 304]], '아마도', 0.9992467427529986), ([[978, 394], [1100, 394], [1100, 444], [978, 444]], '이번 여름', 0.9784713694194043), ([[1009, 445], [1073, 445], [1073, 489], [1009, 489]], '내내', 0.9999871873820939), ([[890, 1161], [1004, 1161], [1004, 1215], [890, 1215]], '내가 더', 0.9514010422712484)]
[([[972, 204], [1126, 204], [1126, 256], [972, 256]], '하아라 군은', 0.44199944751820597), ([[671, 297], [731, 297], [731, 341], [671, 341]], '씩스', 0.38368402872468393), ([[252, 344], [352, 344], [352, 394], [252, 394]], '해본 적', 0.8823825120925903), ([[266, 392], [342, 392], [342, 442], [266, 442]], '있어?', 0.993265853496621), ([[608, 796], [672, 796], [672, 844], [608, 844]], '그래', 0.9999785894680898), ([[483, 1169], [547, 1169], [547, 1213], [483, 1213]], '나도', 0.99996965440393), ([[458, 1212], [576, 1212], [576, 1266], [458, 1266]], '처음이라', 0.9927772283554077), ([[454, 1262], [578, 1262], [578, 1312], [454, 1312]], '잘 올라서', 0.6557595503794743), ([[730, 1368], [850, 1368], [850, 1418], [730, 1418]], '다행이야', 0.9979363679885864), ([[78, 1408], [204, 1408], [204, 1460], [78, 1460]], '기분 증지', 0.7078355417463202), ([[96, 1456], [186, 1456], [186, 1506], [96, 1506]], '않으면', 0.9511215922869517), ([[92, 1502], [186, 1502], [186, 1550], [92, 1550]], '미안해.', 0.8691855669021606)]
[([[429, 213], [507, 213], [507, 277], [429, 277]], ')빠다', 0.00021144201931433979), ([[820, 792], [924, 792], [924, 916], [820, 916]], '3', 0.2807725077024546), ([[885, 1563], [923, 1563], [923, 1599], [885, 1599]], '아', 0.9999407538606455), ([[170, 1668], [236, 1668], [236, 1722], [170, 1722]], '응욕', 0.4019583913064325)]
[([[420, 252], [452, 252], [452, 296], [420, 296]], '으', 0.7037737608703196), ([[420, 316], [448, 316], [448, 370], [420, 370]], '우', 0.24572903974508709), ([[653, 443], [691, 443], [691, 499], [653, 499]], '응', 0.9988504377563601), ([[1099, 955], [1139, 955], [1139, 1005], [1099, 1005]], '흐', 0.8514398355919752), ([[341, 1185], [373, 1185], [373, 1319], [341, 1319]], '아', 0.5977049279188726)]
[([[464, 156], [542, 156], [542, 210], [464, 210]], '(', 0.9348116827476503), ([[1158, 152], [1220, 152], [1220, 204], [1158, 204]], '골록', 0.28304091435810175), ([[724, 320], [788, 320], [788, 372], [724, 372]], '골록', 0.26082134316493144), ([[600, 968], [716, 968], [716, 1024], [600, 1024]], "미안해 '", 0.24182744261290245), ([[289, 1673], [451, 1673], [451, 1733], [289, 1733]], '이쪽이라면', 0.9980311183105691)]
[([[835, 417], [983, 417], [983, 483], [835, 483]], '뱉어내지', 0.9984327554702759), ([[836, 478], [985, 478], [985, 545], [836, 545]], '않으니까', 0.581592857837677), ([[612, 868], [714, 868], [714, 966], [612, 966]], '기5', 0.02017464055035036)]
[([[1237, 167], [1317, 167], [1317, 419], [1237, 419]], '육', 0.0819400322972621), ([[1252, 438], [1308, 438], [1308, 806], [1252, 806]], '{', 0.13394098905084562), ([[1266, 806], [1292, 806], [1292, 852], [1266, 852]], '틀', 0.5766931733228411), ([[1251, 863], [1313, 863], [1313, 929], [1251, 929]], '', 0.0), ([[1258, 918], [1306, 918], [1306, 948], [1258, 948]], '표부', 0.0026254159919970686), ([[1281, 985], [1317, 985], [1317, 1085], [1281, 1085]], '흡', 0.0198908139180054), ([[1242, 982], [1322, 982], [1322, 1308], [1242, 1308]], '1', 0.4425850858499558), ([[1242, 1290], [1322, 1290], [1322, 1732], [1242, 1732]], '7', 0.041653554977528984), ([[1249, 1781], [1313, 1781], [1313, 1823], [1249, 1823]], '#', 0.6399787523125866)]
[([[1021, 103], [1061, 103], [1061, 155], [1021, 155]], '차', 0.32487084225272156), ([[520, 190], [616, 190], [616, 242], [520, 242]], '괜찮아', 0.9987414251332541), ([[937, 525], [977, 525], [977, 577], [937, 577]], '차', 0.21214954930105367), ([[393, 691], [523, 691], [523, 751], [393, 751]], '움직여쥐', 0.9719530344009399), ([[1113, 905], [1173, 905], [1173, 945], [1113, 945]], '하아', 0.9933772481660081)]
[([[256, 250], [1091, 250], [1091, 414], [256, 414]], '영원히 여름방 학', 0.6869322630570758), ([[413, 425], [493, 425], [493, 441], [413, 441]], '6 벼 0 ?', 0.08974864257369322), ([[535, 415], [646, 415], [646, 446], [535, 446]], '1 01 7 8', 0.11001355738154858), ([[668, 418], [862, 418], [862, 444], [668, 444]], '8 0 차 0 7+ 0 ? 0', 0.07853069756053296), ([[885, 421], [967, 421], [967, 441], [885, 441]], "1 1 ' 6", 0.16418557973422485), ([[1015, 769], [1057, 769], [1057, 901], [1015, 901]], '통', 0.13450355278622794), ([[265, 1143], [375, 1143], [375, 1229], [265, 1229]], '[취오', 0.07937404443853142), ([[322, 1602], [346, 1602], [346, 1628], [322, 1628]], "'4)", 0.2955602638760169), ([[1025, 1755], [1131, 1755], [1131, 1791], [1025, 1791]], '8 5 7', 0.08711406907733353), ([[1166, 1758], [1228, 1758], [1228, 1788], [1166, 1788]], '< 트', 0.12358018163176669), ([[823, 1817], [968, 1817], [968, 1846], [823, 1846]], '저_라8형,+@] 켜없', 1.5812017012860298e-06), ([[978, 1782], [1244, 1782], [1244, 1884], [978, 1884]], '차1픽', 0.00133692171983803)]
[([[528, 118], [592, 118], [592, 168], [528, 168]], '하잇', 0.12061123430819475), ([[771, 143], [807, 143], [807, 187], [771, 187]], '앗', 0.36017163891500914), ([[268, 564], [334, 564], [334, 614], [268, 614]], '하앗', 0.14170048886530942), ([[798, 566], [830, 566], [830, 642], [798, 642]], '앗', 0.14213967695832253), ([[1242, 598], [1274, 598], [1274, 642], [1242, 642]], '맛', 0.10865461226785555), ([[523, 811], [629, 811], [629, 871], [523, 871]], '아앗0', 0.15711719094581103), ([[1029, 1263], [1091, 1263], [1091, 1331], [1029, 1331]], "'' [", 0.30811857480585053)]
[([[770, 180], [870, 180], [870, 230], [770, 230]], '나 내일', 0.8349866139716492), ([[777, 231], [863, 231], [863, 273], [777, 273]], '도교로', 0.9799040561460299), ([[762, 276], [884, 276], [884, 326], [762, 326]], '돌아가야', 0.9995482563972473), ([[791, 327], [845, 327], [845, 367], [791, 367]], '해 ', 0.4023311245827484), ([[603, 363], [747, 363], [747, 417], [603, 417]], '여름방학도', 0.9991495604160803), ([[605, 411], [734, 411], [734, 464], [605, 464]], '끝나니까:', 0.7905935102658654), ([[118, 482], [148, 482], [148, 526], [118, 526]], '응', 0.9990647834646929), ([[1142, 1010], [1204, 1010], [1204, 1060], [1142, 1060]], '알고', 0.9990005916771155), ([[1118, 1056], [1208, 1056], [1208, 1110], [1118, 1110]], '있없어:', 0.8852015733718872), ([[174, 1482], [288, 1482], [288, 1530], [174, 1530]], '그러니까', 0.9989120960235596), ([[171, 1529], [283, 1529], [283, 1579], [171, 1579]], '돌아가지', 0.9999699592590332), ([[170, 1576], [286, 1576], [286, 1626], [170, 1626]], '않아으면', 0.31592971086502075), ([[160, 1622], [288, 1622], [288, 1676], [160, 1676]], '좋짓다고:', 0.10723648386725966)]
[([[1136, 188], [1252, 188], [1252, 242], [1136, 242]], '좋아하게', 0.9912492036819458), ([[1120, 234], [1264, 234], [1264, 288], [1120, 288]], '돼버금는결', 0.08127162098174137), ([[972, 328], [1128, 328], [1128, 382], [972, 382]], '하아라 군올', 0.1241216173986582), ([[744, 1254], [828, 1254], [828, 1304], [744, 1304]], '영원히', 0.9997069467088975), ([[730, 1302], [844, 1302], [844, 1352], [730, 1352]], '여름방학', 0.9994817972183228), ([[1098, 1306], [1212, 1306], [1212, 1358], [1098, 1358]], '아-아', 0.9390812260609247), ([[312, 1380], [426, 1380], [426, 1430], [312, 1430]], '이/으면', 0.24220004677772522), ([[304, 1428], [432, 1428], [432, 1482], [304, 1482]], '좋올 팀데.', 0.07230262568070038), ([[86, 1528], [118, 1528], [118, 1676], [86, 1676]], '톱', 0.0026362713484218148), ([[83, 1671], [121, 1671], [121, 1787], [83, 1787]], '7', 0.03257924971251569)]
[([[140, 200], [228, 200], [228, 250], [140, 250]], '멋지네', 0.9904727360952055), ([[985, 305], [1045, 305], [1045, 349], [985, 349]], '헤에', 0.5275722143117036), ([[400, 330], [460, 330], [460, 378], [400, 378]], '그럼', 0.9998991019356177), ([[958, 349], [1072, 349], [1072, 397], [958, 397]], '도교에서', 0.5170498338838403), ([[342, 376], [514, 376], [514, 424], [342, 424]], '시티보이구나', 0.9934150501697983), ([[1060, 522], [1092, 522], [1092, 602], [1060, 602]], '7', 0.4856782641316073), ([[1085, 623], [1129, 623], [1129, 693], [1085, 693]], '탑', 0.013618547673574177), ([[905, 837], [967, 837], [967, 881], [905, 881]], '그거', 0.9998788721061517), ([[186, 892], [274, 892], [274, 942], [186, 942]], '여름이', 0.9998146551883511), ([[703, 889], [823, 889], [823, 933], [703, 933]], '옷카이도는', 0.3576735145825565), ([[896, 882], [974, 882], [974, 932], [896, 932]], '알아?', 0.9997757010156911), ([[186, 940], [276, 940], [276, 990], [186, 990]], '끝나도', 0.9842444669978304), ([[713, 931], [815, 931], [815, 973], [713, 973]], '내지보다', 0.9999544620513916), ([[713, 971], [813, 971], [813, 1013], [713, 1013]], '시원해서', 0.9993537664413452), ([[170, 986], [288, 986], [288, 1038], [170, 1038]], '피어있어.', 0.6088379313970367), ([[683, 1231], [711, 1231], [711, 1249], [683, 1249]], '저', 0.027729232810156157), ([[158, 1364], [278, 1364], [278, 1460], [158, 1460]], '(', 0.05754653731755455), ([[1017, 1627], [1165, 1627], [1165, 1687], [1017, 1687]], '굉장하지?', 0.9993087815225163), ([[103, 1735], [169, 1735], [169, 1779], [103, 1779]], '하아', 0.9977745294671045), ([[1183.3824924789055, 585.0479518649956], [1217.380910202503, 590.785771226621], [1206.6175075210945, 656.9520481350044], [1172.619089797497, 651.214228773379]], '8', 0.20400483852880402), ([[578.8461538461538, 1278.2307692307693], [674.2437747110868, 1232.0086499439105], [685.1538461538462, 1259.7692307692307], [589.7562252889132, 1306.9913500560895]], "'':' :+", 0.006261229800657675)]
[([[582, 152], [670, 152], [670, 204], [582, 204]], '이렇게', 0.5330118624625381), ([[584, 200], [672, 200], [672, 254], [584, 254]], '넓은데', 0.9639000569378121), ([[192, 274], [292, 274], [292, 326], [192, 326]], '찾을 수', 0.33632283498933874), ([[194, 322], [288, 322], [288, 372], [194, 372]], '있흘리', 0.2698070589461238), ([[192, 368], [288, 368], [288, 422], [192, 422]], '없잡아', 0.7062019773541962), ([[200, 392], [226, 392], [226, 418], [200, 418]], '배', 0.24660931246691664), ([[328, 906], [398, 906], [398, 962], [328, 962]], '내일', 0.9999665355662857), ([[980, 888], [1082, 888], [1082, 944], [980, 944]], '말하지', 0.8173654838166096), ([[297, 959], [435, 959], [435, 1019], [297, 1019]], '돌아가야', 0.999299943447113), ([[964, 942], [1092, 942], [1092, 998], [964, 998]], '않앞논데', 0.1119409129023552), ([[970, 968], [1002, 968], [1002, 996], [970, 996]], '승', 0.17079179453175186), ([[308, 1016], [420, 1016], [420, 1070], [308, 1070]], '한다고', 0.9995989644968595), ([[1076, 1236], [1202, 1236], [1202, 1286], [1076, 1286]], '아무 말도', 0.9988103121379971), ([[1096, 1284], [1186, 1284], [1186, 1334], [1096, 1334]], '못하고', 0.9997112825473675), ([[1083, 1331], [1197, 1331], [1197, 1379], [1083, 1379]], '돌아가게', 0.9988753199577332), ([[1084, 1378], [1184, 1378], [1184, 1426], [1084, 1426]], '되다니:', 0.8238820433616638)]
[([[30, 168], [115, 168], [115, 222], [30, 222]], ']', 0.010716309874141905), ([[31, 219], [117, 219], [117, 812], [31, 812]], "'", 0.4230832525963457), ([[866, 612], [964, 612], [964, 668], [866, 668]], '어때?', 0.999808116929623), ([[58, 808], [84, 808], [84, 852], [58, 852]], '틀', 0.2561656260141376), ([[52, 868], [94, 868], [94, 896], [52, 896]], '표다', 0.0942905297710464), ([[46, 894], [100, 894], [100, 922], [46, 922]], '29.', 0.18472285618374268), ([[50, 918], [98, 918], [98, 950], [50, 950]], '표:', 0.0033505143052369), ([[33, 985], [75, 985], [75, 1287], [33, 1287]], '(', 0.18087030687272332), ([[38, 984], [114, 984], [114, 1720], [38, 1720]], "'", 0.7766365876272552), ([[667, 1701], [703, 1701], [703, 1741], [667, 1741]], '0 ,', 0.12349002528605696), ([[41, 1781], [105, 1781], [105, 1821], [41, 1821]], '#', 0.1690140653288985), ([[625.2716429592708, 654.0668719800622], [713.9849623527828, 680.6534815345407], [702.7283570407292, 715.9331280199378], [614.0150376472172, 689.3465184654593]], '* =', 0.11803709162324018)]
[([[708, 342], [852, 342], [852, 396], [708, 396]], '생각해보면', 0.9968997565595061), ([[690, 390], [868, 390], [868, 442], [690, 442]], '이번 여름방학', 0.9987808813791932), ([[913, 535], [933, 535], [933, 559], [913, 559]], '1"', 0.564605025724831), ([[903, 577], [928, 577], [928, 660], [903, 660]], '물', 0.10991321112465702), ([[904, 660], [930, 660], [930, 736], [904, 736]], '올', 0.13810891085599053), ([[806, 1254], [870, 1254], [870, 1306], [806, 1306]], '줄곧', 0.9995623751771474), ([[763, 1301], [909, 1301], [909, 1351], [763, 1351]], '히마리장과', 0.570736457818719), ([[806, 1350], [870, 1350], [870, 1400], [806, 1400]], '같이', 0.999260740042777), ([[776, 1396], [898, 1396], [898, 1448], [776, 1448]], '있있단 것', 0.10871888150312942), ([[802, 1444], [872, 1444], [872, 1492], [802, 1492]], '같다', 0.9988587698754692)]
[([[722, 520], [814, 520], [814, 574], [722, 574]], '이곳은', 0.9830740600742661), ([[682, 568], [854, 568], [854, 620], [682, 620]], '히마리장과의', 0.3653196688885567), ([[560, 656], [674, 656], [674, 706], [560, 706]], '추억으로', 0.8802319253498663), ([[554, 704], [680, 704], [680, 754], [554, 754]], '가득하다', 0.9973520040512085)]
[([[730, 52], [1226, 52], [1226, 132], [730, 132]], '7 숲 ( 통 # *', 0.13162567891473828), ([[1297, 219], [1313, 219], [1313, 269], [1297, 269]], '용', 0.9735072547526933), ([[1247, 261], [1289, 261], [1289, 373], [1247, 373]], '푹', 0.020851330041075977), ([[1297, 315], [1313, 315], [1313, 347], [1297, 347]], '8', 0.37629324891961247), ([[798, 594], [874, 594], [874, 694], [798, 694]], '올창', 0.000852282624449906), ([[1252, 412], [1308, 412], [1308, 714], [1252, 714]], '8', 0.27337982726394117), ([[791, 691], [879, 691], [879, 735], [791, 735]], '제대로', 0.9999964898995394), ([[1250, 734], [1314, 734], [1314, 762], [1250, 762]], '(/류#', 0.12809927761554718), ([[1247, 755], [1321, 755], [1321, 815], [1247, 815]], '(04', 0.599973201751709), ([[516, 820], [608, 820], [608, 870], [516, 870]], '찾아보:', 0.7678280270161533), ([[1254, 850], [1310, 850], [1310, 880], [1254, 880]], '춤책티', 0.010011677961667576), ([[1264, 878], [1304, 878], [1304, 906], [1264, 906]], '1타', 0.12645410988965766), ([[1260, 900], [1308, 900], [1308, 932], [1260, 932]], '표숲', 0.03244102985068665), ([[581, 1189], [621, 1189], [621, 1229], [581, 1229]], '자:', 0.9633376280006205), ([[1237, 961], [1323, 961], [1323, 1287], [1237, 1287]], '1', 0.052228952962881436), ([[1243, 1289], [1320, 1289], [1320, 1714], [1243, 1714]], '@', 0.004401191259040482), ([[1251, 1761], [1315, 1761], [1315, 1801], [1251, 1801]], '#', 0.36593862647409026)]
[([[43, 225], [111, 225], [111, 239], [43, 239]], '드므드', 0.6147314530251458), ([[742, 222], [790, 222], [790, 272], [742, 272]], '에', 0.9995016480645269), ([[357, 251], [401, 251], [401, 291], [357, 291]], '어;', 0.2679577751791653), ([[38, 230], [116, 230], [116, 370], [38, 370]], '몇', 0.30371911083881287), ([[334, 294], [438, 294], [438, 342], [334, 342]], '어째서?', 0.9991359710693359), ([[184, 352], [300, 352], [300, 402], [184, 402]], '피곤해서', 0.9966680407524109), ([[170, 400], [312, 400], [312, 450], [170, 450]], '환각이라도', 0.8787957446478506), ([[174, 448], [312, 448], [312, 498], [174, 498]], '보고 있냐?', 0.9617479546061805), ([[31, 415], [127, 415], [127, 784], [31, 784]], '축', 0.3377331001609072), ([[62, 794], [86, 794], [86, 838], [62, 838]], '틀', 0.7825655346105123), ([[56, 854], [100, 854], [100, 882], [56, 882]], '#료', 0.021016471585370393), ([[52, 880], [104, 880], [104, 908], [52, 908]], '24타', 0.2503167265561981), ([[51, 901], [106, 901], [106, 938], [51, 938]], '(위틈', 0.061781910447798), ([[37, 971], [76, 971], [76, 1113], [37, 1113]], '품', 0.0440784268781238), ([[35, 1111], [79, 1111], [79, 1283], [35, 1283]], '#', 0.4928544940969495), ([[35, 964], [121, 964], [121, 1709], [35, 1709]], "'", 0.5877390030792071), ([[216, 1438], [314, 1438], [314, 1544], [216, 1544]], '형리', 0.05225861053224959), ([[640, 1448], [704, 1448], [704, 1496], [640, 1496]], '팬티:', 0.4844486964942372), ([[1105, 1531], [1145, 1531], [1145, 1627], [1105, 1627]], '7', 0.46719472754478275), ([[43, 1767], [107, 1767], [107, 1807], [43, 1807]], '뼈', 0.11027202411640147)]
