2602602
60
[]
[([[233, 181], [647, 181], [647, 692], [233, 692]], '주', 0.02182814862417004), ([[595, 555], [755, 555], [755, 785], [595, 785]], '@', 0.9883357292136594), ([[743, 719], [877, 719], [877, 889], [743, 889]], '8', 0.6311590181429807), ([[1114, 796], [1188, 796], [1188, 894], [1114, 894]], '9', 0.7286110236245804), ([[855, 1137], [958, 1137], [958, 1204], [855, 1204]], '청작', 0.9952247366497201), ([[581, 1257], [783, 1257], [783, 1319], [581, 1319]], '아아아앗', 0.8916430473327637), ([[831, 1255], [1145, 1255], [1145, 1321], [831, 1321]], '잔뜩 낫다아아', 0.5570397472521328), ([[1123.5423015334727, 410.00551363911785], [1264.6750373337838, 439.6478242245906], [1172.4576984665273, 862.9944863608822], [1032.3249626662162, 832.3521757754095]], '~', 0.0817902970154174)]
[([[1607, 93], [1727, 93], [1727, 153], [1607, 153]], '묘.~', 0.007489146450671832), ([[248, 192], [632, 192], [632, 674], [248, 674]], '뜻', 0.002931037713408538), ([[1019, 415], [1253, 415], [1253, 661], [1019, 661]], '0', 0.029446938123905975), ([[1121, 803], [1185, 803], [1185, 889], [1121, 889]], '9', 0.45221738847533643), ([[833, 1141], [987, 1141], [987, 1201], [833, 1201]], '? ? ?', 0.9499969799260071), ([[570, 1253], [1247, 1253], [1247, 1321], [570, 1321]], '후후 @ 영상 데이터 취득 완료.', 0.5521227994851283), ([[1044.3585180328848, 21.008574429895454], [1445.572122971766, 272.4883463559416], [1334.6414819671152, 442.9914255701045], [933.4278770282341, 192.5116536440584]], '시회원', 0.010643850123648109)]
[([[824, 676], [1098, 676], [1098, 776], [824, 776]], '그날 밤.', 0.9233334208378309)]
[([[127, 43], [289, 43], [289, 87], [127, 87]], '문자 메시지', 0.9247658085200369), ([[97, 167], [195, 167], [195, 229], [97, 229]], '청작', 0.9963634865468761), ([[107, 219], [693, 219], [693, 264], [107, 264]], '일할 때는 괜찮지만, 놀이 중에는 방해하지 마세요~', 0.5392111275842417), ([[271, 297], [333, 297], [333, 337], [271, 337]], '청작', 0.9804189795347286), ([[303, 362], [639, 362], [639, 407], [303, 407]], '오늘도 무사히 업무완료~', 0.9695439379319348), ([[1496, 472], [1606, 472], [1606, 504], [1496, 504]], "'", 0.38410213339776433), ([[865, 1141], [1053, 1141], [1053, 1203], [865, 1203]], '카일류스', 0.43807828426361084), ([[420, 1247], [1500, 1247], [1500, 1304], [420, 1304]], '(이야-오늘도 기분 종앉어 .. 그나저나 청작도 대당하구나 . )', 0.28756229872411965)]
[([[203, 71], [459, 71], [459, 139], [203, 139]], '문자 메시지', 0.6871966952789192), ([[418, 40], [937, 40], [937, 308], [418, 308]], '피로림', 0.39185500144958496), ([[152, 266], [309, 266], [309, 365], [152, 365]], '청작', 0.9978505978705718), ([[169, 355], [1101, 355], [1101, 419], [169, 419]], '일할 때는 괜찮지만, 놀이 중예는 방해하지 마세요~', 0.4143872266761065), ([[436, 478], [528, 478], [528, 534], [436, 534]], '청작', 0.9985700042005526), ([[485, 579], [1015, 579], [1015, 647], [485, 647]], '오늘도 무사히 업무완로~', 0.6795307535840128), ([[865, 1143], [1055, 1143], [1055, 1203], [865, 1203]], '카일루스', 0.9933423399925232), ([[345, 1243], [1576, 1243], [1576, 1306], [345, 1306]], '(나도 마찬가지로 들키면 위험하켓지 .. 다른 나라 관청에 올래 들어가', 0.616660867934393), ([[431, 1293], [1099, 1293], [1099, 1353], [431, 1353]], '그곳의 스태프와 야스 한 겉 들권다면.', 0.4101655575761642), ([[1170, 1296], [1490, 1296], [1490, 1352], [1170, 1352]], '조심해야켓군 . )', 0.969087986357438)]
[([[127, 43], [289, 43], [289, 87], [127, 87]], '문자 메시지', 0.9332107401993139), ([[97, 167], [195, 167], [195, 229], [97, 229]], '청작', 0.9903897702374977), ([[107, 223], [693, 223], [693, 263], [107, 263]], '일할 때는 괜찮지만, 놀이 중에는 방해하지 마세요~', 0.44514689263123564), ([[271, 297], [333, 297], [333, 337], [271, 337]], '청작', 0.9984358675081664), ([[302, 364], [621, 364], [621, 407], [302, 407]], '오늘도 무사히 업무완료', 0.9220950470580028), ([[1494, 471], [1606, 471], [1606, 509], [1494, 509]], '카일루스', 0.9976509213447571), ([[1189, 531], [1625, 531], [1625, 575], [1189, 575]], '다행히 들키지 않앉나? 또 불러쥐', 0.8658334949194308), ([[1055.80037857078, 332.0450349913716], [1237.049344469178, 358.343896553313], [1212.19962142922, 496.9549650086284], [1030.950655530822, 470.656103446687]], '빚 /', 0.21996508538722992)]
[([[127, 43], [289, 43], [289, 87], [127, 87]], '문자 메시지', 0.9571911147902772), ([[97, 169], [195, 169], [195, 229], [97, 229]], '청작', 0.9979714010181974), ([[107, 223], [693, 223], [693, 263], [107, 263]], '일할 때는 괜찮지만, 놀이 중에는 방해하지 마세요~', 0.5463309394114966), ([[271, 297], [333, 297], [333, 337], [271, 337]], '청작', 0.9981592693734727), ([[302, 364], [639, 364], [639, 407], [302, 407]], '오늘도 무사히 업무완료~', 0.5848468938270514), ([[1494, 471], [1606, 471], [1606, 509], [1494, 509]], '카일루스', 0.9973016977310181), ([[1189, 531], [1625, 531], [1625, 575], [1189, 575]], '다행히 들키지 않앉나? 또 불러쥐', 0.8548796496918158), ([[727, 503], [885, 503], [885, 671], [727, 671]], '썩', 0.04569906637288401), ([[273, 639], [333, 639], [333, 677], [273, 677]], '청작', 0.9989108463581003), ([[303, 705], [775, 705], [775, 749], [303, 749]], '그럼요. 내일 오후에도 또 하자구요', 0.4679974282780891), ([[273, 813], [335, 813], [335, 851], [273, 851]], '청작', 0.9989673055790655), ([[304, 878], [734, 878], [734, 926], [304, 926]], '아; 그래도 다음엔 터통하고 해요', 0.27040927770610734)]
[([[127, 45], [289, 45], [289, 87], [127, 87]], '문자 메시지', 0.6709744998536787), ([[97, 169], [195, 169], [195, 229], [97, 229]], '청작', 0.9980624695417691), ([[107, 223], [693, 223], [693, 263], [107, 263]], '일할 때는 괜찮지만, 놀이 중에는 방해하지 마세요~', 0.5649811651741096), ([[273, 299], [333, 299], [333, 337], [273, 337]], '청작', 0.9987232736276588), ([[302, 364], [639, 364], [639, 407], [302, 407]], '오늘도 무사히 업무완료~', 0.6228774510087511), ([[1495, 471], [1607, 471], [1607, 509], [1495, 509]], '카일루스', 0.9984105825424194), ([[1189, 531], [1625, 531], [1625, 575], [1189, 575]], '다행히 들키지 않앉나? 또 불러쥐', 0.8896313260882093), ([[273, 639], [333, 639], [333, 677], [273, 677]], '청작', 0.9982575884661843), ([[303, 705], [775, 705], [775, 749], [303, 749]], '그럼요. 내일 오후에도 또 하자구요', 0.4889754221618333), ([[273, 813], [333, 813], [333, 851], [273, 851]], '청작', 0.99889719516439), ([[304, 878], [734, 878], [734, 926], [304, 926]], '아; 그래도 다음엔 손통하고 해요', 0.26580738878173604), ([[861, 1139], [1057, 1139], [1057, 1205], [861, 1205]], '된입름장', 0.0044507235288619995), ([[609, 1249], [1309, 1249], [1309, 1311], [609, 1311]], '(학지 신경 쓰고 외없물다?어어어 @-음6))', 0.00015622448292206716)]
[([[560, 678], [728, 678], [728, 940], [560, 940]], '{', 0.02292384152915461), ([[861, 1135], [1056, 1135], [1056, 1208], [861, 1208]], '카일루스', 0.9909555912017822), ([[852, 1253], [1053, 1253], [1053, 1321], [852, 1321]], '( ? ! !)', 0.8128836520658332), ([[1071.3366791030649, -8.992141850663895], [1588.8137603860212, 259.7759135884716], [1472.6633208969351, 468.99214185066387], [955.1862396139788, 199.2240864115284]], '빠화-운', 0.006441690493375063)]
[([[127, 45], [289, 45], [289, 87], [127, 87]], '문자 메시지', 0.7429199280246748), ([[105, 169], [291, 169], [291, 229], [105, 229]], '천재소녀', 0.9996489882469177), ([[341, 169], [593, 169], [593, 231], [341, 231]], '실버 - 울프', 0.8110751203296882), ([[107, 225], [339, 225], [339, 263], [107, 263]], '꽤나 좋은 곳에 앉어', 0.3074069675361785), ([[273, 301], [559, 301], [559, 337], [273, 337]], '천재소녀 령실버 - 울프', 0.3264992051339019), ([[303, 365], [621, 365], [621, 407], [303, 407]], '오늘도 무사히 업무완료', 0.6531933032372905), ([[1494, 471], [1606, 471], [1606, 507], [1494, 507]], '카일루스', 0.9947545528411865), ([[1189, 531], [1625, 531], [1625, 575], [1189, 575]], '다행히 들키지 않앉나? 또 불러쥐', 0.8177444914317263), ([[273, 639], [385, 639], [385, 677], [273, 677]], '천재소녀', 0.9990556240081787), ([[411, 639], [561, 639], [561, 677], [411, 677]], '실버 - 울프', 0.8106810724001928), ([[303, 705], [775, 705], [775, 749], [303, 749]], '그럼요. 내일 오후에도 또 하자구요', 0.5988200302679368), ([[273, 813], [385, 813], [385, 851], [273, 851]], '천재소녀', 0.9990065097808838), ([[411, 815], [559, 815], [559, 851], [411, 851]], '실버 - 울프', 0.9364986657582837), ([[304, 878], [734, 878], [734, 926], [304, 926]], '아; 그래도 다음엔 터통하고 해요', 0.2549717501229844), ([[863, 1139], [1057, 1139], [1057, 1207], [863, 1207]], '된입류스', 0.004540903493762016), ([[706, 1250], [1215, 1250], [1215, 1314], [706, 1314]], '잠깐? 어8 @ 이레 %이?@ ', 0.026277999192632504)]
[([[808, 686], [1110, 686], [1110, 782], [808, 782]], '프홀로그', 0.9504731297492981)]
[([[127, 43], [289, 43], [289, 87], [127, 87]], '문자 메시지', 0.9373555017583434), ([[105, 169], [291, 169], [291, 229], [105, 229]], '천재소녀', 0.9996241927146912), ([[341, 169], [593, 169], [593, 231], [341, 231]], '실버 - 울프', 0.8519119262805653), ([[107, 223], [339, 223], [339, 263], [107, 263]], '꽤나 좋은 곳에 앉어', 0.379412498801871), ([[303, 287], [773, 287], [773, 329], [303, 329]], '그럼요. 내일 오후에도 또 하자구요', 0.6494672121851939), ([[273, 397], [385, 397], [385, 433], [273, 433]], '천재소녀', 0.9994896054267883), ([[411, 397], [561, 397], [561, 433], [411, 433]], '실버 - 울프', 0.6809390830923322), ([[303, 463], [357, 463], [357, 505], [303, 505]], '아;', 0.8270416982618501), ([[446, 458], [734, 458], [734, 507], [446, 507]], '다음엔 홍통하고 해요', 0.2853808209331309), ([[273, 569], [585, 569], [585, 605], [273, 605]], '천재소녀 사실버 - 울프루', 0.2881392883191152), ([[305, 635], [371, 635], [371, 673], [305, 673]], '야아', 0.7368176599849583), ([[863, 1139], [1057, 1139], [1057, 1205], [863, 1205]], '된입류속', 0.0007516093319281936), ([[633, 1281], [747, 1281], [747, 1301], [633, 1301]], '0꺾쥐)0000)', 0.0002773666755451771), ([[749, 1249], [1295, 1249], [1295, 1313], [749, 1313]], '잠깐6 이 여설 봄 적이 외어', 0.04920902029824972), ([[549.9927539972297, 673.0202991312966], [735.6856328372467, 652.3987334233775], [762.0072460027703, 970.9797008687034], [575.3143671627533, 991.6012665766225]], '깊', 0.00560851025877529)]
[([[127, 44], [289, 44], [289, 87], [127, 87]], '문자 메시지', 0.9998232368299024), ([[105, 167], [291, 167], [291, 229], [105, 229]], '천재소녀', 0.9952080845832825), ([[339, 169], [427, 169], [427, 229], [339, 229]], '실반', 0.08361772756151066), ([[496, 172], [592, 172], [592, 228], [496, 228]], '울프', 0.9951132899821199), ([[105, 225], [341, 225], [341, 263], [105, 263]], '꽤나 좋은 국에 앓어', 0.2446955131665986), ([[303, 287], [401, 287], [401, 327], [303, 327]], '그럼요', 0.9807494577442563), ([[410, 294], [444, 294], [444, 324], [410, 324]], '내', 0.997670816245332), ([[637, 289], [775, 289], [775, 329], [637, 329]], '하자구요!', 0.5990513233092475), ([[326, 400], [384, 400], [384, 430], [326, 430]], '소녀', 0.968921247682696), ([[587, 407], [639, 407], [639, 449], [587, 449]], '야', 0.8204164923971611), ([[353, 461], [447, 461], [447, 501], [353, 501]], '그래도', 0.81999272108078), ([[485, 485], [507, 485], [507, 499], [485, 499]], '무', 0.01113408413707001), ([[537, 456], [734, 456], [734, 506], [537, 506]], "'흔플하고 해요", 0.25541955193060734), ([[275, 569], [385, 569], [385, 605], [275, 605]], '전재스녀', 0.5248202681541443), ([[416, 572], [470, 572], [470, 602], [416, 602]], '실버', 0.953279928875411), ([[503, 569], [589, 569], [589, 607], [503, 607]], '골프 `', 0.6220602469756884), ([[303, 635], [373, 635], [373, 673], [303, 673]], '야아', 0.9724310216489747), ([[863, 1139], [1057, 1139], [1057, 1205], [863, 1205]], '된입류장', 0.0011964775621891022), ([[591, 1251], [1329, 1251], [1329, 1313], [591, 1313]], '맨때 타프화국} 옆에 외덩6 해컨 음항이다@', 0.0022806145331908047), ([[1490.3009300182812, 31.030602208406226], [1620.988493858938, 99.57108757804359], [1587.6990699817188, 160.96939779159376], [1456.011506141062, 92.42891242195641]], '우리늄', 0.40862154278901686), ([[1440.4315172140298, 50.017971981670534], [1595.6060681821791, 163.36644908086325], [1550.5684827859702, 225.98202801832946], [1395.3939318178209, 112.63355091913675]], '@그들과', 0.8823962211608887), ([[1433.4340456828731, 137.02004412851014], [1602.7916409602258, 235.1860730039686], [1567.5659543171269, 293.97995587148984], [1398.2083590397742, 194.8139269960314]], '마주치면', 0.3157097399234772), ([[1594.1960103523052, 228.04050248782002], [1700.9997356202184, 284.9349614990226], [1668.8039896476948, 342.95949751218], [1562.0002643797816, 286.0650385009774]], '안돼', 0.6354523962658066), ([[426.7529193085801, 253.1692674366285], [636.641710001744, 220.54111062358302], [647.2470806914199, 348.8307325633715], [437.358289998256, 382.458889376417]], '[발안돈쪽', 0.009656773658226842), ([[453.7530495244558, 378.0024396195646], [671.9794249196816, 330.0900603853093], [685.2469504755443, 395.9975603804354], [467.02057508031845, 444.9099396146907]], '기억하다고', 0.6563992254362303), ([[226.43454584914335, 357.2078196418304], [310.7921110656375, 350.38950536150594], [312.5654541508566, 405.7921803581696], [228.20788893436244, 412.61049463849406]], '으응', 0.9700061547952951), ([[1016.1914939927781, 359.0468483378912], [1110.924424236477, 399.9741593723738], [1084.808506007222, 458.9531516621088], [989.0755757635229, 418.0258406276262]], '알고', 0.9997970268114237), ([[1098.043064939372, 405.05743899678816], [1201.7051523075484, 436.8481106168108], [1179.956935060628, 503.94256100321184], [1075.2948476924516, 472.1518893831892]], '있어', 0.9801081542662657), ([[473.18789204271775, 429.2079357836864], [573.145770236779, 418.8785248026842], [576.8121079572823, 487.7920642163136], [476.854229763221, 499.1214751973158]], '햇장', 0.09337506018342384), ([[990.1711513259244, 412.04305272887376], [1086.9800264961036, 463.43504237195725], [1054.8288486740757, 523.9569472711262], [958.0199735038964, 472.56495762804275]], '은랑', 0.4491337659610453), ([[1647.0169070331804, 557.0538540019409], [1761.5660445462547, 589.2390434933559], [1737.9830929668196, 665.9461459980591], [1623.4339554537453, 633.7609565066441]], '@', 0.999908926176488), ([[777.4533355807268, 582.0186994786125], [972.862559291793, 681.5234630437948], [938.5466644192732, 743.9813005213875], [744.137440708207, 644.4765369562052]], '조금만 더', 0.43637514041612946), ([[748.4419223361707, 637.0194894072413], [930.8535325414193, 734.4761802531574], [896.5580776638293, 795.9805105927587], [714.1464674585807, 698.5238197468426]], '조금만 터 ', 0.4378828528822036), ([[924.196010352305, 726.04050248782], [1020.9997027514072, 783.9310370452465], [985.803989647695, 840.95949751218], [889.0002972485928, 783.0689629547535]], '하면', 0.992074916602956), ([[293.82000635998094, 778.9120101759695], [424.9236384939287, 749.5710374774425], [435.17999364001906, 805.0879898240305], [303.0763615060713, 834.4289625225575]], '있어서', 0.9253574276216884), ([[165.34173543490184, 810.2442560653724], [299.10537166951997, 782.8479879257746], [307.65826456509814, 832.7557439346276], [173.89462833048, 860.1520120742254]], '그에제', 0.22439697937479536), ([[268.6923076923077, 842.4615384615385], [360.7394692600336, 827.3206751797107], [366.3076923076923, 877.5384615384615], [275.2605307399664, 893.6793248202893]], '별로', 0.8239321422725931)]
[([[127, 45], [289, 45], [289, 87], [127, 87]], '문자 메시지', 0.7041645357484381), ([[1167, 128], [1344, 128], [1344, 152], [1167, 152]], '가디-)어가50)', 0.000997885876562679), ([[1355, 129], [1511, 129], [1511, 149], [1355, 149]], '초9) 0 9 7<', 0.03500881200820143), ([[105, 169], [291, 169], [291, 229], [105, 229]], '천재소녀', 0.9996339678764343), ([[341, 169], [593, 169], [593, 231], [341, 231]], '실버 - 울프', 0.827652057949585), ([[107, 223], [339, 223], [339, 263], [107, 263]], '꽤나 종은 곳에 앉어', 0.39514183062838293), ([[303, 287], [773, 287], [773, 329], [303, 329]], '그럼요. 내일 오후에도 또 하자구요', 0.6853880223466788), ([[273, 397], [561, 397], [561, 433], [273, 433]], '천재소녀 ;실버 - 울프', 0.39881006287746423), ([[304, 458], [734, 458], [734, 508], [304, 508]], '아; 그래도 다음엔 홍통하고 해요', 0.16268534041441107), ([[273, 569], [585, 569], [585, 605], [273, 605]], '천재소녀 실버 - 울프루', 0.39399511818781985), ([[878, 538], [986, 538], [986, 642], [878, 642]], '6', 0.09311892474642836), ([[305, 635], [371, 635], [371, 673], [305, 673]], '야아', 0.762784763437722), ([[950, 690], [1006, 690], [1006, 754], [950, 754]], '빚', 0.12728137298508102), ([[1495, 729], [1607, 729], [1607, 767], [1495, 767]], '카일루스', 0.9934579730033875), ([[1048, 791], [1620, 791], [1620, 841], [1048, 841]], '은랑.. 이렇게 해굉올 해서 월 하려는 거야?', 0.1543229501883723), ([[554.0251953221502, 675.019804924896], [730.0409996298448, 649.768033697103], [765.9748046778498, 968.980195075104], [589.9590003701552, 994.231966302897]], "'", 0.015247807104469546)]
[([[127, 45], [289, 45], [289, 87], [127, 87]], '문자 메시지', 0.6693048798467952), ([[105, 169], [291, 169], [291, 229], [105, 229]], '천재소녀', 0.9996128082275391), ([[341, 169], [593, 169], [593, 231], [341, 231]], '실버 - 울프', 0.8544042705524821), ([[107, 225], [339, 225], [339, 263], [107, 263]], '꽤나 좋은 곳에 앉어', 0.4067763531172781), ([[273, 301], [585, 301], [585, 339], [273, 339]], '천재소녀 ;실버 - 울프루', 0.23371741714449895), ([[305, 369], [373, 369], [373, 407], [305, 407]], '아아', 0.6068349456258285), ([[618, 320], [744, 320], [744, 444], [618, 444]], '(', 0.3658975345502065), ([[1495, 463], [1607, 463], [1607, 501], [1495, 501]], '카일루스', 0.9933558702468872), ([[605, 421], [717, 421], [717, 661], [605, 661]], '벼', 0.01901562362741438), ([[1047, 523], [1119, 523], [1119, 567], [1047, 567]], '은랑.', 0.6235114275446705), ([[1143, 523], [1619, 523], [1619, 567], [1143, 567]], '이렇게 해굉올 해서 월 하려는 거야?', 0.23472428137063478), ([[271, 621], [583, 621], [583, 661], [271, 661]], '천재소녀 스실버 - 울프잔', 0.11213440908695638), ([[272, 791], [585, 791], [585, 829], [272, 829]], '천재소녀 낯실버 - 울프%', 0.11520343734292204), ([[302, 856], [1166, 856], [1166, 905], [302, 905]], '너에제 부탁이 있어. 우주정거장 [헤르타] 에 나름 넣어주길 바라', 0.4141382644465649)]
[([[127, 45], [289, 45], [289, 87], [127, 87]], '문자 메시지', 0.6266176818485837), ([[105, 168], [290, 168], [290, 228], [105, 228]], '천재소녀', 0.8942137702203619), ([[341, 169], [593, 169], [593, 231], [341, 231]], '실버 - 울프', 0.8414062975922401), ([[107, 225], [339, 225], [339, 263], [107, 263]], '꽤나 좋은 곳에 앉어', 0.4159889211268712), ([[275, 363], [559, 363], [559, 401], [275, 401]], '천재소녀 낯실버 - 울프', 0.23163404660723377), ([[300, 428], [1166, 428], [1166, 476], [300, 476]], '너에제 부탁이 있어. 우주정거장 [해르타] 에 나름 넣어주길 바라', 0.6478295708529359), ([[1171, 379], [1327, 379], [1327, 557], [1171, 557]], '백', 0.13687197468673507), ([[550, 495], [670, 495], [670, 600], [550, 600]], '@', 0.7040404024724154), ([[1495, 527], [1607, 527], [1607, 563], [1495, 563]], '카일루스', 0.9921598709528066), ([[1175, 587], [1619, 587], [1619, 631], [1175, 631]], '저번엔 스스로 알아서 들어갖관아', 0.6233925284369057), ([[273, 685], [383, 685], [383, 723], [273, 723]], '천재소녀', 0.9984407424926758), ([[411, 687], [589, 687], [589, 723], [411, 723]], '실버 - 울프앞', 0.19350548037033016), ([[614, 640], [696, 640], [696, 720], [614, 720]], '엔', 0.01908395449607725), ([[301, 753], [1137, 753], [1137, 795], [301, 795]], '그때는 카프카가 있엎으니까. 게다가 가짜 신분등록도 얼마 전에', 0.6487852605285686), ([[305, 793], [739, 793], [739, 835], [305, 835]], '[로 수법이 들통나서 쓸 수 없어', 0.40302098483733373), ([[1497, 851], [1607, 851], [1607, 889], [1497, 889]], '카일루스', 0.9931663274765015), ([[1551, 911], [1617, 911], [1617, 953], [1551, 953]], '싫어', 0.9968806213763846), ([[275, 1011], [587, 1011], [587, 1049], [275, 1049]], '천재소녀 감실버 - 울프', 0.3502743074013196), ([[293, 1071], [1052, 1071], [1052, 1120], [293, 1120]], '[별사냥 게임_  시작 전에 낙서클 추가 하고 싶올 뿐이야...', 0.297762668668277), ([[1497, 1173], [1607, 1173], [1607, 1209], [1497, 1209]], '카일루스', 0.9979478716850281), ([[1359, 1149], [1473, 1149], [1473, 1277], [1359, 1277]], '백', 0.6266961286219477), ([[1548, 1230], [1619, 1230], [1619, 1279], [1548, 1279]], '싫어', 0.9952304605953893)]
[([[227, 0], [619, 0], [619, 59], [227, 59]], '꼬시스니', 0.017820011338635606), ([[763, 0], [1371, 0], [1371, 63], [763, 63]], '근니   크- %', 0.10346044533813879), ([[218, 63], [739, 63], [739, 143], [218, 143]], '꽤나 좋은 곳에 앞어', 0.3803312266931894), ([[609, 525], [854, 525], [854, 606], [609, 606]], '천재소녀', 0.8432509623892391), ([[922, 528], [1258, 528], [1258, 606], [922, 606]], '실버 - 울프', 0.7870248812027054), ([[676, 686], [1017, 686], [1017, 771], [676, 771]], '할 수 없네...', 0.11929333948001299)]
[([[538, 10], [793, 10], [793, 77], [538, 77]], '할수 없네.', 0.5747374001952632), ([[495, 201], [683, 201], [683, 263], [495, 263]], '천재소녀', 0.9980562329292297), ([[731, 201], [985, 201], [985, 263], [731, 263]], '실버 - 울프', 0.8899062089585421), ([[1384, 228], [1612, 228], [1612, 372], [1384, 372]], '떼로', 0.38536510975238014), ([[1617, 728], [1920, 728], [1920, 1012], [1617, 1012]], '-', 0.08682507879488188), ([[583, 1145], [689, 1145], [689, 1161], [583, 1161]], '00:00/0609', 0.3723067499123073), ([[485, 1199], [1256, 1199], [1256, 1243], [485, 1243]], '천재소녀 숫실버 - 울프펼가 미디어 파일올 송신햇습니다.', 0.11875186737503958)]
[([[145, 0], [471, 0], [471, 35], [145, 35]], '내나 홍권 숫에 젓어', 0.12471293689073588), ([[364, 254], [522, 254], [522, 308], [364, 308]], '천재소녀', 0.9993856549263), ([[562, 256], [772, 256], [772, 308], [562, 308]], '실버 - 울프', 0.9500805967027893), ([[1180, 170], [1506, 170], [1506, 388], [1180, 388]], '^', 0.11151403225289869), ([[406, 343], [618, 343], [618, 395], [406, 395]], '할 수없네...', 0.5820598032660707), ([[364, 490], [524, 490], [524, 544], [364, 544]], '천재소녀', 0.9993584752082825), ([[562, 492], [774, 492], [774, 544], [562, 544]], '실버 - 울프', 0.7121062530050316), ([[950, 546], [1002, 546], [1002, 578], [950, 578]], '아앗', 0.9071508169274577), ([[910, 586], [1040, 586], [1040, 618], [910, 618]], '카일루스 씨', 0.9774200076406484), ([[244, 754], [294, 754], [294, 784], [244, 784]], '슬슬', 0.6180035458087281), ([[1029, 703], [1193, 703], [1193, 837], [1029, 837]], '광', 0.5424627527343127), ([[215, 789], [325, 789], [325, 825], [215, 825]], '태복 넘이', 0.9459937099229001), ([[207, 829], [331, 829], [331, 865], [207, 865]], '온다구요오', 0.9989911649292359), ([[165, 1007], [369, 1007], [369, 1237], [165, 1237]], '땅', 0.36365002863840346), ([[439, 1215], [521, 1215], [521, 1231], [439, 1231]], '00,05 706309', 0.22446197755689368), ([[362, 1256], [942, 1256], [942, 1288], [362, 1288]], '천재소녀 다실버 - 울프갖가 미디어 파일올 승신햇습니다.', 0.12804246368499564)]
[([[127, 45], [289, 45], [289, 87], [127, 87]], '문자 메시지', 0.9984468152855253), ([[105, 169], [291, 169], [291, 229], [105, 229]], '천재소녀', 0.9996418952941895), ([[341, 169], [593, 169], [593, 233], [341, 233]], '실버 - 울프', 0.9936973579518144), ([[107, 225], [339, 225], [339, 263], [107, 263]], '꽤나 좋은 곳에 앉어', 0.3673175428544793), ([[273, 297], [561, 297], [561, 333], [273, 333]], '천재소녀 사실버 - 울프', 0.5225458789956534), ([[693, 347], [800, 347], [800, 375], [693, 375]], '카입루스 씨도', 0.4952561930289192), ([[714, 376], [784, 376], [784, 402], [714, 402]], '은하연차', 0.3627879321575165), ([[488, 396], [556, 396], [556, 422], [488, 422]], '일정이.', 0.7287939190864563), ([[714, 406], [770, 406], [770, 430], [714, 430]], '눈들과.', 0.5854060053825378), ([[480, 424], [550, 424], [550, 450], [480, 450]], '있잡아요', 0.38049906492233276), ([[147, 423], [215, 423], [215, 489], [147, 489]], '%8', 0.01710722948367598), ([[488, 452], [542, 452], [542, 478], [488, 478]], '으아앗', 0.6642194721327415), ([[231, 673], [285, 673], [285, 709], [231, 709]], '상관', 0.7051827395159163), ([[784, 618], [858, 618], [858, 700], [784, 700]], '장', 0.3261967364596927), ([[231, 715], [287, 715], [287, 751], [231, 751]], '없어', 0.999922872138422), ([[325, 819], [353, 819], [353, 833], [325, 833]], '00.19', 0.20108818944862922), ([[268, 842], [654, 842], [654, 866], [268, 866]], '천재소녀 갑실버 - 울프방가 미디어 파일은 숨신햇습니다 .', 0.10125712363778033), ([[273, 913], [385, 913], [385, 951], [273, 951]], '천재소녀', 0.9891292452812195), ([[413, 915], [585, 915], [585, 951], [413, 951]], '실버 - 울프', 0.8249221325156886), ([[294, 976], [992, 976], [992, 1024], [294, 1024]], '협력하지 않으면 이거 태복사랑 은하열차팀에 뿌길 거야', 0.674164992523298), ([[1495, 1075], [1607, 1075], [1607, 1113], [1495, 1113]], '카일루스', 0.9945924282073975), ([[1164, 1136], [1563, 1136], [1563, 1179], [1164, 1179]], '어디서 그걸 찍고 있던 거야!!!', 0.3244674471250202), ([[1165, 1176], [1510, 1176], [1510, 1219], [1165, 1219]], '알앗다고 협력한다니까!!!', 0.3395268462265918), ([[1165, 1217], [1579, 1217], [1579, 1259], [1165, 1259]], '절대 뿌리지 마!! 말살당하다!! !', 0.6909291512445266)]
[([[125, 45], [289, 45], [289, 87], [125, 87]], '문자 메시지', 0.9822480562852764), ([[105, 167], [291, 167], [291, 229], [105, 229]], '천재소녀', 0.9959816336631775), ([[341, 169], [593, 169], [593, 231], [341, 231]], '실버 _ 울프', 0.3627826776483406), ([[105, 225], [339, 225], [339, 263], [105, 263]], '꽤냐 중은 긋에 앉어', 0.3304894314418392), ([[273, 297], [589, 297], [589, 333], [273, 333]], '건 스   실내 _ 틀프', 0.027682189269523608), ([[694, 348], [800, 348], [800, 374], [694, 374]], "'카일무스 씨도", 0.45660627733772213), ([[714, 376], [784, 376], [784, 402], [714, 402]], '은하연차', 0.8495147228240967), ([[488, 396], [556, 396], [556, 422], [488, 422]], '임정이 .', 0.1705212453526833), ([[714, 404], [782, 404], [782, 430], [714, 430]], '분들과; -', 0.14916202612480362), ([[480, 424], [548, 424], [548, 450], [480, 450]], '있잡아요', 0.1775338500738144), ([[488, 452], [542, 452], [542, 476], [488, 476]], '으아앗', 0.8822623320065638), ([[231, 673], [285, 673], [285, 709], [231, 709]], '상관', 0.9999235464728307), ([[613, 629], [1307, 629], [1307, 737], [613, 737]], '이리하여 카일루스는', 0.934425301043745), ([[229, 715], [287, 715], [287, 751], [229, 751]], '없어', 0.9995295892901119), ([[303, 727], [1018, 727], [1018, 829], [303, 829]], '우주정거장 [헤르다]', 0.45997042594109677), ([[1056, 728], [1614, 728], [1614, 830], [1056, 830]], '로은랑의 침입올', 0.6663165265460043), ([[268, 841], [658, 841], [658, 867], [268, 867]], ':\'오 : : \' 하  *"\' -: .', 0.002372863563377894), ([[676, 828], [1250, 828], [1250, 926], [676, 926]], '도와주게 되있다', 0.6054871266225559), ([[270, 911], [473, 911], [473, 951], [270, 951]], "'푹패스너실버", 0.02382476771802144), ([[502, 916], [588, 916], [588, 948], [502, 948]], "'", 0.14087516009002687), ([[295, 977], [991, 977], [991, 1021], [295, 1021]], '협력하지 않으면 이거 태복사랑 은하열차팀에 뿌길 거야', 0.6620092287940881), ([[1495, 1075], [1607, 1075], [1607, 1113], [1495, 1113]], '가;_ ', 0.03889872641911918), ([[1162, 1134], [1564, 1134], [1564, 1182], [1162, 1182]], '어디서 그결 찍고 있년 거야! !', 0.40725665336806166), ([[1162, 1176], [1500, 1176], [1500, 1218], [1162, 1218]], '알앉다그 협력한다니까!', 0.28451366008302315), ([[1165, 1217], [1579, 1217], [1579, 1259], [1165, 1259]], '절대 뿌리지 마!! 말살당하다!! !', 0.7463319037720383)]
[([[649, 684], [1268, 684], [1268, 786], [649, 786]], '태복사의 서고에서', 0.9434802367637021), ([[39, 1365], [269, 1365], [269, 1427], [39, 1427]], '도극,장-', 0.002777221780417706)]
[([[663, 569], [1255, 569], [1255, 678], [663, 678]], '다음날 이름 아침.', 0.5250151144978322), ([[161, 667], [1743, 667], [1743, 775], [161, 775]], '은항은 카일루스의 안내로 인해 무사히 침입하여', 0.8366541933983352), ([[1728, 728], [1752, 728], [1752, 766], [1728, 766]], '9', 0.8197506315036129), ([[66, 766], [1854, 766], [1854, 870], [66, 870]], '추가한 낙서가 마을 때까지 두 사람은 잠시 한가해적다.', 0.4198799125840403)]
[([[742, 1144], [930, 1144], [930, 1206], [742, 1206]], '카일루스', 0.9789809584617615), ([[781, 1251], [931, 1251], [931, 1295], [781, 1295]], '저기 은랑:', 0.9145837844682597)]
[([[787, 1145], [887, 1145], [887, 1205], [787, 1205]], '은랑', 0.7820578497066385), ([[690, 1244], [1027, 1244], [1027, 1297], [690, 1297]], '워야 지금 게임 중이야', 0.6156958892594581)]
[([[741, 1143], [933, 1143], [933, 1207], [741, 1207]], '카일름스', 0.471597284078598), ([[482, 1248], [1196, 1248], [1196, 1300], [482, 1300]], '나; 이번에 협박만 당하고 아무컷9 얻지 못끝습데', 0.06277235790263436), ([[670, 1296], [1046, 1296], [1046, 1346], [670, 1346]], '적어도 한 번만 시켜출래?', 0.9359435273128229)]
[([[787, 1145], [889, 1145], [889, 1205], [787, 1205]], '은랑', 0.7149721904583016), ([[599, 1251], [639, 1251], [639, 1293], [599, 1293]], '음', 0.9699144740891406), ([[878, 1264], [936, 1264], [936, 1272], [878, 1272]], '060 %60', 0.1091553001161172), ([[937, 1261], [1089, 1261], [1089, 1275], [937, 1275]], '000000000000000', 0.6014301867228001)]
[([[128, 805], [250, 805], [250, 1326], [128, 1326]], '월', 0.009151584172853389), ([[787, 1145], [889, 1145], [889, 1207], [787, 1207]], '은랑', 0.655128783710784), ([[834, 1248], [910, 1248], [910, 1296], [834, 1296]], '동@', 0.08523157921704785)]
[([[642, 216], [696, 216], [696, 274], [642, 274]], '으', 0.9545902591481905), ([[644, 300], [696, 300], [696, 398], [644, 398]], '옷', 0.32680774260393264), ([[497, 799], [727, 799], [727, 1003], [497, 1003]], '골', 0.002260825035460892), ([[975, 839], [1181, 839], [1181, 1045], [975, 1045]], '#중', 0.9557448148001284), ([[782, 1580], [1002, 1580], [1002, 1654], [782, 1654]], '탑일튿등', 0.0173270832747221), ([[261, 1691], [1525, 1691], [1525, 1759], [261, 1759]], '@@@터 역지 음량 따라로 망 현기음 헤나젊다 생각하고 있없다 보예', 0.005700658059597801), ([[1213.2409594701844, -19.991768424503746], [1584.5970805341053, 277.7045284896778], [1397.7590405298156, 510.99176842450373], [1025.4029194658947, 213.29547151032224]], '(저', 0.05187908372112526), ([[553.1053642845792, 1159.0138028203648], [927.6556089393988, 1312.543984255835], [826.8946357154208, 1540.9861971796352], [452.34439106060114, 1386.456015744165]], '탓3 =', 0.11732777669361154)]
[([[556, 110], [652, 110], [652, 206], [556, 206]], '72', 0.023453836131327715), ([[642, 216], [698, 216], [698, 284], [642, 284]], '으', 0.930297292394787), ([[642, 298], [696, 298], [696, 398], [642, 398]], '옷', 0.85619818389263), ([[832, 1578], [951, 1578], [951, 1653], [832, 1653]], '음량', 0.48738226941796553), ([[313, 1691], [1331, 1691], [1331, 1759], [313, 1759]], '딱모 딱히6 공제 예과 예문 한과 할럿 꿈으- 음고육어 ', 0.001676351842403303), ([[1419, 1701], [1473, 1701], [1473, 1745], [1419, 1745]], '까', 0.5645033343149954), ([[88.0542968817191, 594.0560938064405], [209.82511417880013, 629.3363930486015], [188.9457031182809, 693.9439061935595], [67.17488582119988, 659.6636069513985]], '아라', 0.26812913888303197), ([[1368.8514348102906, 842.0286962058095], [1570.553021258988, 899.6765646644352], [1512.1485651897094, 1087.9713037941904], [1310.446978741012, 1030.3234353355647]], '#국', 0.9052644041926632), ([[952.0035986450653, 1230.0155165065953], [1295.8724422796074, 1361.5802430146525], [1192.9964013549347, 1614.9844834934047], [849.1275577203926, 1483.4197569853475]], '낫%', 0.07922432519606122), ([[1334.0194193243092, 1696.0970966215455], [1424.7590412191041, 1709.4665311627332], [1415.9805806756908, 1755.9029033784545], [1325.2409587808959, 1741.5334688372668]], '(형', 0.13180638205050535)]
[([[273, 89], [317, 89], [317, 131], [273, 131]], '(', 0.7073845014468851), ([[259, 117], [351, 117], [351, 211], [259, 211]], '72', 0.9570995734214072), ([[634, 853], [870, 853], [870, 1057], [634, 1057]], '"', 0.03897409786909756), ([[37, 1090], [267, 1090], [267, 1153], [37, 1153]], '그, 그니까', 0.7093429774513581), ([[78, 1156], [210, 1156], [210, 1212], [78, 1212]], '그건..', 0.3981914222240448), ([[782, 1580], [1002, 1580], [1002, 1652], [782, 1652]], '뵈입튿속', 0.002844730857759714), ([[373, 1690], [1413, 1690], [1413, 1759], [373, 1759]], '및아숙나; 사성활음 올래 외영하고 현조용으록 쓰다니6@', 0.014674812551661394), ([[373, 1741], [1417, 1741], [1417, 1805], [373, 1805]], '현재 해0 @전에 자림으물세 에떠려-; 그렇제 않아?8', 0.02389880594057859), ([[40.00772212328633, 671.0617769862906], [162.68753289730589, 698.7859905255759], [144.99227787671367, 766.9382230137094], [22.312467102694107, 739.2140094744241]], '아리', 0.9975807859462804)]
[([[1591, 1225], [1669, 1225], [1669, 1269], [1591, 1269]], '그치', 0.9999956167305686), ([[835, 1583], [949, 1583], [949, 1651], [835, 1651]], '올량', 0.41868101658925727), ([[501, 1693], [1291, 1693], [1291, 1759], [501, 1759]], '조. 좀 네문없다오 어쑤 생각하고6 외어6', 0.0007072929742522691), ([[257.86401127970703, 909.0497285886601], [429.86800652845756, 935.6943029637484], [408.13598872029297, 1048.9502714113398], [236.13199347154244, 1022.3056970362516]], '4근', 0.1697047313138713)]
[([[913, 1141], [1011, 1141], [1011, 1203], [913, 1203]], '청작', 0.9982518594266631), ([[682, 1256], [770, 1256], [770, 1310], [682, 1310]], '으응-', 0.7865196112116845), ([[809, 1253], [1297, 1253], [1297, 1313], [809, 1313]], '아앗 .. 앗, 거기 기분좋아아', 0.34672820817887984)]
[([[756, 468], [834, 468], [834, 570], [756, 570]], '군', 0.5640230043163719), ([[1548, 1144], [1780, 1144], [1780, 1194], [1548, 1194]], '그럼 사양 양고', 0.9488446708608012), ([[832, 1578], [951, 1578], [951, 1653], [832, 1653]], '음량', 0.5720104419026499), ([[539, 1695], [681, 1695], [681, 1755], [539, 1755]], '딸리해', 0.07287111739795034), ([[670, 1722], [712, 1722], [712, 1746], [670, 1746]], '000', 0.7682073821588524), ([[717, 1695], [1249, 1695], [1249, 1757], [717, 1757]], '무리면 마음이 플리늄 폐지?', 0.07378535518913659), ([[661, 1742], [1127, 1742], [1127, 1807], [661, 1807]], '@ 뺨리 페임하고 싶거름', 0.014034014400872489), ([[742.3187231979003, 398.0290614154341], [804.3517178529796, 414.05364683002267], [773.6812768020997, 530.9709385845658], [712.6482821470204, 515.9463531699773]], '두', 0.9999427803595609), ([[293.0353897209563, 799.0388325398578], [446.5541036630856, 846.7592148262077], [411.9646102790437, 946.9611674601422], [259.4458963369144, 899.2407851737923]], '4리', 0.293957233155652)]
[([[948, 154], [1004, 154], [1004, 206], [948, 206]], '야', 0.5377764023683653), ([[948, 268], [1002, 268], [1002, 334], [948, 334]], '웃', 0.8103336582394718), ([[1468, 292], [1540, 292], [1540, 374], [1468, 374]], '{', 0.01060239365494825), ([[179, 713], [337, 713], [337, 829], [179, 829]], '탈궁', 0.005932767137940642), ([[1500.5470272912107, 501.48336373980254], [1717.1874187670207, 623.6100857818099], [1402.4529727087893, 1172.5166362601974], [1184.8125812329793, 1050.3899142181901]], '"', 0.6300908030761008), ([[1075.0681712853404, 781.1249188971213], [1293.2976423258249, 760.4111704391064], [1296.9318287146596, 887.8750811028787], [1079.7023576741751, 909.5888295608936]], '# 콩', 0.039572205394506454)]
[([[752, 38], [901, 38], [901, 136], [752, 136]], '#궁', 0.04210574727311497), ([[153, 1019], [305, 1019], [305, 1083], [153, 1083]], '어쩌란', 0.4588479009291472), ([[153, 1080], [303, 1080], [303, 1136], [153, 1136]], '거야', 0.693715777758733), ([[1394, 1090], [1730, 1090], [1730, 1147], [1394, 1147]], '큰일 낫.  엄청 꽉 꺼', 0.24498881688109206), ([[771, 1558], [1146, 1558], [1146, 1777], [771, 1777]], '%339', 0.10293938964605331), ([[931.1504654174618, 179.07269942127826], [1029.895304947022, 200.98216431794594], [1018.8495345825382, 246.92730057872174], [919.1046950529781, 224.01783568205406]], '어.', 0.6391483270516828), ([[71.13947898116187, 674.115831849295], [235.8850518501663, 654.6793582457683], [243.86052101883814, 783.884168150705], [79.11494814983371, 803.3206417542317]], '탓콩', 0.029108976990516375), ([[1065.938835655387, 664.0375827409565], [1263.2510680311407, 711.3195021662431], [1229.061164344613, 834.9624172590435], [1030.7489319688593, 787.6804978337569]], '#통', 0.49161337577356007)]
[([[1124, 746], [1184, 746], [1184, 800], [1124, 800]], '소', 0.999956131462568), ([[1062, 800], [1219, 800], [1219, 867], [1062, 867]], '솔직히.', 0.8431098461151123), ([[1414, 1092], [1776, 1092], [1776, 1140], [1414, 1140]], '아무리 그래도 너무 꽤', 0.4317352753545703), ([[109, 1117], [261, 1117], [261, 1179], [109, 1179]], '평소에', 0.9534604011275322), ([[111, 1177], [259, 1177], [259, 1239], [111, 1239]], '별로 ', 0.5118689786591426), ([[111, 1236], [256, 1236], [256, 1298], [111, 1298]], '만지지', 0.9999238793681133), ([[133, 1297], [241, 1297], [241, 1361], [133, 1361]], '않아', 0.805371703368226), ([[920.086492977492, 208.3065169942123], [1094.6443838371772, 164.85180506685083], [1115.913507022508, 282.6934830057877], [941.3556161628228, 326.14819493314917]], '게동', 0.0009688108510295709), ([[161.43454584914335, 571.2078196418304], [195.6553953112131, 544.0359026679606], [249.56545415085665, 619.7921803581696], [215.3446046887869, 646.9640973320394]], '하', 0.9503681976204916), ([[677.8842518252328, 587.0781879591533], [735.390590487053, 573.3655336058628], [756.1157481747672, 673.9218120408467], [699.609409512947, 687.6344663941372]], '하', 0.9070521905378861), ([[394.32140589354253, 737.0462630228603], [452.8954303672092, 784.9827677159046], [424.67859410645747, 819.9537369771397], [366.1045696327908, 771.0172322840954]], '.아', 0.024624437892634174), ([[1426.8019543986911, 1235.0342019770965], [1681.7679926222, 1270.5786172494136], [1649.1980456013089, 1451.9657980229035], [1393.2320073778, 1415.4213827505864]], '피주', 0.10815763000579678), ([[701.8164296498164, 1216.0194613544188], [1071.0968392513328, 1291.6968435548786], [999.1835703501836, 1591.9805386455812], [628.9031607486672, 1516.3031564451214]], '싸:', 0.00765299783818494)]
[([[1196, 102], [1324, 102], [1324, 152], [1196, 152]], '진짜내!', 0.6444010138511658), ([[726, 134], [778, 134], [778, 186], [726, 186]], '뭐', 0.9998612452005204), ([[694, 194], [792, 194], [792, 248], [694, 248]], '뭐가.', 0.5290100003453606), ([[836, 186], [888, 186], [888, 306], [836, 306]], '할', 0.1467556566112984), ([[895, 709], [983, 709], [983, 753], [895, 753]], '에로', 0.9824547642061559), ([[873, 765], [1011, 765], [1011, 825], [873, 825]], '라튼가', 0.8775895998008493), ([[870, 828], [1014, 828], [1014, 884], [870, 884]], '그런 건', 0.9971447133589022), ([[951, 941], [1233, 941], [1233, 1147], [951, 1147]], '#육', 0.00751257123276095), ([[767, 1141], [881, 1141], [881, 1205], [767, 1205]], '파;', 0.05591363530135131), ([[102, 1454], [194, 1454], [194, 1510], [102, 1510]], '별로', 0.9997907051658689), ([[82, 1514], [216, 1514], [216, 1570], [82, 1570]], '관심도', 0.9997099060904374), ([[84, 1572], [214, 1572], [214, 1628], [84, 1628]], '없고', 0.9771758020954069), ([[646.1281488144322, 281.0135769432708], [1176.8354545482398, 436.96891602015535], [1100.871851185568, 657.9864230567292], [570.1645454517601, 503.03108397984465]], ' 일', 0.03887639241155452), ([[106.42180591537223, 368.0209216321369], [216.47085401356932, 469.1388218671437], [170.57819408462777, 521.9790783678632], [60.529145986430684, 420.8611781328563]], '**;', 0.03350979418912987), ([[268.1261625228516, 939.0382527605078], [396.8161538966858, 990.0913034089778], [361.8738374771484, 1072.9617472394923], [233.18384610331418, 1021.9086965910222]], '자끗', 0.1624180553296349), ([[259.0969194252762, 1078.162582884958], [621.4726506501269, 1000.7716548485319], [649.9030805747238, 1218.837417115042], [287.5273493498732, 1296.2283451514681]], '탈어움', 0.024173125217535958), ([[72.96969135218157, 1181.066623411798], [190.6392587538184, 1206.6247682866278], [174.03030864781843, 1273.933376588202], [56.360741246181576, 1248.3752317133722]], '파로', 0.18248369966678415)]
[([[1246, 108], [1334, 108], [1334, 160], [1246, 160]], '그.', 0.7431603635643587), ([[1222, 168], [1356, 168], [1356, 224], [1222, 224]], '그런거', 0.7925154489016059), ([[880, 392], [932, 392], [932, 448], [880, 448]], '할', 0.9428978657560947), ([[840, 452], [973, 452], [973, 512], [840, 512]], '시간이', 0.999731103555314), ([[832, 514], [982, 514], [982, 570], [832, 570]], '있다면!', 0.7060673769233374), ([[1015, 439], [1171, 439], [1171, 619], [1015, 619]], '품', 0.03220898443161979), ([[1107, 673], [1185, 673], [1185, 735], [1107, 735]], '쭉', 0.05835416229741952), ([[1234, 568], [1358, 568], [1358, 722], [1234, 722]], '뜯', 0.010337092802719605), ([[290, 724], [382, 724], [382, 780], [290, 780]], '게임', 0.9997179649400973), ([[290, 784], [388, 784], [388, 834], [290, 834]], '해야', 0.9995125643521984), ([[732, 967], [914, 967], [914, 1280], [732, 1280]], '숲', 0.6120355291811599), ([[1095, 1067], [1193, 1067], [1193, 1133], [1095, 1133]], '4', 0.5070455356469807), ([[524, 1190], [576, 1190], [576, 1242], [524, 1242]], '논', 0.9069483098308098), ([[488, 1248], [612, 1248], [612, 1304], [488, 1304]], '잠깐! !', 0.9225653834575459), ([[186, 1480], [274, 1480], [274, 1528], [186, 1528]], '누가', 0.9992971472273786), ([[376, 1428], [520, 1428], [520, 1554], [376, 1554]], '실개', 0.006260067106701904), ([[1218, 1464], [1372, 1464], [1372, 1592], [1218, 1592]], '@', 0.24581089079898621), ([[144, 1536], [314, 1536], [314, 1592], [144, 1592]], '마음대로', 0.9996853470802307), ([[4, 1570], [100, 1570], [100, 1676], [4, 1676]], '양', 0.06379731227682228), ([[212, 1600], [286, 1600], [286, 1650], [212, 1650]], '앗~', 0.052252773650528286), ([[1281, 1577], [1369, 1577], [1369, 1679], [1281, 1679]], '0', 0.5661618806940147), ([[1159, 1653], [1189, 1653], [1189, 1671], [1159, 1671]], '"5-', 0.0006591909301269802), ([[160, 1742], [395, 1742], [395, 1792], [160, 1792]], '어제의 답례야', 0.6357589088346218), ([[524, 1710], [650, 1710], [650, 1858], [524, 1858]], '푹', 0.15826672458219093), ([[83.28229299945399, 513.0286624931749], [197.96251970458493, 590.1794876326788], [152.717707000546, 655.9713375068251], [38.03748029541508, 578.8205123673212]], '화사 드', 0.013904695469491083), ([[687.086474619004, 567.0523291853351], [749.3292929262616, 553.3466089565692], [771.913525380996, 669.9476708146649], [709.6707070737384, 683.6533910434308]], '*', 0.6732479574655805), ([[1236.9232795412454, 726.0484029078244], [1388.3398328812832, 763.074673233402], [1361.0767204587546, 860.9515970921756], [1209.6601671187168, 824.925326766598]], '거주', 0.14678780669109337)]
[([[1346, 156], [1432, 156], [1432, 208], [1346, 208]], '후 ', 0.03445754530169411), ([[767, 181], [862, 181], [862, 242], [767, 242]], '나름', 0.7374143479954629), ([[1275, 207], [1505, 207], [1505, 271], [1275, 271]], '너 말이야', 0.9947227272981399), ([[730, 244], [900, 244], [900, 298], [730, 298]], '누구라고', 0.9509761333465576), ([[729, 301], [903, 301], [903, 363], [729, 363]], '생각하는', 0.42272478280794895), ([[758, 364], [872, 364], [872, 412], [758, 412]], '거야?', 0.5815940499305725), ([[238, 592], [310, 592], [310, 646], [238, 646]], '주+', 0.34506735554045076), ([[258, 742], [352, 742], [352, 798], [258, 798]], '그딴', 0.9674127591169175), ([[230, 798], [376, 798], [376, 924], [230, 924]], '#뼈려', 0.033117291063632495), ([[864, 700], [1227, 700], [1227, 997], [864, 997]], '축륙', 0.10461919484846359), ([[152, 1020], [285, 1020], [285, 1082], [152, 1082]], '단말기', 0.9990678166239388), ([[127, 1081], [305, 1081], [305, 1141], [127, 1141]], '해굉해서', 0.323013037443161), ([[1225, 1077], [1319, 1077], [1319, 1161], [1225, 1161]], '~(', 0.05671108602736646), ([[128, 1140], [307, 1140], [307, 1202], [128, 1202]], '순식간에', 0.9973630309104919), ([[144, 1202], [290, 1202], [290, 1258], [144, 1258]], '지율 수', 0.9360101847261839), ([[1215, 1183], [1389, 1183], [1389, 1297], [1215, 1297]], '첫육', 0.20840138795223456), ([[112, 1262], [324, 1262], [324, 1318], [112, 1318]], '있으네까', 0.4837722182273865), ([[769, 1216], [1012, 1216], [1012, 1388], [769, 1388]], '{3음', 0.05208858409659919), ([[713, 1358], [850, 1358], [850, 1444], [713, 1444]], '파표', 0.3140358408940723), ([[104, 1552], [132, 1552], [132, 1578], [104, 1578]], '7', 0.06990764649481562), ([[164, 1652], [194, 1652], [194, 1678], [164, 1678]], '덜', 0.0023974850912105716), ([[178, 1742], [206, 1742], [206, 1766], [178, 1766]], '0 2', 0.003184642313312534), ([[869.3520140502566, 56.021016373951944], [934.4540766091865, 23.010314597897004], [1031.6479859497433, 229.97898362604806], [966.5459233908135, 262.989685402103]], '율', 0.12035450894299604), ([[643.9959964937677, 383.0723758069975], [693.6977493752544, 370.20900249898267], [716.0040035062323, 465.9276241930025], [666.3022506247456, 479.79099750101733]], '후', 0.13667926869065727), ([[1099.1261625228515, 967.0382527605078], [1227.8004994073344, 1018.0124861341769], [1193.8738374771485, 1100.9617472394923], [1065.1995005926656, 1050.987513865823]], '사여', 0.0021958533411784082), ([[1428.9421394540648, 1246.0561108682089], [1550.4640586539774, 1277.7702022053886], [1527.0578605459352, 1359.9438891317911], [1405.5359413460226, 1327.2297977946114]], '파춧', 0.22152969738900355), ([[93.78057847830061, 1497.4147520217907], [131.10940039245045, 1471.3358994113244], [141.2194215216994, 1487.5852479782093], [102.89059960754955, 1513.6641005886756]], "'하?", 8.733567443588529e-05), ([[145.3615361589619, 1641.8530753112734], [194.3774989238294, 1617.550001132811], [203.6384638410381, 1637.1469246887266], [153.6225010761706, 1660.449998867189]], '부-구?', 0.026531437411904335), ([[124.36153615896193, 1685.8530753112734], [164.08997670119084, 1662.3231127673987], [174.6384638410381, 1681.1469246887266], [135.91002329880916, 1705.6768872326013]], '3구0)', 0.003670269623398781)]
[([[1316, 116], [1448, 116], [1448, 168], [1316, 168]], '여라?!', 0.770745575428009), ([[754, 202], [820, 202], [820, 256], [754, 256]], '기,', 0.6075128035491364), ([[719, 261], [849, 261], [849, 309], [719, 309]], '기다려', 0.9983535312500239), ([[1104, 242], [1174, 242], [1174, 296], [1104, 296]], '서4', 0.020399388590235032), ([[1172, 270], [1228, 270], [1228, 302], [1172, 302]], '바거', 0.21856785043399757), ([[1317, 235], [1451, 235], [1451, 297], [1317, 297]], '없음?!', 0.893857479095459), ([[74, 538], [166, 538], [166, 590], [74, 590]], '설마', 0.9987349860882392), ([[97, 599], [139, 599], [139, 639], [97, 639]], '너', 0.9995813807947798), ([[56, 656], [184, 656], [184, 704], [56, 704]], '그거.@', 0.29883822798728943), ([[200, 640], [356, 640], [356, 760], [200, 760]], '쉬우', 0.006271201715669737), ([[280, 1110], [472, 1110], [472, 1212], [280, 1212]], '오프', 0.9999088797294993), ([[272, 1224], [473, 1224], [473, 1345], [272, 1345]], '라인', 0.999884856751549), ([[282, 1346], [468, 1346], [468, 1422], [282, 1422]], '단말기', 0.999697793280401), ([[281, 1415], [468, 1415], [468, 1496], [281, 1496]], '엿어?!', 0.4010851979255676), ([[732.2370141040878, -2.9512899881151036], [813.9986708019331, 40.87371219364351], [788.7629858959122, 86.95128998811511], [707.0013291980669, 43.12628780635649]], '@@', 0.6341038510012559), ([[840.1424203660807, -8.981605470319117], [1080.9333396584937, 114.36844550837952], [1000.8575796339193, 263.9816054703191], [760.0666603415065, 140.63155449162048]], '허용', 0.13022638073893586), ([[1178.4368188609294, 197.24259206358008], [1428.1137075172144, 156.10542039173706], [1436.5631811390706, 229.75740793641992], [1186.8862924827856, 271.8945796082629]], '51하 " 신호', 0.2894559868904964), ([[1217.0794468010065, 263.6953361612079], [1308.5058679039264, 232.3505679619725], [1314.9205531989935, 256.3046638387921], [1224.4941320960736, 287.6494320380275]], '-기##손|', 0.008803192409732355), ([[1121.3273272060037, 317.1165161768103], [1255.762750253383, 270.0551658641867], [1261.6726727939963, 292.8834838231897], [1127.237249746617, 338.9448341358133]], '무  차60* #^.', 0.007195281512845681), ([[1115.00992561958, 303.800992561958], [1172.5522280002326, 282.73881474981107], [1179.99007438042, 303.199007438042], [1121.4477719997674, 324.26118525018893]], "''메*", 0.003523934632539749), ([[625.6489107730212, 978.0571471216491], [712.5988310810735, 904.0112101353374], [880.3510892269788, 1127.942852878351], [793.4011689189265, 1202.9887898646627]], '8', 0.6150503391677944)]
[([[1431, 19], [1499, 19], [1499, 141], [1431, 141]], '7', 0.3778178636774818), ([[1258, 184], [1348, 184], [1348, 232], [1258, 232]], '오포', 0.3216543087413226), ([[1608, 164], [1734, 164], [1734, 220], [1608, 220]], '잠깐!!', 0.2591594457626343), ([[1258, 236], [1350, 236], [1350, 292], [1258, 292]], '라인', 0.9998420372661987), ([[1236, 292], [1370, 292], [1370, 344], [1236, 344]], '이라니', 0.9947395961012141), ([[992, 314], [1087, 314], [1087, 367], [992, 367]], '치트', 0.23735419178946227), ([[1220, 346], [1388, 346], [1388, 402], [1220, 402]], '비겁해빛!', 0.09345455521375519), ([[978, 372], [1106, 372], [1106, 428], [978, 428]], '뜰아!!', 0.06179921329021454), ([[1018, 734], [1596, 734], [1596, 1048], [1018, 1048]], '초울', 0.30794336237133185), ([[236, 972], [328, 972], [328, 1026], [236, 1026]], '지금', 0.9737031679459096), ([[212, 1026], [352, 1026], [352, 1082], [212, 1082]], '당장 그', 0.9998014637297631), ([[196, 1078], [370, 1078], [370, 1134], [196, 1134]], '스아트픔', 0.23823769390583038), ([[200, 1132], [362, 1132], [362, 1182], [200, 1182]], '이리 내', 0.9954258188050269), ([[800, 1160], [878, 1160], [878, 1250], [800, 1250]], '앗', 0.5048942768212896), ([[35, 1199], [143, 1199], [143, 1349], [35, 1349]], '8', 0.6157957741511986), ([[1490, 1216], [1648, 1216], [1648, 1338], [1490, 1338]], '들썩', 0.36273475159296115), ([[127, 1527], [228, 1527], [228, 1588], [127, 1588]], '헤앗', 0.13969192913951028), ([[33, 1685], [57, 1685], [57, 1705], [33, 1705]], '걸미', 0.0019772661437971553), ([[1398, 1734], [1537, 1734], [1537, 1831], [1398, 1831]], '결국.', 0.12341953421127544), ([[1023.8729288648519, 1006.053045967431], [1154.7492418780394, 1032.6657897447324], [1131.127071135148, 1135.946954032569], [1000.2507581219605, 1109.3342102552676]], '둘쩍', 0.30330915988907736), ([[1459.1592840267663, 1482.070692347962], [1727.704817088867, 1451.7969307892065], [1736.8407159732337, 1659.929307652038], [1468.295182911133, 1689.2030692107935]], '축원', 0.04076006531400604), ([[261.5903416566357, 1625.337220768132], [662.2440696671212, 1506.235182560091], [711.4096583433643, 1747.662779231868], [310.7559303328788, 1866.764817439909]], '로육', 0.1472798024525937), ([[55.006498598929184, 1638.1253445358238], [159.71312041093228, 1574.0607862214902], [173.9935014010708, 1606.8746554641762], [70.28687958906774, 1670.9392137785098]], '519서4_', 0.017375883405082327), ([[8.126521144336547, 1670.1379563433009], [50.64997170854659, 1649.4944874055404], [62.87347885566346, 1674.8620436566991], [20.350028291453413, 1695.5055125944596]], '대', 0.18342301460767008)]
[([[974, 140], [1064, 140], [1064, 196], [974, 196]], '겪렬', 0.0494907320261462), ([[1620, 124], [1716, 124], [1716, 180], [1620, 180]], '에옛', 0.17185966486783147), ([[1192, 154], [1296, 154], [1296, 274], [1192, 274]], '양', 0.4054053016191119), ([[1622, 180], [1716, 180], [1716, 232], [1622, 232]], '아앗', 0.9169812373634426), ([[821, 211], [909, 211], [909, 319], [821, 319]], '삶', 0.039155173370560625), ([[974, 246], [1026, 246], [1026, 302], [974, 302]], '옛', 0.32592118757044375), ([[928, 442], [1024, 442], [1024, 612], [928, 612]], '또', 0.09524983991681868), ([[124, 738], [180, 738], [180, 786], [124, 786]], '05', 0.9719189725281517), ([[135, 781], [201, 781], [201, 885], [135, 885]], '양', 0.976201311052364), ([[1008, 730], [1334, 730], [1334, 998], [1008, 998]], '춤', 0.15452598815784668), ([[148, 960], [236, 960], [236, 1014], [148, 1014]], '겪렬', 0.19487816015491646), ([[1362, 822], [1578, 822], [1578, 1046], [1362, 1046]], '움', 0.35913508928651083), ([[146, 1012], [238, 1012], [238, 1064], [146, 1064]], '하다', 0.9999862601550323), ([[147, 1069], [235, 1069], [235, 1113], [147, 1113]], '니까', 0.3006900005254741), ([[1490, 1216], [1648, 1216], [1648, 1338], [1490, 1338]], '들썩', 0.5088680040420064), ([[163, 1457], [346, 1457], [346, 1513], [163, 1513]], '사정활게 !', 0.6127520838398762), ([[1416, 1702], [1528, 1702], [1528, 1778], [1416, 1778]], '꾸추', 0.2240199942616658), ([[977.9594617776758, 192.1094703550758], [1067.7846696420772, 205.54847100745974], [1060.0405382223244, 248.8905296449242], [969.2153303579228, 235.45152899254026]], '해', 0.9999576811499402), ([[335.83024238924725, 716.0984300965588], [420.21541472297145, 727.7799658664123], [410.16975761075275, 788.9015699034412], [324.78458527702855, 777.2200341335877]], '성다', 0.03879932203249486), ([[1027.872928864852, 1008.053045967431], [1154.8144090659332, 1035.7991773194367], [1129.127071135148, 1137.946954032569], [1002.1855909340668, 1109.2008226805633]], '들쩍', 0.10503519650737833), ([[1456.0861146652107, 1485.076433315133], [1719.4460859027033, 1452.518674608045], [1730.9138853347893, 1657.923566684867], [1467.5539140972967, 1690.481325391955]], '개육', 0.026689470906612132), ([[260.28928088486396, 1637.588548247347], [657.125141819675, 1506.5493533017336], [712.710719115136, 1740.411451752653], [315.8748581803249, 1871.4506466982664]], '쇼육', 0.6536442121927876), ([[889.6138000549124, 1757.3641601757197], [991.6923193693108, 1735.3788346228057], [1002.3861999450876, 1804.6358398242803], [900.3076806306892, 1825.6211653771943]], '꼭주', 0.014178045176649676)]
[([[1316, 1048], [1686, 1048], [1686, 1102], [1316, 1102]], '아- 위험해 엄청 조여-', 0.46992956608633507), ([[857, 1141], [955, 1141], [955, 1203], [857, 1203]], '청작', 0.9977962631233486), ([[513, 1251], [1225, 1251], [1225, 1311], [513, 1311]], '조음; 계속 같은곳만 .. 찌르지마요. 옷', 0.22162327210643729), ([[544.1269855232026, 134.02383507460874], [728.8577163030288, 224.87095475561185], [664.8730144767974, 348.9761649253913], [481.1422836969711, 258.1290452443881]], '덮션', 0.006412961221231009), ([[527.0880193546099, 715.0180877361688], [813.6813051579801, 833.1844533379099], [734.9119806453901, 1012.9819122638312], [447.3186948420199, 894.8155466620901]], '어선', 0.0003722545503535393)]
[([[1067, 11], [1159, 11], [1159, 329], [1067, 329]], ' ', 0.013618283355421035), ([[1541, 1169], [1744, 1169], [1744, 1304], [1541, 1304]], '넷물', 0.008450682388310038), ([[147, 1448], [593, 1448], [593, 1493], [147, 1493]], '비기 [제례 때 일 반성하지 양기]', 0.434307664511394), ([[831.247381286489, 223.10274093515685], [1002.3999410078301, 209.25108493123497], [1004.752618713511, 337.8972590648431], [834.6000589921699, 352.74891506876503]], '털8', 0.002334514907031449), ([[1164.161855330813, 434.00616249528804], [1824.9740440838648, 817.2800288578457], [1576.838144669187, 1227.993837504712], [916.0259559161353, 844.7199711421543]], '이*다', 0.0022632977780941313), ([[168.26907118502993, 871.0086182452694], [490.17321343570654, 1158.8882357348334], [314.73092881497007, 1356.9913817547306], [-7.1732134357065185, 1070.1117642651666]], '{', 0.053098187270533836), ([[1405.309540323244, 1490.02169113958], [1534.7714283564303, 1595.769230813757], [1472.690459676756, 1670.97830886042], [1344.2285716435697, 1565.230769186243]], '나무리', 0.1761000069705461)]
[([[815, 559], [875, 559], [875, 623], [815, 623]], '하', 0.21638467787536175), ([[420, 782], [496, 782], [496, 860], [420, 860]], '아', 0.11359018079417993), ([[1192, 838], [1394, 838], [1394, 984], [1192, 984]], '[몽', 0.018701221302267996), ([[915, 1381], [1045, 1381], [1045, 1471], [915, 1471]], '결죽_', 0.10417964309453964), ([[835, 1581], [949, 1581], [949, 1649], [835, 1649]], '음량', 0.3240954038181374), ([[262, 1696], [528, 1696], [528, 1750], [262, 1750]], '햇아: @아퍼3하- ', 0.007968587600436214), ([[547, 1691], [1449, 1691], [1449, 1753], [547, 1753]], '무육어 고집분리면 -지 콤눈길 멈추지 않을 생각 이@', 0.008200731348571357), ([[819, 1755], [969, 1755], [969, 1799], [819, 1799]], '근렇다면6', 0.027709194305805804), ([[159.34863285439877, 587.0303715420669], [209.11629830583846, 576.0895819162382], [235.65136714560123, 707.9696284579331], [185.88370169416154, 719.9104180837618]], '거', 0.24793477977402834), ([[822.8875528448131, 630.1040300775092], [860.6281087071083, 609.0329672824715], [904.1124471551869, 694.8959699224908], [867.3718912928917, 715.9670327175285]], '4', 0.9991952608434076), ([[453.2370141040878, 830.0487100118849], [536.9987250318599, 873.8763149477967], [511.7629858959122, 919.9512899881151], [428.0012749681402, 876.1236850522033]], '유<', 0.0016420060300237653), ([[232.2248576681687, 1313.0166979015141], [412.8471715508256, 1460.6593873375966], [313.77514233183126, 1580.9833020984859], [133.15282844917445, 1433.3406126624034]], '잔훨', 0.006419051218252976), ([[1450.1502814226758, 1695.0912945443088], [1531.8633713489387, 1709.9634857356507], [1523.8497185773242, 1748.9087054556912], [1442.1366286510613, 1734.0365142643493]], '네5', 0.17315491732598237)]
[([[614, 98], [750, 98], [750, 148], [614, 148]], '맞다 이', 0.9962986436865662), ([[607, 145], [753, 145], [753, 189], [607, 189]], '마이크로', 0.9973781108856201), ([[636, 195], [728, 195], [728, 239], [636, 239]], '-).', 0.27627067459300697), ([[782, 176], [940, 176], [940, 328], [782, 328]], '쌀', 0.011314824599196527), ([[818, 896], [1014, 896], [1014, 950], [818, 950]], '용량도 크고', 0.8764839453001984), ([[836, 946], [998, 946], [998, 998], [836, 998]], '엄청 쓰기', 0.9963578765461178), ([[837, 985], [992, 985], [992, 1046], [837, 1046]], '편하다고', 0.99986732006073), ([[140, 1034], [256, 1034], [256, 1084], [140, 1084]], '너한테', 0.7368890047073364), ([[116, 1082], [280, 1082], [280, 1134], [116, 1134]], '줄 테니까', 0.9577227437348736), ([[116, 1132], [276, 1132], [276, 1182], [116, 1182]], '지금 바로', 0.989195768407389), ([[80, 1180], [314, 1180], [314, 1230], [80, 1230]], '그 스마트혼에', 0.11415396032642877), ([[122, 1228], [238, 1228], [238, 1278], [122, 1278]], '꽂아보', 0.7881528102075589), ([[699, 1783], [741, 1783], [741, 1829], [699, 1829]], '웃', 0.9785263016894987), ([[944, 1788], [1356, 1788], [1356, 1842], [944, 1842]], '그런 건 애들도 안 속컷다', 0.5549251612658517), ([[560.4518433132068, 654.0250921139549], [605.8355289883946, 645.0584605269718], [631.5481566867932, 774.9749078860451], [586.1644710116054, 784.9415394730282]], '옷', 0.09160694720868978), ([[1169.5772356568868, 793.0081270790555], [1253.571733906997, 781.1128675710454], [1293.4227643431132, 1074.9918729209444], [1209.428266093003, 1086.8871324289546]], '콜', 0.02457865688225902), ([[251.36528367243886, 812.0336665209253], [299.01097673484963, 800.0857861011295], [324.63471632756114, 917.9663334790747], [276.98902326515037, 928.9142138988705]], '젖', 0.029554519482562824)]
[([[1249, 141], [1453, 141], [1453, 207], [1249, 207]], '뒷@데진', 0.009042706340551376), ([[1265, 203], [1433, 203], [1433, 271], [1265, 271]], '열름터', 0.06451546241248626), ([[454, 284], [556, 284], [556, 338], [454, 338]], '@물', 0.18069989806286715), ([[1251, 269], [1449, 269], [1449, 333], [1251, 333]], '스미르움', 0.026662467047572136), ([[453, 345], [557, 345], [557, 405], [453, 405]], '예의', 0.5491681215016634), ([[1277, 333], [1421, 333], [1421, 389], [1277, 389]], '내외7@', 0.0156016880646348), ([[427, 409], [581, 409], [581, 475], [427, 475]], '동영상', 0.4379253685474396), ([[451, 475], [557, 475], [557, 539], [451, 539]], '되율', 0.09921446807665325), ([[836, 490], [923, 490], [923, 547], [836, 547]], '싫어', 0.9982898566186514), ([[406, 536], [601, 536], [601, 600], [406, 600]], '테데-@@', 0.015189261955629975), ([[769, 539], [991, 539], [991, 599], [769, 599]], '나의 유일하', 0.642786761918821), ([[796, 588], [964, 588], [964, 644], [796, 644]], '대항수단', 0.648202657699585), ([[838, 638], [924, 638], [924, 692], [838, 692]], '인결', 0.6536771076044842), ([[186, 792], [272, 792], [272, 840], [186, 840]], '짜피', 0.944163285151602), ([[148, 840], [272, 840], [272, 888], [148, 888]], '데이터', 0.9824977497745521), ([[144, 888], [280, 888], [280, 944], [144, 944]], '복원 할', 0.8516582188279228), ([[145, 933], [280, 933], [280, 996], [145, 996]], '거찮야', 0.3835602282862763)]
[([[1159, 193], [1377, 193], [1377, 253], [1159, 253]], '@@@@@', 0.4190939268022612), ([[1140, 324], [1392, 324], [1392, 378], [1140, 378]], '@데@ @데(', 0.01521201319671944), ([[1500, 184], [1591, 184], [1591, 431], [1500, 431]], '올', 0.38329001858281586), ([[1156, 383], [1379, 383], [1379, 451], [1156, 451]], '달 라 뜨!@', 0.022791751449617495), ([[771, 529], [801, 529], [801, 543], [771, 543]], '09', 0.4519123880248328), ([[1506, 442], [1586, 442], [1586, 612], [1506, 612]], '흙', 0.09784405758694348), ([[729, 555], [831, 555], [831, 619], [729, 619]], '웃미@', 0.01569542178223805), ([[958, 694], [1128, 694], [1128, 742], [958, 742]], '에베베베', 0.21511341631412506), ([[973, 745], [1109, 745], [1109, 789], [973, 789]], '키나 더', 0.836625421997825), ([[999, 793], [1085, 793], [1085, 837], [999, 837]], '크고', 0.9959108370430418), ([[606, 820], [636, 820], [636, 852], [606, 852]], '히', 0.9555619927072065), ([[824, 810], [948, 810], [948, 864], [824, 864]], '팀으로', 0.2296755976934141), ([[982, 838], [1106, 838], [1106, 886], [982, 886]], '오라고', 0.9991385607495534), ([[822, 858], [950, 858], [950, 914], [822, 914]], '가슴도', 0.4803929924964905), ([[83, 1083], [121, 1083], [121, 1099], [83, 1099]], '000', 0.6699157950508778), ([[114, 1054], [186, 1054], [186, 1102], [114, 1102]], '어?', 0.9998170032883268), ([[61, 1151], [169, 1151], [169, 1215], [61, 1215]], '잠깐.', 0.959227386046549), ([[159, 1183], [201, 1183], [201, 1201], [159, 1201]], '000', 0.8483047813966949), ([[59, 1213], [169, 1213], [169, 1277], [59, 1277]], '은랑.', 0.35176502566922346)]
[([[1139, 227], [1245, 227], [1245, 291], [1139, 291]], '미안', 0.9878506672939306), ([[625, 351], [713, 351], [713, 395], [625, 395]], '내가', 0.999537006121308), ([[996, 285], [1308, 285], [1308, 358], [996, 358]], '그렇계 우울해', 0.5660069485811132), ([[1498, 184], [1591, 184], [1591, 431], [1498, 431]], '올', 0.11336560048957356), ([[1025, 353], [1277, 353], [1277, 416], [1025, 416]], '하지 마.!!', 0.414789811931385), ([[576, 394], [763, 394], [763, 456], [576, 456]], "'잘못햇어!'", 0.2996199523936326), ([[580, 446], [758, 446], [758, 500], [580, 500]], '말이 너무', 0.9464442312053793), ([[590, 494], [748, 494], [748, 550], [590, 550]], '심해어!!', 0.09707736439751842), ([[1506, 442], [1586, 442], [1586, 612], [1506, 612]], '흙', 0.11920003917693123), ([[352, 906], [530, 906], [530, 962], [352, 962]], '찍은 것도', 0.9557870029373617), ([[130, 802], [254, 802], [254, 1123], [130, 1123]], '색', 0.0036158346466988456), ([[365, 949], [509, 949], [509, 1057], [365, 1057]], '태올,', 0.17626630430082513), ([[379, 1053], [499, 1053], [499, 1097], [379, 1097]], '화보! !', 0.2107714721349786), ([[134, 1112], [238, 1112], [238, 1320], [134, 1320]], '때', 0.4889816311833819), ([[1066.887552844813, 224.10403007750918], [1139.3365878467305, 235.2575868009857], [1130.112447155187, 288.89596992249085], [1056.6634121532695, 277.7424131990143]], '0;', 0.2012585526903575)]
[([[1061, 227], [1245, 227], [1245, 289], [1061, 289]], '미; 미안', 0.7838463405602127), ([[625, 351], [715, 351], [715, 395], [625, 395]], '내가', 0.9796069056436673), ([[999, 288], [1308, 288], [1308, 356], [999, 356]], '그렇계 우울해', 0.724332039522102), ([[1501, 185], [1589, 185], [1589, 429], [1501, 429]], '올', 0.9256709881772487), ([[1026, 356], [1274, 356], [1274, 410], [1026, 410]], '하지 마@!', 0.3147644969739241), ([[576, 394], [763, 394], [763, 456], [576, 456]], '잘못없어!', 0.33887998184811274), ([[580, 446], [756, 446], [756, 500], [580, 500]], '말이 너무', 0.9912019751106526), ([[589, 491], [749, 491], [749, 551], [589, 551]], '심해어!', 0.10105199949753108), ([[1506, 442], [1586, 442], [1586, 612], [1506, 612]], '흙', 0.09460886283833148), ([[350, 906], [530, 906], [530, 962], [350, 962]], '찍은 것도', 0.4189411021826661), ([[394, 954], [482, 954], [482, 1008], [394, 1008]], '지율', 0.95997077431987), ([[368, 998], [512, 998], [512, 1054], [368, 1054]], '테니까', 0.993566767536078), ([[127, 802], [250, 802], [250, 1322], [127, 1322]], '#', 0.16723532579050104), ([[378, 1050], [498, 1050], [498, 1098], [378, 1098]], '화보!', 0.07642210734675084), ([[60, 1308], [306, 1308], [306, 1412], [60, 1412]], '도_다', 0.20377515902545928)]
[([[1219, 1468], [1425, 1468], [1425, 1641], [1219, 1641]], "촌'", 0.009624220739040689)]
[([[2030, 1078], [2226, 1078], [2226, 1261], [2030, 1261]], '*', 0.02473652437505991), ([[635, 1239], [847, 1239], [847, 1449], [635, 1449]], '수', 0.03690644182008129), ([[2004.2354342031738, 1217.0108273720307], [2206.8878102898616, 1278.7387020758522], [2099.7645657968264, 1623.9891726279693], [1898.1121897101386, 1562.2612979241478]], '소', 0.23879209832177484)]
[]
[([[45, 483], [285, 483], [285, 639], [45, 639]], '사늙', 0.02764655354278419), ([[127, 637], [269, 637], [269, 747], [127, 747]], '4꾸', 0.41673560614609984), ([[853, 1135], [958, 1135], [958, 1204], [853, 1204]], '청작', 0.9945939832573416), ([[310, 1252], [964, 1252], [964, 1308], [310, 1308]], '이 이제 태복 넘이 오실 시간이니깐 .', 0.40073125265048853), ([[983, 1247], [1467, 1247], [1467, 1309], [983, 1309]], '이제 돌아가서야 ..! 으으응-', 0.8816749910391838), ([[385.87900908781796, 209.028578121232], [651.4984404189787, 268.01163718966274], [604.120990912182, 448.971421878768], [338.5015595810213, 389.98836281033726]], "'중", 0.0005694835669924993), ([[418.1933541266034, 438.0296161218063], [550.9688053253527, 510.1721656358224], [501.8066458733966, 595.9703838781937], [370.0311946746473, 523.8278343641775]], '스곡', 0.30893827914178823), ([[1088.9154152542455, 534.2447440678317], [1137.6697793233946, 488.024957066512], [1227.0845847457545, 593.7552559321683], [1178.3302206766054, 639.975042933488]], '*', 0.5611341552334039), ([[1557.945256169098, 617.0934345469491], [1600.6553953112132, 600.0359026679606], [1632.054743830902, 684.9065654530509], [1589.3446046887868, 702.9640973320394]], '앞', 0.36828525932381595), ([[1321.1675694221406, 739.0875762840607], [1386.8838584469113, 757.0431073391668], [1375.8324305778594, 793.9124237159393], [1310.1161415530887, 775.9568926608332]], '사수', 0.24539303144222382), ([[1346.044582656241, 809.0190246716435], [1665.372691562254, 912.5486433674043], [1594.955417343759, 1107.9809753283566], [1275.627308437746, 1003.4513566325957]], '파끗', 0.08448703174431012), ([[1277.007039168912, 1054.027408957306], [1495.2509423045528, 1122.861421441197], [1444.992960831088, 1270.972591042694], [1225.7490576954472, 1203.138578558803]], '즈포', 0.17399675727758665)]
[([[639, 1235], [849, 1235], [849, 1443], [639, 1443]], '8', 0.08386238600163498), ([[2042.477702831179, 1043.004871751188], [2249.5581825815707, 1099.4206601160402], [2104.5222971688213, 1634.995128248812], [1897.4418174184295, 1579.5793398839598]], '{', 0.8568100475877714)]
[([[830, 126], [912, 126], [912, 176], [830, 176]], '@웃', 0.6104967111593874), ([[931, 195], [993, 195], [993, 231], [931, 231]], '', 0.0), ([[50, 500], [274, 500], [274, 648], [50, 648]], '세축', 0.08638452591920809), ([[138, 630], [260, 630], [260, 770], [138, 770]], '중', 0.01944893294265526), ([[1405, 753], [1549, 753], [1549, 889], [1405, 889]], ',', 0.050567956104746736), ([[857, 1141], [957, 1141], [957, 1203], [857, 1203]], '청작', 0.998085384484148), ([[273, 1246], [931, 1246], [931, 1311], [273, 1311]], '카일루스 씨도 은하열차 분들과. 응', 0.5413961695951841), ([[1004, 1251], [1504, 1251], [1504, 1306], [1004, 1306]], '일정이 . 있잡아요 . 으아앗', 0.5690905127107735), ([[370.94611624301047, 165.02057582106775], [682.4235437195952, 251.9091570942054], [612.0538837569895, 474.9794241789322], [301.5764562804049, 388.0908429057946]], "'시선", 0.01550504163623162), ([[422.18138082696214, 454.0305030812924], [548.9720456981381, 526.216282450133], [499.81861917303786, 609.9694969187076], [373.02795430186194, 538.783717549867]], '스곡', 0.2400258155751478), ([[1565.0876568944764, 543.0697698140963], [1611.6570792505688, 532.2333642080209], [1629.9123431055236, 619.9302301859037], [1583.3429207494312, 630.7666357919791]], '알', 0.8472661169220288), ([[1322.113515585644, 669.0994685768342], [1388.7656943711277, 681.651094553626], [1380.886484414356, 720.9005314231658], [1314.2343056288723, 708.348905446374]], '사구', 0.32943066644333263), ([[1376.103382468164, 851.0191497550361], [1634.8345369797603, 967.3690175145013], [1557.896617531836, 1126.980850244964], [1300.1654630202397, 1009.6309824854987]], '파표', 0.1551105420562749), ([[1298.9080146377473, 1048.0398005371376], [1496.0449376635356, 1088.733148376174], [1465.0919853622527, 1214.9601994628624], [1267.9550623364644, 1174.266851623826]], '즈꾸', 0.12814553329942885)]
[([[919, 99], [963, 99], [963, 149], [919, 149]], '응', 0.8777116203433231), ([[331, 303], [476, 303], [476, 401], [331, 401]], '가지', 0.033187315176940346), ([[73, 725], [145, 725], [145, 787], [73, 787]], '[?', 0.018035762296389587), ([[69, 773], [347, 773], [347, 959], [69, 959]], '출월', 0.09420472513813101), ([[1353, 863], [1421, 863], [1421, 905], [1353, 905]], '@웃', 0.05078263818684843), ([[1318, 1044], [1734, 1044], [1734, 1098], [1318, 1098]], '상관없어! 또 사정하다앗!', 0.5215260815677318), ([[857, 1141], [957, 1141], [957, 1203], [857, 1203]], '청작', 0.9970272456305731), ([[273, 1246], [933, 1246], [933, 1311], [273, 1311]], '카일바스 씨로 은하열차 분들과. 응', 0.3309432067151917), ([[1002, 1251], [1502, 1251], [1502, 1308], [1002, 1308]], '일정이 . 있잡아요 . 으아앗-', 0.2458726983946127), ([[172.55099629411478, 210.45709221764105], [375.47363990060245, 134.37029032891562], [414.4490037058852, 258.54290778235895], [211.52636009939755, 335.62970967108436]], '표물', 0.022338054332094442), ([[109.03877877513672, 580.0420780365586], [233.70251839750793, 629.4591143372822], [196.9612212248633, 715.9579219634414], [73.29748160249207, 667.5408856627178]], '파발', 0.09155425554887947), ([[1300.9161904048585, 636.053523089072], [1422.1514796885447, 666.7635557205286], [1396.0838095951415, 758.946476910928], [1274.8485203114553, 728.2364442794714]], '하녀', 0.03384428216676735), ([[864.801039688104, 902.5250944717094], [1263.8261693470477, 784.0674779320843], [1309.1989603118961, 1002.4749055282906], [910.1738306529523, 1120.9325220679157]], '휴 꽃', 0.04674221947789192)]
[([[596, 556], [754, 556], [754, 784], [596, 784]], '@', 0.49090679836740847), ([[739, 713], [879, 713], [879, 889], [739, 889]], '8', 0.6779797413912547), ([[1112, 796], [1188, 796], [1188, 894], [1112, 894]], '8', 0.4831478650967256), ([[857, 1141], [955, 1141], [955, 1203], [857, 1203]], '청작', 0.9982180751394445), ([[581, 1257], [781, 1257], [781, 1321], [581, 1321]], '아아아앗', 0.4549018442630768), ([[831, 1253], [1141, 1253], [1141, 1321], [831, 1321]], '잔뜩 낫다아아', 0.9936929892393441), ([[257.84139115470003, 215.01561183937136], [576.097791789968, 171.4737187267311], [625.1586088453, 671.9843881606287], [306.902208210032, 714.5262812732689]], '푹', 0.0542114131441771), ([[1103.5158803911243, 404.0058601534274], [1252.944271909999, 424.1114561800017], [1195.4841196088757, 856.9941398465726], [1046.055728090001, 837.8885438199983]], '@', 0.16418904831542935)]
