2605813
36
[([[2091, 2823], [2187, 2823], [2187, 2867], [2091, 2867]], '사불7', 0.013444969865399177)]
[([[2091, 2823], [2187, 2823], [2187, 2867], [2091, 2867]], '사7', 0.05170245614332236)]
[([[2091, 2823], [2187, 2823], [2187, 2867], [2091, 2867]], '꼴불7', 0.013402027168541464)]
[([[2091, 2823], [2187, 2823], [2187, 2867], [2091, 2867]], '꼴불7', 0.009614615437491878)]
[([[2091, 2823], [2187, 2823], [2187, 2867], [2091, 2867]], '사7', 0.05170245614332236)]
[([[2091, 2823], [2187, 2823], [2187, 2867], [2091, 2867]], '사불7', 0.013444969865399177)]
[([[2091, 2823], [2187, 2823], [2187, 2867], [2091, 2867]], '사불7', 0.009445179490215576)]
[([[2090, 2819], [2188, 2819], [2188, 2868], [2090, 2868]], '히7', 0.04198504099169167)]
[([[2091, 2823], [2187, 2823], [2187, 2867], [2091, 2867]], '꼴불7', 0.013402027168541464)]
[([[2091, 2823], [2187, 2823], [2187, 2867], [2091, 2867]], '꼴불7', 0.014267697450801272)]
[([[2091, 2823], [2187, 2823], [2187, 2867], [2091, 2867]], '꼴불7', 0.013402027168541464)]
[([[2091, 2823], [2187, 2823], [2187, 2867], [2091, 2867]], '사불7', 0.01248408937775853)]
[([[2091, 2823], [2187, 2823], [2187, 2867], [2091, 2867]], '꼴7', 0.06181749279809198)]
[([[2091, 2823], [2187, 2823], [2187, 2867], [2091, 2867]], '꼴불7', 0.013402027168541464)]
[([[2091, 2823], [2187, 2823], [2187, 2867], [2091, 2867]], '사7', 0.042483253595668416)]
[([[65, 69], [268, 69], [268, 157], [65, 157]], '선생님', 0.9998695767878186), ([[64, 151], [779, 151], [779, 248], [64, 248]], '여기 너무 습하고 더워요 .', 0.8172792437942995), ([[62, 238], [418, 238], [418, 328], [62, 328]], '하아.하아 . (', 0.6600882194793934), ([[128, 771], [328, 771], [328, 886], [128, 886]], '부들)', 0.9022139361950997), ([[676, 892], [880, 892], [880, 978], [676, 978]], '야앙', 0.04370944376296358), ([[1890, 941], [1968, 941], [1968, 1014], [1890, 1014]], '0', 0.021093907014773983), ([[2090, 2819], [2188, 2819], [2188, 2868], [2090, 2868]], '히7', 0.04109495331026208), ([[421.6960372667224, 1064.2185080734948], [445.6270701768028, 1047.0494578861421], [481.3039627332776, 1100.7814919265052], [457.3729298231972, 1117.9505421138579]], '{', 0.2684084263692377), ([[729.1618094688171, 1775.1546758660209], [911.3182137191338, 1759.1544125115993], [913.8381905311829, 1855.8453241339791], [731.6817862808662, 1871.8455874884007]], '부끈-', 0.040111643378646186), ([[1818.8316849906064, 1889.0455678797614], [2030.9499389335642, 1920.4864527072102], [2005.1683150093936, 2046.9544321202386], [1793.0500610664358, 2014.5135472927898]], '분들', 0.7168110151483683), ([[376.3063546793357, 2396.095921178154], [562.946694745246, 2383.929361397128], [563.6936453206642, 2513.904078821846], [377.053305254754, 2525.070638602872]], '움질:', 0.3349701762199402)]
[([[143, 66], [552, 66], [552, 169], [143, 169]], '흐웃어싫어-', 0.42777789740305233), ([[147, 160], [685, 160], [685, 257], [147, 257]], '보지 끈적거려요 .', 0.6711716105885506), ([[142, 253], [514, 253], [514, 352], [142, 352]], '하지마세요', 0.9942387407945469), ([[145, 345], [437, 345], [437, 444], [145, 444]], '아으응-어', 0.19202834143109387), ([[128, 771], [328, 771], [328, 888], [128, 888]], '부들)', 0.6329964740447189), ([[676, 892], [880, 892], [880, 978], [676, 978]], '야앙', 0.04550887907652105), ([[1967, 909], [2015, 909], [2015, 958], [1967, 958]], '^', 0.08572692395597414), ([[1888, 939], [1970, 939], [1970, 1011], [1888, 1011]], '사', 0.12875362551018643), ([[705, 1953], [815, 1953], [815, 2091], [705, 2091]], "헌'", 0.3134723636907664), ([[1175, 1976], [1257, 1976], [1257, 2051], [1175, 2051]], '2', 0.09595462057277704), ([[2091, 2823], [2187, 2823], [2187, 2867], [2091, 2867]], '사7', 0.059055675366451586), ([[420.8713347040338, 1064.162537993715], [447.5502734850987, 1045.0380309072889], [488.1286652959662, 1105.837462006285], [460.4497265149013, 1124.9619690927111]], '5', 0.36659558304342), ([[1225.3622792506278, 1869.0135623897531], [1417.4510977511375, 2031.9793316740786], [1333.6377207493722, 2133.986437610247], [1140.5489022488625, 1971.0206683259214]], '항점9', 0.13469422079294083), ([[1820.8746213411157, 1893.0453046298342], [2028.9986736723936, 1922.8005305310426], [2006.1253786588843, 2044.9546953701658], [1798.0013263276064, 2015.1994694689574]], '분들', 0.836080865329124), ([[778.6466063783417, 1938.233031891709], [918.0984081850984, 1907.144731236855], [934.3533936216583, 2011.766968108291], [794.9015918149016, 2041.855268763145]], "짝'", 0.02862375596480842), ([[376.3063546793357, 2396.095921178154], [562.9111922863282, 2383.882791089477], [563.6936453206642, 2513.904078821846], [377.0888077136718, 2526.117208910523]], '움질:', 0.2624962573061443)]
[([[144, 67], [684, 67], [684, 175], [144, 175]], '아입-안돼요. !', 0.2445770242364705), ([[144, 168], [616, 168], [616, 276], [144, 276]], '그렇게 활으면', 0.6022378337267295), ([[145, 277], [359, 277], [359, 381], [145, 381]], '저논..', 0.7218990921974182), ([[144, 375], [627, 375], [627, 486], [144, 486]], '으아아아양-', 0.24132785824262698), ([[128, 771], [328, 771], [328, 888], [128, 888]], '부들)', 0.43553972244262695), ([[675, 889], [881, 889], [881, 980], [675, 980]], '야양영', 0.02562672930292794), ([[1970, 912], [2016, 912], [2016, 957], [1970, 957]], '^', 0.03539922949045149), ([[1888, 939], [1970, 939], [1970, 1014], [1888, 1014]], '관', 0.015595141175533067), ([[1230, 1820], [1381, 1820], [1381, 1937], [1230, 1937]], '2', 0.6751699879736783), ([[2090, 2819], [2188, 2819], [2188, 2868], [2090, 2868]], '히7', 0.036204559418404586), ([[420.8399704188685, 1064.1719023822661], [447.5578740873836, 1045.0390939795766], [487.1600295811315, 1104.8280976177339], [459.4421259126164, 1123.9609060204234]], '5', 0.49787299100689), ([[823.9959789626879, 1765.0280234321142], [1041.197626118815, 1830.6857121006237], [991.0040210373121, 1979.9719765678858], [773.8023738811852, 1913.3142878993763]], '판', 0.06165333450491439), ([[1821.8835668880395, 1892.0445861004941], [2030.0504417792326, 1923.9318672702009], [2006.1164331119605, 2044.9554138995059], [1797.9495582207674, 2014.0681327297991]], '분들', 0.8954836508106035), ([[630.1104564726337, 1942.0812950825514], [830.0840567926185, 1912.0991318488577], [846.8895435273663, 2101.918704917449], [646.9159432073815, 2131.9008681511423]], '회', 0.053825289854147806), ([[1201.860539188068, 1947.0185530736924], [1598.967148947334, 2030.7486355678143], [1526.139460811932, 2323.9814469263074], [1129.032851052666, 2240.2513644321857]], '부딪;', 0.20318266708172011), ([[589.7457781740952, 2258.1560930105907], [975.6617975922944, 2144.793769346385], [1032.2542218259048, 2429.8439069894093], [646.3382024077056, 2543.206230653615]], '붓핏', 0.0021161502328474837), ([[376.3063546793357, 2396.095921178154], [561.8838697514026, 2383.847205905752], [562.6936453206642, 2513.904078821846], [377.11613024859747, 2526.152794094248]], '움질:', 0.24345776359997434)]
[([[67, 73], [400, 73], [400, 164], [67, 164]], '하아..아양!', 0.6235921208294111), ([[67, 161], [418, 161], [418, 252], [67, 252]], '제 보지가 !', 0.8759209169704668), ([[69, 247], [468, 247], [468, 340], [69, 340]], '선생님 침으로', 0.997968003591144), ([[71, 335], [706, 335], [706, 427], [71, 427]], '범먹이 되버로어요.규', 0.27187076118325726), ([[128, 771], [328, 771], [328, 886], [128, 886]], '부들)', 0.8092443834610774), ([[675, 889], [881, 889], [881, 980], [675, 980]], '야양영', 0.023272614119118615), ([[1970, 912], [2014, 912], [2014, 957], [1970, 957]], '^', 0.05933899789480912), ([[1888, 939], [1970, 939], [1970, 1014], [1888, 1014]], '관', 0.021433864517256263), ([[848, 2142], [1021, 2142], [1021, 2259], [848, 2259]], '부옷', 0.04958426728775421), ([[1153, 2128], [1222, 2128], [1222, 2232], [1153, 2232]], '짐', 0.6914250496357823), ([[366, 2381], [574, 2381], [574, 2528], [366, 2528]], '움필?', 0.1591995425228403), ([[2091, 2823], [2187, 2823], [2187, 2867], [2091, 2867]], '사불7', 0.009521229636093023), ([[531.0330403861836, 1739.069173483808], [902.2142303014301, 1698.9551188882108], [910.9669596138164, 1936.930826516192], [539.7857696985699, 1977.0448811117892]], '응관 ', 0.011685756705587774), ([[1240.0195657425934, 1856.0184921787263], [1609.3131178783415, 1963.0631604976054], [1539.9804342574066, 2172.9815078212737], [1170.6868821216585, 2065.9368395023944]], '움필', 0.17708554977529975), ([[1821.8923717860264, 1892.0438845039314], [2029.042086672791, 1923.9104052008622], [2005.1076282139736, 2045.9561154960686], [1797.957913327209, 2014.0895947991378]], '분들', 0.8929212167555995), ([[1185.3761958152204, 2153.1205119619767], [1260.9625102338448, 2113.0421911839207], [1321.6238041847796, 2241.8794880380233], [1246.0374897661552, 2282.9578088160793]], '3', 0.06636191055135043)]
[([[208, 288], [397, 288], [397, 422], [208, 422]], '주사', 0.999969401525096), ([[130, 771], [328, 771], [328, 886], [130, 886]], '부들)', 0.5384404063224792), ([[1970, 912], [2014, 912], [2014, 957], [1970, 957]], '스', 0.05417154911121802), ([[805, 951], [932, 951], [932, 1019], [805, 1019]], '아양', 0.8789771981390896), ([[1888, 939], [1972, 939], [1972, 1011], [1888, 1011]], '사', 0.09085842004566658), ([[860, 2408], [910, 2408], [910, 2470], [860, 2470]], '0', 0.9999746085825088), ([[777, 2449], [876, 2449], [876, 2557], [777, 2557]], '(', 0.16779012075410638), ([[2091, 2823], [2187, 2823], [2187, 2867], [2091, 2867]], '사불7', 0.009110686972613089), ([[201.71472169971244, 197.20244151838972], [515.9015230908311, 169.76991891856213], [517.2852783002876, 278.7975584816103], [203.0984769091689, 307.2300810814379]], '아아아', 0.9946315884590149), ([[385.698414177725, 281.19048506635], [710.7039346753162, 250.1169698483435], [712.301585822275, 368.80951493365], [387.2960653246838, 399.8830301516565]], '싫어요-', 0.11758915334939957), ([[1821.8923717860264, 1892.0438845039314], [2029.042086672791, 1923.9104052008622], [2005.1076282139736, 2045.9561154960686], [1797.957913327209, 2014.0895947991378]], '분들', 0.8944167623782542), ([[376.3063546793357, 2396.095921178154], [562.9111922863282, 2383.882791089477], [563.6936453206642, 2513.904078821846], [377.0888077136718, 2526.117208910523]], '움질:', 0.2486462183504259)]
[([[159, 137], [837, 137], [837, 249], [159, 249]], '아..아아 ! 아앗. !!', 0.2149073953993021), ([[157, 243], [839, 243], [839, 357], [157, 357]], '맞기 싫단말이에외', 0.5768623690146186), ([[157, 351], [537, 351], [537, 465], [157, 465]], '아아아양]', 0.7319320723397673), ([[128, 771], [328, 771], [328, 888], [128, 888]], '부들)', 0.656516934709908), ([[1970, 912], [2016, 912], [2016, 957], [1970, 957]], '스', 0.041565673968776196), ([[800, 945], [939, 945], [939, 1025], [800, 1025]], '안양-', 0.11079988859454001), ([[1888, 939], [1972, 939], [1972, 1014], [1888, 1014]], '관', 0.01556269528664661), ([[367, 2381], [574, 2381], [574, 2528], [367, 2528]], '움필', 0.34276205498845674), ([[2090, 2819], [2188, 2819], [2188, 2868], [2090, 2868]], '히7', 0.03667613557277875), ([[1358.9954021565095, 820.0360899754813], [1544.3355334089729, 867.7381284981633], [1510.0045978434905, 986.9639100245187], [1323.6644665910271, 938.2618715018367]], '하웃', 0.20732081729929694), ([[1619.3420546344505, 1506.043478246194], [1658.7491892768255, 1526.6918918145657], [1605.6579453655495, 1628.956521753806], [1566.2508107231745, 1608.3081081854343]], '~', 0.16716096602053554), ([[1821.8923717860264, 1892.0438845039314], [2029.042086672791, 1923.9104052008622], [2005.1076282139736, 2045.9561154960686], [1797.957913327209, 2014.0895947991378]], '분들', 0.8768037304202114), ([[1051.0508705026994, 2164.0345481761246], [1710.849140381723, 2086.31177436029], [1729.9491294973006, 2555.9654518238754], [1070.150859618277, 2632.68822563971]], '뛰준', 0.017498594685633046)]
[([[159, 137], [837, 137], [837, 249], [159, 249]], '아..아아 ! 아앗. !!', 0.20440714315551498), ([[157, 243], [839, 243], [839, 357], [157, 357]], '맞기 싫단말이에외', 0.631889129384906), ([[157, 351], [537, 351], [537, 465], [157, 465]], '아아아양]', 0.6915882314187102), ([[128, 771], [328, 771], [328, 888], [128, 888]], '부들)', 0.6717506312357586), ([[1970, 912], [2016, 912], [2016, 957], [1970, 957]], '스', 0.036169306633021314), ([[1888, 939], [1970, 939], [1970, 1014], [1888, 1014]], '관', 0.017520766270785693), ([[367, 2381], [574, 2381], [574, 2528], [367, 2528]], '움필?', 0.14427492343347237), ([[2090, 2819], [2188, 2819], [2188, 2868], [2090, 2868]], '히7', 0.03667613557277875), ([[1360.0025413001692, 819.0355782023697], [1545.3809061221073, 868.8827981162747], [1508.9974586998308, 986.9644217976303], [1323.6190938778927, 937.1172018837253]], '하웃', 0.3118720928696965), ([[803.0597149997093, 957.2388599988374], [930.7567340223549, 945.7167132536857], [932.9402850002907, 1012.7611400011626], [805.2432659776451, 1025.2832867463144]], '아양', 0.8945198038737873), ([[1618.3957653841608, 1506.0366442270354], [1657.6422726778012, 1525.574529267306], [1605.6042346158392, 1630.9633557729646], [1566.3577273221988, 1611.425470732694]], "'", 0.3444637789061886), ([[1821.8923717860264, 1892.0438845039314], [2029.042086672791, 1923.9104052008622], [2005.1076282139736, 2045.9561154960686], [1797.957913327209, 2014.0895947991378]], '분들', 0.8850117805629525), ([[1051.0299388682174, 2165.0352944232664], [1710.7432102001321, 2085.1879293786637], [1731.9700611317826, 2553.9647055767336], [1071.2567897998679, 2633.8120706213363]], '뛰준', 0.0137102163699041)]
[([[2091, 2823], [2187, 2823], [2187, 2867], [2091, 2867]], '사불7', 0.010356100467862504)]
[([[85, 40], [381, 40], [381, 184], [85, 184]], '아웃이', 0.40642894441651145), ([[82, 173], [504, 173], [504, 321], [82, 321]], '하으으응.', 0.14092470510941063), ([[81, 309], [847, 309], [847, 469], [81, 469]], '같이 싸주세옷~!', 0.7053778772173348), ([[128, 771], [328, 771], [328, 886], [128, 886]], '부들)', 0.8823527532324845), ([[1972, 912], [2014, 912], [2014, 957], [1972, 957]], '스', 0.02805859264256938), ([[806, 963], [881, 963], [881, 1016], [806, 1016]], '아', 0.9996108195423439), ([[1890, 941], [1970, 941], [1970, 1014], [1890, 1014]], '사', 0.016050382604513524), ([[1447, 1096], [1549, 1096], [1549, 1171], [1447, 1171]], '부욕;', 0.043182262646823164), ([[1492, 1141], [1518, 1141], [1518, 1169], [1492, 1169]], '>', 0.32596413231872035), ([[2090, 2819], [2188, 2819], [2188, 2868], [2090, 2868]], '히7', 0.024368668520611713), ([[1618.3743262798723, 1506.0393012189872], [1657.7517949741755, 1525.694847284655], [1605.6256737201277, 1626.9606987810128], [1566.2482050258245, 1606.305152715345]], '~', 0.17230561689372337), ([[1818.8316849906064, 1889.0455678797614], [2030.9725648071872, 1921.544046122908], [2006.1683150093936, 2046.9544321202386], [1793.0274351928128, 2014.455953877092]], '분들~', 0.15694289802750552), ([[47.30535645738058, 2002.071237044493], [660.1358402477885, 1858.0341680726392], [723.6946435426194, 2292.928762955507], [109.86415975221152, 2436.965831927361]], '뵈류', 0.005246250515581975), ([[1311.020336196795, 1977.007617453912], [2051.291623714868, 2250.428216910926], [1851.979663803205, 2745.992382546088], [1112.7083762851319, 2473.571783089074]], '부로-', 0.2963235103257105), ([[376.24738128648903, 2397.102740935157], [561.8203656058685, 2382.7653393704154], [563.752618713511, 2511.897259064843], [378.17963439413154, 2526.2346606295846]], '움질', 0.26097827628881265), ([[195.69111443121068, 2580.0748945330583], [1185.4633303656826, 2316.3742911037452], [1258.3088855687893, 2672.9251054669417], [268.5366696343174, 2935.6257088962548]], '꼬로근루 >', 0.0017219301240570702)]
[([[56, 74], [333, 74], [333, 162], [56, 162]], '우으으으', 0.9964321851730347), ([[55, 160], [793, 160], [793, 260], [55, 260]], '아래에 감각이 없어요.규', 0.5063621643989659), ([[128, 771], [328, 771], [328, 886], [128, 886]], '부들)', 0.8588020254525524), ([[675, 889], [883, 889], [883, 980], [675, 980]], '@방~', 0.0033146779313815394), ([[1970, 915], [2014, 915], [2014, 957], [1970, 957]], '스', 0.12559311372764004), ([[1890, 939], [1970, 939], [1970, 1011], [1890, 1011]], '시', 0.27746019192409577), ([[1447, 1096], [1549, 1096], [1549, 1171], [1447, 1171]], '부부;', 0.049018257669385584), ([[1489, 1141], [1518, 1141], [1518, 1169], [1489, 1169]], '7', 0.6680026113008495), ([[337, 2255], [824, 2255], [824, 2599], [337, 2599]], '꾸속!', 0.013338224236521328), ([[2091, 2823], [2187, 2823], [2187, 2867], [2091, 2867]], '꼴불7', 0.01139905833762578), ([[1336.3920745334447, 869.4370161469898], [1458.069722932196, 843.7886217248821], [1468.6079254665553, 913.5629838530102], [1346.930277067804, 939.2113782751179]], '8양', 0.1212078102419056), ([[711.1824104518503, 1903.6566776266611], [1004.6099479160263, 1824.2199610474731], [1032.8175895481497, 1974.3433223733389], [739.3900520839737, 2053.780038952527]], '꺼위육이', 0.00353059871122241), ([[1819.8316849906064, 1889.0455678797614], [2030.9409082303105, 1920.4636584539915], [2005.1683150093936, 2046.9544321202386], [1794.0590917696895, 2014.5363415460085]], '분들', 0.8501825286253227), ([[1194.3858060358189, 2171.159608204753], [1769.7895736614919, 2022.8294249070675], [1825.6141939641811, 2365.840391795247], [1250.2104263385081, 2514.1705750929327]], '폭쉬', 0.3888609992063693)]
[]
[]
[]
[]
[]
[([[2091, 2823], [2187, 2823], [2187, 2867], [2091, 2867]], '사7', 0.05980965536051799)]
[([[2091, 2823], [2187, 2823], [2187, 2867], [2091, 2867]], '꼴불7', 0.009614615437491878)]
[([[2091, 2823], [2187, 2823], [2187, 2867], [2091, 2867]], '꼴불7', 0.011839430535331225)]
[([[2091, 2823], [2187, 2823], [2187, 2867], [2091, 2867]], '꼴불7', 0.009614615437491878)]
[([[2091, 2823], [2187, 2823], [2187, 2867], [2091, 2867]], '사불7', 0.011857731047381245)]
[([[2091, 2823], [2187, 2823], [2187, 2867], [2091, 2867]], '꼴불7', 0.014267697450801272)]
