2610113
9
[([[285, 1156], [484, 1156], [484, 1224], [285, 1224]], '지금부터', 0.9993751645088196), ([[206, 1232], [529, 1232], [529, 1301], [206, 1301]], '오중 쌀게요-(', 0.40670082085790255), ([[92, 1411], [251, 1411], [251, 1466], [92, 1466]], '화주요-', 0.3103644847869873), ([[1489, 1717], [1538, 1717], [1538, 1748], [1489, 1748]], "'", 0.948090852038149), ([[1223.2844582472, 2366.0645203596005], [1281.9789731955607, 2393.590399818104], [1264.7155417528, 2428.9354796403995], [1206.0210268044393, 2401.409600181896]], '$"', 0.020946975243269435)]
[([[1827, 203], [1932, 203], [1932, 260], [1827, 260]], '에앗', 0.3188484045911615), ([[289, 323], [475, 323], [475, 392], [289, 392]], '제대로', 0.9999865102111692), ([[307, 413], [464, 413], [464, 482], [307, 482]], '보여?', 0.9979779720306396), ([[392, 1479], [609, 1479], [609, 1556], [392, 1556]], '간다-9', 0.6542318058977042), ([[1482.608678082979, 257.01277466957697], [1528.8234587947695, 251.05677565514168], [1550.391321917021, 421.98722533042303], [1504.1765412052305, 428.9432243448583]], '몸', 0.026325612851813895), ([[878.4224957091271, 1911.0334630984937], [916.5160964557543, 1901.026706880913], [942.5775042908729, 2006.9665369015063], [904.4839035442457, 2016.973293119087]], '도', 0.13511625891386903)]
[([[476, 379], [516, 379], [516, 428], [476, 428]], '후', 0.9997923481985396)]
[([[470, 326], [519, 326], [519, 415], [470, 415]], '', 0.0), ([[1411, 511], [1462, 511], [1462, 559], [1411, 559]], '(하', 0.08687112082030596), ([[258, 584], [405, 584], [405, 648], [258, 648]], '나올 것', 0.9469564896961798), ([[242, 649], [380, 649], [380, 711], [242, 711]], '같아', 0.9298072698730313), ([[1673, 750], [1717, 750], [1717, 808], [1673, 808]], '응', 0.9990825374200227), ([[323, 1567], [502, 1567], [502, 1631], [323, 1631]], '나온다', 0.5745128246095611), ([[1178.228115598632, 1823.0599398312445], [1316.9591788765372, 1850.3623912873024], [1305.771884401368, 1896.9400601687555], [1167.0408211234628, 1869.6376087126976]], '0: 3."', 0.17756398248259533), ([[843.1360026099594, 2213.0752148767683], [977.9216832162365, 2234.1185044985846], [968.8639973900406, 2279.9247851232317], [834.0783167837635, 2259.8814955014154]], '0 +쇼', 0.4049824592015773)]
[([[1427, 390], [1549, 390], [1549, 462], [1427, 462]], '앗0', 0.3071571139802289), ([[361, 474], [428, 474], [428, 560], [361, 560]], '신"', 0.01699984027850258), ([[1315, 633], [1357, 633], [1357, 750], [1315, 750]], '면', 0.007491994449653261), ([[832, 1712], [949, 1712], [949, 1822], [832, 1822]], '18', 0.7200381414887406), ([[545.4180240380207, 174.0425634585406], [574.9823024698799, 171.12249025047416], [583.5819759619793, 249.9574365414594], [554.0176975301201, 253.87750974952584]], '궁', 0.033435545982493986), ([[1651.40945502204, 1869.0158634099441], [1738.5600315921747, 1878.508632938611], [1714.59054497796, 2076.984136590056], [1628.4399684078253, 2066.491367061389]], '?', 0.29795968263273664)]
[([[1373, 612], [1536, 612], [1536, 667], [1373, 667]], '하아 ', 0.5982750817627266), ([[1370, 878], [1428, 878], [1428, 933], [1370, 933]], '앗', 0.6885563836485744), ([[276, 1111], [504, 1111], [504, 1172], [276, 1172]], '기분 좋아', 0.6066972327840597), ([[549, 1982], [897, 1982], [897, 2105], [549, 2105]], '판 쇼-}', 0.004418356727210812), ([[1188, 1969], [1543, 1969], [1543, 2110], [1188, 2110]], '#끼 6', 0.1821761037089026), ([[310, 2020], [546, 2020], [546, 2153], [310, 2153]], '(<', 0.16801898112710284), ([[1053, 2070], [1082, 2070], [1082, 2101], [1053, 2101]], '(', 0.2967900066196627), ([[646, 2468], [672, 2468], [672, 2504], [646, 2504]], '1', 0.6726537754089499), ([[659, 2423], [710, 2423], [710, 2506], [659, 2506]], '8', 0.9996969929427593), ([[664, 2511], [721, 2511], [721, 2562], [664, 2562]], '[', 0.21678859018108199), ([[1364, 2538], [1428, 2538], [1428, 2593], [1364, 2593]], '1?', 0.2262254434009419), ([[1389, 2598], [1445, 2598], [1445, 2642], [1389, 2642]], '[', 0.28814569406910095), ([[1284.1142886264838, 105.06573379744184], [1333.3468438420691, 99.47801448924915], [1342.8857113735162, 183.93426620255818], [1294.6531561579309, 190.52198551075085]], "' ", 0.22691862277903227), ([[432.37747643417845, 380.0277360627988], [482.495878151638, 372.16169987822616], [501.62252356582155, 505.9722639372012], [451.504121848362, 513.8383001217738]], '$', 0.15169747533487854), ([[1378.6360389693211, 2496.636038969321], [1475.668857563365, 2433.7817590580626], [1515.3639610306789, 2499.363961030679], [1418.331142436635, 2562.2182409419374]], "'39", 0.32597697952597326)]
[([[436, 301], [565, 301], [565, 362], [436, 362]], '후우 ', 0.5968918432037137), ([[1372, 316], [1463, 316], [1463, 378], [1372, 378]], '후우', 0.9826445397926619), ([[709, 2003], [921, 2003], [921, 2101], [709, 2101]], '6 3', 0.8851682757554821)]
[([[502, 299], [595, 299], [595, 355], [502, 355]], '햇9', 0.13455239602320504), ([[1458, 581], [1621, 581], [1621, 656], [1458, 656]], '후우 ', 0.4418229031835649), ([[873, 1791], [922, 1791], [922, 1862], [873, 1862]], '*', 0.014059903235665028), ([[943, 2021], [1058, 2021], [1058, 2196], [943, 2196]], '', 0.0), ([[1132, 1997], [1199, 1997], [1199, 2120], [1132, 2120]], '5', 0.10909084732528473)]
[([[1468, 489], [1512, 489], [1512, 547], [1468, 547]], '응', 0.9996103427980394), ([[449, 870], [556, 870], [556, 932], [449, 932]], '좁더', 0.47487683811972364), ([[368, 929], [596, 929], [596, 1001], [368, 1001]], '나오켓다 ', 0.14470518929989618), ([[757, 1695], [874, 1695], [874, 1799], [757, 1799]], ')', 0.004580549289608327), ([[834, 1770], [896, 1770], [896, 1834], [834, 1834]], '5', 0.008670497933710664)]
