2610596
20
[([[1926, 156], [2073, 156], [2073, 224], [1926, 224]], '처녀막', 0.9967522807530743), ([[1905, 242], [2095, 242], [2095, 306], [1905, 306]], '강도검사', 0.964341402053833), ([[1883, 484], [2013, 484], [2013, 537], [1883, 537]], '자다음', 0.9999748099038658), ([[1888, 556], [2008, 556], [2008, 609], [1888, 609]], '세번째', 0.9995181681213358), ([[1901, 626], [1997, 626], [1997, 674], [1901, 674]], '차례.', 0.7839225066279689), ([[47, 1337], [267, 1337], [267, 1390], [47, 1390]], '출석번호00번', 0.8292579540605138), ([[90, 1424], [229, 1424], [229, 1473], [90, 1473]], '호시마치', 0.8922345042228699), ([[82, 1511], [246, 1511], [246, 1553], [82, 1553]], '스이세이.', 0.9143755154251593), ([[106, 1591], [215, 1591], [215, 1639], [106, 1639]], '입니다', 0.9970022190984126), ([[513, 1672], [566, 1672], [566, 1770], [513, 1770]], '1', 0.7143495425089021), ([[337, 1750], [555, 1750], [555, 2085], [337, 2085]], '몇몇', 0.5013357818679296), ([[1491.2953357365823, 1089.0207075219], [1580.0883248745129, 1074.4042141504137], [1609.7046642634177, 1282.9792924781], [1520.9116751254871, 1296.5957858495863]], '콩', 0.9310513666989664), ([[1414.5027712112108, 1168.0112437677597], [1493.1201311652942, 1152.057180154433], [1543.4972287887892, 1410.9887562322403], [1464.8798688347058, 1427.942819845567]], '콩', 0.9824551670140522)]
[([[1385, 154], [1528, 154], [1528, 277], [1385, 277]], '어', 0.9979209987928392), ([[1892, 212], [2013, 212], [2013, 265], [1892, 265]], '처녀막', 0.9971297025828553), ([[1519, 239], [1596, 239], [1596, 348], [1519, 348]], '질', 0.8753846913890726), ([[1819, 276], [2102, 276], [2102, 336], [1819, 336]], '강도검사 해야할', 0.814810665182843), ([[1877, 351], [2031, 351], [2031, 404], [1877, 404]], '학생들이', 0.8031234368828618), ([[1838, 419], [2083, 419], [2083, 474], [1838, 474]], '아직 많으니까', 0.9421162582935322), ([[1784, 682], [1864, 682], [1864, 733], [1784, 733]], '얼른', 0.7327737204735876), ([[1764, 751], [1885, 751], [1885, 804], [1764, 804]], '빼출수', 0.935194058513833), ([[1753, 815], [1900, 815], [1900, 876], [1753, 876]], '있율까?', 0.17072460055351257), ([[373, 1181], [500, 1181], [500, 1231], [373, 1231]], '어라  ?', 0.5132778557528896), ([[1909, 1209], [1987, 1209], [1987, 1247], [1909, 1247]], '네 ?', 0.8010482788085938), ([[279, 1262], [539, 1262], [539, 1318], [279, 1318]], '처녀지 빼앗긴건', 0.42429831157620135), ([[1916, 1295], [1967, 1295], [1967, 1332], [1916, 1332]], '아', 0.9998134461632482), ([[357, 1351], [468, 1351], [468, 1399], [357, 1399]], '난데 .', 0.6455624103546143), ([[1806, 1461], [1868, 1461], [1868, 1503], [1806, 1503]], '죄.', 0.9725842755421857), ([[180, 1532], [224, 1532], [224, 1565], [180, 1565]], '왜', 0.9929493216175302), ([[1737, 1537], [1934, 1537], [1934, 1592], [1737, 1592]], '죄송합니다 .', 0.7568039262329556), ([[102, 1614], [185, 1614], [185, 1652], [102, 1652]], '내가', 0.9998153175051687), ([[187, 1604], [303, 1604], [303, 1660], [187, 1660]], '사과흘', 0.2800260492781416), ([[77, 1690], [328, 1690], [328, 1741], [77, 1741]], '[해야하느거야 .?', 0.3940960831985221), ([[262, 2019], [342, 2019], [342, 2064], [262, 2064]], '이젠', 0.7680429396246187), ([[225, 2099], [395, 2099], [395, 2150], [225, 2150]], '뭐가 원지', 0.8700225194143809), ([[225, 2183], [397, 2183], [397, 2233], [225, 2233]], '모르켓다 .', 0.20366787064136402), ([[485.9395691353619, 633.0331061657909], [727.2049208408885, 685.8618543675232], [690.0604308646381, 826.9668938342091], [448.7950791591116, 774.1381456324768]], '사아', 0.002333211051568108), ([[571.2911806309468, 783.0209526630014], [747.9764052755098, 885.2478586058859], [693.7088193690532, 975.9790473369986], [517.0235947244902, 873.7521413941141]], '01?', 0.20746385650487392)]
[]
[([[1284.9176248275737, 1057.0325721377233], [1424.9523472708727, 1076.5005320043326], [1396.0823751724263, 1258.9674278622767], [1256.0476527291273, 1239.4994679956674]], ')', 0.2676443805150974)]
[]
[]
[]
[]
[]
[]
[]
[([[1823, 257], [2026, 257], [2026, 314], [1823, 314]], '다른 두명올', 0.8863974166760608), ([[1827, 329], [2022, 329], [2022, 382], [1827, 382]], '검사할때도', 0.583065778206251), ([[1802, 398], [2044, 398], [2044, 451], [1802, 451]], '너에제는 좀더', 0.10535299162768196), ([[1883, 468], [1963, 468], [1963, 521], [1883, 521]], '신경', 0.9999579377042895), ([[1827, 538], [2020, 538], [2020, 593], [1827, 593]], '쓰긴햇지만', 0.42809860722055804), ([[1737, 695], [1819, 695], [1819, 746], [1737, 746]], '이젠', 0.6978129190392093), ([[1683, 765], [1878, 765], [1878, 820], [1683, 820]], '삼입하기에', 0.612591395081102), ([[1665, 835], [1894, 835], [1894, 888], [1665, 888]], '충분활정도로', 0.9805016042017983), ([[1683, 905], [1876, 905], [1876, 960], [1683, 960]], '젖어있다고', 0.9982227107742596), ([[1710, 974], [1851, 974], [1851, 1027], [1710, 1027]], '생각해?', 0.9997093677520752), ([[1896, 1443], [2041, 1443], [2041, 1483], [1896, 1483]], '젖없어요', 0.932044506072998), ([[374, 2026], [392, 2026], [392, 2055], [374, 2055]], '?', 0.7504828961855878), ([[293, 2084], [433, 2084], [433, 2137], [293, 2137]], '뭐라고?', 0.9857543706893921), ([[139, 2312], [335, 2312], [335, 2372], [139, 2372]], '미안하지만', 0.9195386722564314), ([[133, 2383], [339, 2383], [339, 2438], [133, 2438]], '더 근소리로', 0.8425968510832249), ([[788, 2349], [879, 2349], [879, 2427], [788, 2427]], '찌', 0.9709034887429802), ([[149, 2453], [325, 2453], [325, 2508], [149, 2508]], '말해줄래?', 0.7227118672624557), ([[1791.1303028434654, 1475.0421192876934], [1852.5379585550113, 1443.016092131311], [1924.8696971565346, 1595.9578807123066], [1863.4620414449887, 1627.983907868689]], '중', 0.9543378827125117)]
[([[1345.3339112846052, 994.0138708305224], [1465.8238804570503, 1048.4319233895583], [1367.6660887153948, 1265.9861291694776], [1247.1761195429497, 1211.5680766104417]], '{', 0.3631524515940896)]
[([[1745, 319], [1915, 319], [1915, 380], [1745, 380]], '어  엄청', 0.6212718760341217), ([[1680, 431], [1989, 431], [1989, 497], [1680, 497]], '젖없다구요. !', 0.345808460567889), ([[448, 493], [737, 493], [737, 699], [448, 699]], '군', 0.4613003244262224), ([[542, 675], [735, 675], [735, 832], [542, 832]], '0대', 0.03846078987847292), ([[619, 820], [743, 820], [743, 921], [619, 921]], '야', 0.9292271397987726), ([[696, 914], [807, 914], [807, 993], [696, 993]], '아', 0.840760442699068), ([[1864, 1203], [2097, 1203], [2097, 1269], [1864, 1269]], '삼입가능한', 0.2773627161022764), ([[1930, 1288], [2027, 1288], [2027, 1350], [1930, 1350]], '보지', 0.99921430459101), ([[1873, 1371], [2089, 1371], [2089, 1440], [1873, 1440]], '라는거야?', 0.8595628554335211), ([[326, 1719], [402, 1719], [402, 1770], [326, 1770]], '엄청', 0.9954416640965705), ([[1590, 1711], [1807, 1711], [1807, 1771], [1590, 1771]], '삼입 가능한', 0.5150685640676103), ([[290, 1805], [442, 1805], [442, 1853], [290, 1853]], '창피해. !', 0.7149479300934738), ([[1582, 1811], [1815, 1811], [1815, 1867], [1582, 1867]], '보지입니다 ', 0.9759119457372156), ([[142, 2057], [276, 2057], [276, 2105], [142, 2105]], '큰소리로', 0.8691847920417786), ([[122, 2138], [294, 2138], [294, 2193], [122, 2193]], '보지상태틀', 0.44341707911946926), ([[110, 2223], [310, 2223], [310, 2274], [110, 2274]], '말한다는계..', 0.2826140818704762), ([[1322.1468052029702, 1035.021423539109], [1446.6721323630013, 1091.4134679921071], [1365.8531947970298, 1267.978576460891], [1241.3278676369987, 1211.5865320078929]], '{', 0.02306014674836465)]
[([[556, 0], [702, 0], [702, 320], [556, 320]], '틈', 0.015951676738560572), ([[1881, 115], [2040, 115], [2040, 276], [1881, 276]], '그면', 0.9686917487061344), ([[1867, 289], [2057, 289], [2057, 353], [1867, 353]], '귀두끝에', 0.9343713521957397), ([[1860, 373], [2048, 373], [2048, 437], [1860, 437]], '처녀막올', 0.6441951990127563), ([[1889, 458], [2032, 458], [2032, 520], [1889, 520]], '대주럼', 0.29339164863039796), ([[323, 1648], [396, 1648], [396, 1692], [323, 1692]], '근데', 0.9999852486348886), ([[234, 1726], [465, 1726], [465, 1779], [234, 1779]], '왜 이런식으로', 0.9907088126605477), ([[182, 1809], [514, 1809], [514, 1864], [182, 1864]], '처녀지 바치지 않으면', 0.4932467068108987), ([[250, 1897], [449, 1897], [449, 1945], [250, 1945]], '안되논거야?', 0.7613997454991037), ([[128, 2165], [303, 2165], [303, 2213], [128, 2213]], '이제와서', 0.9718040227890015), ([[771, 1977], [923, 1977], [923, 2254], [771, 2254]], '척', 0.47435829258271056), ([[115, 2259], [319, 2259], [319, 2314], [115, 2314]], '이런말해도', 0.9996858797838039), ([[123, 2357], [308, 2357], [308, 2417], [123, 2417]], '늦엇지만.', 0.4466159234184805), ([[381.28104053041335, 83.01292674549143], [518.1807326865567, 36.03488366367738], [631.7189594695866, 400.9870732545086], [493.8192673134433, 447.96511633632264]], '움', 0.8397557784774143)]
[([[1895, 248], [1954, 248], [1954, 305], [1895, 305]], '자,', 0.708638810815409), ([[1855, 327], [1998, 327], [1998, 391], [1855, 391]], '천천히', 0.9986996552105945), ([[1781, 409], [2073, 409], [2073, 478], [1781, 478]], '체중올 실으럼', 0.8210438097121219), ([[697, 1971], [1026, 1971], [1026, 2304], [697, 2304]], '꾸', 0.16223799152934593), ([[1441, 2492], [1654, 2492], [1654, 2666], [1441, 2666]], '짙철', 0.09020504659356265), ([[1471, 2661], [1694, 2661], [1694, 2837], [1471, 2837]], '매끔', 0.14885893391794033)]
[([[1922, 608], [2049, 608], [2049, 663], [1922, 663]], '고  고추', 0.8363423181458229), ([[1915, 693], [2056, 693], [2056, 746], [1915, 746]], '넣논제.', 0.1941166220452991), ([[1730, 785], [1813, 785], [1813, 834], [1730, 834]], '정말.', 0.8744381009523468), ([[1688, 869], [1853, 869], [1853, 922], [1688, 922]], '이이렇계', 0.9097241759300232), ([[1721, 952], [1831, 952], [1831, 1003], [1721, 1003]], '하느거', 0.8037439288157703), ([[1692, 1037], [1864, 1037], [1864, 1086], [1692, 1086]], '맞나요..?', 0.47119630547679475), ([[142, 1301], [348, 1301], [348, 1354], [142, 1354]], '드들어갈 것', 0.9245225742820843), ([[191, 1386], [303, 1386], [303, 1437], [191, 1437]], '같지가', 0.9840086262917206), ([[149, 1469], [316, 1469], [316, 1520], [149, 1520]], '않은데 요', 0.8390126577346603), ([[1562, 1339], [1674, 1339], [1674, 1660], [1562, 1660]], '바', 0.7414899562094526), ([[303, 1934], [448, 1934], [448, 1996], [303, 1996]], '제대로', 0.9428203701972961), ([[278, 2017], [470, 2017], [470, 2081], [278, 2081]], '하고있어', 0.9895234704017639), ([[168, 2251], [315, 2251], [315, 2315], [168, 2315]], '체중올', 0.5287051468433179), ([[143, 2335], [344, 2335], [344, 2401], [143, 2401]], '더 실어화', 0.8144194863539074)]
[([[1944, 718], [1977, 718], [1977, 755], [1944, 755]], '옷', 0.3666090082393936), ([[1907, 1279], [2095, 1279], [2095, 1321], [1907, 1321]], '아아파 "', 0.2580615560334761), ([[1713, 1448], [1773, 1448], [1773, 1488], [1713, 1488]], '저 .', 0.4084170670357436), ([[1762, 1442], [1887, 1442], [1887, 1493], [1762, 1493]], '정말로 .', 0.7399099666044742), ([[318, 1536], [401, 1536], [401, 1573], [318, 1573]], '이제.', 0.9608558240296131), ([[1694, 1526], [1887, 1526], [1887, 1576], [1694, 1576]], '이대로 체중', 0.9988872105947156), ([[243, 1609], [494, 1609], [494, 1666], [243, 1666]], '심호흡한번하구.', 0.8498841882490821), ([[1744, 1609], [1851, 1609], [1851, 1662], [1744, 1662]], '실어도', 0.8488281886376606), ([[1685, 1692], [1914, 1692], [1914, 1745], [1685, 1745]], '괜찮은거야..?', 0.41624594940231513), ([[169, 1868], [283, 1868], [283, 1921], [169, 1921]], '단숨에', 0.752121940265911), ([[173, 1951], [276, 1951], [276, 2004], [173, 2004]], '체중을', 0.7652358523777488), ([[140, 2039], [314, 2039], [314, 2087], [140, 2087]], '신는거야 .', 0.11899668968757864), ([[1007, 1964], [1208, 1964], [1208, 2187], [1007, 2187]], '드', 0.4925097548633097), ([[821, 1925], [1017, 1925], [1017, 2475], [821, 2475]], '꾸', 0.3226358029262464), ([[1461.1672131076464, 2135.015081771041], [1683.9521201693935, 2304.516699716944], [1566.8327868923536, 2456.984918228959], [1344.0478798306065, 2288.483300283056]], '세약', 0.05904234322221796), ([[1332.2169628291422, 2334.0146038210128], [1484.4912544485794, 2299.485891842975], [1552.7830371708578, 2643.9853961789872], [1401.5087455514206, 2678.514108157025]], '팩', 0.5475827241352818)]
[([[56, 103], [425, 103], [425, 456], [56, 456]], '음', 0.0028998966024090245), ([[1618, 412], [1852, 412], [1852, 902], [1618, 902]], '육', 0.0038389064087738234), ([[1267, 1017], [1404, 1017], [1404, 1238], [1267, 1238]], '{', 0.09931258657767117), ([[145, 1562], [460, 1562], [460, 2087], [145, 2087]], '흙', 0.3336305073226562), ([[747, 1775], [922, 1775], [922, 2152], [747, 2152]], '7', 0.03233456828547787), ([[1413, 1984], [1581, 1984], [1581, 2346], [1413, 2346]], '형', 0.7216190605133797), ([[1643.4268646411383, 1973.4465607750574], [1951.3486411860752, 1819.0763959410397], [2061.5731353588617, 2104.553439224943], [1753.6513588139248, 2258.9236040589603]], '=', 0.1463740331403054), ([[590.5029520440339, 2013.0068639940262], [727.0112133156526, 2028.8810527263374], [680.4970479559661, 2410.9931360059736], [544.9887866843474, 2395.1189472736623]], '8', 0.4919796609144136), ([[1810.9342647639987, 2141.0299127991793], [1946.3370763121436, 2107.764989266843], [1999.0657352360013, 2356.9700872008207], [1863.6629236878564, 2390.235010733157]], '7', 0.09446954269657226)]
[([[218, 29], [526, 29], [526, 401], [218, 401]], '얹팅', 0.001174547547611792), ([[1671, 762], [1717, 762], [1717, 799], [1671, 799]], '아', 0.9997639795347482), ([[1671, 845], [1746, 845], [1746, 885], [1671, 885]], '으으', 0.9918607270853285), ([[1686, 924], [1724, 924], [1724, 970], [1686, 970]], '옷', 0.8875984347533894), ([[1271, 1055], [1327, 1055], [1327, 1133], [1271, 1133]], '1', 0.9588256470610901), ([[1252, 1126], [1320, 1126], [1320, 1213], [1252, 1213]], '암', 0.14188947383559825), ([[274, 1572], [504, 1572], [504, 1636], [274, 1636]], '셋중에서논', 0.3889854740042226), ([[244, 1655], [536, 1655], [536, 1719], [244, 1719]], '처녀막 강도가', 0.9468055697169998), ([[265, 1738], [513, 1738], [513, 1802], [265, 1802]], '가장 강햇군', 0.7135715630536296), ([[108, 1895], [251, 1895], [251, 1945], [108, 1945]], '하마터면', 0.9977073073387146), ([[86, 1958], [260, 1958], [260, 2006], [86, 2006]], '사정활만큼', 0.9431252270515958), ([[1830, 1893], [2075, 1893], [2075, 2018], [1830, 2018]], '부들부들', 0.9505358338356018), ([[65, 2021], [292, 2021], [292, 2071], [65, 2071]], '조임도 종앗고', 0.36404301521400345), ([[47, 2084], [301, 2084], [301, 2134], [47, 2134]], '이정도면 점수도', 0.9991155496345927), ([[86, 2147], [274, 2147], [274, 2197], [86, 2197]], '상위권이야!', 0.583555119102645), ([[527.2894303021277, 128.09170180978742], [693.7665171459987, 115.1579949154726], [696.7105696978723, 252.90829819021258], [530.2334828540013, 265.8420050845274]], ')', 0.7638020501621021), ([[870.3254706475371, 2323.0103431097104], [1037.379546084392, 2347.813553432723], [984.6745293524629, 2692.9896568902896], [818.6204539156081, 2669.186446567277]], '곡', 0.37382410976738356)]
