2612528
17
[]
[]
[([[46, 816], [300, 816], [300, 904], [46, 904]], '그것보다', 0.996789813041687), ([[47, 899], [570, 899], [570, 986], [47, 986]], '오늘도 하느거야?9', 0.9718690162562005), ([[992, 978], [1948, 978], [1948, 1083], [992, 1083]], '백로님 배가 만이 터려데오- @', 0.0588782582320159), ([[888, 1336], [1431, 1336], [1431, 1420], [888, 1420]], '어, 어절 수 없잖아이', 0.3857630960787595), ([[887, 1415], [2009, 1415], [2009, 1504], [887, 1504]], '너희들이 그만큼 애기씨앗올 주입하으니야', 0.39405070167464884), ([[1570.249583686422, 642.0128020121637], [1862.9344571696643, 822.3030649181062], [1762.750416313578, 978.9871979878363], [1470.0655428303357, 798.6969350818938]], '오관', 0.007603895430186837), ([[477.30633874790595, 1120.0109383086194], [745.617475502506, 1328.9153025940032], [626.693661252094, 1480.9890616913806], [358.3825244974941, 1272.0846974059968]], '생뒷?', 0.00021387438459414515)]
[([[1037, 246], [1944, 246], [1944, 355], [1037, 355]], '전희늄 확실히 말씀해 주시지', 0.5088454587687299), ([[1166, 349], [1947, 349], [1947, 449], [1166, 449]], '양으면 잘-오르켓네요~@', 0.2831217101476021), ([[40, 936], [648, 936], [648, 1025], [40, 1025]], '다; 당연히 교미잡아!', 0.45163123310075903), ([[41, 1024], [685, 1024], [685, 1104], [41, 1104]], '나름 애태우지 말아 쥐9', 0.7649558510226747), ([[1570.2836935188573, 643.0122201025198], [1863.9181100712776, 824.1472531079726], [1765.7163064811427, 977.9877798974802], [1472.0818899287224, 796.8527468920274]], '오만', 0.049178676432373905), ([[476.2748086909926, 1119.0114355044657], [747.661790496693, 1326.0702097404578], [627.7251913090074, 1481.9885644955343], [356.3382095033069, 1273.9297902595422]], '생뒷', 0.0007019162368790905)]
[([[1095, 304], [1985, 304], [1985, 413], [1095, 413]], '백로님음 완전 교미하자고만', 0.7507141210294779), ([[1084, 403], [1985, 403], [1985, 507], [1084, 507]], '말씀하시게 되어버럿데요~@', 0.3981963830591485), ([[34, 574], [595, 574], [595, 654], [34, 654]], '너희들이 치료라면서', 0.9470327027673121), ([[29, 656], [709, 656], [709, 740], [29, 740]], '매일 나름 원햇으니까9', 0.47875264344995827), ([[1134, 731], [1269, 731], [1269, 978], [1134, 978]], '약', 0.028709580743768726), ([[351, 968], [573, 968], [573, 1045], [351, 1045]], '으응 . 어', 0.11720119195781385), ([[39, 1360], [388, 1360], [388, 1459], [39, 1459]], '그쨌없조0', 0.41709780469254937), ([[36, 1448], [1248, 1448], [1248, 1558], [36, 1558]], '그럼 오늘목 잔뜩 주입해 드길 테니깐어', 0.15335225601620667), ([[71.53755710057028, 2046.005092365891], [211.37031278146543, 1989.0032652909106], [419.46244289942973, 2541.994907634109], [279.62968721853457, 2597.9967347090897]], '뻔', 0.0032129992511369942)]
[([[1609, 325], [1963, 325], [1963, 424], [1609, 424]], '하앗하앗)', 0.14190797619008538), ([[1372, 423], [1958, 423], [1958, 523], [1372, 523]], '백로님의 얘기보지', 0.42318564239889084), ([[909, 513], [1946, 513], [1946, 622], [909, 622]], '매일맛반전혀 질리지마 &데웃어', 0.1324686434877368), ([[55, 586], [543, 586], [543, 687], [55, 687]], '아-씹다 뻔다9', 0.0690229673362984), ([[58, 684], [672, 684], [672, 792], [58, 792]], '임산분 보제에잔뜩_', 0.5809334436118754), ([[55, 775], [378, 775], [378, 880], [55, 880]], '쌀레요~@', 0.13188078893550206), ([[29, 1796], [361, 1796], [361, 2344], [29, 2344]], ';', 0.0041479217093770004), ([[137, 2281], [377, 2281], [377, 2578], [137, 2578]], '올', 0.07477150535439936), ([[1006.6928897449814, 2446.034194129145], [1160.696108823703, 2362.0096932290626], [1313.3071102550186, 2686.965805870855], [1159.303891176297, 2770.9903067709374]], '움', 0.4613101213483475)]
[([[193, 832], [335, 832], [335, 967], [193, 967]], '휴', 0.0113513991096994), ([[260, 956], [351, 956], [351, 1098], [260, 1098]], '은', 0.0898326257925186), ([[603, 1246], [767, 1246], [767, 1385], [603, 1385]], '꿈?', 0.014947164363415385), ([[60, 1799], [225, 1799], [225, 1947], [60, 1947]], '(', 0.031043316489880235), ([[93, 1936], [246, 1936], [246, 2118], [93, 2118]], '(', 0.06474452613205361), ([[318.1763617125874, 2070.0339767223077], [390.69299450536715, 2049.144353415184], [431.8236382874126, 2210.9660232776923], [359.30700549463285, 2231.855646584816]], '푹', 0.97314396170988), ([[84.44565729713489, 2155.427194918253], [293.6066017177982, 2098.393398282202], [318.5543427028651, 2225.572805081747], [109.39339828220179, 2282.606601717798]], '%순', 0.0351500621108854), ([[654.4865415957871, 2201.0119901498433], [731.5600569918278, 2180.014266698763], [794.5134584042129, 2436.9880098501567], [717.4399430081722, 2456.985733301237]], '풀', 0.2222302600536432)]
[([[1590, 244], [1906, 244], [1906, 340], [1590, 340]], '하아~.0', 0.5815413128171657), ([[1495, 345], [1904, 345], [1904, 444], [1495, 444]], '쏘다 싶다~@', 0.16443265645040617), ([[1225, 442], [1904, 442], [1904, 541], [1225, 541]], '백로님의 치료 덕분에', 0.29825953752200013), ([[39, 536], [262, 536], [262, 635], [39, 635]], '백로님', 0.7591005605322031), ([[1146, 536], [1830, 536], [1830, 640], [1146, 640]], '매일-살맛이 딴다고요', 0.11155400115741186), ([[37, 631], [597, 631], [597, 736], [37, 736]], '벌써 마연 안 돼요', 0.38727620043776423), ([[36, 725], [655, 725], [655, 834], [36, 834]], '아직그발째의진요0', 0.03763689811641685), ([[300, 948], [450, 948], [450, 1121], [300, 1121]], '8', 0.17037036608893974), ([[289, 1655], [388, 1655], [388, 1845], [289, 1845]], '동', 0.031015083544723376), ([[234, 1821], [307, 1821], [307, 1920], [234, 1920]], '7', 0.04088930359711562), ([[5.1093957900785405, 2128.01469243938], [180.5805109391061, 2047.0062413315675], [359.89060420992143, 2484.98530756062], [184.4194890608939, 2565.9937586684327]], '축', 0.9589433138160217), ([[651.1411502739096, 2220.019421053403], [778.0670632058893, 2170.0299874508573], [884.8588497260904, 2478.980578946597], [757.9329367941107, 2527.9700125491427]], '죽', 0.7043877323642533)]
[([[70, 226], [527, 226], [527, 325], [70, 325]], '그러면 오늘다', 0.4847406121487144), ([[70, 321], [739, 321], [739, 423], [70, 423]], '잔뜩 넣어 드질레요어', 0.3519194598200498), ([[1436, 984], [1779, 984], [1779, 1065], [1436, 1065]], '알고있어..9', 0.4449264734989671), ([[68, 1074], [584, 1074], [584, 1155], [68, 1155]], '나도 한 번만으로는', 0.9908355367470943), ([[65, 1156], [598, 1156], [598, 1240], [65, 1240]], '만족할 수 없는 용이', 0.8155985521028265), ([[65, 1239], [558, 1239], [558, 1323], [65, 1323]], '되어 버럿으니관이', 0.25866760128992167), ([[293.3876543538402, 1657.0187659675955], [366.8187283711037, 1650.4054822752817], [382.6123456461598, 1839.9812340324045], [309.1812716288963, 1846.5945177247183]], '표', 0.3630327074222386), ([[3.106449994083818, 2129.0147898213313], [176.5780259527744, 2046.006188005435], [361.89355000591615, 2484.9852101786687], [188.4219740472256, 2566.993811994565]], '축', 0.9368172141457229), ([[650.1333231433516, 2220.0197768394005], [777.1331992381644, 2171.033823277038], [883.8666768566484, 2476.9802231605995], [755.8668007618356, 2526.966176722962]], '죽', 0.8154790738769044)]
[([[1021, 43], [1448, 43], [1448, 136], [1021, 136]], '하아@하아)', 0.32244231568347403), ([[1024, 137], [2018, 137], [2018, 239], [1024, 239]], '백로님? 발리간 가라앉지 양으네', 0.19818626786404764), ([[1023, 234], [1898, 234], [1898, 337], [1023, 337]], '슬쓸 치료름 부탁드질게웃어', 0.12272738046462776), ([[1274, 437], [1533, 437], [1533, 546], [1274, 546]], '예희블', 0.38067884854689876), ([[1273, 537], [1956, 537], [1956, 641], [1273, 641]], '켓로화 필요하다 해제', 0.1217108971285038), ([[1273, 633], [2027, 633], [2027, 743], [1273, 743]], '예라} 입분레되이-관데', 0.018402686901533235), ([[1272, 734], [1846, 734], [1846, 836], [1272, 836]], '@레운승속@@', 0.077940518208878), ([[46, 1554], [1112, 1554], [1112, 1652], [46, 1652]], '아니 아니 치료야 필요하다니깐요', 0.3681754289501539), ([[44, 1649], [1040, 1649], [1040, 1751], [44, 1751]], '반반요 발리화 가라앉지 양으니', 0.086613954535281), ([[50, 1749], [962, 1749], [962, 1848], [50, 1848]], '일이 손에 잡함리없장아요이', 0.16023760090647157)]
[([[1209, 163], [1589, 163], [1589, 262], [1209, 262]], '무럼백로님', 0.5108582064461888), ([[1206, 255], [1996, 255], [1996, 366], [1206, 366]], '보지종 실레하켓습니차0', 0.2579351952917374), ([[1199, 773], [1510, 773], [1510, 864], [1199, 864]], '곡근되0', 0.0052667036652565), ([[1190, 862], [2017, 862], [2017, 971], [1190, 971]], '왜멋대되어문 작이 ', 0.0020057981087668263), ([[78, 1507], [306, 1507], [306, 1593], [78, 1593]], '이야야', 0.997867264568035), ([[74, 1596], [501, 1596], [501, 1699], [74, 1699]], '죄송합니다', 0.7852522492192332), ([[77, 1695], [1193, 1695], [1193, 1799], [77, 1799]], '백로임의 애리,지틀 보고만 외기엔', 0.05775512404763532), ([[77, 1791], [728, 1791], [728, 1891], [77, 1891]], '참을 수가 없어서.어', 0.43452339012414315), ([[194, 1959], [477, 1959], [477, 2061], [194, 2061]], '너희들.', 0.501748263835907), ([[196, 2059], [1020, 2059], [1020, 2161], [196, 2161]], '날 자라고 생각하눈 거야.', 0.17671233663276187), ([[1181.4043449338085, 2081.007714445012], [1333.4673831435316, 2028.0047493382406], [1486.5956550661915, 2512.992285554988], [1334.5326168564684, 2565.995250661759]], '#', 0.13021094189116766)]
[([[920, 246], [2017, 246], [2017, 357], [920, 357]], '그램안쪽까지 한방에 실레합내다!', 0.10114647660514722), ([[920, 349], [1239, 349], [1239, 445], [920, 445]], '흐으으움!', 0.5949115851890555), ([[127, 1817], [488, 1817], [488, 1973], [127, 1973]], '@앗!?', 0.09053605794906616), ([[1290.5801362598615, 792.0347797011755], [1466.6919270713404, 684.0082557108417], [1659.4198637401385, 1053.9652202988245], [1483.3080729286596, 1160.9917442891583]], '@', 0.8706773619838373), ([[1357.2362262062734, 2191.006629481341], [1658.566343904815, 2377.7515083706307], [1361.7637737937266, 2854.993370518659], [1061.433656095185, 2668.2484916293693]], '줄', 0.486371545485099)]
[([[816, 42], [1048, 42], [1048, 133], [816, 133]], '바보야', 0.6124115900496652), ([[816, 133], [1506, 133], [1506, 237], [816, 237]], '갑자기 웬화견 더이', 0.06080880517423303), ([[817, 232], [2010, 232], [2010, 334], [817, 334]], '나까지 이상합 소리블 질레 버럿령이6', 0.012292114954909509), ([[712, 392], [1859, 392], [1859, 496], [712, 496]], '이야아~ 자지간 폭발활컷 같야서.어', 0.18038080124383732), ([[57, 1342], [509, 1342], [509, 1441], [57, 1441]], '아무리 정액울', 0.19205520072744087), ([[55, 1438], [667, 1438], [667, 1535], [55, 1535]], '매체 안늘다고-해요', 0.03668174315113825), ([[56, 1533], [1180, 1533], [1180, 1637], [56, 1637]], '성기가 답자기 활말할 리가 없잡아.', 0.09847611532300807), ([[54, 1629], [1266, 1629], [1266, 1732], [54, 1732]], '정업이되어집 순되 없데. 얼른 시작해', 0.022074459387391776), ([[58, 1721], [1776, 1721], [1776, 1831], [58, 1831]], '데믿물음 용리명의 약으로눈 의미가 없올& 똑@에-꺼', 0.006882148189165766), ([[145, 1886], [919, 1886], [919, 1985], [145, 1985]], '정말 감사합니다 백로님!', 0.9283526499449826), ([[145, 1985], [1247, 1985], [1247, 2084], [145, 2084]], '그럼사양 양고 질러버리켓습니다)', 0.3148327570331719)]
[([[1226, 112], [1774, 112], [1774, 212], [1226, 212]], '흐으움!!0 훈웃어', 0.19159518189338454), ([[879, 251], [1192, 251], [1192, 363], [879, 363]], '호 오원', 0.3752070367336273), ([[880, 353], [1956, 353], [1956, 458], [880, 458]], '있이2갑잔리 결립러되 @면-', 0.0014750478678778585), ([[1128, 483], [2007, 483], [2007, 587], [1128, 587]], '맨 백로님  곧쌀것 갈으니', 0.09068805270898035), ([[1128, 580], [1961, 580], [1961, 684], [1128, 684]], '솜으로 데 문질러주세웃-이', 0.08421185940924995), ([[153, 653], [746, 653], [746, 755], [153, 755]], '저도씹것같아웃!', 0.08615028958729824), ([[1328, 799], [1513, 799], [1513, 987], [1328, 987]], '{옷', 0.1191018662506349), ([[55, 1499], [527, 1499], [527, 1602], [55, 1602]], '한 사랑씩 말해', 0.5875091523878204), ([[56, 1597], [558, 1597], [558, 1687], [56, 1687]], '@3바쁘고@', 0.08428102503635573), ([[790, 1870], [1037, 1870], [1037, 2006], [790, 2006]], '톤 .', 0.128370001912117), ([[1108, 1821], [1328, 1821], [1328, 1967], [1108, 1967]], '콩3', 0.05502245679892427), ([[1266, 1962], [1590, 1962], [1590, 2317], [1266, 2317]], '광', 0.5003574520242502), ([[844, 2412], [1034, 2412], [1034, 2551], [844, 2551]], '그', 0.02536914596640849), ([[1615, 2449], [1906, 2449], [1906, 2725], [1615, 2725]], '및', 0.14862037097376302), ([[61.84090277120426, 652.0749513382729], [164.98623276153, 668.8502908199894], [150.15909722879573, 746.9250486617271], [47.01376723847, 730.1497091800106]], '저;', 0.9787112637347521), ([[532.3725870775911, 832.0164131819895], [620.4633018351363, 823.5106335945475], [638.6274129224089, 1046.9835868180105], [550.5366981648637, 1055.4893664054525]], '야', 0.08639950170987731), ([[64.61687355328604, 2076.1687355328604], [247.81707165494024, 1918.0098191544869], [477.38312644671396, 2243.8312644671396], [295.1829283450598, 2401.9901808455134]], '온', 0.004770727196037383), ([[392.8967101876799, 2654.0304543970065], [551.5448974141497, 2684.4160354266405], [511.1032898123201, 2874.9695456029935], [352.4551025858503, 2845.5839645733595]], '@', 0.936907329544411)]
[([[1447, 124], [1931, 124], [1931, 224], [1447, 224]], '~고 산다아앗빛', 0.009785996321897574), ([[193, 290], [648, 290], [648, 399], [193, 399]], '저; 저도요옷!', 0.18102802084334874), ([[165, 492], [380, 492], [380, 592], [165, 592]], '엇30', 0.05772924459066885), ([[165, 588], [611, 588], [611, 691], [165, 691]], '잔뜩 싸입데@', 0.028329248882339217), ([[93, 811], [615, 811], [615, 908], [93, 908]], '백로님보지에도', 0.288289207691652), ([[1335, 811], [1432, 811], [1432, 962], [1335, 962]], '@', 0.5466282294938232), ([[92, 900], [438, 900], [438, 1003], [92, 1003]], '월니다옷어', 0.04034193229487865), ([[226, 1394], [502, 1394], [502, 1692], [226, 1692]], '뷰#', 0.18341318297140768), ([[1249, 1485], [1437, 1485], [1437, 1754], [1249, 1754]], '봇', 0.2543736187692822), ([[785, 1870], [985, 1870], [985, 2006], [785, 2006]], '콩', 0.04056985800541946), ([[1101, 1821], [1251, 1821], [1251, 1971], [1101, 1971]], '콩', 0.3345249228142017), ([[1266, 1959], [1590, 1959], [1590, 2319], [1266, 2319]], '광', 0.434242558513688), ([[1615, 2447], [1906, 2447], [1906, 2723], [1615, 2723]], '및', 0.051928948528365604), ([[356, 2671], [541, 2671], [541, 2859], [356, 2859]], '@', 0.9601647660309851), ([[225.20422627244997, 1922.0098961524889], [517.654923195471, 2180.313227390962], [335.79577372755, 2387.990103847511], [42.34507680452897, 2128.686772609038]], '교', 0.04192659662169995)]
[([[515, 765], [652, 765], [652, 949], [515, 949]], '지', 0.07138945000275587), ([[1849, 1248], [1991, 1248], [1991, 1339], [1849, 1339]], '웃어', 0.3810643527075298), ([[1672, 1348], [1990, 1348], [1990, 1425], [1672, 1425]], '오으~.0', 0.35714120213427086), ([[1335, 1438], [1997, 1438], [1997, 1537], [1335, 1537]], '백로님의 애리보지에', 0.35827545906893493), ([[60, 1538], [337, 1538], [337, 1629], [60, 1629]], '백로님', 0.47327557688697974), ([[1156, 1528], [2002, 1528], [2002, 1639], [1156, 1639]], '쌓이고 쌓인 진한애기씨앗', 0.44010257198598), ([[55, 1632], [804, 1632], [804, 1733], [55, 1733]], '제운전자로 교배행으니', 0.15315160253037724), ([[1533, 1632], [1994, 1632], [1994, 1731], [1533, 1731]], '대량 중입~0', 0.35633713359911245), ([[60, 1724], [951, 1724], [951, 1833], [60, 1833]], '꼭임신해 주제야 한다고요9', 0.38378470118345454), ([[792, 1899], [962, 1899], [962, 2040], [792, 2040]], '못"', 0.061649658732463294), ([[1029, 1950], [1186, 1950], [1186, 2095], [1029, 2095]], '붓', 0.05230558346572267), ([[680, 2394], [1111, 2394], [1111, 2551], [680, 2551]], "#'초0", 0.014105543494224548), ([[1371, 2233], [1684, 2233], [1684, 2564], [1371, 2564]], '[', 0.021399780045094907), ([[1384.4156614073963, 429.0047426956107], [1656.4530286674383, 483.37444315579967], [1528.5843385926037, 1116.9952573043893], [1256.5469713325617, 1062.6255568442004]], '%', 0.9434127016597849), ([[435.87663290662437, 919.0371568900281], [551.8525889168221, 877.2410401136699], [622.1233670933756, 1103.9628431099718], [506.1474110831779, 1145.75895988633]], '몸', 0.2158289823148749), ([[329.327686127217, 2009.005795378589], [607.4562042179141, 2143.9455597291785], [354.672313872783, 2666.994204621411], [76.54379578208591, 2533.0544402708215]], '(', 0.04120110292458978)]
[([[1330, 55], [1958, 55], [1958, 154], [1330, 154]], '@ 이렇게나 또운면', 0.09500974583941828), ([[1016, 146], [1965, 146], [1965, 251], [1016, 251]], '예희물 성올국 라라갚요있지6', 0.0045870334818016905), ([[614, 238], [1967, 238], [1967, 351], [614, 351]], '덕 이상 하면 친짜국 임신해질지로 올리', 0.07399143683956849), ([[1314, 792], [1426, 792], [1426, 904], [1314, 904]], '(하', 0.32291814375624883), ([[616, 926], [706, 926], [706, 1017], [616, 1017]], '하', 0.6775597953634396), ([[1669, 965], [1954, 965], [1954, 1066], [1669, 1066]], '백로님', 0.9605028617173311), ([[986, 1060], [1954, 1060], [1954, 1163], [986, 1163]], '사실 전혀 가라앉지 양있어요', 0.28618167700689445), ([[887, 1159], [1952, 1159], [1952, 1259], [887, 1259]], '앞으로 몇번만 더 해되괜창조630', 0.1794365428559114), ([[80, 1417], [445, 1417], [445, 1507], [80, 1507]], '뭐; 자라고?', 0.14222340101519668), ([[79, 1510], [903, 1510], [903, 1612], [79, 1612]], '아직 데 해야 한탑 알이야?', 0.050342263321178325), ([[152, 1657], [646, 1657], [646, 1771], [152, 1771]], '분탕트립내다@', 0.03851191657935532), ([[152, 1756], [1200, 1756], [1200, 1859], [152, 1859]], '절대로 임신 시켜 드럭 태니깐요0', 0.42055738865931475), ([[79, 1913], [712, 1913], [712, 2010], [79, 2010]], '언: 어절 수 없구런:', 0.1403919821452063), ([[866, 2246], [1251, 2246], [1251, 2631], [866, 2631]], '벼물', 0.020461184305529526), ([[346, 2398], [677, 2398], [677, 2832], [346, 2832]], '끈', 0.9150444660923682), ([[1270, 2461], [1555, 2461], [1555, 2777], [1270, 2777]], '척', 0.9308041917180709), ([[1590, 2600], [1667, 2600], [1667, 2669], [1590, 2669]], '~', 0.07920934017075698)]
