2618127
17
[([[380, 54], [466, 54], [466, 110], [380, 110]], '조린', 0.6233975173558299), ([[377, 105], [715, 105], [715, 165], [377, 165]], '버거우면 말해쥐라', 0.7031791077666366), ([[378, 160], [656, 160], [656, 216], [378, 216]], '그만할테니까: ', 0.7953837311191685), ([[49, 379], [453, 379], [453, 683], [49, 683]], '배뼈', 0.004168919423184457), ([[1302, 800], [1394, 800], [1394, 852], [1302, 852]], '거짓말-', 0.44612929224967957), ([[1298, 858], [1454, 858], [1454, 906], [1298, 906]], '5시간째야', 0.2834630054825867), ([[794.8699632185802, 1636.01995908582], [1142.2419695558483, 1716.0035690862896], [1071.13003678142, 1982.98004091418], [723.7580304441518, 1901.9964309137104]], '사적', 0.08624789446321678)]
[([[85.78865410765266, 1732.2020027195877], [876.5638408054804, 1557.0922168612894], [922.2113458923474, 1923.7979972804123], [131.43615919451963, 2099.9077831387103]], '@ 57', 0.14125943183898926), ([[287.62144496177115, 2147.1466170603685], [1002.3371863453717, 2012.198477592959], [1033.3785550382288, 2339.8533829396315], [317.66281365462834, 2473.801522407041]], '가 / ', 0.11810673277812501)]
[([[195, 23], [437, 23], [437, 255], [195, 255]], '(군', 0.10402024780200227), ([[1876, 32], [2050, 32], [2050, 244], [1876, 244]], '(}', 0.19139872183854065), ([[1496, 382], [1548, 382], [1548, 454], [1496, 454]], '5', 0.32984074484474846), ([[758, 489], [824, 489], [824, 626], [758, 626]], '뻔', 0.01826589318044136), ([[765, 1267], [884, 1267], [884, 1336], [765, 1336]], '상거', 0.18172789129991815), ([[1102, 1618], [1198, 1618], [1198, 1738], [1102, 1738]], '8', 0.14014074244882124), ([[125, 2177], [255, 2177], [255, 2267], [125, 2267]], '0', 0.21674030394228794)]
[]
[([[754, 174], [800, 174], [800, 222], [754, 222]], '신4', 0.10926728022605585), ([[82, 378], [184, 378], [184, 498], [82, 498]], '*', 0.10224685448267579), ([[144.8562946477662, 172.04679470274763], [312.82446046212044, 204.38455577398278], [286.1437053522338, 321.9532052972524], [118.17553953787959, 289.61544422601725]], '사껍', 0.03064399170972806)]
[]
[([[1559, 1265], [1869, 1265], [1869, 1567], [1559, 1567]], '수-', 0.08107542398894457), ([[879, 1423], [1085, 1423], [1085, 1689], [879, 1689]], '북', 0.34472010898491945)]
[([[2095.5582738957005, 432.02446506130553], [2124.714968436099, 445.06249316749955], [2087.4417261042995, 529.9755349386945], [2058.285031563901, 516.9375068325004]], '~', 0.6357473301052465)]
[]
[([[936, 150], [962, 150], [962, 178], [936, 178]], '~', 0.33211587929793396), ([[1138, 220], [1166, 220], [1166, 244], [1138, 244]], '0', 0.8394234995173555), ([[1354, 270], [1398, 270], [1398, 296], [1354, 296]], '60', 0.308696922141585), ([[1148.1675694221406, 205.08757628406065], [1255.575609760339, 131.9395695788914], [1272.8324305778594, 165.91242371593935], [1165.424390239661, 239.0604304211086]], "~~스'", 0.04134448245167732), ([[961.9313878148932, 1218.0248380202045], [1229.468917451789, 1285.7486011217325], [1173.0686121851068, 1478.9751619797955], [905.5310825482111, 1410.2513988782675]], '사대', 0.04354613500721905)]
[([[963, 137], [1071, 137], [1071, 203], [963, 203]], '웨터', 0.44369538773916856), ([[962, 198], [1364, 198], [1364, 270], [962, 270]], '계속 주물력주물럭', 0.4161369874806065), ([[965, 263], [1379, 263], [1379, 331], [965, 331]], '만지기만 할꺼야 .?', 0.5307850440336586), ([[1143.0874693287549, 1373.0231457764703], [1264.5250935902204, 1462.892556189792], [1157.9125306712451, 1605.9768542235297], [1037.4749064097796, 1516.107443810208]], '{', 0.057937899120563685)]
[([[62, 172], [160, 172], [160, 268], [62, 268]], '왜', 0.9993688864193508), ([[65, 289], [321, 289], [321, 397], [65, 397]], '이렇때', 0.5273444630194937), ([[573, 231], [773, 231], [773, 413], [573, 413]], '0', 0.7255571146049952), ([[64, 410], [318, 410], [318, 514], [64, 514]], '웨너가', 0.7974061580197018), ([[67, 526], [406, 526], [406, 634], [67, 634]], '생각나는', 0.8627707601204674), ([[72, 654], [268, 654], [268, 752], [72, 752]], '거야', 0.9727581892364974), ([[501, 677], [615, 677], [615, 787], [501, 787]], '윗', 0.1443013055697726), ([[400, 1404], [642, 1404], [642, 1590], [400, 1590]], '돌다', 0.0010747064634293172), ([[1003.878518041548, 1787.118810569777], [1377.903415913196, 1755.3239104162355], [1379.121481958452, 1913.881189430223], [1005.0965840868038, 1946.6760895837645]], '등록 ?', 0.30169681392818526)]
[([[456, 52], [590, 52], [590, 172], [456, 172]], '아', 0.2674279550007874), ([[1274, 216], [1396, 216], [1396, 344], [1274, 344]], '하', 0.8692731506373583), ([[118, 470], [208, 470], [208, 550], [118, 550]], '가', 0.9898256306655675), ([[124, 552], [202, 552], [202, 640], [124, 640]], '번', 0.22612662538887296), ([[125, 649], [239, 649], [239, 715], [125, 715]], '려1', 0.2813804322269457), ([[1135, 873], [1393, 873], [1393, 1275], [1135, 1275]], '콩', 0.9291332578428069), ([[-21.89971888176731, 1239.0112447293077], [238.43237200889513, 1200.214853467353], [297.8997188817673, 1710.9887552706923], [36.567627991104885, 1748.785146532647]], '국', 0.056573166170892364)]
[([[1238, 692], [1364, 692], [1364, 876], [1238, 876]], '넷', 0.13093136303091857), ([[935, 1131], [1065, 1131], [1065, 1239], [935, 1239]], '1사', 0.07096615242879839), ([[1399.3587765501088, 1090.0228717015234], [1468.642789543812, 1127.2473409559489], [1403.6412234498912, 1247.9771282984766], [1334.357210456188, 1210.7526590440511]], '0', 0.04019220019921832)]
[([[1497, 141], [1533, 141], [1533, 183], [1497, 183]], '3', 0.9428456606531519), ([[897, 377], [989, 377], [989, 489], [897, 489]], '(층', 0.09430807939642705)]
[([[1033.2051046034558, 827.3332719689847], [1125.3833348507978, 819.594511362367], [1126.7948953965442, 862.6667280310153], [1034.6166651492022, 869.405488637633]], '"\'', 0.29172593351736914)]
[([[965, 83], [1033, 83], [1033, 159], [965, 159]], '(', 0.13392783548496912), ([[1664, 246], [1970, 246], [1970, 512], [1664, 512]], '퍽', 0.9928414647765891), ([[2117, 299], [2251, 299], [2251, 449], [2117, 449]], '휴', 0.03863744274817926), ([[786, 554], [1045, 554], [1045, 618], [786, 618]], '자기덧대로:', 0.517856962203332), ([[1144, 380], [1567, 380], [1567, 672], [1144, 672]], '찌객', 0.13132416667841917), ([[850, 612], [987, 612], [987, 674], [850, 674]], '싸지마', 0.8995346460708187), ([[111, 675], [209, 675], [209, 743], [111, 743]], '얼일', 0.6591884025723681), ([[845, 671], [991, 671], [991, 731], [845, 731]], '웨터  .', 0.32556971736811513), ([[1096, 818], [1199, 818], [1199, 1051], [1096, 1051]], '햇', 0.7628891514291922), ([[2009, 803], [2299, 803], [2299, 1039], [2009, 1039]], '퍽', 0.9849224542276716), ([[1104, 1299], [1726, 1299], [1726, 1677], [1104, 1677]], '퍼어', 0.1682324152510668), ([[1992, 1444], [2135, 1444], [2135, 1541], [1992, 1541]], '웨터', 0.7456775899617056), ([[1995, 1569], [2276, 1569], [2276, 1674], [1995, 1674]], '그마안!', 0.9248602986335754), ([[850, 1732], [1466, 1732], [1466, 1880], [850, 1880]], '이후 웨더와', 0.5895363562493176), ([[886, 1886], [1432, 1886], [1432, 2038], [886, 2038]], '20번 정도', 0.8125732520352998), ([[899, 2038], [1421, 2038], [1421, 2198], [899, 2198]], '가버력다', 0.2069230399847623), ([[1101.1396751578732, 307.0469605051943], [1335.8667921142007, 145.77784182502762], [1429.8603248421268, 318.9530394948057], [1196.1332078857993, 480.2221581749724]], '확 ', 0.43761585590996116)]
