2623605
16
[([[637, 39], [705, 39], [705, 83], [637, 83]], '비켜', 0.9742868474033513), ([[243, 77], [347, 77], [347, 117], [243, 117]], '비상복도', 0.9996535778045654), ([[600, 86], [744, 86], [744, 134], [600, 134]], '이녀석아;', 0.7416982145331406), ([[123, 115], [477, 115], [477, 155], [123, 155]], '(평상시에는 지름킬로 활용 좁다)', 0.7306121842026849), ([[844, 222], [942, 222], [942, 254], [844, 254]], '그러기엔', 0.997742772102356), ([[833, 251], [959, 251], [959, 291], [833, 291]], '복도가 정말', 0.8971839825250351), ([[841, 287], [945, 287], [945, 327], [841, 327]], '좁습니다.', 0.41429344003604107), ([[220, 342], [294, 342], [294, 372], [220, 372]], '1550,', 0.06869558359278495), ([[833, 323], [957, 323], [957, 361], [833, 361]], '죄송하지만', 0.9979078846822858), ([[833, 361], [955, 361], [955, 397], [833, 397]], '주인남께서', 0.9345828861213219), ([[819, 397], [971, 397], [971, 435], [819, 435]], '물러나주실 수', 0.9834893984134009), ([[827, 433], [963, 433], [963, 469], [827, 469]], '없젠습니까?', 0.6006574435070189), ([[996, 426], [1064, 426], [1064, 474], [996, 474]], '예?', 0.9999802753318743), ([[1009, 547], [1071, 547], [1071, 589], [1009, 589]], '뒤로', 0.9999819611964912), ([[969, 589], [1113, 589], [1113, 631], [969, 631]], '너덧걸음만', 0.41929315232244047), ([[983, 632], [1097, 632], [1097, 674], [983, 674]], '걸으시면', 0.9492459297180176), ([[945, 675], [1133, 675], [1133, 719], [945, 719]], '월 것 같습니다.', 0.5207770145782408)]
[]
[([[992, 544], [1042, 544], [1042, 576], [992, 576]], '오늘', 0.5474026203155518), ([[969, 577], [1065, 577], [1065, 613], [969, 613]], '저녁메뉴', 0.9876716136932373), ([[975, 613], [1057, 613], [1057, 649], [975, 649]], '뛰너라 .', 0.687185491903778), ([[847, 651], [905, 651], [905, 687], [847, 687]], '겨스', 0.999004383784847), ([[833, 685], [921, 685], [921, 725], [833, 725]], '겨수님', 0.9456307997200707), ([[823, 723], [935, 723], [935, 763], [823, 763]], '저아해앗', 0.39136573672294617), ([[864, 766], [894, 766], [894, 804], [864, 804]], '움', 0.9906817612870924), ([[394, 1479], [517, 1479], [517, 1553], [394, 1553]], '꼼거 ', 0.006680637292211426), ([[684.0984799331588, 1420.0582954853232], [804.8307280545619, 1450.4699169157782], [786.9015200668412, 1510.9417045146768], [666.1692719454381, 1481.5300830842218]], '초억;', 0.012079184462285147)]
[]
[([[1369, 2646], [1427, 2646], [1427, 2672], [1369, 2672]], '@.37?', 0.004139669657679832), ([[1425.1401328392153, 2651.194278962352], [1456.844388763657, 2656.2265466474987], [1453.8598671607847, 2675.805721037648], [1422.155611236343, 2670.7734533525013]], '6"9', 0.1741675652103347)]
[([[687, 291], [757, 291], [757, 353], [687, 353]], '중', 0.00699546169171672), ([[527, 387], [643, 387], [643, 449], [527, 449]], '쥐소', 0.024727019270176773), ([[1035, 419], [1151, 419], [1151, 483], [1035, 483]], '힘거', 0.01115439740548888), ([[1462, 1854], [1590, 1854], [1590, 1886], [1462, 1886]], '0', 0.006719872221207235), ([[863.104350558472, 345.22783728973496], [910.6430735193625, 304.02588835990525], [988.895649441528, 401.77216271026504], [941.3569264806375, 443.97411164009475]], '%', 0.015597675776057862)]
[([[1466, 1854], [1592, 1854], [1592, 1886], [1466, 1886]], '오= ', 0.03074963390827179)]
[([[1577, 2853], [1651, 2853], [1651, 2879], [1577, 2879]], '[.권$_매7)', 6.798106038611321e-05)]
[]
[([[338, 106], [422, 106], [422, 159], [338, 159]], '좁아', 0.9999008720513995), ([[199, 298], [288, 298], [288, 338], [199, 338]], '예:호"', 0.025792520493268967), ([[189, 398], [321, 398], [321, 427], [189, 427]], '예수 .하기 편한', 0.3613818895147536), ([[202, 427], [303, 427], [303, 456], [202, 456]], '환경옷 은:', 0.5925516660837487), ([[211, 457], [292, 457], [292, 485], [211, 485]], '아니지옷', 0.9816333055496216), ([[943, 936], [998, 936], [998, 987], [943, 987]], '상', 0.653119128672305), ([[1124, 1036], [1233, 1036], [1233, 1096], [1124, 1096]], '젓격', 0.08790512299073325), ([[154, 1115], [277, 1115], [277, 1157], [154, 1157]], '그거 말고', 0.7518946041369019), ([[1257, 1108], [1362, 1108], [1362, 1169], [1257, 1169]], '쓰약', 0.05026641582449007), ([[168, 1158], [264, 1158], [264, 1195], [168, 1195]], '네 보지', 0.9635065191825609), ([[174, 1200], [266, 1200], [266, 1240], [174, 1240]], '좁다고.', 0.8496066331863403), ([[1220, 1303], [1324, 1303], [1324, 1354], [1220, 1354]], '쩍0', 0.010446245286919438), ([[280, 1338], [367, 1338], [367, 1380], [280, 1380]], '예:옛:', 0.7220628782935367), ([[1367, 2631], [1413, 2631], [1413, 2667], [1367, 2667]], '600', 0.35718444170655633), ([[1299.6027607015021, 2692.345245332854], [1357.5790638438489, 2651.4492045599363], [1374.3972392984979, 2678.654754667146], [1315.4209361561511, 2719.5507954400637]], '@도형모3', 0.0036674677396305476)]
[([[1364.405095554342, 2634.331719774987], [1412.9731765849888, 2628.3241410735104], [1415.594904445658, 2664.668280225013], [1367.0268234150112, 2669.6758589264896]], '00', 0.5918098340376851), ([[1298.3093088240148, 2688.0402397064163], [1362.425796703695, 2652.8195109884887], [1377.6906911759852, 2682.9597602935837], [1312.574203296305, 2718.1804890115113]], '@도형7?', 0.010918246418878149)]
[([[519, 251], [585, 251], [585, 295], [519, 295]], '전혀', 0.9998736460863574), ([[519, 298], [561, 298], [561, 340], [519, 340]], '화', 0.9999897480273745), ([[461, 342], [625, 342], [625, 393], [461, 393]], '안낯습니다.', 0.25280491099383506), ([[406, 591], [466, 591], [466, 628], [406, 628]], '제가', 0.9996384834761781), ([[384, 629], [486, 629], [486, 666], [384, 666]], '주인남께', 0.7827053666114807), ([[1251, 608], [1331, 608], [1331, 658], [1251, 658]], '진짜', 0.91316019554062), ([[391, 668], [481, 668], [481, 701], [391, 701]], '왜 화가', 0.9989770405915758), ([[1229, 662], [1351, 662], [1351, 712], [1229, 712]], '화 안남', 0.9996914244371555), ([[363, 703], [504, 703], [504, 743], [363, 743]], '낯젯습니까?', 0.3770566613893463), ([[1152, 2720], [1212, 2720], [1212, 2744], [1152, 2744]], '@5어7$', 0.003997561649730082), ([[1219, 2727], [1255, 2727], [1255, 2753], [1219, 2753]], '#"\'', 0.019033618628801968)]
[([[1152, 2720], [1212, 2720], [1212, 2744], [1152, 2744]], '@5어7$', 0.003772880735095308), ([[1219, 2727], [1255, 2727], [1255, 2751], [1219, 2751]], '#"양', 0.011666199458464326)]
[([[905, 175], [1073, 175], [1073, 215], [905, 215]], '안에 싸고양!', 0.276854197121428), ([[958, 218], [990, 218], [990, 252], [958, 252]], '옷', 0.4801842601193904), ([[907, 255], [1047, 255], [1047, 295], [907, 295]], '이제 끝난거', 0.9861677784366306), ([[945, 297], [1019, 297], [1019, 335], [945, 335]], '맞지?', 0.9997045379108361), ([[901, 335], [1059, 335], [1059, 375], [901, 375]], '사탕 줄거지?', 0.9749338468673113), ([[1021, 531], [1129, 531], [1129, 567], [1021, 567]], '원소리야', 0.5103714466094971), ([[1050, 572], [1104, 572], [1104, 604], [1050, 604]], '이제', 0.9998160761074868), ([[1023, 605], [1133, 605], [1133, 645], [1023, 645]], '시작인데.', 0.9902845895337434), ([[1161, 942], [1263, 942], [1263, 990], [1161, 990]], '뭐라곳', 0.9060089939584299), ([[1195, 993], [1237, 993], [1237, 1037], [1195, 1037]], '맛', 0.47792565280676413), ([[1058, 1170], [1214, 1170], [1214, 1218], [1058, 1218]], '거짓말쟁잇', 0.34624458004203834), ([[419, 1793], [485, 1793], [485, 1853], [419, 1853]], '올', 0.05783400880281975), ([[718, 1790], [942, 1790], [942, 2020], [718, 2020]], '보', 0.023122860556079594), ([[659, 2113], [886, 2113], [886, 2227], [659, 2227]], '방', 0.38636688911816464), ([[1380, 2325], [1529, 2325], [1529, 2366], [1380, 2366]], '@식어_따"양', 0.004422193028642448), ([[1321.132107282267, 1810.0269272444996], [1472.8711606905722, 1890.1050326925447], [1413.867892717733, 1998.9730727555004], [1262.1288393094278, 1918.8949673074553]], '부금', 0.02280252277689407)]
[([[1380, 2325], [1529, 2325], [1529, 2366], [1380, 2366]], '@식어_다"양', 0.0021629672765414395)]
[([[565, 851], [657, 851], [657, 947], [565, 947]], '쪽', 0.3364565406713247), ([[976, 816], [1072, 816], [1072, 936], [976, 936]], '쭉', 0.2644759090455864), ([[543, 981], [667, 981], [667, 1093], [543, 1093]], '젖', 0.5675742405220809), ([[960.3995661045568, 501.1170495109866], [1031.6948122939637, 456.0219657553751], [1106.600433895443, 590.8829504890134], [1034.3051877060363, 635.978034244625]], '쭉', 0.1396596589870578), ([[967.2218128139505, 922.0275606767015], [1100.9966893645087, 1004.730142592282], [1050.7781871860495, 1084.9724393232987], [916.0033106354913, 1001.269857407718]], "48'", 0.8536212504323237)]
