2625072
235
[([[117, 844], [1151, 844], [1151, 961], [117, 961]], '내가 유부너와 저질런터 벌', 0.2696834442689703), ([[517, 963], [755, 963], [755, 1071], [517, 1071]], '설정집', 0.9979990289009018), ([[570, 1160], [731, 1160], [731, 1263], [570, 1263]], '목차', 0.5235084374553551), ([[528, 1283], [1008, 1283], [1008, 1381], [528, 1381]], '1. 캐릭터 소개', 0.9291934081483932), ([[522, 1364], [775, 1364], [775, 1463], [522, 1463]], '2. 양티', 0.15040511617790994)]
[]
[]
[]
[([[-25.20971533735391, 349.93376858914445], [284.2841052083345, 276.39182021385653], [306.2097153373539, 405.06623141085555], [-4.284105208334493, 478.60817978614347]], '스44', 0.48877979706587216)]
[([[85.92136862846382, 313.2989800051655], [320.9238610164016, 258.3312822484828], [342.0786313715362, 395.7010199948345], [107.07613898359841, 449.6687177515172]], '4*', 0.04645303211413066)]
[([[1192, 106], [1266, 106], [1266, 178], [1192, 178]], '셋1', 0.005751989101012643), ([[176.48015040308005, 324.05027108650864], [478.55364431826064, 55.07805266615543], [582.5198495969199, 218.94972891349138], [280.44635568173936, 488.92194733384457]], '{쪽', 0.007568783780702499)]
[([[167.4254968741485, 339.05910842617527], [439.7553661071438, 98.9122142633076], [533.5745031258515, 247.94089157382473], [261.2446338928562, 488.0877857366924]], '베선', 0.003185520511106981)]
[]
[]
[]
[]
[]
[([[785, 485], [905, 485], [905, 597], [785, 597]], '7', 0.13736703580615828)]
[]
[]
[]
[]
[]
[]
[]
[]
[]
[]
[]
[]
[]
[]
[]
[]
[]
[]
[]
[]
[]
[]
[]
[]
[]
[]
[([[624, 418], [768, 418], [768, 588], [624, 588]], '사', 0.005668003256754928)]
[]
[]
[]
[]
[]
[]
[]
[]
[]
[([[877.3021370486192, 482.06013238553044], [1053.264378231157, 443.8076951922299], [1088.6978629513808, 670.9398676144696], [912.735621768843, 708.19230480777]], '톤', 0.14086225196450997)]
[]
[]
[]
[]
[]
[]
[]
[]
[]
[]
[]
[]
[]
[]
[]
[]
[]
[]
[([[1253, 589], [1345, 589], [1345, 745], [1253, 745]], '=', 0.01581045556776317), ([[1130.0022148421433, 592.0332226321509], [1247.288650420603, 616.1224308819723], [1213.9977851578567, 771.9667773678491], [1096.711349579397, 747.8775691180277]], '세', 0.7541158296890558)]
[]
[]
[]
[]
[]
[([[1071, 95], [1147, 95], [1147, 155], [1071, 155]], '시', 0.9997341809515916)]
[]
[]
[]
[]
[]
[]
[]
[]
[]
[]
[]
[]
[]
[]
[]
[]
[]
[]
[]
[]
[]
[]
[]
[]
[]
[]
[]
[]
[]
[]
[]
[]
[]
[]
[]
[([[55, 23], [191, 23], [191, 59], [55, 59]], '세로 유이나', 0.6154549063401566), ([[46, 60], [78, 60], [78, 92], [46, 92]], '신', 0.9998961714040355), ([[100, 58], [132, 58], [132, 92], [100, 92]], '장', 0.9999964237245109), ([[164, 58], [254, 58], [254, 88], [164, 88]], '1570,', 0.036886530896523516), ([[24, 91], [147, 91], [147, 123], [24, 123]], '쓰리사이즈', 0.9651276916612946), ([[167, 91], [360, 91], [360, 122], [167, 122]], '310어/859/488', 0.11097442627012903), ([[23, 125], [151, 125], [151, 161], [23, 161]], '가슴사이즈', 0.9864993411081657), ([[165, 125], [209, 125], [209, 161], [165, 161]], '', 0.0), ([[48, 162], [78, 162], [78, 194], [48, 194]], '속', 0.9999794961073007), ([[99, 159], [135, 159], [135, 197], [99, 197]], '성', 0.9999605421143976), ([[163, 159], [309, 159], [309, 195], [163, 195]], '유부너 누나,', 0.4613351761176811), ([[163, 193], [277, 193], [277, 229], [163, 229]], '연하 취향', 0.9991900102334821), ([[23, 227], [150, 227], [150, 265], [23, 265]], '성경험여부', 0.9433163318456979), ([[165, 225], [221, 225], [221, 263], [165, 263]], '있음', 0.6641124402503221), ([[46, 262], [80, 262], [80, 294], [46, 294]], '취', 0.958823779393029), ([[92, 262], [124, 262], [124, 294], [92, 294]], '미', 0.9999884367323411), ([[165, 261], [285, 261], [285, 297], [165, 297]], '저녁 반주 ,', 0.6432566523214199), ([[163, 295], [299, 295], [299, 331], [163, 331]], '과자 만들기', 0.9433282215147337), ([[21, 329], [141, 329], [141, 365], [21, 365]], '자위 횟수', 0.9224043042581006), ([[166, 330], [216, 330], [216, 362], [166, 362]], '주 1', 0.9998384682633008), ([[240, 330], [288, 330], [288, 362], [240, 362]], '2회', 0.9964982995006786), ([[23, 363], [77, 363], [77, 399], [23, 399]], '선호', 0.9408477850066986), ([[86, 364], [140, 364], [140, 396], [86, 396]], '체위', 0.9757159475452524), ([[167, 363], [309, 363], [309, 399], [167, 399]], '기승위, 좌위', 0.6899593207584824), ([[23, 397], [141, 397], [141, 433], [23, 433]], '보지   특징', 0.7681110303868934), ([[165, 397], [269, 397], [269, 433], [165, 433]], '용글용글', 0.18918776512145996), ([[163, 431], [265, 431], [265, 467], [163, 467]], '물글물글', 0.12662144005298615)]
[]
[]
[]
[]
[]
[]
[([[496, 602], [726, 602], [726, 818], [496, 818]], '시', 0.3607451380622848)]
[]
[]
[]
[([[1152, 182], [1224, 182], [1224, 266], [1152, 266]], '0', 0.9925781428964378)]
[]
[([[1155, 185], [1221, 185], [1221, 267], [1155, 267]], '0', 0.9976995124128827)]
[]
[]
[]
[]
[]
[]
[]
[]
[]
[]
[]
[]
[]
[]
[]
[]
[]
[]
[]
[]
[]
[]
[]
[]
[]
[]
[]
[]
[]
[]
[]
[]
[]
[]
[]
[]
[]
[([[792, 0], [1056, 0], [1056, 523], [792, 523]], '틀', 0.26319023273473263)]
[([[816, 166], [1106, 166], [1106, 529], [816, 529]], '=', 0.09721346213844217)]
[([[782, 0], [1072, 0], [1072, 478], [782, 478]], '틀', 0.9792556697439068)]
[]
[]
[]
[]
[]
[]
[]
[]
[]
[]
[]
[]
[]
[([[686, 606], [920, 606], [920, 828], [686, 828]], '틀', 0.4185736950603349)]
[([[685, 599], [923, 599], [923, 829], [685, 829]], '틀', 0.9540904301469624)]
[]
[]
[]
[]
[]
[]
[]
[]
[]
[]
[]
[]
[]
[]
[]
[]
[([[334.1341380573248, 474.01562418789626], [512.4090094824218, 443.1722410541599], [565.8658619426752, 798.9843758121037], [386.59099051757823, 830.8277589458402]], '틀', 0.8501073944900241)]
[([[328, 564], [544, 564], [544, 782], [328, 782]], '올', 0.025492575472342516)]
[]
[]
[]
[]
[]
[]
[]
[]
[]
[]
[]
[]
[]
[]
[]
[]
[([[779, 507], [841, 507], [841, 575], [779, 575]], '0', 0.978851440782055)]
[]
[]
[]
[]
[]
[]
[]
[]
[]
[]
[]
[]
[]
[]
[]
[]
[]
[]
[]
[]
