2628347
102
[([[1618, 0], [1733, 0], [1733, 50], [1618, 50]], '@>~튜?', 0.00040843310113742546)]
[([[12, 7], [126, 7], [126, 56], [12, 56]], ')>~응라', 6.611580641214302e-05)]
[([[1602, 0], [1717, 0], [1717, 48], [1602, 48]], '9형어하', 0.000233019411098212)]
[]
[]
[([[12, 7], [126, 7], [126, 56], [12, 56]], ')>~응럼', 9.090918639997592e-05)]
[([[345, 1139], [449, 1139], [449, 1241], [345, 1241]], '0', 0.30944095848832376), ([[2439, 1080], [2596, 1080], [2596, 1214], [2439, 1214]], '얇', 0.0653338460745232), ([[14, 2061], [127, 2061], [127, 2105], [14, 2105]], '" ;` \'', 0.002319301613146952), ([[2610.027500219516, 454.02150496105435], [2862.3828124786737, 549.8255115709972], [2791.972499780484, 723.9784950389457], [2538.6171875213263, 628.1744884290028]], '없어하', 0.010255300970504217), ([[1844.2926424568996, 497.01087984923697], [2096.3667086920013, 717.6399307572423], [1966.7073575431004, 867.989120150763], [1713.633291307999, 647.3600692427577]], '능,"', 0.010506726107994227), ([[2405.85900418923, 643.0325733115204], [2662.3231466980437, 685.9836233196058], [2626.14099581077, 857.9674266884796], [2369.6768533019563, 814.0163766803942]], '가최3', 0.0011546177711534383), ([[52.278851132173294, 882.1240728119957], [124.71727807334841, 833.0214561750815], [208.7211488678267, 974.8759271880043], [136.2827219266516, 1023.9785438249185]], '8', 0.42677532935730156)]
[([[1383, 168], [1491, 168], [1491, 351], [1383, 351]], '양', 0.010650754354736058), ([[1170, 452], [1221, 452], [1221, 537], [1170, 537]], '9', 0.44862690774474245), ([[2412, 475], [2598, 475], [2598, 609], [2412, 609]], '7', 0.131826000648382), ([[81, 657], [256, 657], [256, 771], [81, 771]], '>원', 0.33018316247269464), ([[2605, 481], [2880, 481], [2880, 761], [2605, 761]], '788', 0.013376530060649707), ([[1874, 808], [2049, 808], [2049, 971], [1874, 971]], '7', 0.4824426441343945), ([[125, 956], [214, 956], [214, 1064], [125, 1064]], '아', 0.34665590584387473), ([[196, 1074], [296, 1074], [296, 1205], [196, 1205]], '0', 0.5817496917047471), ([[1623, 980], [1857, 980], [1857, 1236], [1623, 1236]], '가', 0.4409457563170349), ([[14, 2061], [127, 2061], [127, 2105], [14, 2105]], ': ;', 0.15110132314204372), ([[34.10857812356719, 487.1383312402569], [110.73329389754902, 433.02069801338234], [201.89142187643282, 580.8616687597431], [125.26670610245098, 635.9793019866177]], '올', 0.8732874257620757), ([[1576.8895271748008, 495.1063190305275], [1691.7019486624981, 395.0117349913049], [1871.1104728251992, 635.8936809694725], [1756.2980513375019, 735.9882650086952]], '%', 0.029790816961306144), ([[2711.695454874286, 1434.0854570445745], [2770.567266900487, 1384.0161025514276], [2881.304545125714, 1529.9145429554255], [2823.432733099513, 1579.9838974485724]], '흉', 0.10922389161994861), ([[2623.191033704092, 1569.0272988205634], [2769.0, 1655.0], [2715.808966295908, 1740.9727011794366], [2571.0, 1655.0]], '피어 ', 0.016680442306189616)]
[([[904, 139], [1012, 139], [1012, 247], [904, 247]], '영', 0.2774376497360578), ([[1137, 181], [1281, 181], [1281, 378], [1137, 378]], '0', 0.9985713104808589), ([[1182, 390], [1286, 390], [1286, 539], [1182, 539]], '2', 0.9533860938495877), ([[2063, 485], [2155, 485], [2155, 607], [2063, 607]], '9', 0.5962153155770125), ([[74, 767], [189, 767], [189, 927], [74, 927]], '옛', 0.08874261143149909), ([[159, 1356], [203, 1356], [203, 1411], [159, 1411]], '~', 0.3824235453095213), ([[512, 1284], [586, 1284], [586, 1398], [512, 1398]], '얇', 0.06412833370706839), ([[2031, 1054], [2311, 1054], [2311, 1494], [2031, 1494]], '육', 0.8564255386626805), ([[384, 1732], [495, 1732], [495, 1845], [384, 1845]], '올', 0.25308457921369154), ([[1364, 1573], [1633, 1573], [1633, 1927], [1364, 1927]], '유위', 0.06851210869171762), ([[2703.4311454442322, 890.0270271644363], [2750.280712210027, 883.1382787310306], [2767.5688545557678, 1006.9729728355637], [2721.719287789973, 1013.8617212689694]], '입', 0.029413204883576904), ([[1793.5227083136128, 1059.2248540148184], [2024.287998614306, 965.9582635807059], [2092.477291686387, 1189.7751459851816], [1861.712001385694, 1284.0417364192942]], '7', 0.10493073839269584), ([[118.9147665880642, 1245.6931597170312], [367.04766993455513, 1099.8741099815782], [433.0852334119358, 1246.3068402829688], [184.95233006544487, 1392.1258900184218]], '7) -', 0.08887150138616562), ([[2494.42791088898, 1865.018200956988], [2558.9684031122565, 1857.217893806856], [2579.57208911102, 2039.981799043012], [2516.0315968877435, 2048.782106193144]], '푹', 0.17066912064063988), ([[1492.2915377977954, 1850.0132129809163], [1637.5043394220131, 1902.7270974121427], [1545.7084622022046, 2155.9867870190837], [1400.4956605779869, 2103.2729025878575]], '@', 0.9048049282363912)]
[([[904, 139], [1012, 139], [1012, 247], [904, 247]], '영', 0.228865696890157), ([[1137, 179], [1283, 179], [1283, 378], [1137, 378]], '0', 0.9933562131965381), ([[1182, 388], [1286, 388], [1286, 536], [1182, 536]], '2', 0.9455873970303088), ([[2063, 483], [2155, 483], [2155, 607], [2063, 607]], '9', 0.5625320975590888), ([[74, 767], [189, 767], [189, 918], [74, 918]], '옛', 0.05605261888846358), ([[1828, 991], [2057, 991], [2057, 1236], [1828, 1236]], ':', 0.009666010736669117), ([[159, 1353], [203, 1353], [203, 1411], [159, 1411]], '~', 0.6181763080181923), ([[512, 1284], [586, 1284], [586, 1398], [512, 1398]], '얇', 0.05980935468581827), ([[2031, 1057], [2313, 1057], [2313, 1490], [2031, 1490]], '육', 0.8987583850466905), ([[384, 1732], [495, 1732], [495, 1845], [384, 1845]], '올', 0.16009474249091582), ([[1364, 1573], [1633, 1573], [1633, 1930], [1364, 1930]], '유위', 0.04575651333484014), ([[2488, 1860], [2584, 1860], [2584, 2044], [2488, 2044]], '품', 0.26499990570556875), ([[2703.4311454442322, 890.0270271644363], [2750.280712210027, 883.1382787310306], [2767.5688545557678, 1006.9729728355637], [2721.719287789973, 1013.8617212689694]], '입', 0.04515940641912053), ([[118.41912061296641, 1248.5926583292724], [365.5188452011575, 1101.7228410351793], [431.5808793870336, 1245.4073416707276], [184.4811547988425, 1392.2771589648207]], "' -", 0.4290419748684862), ([[1493.2967784503123, 1848.0130181584314], [1638.5279293985575, 1900.7550309355015], [1544.7032215496877, 2155.9869818415686], [1399.4720706014425, 2102.2449690644985]], '@', 0.9733376546777528)]
[([[714, 46], [818, 46], [818, 170], [714, 170]], '94', 0.9997917166283709), ([[744, 152], [837, 152], [837, 254], [744, 254]], '9', 0.7617216664855597), ([[77, 277], [174, 277], [174, 392], [77, 392]], '0', 0.3867882545263832), ([[2392, 234], [2445, 234], [2445, 438], [2392, 438]], '9', 0.1810170069038719), ([[2373, 406], [2412, 406], [2412, 459], [2373, 459]], '5', 0.9820547672774218), ([[1117, 500], [1223, 500], [1223, 602], [1117, 602]], '뒤', 0.014950830002141091), ([[1469, 600], [1557, 600], [1557, 697], [1469, 697]], '하', 0.0478889512260503), ([[2196, 678], [2269, 678], [2269, 777], [2196, 777]], '0', 0.9964079984614536), ([[1823, 761], [1900, 761], [1900, 883], [1823, 883]], '낙', 0.02523105469791531), ([[2220, 822], [2257, 822], [2257, 864], [2220, 864]], '0', 0.7505096437432748), ([[2630, 742], [2745, 742], [2745, 945], [2630, 945]], '볶', 0.016770265869859635), ([[321, 888], [452, 888], [452, 976], [321, 976]], '프5}', 0.011911401894506325), ([[2699, 906], [2785, 906], [2785, 1030], [2699, 1030]], "'@", 0.0948034294742807), ([[2445, 1066], [2553, 1066], [2553, 1179], [2445, 1179]], '옆', 0.11889342850203466), ([[2714, 1054], [2762, 1054], [2762, 1180], [2714, 1180]], '용', 0.22478001641730216), ([[321, 1307], [412, 1307], [412, 1417], [321, 1417]], '아', 0.0744279857500807), ([[116, 1489], [202, 1489], [202, 1591], [116, 1591]], '5', 0.8827450974788462), ([[1405, 1720], [1465, 1720], [1465, 1814], [1405, 1814]], '0', 0.3235544968393391), ([[1423, 1813], [1485, 1813], [1485, 1904], [1423, 1904]], '부', 0.031876273118541576), ([[14, 2061], [127, 2061], [127, 2105], [14, 2105]], "{33' .", 0.07298921050504026), ([[1276.1777649698104, 203.03763817093235], [1337.5134481148466, 170.01465799018422], [1416.8222350301896, 329.9623618290677], [1354.4865518851534, 362.9853420098158]], '8', 0.9883672536585095), ([[2119.1700468773392, 1472.0143547551002], [2283.0663722074805, 1414.0891215991517], [2406.8299531226608, 1808.9856452448998], [2243.9336277925195, 1866.9108784008483]], '$', 0.08958522653785739), ([[1432.4497265149012, 1894.0380309072889], [1463.8932624022486, 1897.4764283069262], [1455.5502734850988, 1973.9619690927111], [1424.1067375977514, 1971.5235716930738]], '!', 0.9544509646591592), ([[637.0054100676992, 1975.2238042978768], [692.6850299083399, 1931.0261082007482], [764.9945899323008, 2036.7761957021232], [709.3149700916601, 2079.9738917992518]], '움', 0.2787707792094807)]
[([[13, 2061], [127, 2061], [127, 2105], [13, 2105]], '; ;', 0.024924181401729584)]
[([[14, 2061], [127, 2061], [127, 2105], [14, 2105]], " '", 0.5978160596129083)]
[]
[([[12, 7], [126, 7], [126, 56], [12, 56]], '@>~추운', 0.00017532358310142442), ([[189, 237], [269, 237], [269, 327], [189, 327]], '(', 0.32647035837817384), ([[1761, 483], [1858, 483], [1858, 574], [1761, 574]], '@', 0.5636971697492221), ([[41, 937], [221, 937], [221, 1065], [41, 1065]], '연내0', 0.010613550960339216), ([[15, 1361], [391, 1361], [391, 1559], [15, 1559]], '(계객6 ', 0.0648342220673403), ([[233, 1579], [586, 1579], [586, 1780], [233, 1780]], '굵퍼6', 0.018354642086589868), ([[1521, 1593], [1878, 1593], [1878, 1809], [1521, 1809]], '($', 0.010028153970773548), ([[663, 2045], [807, 2045], [807, 2162], [663, 2162]], '덮', 0.03903849028786355), ([[226, 2356], [633, 2356], [633, 2566], [226, 2566]], '3사0', 0.044017186224280046), ([[1430, 2529], [1733, 2529], [1733, 2715], [1430, 2715]], '(파꺼', 0.012133460491895676), ([[1788.9153477109066, 448.11906469908024], [1818.5775042908729, 427.0334630984937], [1867.0846522890934, 502.88093530091976], [1837.4224957091271, 522.9665369015063]], '{', 0.39081777029682385), ([[720.3007799754201, 2171.0222456140964], [850.8520636626693, 2272.2020249552975], [790.6992200245799, 2349.9777543859036], [660.1479363373307, 2247.7979750447025]], '꼴9', 0.2003285859434926)]
[]
[([[14, 2061], [127, 2061], [127, 2105], [14, 2105]], "{':보' .", 0.025252615594666204)]
[([[1689, 15], [1797, 15], [1797, 60], [1689, 60]], ')>서응럼', 0.00014075857499424845), ([[207, 291], [287, 291], [287, 395], [207, 395]], '0', 0.996239151714363), ([[504.32690406147293, 712.0188922942184], [590.0791810317993, 693.1814972929307], [632.673095938527, 913.9811077057816], [547.9208189682007, 932.8185027070693]], '@', 0.8144214268000418), ([[1423.1673220194264, 1845.0165148895455], [1727.923129063305, 1976.204820287468], [1652.8326779805736, 2138.9834851104547], [1348.076870936695, 2008.795179712532]], '계계6', 0.022373562833421984), ([[627.0725499096816, 2128.0358938348922], [766.7159868396506, 2184.404686459571], [724.9274500903184, 2280.9641061651078], [585.2840131603494, 2224.595313540429]], '@ ', 0.03504380046715579), ([[1582.1805639684294, 2215.0209973843744], [1769.9923980544813, 2324.5068423507428], [1698.8194360315706, 2441.9790026156256], [1511.0076019455187, 2332.4931576492572]], '다째"', 0.0705113872473804), ([[1233.1863902100702, 2399.01182322641], [1616.9964248628235, 2595.552568552421], [1507.8136097899298, 2798.98817677359], [1123.0035751371765, 2603.447431447579]], '영7', 0.0015156969666931125), ([[98.94074403294333, 2447.026731852278], [425.21267370341104, 2514.3037010472203], [381.0592559670567, 2686.973268147722], [54.78732629658897, 2618.6962989527797]], '계작5', 0.08217984556791214)]
[([[1689, 15], [1797, 15], [1797, 60], [1689, 60]], '기>서응타', 0.00011932221470134671), ([[228, 147], [305, 147], [305, 262], [228, 262]], '우', 0.1047954733627563), ([[1596.9421871324348, 442.0467145965131], [1674.6373968048476, 405.01694006886515], [1750.0578128675652, 578.9532854034869], [1673.3626031951524, 616.9830599311349]], '헌', 0.1909077734972584), ([[243.0625116774265, 449.031423993655], [335.59268850303044, 405.0125513284811], [427.9374883225735, 625.9685760063451], [334.40731149696956, 668.9874486715189]], '8', 0.9947630960737683), ([[96.26147075025833, 1167.0097414347906], [446.7737298870204, 1408.4475461772415], [310.73852924974165, 1601.9902585652094], [-38.77372988702038, 1360.5524538227585]], '진*', 0.002744993978570351), ([[1475.2702089228003, 1669.0115810682066], [1828.9409721831778, 1862.3532470462571], [1732.7297910771997, 2029.9884189317934], [1379.0590278168222, 1836.6467529537429]], '모)차"', 0.00028046214720234275), ([[372.37216262819203, 2106.021925583146], [478.6237260949092, 2205.4248595688814], [422.62783737180797, 2266.978074416854], [317.3762739050908, 2167.5751404311186]], '튿:?', 0.0007730241752079589), ([[1548.996589436383, 2186.021898093167], [1800.1654749815561, 2278.8606418216555], [1728.003410563617, 2460.978101906833], [1477.8345250184439, 2368.1393581783445]], '해애', 0.0030576622111125455), ([[1357.1209873736525, 2374.014312371134], [1670.8488279528242, 2532.146854795204], [1563.8790126263475, 2734.985687628866], [1250.1511720471758, 2576.853145204796]], '빼어', 0.010434559396454426), ([[76.14140028246388, 2434.014748219699], [467.84709336684045, 2578.239211848129], [387.85859971753615, 2774.985251780301], [-4.847093366840472, 2630.760788151871]], '자어5', 0.009209750612043916), ([[584.2502366067374, 2455.028146869607], [689.8190625757601, 2543.106323646103], [635.7497633932626, 2607.971853130393], [530.1809374242399, 2519.893676353897]], '론`"', 0.00224664793824859)]
[([[1689, 15], [1797, 15], [1797, 60], [1689, 60]], '의>~튜히', 8.86404440778646e-05), ([[589, 74], [712, 74], [712, 275], [589, 275]], ')', 0.11680858209938894), ([[333, 482], [411, 482], [411, 584], [333, 584]], '오', 0.03407127752142558), ([[1507, 378], [1644, 378], [1644, 573], [1507, 573]], '@', 0.8158085180211891), ([[1629, 765], [1704, 765], [1704, 861], [1629, 861]], '%', 0.06637023302534217), ([[1695, 1635], [1731, 1635], [1731, 1683], [1695, 1683]], '낯', 0.017055995544129843), ([[1293, 1793], [1514, 1793], [1514, 2036], [1293, 2036]], '{', 0.04301705693043889), ([[1386, 2677], [1503, 2677], [1503, 2805], [1386, 2805]], '@', 0.8399815952885206), ([[609.7658849878405, 525.0545003625986], [711.4510263735007, 498.72640349331044], [748.2341150121595, 665.9454996374014], [646.5489736264993, 692.2735965066896]], '배', 0.9657287921430822), ([[1311.2312390130126, 2395.0134357721613], [1453.5417076289477, 2335.0066702647205], [1601.7687609869874, 2724.9865642278387], [1460.4582923710523, 2784.9933297352795]], '통', 0.9384348732392631)]
[([[1689, 15], [1797, 15], [1797, 60], [1689, 60]], '의>~튜히', 8.86404440778646e-05), ([[589, 76], [712, 76], [712, 275], [589, 275]], '내', 0.1348161988127039), ([[333, 482], [411, 482], [411, 584], [333, 584]], '뿌', 0.029808946772208467), ([[1507, 378], [1642, 378], [1642, 571], [1507, 571]], '@', 0.2961936718480871), ([[1629, 765], [1704, 765], [1704, 861], [1629, 861]], '%', 0.08201722157900804), ([[1695, 1635], [1731, 1635], [1731, 1683], [1695, 1683]], '낯', 0.01679239912282804), ([[894, 1900], [1146, 1900], [1146, 2134], [894, 2134]], '9', 0.8104886219452965), ([[1291, 1656], [1514, 1656], [1514, 2036], [1291, 2036]], '대', 0.022903310847400604), ([[1382, 2674], [1504, 2674], [1504, 2806], [1382, 2806]], '@모', 0.03173582908017586), ([[608.6972657087975, 528.0607430841337], [708.0155018972954, 498.58822366303343], [749.3027342912025, 662.9392569158663], [649.9844981027046, 692.4117763369666]], '배', 0.9490490530227227), ([[1309.225831883744, 2396.013625498328], [1452.5390537975582, 2334.0066050596242], [1602.774168116256, 2723.986374501672], [1459.4609462024418, 2785.9933949403758]], '통', 0.9580877096684368)]
[([[1689, 15], [1797, 15], [1797, 60], [1689, 60]], '@>~응히', 9.805946170949285e-05), ([[1320, 92], [1415, 92], [1415, 182], [1320, 182]], '@락', 0.011164696754889658), ([[309, 192], [408, 192], [408, 338], [309, 338]], '0', 0.9744354945557951), ([[340, 335], [380, 335], [380, 368], [340, 368]], '~', 0.14599846349658296), ([[68, 423], [142, 423], [142, 540], [68, 540]], '뿐', 0.6767189206941318), ([[380, 560], [501, 560], [501, 670], [380, 670]], '음출', 0.012342721697895314), ([[600, 1151], [657, 1151], [657, 1325], [600, 1325]], '9', 0.9206188891848797), ([[609, 1333], [677, 1333], [677, 1404], [609, 1404]], '아', 0.996668733554543), ([[664, 1381], [692, 1381], [692, 1412], [664, 1412]], '나', 0.029944724826800106), ([[1629, 1409], [1682, 1409], [1682, 1531], [1629, 1531]], '후', 0.01763988054161647), ([[133, 1582], [206, 1582], [206, 1686], [133, 1686]], '0', 0.8970889296940108), ([[1527, 1651], [1591, 1651], [1591, 1726], [1527, 1726]], '또', 0.05988230506164016), ([[554, 2609], [689, 2609], [689, 2730], [554, 2730]], '옆', 0.25379393548661255), ([[1662.1855557964882, 742.0276702083777], [1803.9752486376378, 821.2296623683391], [1750.8144442035118, 912.9723297916223], [1609.0247513623622, 833.7703376316609]], '@?', 0.4892162544085973), ([[1250.8836873886971, 850.069499109577], [1349.0973730067951, 871.0715715115549], [1331.1163126113029, 947.930500890423], [1231.9026269932049, 927.9284284884451]], '0역', 0.007121213610126627), ([[103.89813461768912, 2279.020940445224], [392.7258080015011, 2362.7425053112647], [318.1018653823109, 2599.979059554776], [28.27419199849892, 2516.2574946887353]], '시금', 0.08631658788921953), ([[1211.0005940006465, 2429.017226018746], [1691.1940004758992, 2537.2104243751915], [1623.9994059993535, 2776.982773981254], [1144.8059995241008, 2668.7895756248085]], '73 국6', 0.04888020489098446), ([[168.22769713137595, 2605.0213180779047], [276.29752738706117, 2618.7238730380964], [249.77230286862405, 2813.9786819220953], [142.70247261293883, 2800.2761269619036]], '0', 0.9845815224305312)]
[([[1689, 15], [1797, 15], [1797, 60], [1689, 60]], '@>서응히', 0.0002106801057115106)]
[([[1689, 15], [1797, 15], [1797, 60], [1689, 60]], ')>서응타', 0.0001701544913238545)]
[([[1689, 15], [1797, 15], [1797, 60], [1689, 60]], '@>~튜]', 0.0006388449510381474), ([[608.6206059698201, 532.0681202951826], [705.7596586133759, 500.5142680172388], [750.3793940301799, 660.9318797048174], [652.2403413866241, 692.4857319827612]], '배', 0.594919348454571)]
[([[12, 7], [126, 7], [126, 56], [12, 56]], ')>~응럼', 0.00011110635034696053), ([[139, 776], [247, 776], [247, 884], [139, 884]], '야', 0.1745345853176019), ([[309, 1214], [669, 1214], [669, 1447], [309, 1447]], '헤끗@', 0.008567879906785229), ([[32, 1489], [349, 1489], [349, 1744], [32, 1744]], '떼', 0.6873860756982708), ([[126, 1924], [375, 1924], [375, 2083], [126, 2083]], '데;', 0.14831384542967294), ([[898.9076744813115, 2073.0598377799342], [1011.2792871742226, 2101.2724231009533], [988.0923255186885, 2183.9401622200658], [875.7207128257774, 2155.7275768990467]], '%', 0.24480008607664505), ([[518.879009087818, 2469.028578121232], [817.7292062125128, 2528.6311459643225], [773.120990912182, 2708.971421878768], [475.27079378748715, 2650.3688540356775]], '가다 -', 0.15135619575027104)]
[([[1689, 15], [1797, 15], [1797, 60], [1689, 60]], '@>~응]', 9.427460417638523e-05), ([[880, 1890], [1157, 1890], [1157, 2144], [880, 2144]], '9', 0.9815597266142504), ([[609.5321740554243, 539.0831316877336], [699.8880086667816, 504.3248508513472], [747.4678259445757, 652.9168683122664], [658.1119913332184, 687.6751491486528]], '빼', 0.17368941726263998)]
[([[1689, 15], [1797, 15], [1797, 60], [1689, 60]], '@>~응히', 0.00022811154397063893)]
[([[1346, 126], [1423, 126], [1423, 224], [1346, 224]], '심', 0.02352209421020235), ([[272, 605], [380, 605], [380, 747], [272, 747]], '방', 0.24245182217441652), ([[148, 1514], [330, 1514], [330, 1629], [148, 1629]], '꼭0', 0.19679191762213077), ([[1259, 1527], [1535, 1527], [1535, 1679], [1259, 1679]], '문', 0.02986728868407429), ([[35, 1737], [312, 1737], [312, 1888], [35, 1888]], '간겪0', 0.002020686854739606), ([[84, 2487], [338, 2487], [338, 2633], [84, 2633]], '3', 0.019195400114784045), ([[1511.4354515597786, 10.031973726051406], [1546.4369187385741, -2.9808736197461094], [1584.5645484402214, 107.9680262739486], [1550.5630812614259, 120.9808736197461]], '%', 0.5566909272150866), ([[970.282292999454, 2425.028662493175], [1068.814722300459, 2508.1832251747146], [1018.717707000546, 2567.971337506825], [920.185277699541, 2484.8167748252854]], '0"', 0.7616179597554342)]
[([[1056, 37], [1166, 37], [1166, 136], [1056, 136]], '얇', 0.012162412894172414), ([[1139, 136], [1245, 136], [1245, 239], [1139, 239]], '%', 0.19592632343416483), ([[1357, 282], [1437, 282], [1437, 379], [1357, 379]], '아', 0.3459159640042344), ([[88, 489], [165, 489], [165, 602], [88, 602]], '아', 0.7727725249793025), ([[137, 576], [188, 576], [188, 658], [137, 658]], '잇', 0.0749420197808428), ([[47, 1280], [280, 1280], [280, 1437], [47, 1437]], '깨', 0.009415517603494017), ([[1349, 1245], [1585, 1245], [1585, 1474], [1349, 1474]], '텍}', 0.006472643760362884), ([[66, 1436], [401, 1436], [401, 1668], [66, 1668]], '7%', 0.025776120016615986), ([[1264, 1462], [1510, 1462], [1510, 1658], [1264, 1658]], '가', 0.7925680342910688), ([[1479, 1569], [1515, 1569], [1515, 1620], [1479, 1620]], '6', 0.23882311917876464), ([[74, 2382], [308, 2382], [308, 2581], [74, 2581]], '자', 0.1488704578116975), ([[1179, 2381], [1513, 2381], [1513, 2654], [1179, 2654]], '가', 0.16771929924255247), ([[1511.4224957091271, 10.033463098493733], [1545.4446596898724, -2.9801885265723094], [1584.5775042908729, 105.96653690150627], [1550.5553403101276, 118.9801885265723]], '용', 0.3634991529384344), ([[655.1702161049534, 2299.0383339334962], [770.9875604639926, 2358.526970501895], [735.8297838950466, 2424.9616660665038], [620.0124395360074, 2366.473029498105]], '79', 0.027461638035013475), ([[596.0077221232864, 2424.0617769862906], [709.6087503143028, 2450.528781949201], [690.9922778767136, 2519.9382230137094], [577.3912496856972, 2493.471218050799]], '9찌', 0.12754985700281934)]
[([[108, 382], [216, 382], [216, 519], [108, 519]], '0', 0.9690525801349992), ([[1400, 880], [1477, 880], [1477, 973], [1400, 973]], '뺨', 0.10895430333300116), ([[280, 1646], [617, 1646], [617, 2003], [280, 2003]], '{0', 0.5587187751790114), ([[81, 2353], [297, 2353], [297, 2605], [81, 2605]], '빛', 0.004234643481127398), ([[280, 2669], [383, 2669], [383, 2795], [280, 2795]], '원', 0.08763170520964891), ([[1368.3487871170873, 432.01768295440615], [1458.319345421524, 470.4402512664561], [1386.6512128829127, 639.9823170455938], [1296.680654578476, 601.559748733544]], "')", 0.5833403102702036), ([[988.7212633486605, 1723.0215214552172], [1261.1615298215618, 1649.9986501308733], [1358.2787366513394, 2095.978478544783], [1085.8384701784382, 2169.0013498691264]], '유', 0.9900193160615487), ([[1091.5238143774732, 2466.1095563290696], [1153.7124704998791, 2429.025413001693], [1218.4761856225268, 2552.8904436709304], [1156.2875295001209, 2588.974586998307]], '올', 0.16699836319391181)]
[([[108, 382], [216, 382], [216, 517], [108, 517]], '아', 0.806274478197011), ([[1400, 880], [1477, 880], [1477, 975], [1400, 975]], '뺨', 0.027461637053774135), ([[285, 1655], [569, 1655], [569, 1994], [285, 1994]], '{', 0.7711852943226774), ([[1018, 1693], [1357, 1693], [1357, 2120], [1018, 2120]], '%', 0.830499961466117), ([[86, 2363], [293, 2363], [293, 2602], [86, 2602]], '밟', 0.00302818317067044), ([[280, 2669], [379, 2669], [379, 2793], [280, 2793]], '원', 0.010370146692411597), ([[1369.345239142402, 432.0178763059565], [1459.4085498935412, 471.55156466761326], [1386.654760857598, 638.9821236940435], [1296.5914501064588, 600.4484353323867]], "')", 0.6244959053961876), ([[1092.50194620572, 2467.1128449577523], [1154.7175698882074, 2431.025778553915], [1217.49805379428, 2552.8871550422477], [1155.2824301117926, 2589.974221446085]], '톤', 0.06094729652628694)]
[([[968, 68], [1052, 68], [1052, 147], [968, 147]], '9', 0.0729857436625716), ([[179, 152], [247, 152], [247, 278], [179, 278]], '9', 0.23428703963478714), ([[203, 261], [276, 261], [276, 343], [203, 343]], '아', 0.898909490882577), ([[214, 349], [240, 349], [240, 377], [214, 377]], '벼', 0.028330584087632227), ([[1054, 714], [1101, 714], [1101, 754], [1054, 754]], '아', 0.9722248004223388), ([[152, 737], [236, 737], [236, 823], [152, 823]], '아', 0.3204538252579283), ([[1408, 915], [1496, 915], [1496, 1010], [1408, 1010]], '양', 0.7204153064393815), ([[1425, 1254], [1463, 1254], [1463, 1290], [1425, 1290]], '5', 0.20449052311521942), ([[1461, 1301], [1538, 1301], [1538, 1396], [1461, 1396]], '아', 0.8589714108817113), ([[515, 2634], [621, 2634], [621, 2727], [515, 2727]], '올', 0.24104561557106852), ([[1511.5630697925246, 8.023935111973714], [1544.3465184654594, -3.984962352782732], [1584.4369302074754, 106.97606488802629], [1551.6534815345406, 118.98496235278273]], '8', 0.7962620671619902), ([[1392.960444603622, 225.0451129416518], [1477.2997617003905, 198.22243250406024], [1524.039555396378, 363.9548870583482], [1439.7002382996095, 390.77756749593976]], '8', 0.40011724177590224), ([[237.185687072251, 1018.0555156274323], [279.5289064337826, 998.0233572982565], [325.814312927749, 1102.9444843725676], [284.4710935662174, 1122.9766427017435]], '올', 0.6031547807069728), ([[1399.216282450133, 1099.0279543018619], [1480.005916606507, 1091.7553608095886], [1491.783717549867, 1260.9720456981381], [1410.994083393493, 1268.2446391904114]], '상', 0.38810296466715855), ([[1264.0052606526688, 1984.0215210766494], [1521.285504678935, 2080.3117418127194], [1448.9947393473312, 2260.978478923351], [1190.714495321065, 2164.6882581872806]], '검없', 0.004021639273626276), ([[219.0646762342541, 2169.0198915049714], [443.54428318044125, 2276.545354981488], [358.9353237657459, 2447.9801084950286], [134.45571681955875, 2340.454645018512]], '뚜리', 0.005215563166893943)]
[([[1511.4354515597786, 10.031973726051406], [1546.4369187385741, -2.9808736197461094], [1584.5645484402214, 107.9680262739486], [1550.5630812614259, 120.9808736197461]], '흙', 0.04291669630119088)]
[([[1511.4354515597786, 9.031973726051406], [1545.4369187385741, -3.9808736197461094], [1584.5645484402214, 106.9680262739486], [1549.5630812614259, 119.9808736197461]], '%', 0.34675368384145955)]
[]
[([[12, 7], [126, 7], [126, 56], [12, 56]], ')>~응라', 6.611580641214302e-05), ([[988, 185], [1146, 185], [1146, 284], [988, 284]], '중클 ,', 0.005847065709531307), ([[1591, 341], [1714, 341], [1714, 599], [1591, 599]], '@', 0.27870784174979235), ([[85, 695], [173, 695], [173, 785], [85, 785]], '용', 0.08503917460080856), ([[1672, 826], [1783, 826], [1783, 926], [1672, 926]], '올', 0.4104024525757701), ([[396, 1327], [836, 1327], [836, 2263], [396, 2263]], "'부", 0.08186886250972486), ([[1755, 2156], [1830, 2156], [1830, 2260], [1755, 2260]], '군', 0.010422337900707568), ([[1435, 2182], [1636, 2182], [1636, 2466], [1435, 2466]], '오', 0.3116288989922964), ([[172, 2249], [400, 2249], [400, 2674], [172, 2674]], '퍽', 0.033787599046064765), ([[997.068715111814, 274.0394932390406], [1070.9917568621743, 325.3994788548262], [985.931284888186, 448.9605067609594], [912.0082431378256, 398.6005211451738]], '새', 0.21073781962208304), ([[1248.8190515019785, 2683.087645063256], [1299.6430735193626, 2655.0258883599054], [1356.1809484980215, 2765.912354936744], [1305.3569264806374, 2794.9741116400946]], '콩', 0.9575804331353801)]
[]
[([[1511.5677632769264, 8.023422147722174], [1544.343553368612, -3.985219075899757], [1585.4322367230736, 107.97657785227783], [1551.656446631388, 119.98521907589976]], '8', 0.3647915581829899)]
[([[422, 233], [547, 233], [547, 374], [422, 374]], '0', 0.9981769295246181), ([[1565, 539], [1649, 539], [1649, 670], [1565, 670]], '@', 0.9181092748463584), ([[343, 622], [412, 622], [412, 720], [343, 720]], '0', 0.9998976018417558), ([[1296, 1944], [1671, 1944], [1671, 2186], [1296, 2186]], '973', 0.3928145076488893), ([[18, 2122], [267, 2122], [267, 2283], [18, 2283]], '어러', 0.06458949651036235), ([[555, 2526], [690, 2526], [690, 2634], [555, 2634]], '%', 0.3514563868907885), ([[1217, 2443], [1608, 2443], [1608, 2664], [1217, 2664]], '내귀0', 0.008317194832712297), ([[1648, 2813], [1764, 2813], [1764, 2862], [1648, 2862]], '@>즌튜히', 0.0003153890209989272), ([[1470.219699576205, 2210.1136566943983], [1675.7470506270995, 2196.3837803626498], [1675.780300423795, 2315.8863433056017], [1470.2529493729005, 2329.6162196373502]], '9끼10', 0.0074303788132965565)]
[([[320, 250], [417, 250], [417, 361], [320, 361]], '0', 0.8731864994620118), ([[779, 320], [852, 320], [852, 420], [779, 420]], '응', 0.011970462311088392), ([[252, 421], [327, 421], [327, 505], [252, 505]], '0', 0.6147714899367749), ([[1506, 699], [1650, 699], [1650, 891], [1506, 891]], '0위', 0.25530910441360166), ([[1458, 1499], [1755, 1499], [1755, 1694], [1458, 1694]], '사', 0.014291678082047066), ([[548, 2564], [639, 2564], [639, 2653], [548, 2653]], '표', 0.183563697687398), ([[1648, 2813], [1764, 2813], [1764, 2862], [1648, 2862]], '@>라튜히', 0.000554872446534644), ([[149.28104053041335, 1437.0129267454915], [430.93050425299816, 1608.3341668087046], [338.71895946958665, 1754.9870732545085], [56.06949574700182, 1583.6658331912954]], '@', 0.2026617011257644), ([[62.80572832030097, 1723.0237808395543], [411.8482723902482, 1778.6145500763316], [360.194271679699, 2033.9762191604457], [11.151727609751774, 1978.3854499236684]], '예', 0.061844586129623735), ([[1276.1645512420275, 1908.0124666079198], [1677.9371520126901, 2086.125023354853], [1575.8354487579725, 2298.98753339208], [1175.0628479873099, 2119.874976645147]], '구', 0.015923643265308707), ([[1039.870632168816, 2163.0245398827683], [1381.2651620015276, 2228.6618035446018], [1331.129367831184, 2444.9754601172317], [989.7348379984722, 2379.3381964553982]], '킬째', 0.013475653183439075), ([[220.06257472799024, 2333.063052987128], [334.721927140309, 2358.0466194635], [318.93742527200976, 2420.936947012872], [204.278072859691, 2395.9533805365]], '퍼분', 0.00889856580494618), ([[1382.186835537232, 2332.0097254562943], [1841.995061768216, 2569.42053871986], [1706.813164462768, 2817.9902745437057], [1246.004938231784, 2579.57946128014]], '화다~', 0.006459120619896131)]
[([[718, 148], [906, 148], [906, 281], [718, 281]], '중절', 0.02286309698719902), ([[1576, 176], [1677, 176], [1677, 280], [1576, 280]], '앞', 0.05756446185078179), ([[360, 266], [529, 266], [529, 666], [360, 666]], '8', 0.3812934504987062), ([[873, 871], [926, 871], [926, 949], [873, 949]], '뿌', 0.019487155631455977), ([[74, 1251], [189, 1251], [189, 1410], [74, 1410]], '0', 0.613278309901057), ([[375, 1520], [704, 1520], [704, 1993], [375, 1993]], '%4', 0.013275227765251786), ([[1380, 2331], [1632, 2331], [1632, 2825], [1380, 2825]], '필', 0.05071942153328757), ([[1649, 2816], [1763, 2816], [1763, 2861], [1649, 2861]], '@>]응뼈', 0.00031621089074380037), ([[272.29200848929395, 1240.0075956010967], [522.5040344781612, 1295.9684898345695], [412.70799151070605, 1771.9924043989033], [162.4959655218388, 1715.0315101654305]], '부', 0.4490398061393286), ([[952.2629138478392, 1957.0150978872753], [1086.4727231282775, 1938.8521341980638], [1119.7370861521608, 2236.9849021127247], [985.5272768717225, 2255.1478658019364]], '탑', 0.07520132651015476), ([[160.6632739123585, 2638.251059996849], [218.70368391987677, 2583.0225308499225], [321.33672608764147, 2705.748940003151], [263.29631608012323, 2760.9774691500775]], '좀', 0.08377972661676925)]
[([[718, 148], [906, 148], [906, 281], [718, 281]], '중절', 0.02286309698719902), ([[1576, 178], [1677, 178], [1677, 280], [1576, 280]], '뺨', 0.027075056893185234), ([[362, 267], [527, 267], [527, 665], [362, 665]], '$', 0.08407446664092788), ([[873, 871], [928, 871], [928, 949], [873, 949]], '#', 0.021425810895215003), ([[74, 1251], [189, 1251], [189, 1410], [74, 1410]], '0', 0.4905069908974285), ([[377, 1521], [705, 1521], [705, 1993], [377, 1993]], '9', 0.04333844517476848), ([[1377, 2331], [1632, 2331], [1632, 2826], [1377, 2826]], '덜', 0.005588558149669576), ([[1649, 2816], [1763, 2816], [1763, 2861], [1649, 2861]], '@>]미뼈', 0.0009671196997450684), ([[267.26684766959016, 1255.0081451315568], [515.4128628852619, 1307.8904539456212], [413.73315233040984, 1770.9918548684432], [165.58713711473806, 1718.1095460543788]], '류', 0.24704215858724865), ([[947.2537541751107, 1959.0154756201662], [1083.144492189414, 1937.7508203060825], [1123.7462458248895, 2235.9845243798336], [987.855507810586, 2257.2491796939175]], '탑', 0.03511856389239032), ([[160.6632739123585, 2638.251059996849], [218.70368391987677, 2583.0225308499225], [321.33672608764147, 2705.748940003151], [263.29631608012323, 2760.9774691500775]], '좀', 0.09944475540487474)]
[([[648, 101], [674, 101], [674, 161], [648, 161]], '1', 0.13677659668762576), ([[1567, 161], [1607, 161], [1607, 216], [1567, 216]], '9', 0.9961979833593091), ([[799, 448], [832, 448], [832, 499], [799, 499]], '0', 0.999953508917443), ([[825, 537], [891, 537], [891, 637], [825, 637]], '겨', 0.009520489785012964), ([[1639, 480], [1736, 480], [1736, 597], [1639, 597]], '아', 0.3059202581644058), ([[880, 846], [980, 846], [980, 926], [880, 926]], '5아', 0.5410785715750736), ([[279, 1122], [387, 1122], [387, 1235], [279, 1235]], '0', 0.9649440549441266), ([[102, 1355], [177, 1355], [177, 1504], [102, 1504]], '위', 0.3351658346437638), ([[1605, 1353], [1680, 1353], [1680, 1493], [1605, 1493]], '0', 0.12344042093731389), ([[150, 1469], [236, 1469], [236, 1557], [150, 1557]], '0', 0.943347282964524), ([[1641, 1485], [1680, 1485], [1680, 1574], [1641, 1574]], '{', 0.9049852326413976), ([[126, 1564], [166, 1564], [166, 1597], [126, 1597]], '5', 0.5231892462047796), ([[1138, 2339], [1206, 2339], [1206, 2441], [1138, 2441]], '불', 0.10248878266344263), ([[1648, 2813], [1764, 2813], [1764, 2862], [1648, 2862]], '넉>~응히', 8.737007706111575e-05), ([[539.5930181165338, 119.07087935368503], [629.6821157519877, 66.01662708425144], [721.4069818834662, 245.92912064631497], [631.3178842480123, 298.98337291574853]], '영', 0.35435103025179515), ([[1608.7458596463944, 243.0989157722843], [1695.9459451369958, 255.03088849314534], [1685.2541403536056, 321.9010842277157], [1598.0540548630042, 310.9691115068547]], '얘구', 0.12215500142396303), ([[183.79031815816916, 327.0564042924099], [266.6303257201221, 277.01529016548494], [363.20968184183084, 459.9435957075901], [281.3696742798779, 508.98470983451506]], '형', 0.6549286807216994), ([[1486.585786437627, 769.1005050633884], [1549.6564755740158, 728.0215712749591], [1626.414213562373, 858.8994949366116], [1564.3435244259842, 899.9784287250409]], '올', 0.13820371072734705), ([[1254.0100505063388, 926.0703535443719], [1348.6542381954368, 949.8271875280207], [1330.9899494936612, 1009.9296464556281], [1237.3457618045632, 986.1728124719793]], '가아', 0.8398105549818414), ([[638.9195353340408, 2157.018245887606], [839.6360572164667, 2053.006322011726], [1048.0804646659592, 2516.981754112394], [847.3639427835333, 2619.993677988274]], '불', 0.7226546751780916), ([[159.24844317292917, 2290.1403476721607], [224.686161147707, 2241.021421636688], [312.75155682707083, 2373.8596523278393], [247.313838852293, 2422.978578363312]], '움', 0.11112683404804002), ([[1291.9732046903866, 2358.017576959289], [1471.5691575049273, 2241.005399490332], [1742.0267953096134, 2709.982423040711], [1562.4308424950727, 2827.994600509668]], '움', 0.2831845426957358)]
[([[1648, 2813], [1764, 2813], [1764, 2862], [1648, 2862]], '9>~튜히', 0.00010026647988383188)]
[([[1648, 2813], [1764, 2813], [1764, 2862], [1648, 2862]], '@>~튜히', 0.000313423683706162)]
[([[1649, 2816], [1763, 2816], [1763, 2861], [1649, 2861]], ')>]튜뼈', 0.00032571218090640447)]
[([[12, 7], [126, 7], [126, 56], [12, 56]], ')>~응라', 6.611580641214302e-05), ([[986, 185], [1144, 185], [1144, 284], [986, 284]], ';절;', 0.013257619329973944), ([[1590, 341], [1714, 341], [1714, 599], [1590, 599]], '@', 0.250419434849519), ([[85, 695], [173, 695], [173, 785], [85, 785]], '오', 0.0947301229467179), ([[1672, 829], [1781, 829], [1781, 926], [1672, 926]], '올', 0.41980806640835056), ([[396, 1327], [837, 1327], [837, 2264], [396, 2264]], "'부", 0.11009462375972884), ([[1755, 2156], [1830, 2156], [1830, 2260], [1755, 2260]], '군', 0.008309187847992894), ([[1435, 2182], [1636, 2182], [1636, 2466], [1435, 2466]], '오', 0.289853309995479), ([[171, 2248], [401, 2248], [401, 2674], [171, 2674]], '옆', 0.024792995918439864), ([[1004.2844116917969, 272.13460738138025], [1076.2520513869542, 327.0130911272956], [983.7155883082031, 445.86539261861975], [911.7479486130458, 390.9869088727044]], '새', 0.059507085033637885), ([[1249.8525674214488, 2682.0827152079974], [1301.6430735193626, 2655.0258883599054], [1355.1474325785512, 2766.9172847920026], [1303.3569264806374, 2794.9741116400946]], '콩', 0.9489301368887801)]
[([[1649, 2816], [1763, 2816], [1763, 2861], [1649, 2861]], '@>]튜뼈', 7.318002977357364e-05)]
[([[1648, 2813], [1764, 2813], [1764, 2862], [1648, 2862]], '@>즌튜히', 0.00032210392072612546)]
[([[422, 230], [547, 230], [547, 374], [422, 374]], "0'", 0.4073664299506165), ([[1565, 539], [1649, 539], [1649, 670], [1565, 670]], '@', 0.900522830941842), ([[337, 600], [450, 600], [450, 729], [337, 729]], '0', 0.28168971685795796), ([[1295, 1941], [1672, 1941], [1672, 2196], [1295, 2196]], '933', 0.055275698771529685), ([[18, 2122], [262, 2122], [262, 2285], [18, 2285]], '뜨리', 0.030863445023445384), ([[558, 2524], [686, 2524], [686, 2634], [558, 2634]], '%4', 0.05485388063933501), ([[1217, 2443], [1608, 2443], [1608, 2666], [1217, 2666]], '내워0', 0.017868157986104045), ([[1648, 2813], [1764, 2813], [1764, 2862], [1648, 2862]], '@>즌튜히', 0.00015923706270530176), ([[1470.219699576205, 2210.1136566943983], [1675.7764986552718, 2196.429393721611], [1675.780300423795, 2315.8863433056017], [1470.2235013447282, 2328.570606278389]], '7끼어', 0.07279442673549065)]
[([[321, 254], [412, 254], [412, 351], [321, 351]], '(', 0.3509877775086103), ([[779, 320], [852, 320], [852, 422], [779, 422]], '7', 0.010530966475524872), ([[245, 414], [353, 414], [353, 522], [245, 522]], '아', 0.26206981140206054), ([[1506, 696], [1650, 696], [1650, 891], [1506, 891]], '0유', 0.07642444208858878), ([[1468, 1507], [1746, 1507], [1746, 1679], [1468, 1679]], '말적', 0.0076328697271506535), ([[545, 2561], [644, 2561], [644, 2658], [545, 2658]], '퍽', 0.014065344038354022), ([[1648, 2813], [1764, 2813], [1764, 2862], [1648, 2862]], '@>즌튜히', 0.00035489786839305003), ([[159.26411844644235, 1437.0142559182125], [383.86622159784537, 1599.7492928620113], [286.73588155355765, 1732.9857440817875], [61.133778402154626, 1570.2507071379887]], '$*', 0.03656665844059539), ([[67.88114252977796, 1719.0215915212493], [416.72459890545366, 1790.739635292646], [356.11885747022205, 2035.9784084787507], [7.275401094546339, 1963.260364707354]], '예해;', 0.017825634402726262), ([[1277.1544643362213, 1908.0127695289214], [1676.8813785718778, 2078.425368194939], [1576.8455356637787, 2294.987230471079], [1177.1186214281222, 2124.574631805061]], '주', 0.017771768018292278), ([[1026.8472060304964, 2159.0246211136177], [1381.0345850713854, 2220.88715913783], [1331.1527939695036, 2446.9753788863823], [976.9654149286147, 2384.11284086217]], '피계', 0.060132940239005346), ([[216.99535850867088, 2330.0633322185], [337.7108315731365, 2357.86855062206], [320.0046414913291, 2424.9366677815], [199.2891684268635, 2396.13144937794]], '퍼워5', 0.03748181477252649), ([[1417.3112148025339, 2328.0071890413724], [1821.2097606238406, 2650.82146807802], [1644.6887851974661, 2872.9928109586276], [1240.7902393761594, 2550.17853192198]], '구3시~', 0.0012202857760712504)]
[([[718, 146], [906, 146], [906, 281], [718, 281]], '%결', 0.013307072721016297), ([[1578, 178], [1677, 178], [1677, 282], [1578, 282]], '%', 0.009821669690350865), ([[360, 266], [528, 266], [528, 668], [360, 668]], '%', 0.585982963516475), ([[873, 871], [928, 871], [928, 949], [873, 949]], '뿌', 0.0196618953305574), ([[74, 1253], [186, 1253], [186, 1408], [74, 1408]], '0', 0.9371429654456733), ([[1377, 2331], [1632, 2331], [1632, 2826], [1377, 2826]], '퍽', 0.004835650151914506), ([[1649, 2816], [1763, 2816], [1763, 2861], [1649, 2861]], '의>]교뼈', 0.0003013134577804258), ([[295.04660505060383, 1416.0146641446238], [528.9263202018806, 1595.8639478539242], [367.95339494939617, 1802.9853358553762], [134.07367979811946, 1623.1360521460758]], "{'", 0.07296744560045773), ([[341.83490384574594, 1559.0178653713178], [615.3442968272209, 1494.0609079713822], [706.1650961542541, 1960.9821346286822], [432.65570317277906, 2025.9390920286178]], '?', 0.01334183243920034), ([[947.1639114537014, 1958.0174837434633], [1094.9366515807, 1946.642179822033], [1111.8360885462987, 2236.9825162565367], [964.0633484192999, 2249.357820177967]], '탑', 0.8011614311370217), ([[161.58332560924964, 2624.0916071912225], [227.67772237843306, 2582.020897469384], [308.41667439075036, 2722.9083928087775], [242.32227762156694, 2765.979102530616]], '품', 0.8136904718924463)]
[([[721, 152], [907, 152], [907, 280], [721, 280]], '십결', 0.14510076592846483), ([[1576, 178], [1675, 178], [1675, 280], [1576, 280]], '%', 0.06353880900991626), ([[360, 264], [528, 264], [528, 666], [360, 666]], '8', 0.21030640161061243), ([[875, 871], [928, 871], [928, 949], [875, 949]], '뿌', 0.04362945679750596), ([[74, 1253], [186, 1253], [186, 1408], [74, 1408]], '0', 0.9257624010734986), ([[1380, 2331], [1632, 2331], [1632, 2825], [1380, 2825]], '필', 0.08881460902998484), ([[1649, 2816], [1763, 2816], [1763, 2861], [1649, 2861]], '@>]미뼈', 0.000657113623121444), ([[158.49436290403875, 1502.024122606009], [435.6880668107994, 1316.005036822401], [770.5056370959612, 1907.975877393991], [493.3119331892006, 2092.994963177599]], ' ', 0.006175696895625082), ([[944.1776507657748, 1956.0169136083293], [1090.066702546876, 1939.2900637330329], [1116.8223492342252, 2238.9830863916704], [970.9332974531239, 2254.7099362669674]], '콩', 0.24261388489804947), ([[162.71211419022697, 2625.0832792647475], [227.61611125312098, 2583.01899769944], [309.28788580977306, 2721.9167207352525], [244.38388874687902, 2764.98100230056]], '품', 0.7516629267912691)]
[([[646, 101], [674, 101], [674, 164], [646, 164]], '1', 0.1364271177406815), ([[206, 293], [334, 293], [334, 457], [206, 457]], '상', 0.3136155572913282), ([[799, 450], [832, 450], [832, 499], [799, 499]], '0', 0.9986411190098029), ([[1639, 480], [1736, 480], [1736, 597], [1639, 597]], '아', 0.266414450412217), ([[880, 846], [980, 846], [980, 926], [880, 926]], '5아', 0.5290503551439627), ([[279, 1120], [387, 1120], [387, 1235], [279, 1235]], '0', 0.36486975437179936), ([[99, 1353], [177, 1353], [177, 1504], [99, 1504]], '유', 0.09931256779392417), ([[1605, 1353], [1680, 1353], [1680, 1493], [1605, 1493]], '0', 0.10253443129863626), ([[150, 1471], [236, 1471], [236, 1557], [150, 1557]], '0', 0.929368258930996), ([[128, 1564], [166, 1564], [166, 1597], [128, 1597]], '5', 0.10369344102510869), ([[1140, 2339], [1206, 2339], [1206, 2444], [1140, 2444]], '불', 0.06605296715589759), ([[1648, 2813], [1764, 2813], [1764, 2862], [1648, 2862]], '@>즌꺾히', 0.0002615704795091843), ([[539.6206059698201, 118.06812029518257], [631.6821157519877, 66.01662708425144], [721.3793940301799, 246.93187970481745], [629.3178842480123, 298.98337291574853]], '영', 0.269617813677403), ([[823.235372136918, 535.041886445954], [879.4170652204695, 527.4305406828265], [892.764627863082, 639.958113554046], [835.5829347795305, 646.5694593171735]], '뜻', 0.1049418599462939), ([[1486.585786437627, 769.1005050633884], [1549.6479859497433, 727.021016373952], [1626.414213562373, 858.8994949366116], [1562.3520140502567, 900.978983626048]], '올', 0.19816981498156228), ([[1254.0100505063388, 926.0703535443719], [1348.6542381954368, 949.8271875280207], [1330.9899494936612, 1009.9296464556281], [1237.3457618045632, 986.1728124719793]], '가아', 0.8336070452309583), ([[1641.4976792543355, 1486.03166610925], [1671.9161573349022, 1483.1063313266657], [1680.5023207456645, 1572.96833389075], [1650.0838426650978, 1575.8936686733343]], '{', 0.18233359488378031), ([[656.0885008869717, 2142.014328205699], [844.5798840347884, 2051.00579826058], [1043.9114991130284, 2517.985671794301], [855.4201159652116, 2608.99420173942]], '불', 0.9919370283432869), ([[159.22047470226872, 2290.144895683839], [221.69922002457986, 2242.0222456140964], [309.7795252977313, 2372.855104316161], [246.30077997542014, 2420.9777543859036]], '올', 0.9231067310613525), ([[1288.940590517419, 2366.018711642956], [1463.5757097017975, 2247.005524536354], [1741.059409482581, 2708.981288357044], [1566.4242902982025, 2827.994475463646]], '움', 0.3034335927047813)]
[([[1648, 2813], [1764, 2813], [1764, 2862], [1648, 2862]], '@>~튜]', 0.0003442402900665156)]
[([[1648, 2813], [1764, 2813], [1764, 2862], [1648, 2862]], '@>~튜히', 0.00021673779899117104)]
[([[1649, 2816], [1761, 2816], [1761, 2861], [1649, 2861]], ')>]교뼈', 0.00032914925365309195)]
[([[12, 7], [126, 7], [126, 56], [12, 56]], ')>~응]', 7.290564343934661e-05), ([[705, 156], [777, 156], [777, 298], [705, 298]], '0', 0.8651547990079713), ([[1649, 148], [1739, 148], [1739, 238], [1649, 238]], '안', 0.06816050833126397), ([[781, 259], [825, 259], [825, 366], [781, 366]], '5', 0.9892421982706914), ([[732, 312], [777, 312], [777, 421], [732, 421]], '우', 0.9985938250631534), ([[1704, 457], [1801, 457], [1801, 577], [1704, 577]], '0', 0.9884685856363582), ([[121, 609], [211, 609], [211, 706], [121, 706]], '빚', 0.10535953711653079), ([[1740, 685], [1778, 685], [1778, 723], [1740, 723]], '5', 0.41380122089526594), ([[1770, 1064], [1854, 1064], [1854, 1165], [1770, 1165]], "발'", 0.409327304588344), ([[366, 1110], [454, 1110], [454, 1367], [366, 1367]], '9', 0.8940797277334447), ([[424, 1360], [462, 1360], [462, 1398], [424, 1398]], '5', 0.5378241347659838), ([[905, 2156], [1007, 2156], [1007, 2231], [905, 2231]], '936', 0.4772211990069648), ([[1384, 2293], [1461, 2293], [1461, 2418], [1384, 2418]], '%', 0.19565791419797396), ([[516, 2332], [723, 2332], [723, 2609], [516, 2609]], '탓', 0.08252008596665306), ([[1396, 2478], [1434, 2478], [1434, 2543], [1396, 2543]], '8', 0.8456226309284922), ([[604, 2569], [668, 2569], [668, 2725], [604, 2725]], '8', 0.9917531276196065), ([[954.043064939372, 599.0574389967882], [1074.6660049653644, 627.7125630345283], [1055.956935060628, 697.9425610032118], [935.3339950346354, 669.2874369654717]], '창. _', 0.056174065277572675), ([[180.52606176730697, 1373.0093627128667], [269.8151693440437, 1359.1380794028773], [311.473938232693, 1649.9906372871333], [223.18483065595632, 1663.8619205971227]], '8', 0.29892247183683196), ([[825.8259093868575, 2046.076911340117], [933.9411764705883, 2060.764705882353], [920.1740906131425, 2139.923088659883], [813.0588235294117, 2125.235294117647]], '%', 0.34960031832282823), ([[1285.2038188802007, 2150.0158538930364], [1435.9852475985692, 2177.788709955962], [1385.7961811197993, 2440.9841461069636], [1235.0147524014308, 2413.211290044038]], '떼', 0.12275334509201574)]
[([[1650, 2820], [1762, 2820], [1762, 2860], [1650, 2860]], '@>서스뼈', 7.423533584902795e-05)]
[([[1648, 2813], [1764, 2813], [1764, 2862], [1648, 2862]], '@>~튜히', 0.00033344285708757955)]
[([[1675, 7], [1800, 7], [1800, 58], [1675, 58]], ' ,', 0.256277812014788), ([[1440, 182], [1554, 182], [1554, 308], [1440, 308]], '01', 0.4091403709524922), ([[1526, 259], [1576, 259], [1576, 312], [1526, 312]], '아', 0.9714436550484926), ([[222, 522], [330, 522], [330, 643], [222, 643]], '아', 0.16810921028354997), ([[1044, 2191], [1190, 2191], [1190, 2308], [1044, 2308]], '9껏-', 0.002610441547328775), ([[71, 2444], [537, 2444], [537, 2773], [71, 2773]], '뛰다', 0.031210401689324388), ([[116.22156144145724, 1783.0121222707776], [513.9997440714143, 1966.8868789861021], [420.77843855854275, 2153.9878777292224], [22.000255928585695, 1969.1131210138979]], '멋 [', 0.0012188128291402034), ([[1468.9548893171268, 1891.0218546793292], [1788.9554753350317, 1978.849111840289], [1726.0451106828732, 2179.9781453206706], [1406.0445246649683, 2093.150888159711]], '대끼', 0.14649916094611093), ([[317.1341380573248, 2202.0156241878963], [636.9115103368782, 2346.9409532765467], [548.8658619426752, 2526.9843758121037], [229.08848966312175, 2382.0590467234533]], '군?', 0.471020516690235), ([[1398.8734718386786, 2394.0204755636605], [1812.0347797236036, 2473.138068017069], [1751.1265281613214, 2730.9795244363395], [1336.9652202763964, 2650.861931982931]], '커마', 0.19834867736177228)]
[([[1675, 7], [1798, 7], [1798, 58], [1675, 58]], "'", 0.3536928780704329), ([[229, 76], [317, 76], [317, 211], [229, 211]], '0', 0.8402240516720703), ([[293, 164], [341, 164], [341, 229], [293, 229]], '2', 0.6728194080894276), ([[164, 611], [256, 611], [256, 745], [164, 745]], '0', 0.886738348737115), ([[57, 1007], [338, 1007], [338, 1265], [57, 1265]], '가사', 0.014009044997080588), ([[43, 1384], [433, 1384], [433, 1756], [43, 1756]], '까양', 0.26446644906577177), ([[1390, 1485], [1766, 1485], [1766, 1811], [1390, 1811]], '까양', 0.11960800195992015), ([[228, 1675], [329, 1675], [329, 1785], [228, 1785]], '0', 0.9997663634405853), ([[42, 2459], [538, 2459], [538, 2767], [42, 2767]], '이', 0.11816252582274789), ([[1161.8449914182543, 138.06692619698745], [1233.0676873891948, 106.05716118812366], [1287.1550085817457, 243.93307380301255], [1214.9323126108052, 274.94283881187636]], '올', 0.22620772387485033), ([[571.2088369900188, 2154.031346074237], [709.9609731297486, 2219.117382127744], [670.7911630099812, 2299.968653925763], [532.0390268702514, 2234.882617872256]], '다;', 0.006286796080762537), ([[1317.975462259066, 2162.014187552287], [1777.622837176642, 2300.999326448361], [1677.024537740934, 2596.985812447713], [1218.377162823358, 2458.000673551639]], '다아', 0.03251653492423398), ([[1060.2825764854613, 2384.023420227558], [1185.8299330485386, 2484.073202095659], [1125.7174235145387, 2558.976579772442], [1001.1700669514615, 2458.926797904341]], '다선-', 0.014245751570170813)]
[([[1429, 184], [1594, 184], [1594, 494], [1429, 494]], '양', 0.7900992030368457), ([[1568, 277], [1592, 277], [1592, 344], [1568, 344]], '1', 0.9912431861579627), ([[329, 394], [428, 394], [428, 566], [329, 566]], '@', 0.021196350432062028), ([[1131, 726], [1222, 726], [1222, 821], [1131, 821]], '아', 0.811727468724289), ([[1570, 1087], [1648, 1087], [1648, 1217], [1570, 1217]], '알', 0.07618971683638254), ([[294, 1572], [711, 1572], [711, 1958], [294, 1958]], '제탕', 0.47326345103309686), ([[168, 2259], [329, 2259], [329, 2510], [168, 2510]], ']', 0.0068562325091845455), ([[213, 2445], [365, 2445], [365, 2662], [213, 2662]], '용료', 0.07359304251895227), ([[1569, 2471], [1677, 2471], [1677, 2575], [1569, 2575]], '웬', 0.07469304857296777), ([[161, 2566], [419, 2566], [419, 2743], [161, 2743]], '@%@', 0.04093855808520922), ([[217.9140743953177, 201.0368936111703], [333.4485283638909, 164.37605516767803], [393.0859256046823, 379.9631063888297], [277.5514716361091, 417.62394483232197]], '원', 0.1613330501635355)]
[([[1426, 185], [1597, 185], [1597, 496], [1426, 496]], '양', 0.4328123792718408), ([[1568, 277], [1592, 277], [1592, 344], [1568, 344]], '1', 0.99004434354217), ([[329, 392], [428, 392], [428, 570], [329, 570]], '쎄', 0.005600893155360609), ([[1131, 726], [1222, 726], [1222, 819], [1131, 819]], '야', 0.569938773173817), ([[1570, 1087], [1648, 1087], [1648, 1217], [1570, 1217]], '알', 0.09031001516133585), ([[293, 1560], [714, 1560], [714, 1961], [293, 1961]], '세탕', 0.14622620927263236), ([[174, 2265], [324, 2265], [324, 2502], [174, 2502]], '빛', 0.013855362120821724), ([[207, 2439], [423, 2439], [423, 2709], [207, 2709]], '@', 0.007260133877914576), ([[164, 2608], [299, 2608], [299, 2740], [164, 2740]], '@5', 0.3580923587670503), ([[222.9956950156277, 202.03155074848016], [337.44172781968496, 168.3745556986303], [395.0043049843723, 392.96844925151987], [280.55827218031504, 426.62544430136967]], '원', 0.1852305500468967)]
[([[1674, 6], [1801, 6], [1801, 59], [1674, 59]], '9터형섯라', 2.0733058301523422e-05), ([[983, 53], [1100, 53], [1100, 142], [983, 142]], '9', 0.5306881201568672), ([[141, 159], [254, 159], [254, 294], [141, 294]], '0', 0.8589589262331998), ([[218, 239], [274, 239], [274, 298], [218, 298]], "'아", 0.5893972322828293), ([[213, 839], [321, 839], [321, 956], [213, 956]], '0', 0.3366090966795845), ([[1507, 861], [1620, 861], [1620, 969], [1507, 969]], '옆', 0.039952421040144515), ([[109, 1128], [153, 1128], [153, 1204], [109, 1204]], '(', 0.5489462055155094), ([[1602, 1096], [1677, 1096], [1677, 1239], [1602, 1239]], '위', 0.5963937168383069), ([[1654, 1195], [1734, 1195], [1734, 1308], [1654, 1308]], '0', 0.999870185296917), ([[382, 1489], [411, 1489], [411, 1529], [382, 1529]], '3', 0.2084488711977892), ([[83, 2324], [175, 2324], [175, 2428], [83, 2428]], '밟', 0.04677835908408756), ([[416, 2247], [479, 2247], [479, 2434], [416, 2434]], '8', 0.7332152836029913), ([[1518.1115260634988, 314.1799355301935], [1621.6487316582986, 297.5304372727757], [1630.8884739365012, 385.8200644698065], [1527.3512683417014, 403.4695627272243]], '아', 0.9825531231907156), ([[409.2435857346211, 678.0409887585138], [461.5556127017292, 673.4831876105906], [468.7564142653789, 783.9590112414862], [416.4443872982708, 788.5168123894094]], '볶', 0.038809298203325904), ([[360.572320221216, 1460.1471370618367], [403.6012183950711, 1426.0258666171753], [470.427679778784, 1521.8528629381633], [427.3987816049289, 1555.9741333828247]], '읽', 0.04301882476227448), ([[309.8699632185802, 1901.01995908582], [633.7728151072923, 1977.995532469902], [561.1300367814198, 2247.9800409141803], [237.22718489270767, 2171.004467530098]], '506', 0.2443697303533554), ([[1256.861930389377, 2309.0202439414966], [1639.4478565744212, 2386.477071302115], [1575.138069610623, 2653.9797560585034], [1192.5521434255788, 2576.522928697885]], '%', 0.018179494027412924), ([[1061.2720097584981, 2504.026533691425], [1188.9546693075538, 2589.048916945138], [1139.7279902415019, 2660.973466308575], [1012.0453306924461, 2575.951083054862]], '론실9', 0.0005489547262760319)]
[([[1675, 5], [1800, 5], [1800, 58], [1675, 58]], "'", 0.4746072640162744)]
[([[1675, 5], [1800, 5], [1800, 58], [1675, 58]], '흡조형디움', 6.579488522193015e-06)]
[]
[([[12, 7], [126, 7], [126, 56], [12, 56]], '@>서추]', 0.00019739806919698386)]
[]
[([[1675, 5], [1800, 5], [1800, 58], [1675, 58]], '흡조형어]', 2.8674672695480533e-05)]
[([[1619, 3], [1732, 3], [1732, 48], [1619, 48]], ')>즌튜히', 0.0005613296110718097), ([[185, 223], [260, 223], [260, 327], [185, 327]], '0', 0.27370010742794193), ([[1344, 194], [1423, 194], [1423, 287], [1344, 287]], '0', 0.2644873120891731), ([[226, 298], [293, 298], [293, 376], [226, 376]], '아', 0.9654822097491298), ([[1452, 504], [1527, 504], [1527, 629], [1452, 629]], '잇', 0.2559794052064355), ([[1519, 605], [1552, 605], [1552, 643], [1519, 643]], '5', 0.7069373018143921), ([[1322, 1653], [1609, 1653], [1609, 1852], [1322, 1852]], '곳늘', 0.08757553703430361), ([[1001, 2448], [1138, 2448], [1138, 2558], [1001, 2558]], '3', 0.7203650200590914), ([[101, 2441], [465, 2441], [465, 2664], [101, 2664]], '7+', 0.11829697612970698), ([[104.75291930858008, 1592.1692674366284], [360.6176771306483, 1559.8886361302975], [367.2470806914199, 1687.8307325633716], [111.3823228693517, 1720.1113638697025]], '7들5', 0.06564712186093011), ([[49.082402119252684, 1838.1580994971246], [417.8090833152807, 1754.653332231485], [449.91759788074734, 1983.8419005028754], [80.1909166847193, 2067.346667768515]], '7소', 0.003069960766487143)]
[([[1618, 2], [1733, 2], [1733, 50], [1618, 50]], '@>~튜새', 0.0004496894550876613), ([[94, 258], [182, 258], [182, 371], [94, 371]], '0', 0.2390575446785448), ([[131, 358], [188, 358], [188, 440], [131, 440]], '9', 0.8792097010826616), ([[46, 1295], [317, 1295], [317, 1469], [46, 1469]], '갑익5', 0.09816803014014117), ([[247, 1673], [589, 1673], [589, 1872], [247, 1872]], ' 괴$', 0.00310790932914231), ([[979, 2350], [1143, 2350], [1143, 2455], [979, 2455]], '다40', 0.07573831261670974), ([[643, 2459], [787, 2459], [787, 2556], [643, 2556]], '&', 0.01654949074919898), ([[80, 2519], [490, 2519], [490, 2790], [80, 2790]], '{"', 0.3275353068379973), ([[1461.2917949420223, 270.02282160134695], [1538.501760285428, 238.0114497491267], [1616.7082050579777, 446.97717839865305], [1540.498239714572, 478.9885502508733]], '영', 0.10713156028072124), ([[88.16738910575637, 966.017338538153], [324.99687920330405, 1103.6466982472914], [238.83261089424363, 1245.982661461847], [2.003120796695974, 1109.3533017527086]], "자'", 0.026798676375583235), ([[1506.249583686422, 1293.0128020121635], [1735.6552234254411, 1485.1203997120544], [1614.750416313578, 1629.9871979878365], [1385.3447765745589, 1437.8796002879456]], "'세미", 0.01254216227130337), ([[1313.961586134019, 2152.016852927785], [1712.6302958221513, 2264.7379819775874], [1630.038413865981, 2523.983147072215], [1231.3697041778487, 2410.2620180224126]], '>어?', 0.0007086377883638206)]
[([[1618, 0], [1733, 0], [1733, 50], [1618, 50]], '@>~응?', 0.00013883157221357157), ([[243, 169], [402, 169], [402, 341], [243, 341]], '( ', 0.21023521732923878), ([[94, 438], [202, 438], [202, 562], [94, 562]], '0', 0.9998586227798256), ([[1446, 229], [1563, 229], [1563, 524], [1446, 524]], '0', 0.999916436033832), ([[1454, 508], [1580, 508], [1580, 678], [1454, 678]], '아', 0.25750107086830454), ([[204, 955], [243, 955], [243, 1006], [204, 1006]], '하', 0.9878362642286085), ([[72, 1143], [310, 1143], [310, 1359], [72, 1359]], '(', 0.9990905207936329), ([[1244, 1617], [1370, 1617], [1370, 1708], [1244, 1708]], '@', 0.015317638556038793), ([[123, 1930], [232, 1930], [232, 2018], [123, 2018]], '영', 0.06324648403934763), ([[1279, 2291], [1472, 2291], [1472, 2593], [1279, 2593]], '@', 0.07021061949447827), ([[1295, 2573], [1533, 2573], [1533, 2809], [1295, 2809]], '%금', 0.05238002985931076), ([[1267.1355265538527, 501.0468442954444], [1326.7339445046937, 492.4816526120925], [1340.8644734461473, 608.9531557045557], [1281.2660554953063, 617.5183473879075]], '볶', 0.16085666577788515), ([[292.84632846849803, 712.630369757978], [381.24889798495195, 789.4759860539189], [237.153671531502, 945.369630242022], [149.75110201504808, 868.5240139460811]], '0', 0.6844230417393646), ([[1524.07585539279, 1977.1868625032284], [1580.6880209161538, 1930.0236967157703], [1666.92414460721, 2047.8131374967716], [1609.3119790838462, 2094.9763032842297]], '흙', 0.04952820613881337), ([[255.81905150197846, 2465.087645063256], [306.65891062993006, 2438.027181377846], [358.1809484980215, 2547.912354936744], [306.34108937006994, 2574.972818622154]], '표', 0.9480513872773031), ([[374.0652700194608, 2537.054795165417], [427.5998107146101, 2513.022517495686], [477.9347299805392, 2637.945204834583], [424.4001892853899, 2661.977482504314]], '못', 0.28512192221798216), ([[320.4710697270324, 2555.0280554341043], [358.62017367294607, 2546.0386106164315], [381.5289302729676, 2658.9719445658957], [343.37982632705393, 2667.9613893835685]], '{', 0.24780225120711297)]
[([[1618, 0], [1733, 0], [1733, 50], [1618, 50]], '@담~튜끔', 8.945957195671887e-05), ([[241, 169], [404, 169], [404, 341], [241, 341]], '9#', 0.055697215369667916), ([[92, 436], [202, 436], [202, 562], [92, 562]], '0', 0.9989876926158701), ([[1446, 312], [1563, 312], [1563, 522], [1446, 522]], '0', 0.9993871197674622), ([[1460, 513], [1577, 513], [1577, 675], [1460, 675]], '아', 0.39049067758103106), ([[204, 955], [243, 955], [243, 1006], [204, 1006]], '하', 0.9933374408898352), ([[71, 1139], [313, 1139], [313, 1369], [71, 1369]], '(', 0.9964379854263008), ([[1244, 1615], [1370, 1615], [1370, 1708], [1244, 1708]], '@', 0.05469062550509585), ([[123, 1930], [232, 1930], [232, 2018], [123, 2018]], '영', 0.18306310147253502), ([[1291, 2299], [1465, 2299], [1465, 2585], [1291, 2585]], '류', 0.09225239027106014), ([[1297, 2573], [1533, 2573], [1533, 2806], [1297, 2806]], '임금', 0.014267042493155269), ([[1267.1165477914012, 501.04893012261107], [1325.7623602519652, 493.49204649465895], [1338.8834522085988, 606.9510698773889], [1281.2376397480348, 614.5079535053411]], '볶', 0.16189090132678885), ([[297.7375589238934, 707.6646486333236], [388.2319784044032, 788.426735574515], [236.26244107610663, 953.3353513666764], [144.76802159559676, 872.573264425485]], '0', 0.2319820093564431), ([[1524.1115260634988, 1976.1799355301935], [1581.692775986783, 1930.024025790323], [1663.8884739365012, 2047.8200644698065], [1606.307224013217, 2093.9759742096767]], '@', 0.17174814283365336), ([[256.8686291501015, 2463.0804040507105], [308.6643638388299, 2438.0276339340408], [356.1313708498985, 2548.9195959492895], [304.3356361611701, 2573.9723660659592]], '표', 0.8245134534965395), ([[372.0430649393721, 2538.0574389967883], [424.5998107146101, 2513.022517495686], [478.9569350606279, 2636.9425610032117], [426.4001892853899, 2661.977482504314]], '뜻', 0.14417408545103072), ([[320.4765760774098, 2555.027472735393], [358.57648675431153, 2546.0333448859315], [382.5234239225902, 2659.972527264607], [344.42351324568847, 2667.9666551140685]], '{', 0.1518234430213603)]
[([[1619, 3], [1732, 3], [1732, 48], [1619, 48]], '@>]튜히', 0.00018426138733627497), ([[198, 142], [273, 142], [273, 258], [198, 258]], '(', 0.017207540386871223), ([[1047, 162], [1122, 162], [1122, 242], [1047, 242]], '9 ', 0.6277145182889745), ([[1110, 174], [1130, 174], [1130, 203], [1110, 203]], '(', 0.9669447101487236), ([[1487, 162], [1597, 162], [1597, 292], [1487, 292]], '0', 0.9995078454123849), ([[139, 269], [200, 269], [200, 344], [139, 344]], '2', 0.7601770120511766), ([[1411, 570], [1515, 570], [1515, 669], [1411, 669]], '아', 0.5173179381341839), ([[100, 608], [199, 608], [199, 725], [100, 725]], '아', 0.6195462350837175), ([[1583, 1007], [1649, 1007], [1649, 1262], [1583, 1262]], '0', 0.9719168645062837), ([[84, 1341], [163, 1341], [163, 1455], [84, 1455]], '0', 0.6977421690695707), ([[352, 1445], [487, 1445], [487, 1549], [352, 1549]], '9', 0.730808052640274), ([[1436, 1508], [1513, 1508], [1513, 1599], [1436, 1599]], '0', 0.742754024340698), ([[1048, 2677], [1170, 2677], [1170, 2787], [1048, 2787]], '잎', 0.11191408677416437), ([[1003.8697783222548, 54.07124874581251], [1110.0801046912832, 72.03617505710642], [1094.1302216777453, 150.9287512541875], [987.919895308717, 131.96382494289358]], "아 '", 0.11558604868025378), ([[1348.300373457149, 833.1619419771741], [1400.700989005636, 795.0273407278568], [1470.699626542851, 902.8380580228259], [1418.299010994364, 940.9726592721432]], '올', 0.12695134391947605), ([[1561.7057997834681, 1682.1053786791558], [1612.65891062993, 1652.027181377846], [1669.2942002165319, 1758.8946213208442], [1618.34108937007, 1788.972818622154]], '용', 0.3586853035977242), ([[1353.8198119312256, 2234.0232230531315], [1657.7114933499724, 2298.343641663519], [1597.1801880687744, 2547.9767769468685], [1293.2885066500276, 2484.656358336481]], '유', 0.3174363848087438), ([[253.96354746543145, 2265.0214939168977], [573.8619994508757, 2350.5431251716013], [510.0364525345686, 2555.9785060831023], [190.13800054912426, 2470.4568748283987]], '%리', 0.3855224245301878)]
[([[1618, 0], [1733, 0], [1733, 49], [1618, 49]], '9>~_?', 0.0001759374355103145)]
[([[1619, 3], [1732, 3], [1732, 48], [1619, 48]], '@>~응하', 0.00024777811256770476)]
[([[1618, 0], [1733, 0], [1733, 50], [1618, 50]], '>~응선', 0.00022265400912147015)]
[([[12, 7], [126, 7], [126, 56], [12, 56]], '@>~응]', 6.838932738788981e-05)]
[([[1619, 3], [1732, 3], [1732, 48], [1619, 48]], '@>]튜히', 0.0001906398819388841)]
[([[1611, 2], [1723, 2], [1723, 46], [1611, 46]], '@>~디?', 0.0021407879421782437), ([[44, 404], [135, 404], [135, 522], [44, 522]], '0', 0.9408259362014384), ([[128, 491], [177, 491], [177, 580], [128, 580]], '~', 0.03602799745504459), ([[1045, 2658], [1189, 2658], [1189, 2762], [1045, 2762]], '@들', 0.02848396629224248), ([[265.1002839280849, 788.0337762435287], [344.5846706445609, 752.0142517865013], [423.8997160719151, 944.9662237564713], [343.4153293554391, 980.9857482134987]], '응', 0.3283011472133843), ([[1401.8064775421328, 2035.026392452203], [1720.0726294384997, 2082.772632666159], [1676.1935224578672, 2314.9736075477967], [1356.9273705615003, 2267.227367333841]], '메{', 0.13212990535828104), ([[1327.8245665164536, 2307.024683091594], [1663.6366667538243, 2368.7411671229497], [1611.1754334835464, 2600.975316908406], [1275.3633332461757, 2539.2588328770503]], '대 {"', 0.17882515490055084)]
[([[1610, 0], [1724, 0], [1724, 47], [1610, 47]], '@"~_령', 0.00010933584135536364), ([[195, 566], [288, 566], [288, 682], [195, 682]], '이', 0.28642136724358025), ([[1055, 697], [1082, 697], [1082, 737], [1055, 737]], '0', 0.9999992847443906), ([[49, 1555], [416, 1555], [416, 1784], [49, 1784]], '30', 0.13602601083782312), ([[1439, 1555], [1693, 1555], [1693, 1718], [1439, 1718]], '8', 0.09084277192634804), ([[1372, 1964], [1638, 1964], [1638, 2158], [1372, 2158]], '딱다', 0.03868645461421673), ([[1608, 2047], [1674, 2047], [1674, 2126], [1608, 2126]], '(', 0.02385843877761662), ([[641, 2631], [840, 2631], [840, 2745], [641, 2745]], '대', 0.765527266402902), ([[1377, 2551], [1703, 2551], [1703, 2767], [1377, 2767]], '728', 0.0028607968227347107), ([[1365.63043819809, 203.2847966121687], [1419.692775986783, 152.0240257903232], [1514.36956180191, 263.7152033878313], [1459.307224013217, 315.9759742096768]], '움', 0.537419787770034), ([[68.33051172504386, 353.0203922907193], [149.70464545729732, 333.1328852097295], [195.66948827495614, 538.9796077092807], [114.29535454270267, 558.8671147902705]], '양', 0.19675335602969213), ([[1546.1243031180024, 500.0255833178431], [1652.164603396076, 466.1570052840508], [1719.8756968819976, 700.974416682157], [1612.835396603924, 735.8429947159492]], '양', 0.35005516417814775), ([[145.84567762754807, 1865.0289847882063], [472.502665670747, 1917.8369509953645], [432.15432237245193, 2109.9710152117937], [105.49733432925302, 2057.1630490046355]], '( 다', 0.1293915957212448), ([[42.198782434363906, 2123.0624670548405], [350.6229928672476, 2090.9430908153927], [358.8012175656361, 2318.9375329451595], [51.37700713275238, 2351.0569091846073]], ',량?', 0.033450334091544104), ([[1031.892925196588, 2627.0472248000806], [1210.175072252009, 2660.442850050924], [1185.107074803412, 2769.9527751999194], [1006.8249277479911, 2736.557149949076]], '되선니', 0.049032537080851916)]
[([[1613, 0], [1720, 0], [1720, 39], [1613, 39]], "'이음어?", 0.011422799199833135), ([[207, 162], [393, 162], [393, 406], [207, 406]], '@', 0.23383358421506273), ([[1364, 385], [1417, 385], [1417, 445], [1364, 445]], '0', 0.9854951442250695), ([[87, 690], [173, 690], [173, 781], [87, 781]], '0', 0.9308338647847201), ([[1422, 830], [1475, 830], [1475, 890], [1422, 890]], '1', 0.18242182046652378), ([[1548, 1078], [1644, 1078], [1644, 1155], [1548, 1155]], '양', 0.41791792551402196), ([[162, 1427], [240, 1427], [240, 1520], [162, 1520]], '빗몽', 0.016816086104415137), ([[1167, 1615], [1363, 1615], [1363, 1960], [1167, 1960]], '벼', 0.13120206843167637), ([[305, 2004], [407, 2004], [407, 2088], [305, 2088]], '영', 0.9669540879701941), ([[370, 2497], [437, 2497], [437, 2579], [370, 2579]], '*', 0.4454567361970909), ([[1291, 2270], [1512, 2270], [1512, 2722], [1291, 2722]], '유', 0.04122792984961521), ([[473, 2651], [523, 2651], [523, 2719], [473, 2719]], '유', 0.8175512634586681), ([[446, 2691], [494, 2691], [494, 2758], [446, 2758]], '~', 0.558414483932129), ([[1429.6466460025292, 319.0036727216592], [1559.3317314573858, 335.2231442691659], [1495.3533539974708, 833.9963272783408], [1365.6682685426142, 817.7768557308341]], '"', 0.10076955575546354), ([[424.2459944328312, 1427.0290318715022], [721.7123012532983, 1206.0047867546082], [1113.7540055671689, 1834.9709681284978], [816.2876987467017, 2055.995213245392]], '쭉', 0.2321372610227579)]
[([[1613, 0], [1720, 0], [1720, 39], [1613, 39]], "'이음어?", 0.03064646983245159), ([[205, 169], [393, 169], [393, 406], [205, 406]], '(', 0.15980048681072745), ([[1364, 387], [1414, 387], [1414, 442], [1364, 442]], '0', 0.6411071411496359), ([[87, 690], [173, 690], [173, 781], [87, 781]], '0', 0.9391427924058462), ([[1378, 333], [1562, 333], [1562, 831], [1378, 831]], '?', 0.24132903029059438), ([[1422, 830], [1475, 830], [1475, 890], [1422, 890]], '1', 0.16941202790104004), ([[162, 1429], [242, 1429], [242, 1518], [162, 1518]], '빗전', 0.009783520654580803), ([[1167, 1615], [1363, 1615], [1363, 1960], [1167, 1960]], '벼', 0.1191923634389136), ([[1291, 2270], [1512, 2270], [1512, 2724], [1291, 2724]], '유', 0.19396836038165421), ([[214.22182540694797, 1116.221825406948], [341.0882260736452, 1040.24756669218], [385.77817459305203, 1121.778174593052], [258.9117739263548, 1197.75243330782]], '[)', 0.8476876326765047), ([[1547.8674325266986, 1087.129959864804], [1585.1780001281074, 1075.1407494715565], [1603.1325674733014, 1139.870040135196], [1566.8219998718926, 1150.8592505284435]], '잎', 0.053738316451364065), ([[422.21048039700497, 1433.0302197513479], [719.7123012532983, 1209.0047867546082], [1115.789519602995, 1834.9697802486521], [818.2876987467017, 2058.995213245392]], '유', 0.02241549781640395)]
[([[1611, 0], [1724, 0], [1724, 47], [1611, 47]], '@서대타', 0.00024875442613847554), ([[97, 115], [170, 115], [170, 309], [97, 309]], '허', 0.13615828576391564), ([[1555, 259], [1592, 259], [1592, 290], [1555, 290]], '~', 0.2790218444698098), ([[170, 283], [230, 283], [230, 387], [170, 387]], '%', 0.03791446826895695), ([[184, 382], [213, 382], [213, 411], [184, 411]], '5', 0.972386662631127), ([[1472, 331], [1587, 331], [1587, 433], [1472, 433]], '%', 0.3147197844555194), ([[1560, 914], [1637, 914], [1637, 1002], [1560, 1002]], '0', 0.9882628456739759), ([[1140, 971], [1246, 971], [1246, 1057], [1140, 1057]], "'응", 0.13440165358285427), ([[262, 1403], [304, 1403], [304, 1472], [262, 1472]], '우', 0.14965020121895023), ([[64, 1609], [161, 1609], [161, 1848], [64, 1848]], '8', 0.10521125471616077), ([[86, 1847], [134, 1847], [134, 1900], [86, 1900]], '0', 0.7023562883495096), ([[311, 2028], [384, 2028], [384, 2118], [311, 2118]], '밖', 0.12346571962451947), ([[718, 2602], [822, 2602], [822, 2699], [718, 2699]], '%', 0.18616232904154018), ([[1524.449583267077, 86.01895737261614], [1581.4462315721387, 69.01245485871743], [1630.550416732923, 246.98104262738386], [1573.5537684278613, 263.98754514128257]], '올', 0.0463345192343354), ([[1299.1443372419888, 1838.0146474660742], [1457.5554184321286, 1759.0061705542098], [1645.8556627580112, 2179.985352533926], [1487.4445815678714, 2258.99382944579]], '꽃', 0.034262960338377946), ([[1049.4429913424108, 2216.0086203598676], [1171.4315306118879, 2169.005173484276], [1314.5570086575892, 2574.9913796401324], [1193.5684693881121, 2621.994826515724]], '물', 0.08814633861920029)]
[([[1611, 0], [1722, 0], [1722, 44], [1611, 44]], '0~어구', 0.0003440207801759243)]
[([[1611, 0], [1722, 0], [1722, 44], [1611, 44]], '(>라간찌', 0.00024694748320815217), ([[1055, 697], [1082, 697], [1082, 735], [1055, 735]], '0', 0.999998569489037)]
[([[1611, 0], [1724, 0], [1724, 45], [1611, 45]], "'9|어?", 0.007573190847394807)]
[([[1611, 0], [1724, 0], [1724, 45], [1611, 45]], "'9|어?", 0.007573190847394807)]
[([[12, 7], [126, 7], [126, 56], [12, 56]], ')>~응운', 9.327481245424205e-05), ([[993, 303], [1033, 303], [1033, 383], [993, 383]], '씨', 0.03481334838886441)]
[([[1611, 2], [1722, 2], [1722, 44], [1611, 44]], '@>형훨타', 0.00023299707684280822)]
[([[1605, 6], [1715, 6], [1715, 45], [1605, 45]], '톱터3어형', 5.0167174464595564e-05), ([[150, 213], [258, 213], [258, 335], [150, 335]], '아', 0.28678149724834157), ([[323, 444], [416, 444], [416, 618], [323, 618]], '%', 0.20341699943914193), ([[1534, 440], [1620, 440], [1620, 542], [1534, 542]], '야', 0.05939991536024625), ([[1372, 2024], [1727, 2024], [1727, 2300], [1372, 2300]], "'보움", 0.026157185986829735), ([[54, 2205], [275, 2205], [275, 2390], [54, 2390]], '유분', 0.0070121132248822755), ([[51.01212069172128, 1555.0187741922696], [369.01879914632667, 1656.924712777861], [292.9878793082787, 1869.9812258077304], [-24.01879914632667, 1768.075287222139]], '돼매3', 0.0004849323228294151), ([[945.2088369900188, 2308.031346074237], [1072.9820484546578, 2375.4010770927207], [1030.7911630099811, 2453.968653925763], [903.0179515453422, 2385.5989229072793]], '03 -', 0.04630928859114647), ([[1362.8343447480588, 2331.024273953414], [1717.7021411659491, 2390.8914474621747], [1666.1656552519412, 2626.975726046586], [1312.2978588340509, 2566.1085525378253]], '슈객니', 0.011964690289199274), ([[77.87128046249688, 2431.0236030536757], [429.21312275270543, 2500.340888184879], [375.1287195375031, 2723.9763969463243], [23.786877247294598, 2655.659111815121]], '깨', 0.011620391708081712)]
[([[446, 99], [499, 99], [499, 166], [446, 166]], '0', 0.9999855757279796), ([[1442, 112], [1521, 112], [1521, 249], [1442, 249]], '흐', 0.42754736234405755), ([[1511, 193], [1580, 193], [1580, 297], [1511, 297]], '옷', 0.40010796693801254), ([[1502, 285], [1546, 285], [1546, 327], [1502, 327]], '5', 0.5114680805843399), ([[240, 554], [378, 554], [378, 676], [240, 676]], '아', 0.8474900878874259), ([[1504, 616], [1566, 616], [1566, 729], [1504, 729]], '0', 0.9984523090479911), ([[1504, 753], [1568, 753], [1568, 846], [1504, 846]], '승', 0.14869742744381487), ([[1558, 827], [1598, 827], [1598, 864], [1558, 864]], '5', 0.8804816355226563), ([[968, 2284], [1121, 2284], [1121, 2388], [968, 2388]], '그율', 0.010765770223939137), ([[871, 2428], [1009, 2428], [1009, 2525], [871, 2525]], '메계', 0.0025692978504375315), ([[126.1498374172081, 226.0329026819846], [203.56625852523837, 194.0145846103757], [273.8501625827919, 376.9670973180154], [197.43374147476163, 409.98541538962434]], '응', 0.654418147112267), ([[100.06200550117089, 1047.0191347786867], [244.55539355860932, 963.0067066735743], [439.93799449882914, 1337.9808652213133], [295.4446064413907, 1422.9932933264258]], '장', 0.3795000569199125), ([[1448.0581857137588, 1248.0143099826673], [1809.4891489132428, 1400.395377038007], [1700.9418142862412, 1638.9856900173327], [1340.5108510867572, 1486.604622961993]], '길대', 0.004811469859452445), ([[66.07875471674464, 1289.0223471649394], [347.7083625818939, 1380.6838019503666], [291.92124528325536, 1532.9776528350606], [11.291637418106099, 1440.3161980496334]], '목', 0.028029561125413105), ([[1401.2560529070734, 2247.012034828569], [1693.9345015985202, 2436.265457862297], [1583.7439470929266, 2601.987965171431], [1291.0654984014798, 2412.734542137703]], '다', 0.03514467833804624), ([[99.99076328086036, 2342.0164327224134], [467.6468987025915, 2456.9412253964306], [380.0092367191396, 2710.9835672775866], [12.353101297408493, 2596.0587746035694]], '다', 0.027985271749086715)]
[([[353, 170], [441, 170], [441, 333], [353, 333]], '%', 0.09970852859402157), ([[113, 311], [186, 311], [186, 402], [113, 402]], '0', 0.7471065226968712), ([[1458, 261], [1599, 261], [1599, 524], [1458, 524]], '입', 0.038628539000147066), ([[1449, 526], [1561, 526], [1561, 654], [1449, 654]], '아', 0.8668192568449093), ([[1595, 1590], [1712, 1590], [1712, 1698], [1595, 1698]], '옆`', 0.21978500046157964), ([[143, 2006], [207, 2006], [207, 2090], [143, 2090]], '박', 0.18657295249637684), ([[663, 2276], [778, 2276], [778, 2362], [663, 2362]], '%령', 0.012072648294489762), ([[144, 2202], [324, 2202], [324, 2609], [144, 2609]], '봄', 0.10716826017420544), ([[229, 2497], [346, 2497], [346, 2664], [229, 2664]], '닭', 0.007979344889423923), ([[1160, 2472], [1244, 2472], [1244, 2632], [1160, 2632]], '%', 0.12587588215413703), ([[1437.226935860858, 964.0374393668385], [1495.5429628023412, 942.0184468055852], [1543.773064139142, 1082.9625606331615], [1485.4570371976588, 1104.9815531944148]], '월', 0.31732812519921083), ([[873.236046078469, 1853.0780155889026], [1118.742339038517, 1611.0056234578713], [1538.7639539215309, 2127.9219844110976], [1293.257660961483, 2368.9943765421285]], '유', 0.4407949704870795)]
[([[355, 173], [441, 173], [441, 328], [355, 328]], '9', 0.08931467128983073), ([[113, 311], [186, 311], [186, 399], [113, 399]], '0', 0.9974009019558174), ([[1458, 263], [1595, 263], [1595, 524], [1458, 524]], '9', 0.21359271147965675), ([[1451, 526], [1559, 526], [1559, 650], [1451, 650]], '아', 0.6469692260102419), ([[1593, 1590], [1712, 1590], [1712, 1698], [1593, 1698]], '옆`', 0.22246889233883274), ([[661, 2276], [778, 2276], [778, 2365], [661, 2365]], '일령', 0.02158336279626144), ([[1161, 2473], [1241, 2473], [1241, 2631], [1161, 2631]], '%', 0.33447508030457485), ([[1437.241527258976, 963.0360362192483], [1496.5929590660658, 941.0220052929342], [1542.758472741024, 1083.9639637807516], [1484.4070409339342, 1104.9779947070658]], '월', 0.05906460056907292), ([[1083.2320147995965, 1605.0057826932116], [1584.1347356260333, 2042.6454137607402], [1298.7679852004035, 2370.9942173067884], [797.8652643739667, 1933.3545862392598]], '간앗~', 0.0023281592250966863)]
[([[1603, 0], [1717, 0], [1717, 47], [1603, 47]], '입형릇?', 0.00020375626627355814), ([[85, 109], [151, 109], [151, 221], [85, 221]], '0', 0.9940963160529783), ([[187, 403], [267, 403], [267, 523], [187, 523]], '0', 0.4571963459675885), ([[219, 502], [291, 502], [291, 582], [219, 582]], '아', 0.932075266548825), ([[268, 1254], [341, 1254], [341, 1403], [268, 1403]], '유', 0.19985908972721322), ([[293, 1404], [350, 1404], [350, 1464], [293, 1464]], ':>', 0.3853153466543076), ([[89, 1451], [175, 1451], [175, 1537], [89, 1537]], '야', 0.10132595725809142), ([[30, 1949], [327, 1949], [327, 2294], [30, 2294]], '경', 0.2890932126229053), ([[621, 2571], [738, 2571], [738, 2682], [621, 2682]], '%', 0.1811253586744357), ([[253, 2710], [320, 2710], [320, 2831], [253, 2831]], '여', 0.1480917189292521), ([[1511.282292999454, 1000.0286624931749], [1618.9465348861675, 1078.0204523847262], [1571.717707000546, 1142.9713375068252], [1464.0534651138325, 1064.9795476152738]], '0:', 0.29004514245477814), ([[1550.1800033710904, 1618.0280492179188], [1636.1412413427042, 1594.192583453088], [1681.8199966289096, 1787.9719507820812], [1596.8587586572958, 1810.807416546912]], '히', 0.019836013028361243), ([[1269.5977167947353, 2351.0393589462883], [1422.6664297559746, 2253.0088841509555], [1603.4022832052647, 2578.9606410537117], [1450.3335702440254, 2677.9911158490445]], '꿀', 0.32035051748141896)]
[([[1605, 3], [1715, 3], [1715, 45], [1605, 45]], '@8;고', 0.0001231263595400378)]
[([[1636, 4], [1712, 4], [1712, 35], [1636, 35]], "'8어?", 0.0076542505994439125)]
[]
[]
