2628844
9
[([[71, 2608], [1522, 2608], [1522, 2730], [71, 2730]], '우리반에 오신 예볕 24살 교생 선생님', 0.6622996504020396)]
[([[272, 407], [517, 407], [517, 548], [272, 548]], '사향', 0.006493863757244328), ([[1458, 750], [1920, 750], [1920, 851], [1458, 851]], '예들이 안녕8', 0.08843630494722032), ([[269, 967], [432, 967], [432, 1051], [269, 1051]], '8:살', 0.02403824084019881), ([[150, 1043], [554, 1043], [554, 1127], [150, 1127]], '( 예과형', 0.0007207758643932073), ([[31, 1131], [679, 1131], [679, 1223], [31, 1223]], '(아하눈음심이달달안멋', 0.037559178738011116), ([[1655, 1479], [1902, 1479], [1902, 1623], [1655, 1623]], '),', 0.027494830458184506), ([[85, 2495], [1858, 2495], [1858, 2607], [85, 2607]], '올해원만움담당하데되실오생선생-2{음예-', 0.004990983535764004), ([[91, 2591], [1378, 2591], [1378, 2702], [91, 2702]], '소문-로눈임친유- 아직없다꼬안다', 0.007713751097666992), ([[85, 2686], [787, 2686], [787, 2796], [85, 2796]], '문엇다가슴이렇속', 0.04472026747339785)]
[([[907, 199], [2003, 199], [2003, 301], [907, 301]], '평소보다 더 부끄러워해서 귀여운데', 0.9589386948772833), ([[123, 339], [376, 339], [376, 484], [123, 484]], '하아', 0.9999454624136204), ([[1062, 700], [1318, 700], [1318, 839], [1062, 839]], '하아', 0.5375560895603753), ([[140, 939], [213, 939], [213, 1014], [140, 1014]], '9', 0.4996063245476421), ([[127, 1017], [672, 1017], [672, 1130], [127, 1130]], '그런말하지마@', 0.3566045253868112), ([[651, 1204], [748, 1204], [748, 1362], [651, 1362]], '(', 0.6083491875767919), ([[956, 1449], [1535, 1449], [1535, 1562], [956, 1562]], '이쩐부프럽지만', 0.0571052382831429), ([[952, 1551], [1398, 1551], [1398, 1655], [952, 1655]], '요왜인지업청', 0.2210117034083083), ([[975, 1642], [1370, 1642], [1370, 1753], [975, 1753]], '@흥분되`@', 0.030504459414996986), ([[69, 2382], [1921, 2382], [1921, 2490], [69, 2490]], '남자친구눈없지만 @월현탕당한 이훈이제눈 일주일에', 0.3181159436739688), ([[67, 2479], [1666, 2479], [1666, 2591], [67, 2591]], '3번 이상 만싸눈심프습있다 석프의취향울 존중해', 0.12755983798669016), ([[72, 2574], [1635, 2574], [1635, 2687], [72, 2687]], '평소에는 잘입지늘요지만 석프클 만사리말때는', 0.03662097894372869), ([[69, 2670], [865, 2670], [865, 2780], [69, 2780]], '항상 야한 속옷월입듣다', 0.11361721795986701), ([[508.4015968805404, 1829.060919135079], [690.9863311554859, 1816.3353091058557], [695.5984031194596, 2001.939080864921], [513.0136688445141, 2015.6646908941443]], '', 0.0)]
[([[1702, 170], [1942, 170], [1942, 478], [1702, 478]], '2', 0.9731131513692617), ([[1759, 483], [1845, 483], [1845, 614], [1759, 614]], '0', 0.9999994039536411), ([[75, 2608], [1506, 2608], [1506, 2734], [75, 2734]], '길가다가 대학 동아리 선배클 만있다', 0.32588169132023587)]
[([[131, 180], [420, 180], [420, 325], [131, 325]], '선', 0.08658406894177606), ([[1710, 182], [1930, 182], [1930, 504], [1710, 504]], '2', 0.759215489300292), ([[1761, 470], [1845, 470], [1845, 616], [1761, 616]], '0', 0.9999653103975881), ([[335, 717], [508, 717], [508, 834], [335, 834]], '면', 0.05483185053476647), ([[96, 1194], [999, 1194], [999, 1305], [96, 1305]], '선{금카급해세터베데', 0.0021182310266031766), ([[69, 1292], [1021, 1292], [1021, 1403], [69, 1403]], '잠깐실주도와주실습없어88', 0.024629088878776944), ([[1275, 1563], [1688, 1563], [1688, 1708], [1275, 1708]], '@3자', 0.013957778171178407), ([[89, 2478], [788, 2478], [788, 2583], [89, 2583]], '때합동아리선(2고)', 0.10786483769971143), ([[87, 2573], [1903, 2573], [1903, 2681], [87, 2681]], '않발연단발어리클염색하고성적이 털털해세동이리-세', 0.016112596918843175), ([[87, 2669], [1407, 2669], [1407, 2778], [87, 2778]], '남자들어전입1교 많다 가슴음예이다', 0.03611600915914351), ([[886.6021831348428, 422.7689508528555], [1232.6603215909406, 290.7530311694482], [1298.3978168651572, 516.2310491471445], [952.3396784090594, 648.2469688305517]], '스_', 0.2014300831334434)]
[([[85, 71], [545, 71], [545, 248], [85, 248]], '다 마서', 0.707894504070282), ([[904, 108], [1142, 108], [1142, 245], [904, 245]], '파악', 0.5872231515894121), ([[78, 262], [648, 262], [648, 434], [78, 434]], '쌀테나}', 0.16312316060066223), ([[1705, 475], [1952, 475], [1952, 611], [1705, 611]], '하아', 0.9998466732081737), ([[466, 873], [803, 873], [803, 1012], [466, 1012]], '응@', 0.014151920950236024), ([[258, 1452], [711, 1452], [711, 1602], [258, 1602]], '부르르릇', 0.4479833245277405), ([[1545, 1486], [1940, 1486], [1940, 1638], [1545, 1638]], '용슬듯웃여', 0.0013986650703919506), ([[583, 2000], [1149, 2000], [1149, 2157], [583, 2157]], '분르르로', 0.07240740954875946), ([[34, 2372], [1038, 2372], [1038, 2474], [34, 2474]], '덩때로다취방에서 한발 뽑있다', 0.11882018150557856), ([[38, 2466], [1604, 2466], [1604, 2574], [38, 2574]], '선{평소엔단발머리에 남자같이 하고 마니지만', 0.19815140374592696), ([[43, 2563], [1364, 2563], [1364, 2667], [43, 2667]], '사실어리름잡아당겨지여 물건 취급당하다', 0.28254076271615697), ([[38, 2657], [1208, 2657], [1208, 2765], [38, 2765]], "완전복종임컷봉사하눈 것' 좋아한다", 0.18187775689947366), ([[1020.3381501323288, 960.9039472871466], [1191.2856675275536, 1071.3886450675664], [892.6618498676712, 1519.0960527128534], [721.7143324724464, 1409.6113549324336]], '1', 0.007617909859751804)]
[([[77, 2485], [1825, 2485], [1825, 2611], [77, 2611]], '여름 해변가에서 평소 짝사랑하던 여자애에게', 0.29766153161730685), ([[73, 2605], [1946, 2605], [1946, 2731], [73, 2731]], '수영복이 이쁘다고 용기름 내서 말을 걸어 보앉다', 0.21616673207959958)]
[([[134, 181], [592, 181], [592, 331], [134, 331]], '연0[', 0.0064420761492844985), ([[454, 513], [609, 513], [609, 621], [454, 621]], '응8', 0.23439365210069285), ([[60, 942], [926, 942], [926, 1055], [60, 1055]], '모순영붉이여문이빨하고', 0.023729727989723528), ([[162, 1044], [837, 1044], [837, 1156], [162, 1156]], '몸말해중고심없에', 0.11297286156095966), ([[1479, 1155], [1969, 1155], [1969, 1301], [1479, 1301]], '@ 정말8', 0.5272877675728559), ([[1466, 1299], [1896, 1299], [1896, 1458], [1466, 1458]], '모미원;', 0.029927263036370277), ([[93, 2419], [1108, 2419], [1108, 2523], [93, 2523]], '때학교이서말음과의여자이(', 0.0968038211497844), ([[94, 2513], [1896, 2513], [1896, 2623], [94, 2623]], '없음수업울물음때분러눈어폐모없없지만오늘어세야', 0.001550958400541389), ([[92, 2612], [913, 2612], [913, 2720], [92, 2720]], '려음의말울학어보있다', 0.012890030432230023)]
[([[78, 78], [495, 78], [495, 250], [78, 250]], '후우_', 0.7396501162003383), ([[78, 265], [684, 265], [684, 441], [78, 441]], '기분 좋아', 0.5923846531183303), ([[1363, 677], [1610, 677], [1610, 816], [1363, 816]], '하아', 0.9997818548817605), ([[351, 769], [593, 769], [593, 904], [351, 904]], '파악', 0.9965761919931979), ([[487, 1101], [725, 1101], [725, 1247], [487, 1247]], '응', 0.7295619337276236), ([[1299, 1241], [1735, 1241], [1735, 1399], [1299, 1399]], '영항옷어', 0.013784242793917656), ([[159, 1585], [612, 1585], [612, 1735], [159, 1735]], '부르로릇', 0.1681894212961197), ([[1437, 1648], [2001, 1648], [2001, 1800], [1437, 1800]], '분르르로릇', 0.31878080506924583), ([[137, 2481], [1741, 2481], [1741, 2589], [137, 2589]], '그리고 그날 발 근녀{내과 칭찬해춘수영복올 입고', 0.08224158719850966), ([[141, 2576], [1854, 2576], [1854, 2688], [141, 2688]], '다른 남자의 자지름 빨있다 사실즌음부터 나 말고 다른', 0.12612831422236276), ([[140, 2678], [1484, 2678], [1484, 2780], [140, 2780]], '남자들올 유록하기 위해 입음수영복이엿다', 0.4527410585398936)]
