2629583
27
[([[51, 529], [161, 529], [161, 677], [51, 677]], '서', 0.12257970019703723), ([[1498, 510], [1718, 510], [1718, 788], [1498, 788]], '사', 0.15896242578382758), ([[1507, 925], [1743, 925], [1743, 1185], [1507, 1185]], '(1', 0.0225894017038996)]
[([[1551, 521], [1711, 521], [1711, 761], [1551, 761]], '/', 0.16258273761139552), ([[1011, 793], [1143, 793], [1143, 979], [1011, 979]], '9', 0.08318636668944723), ([[1570, 922], [1738, 922], [1738, 1170], [1570, 1170]], '7', 0.004150897312107882), ([[1047.9234480567936, 531.0646188713868], [1183.398506041083, 552.7650198952865], [1168.0765519432064, 631.9353811286132], [1031.601493958917, 611.2349801047135]], '권덕', 0.05801710402823992), ([[637.6923076923077, 560.4615384615385], [739.6093276775842, 539.1588936020131], [748.3076923076923, 595.5384615384615], [646.3906723224158, 616.8411063979869]], '귀', 0.425477405586264)]
[([[317, 539], [455, 539], [455, 602], [317, 602]], '구크.', 0.34693182790788646), ([[1115, 661], [1402, 661], [1402, 778], [1115, 778]], '하아(', 0.2622703907232187), ([[1436, 492], [1732, 492], [1732, 808], [1436, 808]], '1+', 0.05476685479344243), ([[415, 791], [674, 791], [674, 914], [415, 914]], '국2', 0.7809383062930683), ([[963, 894], [1164, 894], [1164, 986], [963, 986]], '끈칙;', 0.02513327207411514), ([[1267, 963], [1639, 963], [1639, 1032], [1267, 1032]], '쫓으로 대답하네.', 0.9094254530980371), ([[1270, 1026], [1489, 1026], [1489, 1091], [1270, 1091]], '실새끼.크', 0.2953056993326592)]
[([[275, 381], [383, 381], [383, 449], [275, 449]], '뭐?!', 0.8373393831518058), ([[53, 529], [163, 529], [163, 677], [53, 677]], '7', 0.02972435391719963), ([[1251, 755], [1497, 755], [1497, 823], [1251, 823]], '빨아주는결', 0.35386990154168113), ([[1252, 815], [1574, 815], [1574, 883], [1252, 883]], '말화거워다고?', 0.5899691601647591), ([[1576, 926], [1726, 926], [1726, 1222], [1576, 1222]], "'", 0.6292117480646233)]
[([[293, 419], [387, 419], [387, 509], [293, 509]], '야', 0.9995188099979693), ([[53, 539], [163, 539], [163, 673], [53, 673]], '씨', 0.06924052283363924), ([[1410, 486], [1734, 486], [1734, 780], [1410, 780]], '17', 0.7123565200915065), ([[1179, 863], [1675, 863], [1675, 931], [1179, 931]], '그냥 꼬추 빨아주세요~', 0.7216065361026643), ([[1179, 923], [1555, 923], [1555, 991], [1179, 991]], '하고 빌어 새끼야', 0.6789501159534064), ([[243, 1161], [351, 1161], [351, 1223], [243, 1223]], '에휴', 0.7913296064820017), ([[1261, 1529], [1585, 1529], [1585, 1593], [1261, 1593]], '꽃밥 진따새끼', 0.4366144011321718)]
[([[105, 449], [542, 449], [542, 517], [105, 517]], '아니면 진심 죽입다.', 0.5487107461456006), ([[1446, 492], [1734, 492], [1734, 788], [1446, 788]], '14', 0.2816791589530778), ([[175, 747], [343, 747], [343, 857], [175, 857]], '시발', 0.8807209561904085), ([[166, 854], [408, 854], [408, 952], [166, 952]], '귀두존나', 0.7431735396385193), ([[557, 841], [695, 841], [695, 995], [557, 995]], '젊', 0.29766140584232303), ([[1001, 903], [1065, 903], [1065, 991], [1001, 991]], '주', 0.8365184817416917), ([[1183, 895], [1249, 895], [1249, 1007], [1183, 1007]], '옷', 0.24462305560233322), ([[223, 955], [305, 955], [305, 1017], [223, 1017]], '(', 0.7964535530291528), ([[286, 932], [542, 932], [542, 1032], [286, 1032]], '7{', 0.016682634114425558), ([[991, 999], [1070, 999], [1070, 1121], [991, 1121]], '3', 0.016879250497764398), ([[1574, 906], [1726, 906], [1726, 1262], [1574, 1262]], '~', 0.04507077860508546), ([[1534, 1412], [1744, 1412], [1744, 1558], [1534, 1558]], '', 0.0), ([[624.8695048315003, 1027.7390096630006], [698.55589513961, 998.9704386763134], [719.1304951684997, 1060.2609903369994], [645.44410486039, 1089.0295613236867]], '2', 0.17776886218543098), ([[209.52996991562225, 1514.1918074599823], [427.9138604787971, 1361.0942165872564], [490.47003008437775, 1481.8081925400177], [272.0861395212029, 1634.9057834127436]], '기?5', 0.1903632627972214), ([[517.9036866264138, 1555.0501842279098], [680.2246591629616, 1585.756531292051], [656.0963133735862, 1687.9498157720902], [493.77534083703836, 1656.243468707949]], '싹구', 0.0168611698662134)]
[([[101, 343], [523, 343], [523, 411], [101, 411]], '아. 진짜 존나크네.', 0.4998352220310095), ([[49, 527], [163, 527], [163, 677], [49, 677]], '서', 0.16418977287472192), ([[1459, 481], [1736, 481], [1736, 800], [1459, 800]], '14', 0.17273644949204095), ([[594, 1022], [776, 1022], [776, 1150], [594, 1150]], '뛰', 0.046029740998765334), ([[1569, 895], [1727, 895], [1727, 1225], [1569, 1225]], "'", 0.6987697800447137), ([[532, 1664], [769, 1664], [769, 1805], [532, 1805]], '인', 0.020794215056923804), ([[1019.9313878148932, 1033.0248380202045], [1343.0300045600866, 1107.390998631974], [1292.0686121851068, 1293.9751619797955], [968.9699954399135, 1219.609001368026]], '{록용도', 0.005818692035973072), ([[360.9000283544592, 1521.0403856206449], [562.2092154876304, 1565.1939418203604], [531.0999716455408, 1686.9596143793551], [329.7907845123695, 1643.8060581796396]], '9쨌트', 0.04410154359110511)]
[([[128, 313], [586, 313], [586, 386], [128, 386]], '아 존나 뜨겁네 진심', 0.9347438471345364), ([[132, 380], [184, 380], [184, 440], [132, 440]], '입', 0.9999897480273745), ([[205, 375], [539, 375], [539, 443], [205, 443]], '데이겪다. 빨리', 0.40849035268903844), ([[127, 437], [401, 437], [401, 505], [127, 505]], '뽑아내야지.', 0.9860262227246811), ([[52, 562], [150, 562], [150, 666], [52, 666]], '사', 0.02393486435040537), ([[1504, 498], [1724, 498], [1724, 780], [1504, 780]], '"', 0.050637537421071244), ([[964, 1012], [1110, 1012], [1110, 1164], [964, 1164]], '업름', 0.016592640340211746), ([[1195, 1059], [1347, 1059], [1347, 1173], [1195, 1173]], '품름', 0.013614209117485282), ([[1576, 904], [1726, 904], [1726, 1172], [1576, 1172]], "'", 0.5722121799954607), ([[1102, 1197], [1272, 1197], [1272, 1331], [1102, 1331]], '꼭룻스', 0.046658385330935706)]
[([[51, 527], [161, 527], [161, 677], [51, 677]], '서', 0.29954379369065975), ([[1449, 495], [1733, 495], [1733, 795], [1449, 795]], '14', 0.31945871423994865), ([[348, 798], [592, 798], [592, 966], [348, 966]], '휴르리', 0.014204335332885919), ([[1166, 760], [1450, 760], [1450, 913], [1166, 913]], '[짚력', 0.1336284257284456), ([[573, 989], [794, 989], [794, 1109], [573, 1109]], '예외(', 0.1267497833737632), ([[1280, 939], [1569, 939], [1569, 1099], [1280, 1099]], '주적;', 0.002716569873317162), ([[1574, 910], [1726, 910], [1726, 1160], [1574, 1160]], "'", 0.5484991160201389), ([[547, 1299], [751, 1299], [751, 1457], [547, 1457]], '앞금', 0.02711517395223325), ([[1064.178858198043, 905.0259595290796], [1150.569627814199, 870.0124858362622], [1230.821141801957, 1088.9740404709203], [1144.430372185801, 1123.9875141637378]], '철', 0.06107982466875583), ([[551.9970181379946, 1126.1838979451709], [753.5702440443347, 1107.5768617082103], [756.0029818620054, 1201.8161020548291], [554.4297559556653, 1220.4231382917897]], '페로', 0.06495393322138421)]
[([[1069, 349], [1335, 349], [1335, 505], [1069, 505]], '널름', 0.05720510203510025), ([[50, 524], [174, 524], [174, 678], [50, 678]], '7', 0.11209317858377066), ([[1240, 484], [1696, 484], [1696, 652], [1240, 652]], '{거', 0.3256663967969406), ([[355, 648], [709, 648], [709, 812], [355, 812]], '레점', 0.032777952613861565), ([[1137, 646], [1446, 646], [1446, 797], [1137, 797]], '축로로', 0.5529863252348222), ([[1195, 766], [1643, 766], [1643, 978], [1195, 978]], '9경', 0.04280017599257064), ([[1567, 915], [1729, 915], [1729, 1181], [1567, 1181]], '"', 0.09034974871093837), ([[396, 1340], [703, 1340], [703, 1520], [396, 1520]], '패로', 0.3217181629214582), ([[1218, 1377], [1668, 1377], [1668, 1597], [1218, 1597]], '표국', 0.04882781529674568), ([[871, 1497], [1113, 1497], [1113, 1637], [871, 1637]], '3드', 0.006993431111753278), ([[349, 1519], [794, 1519], [794, 1776], [349, 1776]], '쇠7', 0.0012397821654687566), ([[152, 1854], [508, 1854], [508, 1926], [152, 1926]], '아 원가 열반네. (', 0.26553289002462416), ([[1201, 1717], [1643, 1717], [1643, 1949], [1201, 1949]], '학벽', 0.006162786194233281), ([[153, 1919], [514, 1919], [514, 1987], [153, 1987]], '이거 이제 그냥. ', 0.46889436254650857), ([[153, 1979], [465, 1979], [465, 2047], [153, 2047]], '떡지논거찮아 .', 0.18133710218905633), ([[140.1243357210427, 415.5470771725879], [702.6152300087588, 320.03793436563035], [717.8756642789573, 502.4529228274121], [155.3847699912412, 597.9620656343697]], '찌적 널금 ', 0.017142231820144977), ([[381.9565144929577, 882.0259413084498], [676.0262412415589, 949.6794255217671], [628.0434855070423, 1124.9740586915502], [334.9737587584412, 1057.3205744782329]], '{{롭 ', 0.007445082999765873), ([[1053.9236451676886, 984.0386678308728], [1215.853333652077, 1027.2480310567398], [1179.0763548323114, 1152.9613321691272], [1017.1466663479229, 1109.7519689432602]], '원비', 0.02310657672364907), ([[1247.1159092904688, 1180.019549964595], [1510.8675861413724, 1293.7023879972562], [1439.8840907095312, 1445.980450035405], [1177.1324138586276, 1332.2976120027438]], '젓', 0.023317360388413144), ([[149.03757020712303, 1217.0771416304624], [583.5054874678767, 1177.2519017587329], [585.962429792877, 1393.9228583695376], [152.49451253212328, 1432.7480982412671]], '젓도', 0.005180676835930747)]
[([[86, 310], [614, 310], [614, 558], [86, 558]], '무람', 0.05861347217818763), ([[50, 536], [174, 536], [174, 682], [50, 682]], '서', 0.04324900798616249), ([[1171, 491], [1729, 491], [1729, 773], [1171, 773]], '모지잠', 0.002504487712240032), ([[1149, 778], [1466, 778], [1466, 999], [1149, 999]], '둘국로', 0.03801931158716254), ([[65, 869], [601, 869], [601, 1123], [65, 1123]], "모'다?", 0.058125462383031845), ([[1189, 1199], [1773, 1199], [1773, 1453], [1189, 1453]], '국켜;', 0.01863646700388818), ([[1179, 1433], [1449, 1433], [1449, 1615], [1179, 1615]], '육와', 0.04712495264896958), ([[42, 1495], [606, 1495], [606, 1819], [42, 1819]], '숫적', 0.0017267253820522012), ([[103, 2009], [167, 2009], [167, 2071], [103, 2071]], '아', 0.9992190932482572), ([[186, 2001], [596, 2001], [596, 2075], [186, 2075]], '이거 사정신호앞네여', 0.18782399930265903), ([[101, 2066], [690, 2066], [690, 2133], [101, 2133]], '그래 싸라 빨리어 북 하라고', 0.6765998688555317), ([[235.84256123770135, 546.0223360564648], [563.1500851666233, 614.2378342180842], [502.1574387622987, 864.9776639435352], [174.8499148333767, 796.7621657819158]], '유밤', 0.007856010004607719), ([[1664.3879542203238, 771.0078054366929], [1837.9242702528948, 845.0400333364636], [1683.6120457796762, 1210.992194563307], [1510.0757297471052, 1136.9599666635363]], '손', 0.004676446748705987), ([[1044.8355610719411, 1644.0188371229774], [1664.403162943003, 1730.397057978222], [1605.1644389280589, 2024.9811628770226], [985.596837056997, 1939.602942021778]], '오다-', 0.014631163920679658)]
[([[111, 347], [509, 347], [509, 413], [111, 413]], '우안구 존나/구구', 0.13714558088099774), ([[51, 527], [163, 527], [163, 677], [51, 677]], '서', 0.28217248132649786), ([[1462, 494], [1732, 494], [1732, 794], [1462, 794]], '14', 0.08506598395593906), ([[1159, 775], [1303, 775], [1303, 841], [1159, 841]], '아9', 0.21570027269172798), ([[1252, 993], [1612, 993], [1612, 1067], [1252, 1067]], '일단 말해두는데', 0.4748326033841481), ([[1253, 1057], [1653, 1057], [1653, 1125], [1253, 1125]], '허락없이 움직이면', 0.6000058516913966), ([[1253, 1119], [1433, 1119], [1433, 1185], [1253, 1185]], '죽입다?', 0.553207516670227), ([[248, 1566], [464, 1566], [464, 1622], [248, 1622]], '~시스', 0.006941039990121234), ([[133, 2180], [385, 2180], [385, 2315], [133, 2315]], '꼬약-', 0.2509806935941668), ([[1477, 2183], [1744, 2183], [1744, 2347], [1477, 2347]], '부들째', 0.24046075741439774), ([[1051.0347396685302, 897.3034739668531], [1288.3478426284753, 845.049594271272], [1299.9652603314698, 897.6965260331469], [1062.6521573715247, 949.950405728728]], '1-아0', 0.1348639279603958)]
[([[493, 349], [621, 349], [621, 435], [493, 435]], '~', 0.9996425232937476), ([[116, 742], [628, 742], [628, 1274], [116, 1274]], '불', 0.025135492450837127), ([[581, 943], [807, 943], [807, 1107], [581, 1107]], '몹%', 0.003809730103354139), ([[1040, 1209], [1301, 1209], [1301, 1353], [1040, 1353]], '밀걸', 0.012696908718098126), ([[1040, 1550], [1316, 1550], [1316, 1798], [1040, 1798]], '댐화', 0.0028335475099590976), ([[443.17825880003073, 569.0177782807103], [660.9998647219859, 702.9283023972755], [575.8217411999692, 837.9822217192897], [358.0001352780141, 704.0716976027245]], '%8', 0.00367639953123207)]
[([[107, 439], [421, 439], [421, 507], [107, 507]], '야. 이 진득화', 0.4590824443845995), ([[105, 496], [444, 496], [444, 570], [105, 570]], '절리갈은 쫓물..', 0.34658301289742754), ([[1077, 587], [1245, 587], [1245, 751], [1077, 751]], '꼭임', 0.0012962149162380773), ([[1037, 722], [1709, 722], [1709, 895], [1037, 895]], '묻 입요양신하켓대 .', 0.016620785320648836), ([[1271, 937], [1533, 937], [1533, 1005], [1271, 1005]], '어떡할꺼야_', 0.8210890456455017), ([[1270, 1001], [1562, 1001], [1562, 1067], [1270, 1067]], '각오는 뒷어?', 0.450281841210243), ([[1583.2425563428546, 496.0179388342351], [1707.3653158050643, 511.02730329224437], [1677.7574436571454, 738.9820611657649], [1553.6346841949357, 723.9726967077556]], "'", 0.5955078649254233)]
[([[170, 464], [377, 464], [377, 533], [170, 533]], '뭐라고.?', 0.7770174483253208), ([[1472, 481], [1741, 481], [1741, 804], [1472, 804]], '17', 0.33349332062295267), ([[1257, 939], [1565, 939], [1565, 1005], [1257, 1005]], '난 암컷이라서', 0.6726073329312134), ([[1255, 999], [1593, 999], [1593, 1067], [1255, 1067]], '어절수 없다고?', 0.5894845513166505)]
[([[210, 474], [358, 474], [358, 524], [210, 524]], '구구크', 0.20000486003180049), ([[1478, 491], [1731, 491], [1731, 797], [1478, 797]], '17', 0.0860230076796927), ([[1283, 979], [1541, 979], [1541, 1045], [1283, 1045]], '닥처 시발어', 0.3760127403779843), ([[201, 1811], [383, 1811], [383, 2015], [201, 2015]], '다', 0.7489171882255938), ([[599, 2085], [645, 2085], [645, 2125], [599, 2125]], '6', 0.9965180718734388), ([[671, 2087], [725, 2087], [725, 2125], [671, 2125]], '1', 0.9324320780486381), ([[747, 2087], [791, 2087], [791, 2125], [747, 2125]], '0', 0.9999787808590241), ([[825, 2083], [869, 2083], [869, 2125], [825, 2125]], '물', 0.06214431757840111), ([[961, 2085], [1007, 2085], [1007, 2125], [961, 2125]], '0', 0.9998637484234827), ([[1041, 2083], [1085, 2083], [1085, 2125], [1041, 2125]], '0', 0.6174668083179), ([[1119, 2087], [1155, 2087], [1155, 2125], [1119, 2125]], '$', 0.4042959906919954), ([[48, 1982], [492, 1982], [492, 2334], [48, 2334]], "신'", 0.004275281773568905), ([[583, 2111], [1168, 2111], [1168, 2214], [583, 2214]], '8 0((.- $', 0.026178518039301865), ([[1241, 2043], [1691, 2043], [1691, 2312], [1241, 2312]], '(/)', 0.5383360160148765), ([[1421.0203608326162, 1743.0192012317113], [1608.5075090080074, 1826.1182704382775], [1508.9796391673838, 2047.9807987682887], [1321.4924909919926, 1964.8817295617225]], '8', 0.10078325504680041)]
[([[51, 529], [161, 529], [161, 677], [51, 677]], '7', 0.009344835711972088), ([[1395, 485], [1735, 485], [1735, 785], [1395, 785]], '17', 0.07240009680330003), ([[1576, 906], [1728, 906], [1728, 1224], [1576, 1224]], "'", 0.5910947134533586)]
[([[53, 527], [161, 527], [161, 679], [53, 679]], '7', 0.102158781750191), ([[1442, 486], [1732, 486], [1732, 786], [1442, 786]], '1', 0.1453215407437689), ([[1576, 910], [1726, 910], [1726, 1176], [1576, 1176]], "'", 0.5363764086645553)]
[([[53, 529], [161, 529], [161, 677], [53, 677]], '서', 0.1326247704938135), ([[1440, 484], [1735, 484], [1735, 804], [1440, 804]], '1', 0.4738971454688432), ([[1576, 906], [1726, 906], [1726, 1176], [1576, 1176]], "'", 0.5488199105468574)]
[([[53, 527], [161, 527], [161, 675], [53, 675]], '7', 0.017736997705330992), ([[1393, 489], [1733, 489], [1733, 797], [1393, 797]], '다', 0.18054661617885248), ([[1574, 904], [1726, 904], [1726, 1172], [1574, 1172]], "'", 0.5772352007072676), ([[204, 1810], [396, 1810], [396, 2014], [204, 2014]], '4', 0.04114013653543225), ([[1349, 1785], [1583, 1785], [1583, 2015], [1349, 2015]], '4', 0.3151075856536387), ([[599, 2085], [645, 2085], [645, 2125], [599, 2125]], '6', 0.9976139014161731), ([[673, 2089], [727, 2089], [727, 2125], [673, 2125]], '1', 0.8431851869772942), ([[747, 2087], [791, 2087], [791, 2125], [747, 2125]], '0', 0.9999716283903268), ([[825, 2083], [867, 2083], [867, 2125], [825, 2125]], '물', 0.05272630689027924), ([[961, 2085], [1005, 2085], [1005, 2125], [961, 2125]], '0', 0.999859218784227), ([[1041, 2083], [1085, 2083], [1085, 2125], [1041, 2125]], '0', 0.6543946170168056), ([[1119, 2087], [1155, 2087], [1155, 2125], [1119, 2125]], '$', 0.2503964683457447), ([[53, 1988], [488, 1988], [488, 2330], [53, 2330]], "('", 0.13897457060663868), ([[583, 2110], [1168, 2110], [1168, 2214], [583, 2214]], '8 0((.3 $', 0.04596923854603182), ([[1242, 2046], [1690, 2046], [1690, 2311], [1242, 2311]], '(/)', 0.9215221144509741)]
[([[174, 203], [441, 203], [441, 269], [174, 269]], '분명히 니가', 0.9871419796391401), ([[174, 264], [513, 264], [513, 331], [174, 331]], '이뤄게 말맞지?', 0.2519677355212245), ([[51, 527], [161, 527], [161, 677], [51, 677]], '서', 0.014512549333867641), ([[1440, 488], [1734, 488], [1734, 792], [1440, 792]], '17', 0.20133118697091476), ([[396, 707], [707, 707], [707, 834], [396, 834]], '욕용', 0.16647994952280923), ([[477, 803], [519, 803], [519, 849], [477, 849]], '9', 0.5427495457904605), ([[1253, 919], [1543, 919], [1543, 987], [1253, 987]], '꼬추새끼화켓', 0.33083028003005294), ([[646, 928], [746, 928], [746, 1048], [646, 1048]], '입', 0.05337082726444842), ([[1251, 981], [1607, 981], [1607, 1049], [1251, 1049]], '절대 만끔리다고', 0.3102824740687429), ([[248, 1566], [460, 1566], [460, 1618], [248, 1618]], '쇼스녀', 0.007944897425377854), ([[1001.1555692331382, 1481.0357169510307], [1192.9394449441445, 1537.901166890597], [1165.8444307668617, 1618.9642830489693], [974.0605550558555, 1562.098833109403]], '오4"', 0.1632312008729353), ([[1019.9022400030797, 1669.0464320363399], [1242.5019437988753, 1706.436097469099], [1219.0977599969203, 1812.9535679636601], [996.4980562011247, 1776.563902530901]], '오4니', 0.04728738376004049)]
[([[259, 423], [375, 423], [375, 485], [259, 485]], '야크', 0.7238361899660121), ([[51, 535], [161, 535], [161, 675], [51, 675]], '시', 0.14131154263461454), ([[1257, 895], [1505, 895], [1505, 963], [1257, 963]], '장난하나?!', 0.5160592667655973), ([[717, 1007], [899, 1007], [899, 1091], [717, 1091]], "혈떡'", 0.03352422676822983), ([[998, 1050], [1185, 1050], [1185, 1130], [998, 1130]], '길떡;', 0.21775350679369784), ([[248, 1566], [460, 1566], [460, 1620], [248, 1620]], '쇼시!', 0.01658159387445755), ([[1539.0527932387117, 452.01547310457926], [1763.3065208185067, 507.46842885847144], [1682.9472067612883, 815.9845268954208], [1458.6934791814933, 760.5315711415285]], '오', 0.0023215223046439), ([[1646.4398635590405, 926.0130801634652], [1738.555213366563, 942.9486728379367], [1697.5601364409595, 1163.9869198365348], [1605.444786633437, 1147.0513271620634]], "'", 0.9270974056102297)]
[([[141, 561], [605, 561], [605, 629], [141, 629]], '쿠퍼액 질질 흘리면서', 0.45259582734740533), ([[138, 622], [539, 622], [539, 689], [138, 689]], '하늘말이 퍽이나구', 0.4557628245511249), ([[1409, 471], [1739, 471], [1739, 803], [1409, 803]], '1', 0.016427258221549446), ([[733, 1027], [831, 1027], [831, 1113], [733, 1113]], '뚜', 0.1500678854091717), ([[955, 981], [1059, 981], [1059, 1071], [955, 1071]], '유', 0.22965369638011968), ([[1576, 904], [1726, 904], [1726, 1174], [1576, 1174]], "'", 0.5825973203037051), ([[558, 1260], [654, 1260], [654, 1383], [558, 1383]], '부들', 0.26589330814611983), ([[648, 1348], [748, 1348], [748, 1476], [648, 1476]], '부들', 0.7082830341040907), ([[248, 1566], [462, 1566], [462, 1620], [248, 1620]], '쇼스!', 0.022437570112402713), ([[1260, 1580], [1456, 1580], [1456, 1676], [1260, 1676]], '쫓법~', 0.13334746185456572)]
[([[161, 449], [512, 449], [512, 515], [161, 515]], '남자애가 해주는', 0.701142660778009), ([[157, 509], [371, 509], [371, 575], [157, 575]], '대딸 따위', 0.9014326513902577), ([[1413, 473], [1737, 473], [1737, 807], [1413, 807]], '자', 0.08830776723870315), ([[984, 824], [1085, 824], [1085, 897], [984, 897]], '꼬리', 0.9787138604226642), ([[1078, 986], [1163, 986], [1163, 1043], [1078, 1043]], ',리', 0.26365632465056504), ([[1309, 993], [1511, 993], [1511, 1061], [1309, 1061]], '저어언혀', 0.5815473794937134), ([[522, 1056], [693, 1056], [693, 1159], [522, 1159]], '{적', 0.02047066246403442), ([[1313, 1054], [1648, 1054], [1648, 1121], [1313, 1121]], '기분줄지 않지?', 0.7013762168136529), ([[195, 1409], [467, 1409], [467, 1473], [195, 1473]], '그럼 내가 좀', 0.9863443816140353), ([[193, 1471], [525, 1471], [525, 1537], [193, 1537]], '가지고 논다?크', 0.36850305571314357), ([[247, 1570], [464, 1570], [464, 1620], [247, 1620]], '쇼시스', 0.004362624027860474)]
[([[316, 426], [681, 426], [681, 613], [316, 613]], '폐계5', 0.013472398732052384), ([[1090, 512], [1468, 512], [1468, 732], [1090, 732]], '문지적;', 0.22838589549064636), ([[1146, 942], [1508, 942], [1508, 1114], [1146, 1114]], '략적;', 0.008330331057938083), ([[1566, 922], [1758, 922], [1758, 1174], [1566, 1174]], '7', 0.028924415652747948), ([[184, 1250], [746, 1250], [746, 1546], [184, 1546]], '제경;', 0.021191527413045617), ([[117, 1801], [537, 1801], [537, 2057], [117, 2057]], '물 0', 0.16616290807724), ([[1078, 2022], [1488, 2022], [1488, 2218], [1078, 2218]], '은쓸', 0.00965493911318354), ([[326.00992561958003, 895.0992561958002], [671.0560161794964, 860.555273479657], [675.99007438042, 1034.9007438041997], [329.9439838205036, 1069.444726520343]], '뜻경6', 0.033125326995778824), ([[1113.9320939483953, 1427.0121337293876], [1780.9868087351351, 1577.3916555074334], [1677.0679060516047, 1960.9878662706124], [1010.0131912648649, 1810.6083444925666]], '힘-이', 0.007232615793015419)]
[([[209, 419], [469, 419], [469, 487], [209, 487]], '뒤저 진짜.!', 0.5333114452142805), ([[1411, 473], [1737, 473], [1737, 809], [1411, 809]], '1', 0.022451296904711038), ([[576, 904], [772, 904], [772, 1072], [576, 1072]], '맛', 0.21625357963103298), ([[973, 893], [1223, 893], [1223, 1031], [973, 1031]], '학딩', 0.018427352797546013), ([[1262, 970], [1620, 970], [1620, 1043], [1262, 1043]], '조금 딸쳐준걸로', 0.19403730684742826), ([[1263, 1035], [1639, 1035], [1639, 1101], [1263, 1101]], '벌써 싸려하지마]', 0.5727346203248399), ([[122, 1473], [414, 1473], [414, 1630], [122, 1630]], '회로__부름', 0.003051057487244857)]
[([[143, 389], [499, 389], [499, 455], [143, 455]], '시발.. 재미없어.', 0.38928716921718726), ([[51, 533], [163, 533], [163, 677], [51, 677]], '시', 0.5584709631502314), ([[1496, 480], [1733, 480], [1733, 781], [1496, 781]], '1', 0.35608135036273225), ([[597, 814], [747, 814], [747, 911], [597, 911]], '모=', 0.016384394538088716), ([[1305, 855], [1562, 855], [1562, 923], [1305, 923]], '결국 꼬추터', 0.5802656911512958), ([[1305, 917], [1613, 917], [1613, 983], [1305, 983]], '보지터 기분만', 0.7711368659453306), ([[1303, 977], [1710, 977], [1710, 1045], [1303, 1045]], '중으면 장멩이잡아', 0.2507052125912567), ([[95, 1219], [357, 1219], [357, 1285], [95, 1285]], '솔직히 말해', 0.981117386344495), ([[99, 1281], [467, 1281], [467, 1347], [99, 1347]], '너 그냥 대달발고', 0.37919604414368036), ([[94, 1338], [530, 1338], [530, 1412], [94, 1412]], '싶어서 구라최거지?', 0.6446044033812003), ([[2, 1626], [58, 1626], [58, 1658], [2, 1658]], '사', 0.023341249215073967), ([[992.7646218475907, 989.2820252056036], [1131.3026350646799, 969.7396272839171], [1137.2353781524093, 1045.7179747943965], [998.6973649353203, 1065.2603727160829]], '꼬리', 0.8457166656342656)]
