2629586
34
[([[1147, 1845], [1307, 1845], [1307, 1907], [1147, 1907]], '오오옷.', 0.9304624199867249), ([[1143, 1899], [1474, 1899], [1474, 1973], [1143, 1973]], '붉은눈의 수녀', 0.6679480719899841), ([[1145, 1963], [1387, 1963], [1387, 2031], [1145, 2031]], '쫓나 몰려 .', 0.39938167909849775)]
[([[1129, 657], [1451, 657], [1451, 725], [1129, 725]], '준비 뒷습니다.', 0.14571467129917534), ([[277, 827], [492, 827], [492, 941], [277, 941]], '오왜_', 0.020655096235969325), ([[481, 883], [523, 883], [523, 919], [481, 919]], '0', 0.9878885155063131), ([[226, 1232], [586, 1232], [586, 1426], [226, 1426]], '품중 @0', 0.026597546981671442), ([[1128, 1807], [1411, 1807], [1411, 1875], [1128, 1875]], '후우 . 새발견', 0.3274029751493607), ([[1129, 1871], [1415, 1871], [1415, 1935], [1129, 1935]], '존나 끌리네.', 0.5565273484527894)]
[([[1169, 1481], [1411, 1481], [1411, 1545], [1169, 1545]], '좁아~ 그럼', 0.5058234586457233), ([[1166, 1543], [1472, 1543], [1472, 1609], [1166, 1609]], '전부터 해보고', 0.9239749584860876), ([[1167, 1603], [1523, 1603], [1523, 1671], [1167, 1671]], '싶엇터결 해볼까', 0.3253474241029374), ([[95.49861201062686, 1554.242921254197], [310.71761353759393, 1521.6425031390572], [319.50138798937314, 1630.757078745803], [104.2823864624061, 1663.3574968609428]], '떨떡6', 0.038559246738290254)]
[([[227, 613], [439, 613], [439, 677], [227, 677]], '오오욕 !!', 0.19512051456792176), ([[260, 1126], [630, 1126], [630, 1310], [260, 1310]], '또요결 ', 0.004663481377065182), ([[739, 1385], [1069, 1385], [1069, 1545], [739, 1545]], '꼴  몸 ', 0.09087742268616723), ([[881, 1905], [1039, 1905], [1039, 1969], [881, 1969]], '씨발견', 0.2812777686977864), ([[878, 1960], [1149, 1960], [1149, 2033], [878, 2033]], '허버지 존나', 0.7050475624655452), ([[878, 2026], [1105, 2026], [1105, 2093], [878, 2093]], '기분냄네..', 0.2779374098195797)]
[([[283, 1125], [536, 1125], [536, 1251], [283, 1251]], '꼴 ;', 0.012320083566009998), ([[843, 1229], [1028, 1229], [1028, 1333], [843, 1333]], '6군5', 0.0008478718318009832), ([[766, 1398], [962, 1398], [962, 1496], [766, 1496]], '텅물', 0.2283763026829236), ([[1071, 1769], [1397, 1769], [1397, 1835], [1071, 1835]], '이거 이제 그냥', 0.6976447228212896), ([[1075, 1831], [1307, 1831], [1307, 1895], [1075, 1895]], '보지찮아]!', 0.49029436343822325), ([[1088, 1888], [1498, 1888], [1498, 1960], [1088, 1960]], '이 음탕하 암컷년', 0.6155536231520741)]
[([[239, 573], [301, 573], [301, 633], [239, 633]], '희', 0.6002040283669352), ([[274, 896], [372, 896], [372, 970], [274, 970]], '-', 0.25453633967888223), ([[142, 920], [276, 920], [276, 1018], [142, 1018]], '광조', 0.22333599791387018), ([[1305, 993], [1417, 993], [1417, 1059], [1305, 1059]], '허어', 0.3302748680702366), ([[117, 1107], [245, 1107], [245, 1171], [117, 1171]], '절어.', 0.962909729999786), ([[1039, 1127], [1199, 1127], [1199, 1261], [1039, 1261]], '빵', 0.890052079665967), ([[702, 1311], [1002, 1311], [1002, 1468], [702, 1468]], '땅0', 0.2742592275354499), ([[1203, 1355], [1311, 1355], [1311, 1417], [1203, 1417]], '오오.', 0.9339761304473866), ([[1103, 1499], [1359, 1499], [1359, 1637], [1103, 1637]], '땅다', 0.4956557924078909), ([[322.8853804785437, 1144.140353589078], [569.2457718596146, 1116.0250611231584], [575.1146195214562, 1250.859646410922], [328.75422814038546, 1278.9749388768416]], '땅수', 0.09377441070971228)]
[([[243, 477], [379, 477], [379, 539], [243, 539]], '희 희', 0.3313197781210504), ([[113, 679], [429, 679], [429, 889], [113, 889]], '땅9', 0.23773895258812888), ([[1132, 936], [1513, 936], [1513, 1149], [1132, 1149]], '땅행', 0.04360596617016768), ([[1081, 1211], [1243, 1211], [1243, 1277], [1081, 1277]], '위험해.', 0.8903988599777222), ([[631, 1380], [1072, 1380], [1072, 1612], [631, 1612]], '광댐', 0.014330538776304915), ([[1141, 1843], [1303, 1843], [1303, 1983], [1141, 1983]], '돌 ', 0.010879186028205269), ([[1302, 1938], [1428, 1938], [1428, 2070], [1302, 2070]], '좀', 0.05299704489838408), ([[368, 2092], [784, 2092], [784, 2260], [368, 2260]], '옳요-0', 0.3864383101463318), ([[1039, 2153], [1409, 2153], [1409, 2219], [1039, 2219]], '정자 올라온다 !!', 0.6372665263576549), ([[1041, 2213], [1427, 2213], [1427, 2281], [1041, 2281]], '스마타로 싸닷.!!!', 0.37892939416245075), ([[80.0191598900557, 1620.0701544497856], [483.01196336507155, 1581.0485253946663], [487.98084010994427, 1816.9298455502144], [84.98803663492846, 1856.9514746053337]], '땅이', 0.010609845637115463)]
[([[242, 284], [428, 284], [428, 362], [242, 362]], '싸다]!', 0.07688407599925995), ([[241, 359], [647, 359], [647, 443], [241, 443]], '허버지 조여라]!', 0.3905722407584246), ([[1051, 901], [1341, 901], [1341, 1131], [1051, 1131]], '빛5', 0.03127309142206987), ([[1011, 1133], [1474, 1133], [1474, 1271], [1011, 1271]], '댁6 육80', 0.007443030986481481), ([[236, 1256], [504, 1256], [504, 1448], [236, 1448]], '울', 0.21284491685780527), ([[1157, 1393], [1267, 1393], [1267, 1455], [1157, 1455]], '오오', 0.9900676003999053), ([[1157, 1452], [1442, 1452], [1442, 1517], [1157, 1517]], '존나 나온다..', 0.31942081576216563), ([[94, 1580], [542, 1580], [542, 1654], [94, 1654]], '오욕.. 불알 올라온다', 0.42877875815379646), ([[93, 1645], [417, 1645], [417, 1713], [93, 1713]], '쥐여 짜이다!!', 0.7865481362008645), ([[639.3385485057395, 645.0199051952753], [718.1258212582669, 629.2073689964911], [753.6614514942605, 832.9800948047247], [674.8741787417331, 848.7926310035089]], '털', 0.042643699838563975), ([[1125.8222808224687, 1835.0408438435495], [1300.032603592853, 1869.0614340577067], [1267.1777191775313, 2012.9591561564505], [1091.967396407147, 1978.9385659422933]], '육언', 0.02603850393734012)]
[([[1135, 267], [1271, 267], [1271, 329], [1135, 329]], '후우~', 0.9943407695767185), ([[1129, 322], [1348, 322], [1348, 395], [1129, 395]], '개운하다.', 0.7154624269829889), ([[313, 792], [719, 792], [719, 918], [313, 918]], '판} 임우@', 0.09288425200069751), ([[1143, 1381], [1393, 1381], [1393, 1519], [1143, 1519]], '륙와 0', 0.0347355380654335), ([[1022, 1688], [1458, 1688], [1458, 1761], [1022, 1761]], '역시 첫 발은 허버지', 0.6656149020241984), ([[1023, 1755], [1299, 1755], [1299, 1821], [1023, 1821]], '대딸 세스지', 0.3096852731347956), ([[241, 1823], [493, 1823], [493, 2107], [241, 2107]], '불', 0.1754381225511601), ([[1051, 2130], [1473, 2130], [1473, 2329], [1051, 2329]], '@응', 0.058110373078482686), ([[179.97308319157412, 1028.0239802996864], [737.7017260297762, 1107.389586266294], [699.0269168084259, 1285.9760197003136], [141.29827397022376, 1206.610413733706]], '3렉용%`', 0.0016090151104063322), ([[1129.9236451676886, 1172.0386678308728], [1367.2121570533627, 1212.2026474081476], [1339.0763548323114, 1340.9613321691272], [1101.7878429466373, 1301.7973525918524]], ';군0', 0.04760295127218317)]
[([[129, 631], [487, 631], [487, 699], [129, 699]], '그럼 슬슬 2회자', 0.5652964776303305), ([[131, 693], [377, 693], [377, 759], [131, 759]], '시작해볼까', 0.21121508502167155), ([[1038, 1346], [1252, 1346], [1252, 1474], [1038, 1474]], '몸륙"', 0.12522827007729728), ([[1084, 1488], [1322, 1488], [1322, 1614], [1084, 1614]], '~화0', 0.004257825597658603), ([[654, 1680], [832, 1680], [832, 1804], [654, 1804]], '꽃생 _', 0.014349201694130898), ([[1121, 1709], [1427, 1709], [1427, 1777], [1121, 1777]], '통통하게 살집', 0.9353556359483495), ([[1121, 1771], [1497, 1771], [1497, 1837], [1121, 1837]], '오른 뒷보지 화라', 0.6117190012951682), ([[817, 1843], [963, 1843], [963, 1959], [817, 1959]], '술0', 0.14528316839142164), ([[873.8220821075777, 170.03306151488226], [1169.4140924380702, 211.9941886853319], [1135.1779178924223, 389.96693848511774], [839.5859075619298, 348.0058113146681]], '66', 0.8335393553935787), ([[257.0605564022142, 1388.0232393247272], [566.6015886159167, 1471.1294831140794], [517.9394435977857, 1627.9767606752728], [207.39841138408326, 1545.8705168859206]], '활?픽', 0.21942205736603196)]
[([[1049, 311], [1261, 311], [1261, 377], [1049, 377]], '이게 무슨', 0.9905737070876269), ([[1049, 373], [1423, 373], [1423, 441], [1049, 441]], '붉은 눈의 수녀야', 0.8787156162167441), ([[1065, 877], [1251, 877], [1251, 993], [1065, 993]], ' 우-너', 0.028954189739173908), ([[1161, 1015], [1299, 1015], [1299, 1099], [1161, 1099]], ';유스', 0.016012430351311877), ([[535, 1379], [653, 1379], [653, 1493], [535, 1493]], '약다', 0.007919247701309636), ([[1151, 1401], [1463, 1401], [1463, 1469], [1151, 1469]], '주입남 귀두에', 0.4462232243066146), ([[385, 1429], [451, 1429], [451, 1523], [385, 1523]], '옆', 0.01942259977202898), ([[1153, 1463], [1465, 1463], [1465, 1531], [1153, 1531]], '복종의 키스나', 0.995763767283017), ([[1150, 1521], [1462, 1521], [1462, 1593], [1150, 1593]], '하는 암개년이', 0.23456552977494355), ([[701, 1569], [879, 1569], [879, 1709], [701, 1709]], '돌0', 0.07675431614492313), ([[1155, 1589], [1319, 1589], [1319, 1651], [1155, 1651]], '딱이지', 0.8972391269555129)]
[([[231, 528], [580, 528], [580, 592], [231, 592]], '아- 네에~네에.', 0.7776417540112333), ([[230, 586], [518, 586], [518, 658], [230, 658]], '무슨 일임?크', 0.7916417063074566), ([[1001, 913], [1163, 913], [1163, 1021], [1001, 1021]], '패심', 0.5666620252353781), ([[1203, 1601], [1322, 1601], [1322, 1666], [1203, 1666]], '못 !!', 0.12596143839188448), ([[1075, 2011], [1488, 2011], [1488, 2079], [1075, 2079]], '뭐냐.! 이 건방지고', 0.4521291557494563), ([[1075, 2073], [1531, 2073], [1531, 2141], [1075, 2141]], '팔보는 듯화 표정은]!', 0.21622145815841914)]
[([[939, 149], [1351, 149], [1351, 217], [939, 217]], '어이 통껑! 뒷 보지', 0.3847971482119692), ([[938, 210], [1469, 210], [1469, 277], [938, 277]], '힘 빼고 똑바로 봉사해라', 0.8873609662287631), ([[1273, 692], [1390, 692], [1390, 757], [1273, 757]], '네에.', 0.7661385257178134), ([[1073, 876], [1285, 876], [1285, 945], [1073, 945]], '뒷 보지로', 0.9861275742627431), ([[1071, 937], [1587, 937], [1587, 1005], [1071, 1005]], '정성껏 봉사하켓습니다 .', 0.7514738880921443), ([[107, 1218], [465, 1218], [465, 1286], [107, 1286]], '감히 주입남화터', 0.494554886488975), ([[980, 1111], [1235, 1111], [1235, 1270], [980, 1270]], '늙짙', 0.007703692528085191), ([[107, 1281], [525, 1281], [525, 1347], [107, 1347]], '건방진 태도로 대한', 0.5842902576394583), ([[109, 1341], [525, 1341], [525, 1409], [109, 1409]], '멋가루 가르저 주마', 0.16649630794092063), ([[492, 1436], [648, 1436], [648, 1564], [492, 1564]], '뜻"', 0.0006482025922208677), ([[1145, 1389], [1359, 1389], [1359, 1599], [1145, 1599]], '[흙피', 0.0037310233478869675), ([[367, 1539], [573, 1539], [573, 1653], [367, 1653]], '@386', 0.015482170507311821), ([[933, 1751], [1263, 1751], [1263, 1955], [933, 1955]], '유', 0.8920792916071605), ([[1265, 2187], [1307, 2187], [1307, 2233], [1265, 2233]], '0', 0.8868592520917815), ([[1333, 2187], [1613, 2187], [1613, 2312], [1333, 2312]], '오만관', 0.0016115363049858122), ([[440.9764230569124, 700.0477267089623], [683.779451325582, 737.8083273238443], [664.0235769430876, 828.9522732910377], [421.22054867441796, 791.1916726761557]], '8]"', 0.04346363991498947), ([[536.9421394540648, 795.0561108682089], [777.8010060642115, 826.0149861135774], [762.0578605459352, 908.9438891317911], [521.1989939357885, 877.9850138864226]], '&안3', 0.0012156595461837107), ([[1024.902724688008, 2177.1579829408533], [1278.0284217449505, 2149.8364066052295], [1283.097275311992, 2270.8420170591467], [1028.9715782550495, 2298.1635933947705]], '오으되', 0.0064453055503665225)]
[([[987, 163], [1479, 163], [1479, 231], [987, 231]], '귀두만 넘없올 뿐인데..', 0.4736830199418571), ([[910, 432], [1090, 432], [1090, 552], [910, 552]], '씨', 0.156341668760561), ([[1284, 738], [1338, 738], [1338, 796], [1284, 796]], '듯', 0.7254307748737574), ([[997, 950], [1244, 950], [1244, 1094], [997, 1094]], '원', 0.8726593490519576), ([[149, 1165], [350, 1165], [350, 1237], [149, 1237]], '방심하면', 0.9959967136383057), ([[934, 1134], [1156, 1134], [1156, 1278], [934, 1278]], '슬염)', 0.005863365335842299), ([[151, 1230], [394, 1230], [394, 1297], [151, 1297]], '쌀것 같아.', 0.9361703106783054), ([[366, 1448], [518, 1448], [518, 1592], [366, 1592]], '}%', 0.02938846842488519), ([[158, 1706], [394, 1706], [394, 1833], [158, 1833]], '필션', 0.03981240417359932), ([[1034, 2044], [1287, 2044], [1287, 2206], [1034, 2206]], '필페', 0.14254859842452572), ([[1391, 2055], [1501, 2055], [1501, 2173], [1391, 2173]], '옆', 0.3064255926268835), ([[339.00059982005996, 876.3029391182939], [712.5259482587331, 827.5155012759602], [718.99940017994, 954.6970608817061], [345.4740517412668, 1003.4844987240398]], '얇양응이', 0.012076608836650848), ([[539.8533747416002, 1836.1935610788012], [778.6731756934611, 1814.5151736019714], [780.1466252583998, 1914.8064389211988], [541.3268243065389, 1936.4848263980286]], '절떡', 0.1312426968332832)]
[([[1225, 251], [1427, 251], [1427, 317], [1225, 317]], '천  천히 .', 0.3096460970460086), ([[1194, 810], [1248, 810], [1248, 860], [1194, 860]], '듯', 0.12824777449237956), ([[1004, 938], [1184, 938], [1184, 994], [1004, 994]], '안이', 0.08662388368303232), ([[1184, 958], [1210, 958], [1210, 984], [1184, 984]], '(', 0.2479955066654691), ([[1038, 1000], [1238, 1000], [1238, 1050], [1038, 1050]], '하야~<', 0.03700275719165802), ([[398, 1517], [591, 1517], [591, 1613], [398, 1613]], '보0', 0.1274585792769188), ([[635, 1725], [769, 1725], [769, 1833], [635, 1833]], '짧', 0.018548048157605912), ([[1324, 1812], [1483, 1812], [1483, 1902], [1324, 1902]], '', 0.0), ([[1165, 2013], [1452, 2013], [1452, 2174], [1165, 2174]], '발얹다', 0.011569135986892682), ([[289.94627163545556, 477.03705722346854], [466.0292938618443, 522.6916185387616], [429.05372836454444, 648.9629427765315], [252.97070613815575, 603.3083814612384]], '%늙', 0.0037904017231971767), ([[1256.127036057031, 1831.0638451878108], [1299.7890066313018, 1816.0521038563404], [1328.872963942969, 1910.9361548121892], [1285.2109933686982, 1925.9478961436596]], '움', 0.040476406702637746)]
[([[1087, 163], [1313, 163], [1313, 229], [1087, 229]], '1?1? 아뭇.', 0.45836699851422075), ([[1055, 223], [1271, 223], [1271, 291], [1055, 291]], '무 . 뭐야.', 0.3255197248315165), ([[123, 533], [369, 533], [369, 601], [123, 601]], '일어앉나?', 0.15690431564433618), ([[670, 494], [854, 494], [854, 642], [670, 642]], '유빵', 0.012841420127142275), ([[1092, 470], [1194, 470], [1194, 598], [1092, 598]], '요', 0.5370549920884606), ([[121, 595], [479, 595], [479, 663], [121, 663]], '망할 암컷고멩아', 0.6398973471485905), ([[1280, 972], [1312, 972], [1312, 1008], [1280, 1008]], '1', 0.44225023808724373), ([[1337, 959], [1497, 959], [1497, 1023], [1337, 1023]], '씨바일.', 0.288882315158844), ([[1265, 1018], [1551, 1018], [1551, 1086], [1265, 1086]], '당장 만때. ?!', 0.2569176348326456), ([[1266, 1079], [1465, 1079], [1465, 1145], [1266, 1145]], '변태새끼', 0.3477719724178314), ([[718, 1578], [876, 1578], [876, 1702], [718, 1702]], '370', 0.005089900858626179), ([[1074, 1600], [1216, 1600], [1216, 1700], [1074, 1700]], '유약)', 0.005352233009571408), ([[1049, 1713], [1173, 1713], [1173, 1797], [1049, 1797]], '여', 0.09063602363825396), ([[1077, 1894], [1245, 1894], [1245, 1997], [1077, 1997]], '형량', 0.021312460401209196), ([[1161, 2008], [1534, 2008], [1534, 2166], [1161, 2166]], '또임6', 0.025592065016343344), ([[235.24844317292917, 1273.140347672161], [414.3641949343204, 1260.228357839224], [415.75155682707083, 1356.859652327839], [236.6358050656796, 1369.771642160776]], '댐솔-', 0.0007122761912143562), ([[1244.0724221184028, 1596.0253247667717], [1613.8318310708407, 1675.614740516699], [1575.9275778815972, 1812.9746752332283], [1206.1681689291593, 1733.385259483301]], '대요국해', 0.0885164737701416), ([[638.9881603519015, 1693.0366128562396], [883.4900392809432, 1738.255825832228], [856.0118396480985, 1858.9633871437604], [611.5099607190568, 1813.744174167772]], '꼼 젖', 0.049814097583293915)]
[([[1115, 105], [1337, 105], [1337, 215], [1115, 215]], '다제!', 0.07298881516368928), ([[1109, 497], [1399, 497], [1399, 585], [1109, 585]], '응기이앗)! .', 0.0443602673056617), ([[318, 807], [668, 807], [668, 979], [318, 979]], ':의옷', 0.008426743450784273), ([[1151, 1407], [1337, 1407], [1337, 1593], [1151, 1593]], '섬', 0.08810829569989664), ([[313, 1642], [495, 1642], [495, 1754], [313, 1754]], '오)', 0.33059745071521135), ([[1345, 1523], [1453, 1523], [1453, 1715], [1345, 1715]], '(', 0.17545008127959338), ([[475, 1699], [645, 1699], [645, 1796], [475, 1796]], '현싹', 0.015026264935413175), ([[1167, 1753], [1321, 1753], [1321, 1887], [1167, 1887]], '통다', 0.21187443076252185), ([[1030, 1933], [1109, 1933], [1109, 2084], [1030, 2084]], '평', 0.06437298415551496), ([[1350, 1796], [1494, 1796], [1494, 2108], [1350, 2108]], '봄', 0.10553915517036572), ([[360.0868184120003, 74.0598199312022], [463.8391103298699, 105.50783047348293], [443.9131815879997, 163.94018006879782], [340.1608896701301, 132.49216952651707]], '(시', 0.07155273733703822), ([[388.7235360309291, 543.0054615825055], [443.56639550509453, 551.4874264601902], [400.2764639690709, 809.9945384174945], [345.43360449490547, 800.5125735398098]], '?', 0.13898538966202878), ([[190.4242283804539, 1382.1665585294952], [835.155084914963, 1179.7188005777336], [866.5757716195461, 1344.8334414705048], [221.84491508503697, 1547.2811994222664]], '%$ 양생', 0.04346939991697)]
[([[352, 83], [442, 83], [442, 148], [352, 148]], '름', 0.016836813827044494), ([[1186, 142], [1340, 142], [1340, 204], [1186, 204]], '아가아', 0.8800156011682675), ([[1185, 203], [1427, 203], [1427, 267], [1185, 267]], '하아  막  ', 0.2933977622730514), ([[610, 390], [736, 390], [736, 516], [610, 516]], '@월', 0.04071548664244645), ([[658, 514], [708, 514], [708, 588], [658, 588]], '떡', 0.03900771185039198), ([[59, 599], [485, 599], [485, 667], [59, 667]], '접립선이 궁광 거럿.', 0.2402929272519413), ([[1229, 621], [1433, 621], [1433, 685], [1229, 685]], '잠 시러 .', 0.6315435005682054), ([[59, 660], [395, 660], [395, 727], [59, 727]], '이이런거 몰라', 0.8207629852912754), ([[1229, 677], [1541, 677], [1541, 745], [1229, 745]], '뭐야?1 이거 .', 0.4258187709619074), ([[61, 723], [402, 723], [402, 787], [61, 787]], '이 쫓돼지 새끼.', 0.9792482996146555), ([[58, 780], [610, 780], [610, 852], [58, 852]], '내 몸에 무슨 짓율 한거야', 0.3771265770504075), ([[1264, 1046], [1482, 1046], [1482, 1170], [1264, 1170]], '굴과_', 0.0071030561812222), ([[1060, 1487], [1291, 1487], [1291, 1628], [1060, 1628]], '요', 0.04036212255800198), ([[954, 1864], [1206, 1864], [1206, 2060], [954, 2060]], '개', 0.010957475367670222), ([[1001, 2125], [1203, 2125], [1203, 2263], [1001, 2263]], "'", 0.019017925104005906), ([[1367, 2010], [1480, 2010], [1480, 2207], [1367, 2207]], '텅', 0.5996136569126556), ([[1182, 2148], [1420, 2148], [1420, 2308], [1182, 2308]], "'3", 0.3464665917747347), ([[732.4447408640724, 1298.0090704406155], [1060.365419496692, 1516.39858231658], [978.5552591359276, 1637.9909295593845], [650.6345805033079, 1419.60141768342]], '@요5', 0.00865531186522471), ([[271.437093810085, 1446.460956478323], [348.81731708986433, 1379.0238777633201], [447.562906189915, 1511.539043521677], [370.18268291013567, 1577.9761222366799]], '9', 0.02336852145137791), ([[1320.0874693287549, 1818.0231457764703], [1453.9816195656992, 1938.1867609241644], [1352.9125306712451, 2050.9768542235297], [1219.0183804343008, 1930.8132390758356]], '젓', 0.00522735061814239)]
[([[1215, 235], [1535, 235], [1535, 301], [1215, 301]], '그  그만 멈침 .', 0.49506231003237317), ([[1210, 294], [1484, 294], [1484, 362], [1210, 362]], '잘못햇어요 .', 0.37305774922158513), ([[991, 449], [1086, 449], [1086, 518], [991, 518]], '4', 0.14663986660325978), ([[1167, 695], [1485, 695], [1485, 759], [1167, 759]], '용서해쥐 아니', 0.5897345771415241), ([[1162, 754], [1383, 754], [1383, 821], [1162, 821]], '해주세요 .', 0.6818437208067638), ([[1251, 973], [1293, 973], [1293, 1077], [1251, 1077]], '물', 0.996013926002437), ([[1136, 1042], [1284, 1042], [1284, 1170], [1136, 1170]], '부{', 0.0700903453639669), ([[1094, 1482], [1262, 1482], [1262, 1628], [1094, 1628]], '1껑', 0.0009051918454641041), ([[570, 1688], [881, 1688], [881, 1835], [570, 1835]], '3문옷요', 0.006030794698745012), ([[1326, 1669], [1573, 1669], [1573, 1801], [1326, 1801]], '83.', 0.004673667257945929), ([[1301, 1799], [1411, 1799], [1411, 1883], [1301, 1883]], '모직', 0.029285910283374333), ([[1160, 1864], [1290, 1864], [1290, 1942], [1160, 1942]], '모집', 0.42131917843534306), ([[1058, 1962], [1310, 1962], [1310, 2136], [1058, 2136]], '류려', 0.15657274672132673), ([[1196, 2096], [1296, 2096], [1296, 2198], [1196, 2198]], '영', 0.015237620585964118), ([[1066, 2132], [1170, 2132], [1170, 2250], [1066, 2250]], '명', 0.6829144690754028), ([[354.0506043880225, 1482.037615289084], [544.6589083429861, 1530.1592507590694], [514.9493956119775, 1631.962384710916], [324.34109165701386, 1583.8407492409306]], '모*', 0.1445570709661934), ([[985.2798208251921, 1687.0780290771136], [1198.0873151867972, 1667.2505862555242], [1203.7201791748078, 1834.9219709228864], [990.9126848132026, 1854.7494137444758]], '주돈', 0.0021801533081163803)]
[([[1024, 144], [1422, 144], [1422, 268], [1024, 268]], '하켓나]]?', 0.2470020252051757), ([[177, 779], [509, 779], [509, 867], [177, 867]], '오고오오*비', 0.07344132384497572), ([[1218, 2132], [1471, 2132], [1471, 2237], [1218, 2237]], ':스', 0.011914933724936782), ([[1184.2746144633754, 1059.0451362504712], [1513.80405803083, 1032.1446544269206], [1519.7253855366246, 1315.9548637495288], [1190.19594196917, 1342.8553455730794]], '쌍', 0.035975973767286895), ([[407.096220835354, 1077.0625566973815], [869.6053620599005, 1037.6515095888485], [870.9037791646459, 1286.9374433026185], [408.3946379400995, 1325.3484904111515]], '오', 0.04338775787911775), ([[1191.913084889812, 1506.0227288665023], [1595.9169557396142, 1583.5740107278489], [1544.086915110188, 1796.9772711334977], [1140.0830442603858, 1719.4259892721511]], "견사'", 0.013858006822017146)]
[([[1098, 153], [1404, 153], [1404, 226], [1098, 226]], '가맛 .! 전립선', 0.2984197972733707), ([[1098, 217], [1448, 217], [1448, 285], [1098, 285]], '부서저어엇.:어', 0.10777633408554976), ([[121, 647], [293, 647], [293, 713], [121, 713]], '시러넷]', 0.14140647649765015), ([[343, 645], [509, 645], [509, 713], [343, 713]], '멈침!!', 0.40742331743240356), ([[120, 704], [478, 704], [478, 778], [120, 778]], '가느거 안멈칙엇-', 0.44611672212962816), ([[1074, 1317], [1385, 1317], [1385, 1487], [1074, 1487]], '{-?', 0.0016638058649284125), ([[130, 1387], [415, 1387], [415, 1573], [130, 1573]], '땅(', 0.005527614837893591), ([[1351, 1534], [1591, 1534], [1591, 1682], [1351, 1682]], '꼬례', 0.04744125399869682), ([[227, 1677], [271, 1677], [271, 1729], [227, 1729]], '로', 0.011294210860614273), ([[194, 1772], [242, 1772], [242, 1820], [194, 1820]], '잔', 0.007474427508045667), ([[461, 1909], [657, 1909], [657, 2047], [461, 2047]], '광', 0.23803758766513283), ([[1045, 1841], [1239, 1841], [1239, 2021], [1045, 2021]], ':모', 0.007840966159275332), ([[910, 1964], [1030, 1964], [1030, 2144], [910, 2144]], '콩', 0.021370506082656116), ([[178, 2067], [453, 2067], [453, 2227], [178, 2227]], '광내', 0.0076949316227688), ([[1125, 2079], [1235, 2079], [1235, 2219], [1125, 2219]], '턱드', 0.0467253563368223), ([[538.0338140663606, 1143.1077080038817], [875.8317820299966, 1115.4352654591821], [875.9661859336394, 1269.8922919961183], [539.1682179700034, 1297.5647345408179]], '땅다', 0.006569302578727731), ([[903.5175293145127, 1591.1472462419063], [1138.0871304312936, 1539.4258946898476], [1163.4824706854874, 1716.8527537580937], [929.9128695687064, 1769.5741053101524]], '-33', 0.016101535796866556)]
[([[985, 193], [1487, 193], [1487, 261], [985, 261]], '닥제! 보지나 조이라고!', 0.3647382497901548), ([[986, 252], [1500, 252], [1500, 324], [986, 324]], '년 자지에 아양펼기위해', 0.8384762949463582), ([[985, 314], [1452, 314], [1452, 383], [985, 383]], '수녀노릇 하느거라고!', 0.6046165748434357), ([[84, 626], [486, 626], [486, 698], [84, 698]], '한번만더 시건방죄', 0.48323048898256454), ([[1204, 596], [1448, 596], [1448, 674], [1204, 674]], '네헤에앗]', 0.24082266132512975), ([[85, 691], [343, 691], [343, 757], [85, 757]], '태도로 꿀면', 0.36717177870914885), ([[85, 751], [455, 751], [455, 817], [85, 817]], '그팬 노예로 팔려', 0.832935031463665), ([[85, 813], [381, 813], [381, 877], [85, 877]], '나갈 줄 알아!', 0.3746212567954051), ([[173, 1013], [283, 1013], [283, 1077], [173, 1077]], '귀획.', 0.03581634465390226), ([[774, 1138], [1132, 1138], [1132, 1210], [774, 1210]], "명심하계롭히다 '", 0.24479305987931954), ([[1072, 1318], [1385, 1318], [1385, 1489], [1072, 1489]], '예- ', 0.003374617133739484), ([[258, 1394], [522, 1394], [522, 1638], [258, 1638]], '꾸분', 0.0022110785337564843), ([[1352, 1534], [1592, 1534], [1592, 1682], [1352, 1682]], '넷례', 0.031735430191445355), ([[218, 1674], [274, 1674], [274, 1732], [218, 1732]], '프', 0.6819181773484075), ([[49, 1689], [327, 1689], [327, 1873], [49, 1873]], '교6<', 0.006669736216146787), ([[590, 1707], [917, 1707], [917, 1948], [590, 1948]], '닭"', 0.010165317271066142), ([[1047, 1841], [1281, 1841], [1281, 2021], [1047, 2021]], '4모)', 0.0017179911100949623), ([[456, 1996], [784, 1996], [784, 2194], [456, 2194]], '땅드', 0.07998197128710426), ([[910, 1964], [1032, 1964], [1032, 2142], [910, 2142]], '닭', 0.1410737333465164), ([[1120, 2076], [1240, 2076], [1240, 2224], [1120, 2224]], '텅', 0.030353593433133597), ([[902.5175293145127, 1593.1472462419063], [1139.133857641911, 1540.4682883055925], [1165.4824706854874, 1718.8527537580937], [928.8661423580891, 1771.5317116944075]], '-34', 0.006496402403721516)]
[([[182, 368], [384, 368], [384, 434], [182, 434]], '죄송화데', 0.6315165162086487), ([[184, 426], [604, 426], [604, 501], [184, 501]], '붉은 눈의 수녀-은', 0.5445222352527939), ([[185, 491], [599, 491], [599, 559], [185, 559]], '청결합이 필수에요.', 0.6152440870804221), ([[189, 1189], [541, 1189], [541, 1255], [189, 1255]], '좀 셋고 오시조?', 0.5090517423878743), ([[192, 1258], [332, 1258], [332, 1306], [192, 1306]], '구구구', 0.29348751171317894), ([[1137, 1801], [1528, 1801], [1528, 1867], [1137, 1867]], '!! 무 무슨 소리야]', 0.5245909519610342), ([[1110, 1861], [1376, 1861], [1376, 1929], [1110, 1929]], '깨끗하다고', 0.9977653452335438)]
[([[1113, 89], [1493, 89], [1493, 155], [1113, 155]], '오탓]! 임신해라]!', 0.5783614251946539), ([[1111, 149], [1519, 149], [1519, 217], [1111, 217]], '내 정자로 임신해]', 0.750912658129822), ([[714, 164], [966, 164], [966, 286], [714, 286]], '때왜:', 0.002261209645255617), ([[499, 252], [721, 252], [721, 381], [499, 381]], '새물주', 0.004093570092411853), ([[1200, 469], [1486, 469], [1486, 533], [1200, 533]], '나 남자라호 .', 0.7773753017237551), ([[1199, 527], [1575, 527], [1575, 595], [1199, 595]], '임신할리 없잡하 .', 0.4487290102948543), ([[67, 903], [605, 903], [605, 971], [67, 971]], '다처]! 누가 말대답하래]!', 0.41712241155548574), ([[65, 963], [531, 963], [531, 1031], [65, 1031]], '그판 얼굴로 남자인척', 0.7008663944704323), ([[66, 1025], [503, 1025], [503, 1094], [66, 1094]], '하지마]! 임신하라면', 0.7294751935829428), ([[66, 1086], [661, 1086], [661, 1155], [66, 1155]], '복증하고 보지나 조이라고]!', 0.25908971953823706), ([[667, 1312], [940, 1312], [940, 1483], [667, 1483]], '39', 0.2710716655033453), ([[1098, 1448], [1347, 1448], [1347, 1607], [1098, 1607]], '@원}', 0.05377617301325748), ([[151, 1585], [325, 1585], [325, 1653], [151, 1653]], '네혜옛 .', 0.5392603273590013), ([[327, 1803], [533, 1803], [533, 1965], [327, 1965]], '당', 0.06415555112249649), ([[619, 1933], [819, 1933], [819, 2073], [619, 2073]], '', 0.0), ([[951, 1921], [1231, 1921], [1231, 2130], [951, 2130]], '9둘)', 0.0044055500734752374), ([[1255, 1987], [1565, 1987], [1565, 2215], [1255, 2215]], '무껑', 0.0668728225380096), ([[817, 2138], [1211, 2138], [1211, 2384], [817, 2384]], '위', 0.6062293414173645), ([[969.8280707178155, 1006.2105303836167], [1307.6078566637502, 925.6916161527628], [1338.1719292821845, 1128.7894696163833], [1001.3921433362498, 1209.3083838472373]], '둘하', 0.0036256882933191135), ([[1413.9632953088033, 1050.028304151098], [1544.6119738694795, 1001.1803934019556], [1632.0367046911967, 1270.971695848902], [1500.3880261305205, 1319.8196065980444]], '터', 0.01272962830141161), ([[176.29343633269607, 1332.0810814933088], [417.59585619409535, 1315.4661981240727], [418.7065636673039, 1472.9189185066912], [176.40414380590468, 1489.5338018759273]], '과7', 0.16254075183681488)]
[([[237, 143], [669, 143], [669, 231], [237, 231]], '정자 나온닷]]!', 0.10556711477772332), ([[237, 225], [645, 225], [645, 313], [237, 313]], '전부 마서라]!', 0.7716611845485576), ([[195, 793], [531, 793], [531, 861], [195, 861]], '주거히 {엇.!9', 0.20454584278106583), ([[304, 1024], [724, 1024], [724, 1390], [304, 1390]], '{', 0.021567510479499674), ([[1395, 1287], [1463, 1287], [1463, 1387], [1395, 1387]], '맛', 0.694134203812169), ([[1065, 1398], [1299, 1398], [1299, 1605], [1065, 1605]], '유', 0.408137209220115), ([[1200, 1688], [1452, 1688], [1452, 1856], [1200, 1856]], '육라_', 0.006515247738648347), ([[910, 1912], [1226, 1912], [1226, 2206], [910, 2206]], '유3', 0.04142307042880201), ([[710, 2150], [1002, 2150], [1002, 2384], [710, 2384]], '유2', 0.3421150699715214), ([[1193.4488889184563, 859.016889370836], [1259.318937949805, 846.0971688388152], [1294.5511110815437, 1039.983110629164], [1228.681062050195, 1052.9028311611848]], '쁨', 0.0020971937255878093), ([[759.0007990412782, 1390.0199760319554], [1016.9815203334746, 1489.936949490826], [934.9992009587218, 1689.9800239680446], [677.0184796665254, 1590.063050509174]], '내', 0.13747185694499198)]
[([[645, 157], [709, 157], [709, 217], [645, 217]], '아', 0.9997399022451106), ([[105, 429], [369, 429], [369, 493], [105, 493]], '오오.. 절어 .', 0.4356106921527908), ([[1402, 392], [1576, 392], [1576, 520], [1402, 520]], '또', 0.01813422007690968), ([[103, 489], [403, 489], [403, 555], [103, 555]], '존나 나온다  ', 0.3189012198883071), ([[102, 541], [526, 541], [526, 620], [102, 620]], '씨발견 존나맛있네..', 0.4653414907210336), ([[929, 745], [1045, 745], [1045, 813], [929, 813]], '혜옛._', 0.7354077100753784), ([[1421, 699], [1589, 699], [1589, 859], [1421, 859]], '면', 0.03302084367016178), ([[163, 1207], [569, 1207], [569, 1279], [163, 1279]], '마지막 한방울까지', 0.9262622053459043), ([[826, 1122], [1072, 1122], [1072, 1340], [826, 1340]], ':리', 0.11192772026039516), ([[163, 1271], [463, 1271], [463, 1337], [163, 1337]], '전부 마서라]!', 0.8518676897513163), ([[628, 1316], [919, 1316], [919, 1489], [628, 1489]], '깔:', 0.004930481037520541), ([[593, 1522], [896, 1522], [896, 1666], [593, 1666]], '376', 0.03205669138026115), ([[1228, 1654], [1372, 1654], [1372, 1820], [1228, 1820]], '닭', 0.018693789066853705), ([[951, 1893], [1067, 1893], [1067, 2039], [951, 2039]], '다', 0.09952580251406662), ([[826, 2084], [1100, 2084], [1100, 2308], [826, 2308]], "유'", 0.021705591869908468), ([[1110, 2142], [1190, 2142], [1190, 2240], [1110, 2240]], '0', 0.8560344983232113), ([[1220, 1996], [1532, 1996], [1532, 2286], [1220, 2286]], '유', 0.03161214575234106), ([[941.1807780563383, 1433.0789476478906], [1168.2898120020047, 1408.604804657687], [1176.8192219436617, 1589.9210523521094], [949.7101879979953, 1614.395195342313]], '독리', 0.11613207342662847)]
[([[130, 298], [494, 298], [494, 370], [130, 370]], '후아- 개운하다.', 0.7496532757526759), ([[654, 268], [774, 268], [774, 396], [654, 396]], '꽃', 0.2509370866449423), ([[1085, 544], [1207, 544], [1207, 612], [1085, 612]], '오목 .', 0.7100018858909607), ([[384, 700], [570, 700], [570, 774], [384, 774]], '임기의.연', 0.14147881249153035), ([[1001, 1015], [1117, 1015], [1117, 1083], [1001, 1083]], '하희_', 0.981779365122836), ([[1165, 1477], [1273, 1477], [1273, 1647], [1165, 1647]], '콩', 0.07678990830473609), ([[1370, 1376], [1514, 1376], [1514, 1604], [1370, 1604]], '색', 0.06760915420049773), ([[1023, 1565], [1131, 1565], [1131, 1685], [1023, 1685]], '템', 0.027156555922053238), ([[1125, 1817], [1209, 1817], [1209, 1971], [1125, 1971]], '탕', 0.059576875680253716), ([[1384, 1657], [1577, 1657], [1577, 1963], [1384, 1963]], '셈', 0.19096395249697995), ([[991, 1967], [1083, 1967], [1083, 2119], [991, 2119]], '닭', 0.029423862661773548), ([[1200.765990779367, 1212.0346358727338], [1361.826750173458, 1181.8483628115391], [1399.234009220633, 1433.9653641272662], [1238.173249826542, 1464.1516371884609]], '쪽', 0.016675408908844114), ([[196.68180554240854, 1333.1499026765457], [596.1701393697135, 1293.092624154371], [599.3181944575915, 1445.8500973234543], [199.82986063028645, 1486.907375845629]], '#요동움', 0.045436613261699677)]
[([[163, 217], [483, 217], [483, 285], [163, 285]], '보지 조일게혀 _', 0.5509173361451323), ([[495, 313], [729, 313], [729, 477], [495, 477]], '회해', 0.013521761986045613), ([[1383, 347], [1579, 347], [1579, 507], [1383, 507]], "'과", 0.024742218810046342), ([[251, 737], [503, 737], [503, 806], [251, 806]], '제발 그만 .', 0.6978161220899195), ([[1388, 636], [1590, 636], [1590, 812], [1388, 812]], '끝}', 0.00828397698612662), ([[875, 1106], [1182, 1106], [1182, 1185], [875, 1185]], '전림선 멈침 .', 0.2364258891636383), ([[1209, 1257], [1335, 1257], [1335, 1367], [1209, 1367]], '및', 0.19790276307919985), ([[49, 1333], [329, 1333], [329, 1563], [49, 1563]], '국중', 0.012676028864415722), ([[1106, 1462], [1182, 1462], [1182, 1560], [1106, 1560]], '갈', 0.0190951091666145), ([[1180, 1590], [1302, 1590], [1302, 1714], [1180, 1714]], '80', 0.12850982022595112), ([[1188, 1804], [1266, 1804], [1266, 1912], [1188, 1912]], '텅', 0.38920174777103966), ([[1021, 1911], [1105, 1911], [1105, 2029], [1021, 2029]], '3', 0.1471766931191434), ([[430, 2027], [786, 2027], [786, 2099], [430, 2099]], '아- 물좀 뱃더니', 0.29977133203891165), ([[1206, 1974], [1314, 1974], [1314, 2076], [1206, 2076]], '3', 0.5769368096616887), ([[426, 2088], [812, 2088], [812, 2160], [426, 2160]], '배가 고프데. 뭐좀', 0.26020997079158825), ([[433, 2154], [611, 2154], [611, 2218], [433, 2218]], '먹올까?', 0.4650466740131378), ([[1037, 2257], [1551, 2257], [1551, 2325], [1037, 2325]], '이후에 5번더 따먹없다.', 0.6158438580641085), ([[793.9714880870245, 422.04074989650763], [1010.4690030837164, 462.32250600295924], [985.0285119129755, 573.9592501034924], [768.5309969162836, 533.6774939970408]], '청템애~', 0.00040428360807709396), ([[1144.8527914461747, 858.0923807756266], [1414.9437201616672, 807.6176620887572], [1440.1472085538253, 1023.9076192243734], [1169.0562798383328, 1074.3823379112428]], '[군다', 0.15598140403509436), ([[640.2198074871519, 1625.0203037533167], [905.9821852668734, 1728.2691616942989], [855.7801925128481, 1846.9796962466833], [589.0178147331266, 1743.7308383057011]], '양 ', 0.010502616674452753), ([[563.0378887356211, 1775.0289530113096], [793.5446860140903, 1841.2101798560689], [750.9621112643789, 1972.9710469886904], [520.4553139859097, 1907.7898201439311]], '어#', 0.007874431765082278)]
[([[225, 415], [513, 415], [513, 479], [225, 479]], '앗 죄송~구크', 0.37446554431134943), ([[223, 477], [581, 477], [581, 541], [223, 541]], '히키진따 냄새가', 0.2830321979253937), ([[223, 537], [511, 537], [511, 603], [223, 603]], '나서 무심코 .', 0.5097102275496534), ([[1325, 933], [1361, 933], [1361, 973], [1325, 973]], '0', 0.9487878886062049), ([[1193, 978], [1476, 978], [1476, 1083], [1193, 1083]], '국전80', 0.005735641345381737), ([[315, 1285], [493, 1285], [493, 1399], [315, 1399]], '렌영@', 0.012611576476288676), ([[1167, 1351], [1381, 1351], [1381, 1417], [1167, 1417]], '장난 입거', 0.7883003235308118), ([[1168, 1412], [1349, 1412], [1349, 1477], [1168, 1477]], '아시고?', 0.5318588614463806), ([[406, 1422], [568, 1422], [568, 1548], [406, 1548]], '렌물', 0.08397887122137442), ([[1109, 1823], [1377, 1823], [1377, 1889], [1109, 1889]], '수  수녀로서', 0.6952238602552003), ([[1105, 1883], [1383, 1883], [1383, 1949], [1105, 1949]], '그런 말은 좀', 0.9254660639596947), ([[1107, 1945], [1437, 1945], [1437, 2011], [1107, 2011]], '아니지 많나.?!', 0.3971411712343012)]
[([[189, 593], [583, 593], [583, 661], [189, 661]], '아 실레 햇습니다.', 0.4363325347153868), ([[423, 673], [527, 673], [527, 713], [423, 713]], '귀찮게 .', 0.3282267018573281), ([[1065, 1343], [1439, 1343], [1439, 1411], [1065, 1411]], '붉은 눈의 가로가', 0.8883855854196531), ([[1067, 1404], [1529, 1404], [1529, 1473], [1067, 1473]], '있기틀~ 볼 일 빛다면', 0.07394918628103721), ([[1067, 1469], [1337, 1469], [1337, 1533], [1067, 1533]], '이만 가세요', 0.9835941170515103), ([[1187, 1829], [1395, 1829], [1395, 1893], [1187, 1893]], '이 자식  .', 0.46906183535503027), ([[129, 1997], [609, 1997], [609, 2065], [129, 2065]], '이 씨발견 . 용서못해]', 0.37812826629838886), ([[129, 2056], [701, 2056], [701, 2125], [129, 2125]], '거들거리고 성의없논 자세', 0.5760657544427044), ([[129, 2119], [691, 2119], [691, 2187], [129, 2187]], '수녀름 후원해주는 나한테', 0.3171794533296119), ([[128, 2179], [596, 2179], [596, 2251], [128, 2251]], '감히 이따위 태도라니', 0.9971943557177487)]
[([[402, 812], [434, 812], [434, 852], [402, 852]], '0', 0.9851161326091393), ([[433, 764], [650, 764], [650, 898], [433, 898]], '움굶', 0.135501177738458), ([[1218, 900], [1340, 900], [1340, 1040], [1218, 1040]], '셋0', 0.02644550946851296), ([[203, 1252], [505, 1252], [505, 1321], [203, 1321]], '이 건방진 년..', 0.42105572041096356), ([[937, 1291], [1007, 1291], [1007, 1327], [937, 1327]], '세뇌', 0.9755639719208424), ([[1174, 1304], [1323, 1304], [1323, 1353], [1174, 1353]], '{마법 카된', 0.15529421220616724), ([[203, 1313], [462, 1313], [462, 1380], [203, 1380]], '조금 교육이', 0.8157931832344545), ([[203, 1375], [449, 1375], [449, 1441], [203, 1441]], '필요하켓군', 0.6996106798393954), ([[1121.405095554342, 1271.331719774987], [1223.6374797283258, 1263.336046507255], [1225.594904445658, 1301.668280225013], [1122.3625202716742, 1309.663953492745]], '코드#', 0.18213655797403192), ([[1023.3447882227953, 1282.3585340901495], [1122.646935773225, 1274.3568750911843], [1123.6552117772048, 1311.6414659098505], [1024.353064226775, 1318.6431249088157]], '브레인', 0.9982164623478925)]
[([[209, 633], [353, 633], [353, 697], [209, 697]], '기기 !', 0.9073115587234497), ([[207, 695], [371, 695], [371, 757], [207, 757]], '그만 !!', 0.8551784045316841), ([[937, 1291], [1027, 1291], [1027, 1327], [937, 1327]], '세뇌 -', 0.6982061858324107), ([[1022, 1274], [1124, 1274], [1124, 1318], [1022, 1318]], '브레인', 0.9653312417403827), ([[249, 1831], [673, 1831], [673, 1897], [249, 1897]], '예절 주입 시가이다', 0.815422390960302), ([[250, 1888], [660, 1888], [660, 1961], [250, 1961]], '망할 암컷 꼬멩이진', 0.2905719034110271), ([[1121.405095554342, 1271.331719774987], [1223.6374797283258, 1263.336046507255], [1225.594904445658, 1301.668280225013], [1122.3625202716742, 1309.663953492745]], '권드#', 0.4474183427513221), ([[1245.543071206464, 1312.3775281716353], [1319.6912671009807, 1306.674450532353], [1321.456928793536, 1335.6224718283647], [1247.3087328990193, 1342.325549467647]], '가드]', 0.37457214555626356), ([[1176.710199258823, 1319.2914184435283], [1249.6752482232125, 1313.6424113494145], [1250.289800741177, 1345.7085815564717], [1177.3247517767875, 1350.3575886505855]], '[마법', 0.3820300252260142)]
[([[1167, 1813], [1372, 1813], [1372, 1885], [1167, 1885]], '확실하게', 0.9954513311386108), ([[1171, 1877], [1465, 1877], [1465, 1945], [1171, 1945]], '교육시켜주마', 0.9624746145385085)]
[([[1105, 275], [1339, 275], [1339, 341], [1105, 341]], '어이 암컷]', 0.4862810777274082), ([[1109, 337], [1427, 337], [1427, 403], [1109, 403]], '늘 하슈 복종의', 0.2624763248113918), ([[1105, 397], [1432, 397], [1432, 465], [1105, 465]], '자세틀 취해라!', 0.35742025978524045), ([[569, 573], [715, 573], [715, 657], [569, 657]], '괜덕', 0.28134080862784416), ([[390, 984], [456, 984], [456, 1040], [390, 1040]], '네', 0.9994670862846)]
