2634103
41
[]
[]
[]
[]
[]
[]
[([[1012.5197609502834, 2136.2241343867636], [1050.320087120079, 2155.2614145034404], [962.4802390497166, 2316.7758656132364], [924.679912879921, 2296.7385854965596]], '"', 0.2728656642511993)]
[]
[]
[]
[]
[]
[]
[]
[]
[]
[]
[]
[]
[]
[([[1316, 1283], [1373, 1283], [1373, 1362], [1316, 1362]], '9', 0.09663451896514985)]
[]
[]
[([[1319, 1283], [1373, 1283], [1373, 1360], [1319, 1360]], '다', 0.39910172078124617)]
[]
[]
[([[40, 20], [274, 20], [274, 118], [40, 118]], '사과문', 0.9948503965122965), ([[45, 137], [290, 137], [290, 194], [45, 194]], '금 오후 6.28', 0.9675850040084802), ([[45, 225], [275, 225], [275, 285], [45, 285]], '죄송합니다.', 0.9093601673691066), ([[45, 338], [834, 338], [834, 399], [45, 399]], '지인을 통해 이 소식올 접하게 되/습니다.', 0.2638662655223701), ([[43, 453], [917, 453], [917, 515], [43, 515]], '이 분올 비롯하여 모든 후원자 분들께 진심으로', 0.7096228320575055), ([[43, 511], [319, 511], [319, 571], [43, 571]], '사과드립니다.', 0.583395788067456), ([[45, 625], [277, 625], [277, 685], [45, 685]], '죄송합니다.', 0.8155659126505951), ([[45, 739], [771, 739], [771, 799], [45, 799]], '실망하고 떠나시는 분들께 죄송합니다.', 0.8318040567877263), ([[45, 851], [973, 851], [973, 913], [45, 913]], '저클 믿고 묵묵히 후원 해주신 분들께 죄송합니다.', 0.3211080702083394), ([[45, 965], [941, 965], [941, 1027], [45, 1027]], '모든 분들올 욕 보이는 행동올 한 점 죄송합니다.', 0.6750965344677494), ([[45, 1079], [979, 1079], [979, 1141], [45, 1141]], '실망하고 떠나시는 분들께는 조금이라도 속죄하고', 0.6980893385413955), ([[45, 1137], [235, 1137], [235, 1197], [45, 1197]], '싶습니다.', 0.9534241139320909), ([[45, 1251], [905, 1251], [905, 1311], [45, 1311]], '환불올 원하시는 분들께는 그간 저클 후원햇던', 0.19438673348183716), ([[43, 1308], [400, 1308], [400, 1368], [43, 1368]], '기간만큼의 금액올', 0.9855349829983377), ([[45, 1421], [539, 1421], [539, 1483], [45, 1483]], '최대한 돌려드리켓습니다.', 0.52199091503243), ([[45, 1534], [947, 1534], [947, 1598], [45, 1598]], '너무 오래되어 폐트론의 시스템적 한계로 환불이', 0.82885797627411), ([[46, 1596], [316, 1596], [316, 1652], [46, 1652]], '안돼는 금액도', 0.779579764617852), ([[45, 1707], [677, 1707], [677, 1769], [45, 1769]], '계좌이체틀 해서라도 하켓습니다.', 0.47396664971791375), ([[45, 1821], [494, 1821], [494, 1883], [45, 1883]], '모든결 감내하켓습니다.', 0.6087127414813736)]
[([[45, 21], [907, 21], [907, 83], [45, 83]], '혹시 아직 보고계시다면 한가지 청이있습니다.', 0.6552407435723601), ([[45, 135], [731, 135], [731, 195], [45, 195]], '불법배포는 부디 지위주십사 합니다.', 0.642401844112085), ([[45, 249], [898, 249], [898, 311], [45, 311]], '불법배포만 아니라면 어디라도 상관없습니다:', 0.6920273488834531), ([[45, 363], [729, 363], [729, 423], [45, 423]], '후기글만 업로드 해주시길 바람니다.', 0.7427084103195314), ([[45, 475], [947, 475], [947, 539], [45, 539]], '후기글은 저 스스로가 의지가 약해지거나 열정이', 0.9970004526161342), ([[44, 532], [221, 532], [221, 597], [44, 597]], '식어갈때', 0.9970548748970032), ([[45, 647], [1003, 647], [1003, 709], [45, 709]], '꺼내보며 마음을 다잡올때마다 보고 또 보켓습니다.', 0.23516816346335395), ([[45, 761], [645, 761], [645, 823], [45, 823]], '폐트론에 이 글도 남기켓습니다.', 0.6421108494834212), ([[43, 875], [945, 875], [945, 937], [43, 937]], '제게 받은 상처, 원망 분노 오릇이 제계만 향하길', 0.41352524137358104), ([[45, 933], [233, 933], [233, 993], [45, 993]], '바람니다.', 0.8467964124931748), ([[45, 1044], [853, 1044], [853, 1108], [45, 1108]], '후원자분들의 소중한 돈으로 모여 만들어진', 0.9626472623226283), ([[44, 1101], [277, 1101], [277, 1166], [44, 1166]], '그림입니다.', 0.8259207368787166), ([[43, 1217], [947, 1217], [947, 1279], [43, 1279]], '제가 건방지게 이런 말을 입에담논건 내로남불이', 0.5337170260740347), ([[45, 1275], [221, 1275], [221, 1335], [45, 1335]], '되켓지만', 0.31813111901283264), ([[45, 1389], [319, 1389], [319, 1449], [45, 1449]], '부탁드립니다.', 0.3990050157611454), ([[45, 1511], [779, 1511], [779, 1571], [45, 1571]], '추가: 불법배포든 게시물은 한번 올리면', 0.5497792375180921), ([[45, 1565], [917, 1565], [917, 1629], [45, 1629]], '게시하신분의 손올 떠나버려 그 어떤 수정 삭제', 0.6107642281586533), ([[46, 1626], [178, 1626], [178, 1682], [46, 1682]], '조치가', 0.996546928940967), ([[43, 1739], [685, 1739], [685, 1799], [43, 1799]], '불가능하단걸 뒤 늦게 알앞습니다.', 0.17507185611193113)]
[([[17, 61], [889, 61], [889, 121], [17, 121]], '다음번엔 이런 일 없도록 최선올 다하켓습니다.', 0.7594603004316021)]
[([[175, 41], [315, 41], [315, 101], [175, 101]], '수테차', 0.34924994174360097), ([[845, 47], [1031, 47], [1031, 91], [845, 91]], '금 오후 6.31', 0.7239274278461892), ([[67, 127], [125, 127], [125, 145], [67, 145]], '또>새', 0.0011964633050340892), ([[177, 109], [863, 109], [863, 171], [177, 171]], '항상 응원하고 있습니다 힘내세요응', 0.43603154117585835), ([[323, 187], [389, 187], [389, 231], [323, 231]], '답글', 0.9996248293706893), ([[174, 281], [391, 281], [391, 356], [174, 356]], '답쳐^하9어', 5.1660101086104985e-05), ([[845, 293], [1035, 293], [1035, 337], [845, 337]], '금 오후 6.34', 0.6647695998387533), ([[177, 355], [921, 355], [921, 417], [177, 417]], '짧이 안보여서 무슨 일인지 모르켓어요', 0.5410085008464737), ([[323, 433], [391, 433], [391, 477], [323, 477]], '답글', 0.9995993755667861), ([[176, 536], [300, 536], [300, 586], [176, 586]], '*;이이~마', 0.0003925851463808571), ([[845, 539], [1035, 539], [1035, 583], [845, 583]], '금 오후 6.35', 0.839592342690346), ([[177, 599], [945, 599], [945, 663], [177, 663]], '음 이 기회에 하나만 말할게요 저논 폭유', 0.4129531151415281), ([[177, 665], [907, 665], [907, 725], [177, 725]], '여캐들올 좋아하는데 그림체 이상하면', 0.47361226133060486), ([[177, 727], [951, 727], [951, 787], [177, 787]], '안보는데 작가남꺼는 그림체도 취향이고', 0.41954797760999146), ([[177, 789], [1017, 789], [1017, 851], [177, 851]], '폭유캐릭이 많아서 후원올 햇볕딩 요세는 음', 0.3208343285838764), ([[177, 853], [919, 853], [919, 915], [177, 915]], '통강님 캐릭터 보추 같은캐릭터가 많이', 0.44302885217022153), ([[177, 915], [919, 915], [919, 977], [177, 977]], '보이더라구요 저논 남자 가지고 성옥올', 0.6720292070932931), ([[176, 976], [1005, 976], [1005, 1041], [176, 1041]], '해소하는 사람이 아니여서 말이종 보주보단', 0.7029283173785521), ([[177, 1043], [961, 1043], [961, 1103], [177, 1103]], '폭유 캐릭터클 조금더 많이 그려주석으면', 0.4963418488671092), ([[179, 1105], [541, 1105], [541, 1167], [179, 1167]], '합니다 응원합니다', 0.9293126324849166), ([[230, 1188], [260, 1188], [260, 1222], [230, 1222]], '5', 1.0), ([[321, 1183], [391, 1183], [391, 1227], [321, 1227]], '답글', 0.9995774618479486), ([[176, 1286], [356, 1286], [356, 1336], [176, 1336]], '어거:어4', 0.004244469825398224), ([[845, 1289], [1035, 1289], [1035, 1333], [845, 1333]], '금 오후 6.44', 0.9873479713646494), ([[177, 1351], [963, 1351], [963, 1413], [177, 1413]], '마감이니 마무리니 몇개월올 끌다가 대충', 0.9252975334039607), ([[177, 1414], [892, 1414], [892, 1475], [177, 1475]], '이때 나오켓다 싶올때 코로나+침수가', 0.4149897330752415), ([[179, 1473], [1030, 1473], [1030, 1540], [179, 1540]], '터적습니다 올해는 액이 끈 것 같으니 손동고', 0.20917299278058585), ([[177, 1539], [927, 1539], [927, 1603], [177, 1603]], '푹 쉬세요 저논 12월에 7달러로 간보고', 0.5389475466710621), ([[177, 1603], [487, 1603], [487, 1665], [177, 1665]], '결제하켓습니다', 0.9370499777555127), ([[185, 1685], [257, 1685], [257, 1721], [185, 1721]], '0 1', 0.9660356640815735), ([[321, 1681], [391, 1681], [391, 1725], [321, 1725]], '답글', 0.9995129857605275)]
[([[177, 47], [325, 47], [325, 107], [177, 107]], '다윗 이', 0.6135362272294251), ([[845, 55], [1031, 55], [1031, 99], [845, 99]], '금 오후 7.07', 0.8818794446985306), ([[56, 76], [148, 76], [148, 132], [56, 132]], '다윗', 0.6935222909218347), ([[177, 117], [933, 117], [933, 179], [177, 179]], '이 기회에 말함게요 전 보추도 좋습니다', 0.4497032906352091), ([[177, 179], [973, 179], [973, 241], [177, 241]], '그러니 보추그림도 잘그런논 3000원남올', 0.46289182648561983), ([[177, 243], [987, 243], [987, 305], [177, 305]], '놓지고 싶지 안네요. 혹시 싫어하는 분들올', 0.7325242067054537), ([[177, 305], [943, 305], [943, 365], [177, 365]], '위해 배포 할때 따로 주의름 주단지 다른', 0.36067599027150476), ([[177, 369], [1005, 369], [1005, 429], [177, 429]], '여캐들도 그려주면 좋은데 작가님 원하시고', 0.7115172742252696), ([[177, 430], [1019, 430], [1019, 494], [177, 494]], '다른분들 원하시는데로 해주세요 그냥 보추', 0.6958805805986132), ([[175, 495], [865, 495], [865, 555], [175, 555]], '그림도 가끔씩 그려주면 좋계습니다', 0.49322504138640677), ([[323, 573], [389, 573], [389, 615], [323, 615]], '답글', 0.9996660447073754), ([[173, 675], [507, 675], [507, 739], [173, 739]], '5나6-.,어3-오실하9', 1.1260551890078575e-05), ([[845, 679], [1035, 679], [1035, 723], [845, 723]], '금 오후 705', 0.9825824168124875), ([[173, 740], [943, 740], [943, 807], [173, 807]], "1+'$ @`하깥=. ;5 룹하마웃. | <룹어컨. +0 *..명", 1.970988226525886e-06), ([[175, 806], [897, 806], [897, 870], [175, 870]], '하명기,하기,닿입 %어산 (.하명;+. 히뷰 어8 +^;도.', 1.7505629527368518e-06), ([[177, 867], [607, 867], [607, 929], [177, 929]], '괜찮아, 인생은 힘들어', 0.7320952233825517), ([[633, 867], [923, 867], [923, 927], [633, 927]], '이 모든 것에도', 0.8523359806114584), ([[177, 927], [919, 927], [919, 992], [177, 992]], '불구하고 나는 당신올 계속 후원하기로', 0.9054948049989737), ([[176, 993], [456, 993], [456, 1053], [176, 1053]], '결정햇습니다.', 0.6422106614732807), ([[323, 1071], [391, 1071], [391, 1115], [323, 1115]], '답글', 0.999646574823726), ([[174, 1174], [332, 1174], [332, 1224], [174, 1224]], ')4닿묘6', 0.0002684517304371676), ([[845, 1177], [1037, 1177], [1037, 1221], [845, 1221]], '금 오후 7:15', 0.8713832102986325), ([[175, 1237], [921, 1237], [921, 1301], [175, 1301]], '벼이? 보상목록이 꽤 많길레 작업 속도가', 0.18213620371881195), ([[177, 1301], [909, 1301], [909, 1363], [177, 1363]], '빠르시구나 햇는대 이런일이 있는출은', 0.3875683631326406), ([[178, 1368], [322, 1368], [322, 1424], [178, 1424]], '몰탓네.', 0.14735202491283417), ([[323, 1443], [391, 1443], [391, 1485], [323, 1485]], '답글', 0.9996366292117335), ([[178, 1546], [404, 1546], [404, 1596], [178, 1596]], '물어하물어하컨', 2.645484561049391e-05), ([[845, 1549], [1035, 1549], [1035, 1593], [845, 1593]], '금 오후 723', 0.9688910956878328), ([[199, 1615], [763, 1615], [763, 1678], [199, 1678]], '>들 $나명명아*+ !어4 >교석,.+서,', 1.0162945161852704e-06), ([[787, 1621], [871, 1621], [871, 1663], [787, 1663]], '(하', 0.1084873618522393), ([[323, 1689], [391, 1689], [391, 1733], [323, 1733]], '답글', 0.999710884861856)]
[([[177, 83], [833, 83], [833, 143], [177, 143]], '오랜만에 글을 새보내요 저논 뭐저', 0.6705378105310563), ([[176, 144], [1005, 144], [1005, 207], [176, 207]], '글읽어빛논데 딴건 모르켓고 그동안 열심히', 0.27130276297981565), ([[177, 207], [957, 207], [957, 269], [177, 269]], '돈쓰면서 재핑게 빛농고 환불 그거 맞나?', 0.25505487548140293), ([[176, 267], [940, 267], [940, 333], [176, 333]], '모르켓습니다, 암튼 뭐 저름 개 돼지라고', 0.2897951742869263), ([[177, 334], [973, 334], [973, 395], [177, 395]], '활수도 있지만 저논 그냥 작가님 그림체도', 0.6881969562651541), ([[177, 397], [961, 397], [961, 459], [177, 459]], '종고 간간히 올려주시는 잠품들도 좋아서', 0.7657094915864894), ([[175, 459], [907, 459], [907, 521], [175, 521]], '꾸준히 후원올 하고있는거라 별생각이', 0.5409198325537291), ([[176, 523], [365, 523], [365, 585], [176, 585]], '안드네요', 0.9590608477592468), ([[323, 601], [391, 601], [391, 645], [323, 645]], '답글', 0.9994654512291349), ([[177, 699], [327, 699], [327, 761], [177, 761]], '대현 조', 0.9866799832943483), ([[845, 707], [1035, 707], [1035, 751], [845, 751]], '금 오후 7.29', 0.903778551694283), ([[177, 769], [930, 769], [930, 829], [177, 829]], '근데 저렇게 꼭 지딴에 배신감 느껴다고', 0.6527792657920554), ([[177, 831], [864, 831], [864, 894], [177, 894]], '불법업로드 하느애들이 많은데 그런', 0.7964491431232297), ([[174, 895], [963, 895], [963, 955], [174, 955]], '불법업로드만 좀 막히면 중돌다는 바람은', 0.48251659953483733), ([[177, 959], [357, 959], [357, 1019], [177, 1019]], '같습니다', 0.6666380763053894), ([[323, 1037], [391, 1037], [391, 1079], [323, 1079]], '답글', 0.9997608671568909), ([[175, 1145], [359, 1145], [359, 1189], [175, 1189]], '[기교하풀.', 2.7193290686495354e-05), ([[844, 1140], [1036, 1140], [1036, 1188], [844, 1188]], '금 오후 804', 0.9971488443509846), ([[177, 1205], [725, 1205], [725, 1267], [177, 1267]], '확실히 안타까운 상황이지만', 0.9941641574315276), ([[175, 1266], [961, 1266], [961, 1329], [175, 1329]], '계기로 초심올 다시 찾아주시면 팬으로서', 0.7897674058646066), ([[177, 1331], [501, 1331], [501, 1391], [177, 1391]], '감사하켓습니다.', 0.829419870429661), ([[323, 1409], [395, 1409], [395, 1451], [323, 1451]], '답글', 0.9997088619850558), ([[177, 1507], [269, 1507], [269, 1567], [177, 1567]], '뱀버', 0.8496674169130929), ([[845, 1515], [1031, 1515], [1031, 1557], [845, 1557]], '금 오후 8.57', 0.7956471225160137), ([[177, 1575], [639, 1575], [639, 1637], [177, 1637]], '오랫동안 후원하긴 햇조', 0.861489704190954), ([[177, 1639], [973, 1639], [973, 1701], [177, 1701]], '전 그저 잘 마무리하시고 커미선이나 한번', 0.6980384065119686), ([[175, 1703], [541, 1703], [541, 1763], [175, 1763]], '해주석으면 합니다', 0.5645913493374476)]
[([[174, 15], [521, 15], [521, 82], [174, 82]], '레구하-실미/히탁', 8.263513430697992e-06), ([[847, 23], [1035, 23], [1035, 67], [847, 67]], '토 오전 1.09', 0.8130234312815758), ([[177, 85], [811, 85], [811, 147], [177, 147]], '메시지론 몇번 인사드껴습니다만', 0.5803145633503279), ([[179, 147], [649, 147], [649, 209], [179, 209]], '덧글 쓰는건 처음이네요', 0.4601989098092503), ([[177, 211], [411, 211], [411, 271], [177, 271]], '한날 딸징이', 0.4321552506012328), ([[180, 276], [420, 276], [420, 332], [180, 332]], '달로는 19달', 0.6198550240877373), ([[177, 337], [533, 337], [533, 397], [177, 397]], '후원금은 235달러', 0.9745837123437708), ([[179, 401], [877, 401], [877, 461], [179, 461]], '많다면 망고 적다면 적은 금액이지만', 0.5985100826800551), ([[175, 463], [507, 463], [507, 523], [175, 523]], '15달러로 바꾸고', 0.9899990532013654), ([[175, 525], [987, 525], [987, 587], [175, 587]], '후원 금액에 비하여 후원 보상은 좀 작다곧', 0.9146112482545153), ([[177, 589], [357, 589], [357, 649], [177, 649]], '느껴지만', 0.9463260769844055), ([[175, 651], [729, 651], [729, 716], [175, 716]], '자야 @04까진 작가님 그래도', 0.43355984562299626), ([[177, 715], [571, 715], [571, 775], [177, 775]], '후원해보자엿습니다', 0.6672057067943151), ([[175, 777], [921, 777], [921, 839], [175, 839]], '저분이 화내시논것도 당연하다 붙니다.', 0.572777601862766), ([[177, 841], [681, 841], [681, 901], [177, 901]], '그리고 불법 배포하신것도', 0.9874512299851179), ([[175, 905], [1005, 905], [1005, 965], [175, 965]], '오랫동안 믿없묘만큼 배신감도 그만큼 크게', 0.2589104169840288), ([[178, 970], [368, 970], [368, 1026], [178, 1026]], '온 거젯조', 0.3791177693305851), ([[177, 1030], [899, 1030], [899, 1091], [177, 1091]], '누구나 실수는 할 수 있으니 이번 일로', 0.7835909594772581), ([[174, 1089], [723, 1089], [723, 1156], [174, 1156]], '자원자애 하서서 성장하시면', 0.7440025107312305), ([[177, 1157], [747, 1157], [747, 1217], [177, 1217]], '좀 아팎 성장통이 되켓지요', 0.3481963440440097), ([[175, 1219], [973, 1219], [973, 1279], [175, 1279]], '그간 15~20달러 후원 일정기간 하신분들', 0.8506809268685107), ([[177, 1283], [311, 1283], [311, 1339], [177, 1339]], '한해선', 0.9999255311638199), ([[177, 1345], [877, 1345], [877, 1407], [177, 1407]], '무료 커미선이라도 하시면 그나마 좀', 0.9501723984565756), ([[175, 1409], [711, 1409], [711, 1469], [175, 1469]], '누그러들지않으실까하네요.', 0.8632168239316809), ([[173, 1471], [835, 1471], [835, 1533], [173, 1533]], '7~8월 악재가 경치석논데 멘달 잘', 0.21281680946313702), ([[176, 1535], [639, 1535], [639, 1595], [176, 1595]], '잡으섞으면 좋계습니다.', 0.2656833799883069), ([[176, 1592], [378, 1592], [378, 1644], [176, 1644]], '간락히 보기', 0.8976396112960003)]
[]
[([[176, 34], [356, 34], [356, 90], [176, 90]], '클랜카드', 0.7864012718200684), ([[847, 41], [1035, 41], [1035, 83], [847, 83]], '토 오전 1:56', 0.31117399124398326), ([[175, 101], [833, 101], [833, 165], [175, 165]], '지금은 보상 잘하고 계시니 힘내고', 0.909858865510066), ([[177, 165], [427, 165], [427, 225], [177, 225]], '버터붙시다 .', 0.775472669744699), ([[323, 243], [391, 243], [391, 285], [323, 285]], '답글', 0.9996523062065118), ([[176, 346], [410, 346], [410, 396], [176, 396]], '[즌(+0마123', 0.001276176402772123), ([[847, 349], [1035, 349], [1035, 393], [847, 393]], '토 오전 2.33', 0.6387210502548584), ([[175, 409], [861, 409], [861, 471], [175, 471]], '저도 자야 에피소드 1부터 후원해온', 0.7061141157175166), ([[177, 471], [1005, 471], [1005, 535], [177, 535]], '입장으로선 좀 착잡한 심정입니다만 건강도', 0.7350354125345803), ([[177, 536], [960, 536], [960, 597], [177, 597]], '챙기시면서 조금만 더 작업에 힘내주시면', 0.49994173385877694), ([[177, 601], [539, 601], [539, 661], [177, 661]], '감사드리계습니다:', 0.6691585874995524), ([[557, 598], [1021, 598], [1021, 662], [557, 662]], '후원은 계속하고 싶으나', 0.9271675424671112), ([[177, 662], [951, 662], [951, 723], [177, 723]], '임시보상물같은 경우는 보주분만 아니라', 0.41367803463898745), ([[179, 725], [909, 725], [909, 787], [179, 787]], '다양한 장르름 그려주석으면 좋계어요', 0.3475013819806388), ([[323, 803], [391, 803], [391, 847], [323, 847]], '답글', 0.9996656232801464), ([[176, 906], [310, 906], [310, 956], [176, 956]], '-<.', 0.006913567637928074), ([[847, 909], [1031, 909], [1031, 953], [847, 953]], '토 오전 241', 0.7467477778737084), ([[177, 971], [1019, 971], [1019, 1033], [177, 1033]], '스트리머 친목질은 작가님 자유이긴 합니다.', 0.8620605354704718), ([[175, 1035], [1017, 1035], [1017, 1097], [175, 1097]], '그런데 최근 들어 돌려막기식 보상이 보여서', 0.9450458092966214), ([[175, 1097], [919, 1097], [919, 1159], [175, 1159]], '아쉽긴 합니다 그나마 괜찮다는 보상도', 0.626986827493398), ([[176, 1157], [768, 1157], [768, 1222], [176, 1222]], '언제부터인가 그렇네여 보추는', 0.6783295849565403), ([[177, 1223], [971, 1223], [971, 1285], [177, 1285]], '글쎄여.. 작가남이 4편 진행 하기 힘드시면', 0.6061042744531843), ([[177, 1285], [974, 1285], [974, 1348], [177, 1348]], '대강 시마이치고 요즘 트랜드에 맞는 다른', 0.6115770214356218), ([[177, 1349], [951, 1349], [951, 1411], [177, 1411]], '여캐들올 다양하게 그렇으면 좋계습니다', 0.382260332267458), ([[230, 1432], [258, 1432], [258, 1464], [230, 1464]], '6', 0.9999995231628986), ([[323, 1429], [391, 1429], [391, 1471], [323, 1471]], '답글', 0.9997535341268151)]
[([[177, 27], [359, 27], [359, 87], [177, 87]], '프라타타', 0.7904137372970581), ([[921, 35], [1035, 35], [1035, 77], [921, 77]], '27시간', 0.936403214931488), ([[175, 95], [1009, 95], [1009, 157], [175, 157]], '17년 11월 부터 후원하던 사람입니다. 물론', 0.5893604118379633), ([[175, 156], [921, 156], [921, 220], [175, 220]], '계속 일정한 금액으로 주육 후원하지도', 0.6753543458769429), ([[175, 219], [889, 219], [889, 282], [175, 282]], '못햇고 사정이 쫓지 않을 때는 후원올', 0.5693021988396431), ([[177, 285], [545, 285], [545, 345], [177, 345]], '쉬어가기도 햇지만.', 0.7123747605757299), ([[175, 409], [931, 409], [931, 471], [175, 471]], '저도 다른 분들이랑 비슷한 감정이네요', 0.6865647174350719), ([[176, 471], [959, 471], [959, 535], [176, 535]], '처음에는 피들스틱올 꼴릿하게 그리논 걸', 0.5343234452880988), ([[175, 535], [987, 535], [987, 597], [175, 597]], '보고 후원올 시작 햇없습니다. 자야 만화큼', 0.5071649717231146), ([[175, 595], [981, 595], [981, 663], [175, 663]], '보고는 엄청 훔주스러워고 추가적으로 꼽', 0.0940590182067993), ([[175, 661], [1019, 661], [1019, 723], [175, 723]], '파일올 만드는 것도 만족스러워습니다 . 최근', 0.8090553175952848), ([[177, 725], [865, 725], [865, 787], [177, 787]], '보상으로 올라온 그림들이 야하기논', 0.6607635685805029), ([[177, 789], [321, 789], [321, 849], [177, 849]], '햇지만:', 0.553128719329834), ([[355, 787], [925, 787], [925, 849], [355, 849]], '제가 좋아하는 캐릭터 익숙한', 0.435800623424481), ([[175, 851], [821, 851], [821, 911], [175, 911]], '캐릭터의 얼굴과 성격으로 그렇게', 0.5178506563118377), ([[177, 911], [821, 911], [821, 975], [177, 975]], '꿀없더라면 더욱 만족스러워켓조.', 0.3575505684560715), ([[174, 1037], [1007, 1037], [1007, 1102], [174, 1102]], '패트리온에서 활동중인 작가분들은 한 번씩', 0.9461114998633966), ([[176, 1101], [1029, 1101], [1029, 1164], [176, 1164]], '우여곡절올 겪더군요. 삼천원 남도 이번 일흘', 0.6152396094233782), ([[175, 1165], [1017, 1165], [1017, 1227], [175, 1227]], '계기로 자기 자신올 돌아보석으면 좋켓네요.', 0.22737672821923607), ([[175, 1226], [1027, 1226], [1027, 1292], [175, 1292]], '구독자들이 월 원하는지 언제 구독자가 한참', 0.4066582915200943), ([[176, 1289], [1003, 1289], [1003, 1355], [176, 1355]], '늘엎는지... 실수햇던 다른 작가들은 처신올', 0.2513965030659571), ([[177, 1355], [883, 1355], [883, 1415], [177, 1415]], '어떻게 하고 있는지.. 조금 더 기다려', 0.38356666339183865), ([[177, 1419], [411, 1419], [411, 1479], [177, 1479]], '보켓습니다.', 0.4582592006572027), ([[176, 1474], [378, 1474], [378, 1528], [176, 1528]], '간락히 보기', 0.9906251703945836), ([[321, 1545], [391, 1545], [391, 1587], [321, 1587]], '답글', 0.9997980382757988)]
[]
[]
[]
[]
[([[1353, 1499], [1425, 1499], [1425, 1581], [1353, 1581]], '(', 0.9985759563262633)]
