2636768
11
[([[29, 19], [257, 19], [257, 152], [29, 152]], '[키애1', 0.03218962997198105), ([[331, 65], [397, 65], [397, 131], [331, 131]], '5', 0.9432510695005227), ([[251, 491], [315, 491], [315, 535], [251, 535]], '부우', 0.08842851427780261)]
[([[44, 42], [170, 42], [170, 475], [44, 475]], '%', 0.04535312510122602), ([[723, 59], [812, 59], [812, 304], [723, 304]], '움', 0.7184296721819159), ([[183.28215510483713, 337.03690451692006], [231.5059198240493, 317.01830642811973], [282.7178448951629, 447.96309548307994], [235.4940801759507, 468.98169357188027]], '쭉', 0.9689971916401561), ([[668.1200226835673, 326.03230849651595], [800.8135956736189, 389.89311669515075], [751.8799773164327, 485.96769150348405], [620.1864043263811, 422.10688330484925]], '(;유오', 0.0025548057164996862)]
[([[7, 11], [273, 11], [273, 149], [7, 149]], '[(0', 0.1832866375216832), ([[251, 675], [332, 675], [332, 735], [251, 735]], '2색', 0.041424737420243496), ([[299.8669156380993, 304.1079613181161], [371.3045696417696, 314.19615604649323], [362.1330843619007, 367.8920386818839], [290.6954303582304, 356.80384395350677]], '#늘', 0.04831583250950693)]
[([[607, 671], [675, 671], [675, 709], [607, 709]], '찌넷', 0.19462510992042706), ([[266.263428220882, 640.3112561963815], [335.8245559905853, 630.7793212710861], [339.736571779118, 676.6887438036185], [271.1754440094147, 685.2206787289139]], '찌', 0.6434411021745099)]
[([[1, 6], [206, 6], [206, 162], [1, 162]], '047?', 0.03721441701054573), ([[48, 188], [141, 188], [141, 256], [48, 256]], '흐응', 0.8393338879195276), ([[138, 202], [164, 202], [164, 234], [138, 234]], '"', 0.06867498359321988), ([[608, 672], [730, 672], [730, 746], [608, 746]], '모질"', 0.1131618930394027), ([[195, 769], [323, 769], [323, 853], [195, 853]], '(문질 ', 0.2068752050587723)]
[([[42, 294], [118, 294], [118, 396], [42, 396]], '흐', 0.5915663534443674), ([[280, 786], [411, 786], [411, 863], [280, 863]], "'까득-", 0.7378321886062622), ([[51.272009758498186, 394.02653369142513], [125.4667928063493, 380.30902826077056], [152.72799024150183, 550.9734663085749], [78.5332071936507, 564.6909717392294]], '앗', 0.10980826668913668)]
[([[153, 25], [221, 25], [221, 123], [153, 123]], '5', 0.999998569489037), ([[274, 144], [336, 144], [336, 194], [274, 194]], '유', 0.19378344005826964), ([[206, 418], [274, 418], [274, 468], [206, 468]], '움질', 0.5777790738859284), ([[776, 554], [844, 554], [844, 604], [776, 604]], '움질', 0.588589643205873), ([[579, 705], [653, 705], [653, 749], [579, 749]], '살랑', 0.1150217097684907), ([[403, 771], [481, 771], [481, 815], [403, 815]], '살보', 0.05034385118910918), ([[29.826696911423134, 6.0430779953546185], [181.12753545257533, 40.48915836698527], [146.17330308857686, 173.95692200464538], [-5.127535452575323, 139.51084163301473]], "[초'", 0.1298520781410544)]
[([[180, 200], [246, 200], [246, 256], [180, 256]], '움필', 0.6542834523791486), ([[247, 263], [263, 263], [263, 299], [247, 299]], '3', 0.9317325363781647), ([[715, 225], [817, 225], [817, 287], [715, 287]], '하악%', 0.720463521490716), ([[152, 322], [234, 322], [234, 370], [152, 370]], '육질', 0.10722980619564224), ([[729, 537], [814, 537], [814, 696], [729, 696]], '웃', 0.011436042759228826), ([[552.2161622789964, 733.0618223576777], [712.9784397082989, 761.5361702135125], [702.7838377210036, 805.9381776423223], [542.0215602917011, 777.4638297864875]], '사사사사', 0.23103643953800201), ([[552.9262490156137, 1081.0412372029778], [773.3055598066256, 1119.6454531541951], [746.0737509843863, 1238.9587627970222], [526.6944401933744, 1200.3545468458049]], '#켜%하', 0.02585531584918499)]
[([[12, 190], [94, 190], [94, 238], [12, 238]], '꺼나', 0.3378298144824188), ([[791, 225], [879, 225], [879, 293], [791, 293]], '멘푹', 0.004853502835533847), ([[570, 858], [691, 858], [691, 915], [570, 915]], '지이 0', 0.3095441460609436), ([[23.920408761901378, 10.044905142816566], [182.03920067700412, 45.09514046492425], [153.07959123809863, 155.95509485718344], [-4.039200677004121, 120.90485953507576]], '[', 0.6119927232933975)]
[([[231, 13], [275, 13], [275, 71], [231, 71]], '가', 0.985322491430086), ([[70, 151], [108, 151], [108, 236], [70, 236]], '3', 0.19295000737697965), ([[761, 455], [805, 455], [805, 521], [761, 521]], '응', 0.9989188257177375), ([[56, 524], [148, 524], [148, 600], [56, 600]], '웃"', 0.05757610303558065), ([[760, 725], [823, 725], [823, 952], [760, 952]], '%', 0.006997307608036574), ([[334, 845], [391, 845], [391, 1056], [334, 1056]], '#', 0.12916463559655345), ([[513, 934], [561, 934], [561, 1041], [513, 1041]], '국', 0.5981320845178608)]
[([[19, 17], [87, 17], [87, 97], [19, 97]], '))', 0.6234248949200946), ([[138, 296], [250, 296], [250, 372], [138, 372]], '지질', 0.013836271099854348), ([[682, 324], [805, 324], [805, 417], [682, 417]], '물질', 0.16886711036596092), ([[553, 839], [635, 839], [635, 907], [553, 907]], '즉내', 0.03741421596965925), ([[243, 925], [382, 925], [382, 1009], [243, 1009]], '주름"', 0.37813203142059026)]
