2639638
56
[([[57, 227], [181, 227], [181, 674], [57, 674]], '봄', 0.01965639627232818), ([[55, 787], [176, 787], [176, 1346], [55, 1346]], '흙', 0.1992303518138252), ([[1086, 798], [1208, 798], [1208, 1246], [1086, 1246]], '흙', 0.011889437158434157), ([[1089, 1235], [1211, 1235], [1211, 1467], [1089, 1467]], '등', 0.7639826114886006), ([[51, 1663], [202, 1663], [202, 1725], [51, 1725]], '묘-18', 0.15695309034205351), ([[1095, 1631], [1187, 1631], [1187, 1765], [1095, 1765]], '2', 1.0), ([[31, 1751], [223, 1751], [223, 1787], [31, 1787]], '(아< 라드+ 어탁물%|', 0.0001522292791179608)]
[([[377, 74], [436, 74], [436, 112], [377, 112]], '아퍼', 0.9909983036058678), ([[532, 46], [564, 46], [564, 162], [532, 162]], '%', 0.05521275119758773), ([[1150, 200], [1234, 200], [1234, 232], [1150, 232]], '나는 더', 0.9781968435999496), ([[1161, 225], [1222, 225], [1222, 264], [1161, 264]], '이상', 0.9990415466637265), ([[462, 264], [548, 264], [548, 296], [462, 296]], '도와쥐!', 0.48854848742485046), ([[1129, 255], [1257, 255], [1257, 291], [1129, 291]], '마법소녀개', 0.9561014786511032), ([[1164, 286], [1218, 286], [1218, 318], [1164, 318]], '되지', 0.9979896819234191), ([[1141, 313], [1241, 313], [1241, 349], [1141, 349]], '않젯다고', 0.4281005561351776), ([[1141, 339], [1243, 339], [1243, 377], [1141, 377]], '결심햇어', 0.7969504594802856), ([[197, 453], [217, 453], [217, 477], [197, 477]], '{', 0.3352523153153584), ([[41, 561], [123, 561], [123, 597], [41, 597]], '사람이', 0.9209078919695448), ([[45, 589], [121, 589], [121, 627], [45, 627]], '습격당', 0.9659093443099108), ([[54, 622], [110, 622], [110, 652], [54, 652]], '하고', 0.9999752177430182), ([[45, 647], [121, 647], [121, 683], [45, 683]], '있다?!', 0.9825044870376587), ([[966, 1062], [998, 1062], [998, 1204], [966, 1204]], '둘', 0.0058096289767606835), ([[770, 1486], [798, 1486], [798, 1518], [770, 1518]], '호', 0.9514841732673176), ([[406, 1582], [438, 1582], [438, 1616], [406, 1616]], '차', 0.1003367865774294), ([[678, 1624], [702, 1624], [702, 1652], [678, 1652]], '호', 0.6155779231676348), ([[88, 1630], [116, 1630], [116, 1702], [88, 1702]], '옷', 0.7459198826836655), ([[882, 1694], [914, 1694], [914, 1726], [882, 1726]], '하', 0.9999030851958288), ([[699.0895536990885, 452.0835899750777], [733.4878571201568, 428.0238573744001], [789.9104463009115, 515.9164100249224], [755.5121428798432, 539.9761426255999]], '7', 0.5347641167677608)]
[]
[]
[([[55, 697], [93, 697], [93, 835], [55, 835]], '흙', 0.01726820501428339)]
[([[888, 500], [920, 500], [920, 538], [888, 538]], '도,', 0.8112037035924575), ([[890, 558], [922, 558], [922, 702], [890, 702]], '품', 0.006790382798399719), ([[938, 1662], [968, 1662], [968, 1696], [938, 1696]], '모', 0.006367449388094082), ([[480.11378308918484, 1668.2802937548427], [700.0339940250987, 1616.8387512650222], [720.8862169108152, 1748.7197062451573], [500.9660059749014, 1800.1612487349778]], '"{가', 0.04455893089705791)]
[([[1792, 554], [2028, 554], [2028, 844], [1792, 844]], '그', 0.8480430640395618)]
[([[738, 56], [886, 56], [886, 228], [738, 228]], '0)', 0.43408804325068295), ([[888, 878], [940, 878], [940, 946], [888, 946]], '#', 0.23640444212338707), ([[1151, 1293], [1235, 1293], [1235, 1329], [1151, 1329]], '괜찮아', 0.9844756722450256), ([[1166, 1326], [1220, 1326], [1220, 1356], [1166, 1356]], '요?!', 0.6937900727031168), ([[668, 1358], [696, 1358], [696, 1394], [668, 1394]], '웃', 0.7740462951278602), ([[44, 1412], [122, 1412], [122, 1502], [44, 1502]], '흰튿', 0.0008035501783627957), ([[468, 1426], [556, 1426], [556, 1498], [468, 1498]], '차물', 0.07097504688212344), ([[48, 1490], [116, 1490], [116, 1520], [48, 1520]], '사람에', 0.8854962030199268), ([[473, 1489], [555, 1489], [555, 1525], [473, 1525]], '할게요', 0.7415244389095769), ([[44, 1514], [74, 1514], [74, 1544], [44, 1544]], '게', 0.9999595884591237), ([[68, 1510], [120, 1510], [120, 1572], [68, 1572]], '떠', 0.017950474300224784), ([[473, 1517], [556, 1517], [556, 1559], [473, 1559]], '가만히', 0.9999816236100062), ([[44, 1536], [98, 1536], [98, 1620], [44, 1620]], '#', 0.036098306043946815), ([[88, 1562], [114, 1562], [114, 1590], [88, 1590]], '해', 0.9999555354292831), ([[475, 1553], [557, 1553], [557, 1589], [475, 1589]], '있어요', 0.9979709556779276), ([[88, 1588], [112, 1588], [112, 1612], [88, 1612]], '데', 0.9998458683282117)]
[([[597, 223], [655, 223], [655, 259], [597, 259]], '정말', 0.9999965439601713), ([[585, 255], [667, 255], [667, 291], [585, 291]], '감사합', 0.9997923563084464), ([[598, 288], [654, 288], [654, 320], [598, 320]], '니다', 0.8232617678507544), ([[1123, 319], [1207, 319], [1207, 355], [1123, 355]], '감사합', 0.9996927004002346), ([[1138, 354], [1194, 354], [1194, 384], [1138, 384]], '니다', 0.9033739055066045), ([[357, 553], [439, 553], [439, 589], [357, 589]], '천만에', 0.9531432954820696), ([[37, 547], [76, 547], [76, 663], [37, 663]], '푹', 0.06083358136560779), ([[374, 586], [422, 586], [422, 616], [374, 616]], '요', 0.9981273842996075), ([[362, 846], [394, 846], [394, 966], [362, 966]], '올', 0.12177030297738956), ([[1076, 802], [1106, 802], [1106, 950], [1076, 950]], '틈', 0.05634358984929477), ([[30, 1196], [100, 1196], [100, 1228], [30, 1228]], '괜찮으', 0.9733147081060688), ([[38, 1226], [90, 1226], [90, 1254], [38, 1254]], '니까', 0.9454492850991789), ([[471, 1221], [527, 1221], [527, 1257], [471, 1257]], '빨리', 0.9999822140762555), ([[38, 1248], [92, 1248], [92, 1280], [38, 1280]], '빨리!', 0.9388229789238447), ([[460, 1254], [540, 1254], [540, 1286], [460, 1286]], '안전한', 0.9811396549106998), ([[461, 1283], [539, 1283], [539, 1319], [461, 1319]], '곳으로', 0.9979302221699784), ([[461, 1313], [539, 1313], [539, 1349], [461, 1349]], '도망처', 0.9939811632057984), ([[482, 1348], [520, 1348], [520, 1378], [482, 1378]], '요', 0.8708986210614889), ([[38, 1482], [68, 1482], [68, 1514], [38, 1514]], '네', 0.999851113139588), ([[392, 1454], [440, 1454], [440, 1510], [392, 1510]], '해', 0.19411633912780335), ([[404, 1504], [428, 1504], [428, 1530], [404, 1530]], '만', 0.9999959468882622)]
[([[1087, 715], [1191, 715], [1191, 777], [1087, 777]], '이리', 0.9999797695726516), ([[1108, 778], [1184, 778], [1184, 834], [1108, 834]], '와!', 0.9269981880269033), ([[83, 837], [145, 837], [145, 1083], [83, 1083]], '"', 0.5756679481346829), ([[141, 1381], [299, 1381], [299, 1425], [141, 1425]], '특별한 힘이', 0.8237514931748103), ([[138, 1414], [302, 1414], [302, 1462], [138, 1462]], '있다면 역시', 0.8603602994218372), ([[169, 1451], [267, 1451], [267, 1495], [169, 1495]], '그것은', 0.9984873685295013), ([[159, 1489], [281, 1489], [281, 1531], [159, 1531]], '누군가름', 0.1960398554801941), ([[187, 1521], [255, 1521], [255, 1565], [187, 1565]], '위해', 0.5318584572165426), ([[133, 1557], [307, 1557], [307, 1601], [133, 1601]], '사용해야 해!', 0.9565415510076118)]
[([[1049, 647], [1261, 647], [1261, 861], [1049, 861]], '꽤', 0.029601679095920597), ([[1085, 793], [1267, 793], [1267, 1053], [1085, 1053]], '뚜', 0.04652519813469724), ([[0, 1394], [126, 1394], [126, 1426], [0, 1426]], '하지만 피할', 0.9684967471196896), ([[19, 1421], [105, 1421], [105, 1457], [19, 1457]], '수없는', 0.9212815380100391), ([[388, 1400], [420, 1400], [420, 1490], [388, 1490]], '북', 0.004848145573711271), ([[21, 1449], [99, 1449], [99, 1485], [21, 1485]], '공격은', 0.9992297445862064), ([[14, 1480], [110, 1480], [110, 1512], [14, 1512]], '아니야]!', 0.4663720270587683)]
[]
[([[1602, 0], [1869, 0], [1869, 267], [1602, 267]], '', 0.0)]
[([[1070, 176], [1138, 176], [1138, 344], [1070, 344]], '3', 0.6783931408345758), ([[1068, 1370], [1144, 1370], [1144, 1402], [1068, 1402]], '어디클', 0.34240261531761657), ([[1055, 1395], [1157, 1395], [1157, 1433], [1055, 1433]], '공격하든', 0.9057079553604126), ([[1057, 1425], [1157, 1425], [1157, 1461], [1057, 1461]], '순식간에', 0.9915611743927002), ([[47, 1441], [181, 1441], [181, 1477], [47, 1477]], '이대로는 내', 0.9539293461169474), ([[1055, 1455], [1157, 1455], [1157, 1491], [1055, 1491]], '재생된다', 0.32747466592486946), ([[75, 1471], [153, 1471], [153, 1507], [75, 1507]], '마력올', 0.9862671426528387), ([[59, 1499], [167, 1499], [167, 1535], [59, 1535]], '유지할 수', 0.9457622938631971), ([[88, 1530], [142, 1530], [142, 1562], [88, 1562]], '없어', 0.9999635010242852), ([[1077.9632031319513, 118.09025785212212], [1118.5797981043563, 95.0280795251289], [1166.0367968680487, 186.9097421478779], [1125.4202018956437, 209.9719204748711]], '$', 0.4407273824806204), ([[225.3166694759086, 200.0233743482656], [301.83636290116743, 182.17005741139778], [339.6833305240914, 365.9766256517344], [264.16363709883257, 383.82994258860225]], '*', 0.015850708777174427)]
[([[4, 228], [87, 228], [87, 281], [4, 281]], '체력', 0.9997105477156394), ([[14, 272], [94, 272], [94, 328], [14, 328]], '승부', 0.9999862601550323), ([[14, 316], [92, 316], [92, 366], [14, 366]], '인가', 0.9996378934828365), ([[1151, 404], [1269, 404], [1269, 456], [1151, 456]], '하지만', 0.9948424182772404), ([[1185, 449], [1229, 449], [1229, 491], [1185, 491]], '이', 0.9894021507295889), ([[1145, 479], [1277, 479], [1277, 673], [1145, 673]], '봄{', 0.0048248084217614165), ([[1164, 660], [1258, 660], [1258, 716], [1164, 716]], '않아!', 0.8824516359492993), ([[53, 1385], [123, 1385], [123, 1423], [53, 1423]], '아까', 0.9999187863336527), ([[11, 1419], [163, 1419], [163, 1463], [11, 1463]], '회복마법올', 0.8318604121291955), ([[9, 1453], [163, 1453], [163, 1497], [9, 1497]], '써버럿으니', 0.10186775329864069), ([[7, 1489], [163, 1489], [163, 1533], [7, 1533]], '불리하지만', 0.9998841521993344), ([[21, 1525], [155, 1525], [155, 1569], [21, 1569]], '할 수밖에', 0.9549201532000677), ([[46, 1555], [131, 1555], [131, 1607], [46, 1607]], '없에', 0.913530723575533)]
[([[1017, 49], [1037, 49], [1037, 109], [1017, 109]], '<', 0.9965312810914249), ([[58, 246], [90, 246], [90, 278], [58, 278]], '왜', 0.9998577883739621), ([[484, 258], [542, 258], [542, 290], [484, 290]], '아까', 0.9999412477986961), ([[23, 273], [127, 273], [127, 309], [23, 309]], '도망치지', 0.9976615186900125), ([[496, 290], [528, 290], [528, 318], [496, 318]], '그', 0.9999840260189927), ([[47, 303], [103, 303], [103, 339], [47, 339]], '안는', 0.43044835625698546), ([[478, 316], [546, 316], [546, 348], [478, 348]], '사람?', 0.9998784551294416), ([[39, 329], [109, 329], [109, 367], [39, 367]], '거야?', 0.9988616439927286), ([[312, 544], [408, 544], [408, 654], [312, 654]], '새', 0.22918075129843007), ([[288, 702], [318, 702], [318, 736], [288, 736]], '헌', 0.08914700331811876), ([[405, 753], [493, 753], [493, 789], [405, 789]], '뭐 하는', 0.5441772771372013), ([[389, 785], [507, 785], [507, 821], [389, 821]], '거야; 빨리', 0.9061199741435543), ([[405, 815], [495, 815], [495, 851], [405, 851]], '도망처!', 0.9575138092041016), ([[80, 818], [110, 818], [110, 882], [80, 882]], '앗', 0.5155389712238048), ([[301, 1059], [528, 1059], [528, 1222], [301, 1222]], '해 ', 0.04331472677013117), ([[126, 1252], [158, 1252], [158, 1316], [126, 1316]], '콩', 0.6399635892324831), ([[52, 1664], [84, 1664], [84, 1724], [52, 1724]], '약', 0.45011511055237463), ([[15.241492176561726, 539.0737569010846], [311.17278341163075, 515.9130024448907], [313.75850782343826, 699.9262430989154], [16.82721658836924, 723.0869975551093]], '실 ', 0.03090778573893658)]
[([[45, 1639], [108, 1639], [108, 1766], [45, 1766]], '맛', 0.08908362361772593)]
[([[1046, 110], [1076, 110], [1076, 142], [1046, 142]], '크', 0.9998468219292569), ([[1046, 140], [1076, 140], [1076, 172], [1046, 172]], '욕', 0.9512949925586192), ([[439, 151], [507, 151], [507, 193], [439, 193]], '빨리', 0.9999709187983813), ([[423, 189], [523, 189], [523, 231], [423, 231]], "'회복해", 0.9976911544799805), ([[433, 227], [509, 227], [509, 269], [433, 269]], '야 돼', 0.592858927179069), ([[626, 266], [654, 266], [654, 296], [626, 296]], '크', 0.9998960522009384), ([[626, 296], [654, 296], [654, 328], [626, 328]], '욕', 0.9564582056029849), ([[1136, 334], [1184, 334], [1184, 428], [1136, 428]], '따', 0.3517477561906759), ([[599, 447], [665, 447], [665, 483], [599, 483]], '안돼,', 0.9040675372799348), ([[592, 478], [670, 478], [670, 510], [592, 510]], '아파서', 0.9999686844561803), ([[814, 438], [862, 438], [862, 532], [814, 532]], '야', 0.02646225169999994), ([[579, 507], [685, 507], [685, 545], [579, 545]], '움직일수', 0.9994638562202454), ([[603, 539], [659, 539], [659, 575], [603, 575]], '없어', 0.9998778606178251), ([[62, 556], [212, 556], [212, 738], [62, 738]], '대', 0.2640857176058411), ([[126, 752], [226, 752], [226, 870], [126, 870]], '@', 0.34792050115592943), ([[275, 967], [733, 967], [733, 1269], [275, 1269]], '+"', 0.17520693064150927), ([[1127, 1103], [1201, 1103], [1201, 1331], [1127, 1331]], '약', 0.12076819898837599), ([[81, 1287], [119, 1287], [119, 1347], [81, 1347]], '8', 0.9604362535083197), ([[210, 1492], [242, 1492], [242, 1678], [210, 1678]], '}', 0.12292916090042016), ([[15, 1606], [45, 1606], [45, 1780], [15, 1780]], "'", 0.15804848010741868)]
[([[512, 94], [540, 94], [540, 160], [512, 160]], '봄', 0.5675587036149778), ([[65, 571], [105, 571], [105, 617], [65, 617]], '으', 0.9972000675124946), ([[67, 615], [107, 615], [107, 659], [67, 659]], '악', 0.5184941159046161), ([[74, 874], [104, 874], [104, 986], [74, 986]], '닭', 0.006460724042876509), ([[259, 765], [519, 765], [519, 1006], [259, 1006]], '8', 0.3652241903723876), ([[1080, 994], [1108, 994], [1108, 1022], [1080, 1022]], '어', 0.9999815226454736), ([[1014, 1018], [1048, 1018], [1048, 1048], [1014, 1048]], '+', 0.3499588963588849), ([[1078, 1022], [1110, 1022], [1110, 1054], [1078, 1054]], '이', 0.9997157060530562), ([[54, 1296], [82, 1296], [82, 1326], [54, 1326]], '구', 0.9999505287567025), ([[54, 1326], [84, 1326], [84, 1358], [54, 1358]], '해', 0.9999880791065721), ([[896, 1534], [961, 1534], [961, 1694], [896, 1694]], '꿀', 0.016421658974774767)]
[([[1550, 243], [1889, 243], [1889, 508], [1550, 508]], '0)', 0.029855322619812254), ([[353.08240211925266, 160.15809949712468], [661.7149428965191, 78.62401417911107], [700.9175978807473, 305.8419005028753], [393.2850571034809, 387.37598582088896]], '~/', 0.09786846612597083), ([[264.16822213409597, 1201.0579097187162], [553.1600750912376, 1167.1536244801246], [565.8317778659041, 1416.9420902812838], [277.83992490876244, 1451.8463755198754]], '"', 0.021834780196535952)]
[([[265, 19], [355, 19], [355, 147], [265, 147]], '씨', 0.07671246293108425), ([[894, 1544], [920, 1544], [920, 1576], [894, 1576]], '(', 0.8805272745144208), ([[916, 1580], [942, 1580], [942, 1608], [916, 1608]], '2', 0.9456521978031596), ([[90, 1656], [122, 1656], [122, 1748], [90, 1748]], '닭', 0.06597247579703946)]
[([[1113, 137], [1213, 137], [1213, 179], [1113, 179]], '["잠깐만', 0.7862445736246964), ([[411, 159], [523, 159], [523, 195], [411, 195]], '[절대로 그', 0.6508952544377165), ([[1111, 171], [1219, 171], [1219, 209], [1111, 209]], '이 명칭핸', 0.781346242081846), ([[427, 191], [509, 191], [509, 227], [427, 227]], '녀석올', 0.73637721451594), ([[1140, 206], [1192, 206], [1192, 234], [1140, 234]], '개!"', 0.9143941749217012), ([[421, 221], [517, 221], [517, 257], [421, 257]], '먹지 마!', 0.9410344480017004), ([[1123, 523], [1203, 523], [1203, 559], [1123, 559]], '맛있는', 0.5567294769506822), ([[43, 555], [111, 555], [111, 591], [43, 591]], '그래;', 0.4479118130152931), ([[1123, 555], [1205, 555], [1205, 591], [1123, 591]], '거라면', 0.9987218820101562), ([[37, 585], [117, 585], [117, 621], [37, 621]], '착하지', 0.9986796305036526), ([[385, 587], [491, 587], [491, 623], [385, 623]], '그러니까', 0.9120832181250736), ([[1113, 585], [1217, 585], [1217, 621], [1113, 621]], '연구소에', 0.9797506928443909), ([[384, 616], [489, 616], [489, 654], [384, 654]], '\'기다려"', 0.8609833125172366), ([[1111, 617], [1219, 617], [1219, 653], [1111, 653]], '서 먹여줄', 0.747435132249934), ([[1124, 650], [1206, 650], [1206, 682], [1124, 682]], '테니까', 0.9984782165978415), ([[34, 960], [152, 960], [152, 1032], [34, 1032]], '(정좋다제', 0.26176952910667195), ([[1030, 892], [1200, 892], [1200, 1070], [1030, 1070]], '4', 0.7655708650383453), ([[61, 1025], [127, 1025], [127, 1061], [61, 1061]], '다리!', 0.6312550228156935), ([[41, 1585], [155, 1585], [155, 1623], [41, 1623]], '뭐든 먹여', 0.5585680892094662), ([[1143, 1589], [1223, 1589], [1223, 1627], [1143, 1627]], '그놈올', 0.9508560676928959), ([[69, 1615], [127, 1615], [127, 1653], [69, 1653]], '줄게', 0.9932160592935713), ([[1143, 1621], [1225, 1621], [1225, 1657], [1143, 1657]], '데려와', 0.9841178922587118)]
[]
[]
[([[1566, 2646], [1860, 2646], [1860, 2763], [1566, 2763]], '2)<', 0.3344916677106593)]
[([[607, 483], [685, 483], [685, 551], [607, 551]], '자', 0.060772770493830786), ([[512, 586], [754, 586], [754, 663], [512, 663]], '농옥 무트', 0.6551067310413362), ([[462, 691], [729, 691], [729, 782], [462, 782]], "4 {억1'", 0.005633124601474914), ([[498, 834], [801, 834], [801, 925], [498, 925]], '다억 :+피1', 0.0018285467683554863)]
[([[171, 129], [227, 129], [227, 165], [171, 165]], '누구', 0.4553138674483889), ([[11, 155], [87, 155], [87, 191], [11, 191]], '어디선', 0.9995294547856117), ([[137, 155], [263, 155], [263, 195], [137, 195]], '몰소리없지', 0.1971057306325741), ([[682, 152], [758, 152], [758, 184], [682, 184]], '여자의', 0.422076381409981), ([[5, 179], [91, 179], [91, 219], [5, 219]], '가 들은', 0.6301662921905518), ([[670, 182], [774, 182], [774, 214], [670, 214]], '목소리가', 0.5040485262870789), ([[691, 207], [749, 207], [749, 245], [691, 245]], '들려', 0.6540701782947386), ([[5, 207], [67, 207], [67, 279], [5, 279]], '갈약', 0.014984870588399441), ([[978, 188], [1010, 188], [1010, 308], [978, 308]], '%', 0.06781110759108344), ([[46, 996], [76, 996], [76, 1088], [46, 1088]], '줄', 0.235578550014659), ([[940, 1238], [1038, 1238], [1038, 1360], [940, 1360]], '1', 0.9466251717387877), ([[431, 1401], [475, 1401], [475, 1545], [431, 1545]], '헌', 0.01430983275863712), ([[30, 1598], [110, 1598], [110, 1630], [30, 1630]], '가까이', 0.9999810041819183), ([[44, 1628], [94, 1628], [94, 1660], [44, 1660]], '오지', 0.9979036698556023), ([[46, 1660], [92, 1660], [92, 1690], [46, 1690]], '마!!', 0.8761631942826337), ([[531.502481404895, 896.02481404895], [569.4640895802359, 887.021584502925], [595.497518595105, 1005.97518595105], [557.5359104197641, 1014.978415497075]], '5', 0.20424704295074125), ([[1158.7109904431807, 1359.0059687249723], [1215.5898090645726, 1367.4967016822955], [1177.2890095568193, 1614.9940312750277], [1120.4101909354274, 1606.5032983177045]], '품', 0.018928746340096447)]
[([[0, 1145], [300, 1145], [300, 2332], [0, 2332]], '물', 0.3239779634624398), ([[1051, 2207], [1102, 2207], [1102, 2236], [1051, 2236]], '23', 0.14937690676908624), ([[369, 2459], [424, 2459], [424, 2553], [369, 2553]], '^', 0.02960559153122233), ([[1451, 2209], [1804, 2209], [1804, 2535], [1451, 2535]], '41', 0.6603045133621411), ([[1730.3736302760012, 470.00784801244885], [1916.8776349898142, 517.6893628502261], [1812.6263697239988, 918.9921519875512], [1626.1223650101858, 871.3106371497739]], "'", 0.2082450396327653), ([[534.1852993477767, 839.0174748031968], [672.7289508985214, 908.9921033623347], [570.8147006522233, 1109.9825251968032], [431.2710491014787, 1039.0078966376652]], ')', 0.9096188520362034), ([[142.84806639363697, 2534.294751886276], [382.1171055302659, 2473.0762525367063], [409.151933606363, 2620.705248113724], [169.8828944697341, 2681.9237474632937]], '"', 0.10458458554278938)]
[([[672, 514], [824, 514], [824, 676], [672, 676]], '거)', 0.5370681933128364), ([[85, 575], [153, 575], [153, 887], [85, 887]], '용', 0.6406103253384323), ([[611, 653], [817, 653], [817, 907], [611, 907]], '7', 0.06581208373297986), ([[282, 1082], [392, 1082], [392, 1180], [282, 1180]], '모움', 0.0004165917272955657)]
[([[471, 219], [513, 219], [513, 263], [471, 263]], '아', 0.9998856815586841), ([[625, 195], [765, 195], [765, 329], [625, 329]], '4', 0.2742927797750241), ([[1127, 137], [1171, 137], [1171, 279], [1127, 279]], '날', 0.007153078901574128), ([[471, 261], [515, 261], [515, 311], [471, 311]], '파', 0.07244437961365069), ([[910, 346], [958, 346], [958, 396], [910, 396]], '2', 0.47397010308264953), ([[73, 697], [129, 697], [129, 733], [73, 733]], '국어', 0.5184271149200709), ([[64, 728], [140, 728], [140, 760], [64, 760]], '도대체', 0.9995697841035681), ([[59, 755], [143, 755], [143, 791], [59, 791]], '월 넣은', 0.8193165564571833), ([[74, 786], [128, 786], [128, 816], [74, 816]], '거야', 0.9990248612394497), ([[93, 1171], [135, 1171], [135, 1225], [93, 1225]], '혀', 0.7044548673435749), ([[523, 1121], [614, 1121], [614, 1266], [523, 1266]], '4', 0.659851571317077), ([[715, 1239], [855, 1239], [855, 1275], [715, 1275]], '움직이지 마', 0.9634078782782964), ([[665, 1501], [705, 1501], [705, 1591], [665, 1591]], '야', 0.4681388413951595), ([[44, 1662], [154, 1662], [154, 1694], [44, 1694]], '그 안에서', 0.9664353606265979), ([[945.5390089471963, 23.021296629720247], [984.2000762388649, 27.510048492112414], [969.4609910528037, 140.97870337027976], [930.7999237611351, 136.48995150788758]], '2', 0.002001836839295168), ([[949.253426146781, 1392.0253643576796], [1150.990637755148, 1471.5462580743288], [1112.7465738532192, 1560.9746356423204], [911.0093622448519, 1481.4537419256712]], '부르릇', 0.18323794828609857)]
[([[317, 15], [341, 15], [341, 35], [317, 35]], '내', 0.040064328525595494), ([[1198, 200], [1230, 200], [1230, 230], [1198, 230]], '앗', 0.36060202474192593), ([[135, 533], [171, 533], [171, 573], [135, 573]], '0', 0.4309872957863128), ([[1026, 1090], [1198, 1090], [1198, 1382], [1026, 1382]], '야', 0.052248549817118795), ([[226.8759752927711, 452.0234070265065], [436.36889032719336, 495.4963480955159], [379.1240247072289, 745.9765929734936], [169.63110967280667, 701.5036519044842]], '꿀', 0.5615132907644274)]
[([[504, 208], [536, 208], [536, 240], [504, 240]], '앗', 0.5155404263145478), ([[845, 141], [907, 141], [907, 225], [845, 225]], '4', 0.973370938409289), ([[909, 141], [995, 141], [995, 305], [909, 305]], '3', 0.07098497161475681), ([[1149, 147], [1193, 147], [1193, 235], [1149, 235]], '올', 0.26899522088726613), ([[0, 321], [131, 321], [131, 357], [0, 357]], '체중이 전부', 0.9976384523475721), ([[164, 306], [188, 306], [188, 370], [164, 370]], '{', 0.1101772357732358), ([[28, 352], [106, 352], [106, 384], [28, 384]], '거기에', 0.9985658141190111), ([[815, 339], [851, 339], [851, 401], [815, 401]], '옷', 0.9939065106738241), ([[15, 377], [117, 377], [117, 413], [15, 413]], '올라타고', 0.9773129224777222), ([[1, 407], [133, 407], [133, 443], [1, 443]], '있기 때문에', 0.40477654861974716), ([[27, 435], [105, 435], [105, 473], [27, 473]], '더더욱', 0.9993203101644205), ([[335, 425], [401, 425], [401, 469], [335, 469]], '발이', 0.9296867989542518), ([[28, 466], [104, 466], [104, 498], [28, 498]], '느껴저', 0.885188047080797), ([[331, 461], [397, 461], [397, 503], [331, 503]], '닿지', 0.533177412045359), ([[315, 497], [385, 497], [385, 541], [315, 541]], '않아', 0.9994075510189067), ([[429, 883], [467, 883], [467, 971], [429, 971]], '흙', 0.23525655383778687), ([[1039, 1267], [1119, 1267], [1119, 1305], [1039, 1305]], '자궁올', 0.4014059076152988), ([[1039, 1299], [1119, 1299], [1119, 1335], [1039, 1335]], '강제로', 0.9998064651599033), ([[1041, 1325], [1119, 1325], [1119, 1361], [1041, 1361]], '억지로', 0.9470289425038386), ([[1029, 1355], [1133, 1355], [1133, 1391], [1029, 1391]], '열어서...', 0.6000724191738805), ([[42, 1550], [96, 1550], [96, 1582], [42, 1582]], '이제', 0.9999481597699024), ([[58, 1582], [86, 1582], [86, 1606], [58, 1606]], '더', 0.9998825822967241), ([[392, 1568], [446, 1568], [446, 1600], [392, 1600]], '이런', 0.9996193357824639), ([[391, 1563], [481, 1563], [481, 1631], [391, 1631]], '인뤄권', 0.7210541903993306), ([[21, 1607], [103, 1607], [103, 1643], [21, 1643]], '이상은.', 0.8251293437025564), ([[406, 1626], [462, 1626], [462, 1658], [406, 1658]], '싶지', 0.9984924031213588), ([[395, 1651], [473, 1651], [473, 1689], [395, 1689]], '않은데', 0.9803566043045114), ([[950.3920207046101, 549.08100497564], [1050.7135749961994, 486.0159200851347], [1155.60797929539, 679.91899502436], [1054.2864250038006, 741.9840799148652]], '국', 0.465346927956066), ([[1147.3026573907705, 932.0488674744709], [1189.7871665762257, 927.3303066879267], [1198.6973426092295, 1012.9511325255291], [1155.2128334237743, 1017.6696933120733]], '톤', 0.684876382040386)]
[([[185, 117], [257, 117], [257, 155], [185, 155]], '양, 안', 0.775763750076294), ([[1115, 113], [1187, 113], [1187, 149], [1115, 149]], '아, 안', 0.7691676616668701), ([[174, 150], [210, 150], [210, 180], [174, 180]], '돼.', 0.48213300609341964), ([[1132, 144], [1162, 144], [1162, 176], [1132, 176]], '돼', 0.6367481254875464), ([[687, 813], [731, 813], [731, 887], [687, 887]], '씨', 0.00933610846756494), ([[399, 1503], [557, 1503], [557, 1663], [399, 1663]], '9', 0.07244808556733062), ([[703.5578467220232, 71.01397820796598], [757.0432434608182, 78.69613854544795], [734.4421532779768, 242.98602179203402], [680.9567565391818, 236.30386145455205]], '{', 0.6715841076677407), ([[484.2381539963445, 1074.2258470660336], [608.6714100174913, 1132.6396525856428], [421.7618460036555, 1520.7741529339664], [297.32858998250873, 1462.3603474143572]], '@', 0.1670308579413451)]
[([[45, 35], [221, 35], [221, 77], [45, 77]], '[현 [시 중앙구', 0.11715226786908396), ([[1126, 208], [1162, 208], [1162, 240], [1126, 240]], '자,', 0.8737529754363473), ([[1093, 237], [1199, 237], [1199, 275], [1093, 275]], '숨어릿는', 0.47710052132606506), ([[1120, 268], [1174, 268], [1174, 300], [1120, 300]], '새끼', 0.9999171403013263), ([[1095, 299], [1199, 299], [1199, 335], [1095, 335]], '고양이름', 0.3931023180484772), ([[1093, 329], [1203, 329], [1203, 365], [1093, 365]], '찾아내자', 0.9998574256896973), ([[402, 454], [458, 454], [458, 532], [402, 532]], '3', 0.0031117006788634743), ([[728, 1206], [900, 1206], [900, 1404], [728, 1404]], '꽤', 0.014445058108860431), ([[904, 1284], [1014, 1284], [1014, 1358], [904, 1358]], "'출주없고", 0.03479073889030046), ([[924, 1352], [990, 1352], [990, 1384], [924, 1384]], '와라!', 0.9811825752258301), ([[876, 1614], [900, 1614], [900, 1642], [876, 1642]], '크', 0.9999651911903698), ([[874, 1642], [902, 1642], [902, 1672], [874, 1672]], '호', 0.9727156006179349), ([[874, 1672], [900, 1672], [900, 1704], [874, 1704]], '호', 0.9576008476046951), ([[390.33041051999305, 543.0450378479484], [428.35864535111403, 537.1881310481377], [439.66958948000695, 626.9549621520516], [401.64135464888597, 631.8118689518623]], '$', 0.23739022968028678)]
[([[691, 85], [727, 85], [727, 157], [691, 157]], '영', 0.049297042496858845), ([[914, 184], [944, 184], [944, 218], [914, 218]], '웃', 0.6621892060697157), ([[1046, 293], [1078, 293], [1078, 374], [1046, 374]], '읽', 0.08526060363909327), ([[982, 404], [1012, 404], [1012, 434], [982, 434]], '이', 0.9997476498561788), ([[954, 426], [1038, 426], [1038, 498], [954, 498]], '젖젖', 0.020786760276089184), ([[252, 536], [284, 536], [284, 574], [252, 574]], '웃', 0.5223972131671282), ([[33, 607], [69, 607], [69, 643], [33, 643]], '돼', 0.38379455402207796), ([[0, 599], [70, 599], [70, 737], [0, 737]], '별', 0.13138664050547177), ([[38, 698], [70, 698], [70, 732], [38, 732]], '해', 0.9998343059517225), ([[946, 630], [1020, 630], [1020, 816], [946, 816]], '북', 0.3558248118259968), ([[814, 776], [844, 776], [844, 802], [814, 802]], '끈', 0.10131039923361929), ([[806, 811], [872, 811], [872, 852], [806, 852]], '정', 0.6726131036778646), ([[317, 1297], [395, 1297], [395, 1333], [317, 1333]], '거짓말', 0.9999623525380141), ([[1139, 1309], [1181, 1309], [1181, 1411], [1139, 1411]], '잇', 0.7275264084804043), ([[316, 1420], [396, 1420], [396, 1452], [316, 1452]], '빠지지', 0.9985706997926875), ([[317, 1447], [383, 1447], [383, 1485], [317, 1485]], '않아 .', 0.6265709400177002), ([[509, 1401], [697, 1401], [697, 1593], [509, 1593]], '다"', 0.3395375333241054), ([[392.5303870270217, 291.0221024864296], [435.81668412320755, 300.8688632859623], [414.4696129729783, 406.9778975135704], [370.18331587679245, 397.1311367140377]], '1', 0.601586174150853)]
[([[32, 102], [144, 102], [144, 152], [32, 152]], '뿌리가', 0.9999126609319456), ([[30, 146], [144, 146], [144, 198], [30, 198]], '공처럼', 0.9996189228504466), ([[525, 137], [565, 137], [565, 181], [525, 181]], '이', 0.9992970271963628), ([[746, 172], [770, 172], [770, 204], [746, 204]], '후', 0.9916794059065523), ([[48, 190], [130, 190], [130, 242], [48, 242]], '생긴', 0.869689151246177), ([[485, 171], [611, 171], [611, 279], [485, 279]], '별@', 0.025402908661829406), ([[744, 204], [774, 204], [774, 242], [744, 242]], '유', 0.9953467268335316), ([[1180, 121], [1230, 121], [1230, 298], [1180, 298]], '품', 0.2579311686170058), ([[48, 234], [128, 234], [128, 282], [48, 282]], '탓에', 0.9852891801567976), ([[1104, 440], [1140, 440], [1140, 472], [1104, 472]], '기', 0.9999947547981378), ([[270, 460], [296, 460], [296, 488], [270, 488]], '하', 0.9979641081395165), ([[99, 467], [225, 467], [225, 553], [99, 553]], "'뼈퀴익 .", 0.028016683317154446), ([[270, 496], [300, 496], [300, 526], [270, 526]], '0', 0.4274674698845651), ([[1103, 473], [1139, 473], [1139, 549], [1103, 549]], '쫓', 0.7021649825924783), ([[1129, 437], [1174, 437], [1174, 550], [1129, 550]], '틀', 0.9074418813401373), ([[1073, 541], [1197, 541], [1197, 585], [1073, 585]], '문질러서', 0.998054563999176), ([[65, 945], [103, 945], [103, 1031], [65, 1031]], '옛', 0.8623849952438469), ([[79, 1381], [173, 1381], [173, 1423], [79, 1423]], '이러면', 0.9999255311638199), ([[55, 1417], [187, 1417], [187, 1461], [55, 1461]], '움직일 수', 0.9970175139240015), ([[935, 1389], [995, 1389], [995, 1507], [935, 1507]], '사', 0.09593397953653326), ([[87, 1455], [153, 1455], [153, 1495], [87, 1495]], '없어', 0.9999491712790576), ([[328.2606664962548, 678.0227972393284], [411.64770309618, 648.0174927206699], [481.7393335037452, 863.9772027606716], [398.35229690382, 893.9825072793301]], ' ', 0.01877607077756327), ([[1082.2203334527164, 719.0338347062388], [1134.4385029834207, 674.0106888398759], [1275.7796665472836, 851.9661652937612], [1224.5614970165793, 896.9893111601241]], '5', 0.17172628256074152)]
[([[474, 388], [500, 388], [500, 448], [474, 448]], '약', 0.6695460365623518), ([[854, 476], [884, 476], [884, 534], [854, 534]], '응', 0.5728560338617541), ([[398, 504], [428, 504], [428, 566], [398, 566]], '응', 0.4370053348740299), ([[1064, 568], [1096, 568], [1096, 610], [1064, 610]], '곳', 0.8243199222916111), ([[53, 611], [89, 611], [89, 647], [53, 647]], '0', 0.5800746257199343), ([[234, 778], [262, 778], [262, 808], [234, 808]], '0', 0.6911838998441375), ([[910, 742], [962, 742], [962, 828], [910, 828]], ' ', 0.05692591435995897), ([[1157, 661], [1199, 661], [1199, 789], [1157, 789]], '칼', 0.03446047511039296), ([[962, 842], [1072, 842], [1072, 892], [962, 892]], '이렇게', 0.7917729651148637), ([[962, 882], [1076, 882], [1076, 934], [962, 934]], '안쪽까', 0.9723036856469499), ([[1156, 834], [1204, 834], [1204, 966], [1156, 966]], '%', 0.047356252948405064), ([[997, 927], [1039, 927], [1039, 973], [997, 973]], '지', 0.9999187009169788), ([[962, 968], [1078, 968], [1078, 1022], [962, 1022]], '들어올', 0.3654079883021098), ([[999, 1013], [1039, 1013], [1039, 1061], [999, 1061]], '네', 0.9977925098828564), ([[66, 1046], [142, 1046], [142, 1096], [66, 1096]], '질질', 0.141389383225168), ([[42, 1083], [167, 1083], [167, 1187], [42, 1187]], '띄똑하', 0.026780389302569825), ([[26, 1172], [186, 1172], [186, 1228], [26, 1228]], '날아갈 것', 0.9250123349170717), ([[64, 1214], [147, 1214], [147, 1267], [64, 1267]], '같아', 0.9968755683842895), ([[32, 1260], [180, 1260], [180, 1310], [32, 1310]], '언제까지', 0.9940428137779236), ([[12, 1304], [174, 1304], [174, 1354], [12, 1354]], '하느거야:', 0.5186243965054865), ([[741, 1311], [855, 1311], [855, 1433], [741, 1433]], '유', 0.11704629269458167), ([[290, 1376], [366, 1376], [366, 1476], [290, 1476]], '춤', 0.4257942530290535), ([[527, 1455], [755, 1455], [755, 1589], [527, 1589]], '축 쥐', 0.0996741540469971), ([[403, 1513], [491, 1513], [491, 1645], [403, 1645]], '쭉', 0.3006395221817151)]
[([[627, 95], [693, 95], [693, 135], [627, 135]], '이제', 0.99975328126399), ([[1165, 71], [1209, 71], [1209, 163], [1165, 163]], '와', 0.4410736080701305), ([[627, 127], [693, 127], [693, 171], [627, 171]], '싫어', 0.9969328024043326), ([[46, 168], [126, 168], [126, 218], [46, 218]], '빨리', 0.9999810339708489), ([[613, 163], [709, 163], [709, 205], [613, 205]], '완전히', 0.9999761175843599), ([[767, 181], [871, 181], [871, 217], [767, 217]], '꿈쩍하지', 0.7769718766212463), ([[30, 212], [152, 212], [152, 262], [30, 262]], '끝나야.', 0.5681512355804443), ([[597, 199], [721, 199], [721, 243], [597, 243]], '장난감이', 0.9166746455833388), ([[773, 211], [865, 211], [865, 247], [773, 247]], '도 않아', 0.9981954097747803), ([[1018, 180], [1098, 180], [1098, 262], [1018, 262]], '예', 0.10287610678645454), ([[491, 207], [533, 207], [533, 301], [491, 301]], '응', 0.19495373170784447), ([[601, 233], [723, 233], [723, 277], [601, 277]], '되어버럿', 0.879536873137008), ([[635, 269], [685, 269], [685, 309], [635, 309]], '에', 0.9986898424802035), ([[778, 399], [912, 399], [912, 606], [778, 606]], '꿀', 0.32309268277289505), ([[927, 805], [1043, 805], [1043, 1031], [927, 1031]], '포', 0.0903775028873719), ([[253, 1295], [289, 1295], [289, 1363], [253, 1363]], '7', 0.007123647700725544), ([[67, 1553], [163, 1553], [163, 1595], [67, 1595]], '부풀어', 0.9472114422406656), ([[390, 1530], [442, 1530], [442, 1590], [390, 1590]], '[89', 0.0050323729591376975), ([[53, 1587], [150, 1587], [150, 1629], [53, 1629]], '올컷어', 0.08973502441366013), ([[1163, 1585], [1199, 1585], [1199, 1655], [1163, 1655]], '밖', 0.04938339892964905), ([[188, 1634], [222, 1634], [222, 1666], [188, 1666]], '아', 0.869171789748524), ([[442, 1632], [498, 1632], [498, 1690], [442, 1690]], '@0', 0.7020352142556242), ([[188, 1674], [222, 1674], [222, 1706], [188, 1706]], '양', 0.8005872671113856), ([[379, 1581], [454, 1581], [454, 1769], [379, 1769]], '7', 0.050608067289506176), ([[443, 1687], [479, 1687], [479, 1731], [443, 1731]], '5', 0.7637020369155643), ([[532.9187615789879, 1174.0233924746187], [761.0527789418479, 1251.3268731498913], [688.0812384210121, 1454.9766075253813], [459.9472210581521, 1377.6731268501087]], '싹', 0.035196964302745215), ([[317.5755342621548, 1619.0150330963827], [363.5487440461135, 1625.5682503935286], [344.4244657378452, 1771.9849669036173], [297.4512559538865, 1766.4317496064714]], '"', 0.45170039318010424)]
[([[59, 35], [125, 35], [125, 191], [59, 191]], '양', 0.7860472253219406), ([[441, 125], [481, 125], [481, 171], [441, 171]], '9', 0.4497699106580946), ([[1133, 161], [1229, 161], [1229, 203], [1133, 203]], '거짓말', 0.9979925751686096), ([[530, 166], [582, 166], [582, 274], [530, 274]], '빚', 0.12763124992435237), ([[973, 215], [1011, 215], [1011, 265], [973, 265]], '유', 0.4180369219096782), ([[1139, 195], [1251, 195], [1251, 279], [1139, 279]], '명충-', 0.019682483417808906), ([[317, 401], [353, 401], [353, 441], [317, 441]], '이', 0.9970034193557353), ([[1116, 408], [1212, 408], [1212, 506], [1116, 506]], '2', 0.05142987009125832), ([[300, 435], [363, 435], [363, 616], [300, 616]], '꼴', 0.026543056899177353), ([[854, 516], [882, 516], [882, 578], [854, 578]], '용', 0.3257378705004612), ([[992, 518], [1106, 518], [1106, 572], [992, 572]], '부류릇', 0.8985096897518845), ([[1007, 565], [1087, 565], [1087, 609], [1007, 609]], '계속', 0.8017295704048573), ([[992, 606], [1104, 606], [1104, 654], [992, 654]], '나오고', 0.9999253935141638), ([[1002, 648], [1096, 648], [1096, 702], [1002, 702]], '있어!', 0.9199764180125504), ([[513, 793], [573, 793], [573, 835], [513, 835]], '다', 0.08350365719616093), ([[36, 888], [116, 888], [116, 936], [36, 936]], '배가', 0.9997571584960331), ([[12, 932], [126, 932], [126, 984], [12, 984]], '찢어질', 0.9956162094111523), ([[6, 972], [135, 972], [135, 1025], [6, 1025]], '것 같아', 0.997880220413208), ([[697, 1096], [779, 1096], [779, 1147], [697, 1147]], "나'", 0.09202545556123298), ([[384, 1118], [436, 1118], [436, 1204], [384, 1204]], '7', 0.07379107596108625), ([[482, 1472], [512, 1472], [512, 1502], [482, 1502]], '아', 0.20480012138617187), ([[490, 1500], [516, 1500], [516, 1530], [490, 1530]], '극', 0.09934328159312145), ([[638, 1474], [811, 1474], [811, 1535], [638, 1535]], '새   }', 0.05471831948018721), ([[84, 1592], [114, 1592], [114, 1622], [84, 1622]], '아', 0.9999854565195534), ([[493.98268547211705, 697.0649466825132], [551.613571991078, 671.0235641159874], [601.017314527883, 790.9350533174868], [543.386428008922, 816.9764358840126]], '$', 0.08626652306003368), ([[1146.570558289235, 837.0184761551253], [1187.151305157109, 842.4864774154773], [1172.429441710765, 962.9815238448747], [1131.848694842891, 958.5135225845227]], '5', 0.42996597662409286), ([[558.5493240540143, 844.0145228372207], [610.1484735210212, 852.748031151115], [585.4506759459857, 1012.9854771627793], [533.8515264789788, 1004.251968848885]], ';', 0.00306715502064675), ([[407.32356887825085, 1019.0327594459837], [455.14787771046434, 1049.6528221354138], [400.67643112174915, 1135.9672405540164], [352.85212228953566, 1105.3471778645862]], '>', 0.003392486475926104), ([[627.7057997834681, 1199.1053786791558], [680.7242859683402, 1175.0328543482583], [722.2942002165319, 1275.8946213208442], [669.2757140316598, 1300.9671456517417]], '꿈', 0.10242210278559671), ([[516.8360480760414, 1367.0851269170812], [568.6699077422622, 1341.0280978670799], [618.1639519239586, 1450.9148730829188], [566.3300922577378, 1475.9719021329201]], '꿈', 0.5757935864384223)]
[([[724, 0], [755, 0], [755, 40], [724, 40]], '0', 0.6419696298397781), ([[45, 72], [263, 72], [263, 306], [45, 306]], '자', 0.20414337350302958), ([[845, 118], [995, 118], [995, 327], [845, 327]], '0 ,', 0.03183470666408539), ([[151, 602], [367, 602], [367, 923], [151, 923]], '7', 0.516057627106207), ([[973, 1310], [988, 1310], [988, 1348], [973, 1348]], '{', 0.6055519650053363), ([[96, 2006], [398, 2006], [398, 2284], [96, 2284]], '뉴', 0.04842068091966212), ([[1171, 2084], [1285, 2084], [1285, 2487], [1171, 2487]], '{', 0.1409410969498346), ([[1464, 2213], [1552, 2213], [1552, 2430], [1464, 2430]], '"', 0.019604765251799217), ([[1515, 2323], [1551, 2323], [1551, 2365], [1515, 2365]], '이', 0.05471919754072374), ([[663.4454998721911, 7.017097929496284], [732.0911588164174, -1.753688068723939], [753.5545001278089, 186.9829020705037], [684.9088411835826, 195.75368806872393]], '못', 0.31352130086703767), ([[771.0298574998546, 766.1194299994187], [799.5819759619793, 752.0425634585406], [826.9701425001454, 813.8805700005813], [798.4180240380207, 827.9574365414594]], '쫓', 0.009049682220244826), ([[1153.5150568092517, 961.0168180532262], [1207.3895097204959, 954.139295755052], [1226.4849431907483, 1118.9831819467738], [1172.6104902795041, 1125.860704244948]], '륙', 0.07991959454466269), ([[976.4902792504771, 1238.043619652767], [1001.5582458932712, 1241.436434175586], [993.5097207495229, 1301.956380347233], [967.4417541067288, 1297.563565824414]], '5', 0.22656840685911916), ([[123.16680951972906, 2205.007714065369], [452.53492358336325, 2163.766528093714], [519.8331904802709, 2834.992285934631], [190.46507641663678, 2876.233471906286]], '#', 0.9847823835016243)]
[([[620, 414], [699, 414], [699, 603], [620, 603]], '푹', 0.9765199379947411), ([[832, 254], [941, 254], [941, 615], [832, 615]], '호', 0.025740720385929672), ([[318, 451], [407, 451], [407, 758], [318, 758]], "'", 0.7473922769840016), ([[117, 935], [163, 935], [163, 979], [117, 979]], '셈', 0.8775250084204913), ([[885, 1105], [905, 1105], [905, 1135], [885, 1135]], '2', 0.05035861638816996), ([[1209, 1195], [1251, 1195], [1251, 1247], [1209, 1247]], '@', 0.8021332419050395), ([[1205, 1253], [1245, 1253], [1245, 1297], [1205, 1297]], '쌀', 0.038354204857541596), ([[768.4633436854001, 47.04839026970028], [835.9786305154607, 81.64256433814471], [822.5366563145999, 107.95160973029972], [755.0213694845393, 73.35743566185529]], '나사', 0.5136438896043648)]
[([[798, 158], [826, 158], [826, 184], [798, 184]], '8', 0.0313131562502067), ([[876.3528998917341, 539.0526893395779], [929.9267662707097, 579.2380901265788], [908.6471001082659, 607.9473106604221], [855.0732337292903, 567.7619098734212]], '-스', 0.014977899365315434), ([[204.62430962161733, 1014.0176819891436], [237.71394687282404, 1019.3858076812188], [221.37569037838267, 1127.9823180108563], [188.28605312717596, 1123.614192318781]], "'", 0.2335543475595836)]
[([[1153, 585], [1196, 585], [1196, 694], [1153, 694]], "'", 0.33460718868397876), ([[398, 1288], [446, 1288], [446, 1472], [398, 1472]], '"', 0.2653908330895014), ([[383.9074644389062, 112.10030797009324], [485.7469577113269, 128.27591268660194], [476.0925355610938, 177.89969202990676], [374.2530422886731, 161.72408731339806]], '2 33', 0.47725619174690415), ([[818.5812608619278, 642.0219781883144], [849.7018130575132, 639.062048955065], [860.4187391380722, 744.9780218116856], [830.2981869424868, 747.937951044935]], "'", 0.7859425570978025)]
[([[400, 443], [493, 443], [493, 538], [400, 538]], "'", 0.5768610242840033), ([[188, 836], [748, 836], [748, 897], [188, 897]], '꼴) @()[석갚,(;히/ (결(', 0.0005924079957140367), ([[190, 904], [707, 904], [707, 970], [190, 970]], '?,5(히/ (5. { ,!', 0.0011188486216945012), ([[235, 977], [646, 977], [646, 1099], [235, 1099]], '#넷#~', 0.0034893243573606014)]
[([[1115, 1159], [1199, 1159], [1199, 1195], [1115, 1195]], '코우야', 0.9998822404721047), ([[595, 1237], [797, 1237], [797, 1275], [595, 1275]], '이놈아! 이상한 거', 0.6467588986501654), ([[619, 1267], [769, 1267], [769, 1307], [619, 1307]], '먹으면 안 돼.', 0.9256395046277796), ([[298, 1302], [378, 1302], [378, 1350], [298, 1350]], '코군', 0.7868411036514906)]
[([[785, 36], [1183, 36], [1183, 150], [785, 150]], '68  :', 0.015654016783098794), ([[81, 288], [1956, 288], [1956, 361], [81, 361]], '<이룩벼: 균# 지++프.35 +논 5 .순0 *화   수{? #-<개 21-0{유+ 5', 7.478497360976733e-05), ([[77, 351], [1767, 351], [1767, 424], [77, 424]], "7'++15소스 5하#3<내<라+-073병;0 +프-17내*3+' ?", 0.0001181145510013885), ([[81, 414], [1986, 414], [1986, 489], [81, 489]], '초59-) 준}5 3 < 토+0 -[리(:##07 5 3-* 손 표문+논21', 0.0003235334105967295), ([[76, 481], [612, 481], [612, 549], [76, 549]], '+*(채*0?화#.', 0.0005612958132043868), ([[81, 540], [1929, 540], [1929, 615], [81, 615]], '7화+차46당(미시)오 도숲 <스충굶?<05-,+7" 그0082310538', 1.9137559892195242e-05), ([[81, 606], [1988, 606], [1988, 678], [81, 678]], '()39-기다; 그/+0버7 < 중따버(307수{주: :소}0*7하초름0;67', 6.192856301291923e-05), ([[76, 667], [321, 667], [321, 739], [76, 739]], '강*(+', 0.3313770592212677), ([[79, 795], [1855, 795], [1855, 867], [79, 867]], "존화834내카그-춘0<++쓰0심-하'병하논 5 똑순0 *화(++-0+", 2.2561945335832173e-05), ([[84, 858], [1848, 858], [1848, 930], [84, 930]], '나뇨그-+*"{-손6소<.초표(<:3(<한쏟7*5270\'*화.', 0.0001835906922393135), ([[79, 921], [1691, 921], [1691, 993], [79, 993]], '20*+ <3## 료#별심틈2 <++손나 5+{ < 훈##( 21-73.', 0.000156203175903347), ([[75, 986], [1959, 986], [1959, 1059], [75, 1059]], '채[하속+ 햇로 < ^소3중논-터-그? 논+ 주유촌-취{증논* 중따카품 ~구]축-', 0.00014505704899674352), ([[77, 1049], [1882, 1049], [1882, 1122], [77, 1122]], '+4 21203507#다--치-다벼:내<그-#온춘{미롯하&3(< 00#초1', 5.1448366903562815e-05), ([[80, 1113], [1188, 1113], [1188, 1181], [80, 1181]], '단4-+#손눈  ( 5045 5 디쓰0 총화.', 0.00023994531308275553), ([[77, 1238], [1851, 1238], [1851, 1311], [77, 1311]], '#사-0##: 7-0시<3디단빼증난2 3촌#숙# ((++돈0+-화 라남{노', 9.078358997278968e-06), ([[79, 1299], [1956, 1299], [1956, 1376], [79, 1376]], '쓸0|: 20* *3순채 중 변손스초<0+<073+ 2?5076 조복빌디우)', 6.179724528797098e-05), ([[80, 1367], [1478, 1367], [1478, 1436], [80, 1436]], '*09 (<교;끼< *34 * 논팎이수;주이#-<(<강* (+', 8.875161155608372e-05), ([[78, 1430], [1976, 1430], [1976, 1499], [78, 1499]], '15-+-+화 강흐 로움*+ 212* 5 #67 (*화오" 뺨 충기#묶#05 3*하3+사 _천', 2.14571854208291e-06), ([[80, 1493], [1879, 1493], [1879, 1562], [80, 1562]], '5307 *(귀0논한|-  #난3당 <내70총화  ##빛논 (7버스스워0', 5.604253251874182e-05), ([[78, 1556], [1215, 1556], [1215, 1625], [78, 1625]], '잘려하 (43 < *2<묘+ 2+24 * 논 빠이 총화 .', 0.0003309666726885172), ([[77, 1681], [1988, 1681], [1988, 1757], [77, 1757]], "[*그= =포복(마루) /#뱃뜨 초톱]논0391-지:*미-02+6굵*'[", 5.203582634363072e-05), ([[80, 1747], [412, 1747], [412, 1816], [80, 1816]], '화증자미0화', 0.010399996994809707), ([[74, 1785], [1774, 1785], [1774, 1889], [74, 1889]], '##초5채포육촌없5#+하\'군벼0?#논3*2디0*300\'"', 5.608211868762089e-05), ([[75, 1872], [1257, 1872], [1257, 1945], [75, 1945]], '리늄 ##순 *미-손감# (라(++쓰나 증논추0 <화', 0.00044200369999887283), ([[1237, 1908], [1262, 1908], [1262, 1934], [1237, 1934]], '0', 0.9994282347902619), ([[80, 2017], [572, 2017], [572, 2081], [80, 2081]], '4-) : 초#문습(:', 0.006422956105968729), ([[80, 2075], [705, 2075], [705, 2138], [80, 2138]], '-추++~마:@+기탁+기탁하라+어7', 8.371890870106838e-06), ([[292, 2135], [638, 2135], [638, 2191], [292, 2191]], '@어라어라,`어표`;', 7.527743818714105e-05), ([[96, 2668], [344, 2668], [344, 2776], [96, 2776]], '[~.,]', 0.007440415219139125), ([[812, 2668], [1089, 2668], [1089, 2783], [812, 2783]], '[오;*머]', 0.006579377394436159)]
[([[20, 35], [565, 35], [565, 119], [20, 119]], "'3<(+#사주0", 0.0027096962801621697), ([[12, 113], [393, 113], [393, 192], [12, 192]], '##추057 >', 0.1714748875661017), ([[1839, 98], [1884, 98], [1884, 158], [1839, 158]], "당'", 0.054470764885863936), ([[1858, 234], [1889, 234], [1889, 267], [1858, 267]], '0', 0.04393749538964187), ([[526, 648], [557, 648], [557, 724], [526, 724]], '4', 0.719469467901618), ([[540, 823], [566, 823], [566, 868], [540, 868]], ')', 0.9545833873589835), ([[909, 1499], [1066, 1499], [1066, 1702], [909, 1702]], '곧', 0.004000521693691361), ([[309, 1954], [603, 1954], [603, 2104], [309, 2104]], '{0~', 0.03830708134894097), ([[1003, 2294], [1953, 2294], [1953, 2360], [1003, 2360]], '이디초독)) - 놔0튼:<컵두 #춤어디0301', 0.00032630273932328396), ([[1000, 2353], [1467, 2353], [1467, 2419], [1000, 2419]], '-집0 초:60숨<화.', 0.00040403886931917433), ([[999, 2407], [1934, 2407], [1934, 2479], [999, 2479]], "7 ')++흙록61501461<적33*07", 0.0013299552294787098), ([[1003, 2467], [1955, 2467], [1955, 2534], [1003, 2534]], "$2#(:'한화<(*0: (+손 20-)촌", 0.00045928787111915365), ([[1003, 2526], [1982, 2526], [1982, 2592], [1003, 2592]], '저4하야  7 ! +#잎7#습6+-3병등대** !+"', 8.848794660217147e-05), ([[1002, 2584], [2003, 2584], [2003, 2652], [1002, 2652]], ':이논 현21073+*  류/0스-사+쓰나+/손', 0.00034599656051608445), ([[1000, 2643], [2032, 2643], [2032, 2709], [1000, 2709]], "{분캠'250 초그류<*2<(골2<화라하{6", 0.00034342347517232015), ([[1394, 2796], [1996, 2796], [1996, 2860], [1394, 2860]], '솔우하*~0숲-* 873', 0.0022462704702630497), ([[307.89059274635184, 1655.9921262180685], [577.7193793574166, 1513.7910330372729], [671.1094072536482, 1721.0078737819315], [401.28062064258336, 1863.2089669627271]], '"가', 0.01711998959959621)]
[]
[]
[]
[]
[]
[([[1024, 36], [1050, 36], [1050, 66], [1024, 66]], '130', 0.23314117733421094), ([[1018, 64], [1044, 64], [1044, 100], [1018, 100]], '3', 0.10378098217000176), ([[288, 230], [372, 230], [372, 262], [288, 262]], '안 간지', 0.9755280905444926), ([[289, 254], [370, 254], [370, 293], [289, 293]], '오래켓', 0.09325477232137708), ([[1076, 272], [1158, 272], [1158, 304], [1076, 304]], '또 학교', 0.9329367293904182), ([[291, 285], [349, 285], [349, 321], [291, 321]], '구나.', 0.8165747081135453), ([[1077, 299], [1159, 299], [1159, 337], [1077, 337]], '땅멩이', 0.4127707818091528), ([[1067, 329], [1169, 329], [1169, 365], [1067, 365]], '처버럿어', 0.2355509251356125), ([[75, 1051], [143, 1051], [143, 1091], [75, 1091]], '이제', 0.9925231858470908), ([[35, 1083], [183, 1083], [183, 1125], [35, 1125]], '마법소녀로', 0.5697585745379085), ([[57, 1118], [156, 1118], [156, 1156], [57, 1156]], '-음-로', 0.01712597720324993), ([[45, 1151], [167, 1151], [167, 1193], [45, 1193]], '그만둥어', 0.08597801274581109), ([[45, 1181], [169, 1181], [169, 1225], [45, 1225]], '머지않야', 0.7925710082054138), ([[1107, 1173], [1225, 1173], [1225, 1209], [1107, 1209]], '그 때의 일', 0.8783714159983157), ([[43, 1213], [173, 1213], [173, 1257], [43, 1257]], '이 커리로', 0.15433491754799147), ([[1099, 1201], [1237, 1201], [1237, 1242], [1099, 1242]], '뉴스가 되고', 0.9904040728365805), ([[1107, 1231], [1233, 1231], [1233, 1269], [1107, 1269]], '있없으니까', 0.3452003710990528), ([[75, 1249], [141, 1249], [141, 1291], [75, 1291]], '다른', 0.8080440215251656), ([[1115, 1259], [1225, 1259], [1225, 1295], [1115, 1295]], '아마 학교', 0.6798188586513396), ([[35, 1280], [182, 1280], [182, 1324], [35, 1324]], '마법소녀가', 0.8073473002667035), ([[420, 1308], [482, 1308], [482, 1334], [420, 1334]], '9:12', 0.9441039562225342), ([[614, 1304], [676, 1304], [676, 1334], [614, 1334]], '64%', 0.7611482739448547), ([[1119, 1287], [1223, 1287], [1223, 1325], [1119, 1325]], '사람들도', 0.830829381942749), ([[35, 1315], [183, 1315], [183, 1359], [35, 1359]], '지켜주켓지', 0.6741541826975329), ([[1145, 1317], [1201, 1317], [1201, 1353], [1145, 1353]], '알게', 0.9530582619328613), ([[1121, 1345], [1225, 1345], [1225, 1383], [1121, 1383]], '되엇켓지', 0.440197229385376), ([[181, 1533], [507, 1533], [507, 1573], [181, 1573]], '의 계정은 존재하지 않습니다', 0.9772644095741916), ([[1188, 1526], [1216, 1526], [1216, 1562], [1188, 1562]], '0', 0.46172824727040407), ([[183, 1567], [511, 1567], [511, 1605], [183, 1605]], '단어름 바바꾸에 검색해 보세요', 0.540948952402359), ([[1192, 1570], [1222, 1570], [1222, 1604], [1192, 1604]], '5', 0.9647130282012064), ([[982.3076923076923, 1199.5384615384614], [1067.7233843968145, 1177.833798315984], [1078.6923076923076, 1236.4615384615386], [994.2766156031854, 1258.166201684016]], '사건', 0.9999743748122707), ([[904.9904649372536, 1230.6799763682325], [991.6146347755165, 1205.7364322091764], [1006.0095350627464, 1264.3200236317675], [918.3853652244835, 1289.2635677908236]], '강간', 0.999827623741366), ([[759.9975495200122, 1287.3985297120073], [911.4137447347215, 1233.562504315802], [930.0024504799878, 1288.6014702879927], [778.5862552652785, 1342.437495684198]], '마법소녀', 0.8195850253105164), ([[995.3093088240148, 1439.0402397064163], [1052.634018431474, 1420.9896932211725], [1063.6906911759852, 1455.9597602935837], [1005.365981568526, 1475.0103067788275]], '오5', 0.05415241279591684), ([[683.6559895419231, 1612.0118483578851], [1109.3936171834614, 1431.6133437521937], [1121.3440104580768, 1476.9881516421149], [695.6063828165386, 1656.3866562478063]], '걸66요도 #@카6권 <풍미3미(', 2.2672756594461488e-07), ([[807.6617806810696, 1511.1824104518503], [983.0775357236761, 1440.1062649702944], [996.3382193189304, 1484.8175895481497], [819.9224642763239, 1555.8937350297056]], '5머쇼7', 0.000315872865030542), ([[908.0557630317494, 1558.0899677650968], [1118.1602514716892, 1471.226499018874], [1130.9442369682506, 1515.9100322349032], [920.8397485283108, 1602.773500981126]], '?0분<#하`가(', 0.00025285254424161995), ([[682.7990780016776, 1564.1588936020132], [808.8862243535374, 1516.8540088566601], [823.2009219983224, 1559.8411063979868], [696.1137756464626, 1608.1459911433399]], '새# 9터', 0.005231349449340948), ([[850.3391813995449, 1627.0438604965868], [1111.247927336426, 1517.362745111969], [1123.660818600455, 1561.9561395034132], [862.7520726635739, 1671.637254888031]], '8#풍#즐-죄80', 6.277819015876202e-06), ([[672.711464290645, 1755.0083322281598], [1141.368017927149, 1546.566808805682], [1154.2885357093548, 1591.9916677718402], [685.6319820728511, 1800.433191194318]], '갈.4*-;여표"고`마씩형가4;', 1.1196961642462053e-06), ([[661.3121581436266, 1667.0475386341113], [913.2047040149929, 1559.2943643729611], [926.6878418563734, 1604.9524613658887], [674.7952959850071, 1712.7056356270389]], '4디04--4{*(', 0.00012838893671371802), ([[764.6386286971076, 1761.0130760200855], [1153.3528141936006, 1590.5397137166606], [1165.3613713028924, 1632.9869239799145], [776.6471858063993, 1803.4602862833394]], '료섯3풍신하듯렵`력형', 3.925526659672901e-07), ([[663.9594617776758, 1713.109470355076], [853.060436917143, 1632.082320778101], [867.0405382223242, 1675.890529644924], [677.939563082857, 1757.917679221899]], '~`5미(6', 0.004608710139456677)]
[([[1133, 227], [1237, 227], [1237, 263], [1133, 263]], '마수메제', 0.16966527700424194), ([[1156, 258], [1212, 258], [1212, 288], [1156, 288]], '저서', 0.9846674106669808), ([[1131, 285], [1239, 285], [1239, 323], [1131, 323]], '무서워어', 0.8314075469970703), ([[61, 411], [143, 411], [143, 447], [61, 447]], '죽는줄', 0.8401902517472807), ([[39, 439], [167, 439], [167, 477], [39, 477]], '알앞된켓도', 0.0319689559247491), ([[1159, 1065], [1217, 1065], [1217, 1101], [1159, 1101]], '마을', 0.9487779181280747), ([[1145, 1093], [1227, 1093], [1227, 1129], [1145, 1129]], '사람들', 0.6534754323309302), ([[1172, 1124], [1202, 1124], [1202, 1154], [1172, 1154]], '에', 0.9945058201740267), ([[1147, 1149], [1229, 1149], [1229, 1185], [1147, 1185]], '대해서', 0.9881735562524202), ([[1157, 1179], [1217, 1179], [1217, 1215], [1157, 1215]], '또한', 0.7482099284134853)]
[([[1083, 91], [1142, 91], [1142, 130], [1083, 130]], '나는', 0.9948183611541728), ([[1073, 121], [1151, 121], [1151, 157], [1073, 157]], "무엇'", 0.4007331132888794), ([[1085, 149], [1143, 149], [1143, 185], [1085, 185]], '위해', 0.9999844057016644), ([[1073, 179], [1153, 179], [1153, 215], [1073, 215]], '노력햇', 0.9489367107525017), ([[1098, 210], [1128, 210], [1128, 242], [1098, 242]], '던', 0.807868682910339), ([[1073, 235], [1133, 235], [1133, 271], [1073, 271]], '걸까', 0.9645513975843183), ([[1159, 1279], [1253, 1279], [1253, 1315], [1159, 1315]], '어, 왜...', 0.2143908079778805), ([[502, 1430], [554, 1430], [554, 1460], [502, 1460]], '거리', 0.9999648497092857), ([[342, 1420], [374, 1420], [374, 1548], [342, 1548]], '물', 0.011079777317712036), ([[471, 1455], [585, 1455], [585, 1523], [471, 1523]], '간교예_', 0.2030581533908844), ([[487, 1515], [569, 1515], [569, 1551], [487, 1551]], '기적이', 0.7503229228671998)]
[([[2102.727483952719, 835.0238215375917], [2395.6282622616886, 878.1838670674786], [2343.272516047281, 1169.9761784624081], [2050.3717377383114, 1125.8161329325214]], '어', 0.025221157112771175)]
