2639293
87
[([[2482, 133], [2745, 133], [2745, 256], [2482, 256]], '@)어3', 0.0043967608362436295), ([[1633, 326], [1865, 326], [1865, 463], [1633, 463]], '"', 0.013014818583458043), ([[748, 1123], [1404, 1123], [1404, 1411], [748, 1411]], '(하쇼', 0.0014991582959610395), ([[2098, 1295], [2160, 1295], [2160, 1474], [2098, 1474]], '탑', 0.05310600948418198), ([[1829, 1354], [1961, 1354], [1961, 1507], [1829, 1507]], '0-', 0.05477012191992368), ([[1054, 1338], [1790, 1338], [1790, 1663], [1054, 1663]], '1)물|표)', 3.6298926464203295e-06), ([[702, 1698], [2034, 1698], [2034, 1970], [702, 1970]], '(7; 쩌;@^국 ("3권)', 0.00013354781464012692), ([[1499, 2053], [2075, 2053], [2075, 2224], [1499, 2224]], '(간 볕운주초:)', 1.7071793550210863e-05), ([[2082.745629408229, 1497.0032357433997], [2152.6101082545224, 1489.018628956012], [2197.254370591771, 1909.9967642566003], [2126.3898917454776, 1917.981371043988]], ';', 0.06658187880009692)]
[([[304, 86], [707, 86], [707, 148], [304, 148]], '기분좋아아니스예버아니스', 0.7348533109263773), ([[500, 310], [705, 310], [705, 425], [500, 425]], '다빵', 0.019556425823342195), ([[1441, 423], [1555, 423], [1555, 547], [1441, 547]], '8', 0.009705326372664524), ([[287, 637], [450, 637], [450, 762], [287, 762]], '똑뼈', 0.07420344693911535), ([[816, 1406], [1164, 1406], [1164, 1460], [816, 1460]], '하아하아.부끄러워요 |', 0.6952797517881886), ([[1438, 1490], [1590, 1490], [1590, 1680], [1438, 1680]], '좁', 0.502416645953204), ([[1246, 2090], [1416, 2090], [1416, 2344], [1246, 2344]], '<', 0.19196648106414216), ([[1587, 2149], [1771, 2149], [1771, 2329], [1587, 2329]], '퍽', 0.9986477896190173), ([[505, 2307], [669, 2307], [669, 2393], [505, 2393]], '귀여위', 0.6498132423638745), ([[815.8562946477662, 952.0467947027477], [975.4590655077963, 979.6147289272544], [950.1437053522338, 1101.9532052972525], [790.5409344922037, 1074.3852710727456]], '끊0', 0.027554780834696306), ([[478.055917498353, 1248.4013029940706], [646.3346211751746, 1210.8212751921853], [660.944082501647, 1305.5986970059294], [492.66537882482544, 1343.1787248078147]], '하아', 0.18705464229939867), ([[87.71897507550459, 1664.5007202416148], [295.89609692733507, 1620.5301113255746], [309.2810249244954, 1717.4992797583852], [102.10390307266492, 1761.4698886744254]], '3900', 0.36302971839904785), ([[1305.4800246196487, 1882.0642905118552], [1439.6555983024853, 1844.2756760604216], [1482.5199753803513, 2035.9357094881448], [1348.3444016975147, 2073.7243239395784]], '퍽', 0.9831698038426318)]
[([[148, 130], [516, 130], [516, 186], [148, 186]], '하으으 키스해주세요오', 0.9265470290872654), ([[112, 420], [248, 420], [248, 524], [112, 524]], '흉0', 0.03356398309510125), ([[600, 566], [726, 566], [726, 662], [600, 662]], '많0', 0.06935487057514304), ([[701, 821], [803, 821], [803, 909], [701, 909]], '3육', 0.004711037703672605), ([[1342, 784], [1438, 784], [1438, 890], [1342, 890]], '똑', 0.0040078001096071625), ([[1018, 1164], [1150, 1164], [1150, 1292], [1018, 1292]], '톤@', 0.024710564209526522), ([[36, 1634], [450, 1634], [450, 1706], [36, 1706]], '아아응 저활거같아요 !', 0.39656144089277356), ([[1505, 2326], [1836, 2326], [1836, 2398], [1505, 2398]], '으옷  웃간다 간다', 0.3289962972812879), ([[249.6115134176307, 2080.1913831893103], [493.675824915509, 1929.7635764197446], [547.3884865823693, 2047.8086168106897], [303.324175084491, 2198.2364235802556]], '콤0', 0.024670302776539556), ([[1440.219699576205, 2042.113656694398], [1671.0865464884903, 2026.9349172700129], [1670.780300423795, 2147.8863433056017], [1439.9134535115097, 2162.065082729987]], '숫째', 0.0024082960802830422)]
[([[665, 1901], [919, 1901], [919, 2107], [665, 2107]], '9', 0.007426134849200849), ([[1662, 1942], [1832, 1942], [1832, 2138], [1662, 2138]], '1', 0.024287121034149095), ([[1160, 2158], [1434, 2158], [1434, 2392], [1160, 2392]], '승', 0.05336404578406562), ([[1334.4125132542936, 1095.3925768749027], [1893.7057698987717, 979.3901398602166], [1919.5874867457064, 1206.6074231250973], [1360.2942301012283, 1322.6098601397834]], '가@오아-있', 0.1102653599816417)]
[([[300, 207], [654, 207], [654, 267], [300, 267]], '사랑해요 " 모험가남 ~', 0.1382712305467798), ([[1610, 198], [1856, 198], [1856, 322], [1610, 322]], '@이:', 0.002754330630844635), ([[656.0395748479576, 497.120556268457], [903.3785257000382, 473.2241780958465], [905.9604251520424, 609.879443731543], [658.6214742999618, 633.7758219041534]], '하):', 0.010055985527460596)]
[([[1281, 2167], [1925, 2167], [1925, 2235], [1281, 2235]], '나만 바라보튼아니스가 너무 귀여워서', 0.5339251574948372), ([[1390, 2294], [1812, 2294], [1812, 2368], [1390, 2368]], '어절 수가 업는 나엿다', 0.22973904420582855)]
[([[1389, 247], [1539, 247], [1539, 315], [1389, 315]], '까아 !', 0.6105966921347584), ([[1402, 320], [1633, 320], [1633, 406], [1402, 406]], '오섞어요?', 0.9425125335856811), ([[110, 1362], [572, 1362], [572, 1443], [110, 1443]], '후후   아 제복장이요?', 0.5742600232619157), ([[187, 1430], [785, 1430], [785, 1520], [187, 1520]], '오늘은 화이트데이잖아요  ?', 0.3432792344379245)]
[([[1158, 302], [1260, 302], [1260, 374], [1158, 374]], '헤해', 0.5659573980283725), ([[1167, 375], [1755, 375], [1755, 459], [1167, 459]], '특별하게 준비하고싶없어요', 0.9394131109824932)]
[([[140, 109], [474, 109], [474, 185], [140, 185]], '저도 화이트데이', 0.8101924914104092), ([[141, 184], [581, 184], [581, 268], [141, 268]], '선물이가지고심은데', 0.8116936031559605), ([[1371, 259], [1721, 259], [1721, 347], [1371, 347]], '말해도되까요?', 0.618346827847108)]
[([[50, 128], [430, 128], [430, 200], [50, 200]], '모험넘이가지고잎는', 0.32435585617796975), ([[50, 191], [524, 191], [524, 267], [50, 267]], '달끔한 사랑이 먹고싶어요', 0.19685680040208817)]
[]
[([[1361, 211], [1955, 211], [1955, 275], [1361, 275]], '아침에일어나보니 속옷차림의아니스가', 0.8345647023629265), ([[1391, 321], [1921, 321], [1921, 387], [1391, 387]], '내가 자기편하도록햇볕올가려주려', 0.9636032697511909), ([[1441, 435], [1875, 435], [1875, 501], [1441, 501]], '커릿올치고있없다 작한녀석', 0.1188591040719863)]
[([[11, 168], [498, 168], [498, 247], [11, 247]], '이렇게나 부풀어있엇구나', 0.7502118773221658)]
[([[1128, 260], [1702, 260], [1702, 336], [1128, 336]], '잇아니에요   혼자말이없어요', 0.23069176507895064)]
[([[1194, 224], [1554, 224], [1554, 310], [1194, 310]], '저늘 벌써 젖어서.', 0.48773600489274166), ([[1196, 297], [1629, 297], [1629, 385], [1196, 385]], '넣자마자 쌀것같아요', 0.46776043494763325)]
[([[340, 344], [412, 344], [412, 432], [340, 432]], '앗', 0.34531613144611484), ([[1524, 764], [1572, 764], [1572, 820], [1524, 820]], '으', 0.9788566302369794), ([[1524, 832], [1572, 832], [1572, 902], [1524, 902]], '응', 0.9975949698558431), ([[340, 1448], [466, 1448], [466, 1510], [340, 1510]], '좋아요', 0.9967300598312271), ([[1463, 1885], [1675, 1885], [1675, 2047], [1463, 2047]], '딱육', 0.009851310709149462), ([[916, 2168], [1112, 2168], [1112, 2338], [916, 2338]], '손욕', 0.006074143450357334)]
[([[10, 164], [234, 164], [234, 244], [10, 244]], '기분좋아요', 0.9467082728195344), ([[338, 164], [546, 164], [546, 242], [338, 242]], '모험가니임', 0.9355120941309379), ([[1291, 237], [1379, 237], [1379, 329], [1291, 329]], ')', 0.999946833363552), ([[299, 957], [387, 957], [387, 1063], [299, 1063]], '((', 0.7777970294331263), ([[1420, 1602], [1630, 1602], [1630, 1800], [1420, 1800]], '땅', 0.3916672855112324), ([[194.89550649040444, 1953.0265350004127], [372.4111955822072, 1937.0304077311375], [388.10449350959556, 2206.973464999587], [209.58880441779283, 2221.9695922688625]], '광', 0.3538575183154222), ([[1461.0345001372812, 2168.9104004392993], [1778.7390418100229, 2015.5819322299294], [1836.9654998627188, 2175.0895995607007], [1520.2609581899771, 2328.4180677700706]], '제해30', 0.011373586021363735)]
[([[37, 191], [653, 191], [653, 257], [37, 257]], '모험가남 서서 뒤로 박분거 좋아하잡아요', 0.3232064594840429), ([[1406, 226], [1466, 226], [1466, 280], [1406, 280]], '0|', 0.7686323951890889), ([[292, 252], [392, 252], [392, 300], [292, 300]], '그초?', 0.955786228454264), ([[213, 1311], [321, 1311], [321, 1441], [213, 1441]], '일', 0.10008679663703024), ([[1462, 1476], [1660, 1476], [1660, 1692], [1462, 1692]], '', 0.0), ([[759, 2136], [1021, 2136], [1021, 2322], [759, 2322]], '움픽', 0.01759843152181969), ([[1396, 2334], [1627, 2334], [1627, 2495], [1396, 2495]], '작부', 0.011893417812496357)]
[([[146, 264], [224, 264], [224, 316], [146, 316]], '아앗', 0.9456910891050722), ([[268, 262], [380, 262], [380, 318], [268, 318]], '하으응:', 0.959170937538147), ([[442, 264], [522, 264], [522, 318], [442, 318]], '아앗', 0.9337152306874197), ([[1308, 347], [1730, 347], [1730, 427], [1308, 427]], '웃으. 저도 좋아해요', 0.6755457685871677)]
[([[46, 252], [578, 252], [578, 328], [46, 328]], '아응  ! 저 . 저어.. 쌀것같아', 0.3040869805454491), ([[1427, 1803], [1717, 1803], [1717, 2083], [1427, 2083]], '퍽', 0.9886154373339338), ([[1378, 2184], [1636, 2184], [1636, 2384], [1378, 2384]], '교체', 0.017251654733672513), ([[124.86879584072051, 1952.0812255134385], [378.2410710371751, 1894.191501330306], [416.1312041592795, 2138.9187744865612], [162.7589289628249, 2196.808498669694]], '끄', 0.13575512863355144)]
[([[186, 226], [364, 226], [364, 370], [186, 370]], '으옷', 0.6148964837715682), ([[1237, 2045], [1409, 2045], [1409, 2179], [1237, 2179]], '필}', 0.036508888755243774), ([[908, 2266], [1078, 2266], [1078, 2390], [908, 2390]], '꿀', 0.5830605521687318), ([[1108.8382066282488, 556.1380117003405], [1557.8126387626326, 522.7581689094872], [1556.1617933717512, 667.8619882996595], [1108.1873612373674, 700.2418310905128]], '아으으으옷', 0.5943069189345039), ([[1544.4789396203098, 605.4141973545267], [1609.6741553906204, 599.6402599708709], [1611.5210603796902, 627.5858026454733], [1545.3258446093796, 632.3597400291291]], "15 '", 0.13567353785037994)]
[([[351, 280], [550, 280], [550, 390], [351, 390]], '하아"', 0.5980972467379124), ([[1042, 612], [1238, 612], [1238, 716], [1042, 716]], '많)', 0.009419529277109423), ([[1234, 2344], [1382, 2344], [1382, 2472], [1234, 2472]], '올', 0.17558684919990597)]
[([[53, 233], [537, 233], [537, 301], [53, 301]], '어머 모험가남일어나석어요?', 0.5002531664696713), ([[1435, 793], [1929, 793], [1929, 855], [1435, 855]], '어제과음하여어요 괜찮으세요?', 0.6847824877998161)]
[([[1255, 710], [1708, 710], [1708, 794], [1255, 794]], '모험가남. 그거알아요?', 0.6671351582828229)]
[([[1265, 350], [1701, 350], [1701, 434], [1265, 434]], '저너무너무- 행복해요', 0.767534921110518)]
[([[1331, 215], [1760, 215], [1760, 295], [1331, 295]], '어머나~오랜만이야~', 0.9160250689649114)]
[([[220, 2065], [1020, 2065], [1020, 2140], [220, 2140]], '아줌마..저  자지가 두근두근거리고아파요', 0.5741801347445804)]
[([[1330, 222], [1776, 222], [1776, 302], [1330, 302]], '아 정말로 터질듯하네', 0.6907422356744127), ([[280, 332], [376, 332], [376, 470], [280, 470]], '>', 0.2332939040665858)]
[([[1270, 224], [1854, 224], [1854, 298], [1270, 298]], '아줌마가 금방안아프게해줄계~', 0.4519344420316247)]
[([[356, 1922], [534, 1922], [534, 1976], [356, 1976]], '흐으  흐으', 0.6297481847353971), ([[222.00019994002, 1006.100979706098], [305.64623402328675, 1017.1527021353197], [297.99980005998003, 1064.8990202939021], [213.35376597671322, 1053.8472978646803]], '흐으', 0.5021884766133107)]
[([[1245, 227], [1891, 227], [1891, 293], [1245, 293]], '대체마계어서 물먹없길래이렇계된거나?', 0.2126403635933946), ([[347, 2078], [917, 2078], [917, 2146], [347, 2146]], '아줌마아아줌마아 저작빨고싶어요', 0.26524936238763397)]
[([[1372, 222], [1722, 222], [1722, 296], [1372, 296]], '으음많이급햇구나', 0.8891539799345124), ([[235.1933541266034, 1327.0296161218064], [316.935357545593, 1318.7280497962488], [331.8066458733966, 1484.9703838781936], [250.06464245440702, 1493.2719502037512]], '잡', 0.15919637752455174), ([[126.14464044243199, 1864.2942741236736], [200.75974836339816, 1796.0206301134738], [313.855359557568, 1939.7057258763264], [239.24025163660184, 2007.9793698865262]], '입', 0.030257701026618955)]
[([[1548, 218], [1718, 218], [1718, 292], [1548, 292]], '옮지옮지', 0.36326032876968384)]
[([[1510, 266], [1622, 266], [1622, 320], [1510, 320]], '에해해', 0.4407432101396809), ([[1177, 318], [1963, 318], [1963, 384], [1177, 384]], '모험가남얼굴 보느라 시간이이렇제된 줄도 몰딪네요', 0.2805112979422867), ([[1411, 2375], [1499, 2375], [1499, 2435], [1411, 2435]], '으음', 0.991916985211089), ([[1531, 2369], [1939, 2369], [1939, 2437], [1531, 2437]], '내가 너무늦게일어낫나?', 0.6441530519618042), ([[1305.6140041121014, 2291.487613981145], [1529.8477087460287, 2247.1426949569536], [1542.3859958878986, 2348.512386018855], [1319.1522912539713, 2393.8573050430464]], '륙아입6', 0.00838448666036129)]
[([[414, 1903], [561, 1903], [561, 1975], [414, 1975]], '흐아아', 0.9777118627740441)]
[([[1320, 126], [1724, 126], [1724, 200], [1320, 200]], '용자잘참고있어요~', 0.7466458004464641), ([[135, 1135], [301, 1135], [301, 1197], [135, 1197]], '아줌마아._', 0.5174547363720692), ([[389, 1905], [561, 1905], [561, 1969], [389, 1969]], '아줌마아_', 0.9730872830274623)]
[([[1276, 1622], [1462, 1622], [1462, 1792], [1276, 1792]], '부유', 0.031156034278084933), ([[1784, 1657], [1969, 1657], [1969, 1770], [1784, 1770]], '울퀴', 0.6632655971000578), ([[68.81834396677148, 800.0388282949265], [259.9820874778826, 835.7191256591282], [226.18165603322853, 987.9611717050735], [35.01791252211743, 952.2808743408718]], ')', 0.5000520777464637), ([[630.3569264806375, 1889.0258883599051], [752.9406911095632, 1967.02767047638], [712.6430735193625, 2028.9741116400949], [590.0593088904368, 1950.97232952362]], '~', 0.022641894607309476)]
[([[68.81055248936698, 799.0393425894415], [260.01585027867014, 834.784615660164], [226.18944751063302, 985.9606574105585], [34.98414972132987, 950.215384339836]], ')', 0.24746610341759379), ([[628.2765422907172, 1888.0291244048933], [756.9498974057184, 1966.0516665000564], [717.7234577092828, 2029.9708755951067], [588.0501025942816, 1951.9483334999436]], '1', 0.008284155389426395)]
[([[1243, 136], [1777, 136], [1777, 199], [1243, 199]], '그래도계속 부풀어있는데 더빼불까?', 0.1977789796904993), ([[235, 1965], [369, 1965], [369, 2007], [235, 2007]], '흐아 하으', 0.9686134709954003)]
[([[652, 1138], [1286, 1138], [1286, 1242], [652, 1242]], '이후 6시간동안 짜내겪다', 0.48674560569678427)]
[([[1387, 1800], [1635, 1800], [1635, 1880], [1387, 1880]], '오필리아는', 0.7235972952608307), ([[1138, 1878], [1879, 1878], [1879, 1963], [1138, 1963]], '로터스에의해세니된([교도들이', 0.1311807245264984), ([[1183, 1959], [1839, 1959], [1839, 2043], [1183, 2043]], '아라드에내려온것과 로터스트', 0.6779647096274634), ([[1122, 2034], [1899, 2034], [1899, 2126], [1122, 2126]], '부활시키려는 음모릎알아내엎는데 .', 0.07114849780635249)]
[([[125, 136], [596, 136], [596, 210], [125, 210]], '로터스의부활은안되니다!', 0.575733889633905), ([[234, 199], [501, 199], [501, 278], [234, 278]], '정신차리세요', 0.6621103375729932)]
[([[1286, 1855], [1729, 1855], [1729, 1941], [1286, 1941]], '세뇌된신도들어계는', 0.3038888525252892), ([[1291, 1931], [1731, 1931], [1731, 2021], [1291, 2021]], '외침이들리지않앉다', 0.8858290270823366), ([[1267, 2011], [1756, 2011], [1756, 2095], [1267, 2095]], '단지 세뇌의부작용으로', 0.604596925890372), ([[1143, 2084], [1884, 2084], [1884, 2181], [1143, 2181]], '끌어오르는성용만 느껴질분이없다', 0.46892947009110547)]
[([[176, 716], [580, 716], [580, 794], [176, 794]], '안되니다 . 안흉니다.', 0.2561165916353345)]
[([[1513, 155], [1741, 155], [1741, 221], [1513, 221]], '네모험가남?', 0.8276439797367235), ([[274, 1014], [436, 1014], [436, 1090], [274, 1090]], '아니스', 0.9998008216161196), ([[174, 1606], [522, 1606], [522, 1680], [174, 1680]], '오늘따라 더예쁘네', 0.42995291224898924)]
[([[72, 679], [692, 679], [692, 760], [72, 760]], '우리의 목적은 지식이지않습니까.', 0.7872329554403426), ([[222, 754], [554, 754], [554, 828], [222, 828]], '이러면안되니다 ', 0.21580674853740892)]
[([[1131, 1907], [1864, 1907], [1864, 1992], [1131, 1992]], '신도는 자신의부풀은성기름 주제못해', 0.2890798073261242), ([[1264, 1984], [1742, 1984], [1742, 2062], [1264, 2062]], '오필리아에제달려들없다', 0.4422374513176858)]
[([[1560, 502], [1792, 502], [1792, 574], [1560, 574]], '까아아아', 0.9728440642356873), ([[1542, 582], [1772, 582], [1772, 660], [1542, 660]], '제발제발 ', 0.7846680120200372), ([[942, 1716], [992, 1716], [992, 1784], [942, 1784]], '@', 0.47635403220414574), ([[1269, 1977], [1423, 1977], [1423, 2117], [1269, 2117]], '옮', 0.028331441870307117), ([[736, 2050], [896, 2050], [896, 2200], [736, 2200]], '운', 0.06540609629713945)]
[([[1126, 1903], [1894, 1903], [1894, 1982], [1126, 1982]], '성기는 자비없이오필리아의처녀름뚫없다', 0.3542811106783927), ([[1120, 1974], [1904, 1974], [1904, 2052], [1120, 2052]], '그저사정을위한 피스톤질올 하기시작햇다', 0.32368439877222366)]
[([[321, 641], [503, 641], [503, 873], [321, 873]], '0', 0.462952046650944), ([[1839, 883], [1947, 883], [1947, 1049], [1839, 1049]], '2', 0.6159123388497143), ([[695, 2207], [906, 2207], [906, 2436], [695, 2436]], '[', 0.03035599229765129), ([[124.96437017142212, 7.048210617006838], [802.9896934008625, -62.531722608256224], [812.0356298285778, 303.9517893829932], [133.01030659913755, 375.53172260825625]], '까아악', 0.027599645798895348), ([[1298.8662837577158, 369.16981057098576], [1698.1236127230034, 273.130601782425], [1734.1337162422842, 518.8301894290142], [1335.8763872769966, 613.869398217575]], '아파', 0.9991369416667304)]
[([[1459, 275], [1859, 275], [1859, 507], [1459, 507]], ')"', 0.05944840648436205), ([[1642, 516], [1672, 516], [1672, 556], [1642, 556]], '0', 0.9424128551964591), ([[1645, 565], [1685, 565], [1685, 659], [1645, 659]], '욕', 0.17310088996513073), ([[430, 870], [580, 870], [580, 1092], [430, 1092]], '5', 0.8707604559883784), ([[1775, 799], [1985, 799], [1985, 1015], [1775, 1015]], '나^', 0.18743718822903657), ([[436, 1211], [754, 1211], [754, 1459], [436, 1459]], '여경', 0.028070923564695437), ([[1698, 1402], [1970, 1402], [1970, 1622], [1698, 1622]], '펼궁', 0.10867658303096477), ([[829, 1560], [877, 1560], [877, 1683], [829, 1683]], '층', 0.1316507006024814), ([[834, 1680], [864, 1680], [864, 1706], [834, 1706]], '', 0.0), ([[1140.964878310519, 2286.63492805944], [1458.9291714517003, 2153.766521156418], [1535.035121689481, 2390.36507194056], [1216.0708285482997, 2523.233478843582]], '품풀', 0.20961419043872107), ([[422.2742673037723, 2324.0878195769683], [522.6767539518295, 2247.013475809081], [659.7257326962277, 2455.9121804230317], [559.3232460481705, 2531.986524190919]], '푹', 0.9069209498911768)]
[([[58, 152], [592, 152], [592, 226], [58, 226]], '안에는안돼 .싫어  안되니다', 0.12295389806269016), ([[1000, 1768], [1192, 1768], [1192, 1966], [1000, 1966]], ')', 0.041911897423588584), ([[731, 2117], [959, 2117], [959, 2321], [731, 2321]], '#륙', 0.0437186230598981), ([[1105.0673396521452, 2303.0935984170965], [1289.4939009510886, 2271.382623811139], [1308.9326603478548, 2445.9064015829035], [1124.5060990489114, 2477.617376188861]], '뽑화', 0.013303790143489246)]
[([[1421, 375], [1489, 375], [1489, 519], [1421, 519]], '흙', 0.9082573006528492), ([[647, 737], [739, 737], [739, 831], [647, 831]], '스', 0.22124218446681798), ([[1213, 737], [1979, 737], [1979, 805], [1213, 805]], '쌍는데   그쨌튿데에   박는걸멈추지않아 싫어.', 0.0731193734073733), ([[695, 2103], [925, 2103], [925, 2265], [695, 2265]], '상퍽', 0.01380207337732485), ([[1071, 2277], [1395, 2277], [1395, 2470], [1071, 2470]], '몇 ,', 0.10516485571861267), ([[1339.4828982013928, 372.019125718803], [1395.8379335988623, 366.24559402418146], [1409.5171017986072, 520.980874281197], [1352.1620664011377, 526.7544059758186]], '@', 0.06334995653125564), ([[506.2821863608303, 453.0322686052163], [565.8541499113559, 434.0457289504989], [607.7178136391697, 579.9677313947838], [548.1458500886441, 598.954271049501]], '욕', 0.12007661071467979)]
[]
[([[1276, 1784], [1728, 1784], [1728, 1860], [1276, 1860]], '그 이후로도  신도들은', 0.7530172398113274), ([[1196, 1852], [1807, 1852], [1807, 1928], [1196, 1928]], '그녀의몸과 마음이망가질때까지', 0.9162945559616252), ([[1323, 1919], [1676, 1919], [1676, 1998], [1323, 1998]], '오필리아름탕햇다', 0.10380874382325857), ([[1114, 1988], [1884, 1988], [1884, 2066], [1114, 2066]], '버려진 베히모스는 그렇게 사람들기억에서', 0.43550247766579225), ([[1391, 2059], [1608, 2059], [1608, 2138], [1391, 2138]], '잊혀저갖다', 0.5205636562571946)]
[([[1457, 167], [1911, 167], [1911, 227], [1457, 227]], '까앗 깎 모험가넘어느름에 ! .', 0.14441401215415758), ([[1555, 218], [1794, 218], [1794, 275], [1555, 275]], '부끄러워요오오', 0.8885185644781641), ([[273, 185], [513, 185], [513, 397], [273, 397]], ')', 0.9928906410677882), ([[141, 533], [471, 533], [471, 763], [141, 763]], '"', 0.02016743779385899), ([[356, 2030], [712, 2030], [712, 2108], [356, 2108]], '옷차 해장해올까?', 0.4456535096222257)]
[([[1384, 206], [1680, 206], [1680, 308], [1384, 308]], '주인남앉다', 0.7275622355257573), ([[898.9017182281125, 142.93292098779122], [1080.4967904470711, 69.87325060502577], [1119.0982817718875, 184.06707901220878], [937.5032095529288, 257.12674939497424]], '따액', 0.024233763883383594)]
[([[122, 208], [804, 208], [804, 309], [122, 309]], '이녀석 아직도 밥울안먹없네', 0.4941935463221274), ([[262, 1658], [338, 1658], [338, 1746], [262, 1746]], '푹', 0.4959041453234967), ([[1216, 1888], [1825, 1888], [1825, 1975], [1216, 1975]], '(너같으면 먹겪나 또라이야 )', 0.33281275606116023)]
[([[1133, 143], [1783, 143], [1783, 233], [1133, 233]], '우리헤카테 주인남이 앞는데', 0.29459193387370863), ([[1308, 225], [1609, 225], [1609, 315], [1308, 315]], '인사가 없네?', 0.9907666499032978), ([[1099.9904649372536, 105.67997636823249], [1244.7737223776558, 76.04220643467141], [1254.0095350627464, 139.32002363176753], [1109.2262776223442, 168.9577935653286]], '단몇데', 0.00941912195594201)]
[([[187, 1339], [549, 1339], [549, 1431], [187, 1431]], '머 정메검머싸', 0.01277769295220721), ([[1240, 1968], [1634, 1968], [1634, 2048], [1240, 2048]], '(개쌍 또라이새끼 )', 0.7572686131464238)]
[([[184, 138], [630, 138], [630, 216], [184, 216]], '얘가 그에찍못물어와서', 0.4931248802716973), ([[191, 205], [618, 205], [618, 285], [191, 285]], '창고에넣은 헤카테나?', 0.7935682232065947), ([[948, 576], [1942, 576], [1942, 676], [948, 676]], '아해카테인사해 ! 내친구름 데리고앉어', 0.5348240452460636)]
[([[1186, 656], [1840, 656], [1840, 754], [1186, 754]], '오늘 널써보고싶다고해서', 0.8651751222056079)]
[([[176, 1344], [502, 1344], [502, 1440], [176, 1440]], '머 덩머명명', 0.13078879166853433), ([[1349, 1959], [1516, 1959], [1516, 2056], [1349, 2056]], '(씨발)', 0.9587389230728149)]
[([[330, 62], [760, 62], [760, 136], [330, 136]], '우리붐퍼아무리그래도', 0.8126255774168385), ([[354, 124], [739, 124], [739, 202], [354, 202]], '무기정도는 먹어와야', 0.49387311681632684), ([[272, 192], [810, 192], [810, 271], [272, 271]], '레이드도가고 . 구실올할렉데', 0.22015569371881716), ([[1677, 321], [1933, 321], [1933, 479], [1677, 479]], '소@구', 0.01915711329878842), ([[624, 1314], [800, 1314], [800, 1488], [624, 1488]], '불력', 0.0260594814725245), ([[1218, 2194], [1701, 2194], [1701, 2298], [1218, 2298]], '잘부탁해 헤카테장', 0.8710057360076017)]
[([[170, 205], [836, 205], [836, 306], [170, 306]], '잘하면 헬100번 돌아줄게', 0.8285184198781109)]
[([[845, 71], [1077, 71], [1077, 283], [845, 283]], ')', 0.03987037686671613), ([[525, 995], [653, 995], [653, 1107], [525, 1107]], '고', 0.4186954074059237), ([[1703.1350904833298, 243.096868639966], [1897.0907738563405, 221.64558217307865], [1904.8649095166702, 374.903131360034], [1710.9092261436595, 397.35441782692135]], '부욕', 0.014911244420395984), ([[155.79736091952634, 1797.036191264137], [389.08580538223526, 1836.4616369440091], [353.20263908047366, 2002.963808735863], [119.91419461776474, 1963.5383630559909]], '째디', 0.0076351312481335205), ([[541.441107344655, 2231.6526508475513], [862.9817426621162, 2123.095143075637], [911.558892655345, 2320.3473491524487], [590.0182573378838, 2428.904856924363]], '꼭욕욕', 0.21579487673529552)]
[([[1497, 147], [1642, 147], [1642, 216], [1497, 216]], '으우우 .', 0.8883555426240881), ([[1494, 216], [1788, 216], [1788, 288], [1494, 288]], '네에에모험가남', 0.8040410948555635), ([[275, 185], [513, 185], [513, 397], [275, 397]], ')', 0.8783819687732725), ([[139, 531], [477, 531], [477, 763], [139, 763]], '"', 0.013219656196739038), ([[368, 2029], [708, 2029], [708, 2118], [368, 2118]], '넣어주라아니스', 0.6461702465660452)]
[([[1176, 2085], [1310, 2085], [1310, 2189], [1176, 2189]], '고)', 0.011302846344757372), ([[1331, 2141], [1552, 2141], [1552, 2234], [1331, 2234]], '오오옷끼', 0.14652518928050995), ([[1080, 2222], [1792, 2222], [1792, 2318], [1080, 2318]], '에쨌은 못물어도 자지는 잘무네)', 0.14746879136657584), ([[1336, 2307], [1550, 2307], [1550, 2396], [1336, 2396]], '부럽다야', 0.9994005560874939), ([[1466.1618683927557, 190.0603995698856], [1852.9798176876845, 160.00225081329327], [1853.8381316072443, 397.9396004301144], [1468.0201823123155, 427.9977491867067]], '뚜째째', 0.040083829441680555), ([[372.30714291215156, 95.00857365092271], [769.7278100962213, 355.1053180787278], [635.6928570878484, 554.9914263490773], [237.27218990377864, 295.8946819212722]], '쇼]', 0.0022686544219255537), ([[917.9770453883493, 269.014952281546], [1271.592465383153, 407.17420387542774], [1158.0229546116507, 680.985047718454], [804.4075346168469, 543.8257961245723]], '(적', 0.030282523722072848), ([[518.0823106418454, 2166.9563902195064], [784.7011792120763, 2040.7907319100934], [837.9176893581546, 2178.0436097804936], [571.2988207879237, 2304.209268089907]], '@탓', 0.017285681324395886)]
[([[407, 176], [607, 176], [607, 242], [407, 242]], '하아하아 .', 0.639786755857043), ([[236, 244], [791, 244], [791, 320], [236, 320]], '헤카테장 중켓네 칭찬받아서~', 0.18159395048911273), ([[1574, 406], [1748, 406], [1748, 574], [1574, 574]], '퍽', 0.9986992538650021), ([[575, 471], [765, 471], [765, 653], [575, 653]], '팩', 0.4822914622723715), ([[462, 656], [644, 656], [644, 806], [462, 806]], '때', 0.0960478282707733)]
[([[271, 217], [755, 217], [755, 285], [271, 285]], '오오오늘따라 조임이종네~', 0.7293779907159168)]
[([[1160, 2156], [1510, 2156], [1510, 2254], [1160, 2254]], '으웃 센다 !', 0.04565505255245532), ([[781.7536067858944, 199.19555867959792], [947.680631647779, 171.3232857082869], [958.2463932141056, 281.8044413204021], [793.319368352221, 309.6767142917131]], '지쩍', 0.026447938342588954)]
[([[1418, 422], [1656, 422], [1656, 616], [1418, 616]], '볶출', 0.004920813685376896), ([[1642.095655952785, 514.8765247622279], [1715.773500981126, 473.8397485283108], [1735.904344047215, 513.1234752377721], [1662.226499018874, 554.1602514716892]], '03)', 0.045338655962368246)]
[([[501, 1411], [663, 1411], [663, 1501], [501, 1501]], '댁 .', 0.04274698597080393), ([[1294, 1552], [1460, 1552], [1460, 1630], [1294, 1630]], '하마', 0.8328135690145765), ([[708, 2196], [910, 2196], [910, 2309], [708, 2309]], "체: '", 0.10037985444068909), ([[202, 2323], [350, 2323], [350, 2399], [202, 2399]], '하아', 0.9977539752841227)]
[([[340, 316], [644, 316], [644, 396], [340, 396]], '좋아 헤카테장', 0.5793512081070529), ([[139, 389], [856, 389], [856, 479], [139, 479]], '이대로 나가서 지$파티 돌러갈까?', 0.49434526632239095), ([[1213, 1153], [1707, 1153], [1707, 1243], [1213, 1243]], '미친새끼크크크크크', 0.12226743731898934), ([[1299, 2197], [1651, 2197], [1651, 2335], [1299, 2335]], '네???1!', 0.27178163310129094)]
[([[168, 251], [802, 251], [802, 355], [168, 355]], '우리명덩이 산책이 싫어?!', 0.7966500382053449), ([[1341, 2113], [1465, 2113], [1465, 2205], [1341, 2205]], '명멍', 0.09329051185157175), ([[1513, 2109], [1710, 2109], [1710, 2206], [1513, 2206]], '좋아요', 0.9826751768358722)]
[([[1116, 728], [1870, 728], [1870, 830], [1116, 830]], '좋아~~오늘은에프먹자~~', 0.2840638347861349), ([[1202, 2266], [1886, 2266], [1886, 2347], [1202, 2347]], '(이씨발 그냥 캐릭터삭제틀 해쥐 )', 0.22972810934436105)]
[]
[([[1603, 229], [1858, 229], [1858, 320], [1603, 320]], '7/7/', 0.32759949564933777)]
[]
[([[298, 0], [653, 0], [653, 89], [298, 89]], '[0오맵서서', 0.0007209840393327543)]
[([[298, 0], [653, 0], [653, 89], [298, 89]], '[0오맵서서', 0.0007209840393327543)]
[([[298, 0], [653, 0], [653, 89], [298, 89]], '[0오설서쉬', 0.0013309714734964888)]
[([[298, 0], [653, 0], [653, 89], [298, 89]], '[0오맵서서', 0.0008417081012412476)]
[([[1648, 3], [1945, 3], [1945, 77], [1648, 77]], '[아디후서서', 0.0033433043772016146), ([[32, 127], [348, 127], [348, 204], [32, 204]], '불라썩 눈나 ! ! !', 0.6791628424023884), ([[28, 198], [289, 198], [289, 270], [28, 270]], '씨앗증주세요', 0.5835293569962879), ([[1405, 1861], [1899, 1861], [1899, 1953], [1405, 1953]], '후후후 네 모험가남', 0.9004560198442867), ([[1403, 1951], [1863, 1951], [1863, 2039], [1403, 2039]], '지금 꺼내드템게요', 0.3439203926355193)]
[([[1449, 49], [1491, 49], [1491, 89], [1449, 89]], '이', 0.9989786373172507), ([[1448, 92], [1888, 92], [1888, 142], [1448, 142]], '대충물도 보고싶심어용 승', 0.23488680195072142), ([[50, 93], [557, 93], [557, 276], [50, 276]], '체영해질렉', 0.005924174435992831), ([[72, 255], [631, 255], [631, 420], [72, 420]], '팀사-라되 @)', 0.005478637654757798), ([[1370, 545], [1856, 545], [1856, 717], [1370, 717]], '된계국 #질띄 $', 0.003072216482234783), ([[1407, 701], [1817, 701], [1817, 838], [1407, 838]], '필화 6제', 0.3134655489737174), ([[1358, 808], [1951, 808], [1951, 952], [1358, 952]], "'[움00 골로어쪽오오0", 0.0030558179839084575), ([[1207, 1487], [1383, 1487], [1383, 1619], [1207, 1619]], '싫이', 0.45968196671293937), ([[1220.2678711470553, 489.3446974735155], [1476.8130785213975, 456.02973945020125], [1481.7321288529447, 549.6553025264845], [1226.1869214786025, 582.9702605497988]], '떼예예', 0.2394137149364511), ([[216.7570496053683, 1353.708459526442], [391.5721812920885, 1263.9052467038352], [450.2429503946317, 1390.291540473558], [275.4278187079115, 1480.0947532961648]], '출의', 0.16174026160265792)]
[([[186, 72], [292, 72], [292, 116], [186, 116]], '[서-', 0.026633577101319576), ([[815, 75], [857, 75], [857, 117], [815, 117]], '사', 0.9999938011265499), ([[922, 50], [1060, 50], [1060, 106], [922, 106]], '사폐로', 0.3482819273570498), ([[187, 125], [672, 125], [672, 192], [187, 192]], '미진 소유이 모험가 덕방', 0.23255736945545977), ([[698, 104], [778, 104], [778, 178], [698, 178]], '+', 0.9987993270281983), ([[923, 109], [1313, 109], [1313, 173], [923, 173]], '성욕에 미처버린 스튜', 0.32431151717377604), ([[493, 227], [545, 227], [545, 247], [493, 247]], '000', 0.8449219250556854), ([[23, 675], [717, 675], [717, 736], [23, 736]], '질내사정 더 해주어어어어! ! ! ! ! 임신시켜쥐! ! !', 0.29321503387807685), ([[1572, 1766], [1822, 1766], [1822, 1820], [1572, 1820]], '죽올때까지 박아쥐', 0.28994016021891095), ([[1438, 1814], [1956, 1814], [1956, 1864], [1438, 1864]], '아프게해주어어어어 보지행당해질때까지', 0.1648857931770511), ([[1524, 1859], [1716, 1859], [1716, 1910], [1524, 1910]], '개처럼 박아쥐', 0.4816059554466132), ([[1507, 1899], [1887, 1899], [1887, 1960], [1507, 1960]], '아저씨 재성해여어어어어어어', 0.5907354760210228), ([[1496, 1952], [1900, 1952], [1900, 2004], [1496, 2004]], '루이제최음제로 모험가남 자지', 0.42351251303927223), ([[1426, 1998], [1780, 1998], [1780, 2053], [1426, 2053]], '보지로 먹방중이에여어어어', 0.41613852887733177), ([[322.85884908971127, 2295.2918567229603], [405.2987830845308, 2217.337389718231], [447.14115091028873, 2274.7081432770397], [364.7012169154692, 2352.662610281769]], '2)', 0.009719580513745427)]
[([[1592, 185], [1881, 185], [1881, 254], [1592, 254]], '기분종으신가요?', 0.8770536193222914), ([[907, 839], [947, 839], [947, 889], [907, 889]], '0', 0.9999177472816569), ([[1452, 1612], [1684, 1612], [1684, 1734], [1452, 1734]], '(:', 0.07843570747607807), ([[414, 1904], [630, 1904], [630, 2168], [414, 2168]], '광', 0.24252182451454107), ([[236, 2118], [430, 2118], [430, 2326], [236, 2326]], '싱', 0.0050169346282449845), ([[1006, 2202], [1266, 2202], [1266, 2442], [1006, 2442]], '판', 0.30920075294418226), ([[387.8339885867423, 1470.0295751588233], [622.7563091789714, 1524.0916384166228], [574.1660114132577, 1712.9704248411767], [338.24369082102857, 1659.9083615833772]], "'_", 0.10669320515100282)]
