2645721
10
[([[946, 412], [998, 412], [998, 462], [946, 462]], '2', 0.2353244398642227), ([[166, 1014], [194, 1014], [194, 1038], [166, 1038]], '0', 0.5078271228785667), ([[949, 1705], [1249, 1705], [1249, 1817], [949, 1817]], '마@구', 0.014288706839217449)]
[([[1083, 135], [1203, 135], [1203, 201], [1083, 201]], '떨?', 0.004793669974632451), ([[98, 392], [312, 392], [312, 440], [98, 440]], '죄, 죄송합니다 .', 0.7018361506478983), ([[99, 455], [223, 455], [223, 495], [99, 495]], '주인념: .', 0.4550041533908319), ([[1118, 780], [1396, 780], [1396, 834], [1118, 834]], '이제야 교육이 좀', 0.997006343797623), ([[1116, 852], [1394, 852], [1394, 904], [1116, 904]], '제대로 뜻나보네 .', 0.32356876593334516), ([[928, 1048], [1284, 1048], [1284, 1098], [928, 1098]], '앞으로 당신은 이 몸의', 0.9936907636633368), ([[925, 1118], [1402, 1118], [1402, 1174], [925, 1174]], '후계름 낳아 주서야 켓습니다.', 0.3055880779811399), ([[1154, 1406], [1206, 1406], [1206, 1526], [1154, 1526]], '1', 0.9850654928066582), ([[1230, 1488], [1307, 1488], [1307, 1541], [1230, 1541]], '패공=', 0.09692572037806214), ([[1041, 1523], [1125, 1523], [1125, 1647], [1041, 1647]], '터', 0.009143718510522314), ([[209, 1731], [427, 1731], [427, 1775], [209, 1775]], '네, 네:. 주인념:', 0.3775287455703201), ([[328.30056284535164, 971.1825890886176], [449.50986776965385, 959.3500944502472], [452.69943715464836, 1032.8174109113825], [331.49013223034615, 1043.6499055497527]], '부"들', 0.23928306948115005), ([[796.4589811201596, 1427.1472376333725], [1157.8319089004374, 1367.1150077622647], [1174.5410188798405, 1556.8527623666275], [812.1680910995626, 1616.8849922377353]], '대다', 0.9940253619482641)]
[([[30, 634], [550, 634], [550, 710], [30, 710]], '뭐? 대련올 해달라고?', 0.7326708467433982), ([[32, 735], [506, 735], [506, 812], [32, 812]], '이긴쪽올 주인으로?', 0.5262213007163373), ([[862, 1457], [1166, 1457], [1166, 1509], [862, 1509]], '명청한 것도 이절되면', 0.19147553852047022), ([[862, 1520], [968, 1520], [968, 1568], [862, 1568]], '무섭군.', 0.8634890913963318), ([[794, 1713], [1070, 1713], [1070, 1765], [794, 1765]], '게다가 미안하지만;', 0.8620319641124798), ([[794, 1776], [1106, 1776], [1106, 1824], [794, 1824]], '난 벌레 따위름 기르는', 0.29836473410830644), ([[792, 1836], [1108, 1836], [1108, 1888], [792, 1888]], '취미논없어서 말이야', 0.5856968316397814)]
[([[50, 1027], [504, 1027], [504, 1084], [50, 1084]], '전투메이드 라더니 지논게', 0.7668731643583974), ([[49, 1099], [477, 1099], [477, 1159], [49, 1159]], '무서워 도망치논 건가요?', 0.3740507228906587), ([[72, 1342], [384, 1342], [384, 1398], [72, 1398]], '당신 주인의 수준도', 0.8947620847054478), ([[70, 1414], [398, 1414], [398, 1468], [70, 1468]], '알만 하군요 이런 겉', 0.675410319453701), ([[70, 1484], [402, 1484], [402, 1538], [70, 1538]], '전투용이합시고 극', 0.6064385529189043)]
[([[167, 607], [495, 607], [495, 667], [167, 667]], '편하게 죽올 생각은', 0.8468280556388351), ([[168, 684], [394, 684], [394, 740], [168, 740]], '부디하지마', 0.9969875483544881), ([[657, 1533], [983, 1533], [983, 1593], [657, 1593]], '너와 관련된 모든결', 0.2362617475450902), ([[657, 1608], [982, 1608], [982, 1664], [657, 1664]], '세상에서 없애주마', 0.9517354644233187)]
[([[23, 1301], [279, 1301], [279, 1361], [23, 1361]], '어이가없군요', 0.9142659947113178), ([[23, 1372], [442, 1372], [442, 1433], [23, 1433]], '고작해야 이정도입니까?', 0.646841483631405), ([[996, 1475], [1357, 1475], [1357, 1532], [996, 1532]], '그래놓고나와 관련된', 0.4458141617315789), ([[997, 1547], [1311, 1547], [1311, 1607], [997, 1607]], '모든 걸없애젯다?', 0.7787547887654367)]
[([[228, 1498], [700, 1498], [700, 1674], [228, 1674]], '이제?)', 0.36106300354003906)]
[([[1025, 411], [1087, 411], [1087, 471], [1025, 471]], '2?', 0.7360288750636307), ([[245, 1103], [281, 1103], [281, 1145], [245, 1145]], '@', 0.779540932305256), ([[207, 1147], [227, 1147], [227, 1173], [207, 1173]], '8', 0.9510702559064157)]
[([[1164, 431], [1318, 431], [1318, 499], [1164, 499]], '뚜공:-', 0.0811132937669754), ([[176, 546], [284, 546], [284, 622], [176, 622]], '필8 `', 0.015745819552450826), ([[1097, 1179], [1205, 1179], [1205, 1263], [1097, 1263]], '필"', 0.003973327226177696), ([[805, 1407], [1125, 1407], [1125, 1467], [805, 1467]], '이제 누가 네년의', 0.9980387643989331), ([[805, 1491], [1317, 1491], [1317, 1551], [805, 1551]], '주인님 인지논 깨달앗켓지?', 0.3796346682616465)]
[([[640, 1156], [1158, 1156], [1158, 1500], [640, 1500]], '대답!', 0.8802950980880613)]
