2645840
18
[([[930, 44], [1156, 44], [1156, 96], [930, 96]], '당신들은 대체: :?', 0.5036055802704272), ([[858, 90], [1156, 90], [1156, 138], [858, 138]], '요괴인가요? 바디롬   ?', 0.3242462417052715), ([[46, 144], [294, 144], [294, 194], [46, 194]], '당신의 동료가 되면', 0.9979719613978498), ([[854, 136], [1150, 136], [1150, 184], [854, 184]], '원지는 모르켓습니다만', 0.5136579499218984), ([[44, 190], [456, 190], [456, 240], [44, 240]], '모두 평등한 존재가 월 수 있다표', 0.42909473265545967), ([[844, 178], [1156, 178], [1156, 232], [844, 232]], '저논 그런 천박한 복장울', 0.6210895034356964), ([[69, 233], [248, 233], [248, 284], [69, 284]], "'돌아가주세요", 0.9749622562317842), ([[810, 224], [1154, 224], [1154, 274], [810, 274]], '몸에 걸칠 생각이 없습니다,', 0.6353497580999045), ([[44, 280], [254, 280], [254, 328], [44, 328]], '장난이 과해지면', 0.9986013845703843), ([[44, 323], [281, 323], [281, 373], [44, 373]], '아무리 요괴라해도', 0.9633336147873321), ([[44, 368], [394, 368], [394, 418], [44, 418]], '그냥은 넘어가지 안켓습니다', 0.32674847978003274), ([[44, 412], [340, 412], [340, 464], [44, 464]], '이번에는 넘어가드리조', 0.8789627858640795), ([[44, 456], [464, 456], [464, 511], [44, 511]], '하지만 다음에는 없을 줄 아세요', 0.3482944501394368)]
[([[426, 1130], [550, 1130], [550, 1300], [426, 1300]], '0)', 0.94782332982479)]
[([[595, 1099], [767, 1099], [767, 1167], [595, 1167]], '[ 07 과', 0.04218939813659867), ([[334, 1158], [406, 1158], [406, 1246], [334, 1246]], '6', 0.8808512558614581)]
[([[592, 1098], [796, 1098], [796, 1170], [592, 1170]], '( 0 과)', 0.1081295164567369), ([[339, 1161], [405, 1161], [405, 1245], [339, 1245]], '0', 0.41689705685712397)]
[([[594, 1095], [766, 1095], [766, 1168], [594, 1168]], '[ @ 과', 0.0456384739350427)]
[([[483, 685], [597, 685], [597, 801], [483, 801]], '$', 0.18664679842572696), ([[591, 1085], [830, 1085], [830, 1173], [591, 1173]], '( 시신)', 0.0018145319737079555), ([[331, 1153], [419, 1153], [419, 1255], [331, 1255]], '0', 0.8429084845179347)]
[([[485, 687], [597, 687], [597, 801], [485, 801]], '잔', 0.040625582852236386), ([[641, 1103], [767, 1103], [767, 1163], [641, 1163]], '0 비', 0.061203822908324906)]
[([[638, 1099], [766, 1099], [766, 1161], [638, 1161]], '07 비', 0.11341913044452667), ([[334, 1154], [410, 1154], [410, 1248], [334, 1248]], '6', 0.700386438587941)]
[([[433, 1137], [543, 1137], [543, 1293], [433, 1293]], '0)', 0.7757498277331581)]
[([[483, 687], [597, 687], [597, 801], [483, 801]], '0', 0.23250042580025365), ([[595, 1101], [719, 1101], [719, 1167], [595, 1167]], '[ 07', 0.02076479560815099), ([[316, 1117], [559, 1117], [559, 1309], [316, 1309]], '50)', 0.251249046080743)]
[([[852, 42], [1160, 42], [1160, 98], [852, 98]], '떠_빼최편공센', 0.028204411722024196), ([[44, 142], [248, 142], [248, 196], [44, 196]], '떠이빛음 패체', 0.0758370516844437)]
[([[998, 44], [1156, 44], [1156, 94], [998, 94]], '이제문슴"', 0.032324023332022674), ([[836, 88], [1158, 88], [1158, 142], [836, 142]], '왜제싣 이렵용울몸에:', 0.023570426187243487), ([[42, 142], [274, 142], [274, 198], [42, 198]], '@쇼리면 당신께', 0.04457206066250371), ([[845, 130], [1158, 130], [1158, 187], [845, 187]], '제@ 배비롭가륭가} 깥움', 0.0025867623043689175), ([[42, 188], [354, 188], [354, 242], [42, 242]], '매비롭 예블 변태 멘스틀', 0.11757385262153337), ([[900, 178], [1160, 178], [1160, 230], [900, 230]], '제닷예 결련)고요', 0.0025272721837881628), ([[42, 230], [273, 230], [273, 286], [42, 286]], '퀴플립출아세요', 0.0146470294950413), ([[822, 222], [1160, 222], [1160, 276], [822, 276]], '당장 원래대로 물령중세없', 0.014156947412143827), ([[42, 276], [352, 276], [352, 330], [42, 330]], '(어리? 방람 이상한 말울', 0.13558737713929614), ([[1018, 265], [1158, 265], [1158, 317], [1018, 317]], '@ 소러-', 0.044020762897541636), ([[42, 322], [254, 322], [254, 378], [42, 378]], '하제 않안 요끼', 0.028709632144367427), ([[586, 1092], [728, 1092], [728, 1172], [586, 1172]], '( 0', 0.47953227162361145), ([[464.3391958274261, 1123.0218569941342], [541.7888053463769, 1134.84587634005], [514.6608041725739, 1293.9781430058658], [437.2111946536232, 1282.15412365995]], ')', 0.35900043826240235)]
[([[920, 42], [1158, 42], [1158, 96], [920, 96]], '해? 사즌이 제내네', 0.007724616106001321), ([[784, 88], [1158, 88], [1158, 142], [784, 142]], '더욱 배비롭가롭 같이없)늄 ', 0.003169951455512383), ([[42, 144], [286, 144], [286, 196], [42, 196]], '어? 신관? 마법사?', 0.3557115590573921), ([[984, 132], [1160, 132], [1160, 184], [984, 184]], '도패체문습?', 0.18510698120145763), ([[46, 188], [288, 188], [288, 242], [46, 242]], '@ 리램내? 그럼"', 0.08654483746247855), ([[804, 178], [1158, 178], [1158, 230], [804, 230]], '빨리 원래 모습의로@ 어리?', 0.24194519575102574), ([[42, 232], [232, 232], [232, 286], [42, 286]], '빨리원래대로', 0.13172242142671053), ([[250, 232], [354, 232], [354, 284], [250, 284]], '아니지', 0.8082869681222755), ([[856, 222], [1162, 222], [1162, 276], [856, 276]], '원래료내 그 사-?', 0.026804095656605145), ([[42, 278], [354, 278], [354, 330], [42, 330]], '매법} 가른로 되돌러증]', 0.04864028309225961), ([[804, 266], [1162, 266], [1162, 320], [804, 320]], '[: 원래분립가루 @#내?', 0.032690184822333504), ([[41, 319], [291, 319], [291, 379], [41, 379]], '@원래이렉든가?', 0.04131299070666402), ([[44, 366], [252, 366], [252, 420], [44, 420]], '친짜} 모르폐)', 0.06529956389628642), ([[586, 1092], [770, 1092], [770, 1172], [586, 1172]], '( 0-', 0.05892740262535348), ([[463.31383885229303, 1121.0214216366883], [549.0549908209564, 1139.560384812314], [513.686161147707, 1302.9785783633117], [427.94500917904367, 1284.439615187686]], ')', 0.23957872690747095)]
[([[1016, 44], [1158, 44], [1158, 94], [1016, 94]], '@@분-', 0.015549812465906143), ([[916, 108], [1154, 108], [1154, 160], [916, 160]], '@롭이 정조늄이', 0.009635512644200614), ([[44, 141], [281, 141], [281, 195], [44, 195]], '문기- 내 원래부터', 0.13239398714850317), ([[908, 154], [1160, 154], [1160, 208], [908, 208]], '매비롭가롭 제보가', 0.004219912865265713), ([[42, 188], [376, 188], [376, 242], [42, 242]], '완전하툼연면 거 같은데~', 0.024983446557746203), ([[978, 200], [1158, 200], [1158, 254], [978, 254]], '짓뱃립내트이', 0.00769796149746332), ([[40, 231], [332, 231], [332, 286], [40, 286]], '내정말 신관? 마법사?', 0.574492370435006), ([[44, 278], [408, 278], [408, 330], [44, 330]], '미람명신 같음 년이없다니타', 0.005957271547171612), ([[42, 322], [390, 322], [390, 376], [42, 376]], '완전가롭가 돼세 진짜 최미', 0.027148653691816925), ([[42, 366], [258, 366], [258, 418], [42, 418]], '@비롭이 바비로.', 0.007086630698387831), ([[485, 689], [595, 689], [595, 801], [485, 801]], '$', 0.20415279935912523), ([[584, 1092], [802, 1092], [802, 1172], [584, 1172]], '( 0-', 0.06353703013697154)]
[([[592, 1098], [728, 1098], [728, 1170], [592, 1170]], '( 07', 0.23924402097312278), ([[429, 1135], [543, 1135], [543, 1295], [429, 1295]], '0)', 0.9484704804259176)]
[([[595, 1099], [767, 1099], [767, 1167], [595, 1167]], '[ 07 과', 0.04218939813659867), ([[334, 1158], [406, 1158], [406, 1246], [334, 1246]], '6', 0.8808512558614581)]
[([[590, 1085], [827, 1085], [827, 1172], [590, 1172]], '( [과)', 0.014466622231197138), ([[334, 1158], [408, 1158], [408, 1248], [334, 1248]], '6', 0.8333077864335934)]
[([[595, 1099], [725, 1099], [725, 1167], [595, 1167]], '[ 07', 0.020429105628110615), ([[428, 1128], [550, 1128], [550, 1298], [428, 1298]], '0)', 0.9592956862157024)]
