2646751
24
[]
[([[0, 1813], [115, 1813], [115, 1958], [0, 1958]], "')", 0.4253609384554859)]
[([[866, 979], [1185, 979], [1185, 1221], [866, 1221]], '흐', 0.004956514528739797), ([[45, 1811], [270, 1811], [270, 2043], [45, 2043]], '듯', 0.11689434038615687)]
[([[217, 885], [687, 885], [687, 1413], [217, 1413]], '상', 0.3325859515478591), ([[1011, 1969], [1092, 1969], [1092, 2139], [1011, 2139]], '또', 0.08473695170361228), ([[1094, 2007], [1115, 2007], [1115, 2067], [1094, 2067]], '물', 0.11713425973278735)]
[([[1234, 283], [1514, 283], [1514, 344], [1234, 344]], '잠깐.. 너희들', 0.9937869662632853), ([[1162, 337], [1593, 337], [1593, 401], [1162, 401]], '너무 달라붙는다고 .!', 0.3420636263570502), ([[405, 714], [483, 714], [483, 793], [405, 793]], '(', 0.5209886568008102), ([[441, 792], [496, 792], [496, 852], [441, 852]], '0', 0.5310550909960945), ([[213, 985], [569, 985], [569, 1053], [213, 1053]], '마서출테니까 .', 0.1767691366379998), ([[232, 1047], [525, 1047], [525, 1119], [232, 1119]], '그만 떨어저', 0.7413642428068514), ([[802, 1801], [1089, 1801], [1089, 1868], [802, 1868]], '이거 한잔만', 0.9987522588592167), ([[780, 1864], [1116, 1864], [1116, 1931], [780, 1931]], '마서 줄테니까', 0.647527521098853), ([[827, 1927], [1089, 1927], [1089, 1994], [827, 1994]], '이제 돌아.', 0.6477592545616622), ([[1603, 2719], [1904, 2719], [1904, 2803], [1603, 2803]], '에. 눈이 ?', 0.4607796329226671), ([[189.09921773257756, 165.01309000066806], [659.70410411946, 328.72706304500554], [565.9007822674224, 570.9869099993319], [95.29589588053996, 407.27293695499446]], '1근른', 0.014546127001488416), ([[1505.1100831557817, 1660.0077648262957], [2116.680997532016, 1952.3046958676682], [1922.8899168442183, 2334.9922351737046], [1312.3190024679836, 2042.6953041323318]], '(홀로', 0.024568223804100342), ([[78.9186629545298, 1844.0201671813984], [416.27195896781404, 1933.138952689604], [344.0813370454702, 2169.9798328186016], [7.728041032185985, 2080.861047310396]], '매연', 0.005407831600919331)]
[([[341, 310], [608, 310], [608, 378], [341, 378]], '와 이 새끼', 0.9944412519762033), ([[1348, 256], [1592, 256], [1592, 462], [1348, 462]], "'하다:", 0.20963791012763977), ([[360, 374], [593, 374], [593, 446], [360, 446]], '몸매바라', 0.5937186479568481), ([[450, 2169], [876, 2169], [876, 2247], [450, 2247]], '마시란다고 진짜', 0.5997473807930331), ([[477, 2239], [656, 2239], [656, 2314], [477, 2314]], '마시네', 0.995901879073154), ([[673, 2252], [836, 2252], [836, 2303], [673, 2303]], '크크 크', 0.1319970190525055), ([[607.81254432367, 653.0320699878948], [910.4170550811691, 698.8058641814706], [874.18745567633, 881.9679300121052], [570.5829449188309, 835.1941358185294]], '하하', 0.47916952227918286), ([[1829.2612594143582, 2203.0143669490026], [2063.9063487896283, 2363.1158621481127], [1969.7387405856418, 2497.9856330509974], [1735.0936512103715, 2337.8841378518873]], '하아?', 0.12336282804346031), ([[1176.9432770421101, 2532.02793609588], [1472.061025661983, 2592.943821277965], [1430.0567229578899, 2760.97206390412], [1134.938974338017, 2700.056178722035]], '태아', 0.04040783370475094)]
[([[1271, 250], [1666, 250], [1666, 307], [1271, 307]], '웃. 너희들 이런짓올', 0.4878072992129872), ([[1223, 298], [1685, 298], [1685, 360], [1223, 360]], '하고도 무사할거라 생각', 0.826599221108938), ([[1362, 1081], [1670, 1081], [1670, 1202], [1362, 1202]], '하아?', 0.9998772162904416), ([[216, 1503], [400, 1503], [400, 1644], [216, 1644]], '자', 0.9877261974645677), ([[1442, 1514], [1822, 1514], [1822, 1927], [1442, 1927]], '', 0.0), ([[139, 1765], [467, 1765], [467, 2278], [139, 2278]], "'약", 0.016245993371363298), ([[665, 2213], [1130, 2213], [1130, 2665], [665, 2665]], '푹', 0.019084110943632604), ([[141.974470097715, 272.02769680772735], [433.2337992185114, 334.65878608750677], [392.02552990228503, 494.97230319227265], [99.76620078148855, 432.34121391249323]], '하아;', 0.4606536929413799), ([[1339.90708351127, 540.0213378885147], [1672.2015784778778, 621.1269414431185], [1608.09291648873, 851.9786621114853], [1274.7984215221222, 770.8730585568815]], '해군', 0.007483632389118372), ([[171.9632224804106, 1603.0336261983232], [337.9778633857072, 1656.3729574020547], [292.0367775195894, 1788.9663738016768], [127.02213661429276, 1735.6270425979453]], '지', 0.9934480574816575)]
[([[1305, 50], [1466, 50], [1466, 258], [1305, 258]], '당', 0.04198240868687719), ([[1868, 335], [2029, 335], [2029, 532], [1868, 532]], '닿', 0.024060425432370636), ([[417, 455], [626, 455], [626, 725], [417, 725]], '옷', 0.995948135869412), ([[1445, 1330], [1596, 1330], [1596, 1403], [1445, 1403]], '자지', 0.9996388206152763), ([[1592, 1435], [1755, 1435], [1755, 1520], [1592, 1520]], '자지', 0.9994690752924313), ([[302, 1580], [555, 1580], [555, 1633], [302, 1633]], '박통년 비싸게', 0.7612118910059391), ([[313, 1627], [548, 1627], [548, 1678], [313, 1678]], '물더니크 크 크', 0.1798152220268611), ([[402.2290942014359, 66.00958689772366], [637.4307212697069, 131.60227247297698], [523.7709057985641, 529.9904131022763], [288.5692787302931, 464.397727527023]], '오', 0.25323075019574404), ([[1600.7652241369926, 1678.0331689480647], [1825.5821357479397, 1712.936005655287], [1787.2347758630074, 1909.9668310519353], [1562.4178642520603, 1875.063994344713]], '하대', 0.09969473452776574), ([[343.9435279473434, 1892.0253813047427], [646.9828933941266, 1962.3880271619794], [597.0564720526567, 2143.9746186952575], [294.0171066058735, 2073.6119728380204]], '하아;', 0.23294953251701364)]
[([[376, 212], [661, 212], [661, 260], [376, 260]], '이야~ 동까시 까지', 0.5599350082854253), ([[308, 252], [730, 252], [730, 301], [308, 301]], '그렇게 자지가 갖고 싶없어?', 0.9200581671820972), ([[488, 461], [684, 461], [684, 688], [488, 688]], '쥐', 0.05053955810341493), ([[1452, 651], [1873, 651], [1873, 754], [1452, 754]], '후움 탁처 너희들', 0.4753535288778524), ([[1452, 743], [1869, 743], [1869, 822], [1452, 822]], '이것만 마저 빨고', 0.8535979859491234), ([[1469, 816], [1870, 816], [1870, 901], [1469, 901]], '손 화줄 터니관 !', 0.38842547559910345), ([[1022, 860], [1146, 860], [1146, 1087], [1022, 1087]], '움', 0.5378711698597272), ([[1134, 1507], [1536, 1507], [1536, 1558], [1134, 1558]], '그렇게 동구멍이 종으면', 0.37836074167545725), ([[130, 1534], [252, 1534], [252, 1618], [130, 1618]], '오욕', 0.9521868349335634), ([[1181, 1552], [1473, 1552], [1473, 1603], [1181, 1603]], '우리 경찰 나으리', 0.9934660373468572), ([[1159, 1595], [1511, 1595], [1511, 1648], [1159, 1648]], '동땅구멍도 씹장내줄게', 0.21135070329705494), ([[244, 1695], [394, 1695], [394, 1933], [244, 1933]], '흥', 0.0870844869670151), ([[940, 1822], [1051, 1822], [1051, 1888], [940, 1888]], '으극', 0.981276098339318), ([[51, 1815], [252, 1815], [252, 2052], [51, 2052]], '>', 0.1019869377817173), ([[815, 1909], [974, 1909], [974, 2163], [815, 2163]], '춤', 0.10535119865925058), ([[371, 2508], [634, 2508], [634, 2619], [371, 2619]], '자지님', 0.779843975639938), ([[258, 2622], [738, 2622], [738, 2756], [258, 2756]], '어서오세요옷', 0.9963499860190199)]
[([[261, 155], [499, 155], [499, 206], [261, 206]], '아아 정액 다', 0.9166345787536332), ([[263, 203], [512, 203], [512, 258], [263, 258]], '흘러님치잡아', 0.266627850788125), ([[1183, 47], [1534, 47], [1534, 429], [1183, 429]], '평', 0.09344899408106144), ([[1340, 613], [1357, 613], [1357, 646], [1340, 646]], '/1', 0.2575816061654643), ([[217, 885], [689, 885], [689, 1413], [217, 1413]], '상', 0.7574150263652122), ([[709, 1209], [836, 1209], [836, 1290], [709, 1290]], '(헤욕', 0.31327437174604594), ([[1048, 1246], [1402, 1246], [1402, 1310], [1048, 1310]], '이거로 막고있어', 0.9912665857471417), ([[1050, 1302], [1402, 1302], [1402, 1366], [1050, 1366]], '흘러넘치면 오늘', 0.6191443770423887), ([[1041, 1358], [1411, 1358], [1411, 1422], [1041, 1422]], '자지 없슬줄 알아', 0.21206675009433007), ([[83, 1541], [143, 1541], [143, 1592], [83, 1592]], '6(', 0.8901081288542319), ([[1011, 1969], [1092, 1969], [1092, 2139], [1011, 2139]], '또', 0.10548293066154102), ([[1097, 2008], [1114, 2008], [1114, 2066], [1097, 2066]], '{', 0.18826708812600046), ([[1356, 2481], [1761, 2481], [1761, 2567], [1356, 2567]], '데 네켓 정액', 0.24437073001765688), ([[1241, 2573], [1881, 2573], [1881, 2664], [1241, 2664]], '잘보관 하고 잇늘게요', 0.3439331333263961), ([[420.0275002195157, 366.02150496105435], [651.245099881381, 460.2863557137195], [575.9724997804843, 635.9784950389457], [344.754900118619, 542.7136442862804]], '핏', 0.06432655044346891), ([[1318.6546544120074, 543.2330323536206], [1346.7553895746005, 531.0719742120774], [1365.3453455879926, 578.7669676463794], [1337.2446104253995, 590.9280257879226]], '=', 0.8438324627210392), ([[924.0742714794452, 789.0225653286269], [1121.5932921592182, 882.0898226789627], [1047.9257285205547, 1031.977434671373], [851.4067078407818, 938.9101773210373]], '꾸렉', 0.0038214436925651505)]
[([[1234, 283], [1514, 283], [1514, 344], [1234, 344]], '잠깐.. 너희들', 0.9937869662632853), ([[1162, 337], [1593, 337], [1593, 401], [1162, 401]], '너무 달라붙는다고 .!', 0.3420636263570502), ([[405, 714], [483, 714], [483, 793], [405, 793]], '(', 0.5209886568008102), ([[441, 792], [496, 792], [496, 852], [441, 852]], '0', 0.5310550909960945), ([[213, 985], [569, 985], [569, 1053], [213, 1053]], '마서출테니까 .', 0.1767691366379998), ([[232, 1047], [525, 1047], [525, 1119], [232, 1119]], '그만 떨어저', 0.7413642428068514), ([[802, 1801], [1089, 1801], [1089, 1868], [802, 1868]], '이거 한잔만', 0.9987522588592167), ([[780, 1864], [1116, 1864], [1116, 1931], [780, 1931]], '마서 줄테니까', 0.647527521098853), ([[827, 1927], [1089, 1927], [1089, 1994], [827, 1994]], '이제 돌아.', 0.6477592545616622), ([[1603, 2719], [1904, 2719], [1904, 2803], [1603, 2803]], '에. 눈이 ?', 0.4607796329226671), ([[189.09921773257756, 165.01309000066806], [659.70410411946, 328.72706304500554], [565.9007822674224, 570.9869099993319], [95.29589588053996, 407.27293695499446]], '1근른', 0.014546127001488416), ([[1505.1100831557817, 1660.0077648262957], [2116.680997532016, 1952.3046958676682], [1922.8899168442183, 2334.9922351737046], [1312.3190024679836, 2042.6953041323318]], '(홀로', 0.024568223804100342), ([[78.9186629545298, 1844.0201671813984], [416.27195896781404, 1933.138952689604], [344.0813370454702, 2169.9798328186016], [7.728041032185985, 2080.861047310396]], '매연', 0.005407831600919331)]
[]
[([[340, 309], [609, 309], [609, 381], [340, 381]], '와 이 새끼', 0.7771241159104955), ([[360, 374], [593, 374], [593, 446], [360, 446]], '몸매바라', 0.618035614490509), ([[450, 2169], [876, 2169], [876, 2247], [450, 2247]], '마시라다고 진짜', 0.6120505150395525), ([[477, 2239], [656, 2239], [656, 2314], [477, 2314]], '마시네', 0.9957235835969721), ([[673, 2252], [836, 2252], [836, 2303], [673, 2303]], '크구 크', 0.17966818809509277), ([[1376.7796595683044, 248.03387222948092], [1601.0062263140494, 283.9201371263389], [1565.2203404316956, 471.96612777051905], [1339.9937736859506, 436.0798628736611]], '하하', 0.67983525683123), ([[607.8725959511672, 653.0302846917114], [909.6170061833374, 702.5051305279608], [871.1274040488328, 880.9697153082886], [569.3829938166626, 832.4948694720392]], '아락', 0.00985506291414905), ([[1827.249597798236, 2204.0148242953724], [2065.9678816346013, 2356.895705521273], [1975.750402201764, 2494.9851757046276], [1736.0321183653984, 2342.104294478727]], '차대?', 0.032410719886177455), ([[1178.9757049605369, 2530.0262467304683], [1474.3570702730851, 2602.9697087119284], [1427.0242950394631, 2764.9737532695317], [1131.6429297269149, 2692.0302912880716]], '태아', 0.13860802791299984)]
[([[1271, 250], [1666, 250], [1666, 307], [1271, 307]], '웃. 너희들 이런짓올', 0.4878072992129872), ([[1223, 298], [1685, 298], [1685, 360], [1223, 360]], '하고도 무사할거라 생각', 0.826599221108938), ([[1362, 1081], [1670, 1081], [1670, 1202], [1362, 1202]], '하아?', 0.999862556711222), ([[215, 1502], [399, 1502], [399, 1647], [215, 1647]], '자', 0.9849574734655562), ([[1442, 1512], [1822, 1512], [1822, 1927], [1442, 1927]], '때', 0.07953901366612914), ([[142, 1765], [463, 1765], [463, 2271], [142, 2271]], '땅', 0.41186919863775984), ([[664, 2207], [1127, 2207], [1127, 2663], [664, 2663]], '꺾', 0.006647815954881564), ([[141.974470097715, 272.02769680772735], [433.2337992185114, 334.65878608750677], [392.02552990228503, 494.97230319227265], [99.76620078148855, 432.34121391249323]], '하아;', 0.4606536929413799), ([[1340.9155429737045, 539.0210087215761], [1673.3910682416358, 625.6452409402847], [1606.0844570262955, 852.9789912784239], [1273.6089317583642, 767.3547590597153]], '젓군', 0.010315075817497778), ([[172.9632224804106, 1603.0336261983232], [337.9778633857072, 1656.3729574020547], [292.0367775195894, 1788.9663738016768], [127.02213661429276, 1735.6270425979453]], '지', 0.9923447812503241)]
[([[1305, 50], [1466, 50], [1466, 258], [1305, 258]], '당', 0.04198240868687719), ([[1868, 335], [2029, 335], [2029, 532], [1868, 532]], '닿', 0.024060425432370636), ([[417, 455], [626, 455], [626, 725], [417, 725]], '옷', 0.9952957058269227), ([[1445, 1330], [1596, 1330], [1596, 1403], [1445, 1403]], '자지', 0.9997053219535406), ([[1592, 1435], [1755, 1435], [1755, 1520], [1592, 1520]], '자지', 0.9994061182750692), ([[302, 1580], [555, 1580], [555, 1633], [302, 1633]], '박통년 비싸게', 0.7636130334957113), ([[313, 1627], [548, 1627], [548, 1678], [313, 1678]], '물더니크 크 크', 0.15733338384629272), ([[2, 1818], [112, 1818], [112, 1953], [2, 1953]], '<', 0.3036053341295428), ([[402.2290942014359, 66.00958689772366], [637.4307212697069, 131.60227247297698], [523.7709057985641, 529.9904131022763], [288.5692787302931, 464.397727527023]], '오', 0.25323075019574404), ([[1600.7652241369926, 1678.0331689480647], [1824.5579672400142, 1712.896863322323], [1787.2347758630074, 1909.9668310519353], [1562.4420327599858, 1875.103136677677]], '하대', 0.044373870647199685), ([[343.9384360723541, 1892.0256266977299], [646.9242323037872, 1960.2046705379983], [597.0615639276459, 2142.97437330227], [294.0757676962128, 2074.7953294620015]], '하아;', 0.4639150895207659)]
[([[377, 213], [660, 213], [660, 257], [377, 257]], '이야~ 동까시 까지', 0.6919993201340802), ([[308, 252], [733, 252], [733, 301], [308, 301]], '그렇게 자지가 갖고 싶없어?', 0.8822410851097412), ([[485, 463], [677, 463], [677, 686], [485, 686]], '쥐', 0.47882931470357804), ([[1454, 653], [1873, 653], [1873, 754], [1454, 754]], '후움 탁혀 너희들', 0.16435171923610922), ([[1452, 743], [1869, 743], [1869, 822], [1452, 822]], '이것만 마저 빨고', 0.8710004049391492), ([[1469, 816], [1869, 816], [1869, 900], [1469, 900]], '손 화줄 터니판 !', 0.37545478872320487), ([[1022, 860], [1146, 860], [1146, 1087], [1022, 1087]], '움', 0.4756210675332717), ([[1134, 1507], [1536, 1507], [1536, 1558], [1134, 1558]], '그렇게 동구멍이 종으면', 0.3436449353566651), ([[130, 1534], [252, 1534], [252, 1618], [130, 1618]], '오욕', 0.941379070466512), ([[1184, 1552], [1473, 1552], [1473, 1603], [1184, 1603]], '우리 경찰 나으리', 0.9984234066767498), ([[1159, 1595], [1511, 1595], [1511, 1646], [1159, 1646]], '땅구멍도 씹장내줄게', 0.5967225851762903), ([[244, 1698], [394, 1698], [394, 1933], [244, 1933]], '흥', 0.2552308026499759), ([[940, 1822], [1051, 1822], [1051, 1888], [940, 1888]], '으극', 0.9815203829932596), ([[46, 1812], [253, 1812], [253, 2051], [46, 2051]], '>', 0.03213536588088517), ([[815, 1909], [974, 1909], [974, 2163], [815, 2163]], '춤', 0.12071911265321944), ([[373, 2508], [634, 2508], [634, 2619], [373, 2619]], '자지님', 0.6754701175692819), ([[258, 2622], [738, 2622], [738, 2754], [258, 2754]], '어서오세요옷', 0.9936700148228956)]
[([[261, 155], [499, 155], [499, 206], [261, 206]], '아아 정액 다', 0.9163261648864703), ([[263, 203], [512, 203], [512, 258], [263, 258]], '흘러님치잡아', 0.2324311166133306), ([[1188, 49], [1536, 49], [1536, 427], [1188, 427]], '땅', 0.04655183427559351), ([[215, 858], [691, 858], [691, 1411], [215, 1411]], '상', 0.8614464864594176), ([[709, 1209], [836, 1209], [836, 1290], [709, 1290]], '(헤욕', 0.30902841933059844), ([[1050, 1248], [1402, 1248], [1402, 1310], [1050, 1310]], '이거로 막고있어', 0.9889743172974786), ([[1050, 1302], [1402, 1302], [1402, 1366], [1050, 1366]], '흘러넘치면 오늘', 0.3788940438959287), ([[1041, 1358], [1411, 1358], [1411, 1422], [1041, 1422]], '자지 없슬출 알아', 0.24802977532955794), ([[1011, 1969], [1092, 1969], [1092, 2141], [1011, 2141]], '또', 0.06971409638936166), ([[1094, 2007], [1115, 2007], [1115, 2067], [1094, 2067]], '물', 0.27468187801792965), ([[1355, 2475], [1761, 2475], [1761, 2568], [1355, 2568]], '네  네햇 정액', 0.19491963420209515), ([[1239, 2571], [1881, 2571], [1881, 2664], [1239, 2664]], '잘보관 하고 있을계요', 0.21593430307152864), ([[418.9787858867234, 367.0226824512772], [649.8613924790399, 452.8530063049293], [578.0212141132765, 637.9773175487228], [346.1386075209602, 552.1469936950707]], '꿀력', 0.005074953643531951), ([[924.0207836274907, 788.0239860008106], [1122.465051496256, 878.405245354961], [1048.9792163725092, 1031.9760139991893], [850.5349485037441, 942.594754645039]], '마력', 0.04752938176619109)]
[([[386.8697783222548, 1958.0712487458125], [503.424, 1981.832], [485.1302216777452, 2054.9287512541873], [369.576, 2032.168]], '새)', 0.021824314153034544)]
[([[0, 1815], [112, 1815], [112, 1957], [0, 1957]], "'", 0.5624582477211426)]
[([[872, 975], [1186, 975], [1186, 1227], [872, 1227]], '쥐', 0.04209191853882377), ([[51, 1817], [252, 1817], [252, 2043], [51, 2043]], '>', 0.47765686277927344)]
[([[1325, 542], [1358, 542], [1358, 584], [1325, 584]], '=', 0.3526330652903198), ([[1337, 611], [1357, 611], [1357, 646], [1337, 646]], '/', 0.16849049691846663), ([[1011, 1969], [1092, 1969], [1092, 2139], [1011, 2139]], '또', 0.14458408434812586), ([[1097, 2008], [1114, 2008], [1114, 2066], [1097, 2066]], '{', 0.16716413407726805), ([[1460.4180240380206, 805.0425634585406], [1522.9522924791324, 848.3840583149404], [1500.5819759619794, 880.9574365414594], [1438.0477075208676, 837.6159416850596]], '((', 0.46413348239622426)]
[]
[]
[([[386.8836873886971, 1958.069499109577], [503.424, 1981.832], [486.1163126113029, 2055.930500890423], [369.576, 2032.168]], '새)', 0.0022228243827815733)]
