2649510
115
[([[1022, 68], [1143, 68], [1143, 125], [1022, 125]], '0형;?', 0.0009077323484234512), ([[622, 150], [738, 150], [738, 174], [622, 174]], '하아 드디어 드디어', 0.9775521947874045), ([[339, 468], [570, 468], [570, 613], [339, 613]], "4립'", 0.001107903679284729), ([[1014, 536], [1120, 536], [1120, 586], [1014, 586]], '로원_원', 0.2800946831703186), ([[548, 560], [624, 560], [624, 642], [548, 642]], '놔2', 0.005393594903729193), ([[938, 448], [990, 448], [990, 754], [938, 754]], '(', 0.6943785497615096), ([[1022, 652], [1136, 652], [1136, 680], [1022, 680]], '(,+되새+^히', 6.727691879821274e-05), ([[335, 717], [445, 717], [445, 809], [335, 809]], '@편', 0.015269033107138655), ([[570, 710], [864, 710], [864, 784], [570, 784]], '@어어;]- (62)', 0.0011150668970725255), ([[691, 757], [931, 757], [931, 830], [691, 830]], '슈숨|)', 0.003214925993233919), ([[694, 1032], [802, 1032], [802, 1088], [694, 1088]], '|`', 0.018963742195510582), ([[960, 1026], [1026, 1026], [1026, 1074], [960, 1074]], '여', 0.14535705728061377), ([[611, 1151], [761, 1151], [761, 1169], [611, 1169]], '이*]비{쪽덕)쓰/째어산>움`', 1.279619535869323e-07), ([[612.0881332010206, 567.2054127246948], [752.2, 548.6], [758.9118667989794, 630.7945872753052], [617.8, 649.4]], '4아불디|', 0.004629297918763677), ([[608.2108685738942, 672.5632605721682], [743.0638018229337, 629.0870093127644], [756.7891314261058, 672.4367394278318], [621.9361981770663, 715.9129906872356]], '위:신서', 0.0008250827668234706), ([[450.8757035566896, 721.228236360772], [574.4292828084068, 702.306289746881], [582.1242964433104, 786.771763639228], [458.5707171915932, 806.693710253119]], '아라끓', 0.002179805841818482), ([[992.4871464448379, 850.4665807565785], [1135.9386556506063, 827.2942788740216], [1142.512853555162, 889.5334192434215], [999.0613443493937, 912.7057211259784]], '@:서9', 0.007953552529215813)]
[([[1063, 231], [1285, 231], [1285, 439], [1063, 439]], '때네', 0.018221788603775626), ([[1498, 546], [1758, 546], [1758, 788], [1498, 788]], '퍽', 0.9849275414431737), ([[809, 1031], [1123, 1031], [1123, 1292], [809, 1292]], '철', 0.018699742720528434), ([[44, 1466], [392, 1466], [392, 1710], [44, 1710]], '텔뼈', 0.029928867453093904), ([[1200, 1638], [1378, 1638], [1378, 1784], [1200, 1784]], '0', 0.0021097926457108174), ([[1252, 2044], [1412, 2044], [1412, 2100], [1252, 2100]], "'까흐욕; !", 0.43836069505016984), ([[1188, 2156], [1452, 2156], [1452, 2212], [1188, 2212]], '괴로위   괴로워어', 0.7417421279340056), ([[350.17955080335446, 23.047375424405786], [871.2671241267076, -17.194672316866694], [871.8204491966455, 284.9526245755942], [350.73287587329236, 324.1946723168667]], '카트?', 0.005322558555729639), ([[584.8972608519762, 782.0678129010071], [708.3036593013197, 802.5287981609238], [693.1027391480238, 880.9321870989929], [569.6963406986803, 860.4712018390762]], '비 -', 0.06285766469209768)]
[([[1648, 141], [1712, 141], [1712, 223], [1648, 223]], '0', 0.9913381373877748), ([[1713, 124], [1792, 124], [1792, 296], [1713, 296]], '올', 0.14479328251697154), ([[2289, 662], [2370, 662], [2370, 737], [2289, 737]], '@', 0.47747916669449353), ([[2338, 603], [2494, 603], [2494, 782], [2338, 782]], '잔력', 0.013919471642113792), ([[1271, 923], [1543, 923], [1543, 1212], [1271, 1212]], '(', 0.2540023698575311), ([[2700.531032983846, 258.0110025559239], [2770.364720683498, 227.0066532721501], [2877.468967016154, 490.9889974440761], [2808.635279316502, 520.9933467278499]], "'", 0.8993752072900953)]
[([[2373, 708], [2453, 708], [2453, 770], [2373, 770]], '으응', 0.9988292770745848), ([[2164, 763], [2698, 763], [2698, 832], [2164, 832]], '괜찮아. 마음어들어계속 그렇게해', 0.7701685372338993), ([[1277, 948], [1537, 948], [1537, 1213], [1277, 1213]], '(4', 0.4983252067532084), ([[2701.535386006475, 256.01079913921933], [2769.366054869807, 227.00670205426204], [2875.464613993525, 490.98920086078067], [2807.633945130193, 519.9932979457379]], "'", 0.9450864541950068)]
[([[1471, 265], [1532, 265], [1532, 419], [1471, 419]], '7', 0.8768159301042466), ([[2611, 703], [2690, 703], [2690, 865], [2611, 865]], '3', 0.7053000810868895), ([[2600, 872], [2664, 872], [2664, 956], [2600, 956]], '0', 0.7957237960948795), ([[2703.5396590465007, 255.01060130906114], [2770.3673988465193, 227.0067513746742], [2872.4603409534993, 491.98939869093886], [2806.6326011534807, 518.9932486253258]], "'", 0.9444295881025688)]
[([[1522, 123], [1748, 123], [1748, 299], [1522, 299]], '하', 0.7987674556643611), ([[1717, 223], [1781, 223], [1781, 278], [1717, 278]], "000'", 0.1706238000518554), ([[2089, 618], [2329, 618], [2329, 770], [2089, 770]], '하하', 0.10155718997115548), ([[2305, 712], [2349, 712], [2349, 752], [2305, 752]], '의', 0.24312743583722352), ([[1271, 929], [1536, 929], [1536, 1223], [1271, 1223]], '(', 0.5248165642775007), ([[695, 1304], [891, 1304], [891, 1498], [695, 1498]], '#출', 0.011737612540313459), ([[2701.5332196325335, 256.0109001362211], [2769.3673988465193, 227.0067513746742], [2875.4667803674665, 489.9890998637789], [2807.6326011534807, 518.9932486253258]], "'", 0.9571609931311151)]
[([[1288, 982], [1526, 982], [1526, 1216], [1288, 1216]], '(4', 0.34616997408759786), ([[2099, 1979], [2605, 1979], [2605, 2063], [2099, 2063]], '하아.하아 너무예쁘다', 0.738170357427155)]
[([[511, 277], [1488, 277], [1488, 352], [511, 352]], '예쁘다고? 참 싱겁네. 뭐그런당연한 말올 힘경제하니?', 0.23524581682122594), ([[1270, 966], [1544, 966], [1544, 1227], [1270, 1227]], '(4', 0.3112618453485827)]
[([[929, 227], [1156, 227], [1156, 342], [929, 342]], '명정이', 0.15703120266322435), ([[1276, 970], [1523, 970], [1523, 1217], [1276, 1217]], '(0', 0.12654846609294712)]
[([[6, 812], [539, 812], [539, 927], [6, 927]], '00(6(서4사', 0.05406268561145265), ([[645, 1881], [681, 1881], [681, 1917], [645, 1917]], '', 0.0)]
[([[6, 811], [539, 811], [539, 927], [6, 927]], '00(6(서쉬사', 0.00855453448326686), ([[634, 1878], [682, 1878], [682, 1926], [634, 1926]], '"', 0.03348620163540894)]
[([[23, 19], [644, 19], [644, 140], [23, 140]], '10 [ 5 (서 9 시', 0.1348651021272351)]
[([[274, 2128], [678, 2128], [678, 2280], [274, 2280]], '개갈은년', 0.6982402205467224)]
[([[23, 19], [644, 19], [644, 140], [23, 140]], '10 [ 5 (서 9 시', 0.10764762609719444)]
[([[23, 19], [644, 19], [644, 140], [23, 140]], '10 [ 5 (서 9 시', 0.1348651021272351)]
[([[206, 51], [779, 51], [779, 120], [206, 120]], '[오되3거어@ 돈라-7어 33,!나~거', 4.876289935294806e-05), ([[208, 109], [924, 109], [924, 181], [208, 181]], '마신과 팔라단의 파이즈리 솜싸움', 0.39618138622698573), ([[446, 208], [478, 208], [478, 250], [446, 250]], '2', 0.9716235665754687), ([[581, 217], [640, 217], [640, 245], [581, 245]], '300', 0.665117837179036), ([[958, 1658], [1036, 1658], [1036, 1710], [958, 1710]], '모', 0.044590353474044386), ([[1644.7348650533972, 180.25991972960804], [1857.7328866424193, 153.12796850475553], [1862.2651349466028, 242.74008027039196], [1650.2671133575807, 268.87203149524447]], '@제 8 0', 0.10397049311098676), ([[357.0127388858555, 331.8292994374676], [679.2544798736426, 288.21125320609264], [684.9872611141445, 373.1707005625324], [362.74552012635735, 417.78874679390736]], '유해} 떼 왜8', 0.03622049789052641), ([[1711.4250707428746, 978.8550424457247], [1896.2219989265138, 912.083155957705], [1924.5749292571254, 995.1449575542753], [1739.7780010734862, 1061.916844042295]], '@째 ? ', 0.10950651214307565)]
[([[175, 17], [594, 17], [594, 81], [175, 81]], ':@어레서라,레마연어 03', 2.3341067974994976e-05), ([[180, 85], [1773, 85], [1773, 147], [180, 147]], '던파켓는 아난데  소녀전선 스프랑필드 카페에서 일하는 모습이여 준천이 엄정 이뻐요', 0.21684821352942363), ([[502, 178], [554, 178], [554, 202], [502, 202]], '000', 0.9745043345130325), ([[1588, 1582], [1745, 1582], [1745, 1668], [1588, 1668]], '어어?', 0.9928100360007356), ([[1545, 1773], [1786, 1773], [1786, 1845], [1545, 1845]], '어서오세요 ~', 0.7227346233560372)]
[([[95, 23], [230, 23], [230, 64], [95, 64]], '청유과 조', 0.7749801710173175), ([[242, 28], [274, 28], [274, 62], [242, 62]], '더', 0.09457408733439454), ([[94, 71], [638, 71], [638, 121], [94, 121]], '축수에 당하는 니알리장 시 /|/ 부끄러라', 0.4370377226779752)]
[([[153, 49], [255, 49], [255, 93], [153, 93]], '$)위', 0.04144390070607927), ([[157, 99], [627, 99], [627, 159], [157, 159]], '모험가에게 지원올 빌미로', 0.9055691976928133), ([[155, 153], [745, 153], [745, 213], [155, 213]], '야한것올 요구당해 부끄러워하녀', 0.5294980864928794), ([[153, 205], [747, 205], [747, 269], [153, 269]], '가슴을 보여주는 7명( 전계지원군', 0.10234934610880914), ([[435, 297], [483, 297], [483, 317], [435, 317]], '000', 0.6517456346005976)]
[([[297, 2053], [716, 2053], [716, 2218], [297, 2218]], '죽어버레', 0.8477182388305664), ([[623.2712275501983, 1041.0415330441242], [1106.3687496510443, 1009.1799004821235], [1105.7287724498017, 1320.9584669558758], [621.6312503489556, 1352.8200995178765]], '컬핏', 0.02592460590286789)]
[([[139, 1459], [215, 1459], [215, 1527], [139, 1527]], ")'", 0.05082006966155036), ([[232, 1648], [288, 1648], [288, 1700], [232, 1700]], '@', 0.5316258196404853), ([[559.0515638559865, 119.10016940306866], [830.5096297564497, 92.0249653842072], [834.9484361440135, 253.89983059693134], [563.4903702435503, 280.9750346157928]], '@육이', 0.14358767149482582), ([[628.3918231243097, 736.5672924972387], [909.618625087627, 654.7511113400914], [942.6081768756903, 813.4327075027613], [661.381374912373, 896.2488886599086]], '오으올', 0.3696608740581036), ([[1080.1100137799588, 1062.9760220479338], [1238.285251798305, 968.6203862178058], [1288.8899862200412, 1069.0239779520662], [1130.714748201695, 1163.3796137821942]], '@@', 0.9558745005140995), ([[1151.9501552810007, 1476.9003105620016], [1446.66080537693, 1342.2877566400914], [1501.0498447189993, 1489.0996894379984], [1207.33919462307, 1623.7122433599086]], '물과]@', 0.005179165862500668), ([[1355.7591268660192, 1546.8277380598058], [1692.2284199794021, 1421.793079632907], [1743.2408731339808, 1560.1722619401942], [1406.7715800205979, 1685.206920367093]], '대이', 0.030764154245389058), ([[346.54666795011775, 1534.0814928899356], [430.72540372233294, 1608.34216251369], [331.45333204988225, 1719.9185071100644], [247.27459627766706, 1646.65783748631]], '잎', 0.07069600356647143)]
[([[1596.757772043949, 118.09326452738824], [1909.9391553095952, 59.7566012316162], [1936.242227956051, 291.90673547261173], [1623.0608446904048, 351.24339876838377]], '부륙', 0.18423898101971056), ([[1266.1616146157726, 920.4212033099033], [1635.004763517714, 703.3598419680096], [1729.8383853842274, 918.5787966900967], [1359.995236482286, 1136.6401580319903]], '부로릇_', 0.4929913580417633)]
[]
[([[265, 161], [443, 161], [443, 273], [265, 273]], '하 ', 0.2883753981001125), ([[1186, 643], [1417, 643], [1417, 755], [1186, 755]], '하아', 0.978154781444859)]
[([[473, 223], [876, 223], [876, 298], [473, 298]], '찢어저어 찢어저버려어', 0.7001593200602473), ([[780, 362], [1148, 362], [1148, 440], [780, 440]], '헤 헤헤에헤히.', 0.2161868673670769)]
[([[425, 261], [605, 261], [605, 401], [425, 401]], '딸걀', 0.04064566597444165), ([[186, 604], [452, 604], [452, 666], [186, 666]], '헤헤헤 네에에', 0.24996971639999066), ([[32, 664], [610, 664], [610, 740], [32, 740]], '저늘아라드영웅 나이트에요오 ~', 0.3495969148036218), ([[1338, 690], [1496, 690], [1496, 818], [1338, 818]], '3숨', 0.0025514826900888007)]
[([[1055, 2007], [1249, 2007], [1249, 2075], [1055, 2075]], '하아아 ;;', 0.5912794032644862), ([[877, 2071], [1391, 2071], [1391, 2157], [877, 2157]], '으 .; 휴게실에일단옮격고', 0.45329964457003574), ([[1511, 2215], [1925, 2215], [1925, 2281], [1511, 2281]], '어휴얼마나 쳐마신거야?', 0.7506396570159872)]
[([[220, 31], [555, 31], [555, 117], [220, 117]], '오물러스의계단', 0.6988770304242033), ([[889, 707], [1023, 707], [1023, 847], [889, 847]], '()', 0.01936439489881001), ([[1483, 809], [1527, 809], [1527, 855], [1483, 855]], '0', 0.9999675753360862), ([[1521, 791], [1740, 791], [1740, 871], [1521, 871]], '"이소리는:', 0.31423565751222376), ([[473, 1975], [587, 1975], [587, 2111], [473, 2111]], '', 0.0), ([[177.36361906051602, 1610.0084385814541], [616.7231281276124, 1856.3650045610916], [511.63638093948396, 2034.9915614185459], [73.27687187238757, 1787.6349954389084]], '시이이)', 0.04730963706970215)]
[([[1427, 187], [1573, 187], [1573, 247], [1427, 247]], '이하히', 0.5648683020276505), ([[1383, 247], [1615, 247], [1615, 311], [1383, 311]], '저늘이때까지', 0.8782846202365695), ([[1226, 302], [1776, 302], [1776, 374], [1226, 374]], '망은 모험올해올답니다아아 딸국!', 0.2617594952770301), ([[413, 369], [555, 369], [555, 509], [413, 509]], '애)', 0.17295590645209014)]
[([[27, 1675], [675, 1675], [675, 1790], [27, 1790]], '이거영웅으로는절대안보이는데?', 0.6448890020693538), ([[1406, 2060], [1954, 2060], [1954, 2140], [1406, 2140]], '아 그거유나이트 엿구나', 0.36603157159334543)]
[([[168, 593], [453, 593], [453, 672], [168, 672]], '아운흐에에.', 0.2199345302157342), ([[60, 665], [562, 665], [562, 745], [60, 745]], '다들내가슴만 쳐다보고 ', 0.9291671895724027)]
[([[1293, 223], [1431, 223], [1431, 283], [1293, 283]], '그래서', 0.9998963494934908), ([[1490, 216], [1728, 216], [1728, 293], [1490, 293]], '결국 당신도', 0.8796125401968482), ([[1216, 284], [1786, 284], [1786, 358], [1216, 358]], '나랑 세스하고싶은거에요? 딸꾸!', 0.10086187363546749)]
[([[1386, 1980], [1986, 1980], [1986, 2058], [1386, 2058]], '어응.? 지금날 유록하분건가?', 0.23778211943686237)]
[([[25, 498], [692, 498], [692, 577], [25, 577]], '크크로맞아요오외당신의냄새나는', 0.3185169988477534), ([[81, 562], [633, 562], [633, 641], [81, 641]], '자지로 쑤서주길바라고있어요', 0.4341706292721907)]
[([[29, 491], [669, 491], [669, 579], [29, 579]], '여기까지 안젯은 자지냄새가', 0.39564183559086175), ([[205, 572], [502, 572], [502, 658], [205, 658]], '플플나네요~', 0.5598537245965421)]
[([[1224, 2270], [1614, 2270], [1614, 2350], [1224, 2350]], '이년이입만 살아선!', 0.2935884124885182)]
[([[1252, 259], [1806, 259], [1806, 337], [1252, 337]], '딸국 ! 으우이상스러운 자지 ', 0.39005267091369866)]
[([[533, 771], [671, 771], [671, 839], [533, 839]], '!!팔국:', 0.682382008609384), ([[410, 831], [759, 831], [759, 899], [410, 899]], '으에에아니야아아.', 0.48056955262948914), ([[1362, 1992], [1528, 1992], [1528, 2066], [1362, 2066]], '알계다 !', 0.1797305113746336), ([[1106, 2058], [1782, 2058], [1782, 2137], [1106, 2137]], '너 프리스트한테인기순위플밀듯다고', 0.15466937130026606), ([[1161, 2125], [1728, 2125], [1728, 2202], [1161, 2202]], '우리가게에서행때 부리논거지?', 0.49937813054847346), ([[1341.4567855237449, 257.0246407611938], [1381.3938853444095, 236.0129427649755], [1451.5432144762551, 378.9753592388062], [1410.6061146555905, 399.9870572350245]], '3', 0.21302754720967787)]
[([[388, 292], [864, 292], [864, 540], [388, 540]], '끼이이', 0.9146191399444488), ([[872, 462], [1018, 462], [1018, 612], [872, 612]], '이', 0.9993685289043839), ([[601, 2010], [931, 2010], [931, 2090], [601, 2090]], '^소문의방 !?', 0.28676703716225316)]
[([[1342, 192], [1620, 192], [1620, 342], [1342, 342]], '때의0', 0.018555860643172387), ([[1418, 372], [1760, 372], [1760, 524], [1418, 524]], '립하기', 0.01907527187866787), ([[367, 399], [571, 399], [571, 665], [367, 665]], '2', 0.9993930784140161), ([[369.196784225299, 1938.0119499700465], [733.9827970673838, 2124.036328676165], [624.803215774701, 2327.9880500299537], [260.01720293261616, 2140.963671323835]], '{5', 0.017673953378031102)]
[([[1376, 570], [1514, 570], [1514, 668], [1376, 668]], '@0', 0.03243191232814277), ([[1602, 1052], [1726, 1052], [1726, 1242], [1602, 1242]], '나', 0.3700792539107489), ([[1366, 1761], [1666, 1761], [1666, 2100], [1366, 2100]], ')', 0.012820274756052186), ([[344, 2008], [614, 2008], [614, 2255], [344, 2255]], '혜{', 0.031382588866750036), ([[1132, 2267], [1750, 2267], [1750, 2344], [1132, 2344]], '슈시아가 오기전에빨리해야한다구', 0.7805288501265203), ([[767, 2335], [879, 2335], [879, 2453], [767, 2453]], '넷', 0.09065237178341423)]
[([[159, 465], [375, 465], [375, 597], [159, 597]], '8하', 0.06790585949415542), ([[87, 636], [470, 636], [470, 720], [87, 720]], '자지 기분 좋아요오', 0.9760213790202255), ([[305, 1967], [511, 1967], [511, 2183], [305, 2183]], '몇', 0.2251592160638305), ([[824, 1994], [1054, 1994], [1054, 2166], [824, 2166]], '때', 0.02369931504700795), ([[1195, 2277], [1705, 2277], [1705, 2339], [1195, 2339]], '흐으으 흐으좋아아 ? 으응 으응', 0.76695799717194), ([[479.12106271372244, 798.5542316988171], [710.899224877016, 718.2864652183794], [746.8789372862776, 848.4457683011829], [515.100775122984, 928.7135347816206]], '56507', 0.10140991252315669)]
[([[178, 601], [465, 601], [465, 685], [178, 685]], '정말요? 딸국!', 0.6249231127877716), ([[188, 678], [462, 678], [462, 756], [188, 756]], '너무좋아아 !', 0.4383965438457946), ([[291, 1633], [391, 1633], [391, 1695], [291, 1695]], '학 학', 0.16589389909709404), ([[28, 1690], [696, 1690], [696, 1765], [28, 1765]], '프리스트는신도들한테만 대쥐서별로야', 0.25757524873877613), ([[1462, 2051], [1926, 2051], [1926, 2130], [1462, 2130]], '난니가 훨씬 중은거갈은데', 0.5637350493305054)]
[([[1587, 157], [1665, 157], [1665, 337], [1587, 337]], '종', 0.29155663737344995), ([[399, 1997], [651, 1997], [651, 2177], [399, 2177]], '꽂권', 0.032982977383064056), ([[442.60348667591734, 451.0078642331169], [516.6978331550888, 444.14518581720176], [541.3965133240827, 722.9921357668832], [467.30216684491114, 730.8548141827982]], '&', 0.009420068441991225), ([[1020.0221508583165, 1876.009758001658], [2032.3268906933356, 2081.906074134613], [1926.9778491416835, 2474.990241998342], [914.6731093066643, 2269.093925865387]], '버모(산다', 0.0004966338045652486)]
[([[1519, 1931], [1859, 1931], [1859, 2117], [1519, 2117]], '@걸로록', 0.002874167403206229), ([[739, 2185], [985, 2185], [985, 2419], [739, 2419]], '#금', 0.08679429538438303), ([[164.40883112992287, 1488.0291944122212], [307.96828651863626, 1552.3839188109796], [283.5911688700771, 1600.9708055877788], [141.03171348136377, 1537.6160811890204]], '뜨시', 0.2078964007631724)]
[([[554, 532], [620, 532], [620, 580], [554, 580]], '000', 0.29512457550172905), ([[1354, 665], [1908, 665], [1908, 878], [1354, 878]], '하아아야"', 0.7667690682064682), ([[187.88952717480078, 476.1063190305275], [564.1862918477365, 439.49958149267593], [568.1104728251993, 616.8936809694725], [191.8137081522635, 654.5004185073241]], '하아야', 0.315164761227931)]
[([[1204, 2104], [1662, 2104], [1662, 2178], [1204, 2178]], '하아 하아으으.. . 어?', 0.5057864928305258), ([[1124, 2172], [1739, 2172], [1739, 2257], [1124, 2257]], '슈시아가오는소리가 들리잡아', 0.2437254106882425), ([[1156, 2322], [1790, 2322], [1790, 2400], [1156, 2400]], '잠깐 침대에서 소리내지말고잊어', 0.40656948596901665)]
[([[1095, 2273], [1641, 2273], [1641, 2381], [1095, 2381]], '퇴근하고 6번더햇다', 0.5974265472335034)]
[([[1458, 2356], [2118, 2356], [2118, 2458], [1458, 2458]], '(딸같기만하던 소문에게', 0.5034402409076854), ([[1424, 2452], [2166, 2452], [2166, 2560], [1424, 2560]], '나는그만 욕정올 품어버려 )', 0.6512312302825454)]
[([[218, 532], [560, 532], [560, 588], [218, 588]], '하아 드디어 드디어', 0.9714530991910977), ([[1468, 1739], [1756, 1739], [1756, 1805], [1468, 1805]], '괴로위  괴로위.', 0.7629146644005391), ([[1450, 1806], [1778, 1806], [1778, 1880], [1450, 1880]], '빨리 빨리박아쥐 .', 0.4372905435508574), ([[792, 2324], [1205, 2324], [1205, 2405], [792, 2405]], '사도의험에미친소문', 0.41592407383677676)]
[([[1512, 2376], [2083, 2376], [2083, 2480], [1512, 2480]], '(루이제에게 부탁하여', 0.726876105512989), ([[1551, 2471], [2059, 2471], [2059, 2582], [1551, 2582]], '일흘저질리버릇다)', 0.15507821496909413)]
[([[1689, 1099], [1856, 1099], [1856, 1168], [1689, 1168]], '아저씨', 0.9948316201624113), ([[1328, 1163], [2191, 1163], [2191, 1252], [1328, 1252]], '저몸이이상해요.아저찌가 시켜다고해어요.', 0.2846086572147785)]
[([[1577, 1109], [1978, 1109], [1978, 1195], [1577, 1195]], '루이제가 저에게.', 0.5585187701366546), ([[1481, 1191], [2075, 1191], [2075, 1292], [1481, 1292]], '물먹없눈지  말해주세요', 0.18739086983278233)]
[([[370, 2386], [734, 2386], [734, 2483], [370, 2483]], '미안하다 소문', 0.6149396043470526)]
[([[1366, 1148], [2136, 1148], [2136, 1245], [1366, 1245]], '@그럴리가없어요그초? 아저씨', 0.6027968212594897)]
[([[1367, 1138], [2160, 1138], [2160, 1246], [1367, 1246]], '저눈아저찌름믿어요 하아.하아', 0.15725701868293845)]
[([[158, 983], [949, 983], [949, 1085], [158, 1085]], '(끌어오는성옥올참음수가없어)', 0.22219971879667588), ([[307, 1073], [794, 1073], [794, 1165], [307, 1165]], '(발고싶어 빨고심어):', 0.40064601092005514)]
[([[1390, 2382], [2214, 2382], [2214, 2490], [1390, 2490]], '(소문에게그런생각올한 나에게', 0.55956126033727), ([[1513, 2477], [2099, 2477], [2099, 2591], [1513, 2591]], '너무험오감이 들없다)', 0.843134352371321)]
[([[1686, 1049], [1895, 1049], [1895, 1151], [1686, 1151]], '아저씨', 0.9444763536354264), ([[124, 2419], [953, 2419], [953, 2519], [124, 2519]], '소문이제그만방으로돌아가서 ', 0.6020515248085969)]
[([[1409, 1099], [1884, 1099], [1884, 1200], [1409, 1200]], '저지 사랑하세요?', 0.3261867492663205)]
[([[217, 105], [381, 105], [381, 373], [217, 373]], '2', 0.9618101663471776), ([[322, 1522], [762, 1522], [762, 1596], [322, 1596]], '움.!? 이게 뭐하는짓!', 0.16533475733149042), ([[1084, 2056], [1622, 2056], [1622, 2136], [1084, 2136]], '하아.이렇게나 멋진분이이 ', 0.7209342169423797), ([[1474.7307572038633, 298.1229662755414], [1690.3787783629753, 250.81332988183232], [1717.2692427961367, 431.8770337244586], [1501.6212216370247, 479.1866701181677]], '추옷', 0.474472679956517), ([[1496.3631404227451, 670.2335863673728], [1573.734412279382, 596.017989500608], [1705.6368595772549, 755.7664136326272], [1628.265587720618, 829.982010499392]], '쪽', 0.8627846805742969)]
[([[260, 2373], [1105, 2373], [1105, 2463], [260, 2463]], '아니다 . 너름사랑하는건맞지만 나는:', 0.35381754298527457), ([[420, 2459], [1030, 2459], [1030, 2549], [420, 2549]], '그렇지않아 미안하다 소문', 0.31328093116394723)]
[([[1366, 1186], [1992, 1186], [1992, 1283], [1366, 1283]], '하아 하아  아저씨 분명', 0.5467669218230511), ([[1191, 1276], [2183, 1276], [2183, 1380], [1191, 1380]], '저에제먹여달라하신약이 최음제켓조?', 0.595477228627593)]
[([[1210, 1198], [2191, 1198], [2191, 1285], [1210, 1285]], '그럼최소한 저름만족시켜주세요  하아 하아 .', 0.3505082186529941), ([[1353, 1272], [2055, 1272], [2055, 1351], [1353, 1351]], '그푸물어오른자지흘 제입에박아', 0.22905341286790004), ([[1478, 1346], [1929, 1346], [1929, 1423], [1478, 1423]], '저름 도구로 씨주세요', 0.265313036848379)]
[([[1333, 2383], [2253, 2383], [2253, 2480], [1333, 2480]], '(다시금 오른 욕정에붙같이달려들없다)', 0.6767986952168309)]
[([[1573, 464], [1881, 464], [1881, 628], [1573, 628]], '하이%', 0.012579327024887356), ([[1337, 1218], [1997, 1218], [1997, 1299], [1337, 1299]], '하아하아. 이게아저씨의자지.', 0.7812342379446351), ([[1350, 1286], [1977, 1286], [1977, 1377], [1350, 1377]], '어때부터항상 궁금햇어요 ', 0.25540402097882464), ([[672.4904844417042, 846.1862457594185], [986.3658585079861, 799.9103295258561], [995.5095155582958, 946.8137542405815], [682.6341414920139, 992.0896704741439]], '85050', 0.0159816532779065)]
[([[1520, 509], [1641, 509], [1641, 766], [1520, 766]], '춤', 0.425318015416579), ([[665.6199210479782, 795.1051078421544], [948.5646382318022, 732.4943060642681], [981.3800789520218, 961.8948921578456], [698.4353617681978, 1024.5056939357319]], '꾸릇@', 0.1670577271768438)]
[([[1304, 1230], [2074, 1230], [2074, 1320], [1304, 1320]], '귀여워힘줄이 두근두근 뛰고있어요', 0.5295509044221026)]
[([[1377, 389], [1491, 389], [1491, 569], [1377, 569]], '붙', 0.0034477540424626696), ([[321, 1089], [447, 1089], [447, 1199], [321, 1199]], ' _', 0.973094374952494), ([[736.3769623419428, 840.0628142110615], [935.7605925694959, 826.0626338667976], [938.6230376580572, 1010.9371857889385], [739.2394074305041, 1024.9373661332024]], '똑욕', 0.276501233908305)]
[([[633, 376], [811, 376], [811, 480], [633, 480]], '젓팩', 0.010638095720166392), ([[1030, 533], [1212, 533], [1212, 643], [1030, 643]], '넷째부', 0.00926830447426267), ([[1499, 635], [1578, 635], [1578, 793], [1499, 793]], '유', 0.011582605021365266), ([[853, 934], [906, 934], [906, 985], [853, 985]], '00', 0.9999429336440414), ([[319, 1089], [447, 1089], [447, 1199], [319, 1199]], ' _', 0.8024088110605844), ([[674.2996748344162, 858.0658053639692], [866.3480771223243, 838.3226895785971], [875.7003251655838, 1030.9341946360307], [683.6519228776757, 1050.6773104214028]], '용음', 0.0708766240622707)]
[([[743, 824], [842, 824], [842, 986], [743, 986]], '%', 0.13289378681409758), ([[912, 879], [959, 879], [959, 923], [912, 923]], '09', 0.2709648453881077), ([[321, 1089], [445, 1089], [445, 1199], [321, 1199]], ' _', 0.9807558418725666), ([[296, 2416], [464, 2416], [464, 2520], [296, 2520]], '으웃:', 0.5021181296228091), ([[819.2875295001209, 794.0254130016926], [891.0717044190459, 779.2169513545058], [922.7124704998791, 953.9745869983074], [850.9282955809541, 968.7830486454942]], '못', 0.9764571508281392)]
[([[627, 879], [831, 879], [831, 943], [627, 943]], '하아.하아', 0.898837198064731), ([[1224, 1520], [1312, 1520], [1312, 1570], [1224, 1570]], '하아_', 0.9992258219378327), ([[1341, 1515], [1935, 1515], [1935, 1579], [1341, 1579]], '다른파티는 모두루이제가 죽여버려서 .', 0.5194665847474114), ([[1403, 1573], [1777, 1573], [1777, 1640], [1403, 1640]], '색스트즐길수가없없어', 0.3141865740558773)]
[([[315, 1091], [445, 1091], [445, 1199], [315, 1199]], ' _', 0.9639070426477597), ([[1326, 1134], [1801, 1134], [1801, 1214], [1326, 1214]], '하아 하아 아저씨', 0.4131262910398196)]
[([[322, 1094], [444, 1094], [444, 1196], [322, 1196]], ' _', 0.8495335578918457), ([[261, 2435], [395, 2435], [395, 2508], [261, 2508]], '소문.', 0.8863560144036222), ([[430, 2430], [681, 2430], [681, 2508], [430, 2508]], '미안하다.', 0.9864249044986076)]
[([[325, 1094], [444, 1094], [444, 1196], [325, 1196]], ' _', 0.6892079469798534), ([[1487, 2317], [2103, 2317], [2103, 2426], [1487, 2426]], '(나는그녀에게 부모이자', 0.5184507025355768), ([[1544, 2419], [2069, 2419], [2069, 2519], [1544, 2519]], '스승만이되고싶없다', 0.9155713866966299), ([[1463, 2512], [2197, 2512], [2197, 2611], [1463, 2611]], '하지만 돌이킬수없게 되없다)', 0.4430658018703276)]
[([[1114, 2193], [1812, 2193], [1812, 2269], [1114, 2269]], '어라? 지금 대정원에들어와도 되는거에요?', 0.8413028565019104)]
[([[244, 388], [638, 388], [638, 464], [244, 464]], '은이거하듣패런인데.', 0.08863747743820424), ([[257, 521], [563, 521], [563, 595], [257, 595]], '어서씩스률해야', 0.12384893507135034), ([[282, 586], [550, 586], [550, 662], [282, 662]], '빨리깔수있에', 0.13543979094695321), ([[1528, 1541], [1770, 1541], [1770, 1613], [1528, 1613]], '(그냥 쳐박아~', 0.548321216323271), ([[1493, 1603], [1813, 1603], [1813, 1669], [1493, 1669]], '이던런이새끼야 ~', 0.2802515029233048)]
[([[1194, 2198], [1704, 2198], [1704, 2274], [1194, 2274]], '네 네근데저처음해화서.', 0.969040588890227)]
[([[230, 398], [615, 398], [615, 472], [230, 472]], '이 아다새끼크크크', 0.6251782367085865), ([[254, 472], [593, 472], [593, 556], [254, 556]], '좋아~ 그림내가', 0.5817993882239951), ([[232, 545], [621, 545], [621, 632], [232, 632]], '말하는대로 따라해', 0.6201857730234716)]
[([[239, 479], [579, 479], [579, 563], [239, 563]], '일단 자지루꺼내', 0.4644190039612535), ([[1342, 2202], [1514, 2202], [1514, 2280], [1342, 2280]], '네 네', 0.7379598021507263)]
[([[178, 488], [618, 488], [618, 562], [178, 562]], '자아아 . 바지틀내리고  (', 0.24857801356400935)]
[([[248, 482], [586, 482], [586, 558], [248, 558]], '으응 .응 잘하네', 0.36234539149653916)]
[([[1129, 2005], [1401, 2005], [1401, 2156], [1129, 2156]], '읽야', 0.021940685323835234), ([[1256, 2162], [1780, 2162], [1780, 2235], [1256, 2235]], '당신의파티도 . 죽은거지? 후후 ', 0.7885101535167827), ([[1665, 2254], [1870, 2254], [1870, 2366], [1665, 2366]], '하아', 0.8456525414693816)]
[([[165, 447], [670, 447], [670, 526], [165, 526]], '난충분히젖어있으나까이 ', 0.3974693634455988), ([[256, 518], [582, 518], [582, 594], [256, 594]], '종율때로 박아보!', 0.13424523167881572)]
[([[433, 127], [643, 127], [643, 377], [433, 377]], '8', 0.043203075830465565)]
[([[341, 441], [447, 441], [447, 510], [341, 510]], '으육.', 0.5460744591266435), ([[190, 504], [640, 504], [640, 582], [190, 582]], '그구멍아니야이명청아', 0.3659648549628619), ([[230, 2281], [769, 2281], [769, 2361], [230, 2361]], '그치만 이렇게기분종은데 .', 0.48535164766937905)]
[([[285, 449], [531, 449], [531, 513], [285, 513]], '이아다새끼이', 0.9727003928728716), ([[159, 503], [666, 503], [666, 580], [159, 580]], '너튼아다틀 후장으로-거네.', 0.06574125982355168), ([[1498, 1588], [1742, 1588], [1742, 1840], [1498, 1840]], '꽤', 0.3868395604173749), ([[735, 1877], [999, 1877], [999, 2137], [735, 2137]], '퍽', 0.8346559708866295), ([[179, 2293], [795, 2293], [795, 2357], [179, 2357]], '하아.하아   기분조아아.기분조아야  ', 0.3227492731602357)]
[([[1699, 215], [1807, 215], [1807, 349], [1699, 349]], '<', 0.161533138983728), ([[1517, 1573], [1802, 1573], [1802, 1653], [1517, 1653]], '(안듣고앉네)', 0.2015102905483059)]
[([[323, 421], [513, 421], [513, 489], [323, 489]], '으응 으응', 0.9977145786391868), ([[176, 482], [620, 482], [620, 556], [176, 556]], '엉덩이구멍도 사실 좋아해', 0.8338310999007861), ([[262, 546], [574, 546], [574, 622], [262, 622]], '좋플대로 싸버려', 0.19628808257845462), ([[1701, 1636], [1969, 1636], [1969, 1830], [1701, 1830]], '칠', 0.13386816174778549), ([[1040, 1816], [1347, 1816], [1347, 2014], [1040, 2014]], ')째', 0.0039404720019348876), ([[268, 2280], [712, 2280], [712, 2358], [268, 2358]], '으육 으육씬다뻐다..', 0.13389346668039248)]
[([[811, 593], [945, 593], [945, 763], [811, 763]], '|', 0.005343112303595243), ([[1296.2116483944885, 939.0762862155146], [1562.3772005772346, 913.8551416419565], [1567.7883516055115, 1097.9237137844855], [1301.6227994227654, 1123.1448583580436]], '하아"', 0.6298484679183507)]
[([[214, 236], [562, 236], [562, 384], [214, 384]], "'하아 ", 0.3130805790424347), ([[363, 403], [529, 403], [529, 467], [363, 467]], '보지도', 0.999317695033522), ([[214, 468], [626, 468], [626, 544], [214, 544]], '징장울고있든데어때?', 0.22842630803747072), ([[174, 538], [668, 538], [668, 614], [174, 614]], '달래쥐몰래에 ?하아.하아 .', 0.16996165342530128)]
[([[1496, 276], [1922, 276], [1922, 572], [1496, 572]], '오퇴기', 0.3744978061661183), ([[1489, 1317], [1773, 1317], [1773, 1611], [1489, 1611]], '철퍽', 0.06252472283627235), ([[100, 2108], [410, 2108], [410, 2182], [100, 2182]], '네 네에에에 !', 0.5348757725274481), ([[62.82208325140592, 572.0257064571956], [312.4815197113773, 626.6726509746237], [255.17791674859407, 854.9742935428044], [6.5184802886226905, 800.3273490253763]], '평', 0.029744236722387463)]
[([[1702, 218], [1804, 218], [1804, 348], [1702, 348]], '날', 0.024410369945624177), ([[588, 704], [786, 704], [786, 832], [588, 832]], '@름', 0.018116749144137828), ([[1434, 863], [1724, 863], [1724, 1049], [1434, 1049]], '좋아0', 0.10957089989982427), ([[1578, 1064], [1706, 1064], [1706, 1206], [1578, 1206]], '유', 0.3314371297861385), ([[1737, 1167], [1925, 1167], [1925, 1363], [1737, 1363]], '흉0', 0.24755367972467057)]
[([[1249, 2212], [1903, 2212], [1903, 2281], [1249, 2281]], '그래서도망치다 여기로온거야. 후후 후후', 0.49475001116024353), ([[193.4972384864693, 1175.0707279565747], [518.3074364548071, 976.7624858026593], [571.5027615135307, 1100.9292720434253], [246.69256354519294, 1299.2375141973407]], '사라라', 0.9997183024816606)]
[([[13, 1751], [241, 1751], [241, 1979], [13, 1979]], '퍽', 0.5724187005638584), ([[1012, 1784], [1232, 1784], [1232, 2024], [1012, 2024]], '퍽', 0.9992789138364202), ([[1475.0811339594761, 1388.017596342327], [1661.4166151262164, 1435.6107736616548], [1591.9188660405239, 1696.982403657673], [1405.5833848737836, 1649.3892263383452]], '꼴', 0.03391722506728834)]
[([[104, 2102], [378, 2102], [378, 2178], [104, 2178]], '쌀게요오오 %', 0.10945757037808512)]
[([[1705, 2301], [1915, 2301], [1915, 2485], [1705, 2485]], '주릇', 0.10951443683111113), ([[1016.7390613698651, 2038.0948303013945], [1406.357597877537, 1980.4817369889743], [1422.260938630135, 2210.9051696986057], [1032.642402122463, 2269.5182630110257]], '유출흘.', 0.007616995833814144)]
[([[0, 83], [105, 83], [105, 235], [0, 235]], '1', 0.7204066048476001), ([[282, 456], [556, 456], [556, 530], [282, 530]], '하아 하아 ', 0.511431684371789), ([[254, 526], [585, 526], [585, 618], [254, 618]], '그럼나가불까?', 0.6107844434125166), ([[1129, 2305], [1685, 2305], [1685, 2371], [1129, 2371]], '에그럼때탕-거에요? 어떻게화요?', 0.0833296170229095)]
[([[333, 413], [487, 413], [487, 497], [333, 497]], '응응)', 0.687314750023588), ([[243, 491], [583, 491], [583, 579], [243, 579]], '인서트키늄러서', 0.4119836504536108), ([[288, 570], [535, 570], [535, 660], [288, 660]], '후퇴둘리~', 0.27410611105894916), ([[1548, 1558], [1758, 1558], [1758, 1678], [1548, 1678]], '(병신)', 0.9870836590923993)]
[([[584, 331], [991, 331], [991, 415], [584, 415]], '국록 너내가 좋아서', 0.8033816963548447), ([[536, 405], [1050, 405], [1050, 485], [536, 485]], '여기까지날 데리고온거지?', 0.8165956090419274), ([[2174, 915], [2739, 915], [2739, 996], [2174, 996]], '그래, 날위해활수앞는게 뛰야?', 0.31917692921423785), ([[1269.2768594404577, 951.0512385996904], [1479.6288034617678, 898.8941898588831], [1530.7231405595423, 1176.9487614003096], [1320.3711965382322, 1228.105810141117]], '4', 0.10832119733540058)]
[([[1271, 918], [1540, 918], [1540, 1212], [1271, 1212]], '(', 0.2798801460451159), ([[2054, 2009], [2400, 2009], [2400, 2105], [2054, 2105]], '모든걸다 줄게', 0.553183681935577)]
[([[464, 390], [1389, 390], [1389, 464], [464, 464]], '말은잘하네 모험가는 죄다 바보 명청이인 줄알앞는데', 0.3728170668048639), ([[509, 455], [1326, 455], [1326, 528], [509, 528]], '그래도경험많은 모험가라 보고배운건있나 화?', 0.46485267033227423)]
[([[2258, 920], [2635, 920], [2635, 1008], [2258, 1008]], '그래뭐노력해화.', 0.6543423145603371), ([[1275, 933], [1535, 933], [1535, 1215], [1275, 1215]], '(', 0.5323800195884623)]
[([[2491, 108], [2710, 108], [2710, 265], [2491, 265]], '히이', 0.0388811059816051), ([[1278, 965], [1532, 965], [1532, 1210], [1278, 1210]], '(4', 0.26865968400005635)]
[([[1549, 251], [1881, 251], [1881, 352], [1549, 352]], '그판말치워싸', 0.17822422259891632), ([[1177, 636], [1445, 636], [1445, 828], [1177, 828]], '과약', 0.23197707109710072), ([[132, 1198], [376, 1198], [376, 1456], [132, 1456]], '0', 0.9920290444650313), ([[356, 1462], [578, 1462], [578, 1614], [356, 1614]], '과@', 0.0052274708296427795), ([[556, 1532], [604, 1532], [604, 1580], [556, 1580]], '00', 0.9568786369493556), ([[1194, 1449], [1452, 1449], [1452, 1614], [1194, 1614]], '8야(', 0.07101690939222038), ([[85, 1905], [553, 1905], [553, 1971], [85, 1971]], '내가 니소원대로 처박아줌다', 0.40590506147715066), ([[303.24371436743536, 291.08588654784035], [502.0007067315491, 268.55083840251666], [509.75628563256464, 428.91411345215965], [310.9992932684509, 451.44916159748334]], '으1', 0.027465818155705948)]
[([[819, 239], [1554, 239], [1554, 318], [819, 318]], '어어어 그 그래도 조~금부족한걸?', 0.8102287094092668), ([[2304, 797], [2510, 797], [2510, 870], [2304, 870]], '안타깝네~', 0.881561826440121), ([[2094, 859], [2734, 859], [2734, 943], [2094, 943]], '조금만 더릿다면 조금다시빛올린데', 0.1147384515598798)]
[([[963, 182], [1243, 182], [1243, 255], [963, 255]], '아 잠깐잠깐 !', 0.8983127937938394), ([[2173, 769], [2481, 769], [2481, 844], [2173, 844]], '사 상낭하게해쥐 .', 0.5177245687511453), ([[1275, 930], [1535, 930], [1535, 1213], [1275, 1213]], '(', 0.5384391628774132), ([[2065, 2123], [2428, 2123], [2428, 2212], [2065, 2212]], '그럼바로 넣올게', 0.2943667346695404)]
[([[1564, 226], [1682, 226], [1682, 325], [1564, 325]], '@유', 0.2302731850058776), ([[1674, 297], [1725, 297], [1725, 330], [1674, 330]], '00', 0.32479880232136554), ([[2305, 683], [2349, 683], [2349, 727], [2305, 727]], '미', 0.010603334227241357), ([[2356, 697], [2398, 697], [2398, 724], [2356, 724]], '감', 0.02629620202659866), ([[1443, 874], [1571, 874], [1571, 997], [1443, 997]], '볶관', 0.02025109066390652), ([[712, 1000], [840, 1000], [840, 1132], [712, 1132]], '두근', 0.8755579859997563), ([[266, 1749], [451, 1749], [451, 1936], [266, 1936]], '물질', 0.9897585714676079), ([[628, 2109], [804, 2109], [804, 2254], [628, 2254]], '문질', 0.6328610496934718)]
[([[2256, 753], [2468, 753], [2468, 841], [2256, 841]], '그러던가', 0.6492040753364563), ([[1277, 942], [1535, 942], [1535, 1211], [1277, 1211]], '(4', 0.192522129411772), ([[2045, 2119], [2448, 2119], [2448, 2207], [2045, 2207]], '그럼이제넣올게 ?', 0.406404974194691)]
[([[2684, 90], [2799, 90], [2799, 285], [2684, 285]], '5', 0.7594796552044869), ([[326, 1726], [481, 1726], [481, 1862], [326, 1862]], '꽉욕', 0.03435389992124865), ([[2108, 2117], [2360, 2117], [2360, 2229], [2108, 2229]], '처녀 .?', 0.49313987242034674), ([[670.1873497842615, 2137.2491587918644], [856.5360737258962, 2088.95877288469], [880.8126502157385, 2224.7508412081356], [695.4639262741038, 2273.04122711531]], '주용용', 0.012733061791209695)]
[([[409, 186], [1027, 186], [1027, 277], [409, 277]], '훨반] 처녀 처음보니? 한심해 .', 0.10441526223076203), ([[1043, 386], [1499, 386], [1499, 452], [1043, 452]], '사람들은항상 내외모만보고', 0.6692655659099335), ([[949, 443], [1472, 443], [1472, 511], [949, 511]], '날제대로알아보러고도 하지않아', 0.8478752881315769)]
[([[1820, 2121], [2660, 2121], [2660, 2205], [1820, 2205]], '아냐기뻐내가 붉은마녀의처음올가져가다니 ', 0.4845622739377868)]
[([[2188, 809], [2291, 809], [2291, 873], [2188, 873]], '그래', 0.9999824669560387), ([[2329, 806], [2672, 806], [2672, 883], [2329, 883]], '그럼노력하라구!', 0.9591805209244265), ([[1276, 950], [1543, 950], [1543, 1221], [1276, 1221]], '(4', 0.20128885996557283)]
[([[1876, 148], [1932, 148], [1932, 179], [1876, 179]], '1', 0.47946180806265204), ([[2351, 508], [2439, 508], [2439, 652], [2351, 652]], '옷', 0.9697176003260779), ([[1280, 967], [1532, 967], [1532, 1210], [1280, 1210]], '(', 0.9513637093746752), ([[753, 1435], [819, 1435], [819, 1517], [753, 1517]], '0', 0.0029961870658673645), ([[754, 2073], [991, 2073], [991, 2262], [754, 2262]], '-', 0.021615457954988537), ([[2702.5396590465007, 256.01060130906114], [2771.366054869807, 228.00670205426204], [2874.4603409534993, 492.98939869093886], [2806.633945130193, 520.9932979457379]], "'", 0.9669144669842922), ([[140.9616676024473, 1754.0256855694354], [295.0769230769231, 1730.6153846153845], [328.0383323975527, 1997.9743144305646], [173.92307692307693, 2021.3846153846155]], '퍽', 0.9999680521655705)]
[([[674, 175], [1181, 175], [1181, 243], [674, 243]], '그래  너처럼당당하게 . 흐웃:', 0.5440089449853306), ([[526, 238], [819, 238], [819, 306], [526, 306]], '내눈올쳐다보는:', 0.5723394525033466), ([[845, 240], [1292, 240], [1292, 306], [845, 306]], '사람이 좋아  하아.하아', 0.30267531728398916), ([[1280, 945], [1529, 945], [1529, 1212], [1280, 1212]], '(', 0.4420798101644472), ([[1614.6037086339807, 221.26373525747576], [1868.598601100117, 140.70612686180758], [1912.3962913660193, 328.7362647425242], [1657.401398899883, 409.29387313819245]], '하9 /', 0.04733151197433472), ([[2700.531032983846, 258.0110025559239], [2769.366054869807, 228.00670205426204], [2877.468967016154, 490.9889974440761], [2808.633945130193, 520.9932979457379]], "'", 0.9584885624434634), ([[2176.2154707026825, 671.0839894484325], [2429.0751964348306, 647.4354657486231], [2433.7845292973175, 814.9160105515675], [2179.9248035651694, 838.5645342513769]], '하어', 0.21279546483039483)]
