2651445
196
[([[25, 19], [526, 19], [526, 188], [25, 188]], '새 |또버쪽', 0.00048106190485623505), ([[28, 173], [477, 173], [477, 277], [28, 277]], '용쾌)울', 0.0012947461800649762), ([[44, 298], [167, 298], [167, 335], [44, 335]], "'튿^-끗`료)", 0.0001424458163759546), ([[45, 325], [213, 325], [213, 361], [45, 361]], '-신-장-어어', 0.0011757539226812572), ([[215, 301], [339, 301], [339, 365], [215, 365]], '벼어기66', 0.0002563327369507931)]
[([[982, 34], [1084, 34], [1084, 88], [982, 88]], '뚫원', 0.12764414053376172), ([[311, 177], [351, 177], [351, 197], [311, 197]], '000', 0.9587203801433954), ([[342, 150], [444, 150], [444, 204], [342, 204]], '@앗', 0.06458981766842738), ([[38, 232], [140, 232], [140, 282], [38, 282]], '사-', 0.09677726337650934), ([[39, 274], [245, 274], [245, 334], [39, 334]], '댐 자야 폐', 0.05733146639799205)]
[]
[]
[]
[]
[]
[]
[]
[]
[]
[]
[([[846, 26], [1126, 26], [1126, 80], [846, 80]], '파람 뜨리끓어6', 0.08222227552880174), ([[237, 47], [445, 47], [445, 107], [237, 107]], '[문랜문해', 0.013970656159143774), ([[848, 72], [972, 72], [972, 126], [848, 126]], '그렇문', 0.009328462391473938), ([[236, 98], [436, 98], [436, 152], [236, 152]], '폐해블라네', 0.01949331040023187), ([[664, 92], [800, 92], [800, 146], [664, 146]], '제금렌', 0.07237064925074772), ([[237, 142], [483, 142], [483, 202], [237, 202]], '좀교증내늄문', 0.04241212126249584), ([[664, 136], [825, 136], [825, 196], [664, 196]], '인사대신', 0.15611118078231812), ([[848, 118], [1166, 118], [1166, 174], [848, 174]], '데가} 유어동되인터', 0.009955065268267973), ([[664, 181], [827, 181], [827, 244], [664, 244]], '@없제만', 0.3513265028835333), ([[37, 275], [165, 275], [165, 325], [37, 325]], '제기야', 0.3374431956062917), ([[38, 322], [176, 322], [176, 374], [38, 374]], '폐미땅', 0.3599254857710331), ([[658.5525489506559, 426.25223496314874], [791.5525955352745, 391.67485653297746], [811.4474510493441, 497.74776503685126], [678.4474044647255, 531.3251434670225]], '~9', 0.1074613178129199)]
[]
[]
[]
[]
[]
[]
[]
[([[723, 289], [903, 289], [903, 487], [723, 487]], '0', 0.5123004215420224)]
[([[765, 319], [899, 319], [899, 481], [765, 481]], '0', 0.383191719326593)]
[([[763, 319], [901, 319], [901, 483], [763, 483]], '0', 0.47527805443623095)]
[([[698, 16], [766, 16], [766, 64], [698, 64]], '나?', 0.9998922743547708), ([[604, 60], [882, 60], [882, 114], [604, 114]], '나는 이무카스키', 0.68955578206553), ([[336, 112], [550, 112], [550, 162], [336, 162]], '이무카스키?', 0.40164328283458334), ([[604, 108], [774, 108], [774, 160], [604, 160]], '라고 한다', 0.9991782306615832), ([[338, 158], [490, 158], [490, 208], [338, 208]], '보젠즈의', 0.43130195140838623), ([[602, 151], [857, 151], [857, 211], [602, 211]], '잘부탁해, 누님', 0.5560406212699271), ([[336, 204], [542, 204], [542, 258], [336, 258]], '새 전사인가', 0.9940397464377868), ([[329, 377], [573, 377], [573, 437], [329, 437]], '두- 상대라도', 0.1039213087247181), ([[330, 426], [498, 426], [498, 480], [330, 480]], '이 장소는', 0.6882888702356285), ([[332, 474], [450, 474], [450, 524], [332, 524]], '반드시', 0.9971908651592225), ([[329, 519], [525, 519], [525, 573], [329, 573]], '지켜날거야', 0.6900630722338866), ([[54, 708], [136, 708], [136, 758], [54, 758]], '공렌', 0.14760463396634743), ([[54, 752], [218, 752], [218, 802], [54, 802]], '조심해 폐', 0.7903159022416997), ([[52, 800], [182, 800], [182, 850], [52, 850]], '저 녀석', 0.9991426460951154), ([[54, 846], [294, 846], [294, 900], [54, 900]], '무기름 가지고', 0.5409628935202577), ([[52, 894], [182, 894], [182, 946], [52, 946]], '있어 폐', 0.574989713287572), ([[605.9074644389061, 5.1003079700932386], [705.6862708550324, 20.08523532432584], [696.0925355610939, 70.89969202990676], [596.3137291449676, 56.914764675674164]], '아아;', 0.9951114821063887)]
[]
[]
[]
[]
[]
[]
[]
[]
[]
[([[281, 595], [413, 595], [413, 729], [281, 729]], '증', 0.031309723180549476)]
[([[144, 22], [268, 22], [268, 76], [144, 76]], ' 음음', 0.053240117636687866), ([[581, 15], [703, 15], [703, 69], [581, 69]], '에이블', 0.20194560630186964), ([[144, 68], [266, 68], [266, 120], [144, 120]], '마음에', 0.9471004113266165), ([[582, 62], [706, 62], [706, 116], [582, 116]], '답짜기', 0.005299420306283923), ([[142, 112], [268, 112], [268, 172], [142, 172]], '여유지', 0.20616480977137017), ([[582, 108], [882, 108], [882, 164], [582, 164]], '웬? 육탕-이야?', 0.008852339748037443), ([[142, 160], [302, 160], [302, 216], [142, 216]], '돼지시지', 0.25698140263557434), ([[584, 156], [778, 156], [778, 208], [584, 208]], '움출보스네', 0.0019272694083215037), ([[936, 144], [1132, 144], [1132, 200], [936, 200]], '걱정하지마', 0.3905045287597919), ([[936, 192], [1176, 192], [1176, 248], [936, 248]], '봉을 피하눈권', 0.3116757227161227), ([[8, 252], [222, 252], [222, 308], [8, 308]], '장넷체지마!', 0.02696556813850545), ([[936, 238], [1148, 238], [1148, 294], [936, 294]], '@술하니-', 0.13326578614544043)]
[]
[]
[]
[]
[]
[]
[]
[]
[]
[]
[([[901, 5], [1030, 5], [1030, 65], [901, 65]], '예기늄', 0.08650523054329716), ([[628, 52], [714, 52], [714, 100], [628, 100]], '근결', 0.05478834867288224), ([[906, 56], [1064, 56], [1064, 110], [906, 110]], '망좋예레', 0.013317824341356754), ([[632, 98], [840, 98], [840, 154], [632, 154]], '젓라습 뒷이', 0.0035099185942066096), ([[904, 102], [1148, 102], [1148, 158], [904, 158]], '마음의 여유룹', 0.21217956688001646), ([[632, 146], [778, 146], [778, 200], [632, 200]], '때진명', 0.11657249694003478), ([[902, 148], [1150, 148], [1150, 204], [902, 204]], '제용하눈장', 0.2245308959480544), ([[562, 216], [700, 216], [700, 272], [562, 272]], '횟햇햇', 0.009490261137196157), ([[561, 263], [718, 263], [718, 319], [561, 319]], '@전만-', 0.21042262017726898), ([[562, 312], [722, 312], [722, 366], [562, 366]], '장자립압', 0.004901666659861803), ([[558, 356], [645, 356], [645, 409], [558, 409]], '@문', 0.8197491805437178), ([[377, 397], [501, 397], [501, 457], [377, 457]], '하제면', 0.32886028457798316), ([[375, 442], [622, 442], [622, 506], [375, 506]], '덧문 정세이라', 0.15958648556006091), ([[372, 487], [635, 487], [635, 549], [372, 549]], '재미가 없어', 0.32536616616180886), ([[90, 560], [152, 560], [152, 610], [90, 610]], '템', 0.05097760887909786)]
[([[0, 774], [30, 774], [30, 812], [0, 812]], ')', 0.015645935689051704)]
[([[364.1863528910723, 437.01839889269775], [504.80570111712, 460.4123062614279], [462.8136471089277, 693.9816011073023], [322.19429888288, 670.587693738572]], '톱', 0.011964122796492838)]
[([[0, 774], [30, 774], [30, 810], [0, 810]], '0', 0.1437225230068897)]
[]
[]
[]
[]
[]
[]
[]
[([[363, 27], [405, 27], [405, 69], [363, 69]], '오', 0.44974411842756024), ([[624, 8], [754, 8], [754, 62], [624, 62]], '이 녀석', 0.9671072610629503), ([[362, 70], [536, 70], [536, 120], [362, 120]], '월 좀 아네', 0.9714927629533417), ([[624, 54], [882, 54], [882, 108], [624, 108]], '의외로 강해페!', 0.9756911617070573), ([[360, 116], [516, 116], [516, 168], [360, 168]], '참모꼬마', 0.9790163636207581), ([[624, 104], [854, 104], [854, 154], [624, 154]], '그레이스들이', 0.9943564470904871), ([[624, 150], [800, 150], [800, 200], [624, 200]], '올 때 까지', 0.9525148808212516), ([[626, 196], [824, 196], [824, 246], [626, 246]], '선불리 공격', 0.3041113332893727), ([[624, 242], [828, 242], [828, 296], [624, 296]], '하지 않논게', 0.5860668472603403), ([[626, 290], [804, 290], [804, 344], [626, 344]], '종며어 폐!', 0.258946949202828), ([[29, 339], [149, 339], [149, 389], [29, 389]], '하지만', 0.9998907058817357), ([[30, 386], [260, 386], [260, 440], [30, 440]], '지원군이라면', 0.6542873292364761), ([[32, 434], [112, 434], [112, 482], [32, 482]], '나도', 0.9999816240235012), ([[32, 480], [262, 480], [262, 534], [32, 534]], '부릎수있어', 0.5749951767047905)]
[]
[]
[]
[]
[]
[]
[([[530, 140], [584, 140], [584, 242], [530, 242]], '7', 0.021297106564866164)]
[]
[]
[]
[([[274, 16], [470, 16], [470, 68], [274, 68]], '분신숙이다', 0.596674209790338), ([[514, 16], [598, 16], [598, 66], [514, 66]], '아앗', 0.8332615002870414), ([[274, 64], [356, 64], [356, 112], [274, 112]], '맘껏', 0.9806454333717776), ([[516, 62], [710, 62], [710, 116], [516, 116]], '머리카락이', 0.9381136412755435), ([[274, 108], [468, 108], [468, 162], [274, 162]], '날위고와라', 0.3652026723223757), ([[516, 108], [748, 108], [748, 164], [516, 164]], '작은원송이가', 0.9625304732184012), ([[516, 156], [660, 156], [660, 208], [516, 208]], '뜻다 폐', 0.17169946497834065), ([[764, 162], [866, 162], [866, 214], [764, 214]], '끼익!', 0.1618583984685921), ([[266, 662], [402, 662], [402, 716], [266, 716]], '위험해!', 0.9038845300674438), ([[266, 710], [386, 710], [386, 762], [266, 762]], '여관올', 0.5341105491638876), ([[266, 756], [426, 756], [426, 810], [266, 810]], '지켜야해', 0.9994925856590271)]
[]
[]
[]
[([[0, 487], [239, 487], [239, 809], [0, 809]], '칼', 0.2792377451462471)]
[([[0, 491], [253, 491], [253, 809], [0, 809]], '긍', 0.01879086072016123)]
[]
[]
[]
[]
[]
[([[702, 62], [886, 62], [886, 116], [702, 116]], '순가 많아]', 0.21200808754232822), ([[700, 110], [936, 110], [936, 162], [700, 162]], '그레이스예늄', 0.14401464562852268), ([[699, 155], [877, 155], [877, 209], [699, 209]], '아직인개무', 0.011515018154167148), ([[50, 266], [136, 266], [136, 320], [50, 320]], '동립', 0.03152817269786681), ([[1030, 250], [1133, 250], [1133, 305], [1030, 305]], '운리', 0.4674368378737012), ([[46, 308], [321, 308], [321, 372], [46, 372]], '학은워중이예질', 0.01676055451006817), ([[50, 358], [208, 358], [208, 412], [50, 412]], '신경질면', 0.21111908555030823), ([[48, 404], [232, 404], [232, 460], [48, 460]], '웬험해 폐', 0.32034188466646524)]
[]
[]
[]
[([[271.361965624455, 599.44786249782], [390.4454522908233, 543.0233391202202], [438.638034375545, 668.55213750218], [319.5545477091767, 724.9766608797798]], '9', 0.4324781138967069)]
[]
[]
[]
[([[488, 496], [636, 496], [636, 622], [488, 622]], ')', 0.5102672888420443)]
[]
[]
[([[142, 50], [228, 50], [228, 98], [142, 98]], '자아', 0.6297379227037596), ([[806, 34], [868, 34], [868, 86], [806, 86]], '빛', 0.026483892791367092), ([[142, 98], [226, 98], [226, 146], [142, 146]], '계속', 0.2259176873264397), ([[144, 144], [304, 144], [304, 196], [144, 196]], '공격합다', 0.7484197614678171), ([[626, 122], [750, 122], [750, 176], [626, 176]], '굉장합', 0.32763729812411174), ([[624, 168], [808, 168], [808, 220], [624, 220]], '파워다 폐', 0.1974182409229649), ([[884, 422], [984, 422], [984, 472], [884, 472]], '그래', 0.14885116556340525), ([[886, 470], [968, 470], [968, 518], [886, 518]], '나름', 0.496970159346978), ([[886, 514], [1106, 514], [1106, 568], [886, 568]], '똑바로 바라!', 0.5971061874837116)]
[]
[]
[]
[]
[]
[]
[]
[]
[]
[]
[([[181, 13], [427, 13], [427, 73], [181, 73]], '고되율 몰어물', 0.016173325385774033), ([[181, 63], [415, 63], [415, 117], [181, 117]], '똑레이스득이', 0.05579728443868286), ([[182, 110], [352, 110], [352, 162], [182, 162]], '오제 않율', 0.16390227657005238), ([[182, 156], [472, 156], [472, 212], [182, 212]], '귀능성이 왜어 떼', 0.025975909177516337), ([[56, 324], [144, 324], [144, 372], [56, 372]], '아파', 0.4178015553855754), ([[55, 367], [252, 367], [252, 424], [55, 424]], '메가보데율', 0.13997179170069982), ([[58, 416], [262, 416], [262, 470], [58, 470]], '금방 정화해', 0.2508403454673815), ([[58, 464], [178, 464], [178, 516], [58, 516]], '버려세', 0.530347488087246), ([[40, 552], [166, 552], [166, 604], [40, 604]], '라비가', 0.9176602266573334), ([[40, 598], [200, 598], [200, 650], [40, 650]], '감제하제', 0.5348972082138062), ([[858, 578], [942, 578], [942, 630], [858, 630]], '공권', 0.01914663422707896), ([[40, 644], [260, 644], [260, 698], [40, 698]], '못안메야 폐', 0.1227926542692614), ([[860, 622], [1098, 622], [1098, 678], [860, 678]], '일단 물러나서', 0.8267103505760226), ([[858, 672], [1052, 672], [1052, 722], [858, 722]], '그레이스틀', 0.3281889726437327), ([[858, 718], [1078, 718], [1078, 772], [858, 772]], '불레오자 폐', 0.8430827976575207)]
[]
[]
[]
[]
[([[481.2498071556772, 682.0216637932158], [574.759246031099, 738.4574254375711], [487.7501928443228, 880.9783362067842], [394.240753968901, 823.5425745624289]], "'", 0.22620636313719444)]
[]
[]
[([[742, 24], [1060, 24], [1060, 80], [742, 80]], '욕실청소{ %낚필', 0.0041999156717143216), ([[744, 72], [1060, 72], [1060, 128], [744, 128]], '[음음 색사중]예', 0.052483082032759754), ([[458, 212], [566, 212], [566, 260], [458, 260]], '@음', 0.19045985078548058), ([[458, 256], [812, 256], [812, 312], [458, 312]], '오늘음 소나무방에세', 0.05225099978580755), ([[456, 304], [784, 304], [784, 360], [456, 360]], '제여영화화} 있어 떼', 0.03156677511177609), ([[124, 386], [242, 386], [242, 440], [124, 440]], '된미원', 0.0405088173342813), ([[120, 434], [246, 434], [246, 486], [120, 486]], '폐미당', 0.2199783104642064), ([[121, 477], [367, 477], [367, 537], [121, 537]], '바퀴 줌비합레', 0.04018581405320156)]
[([[646, 18], [744, 18], [744, 68], [646, 68]], '안돼!', 0.8513048933620028), ([[340, 84], [460, 84], [460, 134], [340, 134]], '아니', 0.9998906728254382), ([[646, 62], [886, 62], [886, 118], [646, 118]], '내가 물러나면', 0.771501224958828), ([[340, 129], [508, 129], [508, 183], [340, 183]], '내 생각은', 0.5906037046403366), ([[646, 110], [888, 110], [888, 164], [646, 164]], '여관은 어떻게', 0.750563702173084), ([[340, 174], [582, 174], [582, 228], [340, 228]], '도망처도 좋아', 0.6188895231078378), ([[645, 157], [787, 157], [787, 207], [645, 207]], '되직어?', 0.778574526309967), ([[341, 221], [581, 221], [581, 281], [341, 281]], '도망치는 것도', 0.4578185400271565), ([[646, 204], [848, 204], [848, 258], [646, 258]], '그건 절대로', 0.9961268750624473), ([[340, 270], [590, 270], [590, 324], [340, 324]], '병법 중 하나지', 0.747376992735194), ([[645, 252], [745, 252], [745, 304], [645, 304]], '안돼]', 0.21369024133593245), ([[50, 462], [174, 462], [174, 516], [50, 516]], '괜찮야', 0.8116085350595541), ([[4, 506], [208, 506], [208, 562], [4, 562]], '나 혼자서로', 0.5657993262619865), ([[377, 485], [589, 485], [589, 549], [377, 549]], '입타무센요', 0.18094759598840332), ([[4, 554], [178, 554], [178, 610], [4, 610]], '할 수 있어', 0.7220665954597482), ([[376, 535], [498, 535], [498, 588], [376, 588]], '여기논', 0.6198223518210673), ([[0, 598], [235, 598], [235, 660], [0, 660]], '지금까지처럼', 0.7845511939655512), ([[378, 581], [580, 581], [580, 634], [378, 634]], '내가 반드', 0.2325138342297064), ([[3, 647], [124, 647], [124, 702], [3, 702]], '반드시', 0.3908305045723452), ([[377, 629], [575, 629], [575, 683], [377, 683]], '지킬레니-', 0.13399777184638306), ([[2, 696], [210, 696], [210, 750], [2, 750]], '이계 내깊어', 0.40606356453171494), ([[242, 708], [338, 708], [338, 758], [242, 758]], '풍팅!', 0.019814033631526968), ([[242, 753], [400, 753], [400, 805], [242, 805]], '혼자서는', 0.3789827823638916), ([[242, 800], [428, 800], [428, 854], [242, 854]], '위험해 폐', 0.6802261891741296)]
[([[642, 12], [842, 12], [842, 66], [642, 66]], '예상대로야', 0.3988041881135852), ([[25, 43], [225, 43], [225, 103], [25, 103]], '콤폐렉예제', 0.008416456385293695), ([[642, 58], [932, 58], [932, 114], [642, 114]], '텔체가} 망 문기늄', 0.04399043242169741), ([[28, 92], [234, 92], [234, 146], [28, 146]], '연속용겨움', 0.06291128274840155), ([[644, 106], [840, 106], [840, 162], [644, 162]], '문훨젠에세', 0.002363910028286893), ([[24, 136], [187, 136], [187, 196], [24, 196]], '폐분은면', 0.09561332315206528), ([[641, 149], [781, 149], [781, 205], [641, 205]], '불리해', 0.9988292321917754), ([[27, 182], [285, 182], [285, 242], [27, 242]], '믿어씩수 있어!', 0.017886665807339587), ([[546, 266], [636, 266], [636, 318], [546, 318]], '크육', 0.008080991542426592), ([[955, 276], [1189, 276], [1189, 337], [955, 337]], '앞0 기타라-', 0.038534276076205555), ([[946, 326], [1048, 326], [1048, 378], [946, 378]], '동잘', 0.035661192645975226), ([[944, 368], [1069, 368], [1069, 428], [944, 428]], '일립음', 0.15872034969388268), ([[946, 418], [1106, 418], [1106, 470], [946, 470]], '작접움6', 0.053398605436086655), ([[473.9153477109067, 266.11906469908024], [557.71388942063, 277.33289276587476], [550.0846522890932, 320.88093530091976], [466.28611057937, 309.66710723412524]], '크', 0.48715467815873126)]
[([[158, 46], [304, 46], [304, 96], [158, 96]], '안돼 폐]', 0.44794332854961233), ([[577, 64], [738, 64], [738, 118], [577, 118]], '우키리6 ', 0.18863878618402827), ([[158, 92], [376, 92], [376, 146], [158, 146]], '그 녀석은 _', 0.2956445657139425), ([[902, 230], [1024, 230], [1024, 282], [902, 282]], '품파원', 0.678357255007309), ([[4, 273], [251, 273], [251, 329], [4, 329]], '하아아아아앗!', 0.8520063652224258), ([[902, 276], [1180, 276], [1180, 330], [902, 330]], '엘리멘트 차지로', 0.6122895188038734), ([[902, 324], [1124, 324], [1124, 378], [902, 378]], '몸울 내켓어!', 0.0466333323246783)]
[([[934, 174], [1110, 174], [1110, 228], [934, 228]], '운키키켓', 0.4358302354812622), ([[808, 294], [878, 294], [878, 344], [808, 344]], '옛?', 0.5721631815425182), ([[772, 338], [990, 338], [990, 394], [772, 394]], '작은워중이?', 0.26382432108840814), ([[298, 626], [396, 626], [396, 678], [298, 678]], '동료', 0.03553134118995683), ([[298, 672], [576, 672], [576, 728], [298, 728]], '체싸문 웨에세6 ', 0.003402001744523736)]
[([[28, 66], [330, 66], [330, 122], [28, 122]], '짓래제 말휘퍼이?', 0.0033052157192670164), ([[586, 64], [764, 64], [764, 120], [586, 120]], '폐에에에', 0.06844750046730042), ([[28, 114], [114, 114], [114, 166], [28, 166]], '나툼', 0.06296156772843943), ([[28, 158], [284, 158], [284, 214], [28, 214]], '잡 보리괴 말야', 0.11642485642727386), ([[922, 428], [1136, 428], [1136, 484], [922, 484]], '피아아이액]', 0.0090506676310095)]
[([[684, 38], [772, 38], [772, 88], [684, 88]], '못6', 0.007029807255485639), ([[14, 162], [140, 162], [140, 222], [14, 222]], '@럿이', 0.09707449313924815), ([[516, 159], [721, 159], [721, 213], [516, 213]], '고작 합방에', 0.5599593811364668), ([[14, 208], [249, 208], [249, 268], [14, 268]], '@문하니키의', 0.0548338300522583), ([[514, 208], [638, 208], [638, 258], [514, 258]], '이정도', 0.19573227003757346), ([[17, 259], [59, 259], [59, 307], [17, 307]], '힘', 0.9961557450351997), ([[515, 253], [675, 253], [675, 309], [515, 309]], '데미지름', 0.4286501407623291), ([[516, 301], [747, 301], [747, 356], [516, 356]], '입율 줄이야', 0.2542188217452265), ([[615.1502814226758, 38.091294544308795], [691.96833389075, 59.497679254335445], [681.8497185773242, 91.9087054556912], [605.03166610925, 70.50232074566456]], '@63', 0.10211409592766528)]
[([[118, 34], [236, 34], [236, 88], [118, 88]], '미안해', 0.47981331406016964), ([[646, 36], [852, 36], [852, 88], [646, 88]], '@되6@ 육66', 0.03325324240201938), ([[114, 82], [240, 82], [240, 134], [114, 134]], '폐기땅', 0.7587418570815024), ([[114, 128], [370, 128], [370, 184], [114, 184]], '이렇제 텔 줄음', 0.2753231132265923), ([[588, 144], [708, 144], [708, 198], [588, 198]], '손발이', 0.6200575900857158), ([[584, 192], [708, 192], [708, 244], [584, 244]], '저러서', 0.44278560811763135), ([[586, 238], [828, 238], [828, 294], [586, 294]], '힘이 들어가제', 0.12660214296768496), ([[4, 300], [200, 300], [200, 354], [4, 354]], '[랜이라물', 0.1509986810949191), ([[584, 286], [674, 286], [674, 338], [584, 338]], '않야', 0.627945024885458), ([[1, 343], [221, 343], [221, 403], [1, 403]], '문망6 켜@', 0.043046452345769454)]
[([[73, 37], [203, 37], [203, 87], [73, 87]], '와아아', 0.40260085463523865), ([[78, 84], [270, 84], [270, 138], [78, 138]], '이레 ] 폐', 0.1319411470951004), ([[414, 98], [536, 98], [536, 152], [414, 152]], '어뒷어', 0.40460070967674255), ([[657, 79], [805, 79], [805, 139], [657, 139]], '폐기땅?', 0.7601547241210938), ([[414, 146], [558, 146], [558, 194], [414, 194]], '폐기당?', 0.5433188676834106), ([[414, 190], [588, 190], [588, 244], [414, 244]], '대답해보]', 0.063644046991063), ([[18, 322], [158, 322], [158, 376], [18, 376]], '폐기망', 0.2522485561756584), ([[19, 365], [244, 365], [244, 427], [19, 427]], '분습 일이야}', 0.19741178409400997), ([[663.98022872944, 36.10509790131198], [749.8264302213925, 52.69402476362321], [741.01977127056, 93.89490209868802], [655.1735697786075, 78.30597523637678]], '폐6)', 0.036257592948777013)]
[([[690, 21], [889, 21], [889, 82], [690, 82]], '분실물이야', 0.8722229787219422), ([[692, 74], [772, 74], [772, 122], [692, 122]], '누님', 0.9950488983699142), ([[462, 128], [618, 128], [618, 178], [462, 178]], '파트너름', 0.29370757937431335), ([[251, 167], [410, 167], [410, 227], [251, 227]], '떼 폐앗~ ', 0.22032315280270995), ([[462, 174], [704, 174], [704, 228], [462, 228]], '솜에서 놓다니', 0.42433841304368575), ([[464, 220], [620, 220], [620, 276], [464, 276]], '한심하군', 0.9936214089393616), ([[414, 492], [512, 492], [512, 542], [414, 542]], '그런] ', 0.45573797821998596), ([[414, 539], [550, 539], [550, 587], [414, 587]], '폐기땅!', 0.683003842830658), ([[416, 585], [610, 585], [610, 640], [416, 640]], '도, 돌려워', 0.4027707993083354), ([[270, 674], [376, 674], [376, 726], [270, 726]], '야양?', 0.7794443006051264), ([[270, 718], [390, 718], [390, 772], [270, 772]], '아까는', 0.7828723846594035), ([[271, 765], [428, 765], [428, 819], [271, 819]], '혼자서도', 0.9460033178329468), ([[270, 814], [450, 814], [450, 868], [270, 868]], '괜찮다녀?', 0.32707863480800303), ([[34, 882], [230, 882], [230, 934], [34, 934]], '파르너한계', 0.48698342293383884), ([[34, 928], [164, 928], [164, 978], [34, 978]], '그 말을', 0.44138378110311094), ([[34, 974], [276, 974], [276, 1030], [34, 1030]], '증명해 보시지', 0.8288257810756761)]
[([[12, 140], [302, 140], [302, 197], [12, 197]], '큰소리친 주제에', 0.8533130527409039), ([[12, 190], [135, 190], [135, 242], [12, 242]], '반격도', 0.9963576800796905), ([[12, 234], [186, 234], [186, 290], [12, 290]], '못하잡아]', 0.17865767962519102), ([[416, 304], [502, 304], [502, 358], [416, 358]], '우승', 0.17517001178038888), ([[691, 325], [828, 325], [828, 381], [691, 381]], '웃키키!', 0.8148468732833862), ([[412, 350], [552, 350], [552, 404], [412, 404]], '아아3', 0.16553740740042913)]
[([[863, 0], [1099, 0], [1099, 59], [863, 59]], '육장-습에', 0.2109049199077841), ([[530, 52], [646, 52], [646, 102], [530, 102]], '훈혼0', 0.027102745740262328), ([[864, 48], [1024, 48], [1024, 104], [864, 104]], '몸아외제', 0.0877399742603302), ([[258, 80], [386, 80], [386, 136], [258, 136]], '해제만', 0.10579210504002168), ([[526, 94], [646, 94], [646, 150], [526, 150]], '히롭네', 0.013344660593370862), ([[863, 91], [1183, 91], [1183, 151], [863, 151]], '@로예관훨이로네', 0.016638125301188203), ([[56, 158], [154, 158], [154, 214], [56, 214]], '물다', 0.5690658516564481), ([[260, 128], [432, 128], [432, 180], [260, 180]], '양쪽 미문', 0.062157284035794694), ([[861, 138], [1191, 138], [1191, 200], [861, 200]], '체육습 힘름있어떼', 0.03392074704129233), ([[259, 171], [505, 171], [505, 231], [259, 231]], '열심해 @리로', 0.08702255621166086), ([[58, 206], [178, 206], [178, 262], [58, 262]], '내에력', 0.06979489505790637), ([[260, 220], [460, 220], [460, 276], [260, 276]], '정햇고@-}', 0.39285909462448754), ([[58, 252], [180, 252], [180, 306], [58, 306]], '소중합', 0.3082048697613708), ([[58, 300], [146, 300], [146, 354], [58, 354]], '메야', 0.431500266961032)]
[([[228, 52], [313, 52], [313, 105], [228, 105]], '너름', 0.2717045578168287), ([[230, 100], [354, 100], [354, 152], [230, 152]], '두고갈', 0.4948758678711428), ([[396, 100], [482, 100], [482, 154], [396, 154]], '없어', 0.9999785051749225), ([[14, 196], [140, 196], [140, 250], [14, 250]], '기다려:', 0.7006177306175232), ([[14, 244], [100, 244], [100, 296], [14, 296]], '금방', 0.9997837935134597), ([[506, 232], [720, 232], [720, 286], [506, 286]], '무 무리야66 ', 0.15668347402341523), ([[14, 288], [172, 288], [172, 344], [14, 344]], '군해줄게', 0.16689874231815338), ([[666, 352], [856, 352], [856, 402], [666, 402]], '그레이스틀', 0.6220122071469782), ([[664, 398], [968, 398], [968, 452], [664, 452]], '불러오는 거야 폐', 0.9135228648128253), ([[1008, 510], [1108, 510], [1108, 562], [1008, 562]], '공렌!', 0.10226682672964282), ([[1008, 554], [1190, 554], [1190, 608], [1008, 608]], '도망처 폐!', 0.8882939245641102)]
[([[648, 34], [816, 34], [816, 88], [648, 88]], '이 녀석이', 0.8588154033580354), ([[937, 33], [981, 33], [981, 77], [937, 77]], '꽤', 0.999628339974393), ([[56, 90], [178, 90], [178, 140], [56, 140]], '폐기', 0.997645057031921), ([[648, 80], [770, 80], [770, 132], [648, 132]], '그렇게', 0.26752139981993206), ([[936, 78], [1156, 78], [1156, 132], [936, 132]], '근성이 있군!', 0.3326748330331338), ([[647, 125], [841, 125], [841, 179], [647, 179]], '소중하다면', 0.8793940876830554), ([[646, 172], [926, 172], [926, 228], [646, 228]], '제대로 받으시지', 0.9134760395544408), ([[474, 228], [534, 228], [534, 282], [474, 282]], '@', 0.6891969343602256), ([[26, 258], [128, 258], [128, 312], [26, 312]], '커쁨', 0.1188565610994536), ([[467, 267], [655, 267], [655, 332], [467, 332]], "'하프마 폐", 0.062008897673353686)]
[([[706, 26], [792, 26], [792, 78], [706, 78]], '뒷야', 0.4424542687883753), ([[462, 70], [654, 70], [654, 122], [462, 122]], '프리류어도', 0.775454634980578), ([[708, 72], [932, 72], [932, 128], [708, 128]], '벌써 끊이나? ', 0.4938478953073033), ([[44, 100], [126, 100], [126, 150], [44, 150]], '그럼', 0.9973761036768962), ([[462, 116], [666, 116], [666, 170], [462, 170]], '별거 아니군', 0.8411456540080033), ([[44, 146], [202, 146], [202, 200], [44, 200]], '이제부런', 0.4570986330509186), ([[44, 194], [226, 194], [226, 246], [44, 246]], '어떡할까?', 0.8865849057608164), ([[472, 208], [594, 208], [594, 260], [472, 260]], '우키컷', 0.7102683410560966), ([[380, 304], [440, 304], [440, 358], [380, 358]], '우', 0.8663107863496613)]
[([[104, 32], [228, 32], [228, 86], [104, 86]], '류훈국', 0.02831958685449669), ([[694, 12], [816, 12], [816, 66], [694, 66]], '지구름', 0.5763962268829346), ([[104, 78], [308, 78], [308, 132], [104, 132]], '표정이 중군', 0.6003871092482286), ([[432, 63], [648, 63], [648, 120], [432, 120]], '하; 하지마 .', 0.4287218856930281), ([[696, 58], [898, 58], [898, 110], [696, 110]], '좀 먹올까 ', 0.38948900808464887), ([[103, 123], [272, 123], [272, 179], [103, 179]], '이 녀석은', 0.9863533610595828), ([[694, 106], [814, 106], [814, 158], [694, 158]], '아니면', 0.9997060894966125), ([[102, 172], [428, 172], [428, 228], [102, 228]], '아직 즐길수 있켓어', 0.3219402406587676), ([[692, 152], [982, 152], [982, 208], [692, 208]], '이 장소홀 파괴해', 0.5978830665593484), ([[694, 200], [818, 200], [818, 254], [694, 254]], '버월까', 0.14964348574278685), ([[16, 270], [98, 270], [98, 320], [16, 320]], '좋아', 0.9791438495097402), ([[16, 316], [258, 316], [258, 370], [16, 370]], '장소홀 바꾸자', 0.3645660504450816), ([[16, 362], [272, 362], [272, 418], [16, 418]], '녀석움 들어라@', 0.2344650302584954)]
[([[165, 19], [293, 19], [293, 71], [165, 71]], '어떼냐', 0.3451479595393032), ([[822, 24], [962, 24], [962, 79], [822, 79]], '@해횟', 0.1393713808975294), ([[165, 63], [433, 63], [433, 123], [165, 123]], '승줍말 줄이지', 0.02154319600579766), ([[824, 74], [1068, 74], [1068, 128], [824, 128]], '하리유어 가마', 0.08576995634595865), ([[823, 119], [998, 119], [998, 176], [823, 176]], '완성이다!', 0.5917823734629994), ([[14, 200], [168, 200], [168, 252], [14, 252]], '뇨고즈의', 0.037740278989076614), ([[666, 216], [744, 216], [744, 264], [666, 264]], '못  ', 0.16662772109648752), ([[14, 248], [210, 248], [210, 300], [14, 300]], '돕기로만문', 0.20571509663789206), ([[660, 258], [834, 258], [834, 312], [660, 312]], '으으. %', 0.11466030266423342), ([[12, 294], [218, 294], [218, 348], [12, 348]], '특제 봉이다', 0.4069885347776504), ([[721, 291], [905, 291], [905, 489], [721, 489]], '0', 0.5810662355578557)]
[([[694, 48], [776, 48], [776, 98], [694, 98]], '운컷', 0.5528752211022158), ([[902, 92], [1066, 92], [1066, 146], [902, 146]], '해리들 더', 0.22243843841028893), ([[572, 120], [672, 120], [672, 168], [572, 168]], '아앗', 0.7386943622703143), ([[904, 140], [1024, 140], [1024, 194], [904, 194]], '숙어세', 0.4750965239263927), ([[899, 185], [1024, 185], [1024, 239], [899, 239]], '제대로', 0.9993435711059171), ([[902, 234], [1060, 234], [1060, 286], [902, 286]], '맛보라고', 0.9991021752357483), ([[12, 261], [137, 261], [137, 315], [12, 315]], '@래가', 0.47029584646224976), ([[14, 308], [350, 308], [350, 362], [14, 362]], '떨레 끓어오르지?', 0.21444210141947295), ([[16, 402], [292, 402], [292, 456], [16, 456]], '보렌즈의 독기에', 0.20547379148848532), ([[14, 448], [332, 448], [332, 504], [14, 504]], '꼼이 반응하늘뀌다', 0.09590575694018533)]
[([[506, 14], [586, 14], [586, 64], [506, 64]], '싫어', 0.9982703103383802), ([[750, 30], [944, 30], [944, 86], [750, 86]], '마제막@로', 0.13556572562234917), ([[292, 60], [394, 60], [394, 114], [292, 114]], '@유', 0.0725816143911152), ([[504, 60], [678, 60], [678, 114], [504, 114]], '흥들지마', 0.1261572688817978), ([[749, 77], [905, 77], [905, 131], [749, 131]], '성대해페', 0.1738380789756775), ([[176, 126], [278, 126], [278, 180], [176, 180]], '@간', 0.21467667587091202), ([[750, 126], [848, 126], [848, 176], [750, 176]], '갈까!', 0.8546902129997308), ([[970, 102], [1170, 102], [1170, 156], [970, 156]], '진수성찬과', 0.7177000377442009), ([[970, 150], [1142, 150], [1142, 202], [970, 202]], '술 냄새다', 0.15433368607414735), ([[176, 172], [352, 172], [352, 228], [176, 228]], '운아아앗@', 0.026616526077686484), ([[970, 196], [1090, 196], [1090, 250], [970, 250]], '가까원', 0.9473557508714051), ([[674, 230], [810, 230], [810, 286], [674, 286]], '탓키켓', 0.2753983775929499), ([[970, 242], [1094, 242], [1094, 296], [970, 296]], '지눈문', 0.1908588035157364), ([[10, 302], [96, 302], [96, 354], [10, 354]], '넷]', 0.010363759081261779), ([[12, 348], [216, 348], [216, 402], [12, 402]], '봉에 익숙해', 0.6407288249162162), ([[12, 394], [216, 394], [216, 450], [12, 450]], '제즈 않으면', 0.09278206636213795), ([[763, 339], [899, 339], [899, 481], [763, 481]], '0', 0.9989755394613553), ([[12, 440], [392, 440], [392, 496], [12, 496]], '앞@로 더 힘들어 질겉', 0.37269148680060615), ([[12, 488], [96, 488], [96, 542], [12, 542]], '눈님', 0.7229030883711739)]
[([[324, 24], [448, 24], [448, 78], [324, 78]], '종없어', 0.21565967664152602), ([[618, 22], [718, 22], [718, 72], [618, 72]], '오율', 0.1332996890554745), ([[322, 70], [530, 70], [530, 124], [322, 124]], '오늘잡업음', 0.4782701002428033), ([[620, 66], [852, 66], [852, 122], [620, 122]], '@성닷콩@로', 0.048199681024917895), ([[32, 114], [274, 114], [274, 170], [32, 170]], '승리의 잡치률', 0.17540610386537386), ([[324, 118], [448, 118], [448, 172], [324, 172]], '끊이다', 0.3712433892370932), ([[620, 114], [742, 114], [742, 168], [620, 168]], '술장이', 0.48986873030662537), ([[32, 159], [193, 159], [193, 215], [32, 215]], '재죄한다', 0.005655604414641857), ([[618, 155], [868, 155], [868, 218], [618, 218]], '준데퇴 있령이', 0.014890261307104039), ([[270, 236], [392, 236], [392, 290], [270, 290]], '운키켓', 0.06873200465108047), ([[46, 354], [182, 354], [182, 410], [46, 410]], '필만델@', 0.0021641955245286226), ([[45, 399], [289, 399], [289, 459], [45, 459]], '증권 손비물올', 0.012223426982458305), ([[45, 447], [289, 447], [289, 507], [45, 507]], '웬해세 준비합', 0.31798594652647977), ([[44, 496], [182, 496], [182, 550], [44, 550]], '요리@', 0.2868538614672308)]
[([[214, 35], [445, 35], [445, 92], [214, 92]], '운 옮기지매]', 0.018884160579197982), ([[668, 22], [792, 22], [792, 76], [668, 76]], '운리가', 0.9519637619757699), ([[670, 70], [872, 70], [872, 124], [670, 124]], '손냄이 되어', 0.40840716253598924), ([[670, 118], [752, 118], [752, 170], [670, 170]], '주제', 0.6081094974117444), ([[26, 182], [114, 182], [114, 236], [26, 236]], '문가', 0.3588482191239356), ([[23, 223], [194, 223], [194, 286], [23, 286]], '예희 따월_', 0.17193460669640434), ([[201, 257], [225, 257], [225, 273], [201, 273]], '00', 0.5321873373459155), ([[612, 320], [750, 320], [750, 374], [612, 374]], '(그리고', 0.5098286134229659), ([[622, 362], [821, 362], [821, 423], [622, 423]], '접대하눈건', 0.5819904559697594), ([[626, 414], [796, 414], [796, 466], [626, 466]], '네 년이다', 0.4172334445770587), ([[628, 460], [786, 460], [786, 516], [628, 516]], '탑어종렌', 0.01242551114410162), ([[22, 488], [124, 488], [124, 542], [22, 542]], '하횟!', 0.14218190993575747), ([[21, 533], [303, 533], [303, 593], [21, 593]], '바로 차여버럿네', 0.3733984111242)]
[([[268, 44], [368, 44], [368, 92], [268, 92]], '그렌', 0.5131718838569828), ([[268, 90], [390, 90], [390, 140], [268, 140]], '근런권_', 0.03306390717625618), ([[664, 102], [744, 102], [744, 152], [664, 152]], '그럼', 0.734866478059808), ([[268, 136], [410, 136], [410, 190], [268, 190]], '05안돼_', 0.33224563590086065), ([[664, 150], [860, 150], [860, 204], [664, 204]], '이집장소에', 0.26766713954605187), ([[8, 190], [202, 190], [202, 246], [8, 246]], '물제않일면', 0.015087908749234973), ([[664, 196], [868, 196], [868, 252], [664, 252]], '용권움없어', 0.3433700215812798), ([[10, 236], [317, 236], [317, 292], [10, 292]], '다시 일율 해야지?', 0.32198891657359324), ([[6, 280], [299, 280], [299, 341], [6, 341]], '마분 일하늄 컷물', 0.08677112127171215), ([[8, 330], [204, 330], [204, 386], [8, 386]], '좋아하거든', 0.46781006250650825), ([[493, 545], [737, 545], [737, 605], [493, 605]], '전분 박살내서', 0.6266752761463171), ([[5, 591], [205, 591], [205, 651], [5, 651]], '그러지미6', 0.03506121331988573), ([[491, 589], [711, 589], [711, 653], [491, 653]], '출목딪 물도', 0.12203860184796456), ([[493, 637], [655, 637], [655, 697], [493, 697]], '훨제하제', 0.39649340510368347), ([[494, 688], [698, 688], [698, 742], [494, 742]], '좀먹어운제', 0.0933905091519262)]
[([[430, 12], [556, 12], [556, 66], [430, 66]], '쾌돼에', 0.021063420730965964), ([[782, 6], [902, 6], [902, 60], [782, 60]], '된미원', 0.035199213464567815), ([[958, 22], [1128, 22], [1128, 76], [958, 76]], '괜찮아 폐', 0.15324628176457467), ([[170, 80], [294, 80], [294, 136], [170, 136]], '틈육눈', 0.00703714885262871), ([[432, 58], [712, 58], [712, 114], [432, 114]], '분용해기 원해제', 0.18552813527070214), ([[778, 52], [904, 52], [904, 106], [778, 106]], '폐기땅', 0.18490859786912686), ([[960, 68], [1118, 68], [1118, 124], [960, 124]], '페육라면', 0.01795855537056923), ([[174, 126], [256, 126], [256, 182], [174, 182]], '밥써', 0.0121173165936729), ([[434, 106], [562, 106], [562, 160], [434, 160]], '[율데', 0.0814398444930345), ([[958, 116], [1128, 116], [1128, 166], [958, 166]], '양쪽 물문', 0.08653104224682526), ([[169, 169], [415, 169], [415, 232], [169, 232]], '충분할 정물로', 0.024208858665065305), ([[431, 148], [691, 148], [691, 209], [431, 209]], '열심해 해@', 0.5265702105895614), ([[960, 162], [1200, 162], [1200, 218], [960, 218]], '합순없어폐', 0.044907102713648055), ([[168, 218], [293, 218], [293, 278], [168, 278]], '열심해', 0.6149010438929222), ([[169, 265], [377, 265], [377, 325], [169, 325]], '해프있어폐', 0.10446503030535427), ([[30, 338], [176, 338], [176, 394], [30, 394]], "'그런기8", 0.15330076819498123), ([[34, 384], [188, 384], [188, 436], [34, 436]], '스스로분', 0.5273846983909607), ([[30, 432], [236, 432], [236, 488], [30, 488]], '잘 모르양어', 0.031160101684657205)]
[([[653, 3], [695, 3], [695, 53], [653, 53]], '텔', 0.1771272723744568), ([[136, 48], [342, 48], [342, 104], [136, 104]], '네가} 좁업레', 0.04126275569253876), ([[649, 44], [897, 44], [897, 104], [649, 104]], '일립음 로가', 0.33809725049824396), ([[136, 96], [294, 96], [294, 150], [136, 150]], '해춘다면', 0.5228747725486755), ([[652, 94], [858, 94], [858, 150], [652, 150]], '잡해보자민', 0.011838292497138043), ([[136, 144], [296, 144], [296, 198], [136, 198]], '@며센움', 0.041499122977256775), ([[136, 190], [344, 190], [344, 244], [136, 244]], '출짜 해꽂데', 0.08696177178671272), ([[12, 371], [135, 371], [135, 425], [12, 425]], '@제로', 0.03142256904255893), ([[12, 418], [258, 418], [258, 474], [12, 474]], '[기즈문 않이', 0.0026726596784296883), ([[468, 396], [608, 396], [608, 452], [468, 452]], '폐기땅]', 0.3138642907142639), ([[0, 463], [305, 463], [305, 523], [0, 523]], "'데 마음대늄 해랍}", 0.034191254395030554)]
[([[894, 34], [1050, 34], [1050, 84], [894, 84]], '폐기땅이', 0.6320390232235944), ([[894, 80], [1060, 80], [1060, 130], [894, 130]], '붙잡히 건', 0.4038943550785822), ([[896, 125], [1140, 125], [1140, 180], [896, 180]], '전부 내탓이야', 0.6448353973541223), ([[700, 198], [822, 198], [822, 246], [700, 246]], '반드시_', 0.5674511669474761), ([[700, 244], [906, 244], [906, 296], [700, 296]], '반드시 내가', 0.998519888283433), ([[697, 289], [907, 289], [907, 345], [697, 345]], '쿠해내야해!', 0.564396842010777), ([[335, 411], [456, 411], [456, 467], [335, 467]], '요구클', 0.17291782142975634), ([[628, 408], [750, 408], [750, 456], [628, 456]], '하지만', 0.9996902227841131), ([[334, 458], [538, 458], [538, 512], [334, 512]], '받야 들이는', 0.22164595641239468), ([[628, 454], [834, 454], [834, 506], [628, 506]], '지금 싸워도', 0.8444368067745264), ([[331, 498], [468, 498], [468, 562], [331, 562]], '탓말고', 0.03886613033410024), ([[630, 500], [750, 500], [750, 554], [630, 554]], '결과는', 0.9237409332830928), ([[335, 551], [493, 551], [493, 605], [335, 605]], '몰택지가', 0.20939426124095917), ([[628, 547], [877, 547], [877, 600], [628, 600]], '아까랑 똑같아.', 0.8705625774487743), ([[336, 598], [418, 598], [418, 652], [336, 652]], '없어', 0.9590887223871515)]
[([[540, 194], [664, 194], [664, 248], [540, 248]], '약속음', 0.8434945483219306), ([[538, 240], [746, 240], [746, 296], [538, 296]], '제로문퍼지_', 0.01277865486025889), ([[276, 306], [434, 306], [434, 360], [276, 360]], '물륭이', 0.5954158046981791), ([[276, 352], [486, 352], [486, 408], [276, 408]], '훌이 있어야', 0.25689960175769627), ([[273, 393], [645, 393], [645, 460], [273, 460]], '품이화} -되습 법이야', 0.0012529720808754968), ([[28, 468], [188, 468], [188, 520], [28, 520]], '입있어6-형', 0.0021621876924072716), ([[27, 513], [277, 513], [277, 573], [27, 573]], '훨하면 돼즈?', 0.026076084698328866), ([[544.037927696395, 143.09343125161422], [630.7595732635546, 158.4681833174767], [620.962072303605, 203.90656874838578], [534.2404267364454, 189.5318166825233]], '@형', 0.1953621012636222)]
[([[466, 8], [590, 8], [590, 62], [466, 62]], '에이로', 0.3288990065868548), ([[802, 12], [888, 12], [888, 66], [802, 66]], '역', 0.9843934555485703), ([[154, 48], [276, 48], [276, 104], [154, 104]], '일립은', 0.08472768008248564), ([[468, 56], [664, 56], [664, 110], [468, 110]], '당황하지마', 0.8530950501130183), ([[804, 60], [924, 60], [924, 110], [804, 110]], '술에늄', 0.17202459587429234), ([[152, 96], [314, 96], [314, 152], [152, 152]], '꽂뭇하게', 0.04828892648220062), ([[466, 102], [748, 102], [748, 158], [466, 158]], '캐장갇 아직이다', 0.05378683824349131), ([[804, 106], [1046, 106], [1046, 162], [804, 162]], '꽂이 있에야제', 0.7633432049841462), ([[154, 140], [396, 140], [396, 196], [154, 196]], '손님의 예선올', 0.1580852649575769), ([[153, 187], [433, 187], [433, 247], [153, 247]], '살피미 소조하계', 0.13758045937432836), ([[703, 229], [779, 229], [779, 271], [703, 271]], '우으', 0.8877524985292434), ([[6, 266], [164, 266], [164, 318], [6, 318]], '크럴듯66)', 0.005474936863591916), ([[9, 315], [87, 315], [87, 359], [9, 359]], '그래', 0.780761587479384), ([[8, 360], [130, 360], [130, 412], [8, 412]], '그래야', 0.8946370882237792), ([[5, 403], [203, 403], [203, 463], [5, 463]], '정퓨가잎제', 0.209886030656947)]
[([[790, 26], [912, 26], [912, 77], [790, 77]], '다음은', 0.8557857771767391), ([[530, 64], [616, 64], [616, 116], [530, 116]], '젖음', 0.745594593644188), ([[789, 70], [992, 70], [992, 126], [789, 126]], '주름올 따라', 0.8970463226830623), ([[528, 110], [724, 110], [724, 164], [528, 164]], '손가락으로', 0.5044953624742182), ([[790, 118], [992, 118], [992, 172], [790, 172]], '꽃잎올 열고', 0.06178914184249521), ([[529, 157], [649, 157], [649, 209], [529, 209]], '흘리지', 0.04680726889190014), ([[218, 184], [330, 184], [330, 232], [218, 232]], '하아 ', 0.7354876399040222), ([[20, 220], [104, 220], [104, 272], [20, 272]], '중문', 0.3321710329293194), ([[530, 202], [774, 202], [774, 258], [530, 258]], '텅계 연주해라', 0.28050831026262185), ([[20, 266], [184, 266], [184, 320], [20, 320]], '술이 질로', 0.3531763649928191), ([[20, 312], [146, 312], [146, 368], [20, 368]], '넘에가', 0.07961814335067256)]
[([[268, 30], [388, 30], [388, 78], [268, 78]], '이대로', 0.999061107635498), ([[644, 25], [760, 25], [760, 70], [644, 70]], '하지만', 0.9713390469551086), ([[966, 14], [1052, 14], [1052, 62], [966, 62]], '아앗_', 0.8964829006917077), ([[268, 74], [436, 74], [436, 128], [268, 128]], '술올 마서', 0.37442906030307466), ([[642, 70], [762, 70], [762, 120], [642, 120]], '지금은', 0.999659115007264), ([[968, 60], [1130, 60], [1130, 110], [968, 110]], '이런 일흘', 0.5449966985078405), ([[270, 122], [462, 122], [462, 176], [270, 176]], '취하게하면', 0.9876484856474467), ([[643, 115], [802, 115], [802, 171], [643, 171]], '현더야해', 0.210298553109169), ([[968, 106], [1124, 106], [1124, 162], [968, 162]], '시키다니', 0.9999274015426636), ([[40, 162], [124, 162], [124, 214], [40, 214]], '분명', 0.9998158232400287), ([[832, 180], [990, 180], [990, 232], [832, 232]], '창피해서', 0.6558125248041028), ([[39, 207], [158, 207], [158, 261], [39, 261]], '역전의', 0.9923886927656294), ([[832, 226], [1076, 226], [1076, 280], [832, 280]], '몸이 뜨거워저', 0.9128284761090786), ([[40, 254], [284, 254], [284, 310], [40, 310]], '찬스가 올거야', 0.9331858884521159), ([[22, 397], [243, 397], [243, 457], [22, 457]], '그, 그때까진_', 0.8007906198538418)]
[([[301, 25], [341, 25], [341, 61], [301, 61]], '왜', 0.9982046801518187), ([[614, 34], [706, 34], [706, 88], [614, 88]], '교@', 0.025647294127417092), ([[300, 64], [516, 64], [516, 120], [300, 120]], '머물-리지3', 0.06516764432878332), ([[618, 82], [736, 82], [736, 138], [618, 138]], '만제펴', 0.04411545800967729), ([[32, 108], [226, 108], [226, 164], [32, 164]], '약취미스럽', 0.3139473199326314), ([[614, 124], [741, 124], [741, 186], [614, 186]], '밑아라', 0.15661771727455387), ([[32, 156], [156, 156], [156, 212], [32, 212]], '몹이네', 0.1094102643470539), ([[12, 414], [216, 414], [216, 470], [12, 470]], '@련 젯해세', 0.15849091474493207), ([[12, 462], [182, 462], [182, 514], [12, 514]], '대체 뭐가', 0.4065272610587276), ([[12, 506], [254, 506], [254, 562], [12, 562]], '즐겁단 거야 ', 0.14220171576650315), ([[288, 600], [410, 600], [410, 724], [288, 724]], '및', 0.1383195573660636)]
[([[365, 17], [524, 17], [524, 74], [365, 74]], '분페렉원', 0.20424266159534454), ([[365, 63], [611, 63], [611, 123], [365, 123]], '해눈권 중제문', 0.082196822854249), ([[666, 50], [844, 50], [844, 106], [666, 106]], '잠깐; 멈취', 0.7554814637249841), ([[90, 82], [250, 82], [250, 136], [90, 136]], '접대하기', 0.8173051476478577), ([[94, 129], [210, 129], [210, 183], [94, 183]], '싫다편', 0.6374948116157706), ([[367, 114], [531, 114], [531, 164], [367, 164]], '그태]움', 0.0714825913310051), ([[92, 176], [210, 176], [210, 228], [92, 228]], '약속음', 0.9958430658565718), ([[366, 160], [526, 160], [526, 212], [366, 212]], '중제임문', 0.3641594350337982), ([[92, 224], [214, 224], [214, 276], [92, 276]], '무르다', 0.4718254195087953), ([[24, 424], [204, 424], [204, 478], [24, 478]], '기 기타려드', 0.09400951462178475), ([[26, 520], [204, 520], [204, 574], [26, 574]], '또 똑바로', 0.18293693809854888), ([[24, 566], [232, 566], [232, 618], [24, 618]], '할테니까!', 0.7472419445531657)]
[([[406, 32], [490, 32], [490, 82], [406, 82]], '혼입', 0.01924731888204793), ([[404, 80], [488, 80], [488, 134], [404, 134]], '제법', 0.42751367544051905), ([[26, 136], [227, 136], [227, 196], [26, 196]], '즈음치고늄', 0.08602736671974513), ([[405, 123], [569, 123], [569, 183], [405, 183]], '잘해워아', 0.09770309925079346), ([[32, 186], [236, 186], [236, 240], [32, 240]], '상당히 좋아', 0.5251943474319484), ([[565, 239], [647, 239], [647, 283], [565, 283]], '@처형]!', 0.001757673643971331), ([[30, 358], [210, 358], [210, 410], [30, 410]], '@ 우으-', 0.47701591298791857), ([[30, 402], [116, 402], [116, 454], [30, 454]], '칭찬', 0.8853899126704416), ([[30, 448], [264, 448], [264, 504], [30, 504]], '감사합내다@', 0.2446532937226139)]
[([[918, 32], [1002, 32], [1002, 84], [918, 84]], '근럽', 0.02991168440954247), ([[995, 59], [1035, 59], [1035, 79], [995, 79]], '000', 0.9290115460537273), ([[420, 78], [524, 78], [524, 134], [420, 134]], '움약@', 0.004871329125845011), ([[712, 80], [800, 80], [800, 132], [712, 132]], "'돼켓", 0.07772830287374548), ([[918, 78], [1124, 78], [1124, 132], [918, 132]], '꽂의 상태늄', 0.11036852266595214), ([[48, 122], [178, 122], [178, 176], [48, 176]], '월 함제', 0.2893376568210082), ([[422, 128], [484, 128], [484, 180], [422, 180]], '댐어', 0.18597442702624606), ([[916, 126], [1100, 126], [1100, 180], [916, 180]], '어떻-니?', 0.009224290267050501), ([[48, 169], [243, 169], [243, 223], [48, 223]], '알발있어세', 0.11119737693670782), ([[421, 171], [689, 171], [689, 231], [421, 231]], '텔해려듬거야:?', 0.04414061808978396), ([[46, 216], [350, 216], [350, 272], [46, 272]], '질렇페 떨없잡이?', 0.022666678496386875), ([[24, 344], [204, 344], [204, 396], [24, 396]], '@) 아이:형형', 0.00573397168364685)]
[([[400, 36], [544, 36], [544, 90], [400, 90]], '% 문습', 0.0451506208464925), ([[764, 24], [888, 24], [888, 80], [764, 80]], '예러분', 0.18966381132181712), ([[988, 12], [1164, 12], [1164, 66], [988, 66]], '피아이워', 0.05260102078318596), ([[397, 79], [659, 79], [659, 139], [397, 139]], '소리햇? 듭려-', 0.0052622326683122965), ([[765, 59], [1149, 59], [1149, 127], [765, 127]], '대페하 제- % <물', 0.0192144471743192), ([[99, 137], [313, 137], [313, 199], [99, 199]], '없물 똑@@', 0.13843795026305503), ([[400, 127], [532, 127], [532, 179], [400, 179]], '셈}아형', 0.0019004752393811941), ([[100, 188], [204, 188], [204, 242], [100, 242]], '대', 0.004189341592135742)]
[([[864, 26], [986, 26], [986, 80], [864, 80]], '혜혜해', 0.13371416530038158), ([[48, 88], [178, 88], [178, 142], [48, 142]], '년이련', 0.10691135147362589), ([[496, 94], [708, 94], [708, 148], [496, 148]], '싫어어어에', 0.8175564836830648), ([[863, 71], [1109, 71], [1109, 131], [863, 131]], '제대로 젖없문', 0.5197772707710557), ([[46, 136], [206, 136], [206, 190], [46, 190]], '물건에물', 0.07678774744272232), ([[490, 138], [653, 138], [653, 198], [490, 198]], '폐기땅울', 0.958992600440979), ([[46, 180], [312, 180], [312, 236], [46, 236]], '이름올 붙이나?', 0.48391952715878017), ([[489, 183], [789, 183], [789, 246], [489, 246]], '라린일에 쓰지마!', 0.06571049589273814), ([[374, 264], [520, 264], [520, 316], [374, 316]], '폐기땅?', 0.3816986382007599)]
[([[810, 4], [892, 4], [892, 52], [810, 52]], '이권', 0.542549504566156), ([[180, 64], [266, 64], [266, 118], [180, 118]], '내륙', 0.11654461440421383), ([[524, 53], [666, 53], [666, 114], [524, 114]], '데무해!', 0.4246087670326233), ([[812, 48], [1054, 48], [1054, 104], [812, 104]], '어름률 놀이에', 0.4446939205688967), ([[177, 105], [471, 105], [471, 170], [177, 170]], '@ 녀석올 중진꽤', 0.014128320347598316), ([[527, 107], [575, 107], [575, 151], [527, 151]], '또', 0.4934827817130696), ([[565, 91], [752, 91], [752, 166], [565, 166]], '속이다', 0.40379715615524037), ([[814, 94], [897, 94], [897, 147], [814, 147]], '쓰습', 0.12011183180567996), ([[180, 158], [380, 158], [380, 212], [180, 212]], '없지하이야', 0.015814865958678696), ([[814, 141], [1056, 141], [1056, 198], [814, 198]], '즐거운 장난감', 0.25430874494870165), ([[180, 204], [302, 204], [302, 260], [180, 260]], '약속은', 0.6171920366765237), ([[812, 190], [952, 190], [952, 242], [812, 242]], '이라고?', 0.9946869611740112), ([[179, 249], [422, 249], [422, 306], [179, 306]], '어기제 양앉어', 0.3723226626703011), ([[28, 332], [200, 332], [200, 386], [28, 386]], '근런건6', 0.09916715323925018)]
[([[889, 7], [1060, 7], [1060, 67], [889, 67]], '사문 자기', 0.14919382045914403), ([[394, 46], [512, 46], [512, 100], [394, 100]], '오로제', 0.2876736434683185), ([[892, 56], [1130, 56], [1130, 112], [892, 112]], '머리 슬에세만', 0.2796368432517664), ([[149, 103], [359, 103], [359, 170], [149, 170]], '사깥몸 한계', 0.019166411606044122), ([[394, 94], [516, 94], [516, 144], [394, 144]], '몰완만', 0.08839835226535797), ([[892, 104], [1132, 104], [1132, 160], [892, 160]], '결정해 버리니', 0.25098478490983583), ([[151, 151], [355, 151], [355, 213], [151, 213]], '컬리늄-야', 0.16872648517037392), ([[392, 140], [550, 140], [550, 196], [392, 196]], '쫓습진면', 0.025703230872750282), ([[658, 146], [748, 146], [748, 200], [658, 200]], '아앗.', 0.8912387460961426), ([[890, 152], [1172, 152], [1172, 206], [890, 206]], '이렇제 되는베다', 0.10774664656127), ([[28, 238], [152, 238], [152, 292], [28, 292]], '이렇레', 0.4231698959760596), ([[32, 286], [168, 286], [168, 340], [32, 340]], '말이지@_', 0.22748212151501798), ([[30, 506], [242, 506], [242, 562], [30, 562]], '운아아아앗', 0.13040360985906255)]
[([[378, 12], [534, 12], [534, 64], [378, 64]], '설마근게', 0.08933352679014206), ([[914, 30], [996, 30], [996, 80], [914, 80]], '미리', 0.4589297288911062), ([[24, 83], [147, 83], [147, 139], [24, 139]], '혜혜햇', 0.3713362051985976), ([[377, 55], [585, 55], [585, 115], [377, 115]], '마제막 희망', 0.6958938425336393), ([[912, 75], [1108, 75], [1108, 129], [912, 129]], '말해문자면', 0.5716582191180989), ([[24, 132], [184, 132], [184, 186], [24, 186]], '퀴엽문만', 0.04663391038775444), ([[376, 104], [522, 104], [522, 160], [376, 160]], '@없나?', 0.21858087182044983), ([[631, 114], [795, 114], [795, 168], [631, 168]], '근럴수가.', 0.2925965545516191), ([[914, 122], [1082, 122], [1082, 178], [914, 178]], '때량} 숨에', 0.06498028530772655), ([[911, 167], [1193, 167], [1193, 227], [911, 227]], '텔해길 기다려도', 0.08071206497610689), ([[914, 216], [1072, 216], [1072, 272], [914, 272]], '소용없에', 0.5804167123937046), ([[888, 290], [1022, 290], [1022, 344], [888, 344]], '메몸음', 0.26485139563542315), ([[16, 346], [98, 346], [98, 396], [16, 396]], '@올_', 0.05166866257786751), ([[888, 336], [1048, 336], [1048, 390], [888, 390]], '엔되이량', 0.05256140977144241), ([[96, 392], [234, 392], [234, 446], [96, 446]], '우은원', 0.4484026672478172), ([[890, 382], [1048, 382], [1048, 438], [890, 438]], '[르레문', 0.03630479797720909)]
[([[50, 24], [208, 24], [208, 78], [50, 78]], '@ 안돼! ', 0.10330173893108116), ([[418, 8], [698, 8], [698, 64], [418, 64]], '@이 기분좋아서', 0.671860591782747), ([[984, 36], [1190, 36], [1190, 91], [984, 91]], '제시한 일음', 0.6360897518038593), ([[52, 70], [194, 70], [194, 126], [52, 126]], '별 뽑야', 0.1521168202161789), ([[420, 56], [578, 56], [578, 112], [420, 112]], '올렉켓지', 0.019169151782989502), ([[984, 84], [1068, 84], [1068, 138], [984, 138]], '액고', 0.14848237786894897), ([[422, 102], [626, 102], [626, 158], [422, 158]], '@ 폐세이량', 0.2616424866459436), ([[720, 112], [860, 112], [860, 166], [720, 166]], '시; 싫어', 0.5547459458870315), ([[420, 150], [552, 150], [552, 204], [420, 204]], '잘일딩', 0.17514133122648776), ([[720, 158], [840, 158], [840, 208], [720, 208]], '슬에서', 0.33627217737233517), ([[984, 132], [1106, 132], [1106, 184], [984, 184]], '제음은', 0.2400349370805697), ([[418, 196], [582, 196], [582, 250], [418, 250]], '싸이찮야', 0.16518977284431458), ([[720, 204], [914, 204], [914, 256], [720, 256]], '민독하게0', 0.030845018289658167), ([[984, 178], [1144, 178], [1144, 232], [984, 232]], '좁기자고', 0.5395079859675421), ([[10, 396], [298, 396], [298, 452], [10, 452]], '싫어어에어에어]', 0.03435999683818862), ([[925, 377], [1065, 377], [1065, 437], [925, 437]], '해@익@', 0.054297465831041336)]
[([[672, 28], [756, 28], [756, 80], [672, 80]], '안돼_', 0.9094478420959423), ([[751, 57], [789, 57], [789, 73], [751, 73]], '000', 0.5541612768172999), ([[14, 56], [138, 56], [138, 106], [14, 106]], '아아야', 0.5015508455194646), ([[12, 102], [298, 102], [298, 156], [12, 156]], '아아아아아아양!', 0.451569791816811), ([[488, 100], [654, 100], [654, 152], [488, 152]], '안돼 안돼', 0.4873833338841446), ([[486, 145], [698, 145], [698, 199], [486, 199]], '안돼에에앗', 0.34593414668411165), ([[876, 138], [1024, 138], [1024, 194], [876, 194]], '@: @앗', 0.07914412304407596), ([[875, 182], [999, 182], [999, 238], [875, 238]], '댐화}아형', 0.0003870274205733919), ([[876, 232], [1068, 232], [1068, 288], [876, 288]], '오 음손하', 0.011451327646377765)]
[([[962, 10], [1082, 10], [1082, 66], [962, 66]], '놀랍어', 0.11392408491979227), ([[457, 77], [569, 77], [569, 121], [457, 121]], '내분6', 0.041757487761780045), ([[962, 56], [1168, 56], [1168, 110], [962, 110]], '느프기 쉬운', 0.0703964204300842), ([[647, 117], [691, 117], [691, 161], [647, 161]], '앗', 0.3704140091262076), ([[962, 104], [1158, 104], [1158, 160], [962, 160]], '몸이라고는', 0.7800198700703741), ([[646, 160], [752, 160], [752, 210], [646, 210]], '@양', 0.6807259714897569), ([[962, 150], [1158, 150], [1158, 206], [962, 206]], '생각쾌지만', 0.14995858374606363), ([[808, 226], [1084, 226], [1084, 282], [808, 282]], '설마 @며석의로', 0.20159185947815048), ([[806, 274], [974, 274], [974, 328], [806, 328]], '기세중데', 0.5352434515953064), ([[808, 320], [928, 320], [928, 374], [808, 374]], '물패켓', 0.04203299432992935), ([[806, 366], [1004, 366], [1004, 422], [806, 422]], '뿐어내지네', 0.016664954579409943), ([[38, 406], [284, 406], [284, 460], [38, 460]], '마음에 들없다', 0.6469679239730718), ([[40, 452], [196, 452], [196, 508], [40, 508]], '탤어동텔', 0.00752465333789587), ([[40, 498], [196, 498], [196, 548], [40, 548]], '센심의로', 0.07502244412899017), ([[38, 542], [322, 542], [322, 602], [38, 602]], '솜시고 싶어젠에', 0.15123840721880713)]
[([[697, 17], [853, 17], [853, 71], [697, 71]], '성급하게', 0.43730705976486206), ([[994, 16], [1154, 16], [1154, 70], [994, 70]], '분들이야', 0.38015276193618774), ([[380, 79], [548, 79], [548, 131], [380, 131]], '길울상움', 0.15204590559005737), ([[698, 66], [820, 66], [820, 120], [698, 120]], '물제마', 0.10258061075171725), ([[994, 64], [1078, 64], [1078, 112], [994, 112]], '나듬', 0.16877639678471337), ([[16, 136], [138, 136], [138, 190], [16, 190]], '이렇레', 0.4096264476283158), ([[379, 125], [576, 125], [576, 181], [379, 181]], '안주삼아세', 0.1564771910340158), ([[992, 110], [1150, 110], [1150, 160], [992, 160]], '어찌되로', 0.24149233102798462), ([[18, 182], [258, 182], [258, 236], [18, 236]], '좁기교 왜올-', 0.05671678635846646), ([[380, 174], [586, 174], [586, 228], [380, 228]], '한 잔마시교', 0.18167936474535798), ([[994, 153], [1188, 153], [1188, 207], [994, 207]], '종@네-}.', 0.20613573526176684), ([[16, 230], [295, 230], [295, 284], [16, 284]], '파륙예움 예관도', 0.04165635572140551), ([[18, 276], [136, 276], [136, 330], [18, 330]], '문_해', 0.12318506215970411), ([[814, 358], [979, 358], [979, 418], [814, 418]], '폐기땅울_', 0.35364853404737845), ([[818, 408], [1140, 408], [1140, 462], [818, 462]], '내소중한 파륙름', 0.10078012230492164), ([[818, 454], [940, 454], [940, 508], [818, 508]], '돌려쥐', 0.7448314203730689), ([[933, 485], [971, 485], [971, 501], [933, 501]], '000', 0.8404177237076663), ([[0, 776], [30, 776], [30, 812], [0, 812]], ')', 0.08375481600000345)]
[([[918, 48], [1024, 48], [1024, 98], [918, 98]], '어때?', 0.9987295203373806), ([[920, 92], [1122, 92], [1122, 148], [920, 148]], '[도 한잔해', 0.6122704846030076), ([[714, 264], [884, 264], [884, 314], [714, 314]], '우@으유', 0.18181954324245453), ([[71, 355], [193, 355], [193, 409], [71, 409]], '혜하해', 0.22007599654637733), ([[73, 404], [280, 404], [280, 456], [73, 456]], '그리고 나량', 0.3701410378562011), ([[72, 452], [192, 452], [192, 502], [72, 502]], '제대로', 0.5961814522743225), ([[74, 498], [278, 498], [278, 550], [74, 550]], '불아 보자고', 0.21681474155248712)]
[([[944, 100], [1186, 100], [1186, 156], [944, 156]], '무세원 하지마', 0.48480387145496806), ([[13, 136], [257, 136], [257, 196], [13, 196]], '즐기레 해주면', 0.08530935063844565), ([[13, 184], [170, 184], [170, 238], [13, 238]], '나@레움', 0.07000970095396042), ([[14, 232], [184, 232], [184, 288], [14, 288]], '하제 않아}', 0.17208903186931268), ([[594, 236], [684, 236], [684, 286], [594, 286]], '@앗', 0.46182803779666126), ([[675, 265], [699, 265], [699, 281], [675, 281]], '00', 0.9749040965375735), ([[910, 390], [1114, 390], [1114, 446], [910, 446]], '나는 귀여움', 0.811124359672095), ([[908, 438], [1030, 438], [1030, 490], [908, 490]], '여자지', 0.5108848582989667), ([[908, 484], [1064, 484], [1064, 534], [908, 534]], '괴롭히고', 0.6675163468373989), ([[907, 529], [1066, 529], [1066, 585], [907, 585]], '울리늄게', 0.23292671144008636), ([[908, 578], [1074, 578], [1074, 634], [908, 634]], '종올 뿐인', 0.576908125024852), ([[908, 623], [1030, 623], [1030, 675], [908, 675]], '암전한', 0.4975794467262263), ([[906, 672], [1140, 672], [1140, 728], [906, 728]], '놀이굳이내-', 0.31906233594745564), ([[0, 772], [30, 772], [30, 810], [0, 810]], '0', 0.2600187113864969)]
[([[100, 34], [234, 34], [234, 88], [100, 88]], '이제 막', 0.957129531086398), ([[806, 18], [908, 18], [908, 72], [806, 72]], '메팅', 0.09603372796151043), ([[100, 82], [354, 82], [354, 138], [100, 138]], '테어난 것 같아', 0.6713943421244603), ([[608, 78], [692, 78], [692, 132], [608, 132]], '역새', 0.11678792907278249), ([[98, 124], [427, 124], [427, 186], [98, 186]], '아몸흘 좀먹기 전에', 0.2509770393409452), ([[606, 124], [824, 124], [824, 180], [606, 180]], '메가보켓 폐!', 0.40805430961102357), ([[100, 174], [296, 174], [296, 230], [100, 230]], '제료해야해', 0.6496527616754655), ([[12, 344], [222, 344], [222, 400], [12, 400]], '변신이야페!', 0.9327565468806365)]
[([[125, 33], [303, 33], [303, 83], [125, 83]], '숨때문에?', 0.38815476107365193), ([[616, 54], [704, 54], [704, 102], [616, 102]], '하아', 0.9998267808470604), ([[722, 54], [820, 54], [820, 104], [722, 104]], '하아.', 0.4072937483011838), ([[126, 80], [402, 80], [402, 134], [126, 134]], '@니면 보렌적의', 0.05859941795962276), ([[615, 100], [879, 100], [879, 154], [615, 154]], '어떻게 된거지?', 0.7555912881167244), ([[124, 121], [463, 121], [463, 186], [124, 186]], '바이레실가 입으로?', 0.4537341111612088), ([[12, 316], [168, 316], [168, 368], [12, 368]], '모락켓어', 0.0166900884360075), ([[514, 298], [672, 298], [672, 350], [514, 350]], '아까부터', 0.9974912405014038), ([[10, 364], [98, 364], [98, 412], [10, 412]], '아이', 0.7581535686817226), ([[515, 341], [725, 341], [725, 401], [515, 401]], '몸이 이상해.', 0.7980095766056035), ([[8, 408], [176, 408], [176, 462], [8, 462]], '나눈 [대체', 0.3948492836478795), ([[9, 451], [270, 451], [270, 508], [9, 508]], '어떡하면 돼6?', 0.45437931589633657), ([[42, 664], [238, 664], [238, 714], [42, 714]], '가르쳐쥐6.', 0.019491250618131863), ([[42, 710], [168, 710], [168, 762], [42, 762]], '폐기땅.', 0.9780416488647461), ([[161, 741], [207, 741], [207, 755], [161, 755]], '7000', 0.6459277868270874)]
[([[75, 15], [393, 15], [393, 75], [75, 75]], '@무 생각하제말교', 0.8060709456820134), ([[76, 64], [196, 64], [196, 114], [76, 114]], '@름에', 0.398559857948559), ([[77, 109], [365, 109], [365, 171], [77, 171]], '몸올 맡해늄-컷묵', 0.08189977884211638), ([[74, 153], [313, 153], [313, 214], [74, 214]], '즐메움법이야 ', 0.14289532190810672), ([[32, 334], [158, 334], [158, 384], [32, 384]], '@아이', 0.16591788077229988), ([[149, 363], [185, 363], [185, 379], [149, 379]], '000', 0.9510440668294252), ([[684, 334], [766, 334], [766, 386], [684, 386]], '힘때', 0.9413021359145157), ([[682, 378], [840, 378], [840, 432], [682, 432]], '이제와서', 0.7787042260169983), ([[681, 424], [878, 424], [878, 481], [681, 481]], '발버동처도', 0.33901375930616295), ([[682, 472], [840, 472], [840, 528], [682, 528]], '재미없어', 0.9997113347053528), ([[8, 522], [176, 522], [176, 574], [8, 574]], '@ 안돼', 0.8600248654904438), ([[640, 612], [688, 612], [688, 660], [640, 660]], '앗', 0.4400291710852322), ([[604, 656], [702, 656], [702, 706], [604, 706]], '아양!', 0.8525792132041199)]
[([[962, 12], [1050, 12], [1050, 66], [962, 66]], '촬짝', 0.19425832559710307), ([[964, 60], [1086, 60], [1086, 114], [964, 114]], '붙없네', 0.40091561647657187), ([[26, 126], [114, 126], [114, 180], [26, 180]], '후후', 0.8932184567926587), ([[730, 125], [932, 125], [932, 180], [730, 180]], '제물 서운해', 0.5613189266735887), ([[24, 174], [268, 174], [268, 228], [24, 228]], '종은 얼굴이야', 0.5471558512222612), ([[726, 170], [898, 170], [898, 226], [726, 226]], '하늘 와중', 0.7814629618854276), ([[24, 220], [184, 220], [184, 274], [24, 274]], '못잡렉다', 0.07277563214302063), ([[729, 220], [923, 220], [923, 274], [729, 274]], '미안하지만', 0.8521260416695762), ([[320, 252], [406, 252], [406, 304], [320, 304]], '싫어', 0.9766982655590355), ([[399, 281], [437, 281], [437, 297], [399, 297]], '000', 0.8798322533183286), ([[728, 264], [897, 264], [897, 321], [728, 321]], '슬속 내길', 0.21680613282536174), ([[320, 296], [480, 296], [480, 352], [320, 352]], '용세해쥐_', 0.5945139432452313), ([[473, 327], [509, 327], [509, 343], [473, 343]], '000', 0.8943106078653235), ([[728, 308], [888, 308], [888, 370], [728, 370]], '박아주체', 0.6183425188064575)]
[([[906, 12], [1072, 12], [1072, 68], [906, 68]], '설마: 이런', 0.12684494430241994), ([[52, 60], [174, 60], [174, 114], [52, 114]], '걱정마', 0.9974873972603177), ([[908, 60], [1026, 60], [1026, 112], [908, 112]], '곳에세', 0.46136681918692163), ([[52, 108], [208, 108], [208, 158], [52, 158]], '극락으로', 0.28275275230407715), ([[908, 106], [1184, 106], [1184, 162], [908, 162]], '전설의 전사님올', 0.17075303868221733), ([[52, 151], [283, 151], [283, 207], [52, 207]], '보내줄렉니짜', 0.035218492662901106), ([[908, 154], [1198, 154], [1198, 206], [908, 206]], '맛보게 리 줄이야', 0.28813820491839887), ([[646, 196], [768, 196], [768, 246], [646, 246]], '크크릇', 0.024347392517825014), ([[290, 248], [484, 248], [484, 300], [290, 300]], '부탁이이36.', 0.10621200895440995), ([[647, 244], [801, 244], [801, 292], [647, 292]], '보젠즈의', 0.3484824299812317), ([[288, 296], [338, 296], [338, 344], [288, 344]], '죄', 0.058789025411844165), ([[329, 319], [369, 319], [369, 339], [329, 339]], '000', 0.9817369357360015), ([[367, 293], [493, 293], [493, 345], [367, 345]], '잡소화', 0.006787778312915946), ([[645, 285], [891, 285], [891, 345], [645, 345]], '피가 타오른다', 0.9166640838475069), ([[290, 340], [452, 340], [452, 396], [290, 396]], '상냥하페.', 0.10508077416056175)]
[([[420, 48], [522, 48], [522, 102], [420, 102]], '하횟', 0.13242307343682752), ([[419, 89], [639, 89], [639, 152], [419, 152]], '역세 내 눈음', 0.3312044408658889), ([[422, 141], [664, 141], [664, 196], [422, 196]], '틀리지 않앉어', 0.8056890989789746), ([[218, 224], [425, 224], [425, 276], [218, 276]], '이권 상당한', 0.7089178175481509), ([[793, 197], [1027, 197], [1027, 258], [793, 258]], '잇 @@아약!', 0.05178857581194176), ([[222, 270], [378, 270], [378, 324], [222, 324]], '명기경만', 0.45567718148231506), ([[26, 374], [108, 374], [108, 424], [26, 424]], '@롯', 0.03189228345303928), ([[24, 422], [159, 422], [159, 470], [24, 470]], '아아앗', 0.5635209204785724)]
[([[374, 24], [576, 24], [576, 77], [374, 77]], '힘어 효그육', 0.043787618194700596), ([[780, 98], [900, 98], [900, 152], [780, 152]], '끝나고', 0.9939367380019413), ([[996, 94], [1164, 94], [1164, 148], [996, 148]], '@ 녀석이', 0.4614360416701865), ([[11, 147], [93, 147], [93, 191], [11, 191]], '호오', 0.9613107020904146), ([[780, 144], [936, 144], [936, 200], [780, 200]], '꼬마워해', 0.343772292137146), ([[996, 142], [1200, 142], [1200, 196], [996, 196]], '풀예중 먹에', 0.0683193433588474), ([[7, 189], [166, 189], [166, 243], [7, 243]], '아무래로', 0.9706669449806213), ([[998, 188], [1078, 188], [1078, 238], [998, 238]], '쉽레', 0.15520988364576854), ([[10, 238], [255, 238], [255, 288], [10, 288]], '격하게 하눈 곁', 0.21565465995257857), ([[998, 234], [1192, 234], [1192, 290], [998, 290]], '들어쨌다켓', 0.028330326134413084), ([[10, 284], [242, 284], [242, 340], [10, 340]], '좋아하나보네', 0.37597481743498484), ([[344, 334], [512, 334], [512, 388], [344, 388]], '엉덩이어(', 0.04665170718209478), ([[342, 377], [589, 377], [589, 437], [342, 437]], '기령페 때리면', 0.02096714655163109), ([[579, 411], [605, 411], [605, 425], [579, 425]], '00', 0.9225522914440824), ([[344, 428], [424, 428], [424, 476], [344, 476]], '@양', 0.43847620593102343)]
[]
[([[278, 34], [460, 34], [460, 86], [278, 86]], '분들이이', 0.049221478402614594), ([[552, 26], [710, 26], [710, 80], [552, 80]], '안쪽-제', 0.666229248046875), ([[938, 34], [1032, 34], [1032, 84], [938, 84]], '으탓', 0.29806440845821763), ([[278, 80], [328, 80], [328, 130], [278, 130]], '옛', 0.4128115134168553), ([[554, 74], [672, 74], [672, 124], [554, 124]], '뚫리늄', 0.13840732097106245), ([[934, 78], [1132, 78], [1132, 134], [934, 134]], '으량 으컷', 0.08844484088703919), ([[552, 120], [674, 120], [674, 172], [552, 172]], '기분음', 0.7052353024482727), ([[84, 176], [206, 176], [206, 226], [84, 226]], '@-.', 0.018381703200511797), ([[552, 166], [658, 166], [658, 218], [552, 218]], '예때?', 0.32811333036061), ([[839, 175], [998, 175], [998, 229], [839, 229]], '우아아앗', 0.6839148998260498), ([[84, 224], [168, 224], [168, 272], [84, 272]], '때쥐_', 0.3468356430893483), ([[163, 253], [201, 253], [201, 269], [163, 269]], '000', 0.74159466150165), ([[205, 225], [263, 225], [263, 269], [205, 269]], '옛', 0.015856829043614518), ([[838, 222], [982, 222], [982, 278], [838, 278]], '옛? @양드', 0.11846529985099333), ([[30, 446], [238, 446], [238, 500], [30, 500]], '%라늄 켜나', 0.02242127326392727), ([[28, 502], [182, 502], [182, 556], [28, 556]], '아까분렉', 0.6392598748207092), ([[30, 550], [188, 550], [188, 604], [30, 604]], '%예대떼', 0.02350832149386406), ([[27, 595], [270, 595], [270, 651], [27, 651]], '사`제 양논건', 0.04519016193275551), ([[28, 642], [190, 642], [190, 696], [28, 696]], '[이다', 0.4650382080068757)]
[([[440, 20], [558, 20], [558, 70], [440, 70]], '느끼뭄', 0.027322024830515112), ([[440, 64], [562, 64], [562, 125], [440, 125]], '유형흘', 0.0043815261825709126), ([[928, 56], [1056, 56], [1056, 106], [928, 106]], '으응 양', 0.5019693327453916), ([[442, 112], [562, 112], [562, 166], [442, 166]], '깥특안', 0.015079658361752877), ([[926, 102], [1014, 102], [1014, 150], [926, 150]], "'하아", 0.7939437079785963), ([[1044, 102], [1132, 102], [1132, 154], [1044, 154]], '@양', 0.7584151361958128), ([[442, 160], [598, 160], [598, 210], [442, 210]], '된양이문', 0.2891298830509186), ([[704, 142], [862, 142], [862, 192], [704, 192]], '목소리미', 0.08887254446744919), ([[704, 188], [862, 188], [862, 242], [704, 242]], '녹고있어', 0.2679084241390228), ([[10, 276], [221, 276], [221, 337], [10, 337]], '@-운.. @양', 0.001055333933780579), ([[14, 330], [172, 330], [172, 382], [14, 382]], '운옮교움', 0.02438005432486534), ([[16, 376], [140, 376], [140, 430], [16, 430]], '으패제', 0.09347575932688176), ([[131, 405], [169, 405], [169, 421], [131, 421]], '000', 0.9393434412663183), ([[170, 376], [326, 376], [326, 426], [170, 426]], '양원하. 양', 0.0013793315022937987)]
[([[402, 30], [612, 30], [612, 84], [402, 84]], '세웨어어영@', 0.019898324476135865), ([[982, 26], [1067, 26], [1067, 81], [982, 81]], '나는', 0.3241532482803636), ([[984, 76], [1188, 76], [1188, 128], [984, 128]], '느끼고 있다', 0.3491975690366232), ([[61, 130], [304, 130], [304, 186], [61, 186]], '@에블 @대', 0.14708878179447435), ([[714, 126], [836, 126], [836, 178], [714, 178]], '이렇레', 0.11516539974794586), ([[984, 122], [1140, 122], [1140, 176], [984, 176]], '#어동자', 0.1363745927810669), ([[62, 178], [308, 178], [308, 232], [62, 232]], '웃아아@이양@', 0.02457758416327474), ([[714, 172], [908, 172], [908, 226], [714, 226]], '대접버@면', 0.052525550030856565), ([[714, 220], [798, 220], [798, 268], [714, 268]], '나도', 0.9981138598846122), ([[716, 265], [954, 265], [954, 320], [716, 320]], '탤권 내아켓지', 0.10404592258992684), ([[24, 374], [200, 374], [200, 430], [24, 430]], '하하하햇', 0.355220228433609), ([[26, 424], [110, 424], [110, 474], [26, 474]], '종네', 0.27015519674942434), ([[26, 470], [226, 470], [226, 520], [26, 520]], '길울음소리', 0.2149661546632364), ([[26, 516], [162, 516], [162, 570], [26, 570]], '최0다!', 0.04666576534509659)]
[([[88, 42], [250, 42], [250, 96], [88, 96]], '교밟하분', 0.03137028589844704), ([[966, 36], [1124, 36], [1124, 90], [966, 90]], '프리유어', 0.23383989930152893), ([[86, 86], [293, 86], [293, 146], [86, 146]], '문의 흐름', 0.3205131249676118), ([[963, 79], [1163, 79], [1163, 139], [963, 139]], '오페레@썹', 0.03235481638529897), ([[84, 145], [243, 145], [243, 205], [84, 205]], '#어동되', 0.019032593816518784), ([[101, 549], [343, 549], [343, 777], [101, 777]], "8 '", 0.4280394402768667), ([[275.293865542772, 529.8460756168108], [692.002828729112, 328.02611587691774], [770.706134457228, 543.1539243831892], [353.997171270888, 744.9738841230823]], '자)', 0.053426815549173313)]
[([[170, 36], [252, 36], [252, 86], [170, 86]], '이레', 0.4152255906467537), ([[170, 82], [324, 82], [324, 132], [170, 132]], '보렌출의', 0.006744687911123037), ([[950, 63], [1053, 63], [1053, 115], [950, 115]], '자아', 0.9986833335969665), ([[170, 128], [342, 128], [342, 182], [170, 182]], '씨앗이닥', 0.038357529789209366), ([[954, 110], [1114, 110], [1114, 164], [954, 164]], '사양말로', 0.9153046607971191), ([[956, 158], [1138, 158], [1138, 212], [956, 212]], '맘껏 먹어@', 0.2712463761647841), ([[12, 210], [131, 210], [131, 262], [12, 262]], '아아앗', 0.7438831354665776), ([[684, 220], [838, 220], [838, 272], [684, 272]], '헤이@익', 0.1606188416481018), ([[12, 256], [242, 256], [242, 308], [12, 308]], '@아아이 @양', 0.4118704969763152), ([[12, 302], [178, 302], [178, 352], [12, 352]], '양양  양', 0.24056659954110965)]
[([[460, 10], [568, 10], [568, 60], [460, 60]], '혼우~', 0.21232316631205223), ([[14, 74], [182, 74], [182, 128], [14, 128]], '예가 너무', 0.23833625993632732), ([[460, 56], [618, 56], [618, 108], [460, 108]], '중앞다고', 0.5280246138572693), ([[954, 52], [1018, 52], [1018, 100], [954, 100]], '아', 0.9053152470669787), ([[1036, 52], [1124, 52], [1124, 104], [1036, 104]], '양', 0.9882031187280269), ([[14, 118], [172, 118], [172, 174], [14, 174]], '유돌하네', 0.10261527448892593), ([[458, 100], [670, 100], [670, 157], [458, 157]], '@결로 만족', 0.5553683355873638), ([[659, 133], [697, 133], [697, 147], [659, 147]], '009', 0.5362802763332664), ([[956, 98], [1112, 98], [1112, 150], [956, 150]], '웃아 앗', 0.19464467465877533), ([[12, 160], [210, 160], [210, 225], [12, 225]], '훨숨이들물', 0.07966220430467855), ([[460, 150], [750, 150], [750, 204], [460, 204]], '이랍 하교 싶제만', 0.2105124686767108), ([[14, 212], [212, 212], [212, 268], [14, 268]], '발정햇잡이', 0.305668939987036), ([[819, 196], [1003, 196], [1003, 256], [819, 256]], '계 계짓말', 0.6720977391092936), ([[820, 246], [940, 246], [940, 296], [820, 296]], '어째세', 0.9666252720267154), ([[820, 292], [964, 292], [964, 346], [820, 346]], '@, 안에', 0.20665599845136323), ([[856, 340], [944, 340], [944, 392], [856, 392]], '[째세_', 0.23170262575149536)]
[([[237, 37], [287, 37], [287, 79], [237, 79]], '@', 0.9513977780226277), ([[594, 8], [716, 8], [716, 60], [594, 60]], '데정매', 0.1913639471005944), ([[878, 18], [1008, 18], [1008, 70], [878, 70]], '운리컷', 0.0226978741150299), ([[592, 54], [712, 54], [712, 108], [592, 108]], '이놈들', 0.5176369141618388), ([[236, 80], [404, 80], [404, 132], [236, 132]], '끄으육응', 0.18304140865802765), ([[594, 100], [712, 100], [712, 152], [594, 152]], '텔기편', 0.05390691621522988), ([[592, 148], [788, 148], [788, 200], [592, 200]], '켓흩이어물', 0.003646995159078264), ([[836, 170], [970, 170], [970, 224], [836, 224]], '젊에앗', 0.022471290316277023), ([[592, 194], [760, 194], [760, 248], [592, 248]], '문제 없어', 0.965087263964028), ([[834, 216], [1102, 216], [1102, 270], [834, 270]], '폐권 @ 물어가@', 0.04645923133989696), ([[58, 384], [178, 384], [178, 432], [58, 432]], '그레모', 0.06367792004316375), ([[58, 430], [177, 430], [177, 480], [58, 480]], '재미블', 0.19574369282215331), ([[58, 476], [253, 476], [253, 530], [58, 530]], '지름부터지', 0.36655445121607005)]
[([[346, 20], [428, 20], [428, 70], [346, 70]], '안돼', 0.10632579492166971), ([[1014, 26], [1132, 26], [1132, 76], [1014, 76]], '빌권6', 0.003025255747426998), ([[51, 53], [93, 53], [93, 89], [51, 89]], '해', 0.8467386237209809), ([[89, 75], [127, 75], [127, 91], [89, 91]], '000', 0.9734980841481217), ([[345, 60], [637, 60], [637, 121], [345, 121]], '첫금 그결 넣의면_', 0.08489631361918155), ([[629, 93], [665, 93], [665, 109], [629, 109]], '000', 0.9615670725744204), ([[44, 92], [192, 92], [192, 144], [44, 144]], '하제미름', 0.035277217626571655), ([[864, 142], [1036, 142], [1036, 196], [864, 196]], '@)} [)}', 0.059368150574226494), ([[866, 190], [1032, 190], [1032, 244], [866, 244]], '물필 웬권', 0.05545179731803103), ([[610, 240], [768, 240], [768, 294], [610, 294]], '마제막음', 0.7916032671928406), ([[868, 236], [1143, 236], [1143, 292], [868, 292]], '쓰량쓰런 원문체', 0.005549848197918592), ([[609, 283], [812, 283], [812, 338], [609, 338]], '이것도 박고', 0.49263178632604515), ([[610, 332], [802, 332], [802, 388], [610, 388]], '숨마시동고', 0.019720991942326332), ([[27, 475], [343, 475], [343, 538], [27, 538]], '웬입음 싫다고해물', 0.24872997896928156), ([[25, 525], [343, 525], [343, 585], [25, 585]], '아랫입은 솔직하게', 0.19961398287969198), ([[28, 572], [308, 572], [308, 628], [28, 628]], '빠쓸대고 외구마', 0.09217245175554373)]
[([[176, 36], [262, 36], [262, 86], [176, 86]], '의앗_', 0.04789253904999574), ([[257, 67], [293, 67], [293, 81], [257, 81]], '000', 0.7437272866320696), ([[508, 18], [670, 18], [670, 72], [508, 72]], '굉장하뭄', 0.4186209738254547), ([[176, 84], [262, 84], [262, 134], [176, 134]], '길망', 0.9078973787045164), ([[257, 113], [293, 113], [293, 129], [257, 129]], '000', 0.9077596894695811), ([[292, 82], [432, 82], [432, 136], [292, 136]], '@@양@', 0.04571826756000519), ([[506, 62], [707, 62], [707, 122], [506, 122]], '찌름때마다', 0.4512654564156383), ([[762, 80], [922, 80], [922, 134], [762, 134]], '하앗으응', 0.18698561191558838), ([[508, 112], [632, 112], [632, 166], [508, 166]], '홍습다', 0.47199171781539917), ([[910, 212], [1147, 212], [1147, 272], [910, 272]], '음-아아아앗', 0.08296836916656272), ([[910, 262], [1142, 262], [1142, 318], [910, 318]], '@: 양대에앗@', 0.20217815641268366), ([[58, 460], [310, 460], [310, 516], [58, 516]], '내량할 때 뵙다', 0.2259361022752786), ([[60, 506], [306, 506], [306, 562], [60, 562]], '데 탈록한 소텔', 0.13556495720840447), ([[57, 553], [180, 553], [180, 609], [57, 609]], '내다니', 0.9765857912716877), ([[58, 600], [252, 600], [252, 654], [58, 654]], '질투나는문', 0.2516610657282805)]
[([[356, 36], [454, 36], [454, 86], [356, 86]], '안돼딩', 0.12683701894074084), ([[724, 24], [830, 24], [830, 74], [724, 74]], '어때?', 0.8794657759293523), ([[1012, 22], [1108, 22], [1108, 74], [1012, 74]], '아앗,', 0.2564520835876465), ([[356, 78], [530, 78], [530, 134], [356, 134]], '이상해제@', 0.26056207828438754), ([[726, 70], [938, 70], [938, 120], [726, 120]], '모든 겁 잎고', 0.03236796038460228), ([[1012, 68], [1096, 68], [1096, 116], [1012, 116]], '닫다', 0.13844374543636237), ([[726, 116], [846, 116], [846, 168], [726, 168]], '편하에', 0.19299666471774843), ([[1012, 112], [1194, 112], [1194, 168], [1012, 168]], '또가버려!', 0.8841273390887129), ([[44, 138], [182, 138], [182, 192], [44, 192]], '하하켓', 0.14649166134870095), ([[316, 154], [474, 154], [474, 208], [316, 208]], '@상해제', 0.45667585730552673), ([[726, 164], [884, 164], [884, 220], [726, 220]], '흘러가늄', 0.42471823375518913), ([[44, 186], [202, 186], [202, 236], [44, 236]], '아무래움', 0.3434181809425354), ([[318, 200], [564, 200], [564, 256], [318, 256]], '메련에에어앗', 0.2549122253575072), ([[721, 205], [850, 205], [850, 266], [721, 266]], '기분음', 0.111513918638076), ([[46, 232], [166, 232], [166, 284], [46, 284]], '극락이', 0.37148631447246366), ([[48, 278], [240, 278], [240, 332], [48, 332]], '보없내 보문', 0.11178352686688475), ([[752, 286], [956, 286], [956, 340], [752, 340]], '메륙 속으바', 0.14041137156752467), ([[752, 329], [1035, 329], [1035, 390], [752, 390]], '생각하눈 컷웬다', 0.2844494694635756), ([[754, 380], [1018, 380], [1018, 436], [754, 436]], '훨씬 편해지지?', 0.8653446007771615)]
[([[16, 37], [177, 37], [177, 87], [16, 87]], '네 충고플', 0.260645668886413), ([[401, 37], [443, 37], [443, 79], [401, 79]], '왜', 0.9996953242662698), ([[1002, 20], [1084, 20], [1084, 68], [1002, 68]], '종렌', 0.40817930054100576), ([[16, 86], [170, 86], [170, 136], [16, 136]], '무시하고', 0.9999975562095642), ([[400, 80], [632, 80], [632, 136], [400, 136]], '사과하는느거야', 0.27042871584350714), ([[1026, 68], [1106, 68], [1106, 116], [1026, 116]], '종렌', 0.474260002056303), ([[14, 131], [253, 131], [253, 185], [14, 185]], '억지름 부러서', 0.3675112372087898), ([[399, 127], [524, 127], [524, 179], [399, 179]], '폐기땅', 0.9663345077409163), ([[772, 154], [960, 154], [960, 206], [772, 206]], '이건 환청?', 0.8630866569110939), ([[14, 178], [140, 178], [140, 228], [14, 228]], '이렇게 .', 0.779179540536649), ([[772, 202], [926, 202], [926, 252], [772, 252]], '폐기땅의', 0.9652071595191956), ([[244, 260], [400, 260], [400, 312], [244, 312]], '잘못한건', 0.8575294613838196), ([[772, 248], [974, 248], [974, 298], [772, 298]], '소리가 들려', 0.8200342111842954), ([[245, 309], [331, 309], [331, 353], [245, 353]], '나야', 0.8515486629754461), ([[772, 386], [930, 386], [930, 440], [772, 440]], '미안해페', 0.9035118818283081), ([[770, 434], [940, 434], [940, 486], [770, 486]], '나 때문에', 0.9538029645627154), ([[774, 480], [892, 480], [892, 532], [774, 532]], '종렌이', 0.13362738770061394), ([[772, 526], [958, 526], [958, 580], [772, 580]], '이런 꼴을 .', 0.8717207393465752)]
[([[954, 37], [1057, 37], [1057, 89], [954, 89]], '아앗', 0.7624275357877863), ([[958, 86], [1106, 86], [1106, 140], [958, 140]], '죄 죄송.', 0.15994335710676844), ([[20, 122], [102, 122], [102, 172], [20, 172]], '이거', 0.9860912134659311), ([[958, 130], [1128, 130], [1128, 184], [958, 184]], '합네내다.!', 0.15000875892188106), ([[20, 168], [104, 168], [104, 224], [20, 224]], '정말', 0.9999883674896276), ([[20, 216], [192, 216], [192, 268], [20, 268]], '최고구만', 0.9894117116928101), ([[854, 278], [1028, 278], [1028, 334], [854, 334]], '용세해쥐(', 0.033369487443623336), ([[218, 326], [358, 326], [358, 378], [218, 378]], '하하횟', 0.04629454614339613), ([[854, 328], [948, 328], [948, 380], [854, 380]], "우'", 0.7139551565858342), ([[220, 372], [426, 372], [426, 426], [220, 426]], '울미용세틀', 0.1423913750625884), ([[854, 372], [1048, 372], [1048, 426], [854, 426]], '용세 해륙_', 0.09949387888719168), ([[220, 418], [344, 418], [344, 472], [220, 472]], '문하눈', 0.0782259859919062), ([[222, 466], [470, 466], [470, 522], [222, 522]], '프레#어라네', 0.03077695265149123)]
[([[940, 42], [1152, 42], [1152, 98], [940, 98]], '옮리이이이!', 0.082799699751511), ([[42, 72], [236, 72], [236, 128], [42, 128]], '무키키키켓', 0.8224201550255218), ([[859, 261], [937, 261], [937, 305], [859, 305]], '으특', 0.25563614121948586), ([[854, 300], [1115, 300], [1115, 361], [854, 361]], '칸다이아아아양', 0.32629149356317005), ([[122, 456], [318, 456], [318, 512], [122, 512]], '옳아아아양', 0.25265438022048287), ([[120, 502], [370, 502], [370, 556], [120, 556]], '@아아아아앗', 0.4953939096173208)]
[([[875, 45], [992, 45], [992, 97], [875, 97]], '미안해', 0.9997366782232852), ([[172, 86], [224, 86], [224, 134], [172, 134]], '풍.', 0.7911377993331481), ([[242, 86], [292, 86], [292, 134], [242, 134]], '팀', 0.14559189821170637), ([[876, 94], [1000, 94], [1000, 144], [876, 144]], '폐기당.', 0.6154393553733826), ([[172, 132], [340, 132], [340, 182], [172, 182]], '나도 이젠', 0.5899938053903181), ([[24, 259], [147, 259], [147, 309], [24, 309]], '폐기땅', 0.9528083564532758), ([[840, 296], [941, 296], [941, 351], [840, 351]], '나는,', 0.7222622103079979), ([[842, 344], [1046, 344], [1046, 398], [842, 398]], '이제 틀렇어_', 0.31490222994658956)]
[([[561, 0], [729, 0], [729, 145], [561, 145]], '세', 0.020419747064215565), ([[998, 25], [1169, 25], [1169, 139], [998, 139]], "'엘리멘트", 0.009360985073416156), ([[40, 266], [194, 266], [194, 316], [40, 316]], '프리규어', 0.5025247931480408), ([[40, 312], [258, 312], [258, 364], [40, 364]], '힘림 스트템!', 0.41613963881322785), ([[1004, 302], [1084, 302], [1084, 358], [1004, 358]], '헬딩', 0.056537002794014996), ([[1002, 350], [1126, 350], [1126, 406], [1002, 406]], '돼이지', 0.24324427345999036), ([[1004, 398], [1102, 398], [1102, 450], [1004, 450]], '상승!', 0.49880274467189173)]
[([[302, 42], [386, 42], [386, 94], [302, 94]], '제법', 0.9737115317889267), ([[620, 42], [738, 42], [738, 94], [620, 94]], '이뤄로', 0.2026146359949656), ([[304, 86], [464, 86], [464, 140], [304, 140]], '좁렉원다', 0.05602935701608658), ([[620, 88], [774, 88], [774, 142], [620, 142]], '한계인가', 0.8866902589797974), ([[304, 136], [462, 136], [462, 188], [304, 188]], '류어동되', 0.03696228191256523), ([[620, 136], [738, 136], [738, 186], [620, 186]], '소질음', 0.8484582845689805), ([[618, 182], [742, 182], [742, 236], [618, 236]], '외지만', 0.14898646550493957), ([[618, 228], [822, 228], [822, 282], [618, 282]], '@직 멀/군', 0.16329872231926704), ([[17, 523], [225, 523], [225, 797], [17, 797]], '헌', 0.01158738454150271), ([[28, 784], [199, 784], [199, 845], [28, 845]], '활방문할', 0.0528767928481102), ([[30, 832], [232, 832], [232, 888], [30, 888]], '발월 웬해제', 0.08319215430337593), ([[28, 882], [196, 882], [196, 934], [28, 934]], '@ 장소문', 0.36175909720507216), ([[26, 923], [271, 923], [271, 986], [26, 986]], '파페하켓 &고', 0.08173209822297861), ([[28, 974], [272, 974], [272, 1028], [28, 1028]], '사문물록 하제', 0.016710029169907433)]
[([[494, 38], [614, 38], [614, 90], [494, 90]], '대음에', 0.2347011663781857), ([[494, 83], [734, 83], [734, 138], [494, 138]], '만때때는 데욱', 0.08166943801013354), ([[492, 130], [650, 130], [650, 186], [492, 186]], '예지력올', 0.09974196553230286), ([[334, 202], [400, 202], [400, 252], [334, 252]], '음?', 0.4826354868647183), ([[332, 247], [439, 247], [439, 303], [332, 303]], '실즈?', 0.027291864807237262), ([[0, 489], [253, 489], [253, 811], [0, 811]], '칼', 0.05829513634892458)]
[([[564, 12], [684, 12], [684, 62], [564, 62]], '그렇문', 0.9114554861025592), ([[564, 58], [804, 58], [804, 112], [564, 112]], '정신올 잃으면', 0.5321659802086307), ([[563, 102], [879, 102], [879, 158], [563, 158]], '현신이 풀리논건가', 0.16865966761823298), ([[435, 203], [651, 203], [651, 317], [435, 317]], '사울필으로 ', 0.016945894198404057), ([[440, 301], [728, 301], [728, 356], [440, 356]], '생대해 손눈 뒷물', 0.027938625448551493), ([[440, 349], [560, 349], [560, 403], [440, 403]], '중며켓', 0.020020026033987125), ([[16, 880], [78, 880], [78, 934], [16, 934]], '@', 0.9999256147866618), ([[16, 926], [138, 926], [138, 978], [16, 978]], '손랍움', 0.015786813576090228), ([[350, 954], [506, 954], [506, 1004], [350, 1004]], '약속대로', 0.9970508217811584), ([[16, 972], [186, 972], [186, 1028], [16, 1028]], '@ 콤없문', 0.1559490960612702), ([[352, 1000], [604, 1000], [604, 1056], [352, 1056]], '프건 네계 주매}', 0.014324576289382551)]
[([[458, 118], [700, 118], [700, 172], [458, 172]], '건 }렉오켓다', 0.011048849210762697), ([[456, 164], [734, 164], [734, 220], [456, 220]], '#어동립관 꼬마', 0.011076046890432225), ([[69, 828], [227, 828], [227, 882], [69, 882]], '기때-제', 0.18653978407382965), ([[70, 874], [264, 874], [264, 928], [70, 928]], '패벽-페리', 0.0014974074282939867), ([[70, 920], [266, 920], [266, 972], [70, 972]], '사이끌렉@.', 0.0005733838147472014), ([[69, 968], [227, 968], [227, 1020], [69, 1020]], '잘 록6', 0.0008507658494636416)]
[([[25, 19], [524, 19], [524, 187], [25, 187]], '새리|도버쪽', 0.0004899018122859705), ([[26, 171], [477, 171], [477, 281], [26, 281]], ')어득젓재', 0.0006664330387973495), ([[46, 302], [166, 302], [166, 334], [46, 334]], "'8예:사-", 0.0003541625327168132), ([[45, 325], [213, 325], [213, 361], [45, 361]], '하신-장어어', 0.0008197091727716834), ([[215, 301], [339, 301], [339, 365], [215, 365]], '벼어기66', 0.00016748910045957555)]
[]
[]
[]
[]
[([[369, 93], [609, 93], [609, 303], [369, 303]], '도', 0.05362624092217416)]
[([[400, 19], [681, 19], [681, 75], [400, 75]], '몸자세 순직되에', 0.0716162946085835), ([[936, 8], [1100, 8], [1100, 62], [936, 62]], '태행이다', 0.05715690925717354), ([[402, 67], [598, 67], [598, 121], [402, 121]], '메가보젠율', 0.02379144602662403), ([[936, 54], [1178, 54], [1178, 110], [936, 110]], '예관음 문해', 0.4482281481572057), ([[179, 131], [257, 131], [257, 151], [179, 151]], '000000', 0.9592204690034862), ([[402, 114], [598, 114], [598, 170], [402, 170]], '정화하다내', 0.4516934893860379), ([[938, 102], [1182, 102], [1182, 156], [938, 156]], '뒷산의 짓영물', 0.016826731650176566), ([[402, 162], [526, 162], [526, 216], [402, 216]], '동수음', 0.04510989792832386), ([[938, 150], [1096, 150], [1096, 204], [938, 204]], '좀렉히제', 0.15600807964801788), ([[396, 203], [671, 203], [671, 266], [396, 266]], '열째 굉장해폐', 0.05265555746004828), ([[936, 196], [1060, 196], [1060, 250], [936, 250]], '않안어', 0.04340211111545203), ([[48, 282], [260, 282], [260, 336], [48, 336]], '왜0래? 폐?', 0.25351267513031095), ([[485.0364854110324, 344.1137745348787], [669.6164084181356, 313.5879471696633], [683.9635145889675, 463.8862254651213], [500.3835915818644, 494.4120528303367]], '쇼)', 0.03742026959239637)]
[([[101, 551], [343, 551], [343, 779], [101, 779]], "8'", 0.7198785140835321), ([[281.4294433994249, 542.4048830367794], [681.9320112250967, 332.4531993165994], [760.5705566005751, 537.5951169632206], [360.06798877490326, 747.5468006834006]], '자)', 0.018212458616026706)]
[([[578, 0], [724, 0], [724, 132], [578, 132]], "'", 0.08563319884218856)]
[([[466.0923981579976, 319.19298618498203], [699.0611121420881, 248.29668534957935], [740.9076018420024, 437.80701381501797], [506.9388878579119, 508.7033146504206]], "'", 0.9923807634707806)]
[]
[]
[]
[]
[]
[]
[]
