2654115
8
[([[1462, 15], [2004, 15], [2004, 103], [1462, 103]], '다들놀고있든데칸나', 0.43668388091740273), ([[1077, 94], [1955, 94], [1955, 187], [1077, 187]], '혼자서근무라니 항상점심히라니깐', 0.31745677379657844), ([[17, 861], [1109, 861], [1109, 952], [17, 952]], '그보다웃이너움직은-말은데괜찮은건가?', 0.057788094554922786), ([[17, 942], [661, 942], [661, 1033], [17, 1033]], '몸매가녀분노올적으로', 0.2441760709747179), ([[1899, 2793], [2031, 2793], [2031, 2872], [1899, 2872]], '055:', 0.060749463737010956), ([[-0.8436116587936885, 330.01873767714204], [128.19172237453134, 288.1268351082025], [216.8436116587937, 592.981262322858], [87.80827762546868, 635.8731648917975]], '1', 0.9603966494589464)]
[([[105, 56], [587, 56], [587, 146], [105, 146]], '@발플렉월진롬', 0.004397205705720327), ([[69, 137], [632, 137], [632, 229], [69, 229]], '퉁어지락} _슬-나 법', 0.003033569292861952), ([[1726, 358], [1877, 358], [1877, 446], [1726, 446]], '에무', 0.06859904085267124), ([[1364, 567], [2008, 567], [2008, 666], [1364, 666]], '제바}트출출입화속나 입', 0.0007825071340637337), ([[1446, 652], [1928, 652], [1928, 742], [1446, 742]], '대름학생들현렉물', 0.009307584977938156), ([[1412, 730], [1966, 730], [1966, 823], [1412, 823]], '@뤄미움니집나-]', 0.004078013701496768), ([[122, 1960], [350, 1960], [350, 2035], [122, 2035]], '@내이켜', 0.030272601220723935), ([[146, 2101], [634, 2101], [634, 2191], [146, 2191]], '숨책때-운', 0.00721433532298659), ([[32, 2181], [764, 2181], [764, 2278], [32, 2278]], '면명때웨금-심제입음내야', 0.00019255127670774348), ([[1893, 2787], [2035, 2787], [2035, 2878], [1893, 2878]], '새55:', 0.05108261853456497)]
[([[91, 33], [239, 33], [239, 185], [91, 185]], '회', 0.020397207820910035), ([[1592, 116], [1678, 116], [1678, 205], [1592, 205]], '올', 0.22877118006106034), ([[93, 322], [645, 322], [645, 399], [93, 399]], '태내전이러면인퇴움회일주', 0.0007871221156102682), ([[1276, 385], [1662, 385], [1662, 461], [1276, 461]], '이권어 @이} 하양뇨', 0.00013615205702973787), ([[1267, 448], [1668, 448], [1668, 521], [1267, 521]], '어디까지나 선생페에', 0.006751501166795181), ([[1303, 507], [1581, 507], [1581, 582], [1303, 582]], '성어죄예방황', 0.101843740643092), ([[1568, 544], [1622, 544], [1622, 573], [1568, 573]], '00)', 0.37618109339700667), ([[1569, 633], [1840, 633], [1840, 702], [1569, 702]], '원해접나리.]', 0.0010135762952705014), ([[497, 823], [764, 823], [764, 956], [497, 956]], '어하-', 0.1262382747921592), ([[36, 1417], [155, 1417], [155, 1534], [36, 1534]], '벼', 0.7974833969020132), ([[491, 1326], [912, 1326], [912, 1621], [491, 1621]], '광-', 0.6021504996985618), ([[1404, 1481], [1927, 1481], [1927, 1558], [1404, 1558]], '외길하제마시_ @흥#', 0.0006119020053897877), ([[1896, 2789], [2032, 2789], [2032, 2873], [1896, 2873]], '055:', 0.1462496668100357), ([[1053.8608610757476, 851.0162237587386], [1533.1023259747847, 953.0528461819375], [1449.1391389242524, 1281.9837762412612], [969.8976740252153, 1179.9471538180626]], '휴%', 0.019070337690344313), ([[1466.401779182893, 2119.0105287941624], [1575.4165415708405, 2057.0051039097098], [1776.598220817107, 2436.9894712058376], [1667.5834584291595, 2498.9948960902902]], '{', 0.727765578911832), ([[209.61679318368638, 2460.6540418286436], [768.9263896756645, 2251.766949585336], [863.3832068163136, 2599.3459581713564], [304.07361032433556, 2808.233050414664]], '움심', 0.012296980318931462)]
[([[1573, 131], [1814, 131], [1814, 230], [1573, 230]], '하아 ', 0.8191759586334229), ([[227, 175], [533, 175], [533, 273], [227, 273]], ' 내움다', 0.016384689137339592), ([[1494, 430], [1688, 430], [1688, 498], [1494, 498]], '앞으람-', 0.005971546284854412), ([[1224, 556], [1542, 556], [1542, 629], [1224, 629]], '대름학생률현렉', 0.014669548768884995), ([[1122, 620], [1649, 620], [1649, 688], [1122, 688]], '집절거리제마시민] @', 0.005750762373079851), ([[502, 438], [650, 438], [650, 930], [502, 930]], '*', 0.20890208126276377), ([[1570, 1070], [1816, 1070], [1816, 1262], [1570, 1262]], '82', 0.06281236227639503), ([[506, 1336], [748, 1336], [748, 1507], [506, 1507]], '~0', 0.21108018614416943), ([[1193, 1746], [1605, 1746], [1605, 1819], [1193, 1819]], '미로저콤테오조#', 0.0020794783177396237), ([[1438, 2007], [1977, 2007], [1977, 2084], [1438, 2084]], '제미어움트테니_육#', 0.0011144681722789114), ([[403, 2061], [566, 2061], [566, 2312], [403, 2312]], '푹', 0.18920617879940949), ([[1343, 2133], [1648, 2133], [1648, 2208], [1343, 2208]], '@)나끼켓', 0.011319303415899044), ([[1631, 2169], [1687, 2169], [1687, 2198], [1631, 2198]], ']])', 0.0007812039081618642), ([[745, 2457], [1347, 2457], [1347, 2751], [745, 2751]], '*우육구', 0.03028997592628002), ([[1899, 2793], [2031, 2793], [2031, 2872], [1899, 2872]], '055:', 0.04097279533743858), ([[93.8312073376609, 1164.0145349739682], [583.1716300091244, 1268.2502139198132], [485.1687926623391, 1659.9854650260318], [-3.1716300091244776, 1556.7497860801868]], '탓와', 0.048650826594485996), ([[68.16868915133936, 1806.0090942162087], [511.9945634655068, 2067.357234828591], [346.8313108486606, 2338.9909057837913], [-95.99456346550679, 2077.642765171409]], '탓꾸드', 0.09733720782385749)]
[([[1893, 2787], [2035, 2787], [2035, 2878], [1893, 2878]], '새55:', 0.05434473231434822)]
[([[1897, 2795], [2031, 2795], [2031, 2872], [1897, 2872]], '055', 0.3595855861683486)]
[([[1899, 2793], [2031, 2793], [2031, 2872], [1899, 2872]], '055:', 0.03758958727121353)]
[([[1899, 2795], [2031, 2795], [2031, 2872], [1899, 2872]], '새55:', 0.17631696164608002)]
