2659448
8
[([[789, 215], [1205, 215], [1205, 253], [789, 253]], '지금부터 점심 먹으리 오지 않울래?', 0.6895678445748307), ([[899, 329], [1103, 329], [1103, 369], [899, 369]], '오늘 딸 없으니까', 0.8405616369558407), ([[199, 1635], [293, 1635], [293, 1671], [199, 1671]], '갈게요!', 0.8725947737693787)]
[([[981, 113], [1147, 113], [1147, 151], [981, 151]], '오늘 고마윗어', 0.4948510777373954), ([[937, 209], [1079, 209], [1079, 247], [937, 247]], '아주 좋앞어', 0.35595787677000174), ([[159, 439], [445, 439], [445, 477], [159, 477]], '유키씨 너무 격렬해/ / / /', 0.5562188055912721), ([[434, 584], [466, 584], [466, 620], [434, 620]], '"', 0.1935726451046884), ([[381, 605], [443, 605], [443, 669], [381, 669]], ";'", 0.05476467674083494), ([[811, 569], [879, 569], [879, 687], [811, 687]], '숲', 0.33344868290909346), ([[403, 649], [471, 649], [471, 739], [403, 739]], '생', 0.04632876508143391), ([[256.26912441760913, 1572.0334561519398], [350.8999388964878, 1642.7386652182079], [310.73087558239087, 1696.9665438480602], [216.10006110351216, 1626.2613347817921]], '낫)', 0.13415159876859148)]
[([[1100, 232], [1134, 232], [1134, 264], [1100, 264]], '에', 0.9986066906527071), ([[847, 323], [1067, 323], [1067, 361], [847, 361]], '미사기군도 힘차게', 0.5466833029892875), ([[803, 357], [1083, 357], [1083, 397], [803, 397]], '어리광울 부리고 있없어', 0.46557280960068353), ([[225, 647], [513, 647], [513, 687], [225, 687]], '왜냐면 유키씨랑 하는 거', 0.48106185055107886), ([[231, 685], [507, 685], [507, 723], [231, 723]], '되게 기분종으니까/ / / /', 0.5019883103331128), ([[328, 968], [376, 968], [376, 1060], [328, 1060]], '몇', 0.007929263350495097), ([[1050, 924], [1098, 924], [1098, 1043], [1050, 1043]], '기', 0.12691825840364857), ([[182, 1004], [236, 1004], [236, 1196], [182, 1196]], '명', 0.07441070127140481)]
[([[1086, 68], [1142, 68], [1142, 100], [1086, 100]], '기뻐', 0.9957909489040283), ([[933, 163], [1153, 163], [1153, 201], [933, 201]], '뭐가 제일 중앞어?', 0.5155963762241869), ([[189, 317], [333, 317], [333, 355], [189, 355]], '저 청소하라', 0.270196386200166), ([[129, 425], [511, 425], [511, 465], [129, 465]], '항상 허리가 빠질 것 같아요////', 0.9042663574851151), ([[739, 563], [1053, 563], [1053, 604], [739, 604]], '갖 사정한 미사기군의 자지', 0.691720844998625), ([[701, 600], [1065, 600], [1065, 639], [701, 639]], '귀엽기 때문에 괴롭히고 싶어저', 0.8076628829697274), ([[939, 699], [1143, 699], [1143, 735], [939, 735]], '다음에 또 해출께', 0.36767078748082), ([[489, 861], [523, 861], [523, 877], [489, 877]], '아직', 0.9991995566215155), ([[487, 879], [521, 879], [521, 897], [487, 897]], '귀두', 0.9752341852359876), ([[468, 898], [544, 898], [544, 922], [468, 922]], '민감한데', 0.9900416731834412), ([[272, 950], [328, 950], [328, 974], [272, 974]], '그렇계', 0.6228288647956275), ([[264, 970], [336, 970], [336, 994], [264, 994]], '끈질기게', 0.9801943302154541), ([[255, 993], [327, 993], [327, 1013], [255, 1013]], '해버리면', 0.9977084994316101), ([[452, 1032], [484, 1032], [484, 1066], [452, 1066]], '5', 0.010364039881175735), ([[1086, 1334], [1134, 1334], [1134, 1402], [1086, 1402]], '#"', 0.1710644072137658), ([[433.16445884946233, 936.0703072118276], [469.5910644489256, 924.0350586290252], [494.83554115053767, 1004.9296927881724], [458.4089355510744, 1017.9649413709748]], '>', 0.23618629725788853), ([[1042.6076433315134, 1419.4975796624806], [1078.66994167109, 1386.037519127298], [1136.3923566684866, 1453.5024203375194], [1100.33005832891, 1486.962480872702]], ';', 0.017746957531965757)]
[]
[]
[]
[]
