2659354
40
[([[129, 163], [213, 163], [213, 259], [129, 259]], '배기', 0.0284683308963307), ([[12, 70], [90, 70], [90, 490], [12, 490]], "'", 0.3368050636118056), ([[132, 292], [210, 292], [210, 396], [132, 396]], '혹은', 0.43952341797787436), ([[31, 497], [75, 497], [75, 559], [31, 559]], '5', 0.0447884937977483), ([[125, 433], [243, 433], [243, 541], [125, 541]], '{계의', 0.04555754676949996), ([[14, 592], [86, 592], [86, 732], [14, 732]], '5', 0.06814376537613853), ([[135, 579], [176, 579], [176, 669], [135, 669]], '문', 0.999271763871107), ([[68, 888], [302, 888], [302, 942], [68, 942]], '번역 가가다다', 0.5148056283737901), ([[0, 944], [302, 944], [302, 1017], [0, 1017]], '[식자 가가다다', 0.7027112534484907), ([[423.96640524803814, 12.432233326362535], [459.9619507302697, 37.949926818760645], [363.03359475196186, 167.56776667363746], [326.0380492697303, 141.05007318123936]], '{', 0.09202773275465947), ([[470.0748539593629, 738.0614046952215], [584.2159604321164, 628.7824764979083], [616.9251460406372, 676.9385953047785], [502.7840395678836, 786.2175235020917]], '국근:움', 0.018839379772543907)]
[([[367, 51], [447, 51], [447, 95], [367, 95]], '풀리기만', 0.9738038182258606), ([[636, 56], [674, 56], [674, 80], [636, 80]], '새끼.', 0.44592422486835936), ([[367, 107], [449, 107], [449, 149], [367, 149]], '하면 각오', 0.7235899428752629), ([[615, 441], [635, 441], [635, 465], [615, 465]], '그', 0.9933756985632591), ([[1, 495], [67, 495], [67, 537], [1, 537]], '씨부질', 0.3596434383812367), ([[613, 483], [689, 483], [689, 523], [613, 523]], '주둥이력', 0.1576351821422577), ([[3, 543], [105, 543], [105, 587], [3, 587]], '입장이다괴', 0.4533089494451271), ([[3, 593], [75, 593], [75, 635], [3, 635]], '생각해!', 0.9420041441917419)]
[([[401, 171], [445, 171], [445, 209], [401, 209]], '하차', 0.13878046241900918), ([[265, 547], [331, 547], [331, 589], [265, 589]], "'뒤하는", 0.3531070053577423), ([[265, 597], [315, 597], [315, 639], [265, 639]], '거야', 0.8586313290304607), ([[237, 675], [295, 675], [295, 711], [237, 711]], '그만뒤', 0.9991294080184626)]
[([[49, 109], [97, 109], [97, 151], [49, 151]], "'아앗", 0.6139817817541192), ([[202, 448], [280, 448], [280, 480], [202, 480]], '나는 상냥', 0.559642526021678), ([[202, 486], [258, 486], [258, 518], [202, 518]], '하니깐', 0.8418947773978543), ([[202, 524], [308, 524], [308, 556], [202, 556]], '확실히 처음엔', 0.9183045214939394), ([[202, 561], [296, 561], [296, 593], [202, 593]], '잘 풀어줄께.', 0.7055738214422221), ([[383, 555], [425, 555], [425, 595], [383, 595]], '기분', 0.9994089837633456), ([[350, 641], [412, 641], [412, 685], [350, 685]], '어때? ', 0.5858916640281677)]
[([[154, 52], [226, 52], [226, 84], [154, 84]], '너는 내가', 0.827931486333403), ([[154, 88], [246, 88], [246, 120], [154, 120]], '그만뒤달라괴', 0.813558995277805), ([[154, 124], [230, 124], [230, 156], [154, 156]], '부탁햇올픽', 0.12261342183754093), ([[156, 160], [226, 160], [226, 192], [156, 192]], '그만뒷어?', 0.12805243323077542), ([[174, 474], [232, 474], [232, 506], [174, 506]], '뜻번이고', 0.18499024212360382), ([[174, 510], [232, 510], [232, 542], [174, 542]], '뜻번이고', 0.12617501616477966), ([[174, 546], [232, 546], [232, 578], [174, 578]], '뜻번이고', 0.18835926055908203), ([[400, 664], [448, 664], [448, 696], [400, 696]], '수없이', 0.998943465492861), ([[400, 700], [470, 700], [470, 732], [400, 732]], '부탁켓지만', 0.5249068453775557), ([[400, 738], [486, 738], [486, 768], [400, 768]], '너는그만두지', 0.5278556122831735), ([[9, 777], [89, 777], [89, 821], [9, 821]], '뜻번이고', 0.51749187707901), ([[400, 774], [444, 774], [444, 804], [400, 804]], '않있어', 0.20035460903573538), ([[9, 827], [53, 827], [53, 869], [9, 869]], '나름', 0.6903633124541563), ([[9, 877], [113, 877], [113, 921], [9, 921]], '따먹어잡아7', 0.6051939714971867), ([[572.2172729245717, 88.05127422674474], [665.9596897554187, 125.30566721296093], [644.7827270754283, 175.94872577325526], [551.0403102445813, 138.69433278703906]], '8애', 0.00030244046644440124)]
[([[189, 485], [207, 485], [207, 517], [189, 517]], '거', 0.9998940257493736), ([[39, 889], [79, 889], [79, 927], [39, 927]], '민지', 0.13565663536147346), ([[39, 937], [91, 937], [91, 979], [39, 979]], '알아?', 0.9950038416490955)]
[([[452, 90], [498, 90], [498, 114], [452, 114]], '최근엔', 0.913402050690096), ([[452, 120], [524, 120], [524, 146], [452, 146]], '인터넷으로', 0.9428050089130692), ([[254, 152], [300, 152], [300, 176], [254, 176]], '뭐하늘', 0.37852571060576506), ([[452, 150], [512, 150], [512, 178], [452, 178]], '얼마듣지', 0.5847731828689575), ([[254, 182], [288, 182], [288, 206], [254, 206]], '기야', 0.9939759686783646), ([[452, 180], [502, 180], [502, 206], [452, 206]], '구활 수', 0.7934877872467041), ([[452, 210], [486, 210], [486, 236], [452, 236]], '있어;', 0.822718117228413), ([[192, 222], [256, 222], [256, 254], [192, 254]], '그만뒤!', 0.9977627992630005), ([[2, 298], [80, 298], [80, 348], [2, 348]], '싫어', 0.8540503486383393), ([[507, 607], [614, 607], [614, 686], [507, 686]], '떼', 0.006978624130749234), ([[17, 677], [31, 677], [31, 705], [17, 705]], '좀', 0.9917702229009571), ([[29, 673], [77, 673], [77, 711], [29, 711]], '있으면', 0.7437393257324554), ([[601, 671], [653, 671], [653, 715], [601, 715]], '직정과', 0.2986416677390435), ([[13, 717], [75, 717], [75, 753], [13, 753]], '좋아질거', 0.1073790043592453)]
[([[248, 60], [282, 60], [282, 88], [248, 88]], '하아', 0.998940592666983), ([[232, 762], [278, 762], [278, 794], [232, 794]], '약이', 0.98976184902627), ([[155, 799], [211, 799], [211, 837], [155, 837]], '효과가', 0.9975254450414783), ([[154, 842], [226, 842], [226, 881], [154, 881]], '있4보네', 0.2659212648868561)]
[([[263, 121], [321, 121], [321, 157], [263, 157]], '자지도', 0.9991317478133118), ([[458, 588], [508, 588], [508, 620], [458, 620]], '구멍은', 0.997604843749885), ([[456, 624], [528, 624], [528, 656], [456, 656]], '어떻까나?', 0.6206242283495942), ([[242, 690], [278, 690], [278, 718], [242, 718]], '하악', 0.9672910479515319), ([[0, 848], [48, 848], [48, 878], [0, 878]], '약빨이', 0.8291943425834383), ([[0, 886], [64, 886], [64, 918], [0, 918]], '잘 밭아네', 0.11012871625578267)]
[([[513, 187], [557, 187], [557, 229], [513, 229]], "[ ?'", 0.0026712738908827305), ([[118, 224], [150, 224], [150, 252], [118, 252]], "세@)'", 0.020356858149170876), ([[315, 193], [407, 193], [407, 279], [315, 279]], ':#', 0.06045823585733952), ([[283, 265], [347, 265], [347, 329], [283, 329]], '대;', 0.1996218963292827), ([[271, 473], [319, 473], [319, 509], [271, 509]], '"다려!', 0.19254305223973853), ([[35, 789], [105, 789], [105, 827], [35, 827]], '그것만은', 0.553785502910614), ([[36, 836], [110, 836], [110, 868], [36, 868]], '그만뒤쥐!', 0.9495926095310964)]
[([[223, 677], [283, 677], [283, 717], [223, 717]], '꼴 증네', 0.4470716714859009), ([[223, 723], [311, 723], [311, 761], [223, 761]], '타가하시권', 0.12102726356593664), ([[141, 955], [181, 955], [181, 991], [141, 991]], '하악', 0.6254347668000729)]
[]
[([[574, 184], [616, 184], [616, 210], [574, 210]], "'아날을", 0.4058303236961365), ([[574, 214], [642, 214], [642, 244], [574, 244]], '#시논데도', 0.18444645706694918), ([[574, 246], [646, 246], [646, 274], [574, 274]], '자지논 건강', 0.4474195469117205), ([[574, 278], [612, 278], [612, 304], [574, 304]], '한결?', 0.8704114367527167), ([[0, 300], [60, 300], [60, 326], [0, 326]], '훔지않야?', 0.29508654046389327), ([[84, 596], [122, 596], [122, 626], [84, 626]], '하아', 0.8739736193442248), ([[574, 702], [614, 702], [614, 726], [574, 726]], '어이!', 0.4652990416369687), ([[390, 864], [438, 864], [438, 890], [390, 890]], '소감올', 0.9055169895911016), ([[388, 894], [438, 894], [438, 920], [388, 920]], '말해보', 0.999601579726359), ([[388, 924], [436, 924], [436, 948], [388, 948]], '라고!', 0.3391267755871408), ([[327, 939], [345, 939], [345, 965], [327, 965]], '하', 0.3011578138889526)]
[([[629, 123], [647, 123], [647, 149], [629, 149]], '아', 0.9709879459013706), ([[58, 320], [88, 320], [88, 354], [58, 354]], '하', 0.9998618412057034), ([[26, 402], [86, 402], [86, 456], [26, 456]], '아앗', 0.5712065727574097), ([[323, 609], [359, 609], [359, 645], [323, 645]], '하아', 0.9169435987513882), ([[391, 633], [443, 633], [443, 671], [391, 671]], '이것좀', 0.3186621569624073), ([[389, 681], [443, 681], [443, 719], [389, 719]], '보라고', 0.7288488086658405), ([[182, 806], [260, 806], [260, 838], [182, 838]], '타가하시군이', 0.16798934597074225), ([[122, 820], [184, 820], [184, 852], [122, 852]], '나한테', 0.36858092845320545), ([[122, 858], [222, 858], [222, 888], [122, 888]], '따먹히면서', 0.9910301839937217), ([[118, 896], [182, 896], [182, 928], [118, 928]], '자지루', 0.7688383639464935), ([[22, 922], [74, 922], [74, 972], [22, 972]], '아앗', 0.14228325319879098), ([[118, 936], [200, 936], [200, 968], [118, 968]], '세우다니', 0.997523844242096), ([[31.02202795004179, 839.1638810551212], [78.83994971815044, 847.0332086065871], [73.97797204995821, 873.8361189448788], [26.160050281849568, 864.9667913934129]], '대째', 0.20446273983284866)]
[([[209, 207], [261, 207], [261, 251], [209, 251]], '아앗', 0.1127226127800193), ([[229, 545], [275, 545], [275, 587], [229, 587]], '그만', 0.9876882943815499), ([[6, 880], [56, 880], [56, 928], [6, 928]], '그', 0.3541661269376881), ([[204, 874], [228, 874], [228, 922], [204, 922]], '댐', 0.004847234649903109)]
[([[518, 42], [608, 42], [608, 116], [518, 116]], '00,4', 0.17247897386550903)]
[([[109, 77], [129, 77], [129, 107], [109, 107]], '짝', 0.9987781206297406), ([[424, 102], [450, 102], [450, 134], [424, 134]], '좀', 0.9994723301024102), ([[458, 106], [486, 106], [486, 132], [458, 132]], '더', 0.9992428067731716), ([[268, 208], [292, 208], [292, 238], [268, 238]], '논', 0.5093035369122312), ([[248, 246], [312, 246], [312, 278], [248, 278]], '얼굴올', 0.9005153064822567), ([[248, 284], [314, 284], [314, 316], [248, 316]], '보어쥐', 0.9656650545241041), ([[204, 306], [242, 306], [242, 338], [204, 338]], '타가', 0.8827786030487693), ([[203, 345], [257, 345], [257, 381], [203, 381]], '하시군', 0.810797964142124), ([[359, 521], [413, 521], [413, 563], [359, 563]], '좁다', 0.38181902549198365), ([[275, 591], [361, 591], [361, 633], [275, 633]], '재미있게', 0.6922695636749268), ([[275, 643], [341, 643], [341, 681], [275, 681]], '놀자고', 0.9955858752809611)]
[([[147, 311], [165, 311], [165, 333], [147, 333]], '앗', 0.2582508121239613), ([[217, 555], [275, 555], [275, 591], [217, 591]], '자세틀', 0.8094683731297896), ([[290, 574], [324, 574], [324, 602], [290, 602]], '알어', 0.9961872525603345), ([[217, 597], [277, 597], [277, 635], [217, 635]], '이렇게', 0.12605552627256472), ([[217, 641], [291, 641], [291, 679], [217, 679]], '뒤집으면', 0.9860097765922546), ([[443, 829], [499, 829], [499, 865], [443, 865]], "'충분히", 0.5501834154129028), ([[438, 870], [508, 870], [508, 902], [438, 902]], '부드리위', 0.8614470958709717), ([[438, 910], [480, 910], [480, 942], [438, 942]], '젖네"', 0.29065048474239497)]
[([[361, 77], [419, 77], [419, 113], [361, 113]], '이렇제', 0.3601311208541845), ([[284, 126], [342, 126], [342, 158], [284, 158]], '자지가', 0.9995987580314117), ([[362, 118], [400, 118], [400, 150], [362, 150]], '하면', 0.9994801160671282), ([[282, 164], [338, 164], [338, 196], [282, 196]], '끝까지', 0.9925172659186693), ([[284, 204], [372, 204], [372, 236], [284, 236]], '들어간다고', 0.90795799603432), ([[481, 869], [519, 869], [519, 931], [481, 931]], '4', 0.013089957938973384), ([[553, 923], [569, 923], [569, 945], [553, 945]], '아', 0.6733293405362453)]
[([[175, 59], [241, 59], [241, 95], [175, 95]], '더 이상', 0.9878164497822498), ([[402, 158], [432, 158], [432, 206], [402, 206]], '햇', 0.1943015232758194), ([[357, 227], [403, 227], [403, 263], [357, 263]], '않돼', 0.06820941547471476), ([[443, 211], [481, 211], [481, 267], [443, 267]], "'확", 0.27818230899994634), ([[27, 293], [69, 293], [69, 333], [27, 333]], "'참을", 0.8523849196857239), ([[607, 369], [627, 369], [627, 393], [607, 393]], '호', 0.14258570943347681), ([[232, 410], [288, 410], [288, 462], [232, 462]], "'아앗", 0.20220103770031816), ([[420.10123368240687, 714.262442098863], [466.6221589053331, 754.7312974120618], [392.89876631759313, 837.737557901137], [345.3778410946669, 796.2687025879382]], '@', 0.39761821722104074)]
[([[477, 81], [497, 81], [497, 115], [477, 115]], '모', 0.357589873306555), ([[469, 135], [531, 135], [531, 179], [469, 179]], '싸버린', 0.4688912027328443), ([[475, 195], [493, 195], [493, 225], [475, 225]], '거', 0.854033374175799), ([[371, 283], [427, 283], [427, 319], [371, 319]], '정말이지', 0.9485616683959961), ([[3, 311], [95, 311], [95, 347], [3, 347]], '다른 사람들이', 0.7046465223435099), ([[369, 323], [441, 323], [441, 359], [369, 359]], '이런하심한', 0.6484584516418583), ([[3, 353], [81, 353], [81, 389], [3, 389]], '보면 뒤다고', 0.505451394979148), ([[371, 363], [415, 363], [415, 399], [371, 399]], '모습올', 0.8384146673646667), ([[3, 397], [53, 397], [53, 433], [3, 433]], '활까나', 0.3066532921147955), ([[322, 528], [358, 528], [358, 558], [322, 558]], '나는', 0.9903584176369835), ([[586, 542], [630, 542], [630, 572], [586, 572]], '그래도', 0.5221790310116023), ([[322, 566], [390, 566], [390, 596], [322, 596]], '싸지 못해', 0.35256944130322315), ([[584, 582], [614, 582], [614, 610], [584, 610]], '아직', 0.9873246442194181), ([[322, 604], [372, 604], [372, 634], [322, 634]], '으니간', 0.8929264136676159), ([[153, 797], [247, 797], [247, 833], [153, 833]], '겨우 이정도로', 0.8787529031621262), ([[153, 837], [219, 837], [219, 873], [153, 873]], '울면 정말', 0.7622439388288418), ([[152, 878], [230, 878], [230, 910], [152, 910]], '곤란하다고', 0.7684841884947866), ([[48, 926], [112, 926], [112, 976], [48, 976]], "'아앗", 0.16741084995078948)]
[([[53, 329], [113, 329], [113, 395], [53, 395]], "'아아", 0.11670332703693792), ([[161, 547], [221, 547], [221, 587], [161, 587]], '자지능', 0.40174314733900435), ([[161, 595], [221, 595], [221, 635], [161, 635]], '아직도', 0.99971616897152), ([[433, 593], [483, 593], [483, 633], [433, 633]], "더의장'", 0.11017446219921112), ([[161, 643], [245, 643], [245, 683], [161, 683]], '건강한길?', 0.6718523441562766), ([[385, 637], [447, 637], [447, 713], [385, 713]], '[', 0.13933561385450677), ([[273, 829], [319, 829], [319, 873], [273, 873]], "'아앗", 0.5323477359361493), ([[2, 908], [58, 908], [58, 972], [2, 972]], '렌찮)', 0.017850448837433423)]
[]
[([[500, 176], [524, 176], [524, 234], [500, 234]], '차', 0.3186165488526207), ([[108, 374], [188, 374], [188, 430], [108, 430]], "아아야'", 0.17883487045764923), ([[140, 524], [196, 524], [196, 556], [140, 556]], '아직도', 0.9992316026835244), ([[556, 542], [584, 542], [584, 582], [556, 582]], '품', 0.04173870970672433), ([[142, 564], [196, 564], [196, 596], [142, 596]], '자지가', 0.99832896600531), ([[141, 603], [227, 603], [227, 641], [141, 641]], '벌벌퍼논데', 0.5351596763763158), ([[9, 835], [73, 835], [73, 875], [9, 875]], '느끼는', 0.33169595450857753), ([[11, 885], [63, 885], [63, 923], [11, 923]], '거야?', 0.7636742915533733)]
[([[590, 32], [632, 32], [632, 60], [590, 60]], '어이', 0.9967936269793356), ([[590, 70], [651, 70], [651, 100], [590, 100]], '뭐라고', 0.7489803289452229), ([[592, 108], [634, 108], [634, 138], [592, 138]], '말좀', 0.7698477749573598), ([[590, 146], [634, 146], [634, 174], [590, 174]], "'해화", 0.8696683458583228), ([[563, 179], [603, 179], [603, 249], [563, 249]], "'$", 0.13734230335285755), ([[300, 236], [340, 236], [340, 262], [300, 262]], '[자지', 0.8212496416125723), ([[300, 266], [368, 266], [368, 292], [300, 292]], '기분 종습', 0.4135912167861799), ([[300, 296], [340, 296], [340, 322], [300, 322]], '니다|', 0.4417855186549428), ([[258, 354], [298, 354], [298, 384], [258, 384]], '([#게', 0.3063546121120453), ([[72, 374], [104, 374], [104, 414], [72, 414]], '기', 0.9893957476399464), ([[260, 388], [346, 388], [346, 418], [260, 418]], '해주세오]다고', 0.2018750577166166), ([[595, 529], [615, 529], [615, 553], [595, 553]], '기', 0.9995907963794401), ([[594, 564], [636, 564], [636, 594], [594, 594]], '종습', 0.5587496953936768), ([[596, 602], [638, 602], [638, 634], [596, 634]], '니다', 0.7104100902820054), ([[188, 706], [232, 706], [232, 738], [188, 738]], '싸게', 0.4759750927452376), ([[188, 746], [234, 746], [234, 778], [188, 778]], '해주', 0.9999439451516483), ([[190, 788], [232, 788], [232, 818], [190, 818]], '세요', 0.999827708030808)]
[([[441, 27], [507, 27], [507, 67], [441, 67]], '하하창', 0.5669665660053442), ([[213, 65], [273, 65], [273, 101], [213, 101]], '[두근두근', 0.189680707273431), ([[355, 55], [453, 55], [453, 93], [355, 93]], '[타가하시군의', 0.7741728180223373), ([[214, 106], [272, 106], [272, 138], [214, 138]], '[거리논컵', 0.12726587123798133), ([[357, 97], [427, 97], [427, 133], [357, 133]], '그런 말올', 0.45483831064283387), ([[17, 135], [87, 135], [87, 173], [17, 173]], '나이제', 0.9996783164736722), ([[357, 137], [409, 137], [409, 173], [357, 173]], '듣다니', 0.9692220476871237), ([[17, 179], [81, 179], [81, 215], [17, 215]], '가버길', 0.23125594356920703), ([[17, 221], [95, 221], [95, 259], [17, 259]], '것 같아!', 0.9227498608766338), ([[87, 479], [131, 479], [131, 515], [87, 515]], "'함께", 0.9970509969249254), ([[85, 523], [175, 523], [175, 559], [85, 559]], '가게 해줄', 0.9573639446167178), ([[87, 565], [153, 565], [153, 603], [87, 603]], '테니깐', 0.6261880563595678), ([[57, 739], [123, 739], [123, 813], [57, 813]], '산다', 0.02708837771401609), ([[1, 779], [67, 779], [67, 849], [1, 849]], '가다', 0.3427467160915344)]
[([[442, 162], [474, 162], [474, 208], [442, 208]], '하', 0.9996838819507161), ([[178, 444], [236, 444], [236, 492], [178, 492]], '하아', 0.9940627247214744), ([[127, 535], [163, 535], [163, 571], [127, 571]], '아', 0.9999722244284079), ([[135, 585], [191, 585], [191, 629], [135, 629]], '아앗', 0.8952767718216833), ([[608, 612], [634, 612], [634, 648], [608, 648]], '하', 0.9930948426077215), ([[588, 710], [642, 710], [642, 820], [588, 820]], '닭', 0.05300174466330021), ([[435, 919], [481, 919], [481, 955], [435, 955]], '하아', 0.9998659756524383)]
[([[475, 167], [551, 167], [551, 205], [475, 205]], '깨끗하게', 0.8874483244519437), ([[473, 213], [535, 213], [535, 253], [473, 253]], '하라고', 0.9969817173711343)]
[([[53, 136], [174, 136], [174, 172], [53, 172]], '설마 다가하시군이', 0.6345115631761744), ([[184, 140], [260, 140], [260, 170], [184, 170]], '일종의 보험', 0.9189878156201742), ([[53, 177], [175, 177], [175, 213], [53, 213]], '이런 골분전인 일올', 0.3422165796380614), ([[184, 176], [224, 176], [224, 202], [184, 202]], '이야;', 0.5919930404160867), ([[53, 219], [175, 219], [175, 255], [53, 255]], '스스로소문탤리는', 0.5549347852276024), ([[53, 259], [135, 259], [135, 295], [53, 295]], '없흘-지만', 0.059630519738935364), ([[545, 425], [609, 425], [609, 463], [545, 463]], '혹시라도', 0.986973226070404), ([[546, 470], [626, 470], [626, 502], [546, 502]], '이런사진이', 0.9021239974604974), ([[545, 509], [623, 509], [623, 545], [545, 545]], '돌아다니게', 0.5435096093101943), ([[63, 527], [127, 527], [127, 571], [63, 571]], '정말로', 0.9992241014786706), ([[545, 549], [595, 549], [595, 585], [545, 585]], '보다면', 0.1583653197818513), ([[61, 583], [153, 583], [153, 627], [61, 627]], '기뻐계지?', 0.3376807640023232)]
[([[178, 372], [214, 372], [214, 402], [178, 402]], '스키', 0.4653049813049394), ([[445, 811], [487, 811], [487, 847], [445, 847]], '수갑', 0.47474163314966894), ([[382, 884], [436, 884], [436, 910], [382, 910]], '풀어주지', 0.5400778537225107), ([[380, 914], [452, 914], [452, 940], [380, 940]], '(않울거 야?', 0.4000579431226907)]
[([[385, 53], [439, 53], [439, 89], [385, 89]], '내일이', 0.9910198365143732), ([[385, 97], [425, 97], [425, 133], [385, 133]], '되면', 0.9843983121913437), ([[25, 233], [65, 233], [65, 269], [25, 269]], '다른', 0.9991199186879552), ([[23, 277], [97, 277], [97, 313], [23, 313]], '녀석이 또', 0.4626516765975142), ([[467, 283], [507, 283], [507, 323], [467, 323]], '걱정', 0.9861441014994129), ([[25, 319], [95, 319], [95, 357], [25, 357]], '올데니깐', 0.2154710292816162), ([[467, 329], [525, 329], [525, 365], [467, 365]], '하지마', 0.9963362170450503), ([[62, 444], [104, 444], [104, 476], [62, 476]], '타카', 0.8540934901221842), ([[563, 465], [591, 465], [591, 481], [563, 481]], '으에', 0.5269823872831131), ([[61, 485], [119, 485], [119, 521], [61, 521]], '하시군', 0.9735928599674388), ([[515, 521], [529, 521], [529, 545], [515, 545]], '또', 0.6818201335878626), ([[511, 559], [551, 559], [551, 595], [511, 595]], '놀자', 0.9903065561986961)]
[([[73, 183], [209, 183], [209, 273], [73, 273]], '[[박', 0.03916321974813987)]
[([[74, 340], [636, 340], [636, 370], [74, 370]], ':네:5벼 19 묶다} - 01"추2 %3-력?<< 12호-0', 0.0019269450094599701), ([[71, 373], [281, 373], [281, 401], [71, 401]], '85 035 5 _ 히 * 화', 0.11326113716148696), ([[306, 378], [396, 378], [396, 402], [306, 402]], '6;6우', 0.02547042816877365), ([[409, 374], [630, 374], [630, 405], [409, 405]], "-스# < 다발쏟  '갑놀다벼", 0.003870500418167869), ([[71, 410], [201, 410], [201, 436], [71, 436]], "오하구'` <당", 9.699841338988556e-05), ([[208, 410], [640, 410], [640, 438], [208, 438]], '보몸 . ##봇 손 시-#*0 -:* -5 [#학 군 3]', 0.0026452934762181525), ([[71, 443], [540, 443], [540, 474], [71, 474]], "865 8디+ 71-721차-스1?0정 : -1'", 0.002179528854621296), ([[562, 448], [630, 448], [630, 474], [562, 474]], "'표끼:", 0.6802239418029785), ([[70, 479], [606, 479], [606, 509], [70, 509]], '티: <다 0 #36  노 ~  :당    #00# 춤건<57 # #소', 0.00043911576968993935), ([[69, 511], [630, 511], [630, 544], [69, 544]], '속미#스 7 |-테튀짐{# 0+] 0 +7 +) <네 쓸*7 5 축# 2', 0.00034842431392100465), ([[87, 549], [630, 549], [630, 578], [87, 578]], ' 표폭,2디* 300하0. 속미: ##03 ^ 별타0취-초#또0', 0.001223350571299297), ([[70, 583], [339, 583], [339, 609], [70, 609]], "주잇 ? 쏟내차 3 ##못'07", 0.0014812078000046155), ([[346, 586], [538, 586], [538, 612], [346, 612]], '@론-*0 굶  +-잘춤 .', 0.004200143377364244), ([[546, 586], [630, 586], [630, 612], [546, 612]], '6 << 상', 0.061038004961026585), ([[70, 618], [618, 618], [618, 648], [70, 648]], ',~사 숲표볶<토다 [*수 08] 57570 - * 2뜨 : 당 .', 0.0003698504052770839), ([[68, 653], [459, 653], [459, 681], [68, 681]], '틈소디주 손 51-31-만량0숲: 5 207', 0.004491928417534557), ([[403, 721], [566, 721], [566, 752], [403, 752]], '2010 쇼11 궁 6 타', 0.11200044866180235), ([[578, 726], [630, 726], [630, 750], [578, 750]], '19 틈', 0.275917530739595)]
[([[536, 128], [584, 128], [584, 160], [536, 160]], '정신이', 0.9463244735003546), ([[536, 166], [584, 166], [584, 198], [536, 198]], '들어네', 0.28843414783477783), ([[534, 206], [612, 206], [612, 238], [534, 238]], '타가하시군', 0.9336128834082063), ([[54, 514], [96, 514], [96, 540], [54, 540]], '(그라서', 0.7462289725543585), ([[572, 502], [618, 502], [618, 534], [572, 534]], '이대로', 0.9934524792757321), ([[571, 541], [645, 541], [645, 577], [571, 577]], '죽어 버리는', 0.3272963326459804), ([[16, 558], [48, 558], [48, 590], [16, 590]], '너무', 0.9957584518642733), ([[573, 581], [663, 581], [663, 617], [573, 617]], '출일하다니간', 0.14052745762752142), ([[18, 598], [74, 598], [74, 630], [18, 630]], '시시하지', 0.961227536201477), ([[46, 914], [118, 914], [118, 944], [46, 944]], '(아키즈키?', 0.15210691858551595)]
[([[278, 208], [324, 208], [324, 234], [278, 234]], '%소', 0.022200491739891564), ([[282, 242], [322, 242], [322, 266], [282, 266]], '18어*다', 0.0034804050239431975), ([[268, 310], [334, 310], [334, 340], [268, 340]], '쫓;타', 0.04741173917057558), ([[120, 343], [484, 343], [484, 372], [120, 372]], '2010 - 11 턱 14벼 ; 크섯저 >"+ 13', 0.019378140719534098), ([[270, 416], [336, 416], [336, 440], [270, 440]], '.톤해', 0.0004214856202469904), ([[230, 450], [376, 450], [376, 474], [230, 474]], '-00-1#', 0.09798619668941135), ([[270, 518], [338, 518], [338, 548], [270, 548]], '##소', 0.22164580901123812), ([[186, 554], [270, 554], [270, 578], [186, 578]], '메리+서,;리1', 0.0011028527929451673), ([[276, 554], [420, 554], [420, 578], [276, 578]], '19@항어+물리;|. 네어카', 0.00010127463585294463), ([[140, 588], [464, 588], [464, 614], [140, 614]], "훌'+명://5깨,+물석7+리|. `교어신,라진리. ;명/", 2.748744274154101e-07), ([[51, 896], [552, 896], [552, 926], [51, 926]], '초잘소촌 0#^ ### ( ##후-# #렉교#; 나%소 내   }', 0.000148635047176823)]
[([[132, 198], [194, 198], [194, 230], [132, 230]], '멈처지만 ', 0.12400330897448217), ([[376, 210], [408, 210], [408, 242], [376, 242]], '별로', 0.9711454893100208), ([[67, 237], [107, 237], [107, 275], [67, 275]], '제법', 0.9324889299187867), ([[376, 250], [432, 250], [432, 282], [376, 282]], '움직이지', 0.9744992852210999), ([[67, 281], [109, 281], [109, 317], [67, 317]], '세계', 0.23853425428823696), ([[376, 290], [434, 290], [434, 322], [376, 322]], '암는편이', 0.14801959693431854), ([[67, 323], [143, 323], [143, 361], [67, 361]], '때려거든', 0.3970912992954254), ([[376, 330], [424, 330], [424, 362], [376, 362]], '좋율결?', 0.0666075050830841), ([[238, 480], [290, 480], [290, 512], [238, 512]], '1수갑', 0.4182157124142687), ([[236, 518], [270, 518], [270, 550], [236, 550]], '제법', 0.5655081663936671), ([[20, 556], [68, 556], [68, 588], [20, 588]], "'싸구러", 0.5507686734199524), ([[238, 556], [306, 556], [306, 588], [238, 588]], '쓸만하지?.', 0.1734833375887319), ([[20, 594], [98, 594], [98, 626], [20, 626]], '장난감 같은', 0.9190537214280567), ([[22, 632], [88, 632], [88, 664], [22, 664]], '게 아니다', 0.9933510549998006), ([[22, 670], [84, 670], [84, 702], [22, 702]], '진지라고', 0.27142632007598877), ([[478, 724], [502, 724], [502, 748], [478, 748]], '?!', 0.9163832642969859)]
[([[310, 92], [370, 92], [370, 122], [310, 122]], '아키즈키', 0.1945182830095291), ([[278, 142], [344, 142], [344, 174], [278, 174]], '이 새끼개', 0.713114657587687), ([[515, 363], [581, 363], [581, 399], [515, 399]], '이런 짓올', 0.28067151042452393), ([[516, 406], [612, 406], [612, 438], [516, 438]], '하고그냥 끝날', 0.9913646143361843), ([[513, 445], [581, 445], [581, 481], [513, 481]], '줄아나"?', 0.5671998502460034), ([[23, 669], [87, 669], [87, 707], [23, 707]], '나불거길', 0.45788559317588806), ([[495, 655], [561, 655], [561, 693], [495, 693]], '주들이률', 0.20088396966457367), ([[23, 711], [105, 711], [105, 749], [23, 749]], '상황이라고', 0.9275190634424004), ([[25, 753], [125, 753], [125, 789], [25, 789]], '생각하나보자?', 0.9184584788254411)]
[]
[([[572, 34], [650, 34], [650, 156], [572, 156]], '급', 0.028238200281555104), ([[609, 145], [645, 145], [645, 181], [609, 181]], "'매", 0.04672301953534355)]
[([[48, 544], [132, 544], [132, 576], [48, 576]], '타가하시권', 0.30405922801272983), ([[48, 582], [116, 582], [116, 612], [48, 612]], '표경자지', 0.8280314803123474), ([[48, 618], [102, 618], [102, 648], [48, 648]], '엿구나', 0.6713931234043429), ([[100, 686], [166, 686], [166, 716], [100, 716]], '이래서야', 0.995912492275238), ([[98, 722], [150, 722], [150, 752], [98, 752]], '숨길만', 0.41640623285706013), ([[98, 758], [140, 758], [140, 786], [98, 786]], '한결 .', 0.6304933304728394)]
