2659355
39
[([[525, 23], [641, 23], [641, 193], [525, 193]], '훌용', 0.0016437071471534284), ([[529, 183], [569, 183], [569, 249], [529, 249]], '#', 0.03458376326685575), ([[580, 156], [636, 156], [636, 278], [580, 278]], '팩', 0.04789933450146666), ([[84, 307], [438, 307], [438, 404], [84, 404]], '갈', 0.027641962821868482), ([[529, 399], [545, 399], [545, 439], [529, 439]], '동', 0.07671744864169128), ([[529, 451], [545, 451], [545, 547], [529, 547]], "'", 0.5753443727917649), ([[529, 545], [545, 545], [545, 587], [529, 587]], '품', 0.423170489034419), ([[549, 475], [563, 475], [563, 629], [549, 629]], '!', 0.4811822512408668), ([[529, 599], [543, 599], [543, 629], [529, 629]], '운', 0.021140710099315507), ([[587, 615], [699, 615], [699, 651], [587, 651]], '번역 % 농.', 0.16473772276811816), ([[22, 654], [74, 654], [74, 682], [22, 682]], '묘18', 0.3797437411713837), ([[587, 659], [1013, 659], [1013, 695], [587, 695]], '죄{드[반[-`@--|0형할어@옷|히서훨@@머93002', 1.6272681309728855e-07), ([[21, 679], [69, 679], [69, 697], [21, 697]], "'#시미]", 0.09923640264334559)]
[([[135, 113], [151, 113], [151, 151], [135, 151]], '릇', 0.5237391692111402), ([[376, 122], [408, 122], [408, 162], [376, 162]], '콤잎', 0.02381982171675524), ([[377, 155], [391, 155], [391, 185], [377, 185]], '오', 0.014738198464919527), ([[377, 199], [393, 199], [393, 227], [377, 227]], '난', 0.11035194314443775), ([[76, 484], [132, 484], [132, 508], [76, 508]], '*도련님', 0.5501502752304077), ([[147, 487], [191, 487], [191, 501], [147, 501]], '여기서', 0.9997648957423383), ([[197, 487], [337, 487], [337, 507], [197, 507]], '도련님이란 고생(어떤', 0.5012615144896325), ([[342, 484], [482, 484], [482, 508], [342, 508]], '의미인지논 아실듯)올', 0.8476057489699873), ([[486, 484], [602, 484], [602, 508], [486, 508]], '모르고 자란 사람', 0.6275680840371327), ([[269, 523], [285, 523], [285, 549], [269, 549]], '도', 0.7025452221103166), ([[640, 524], [666, 524], [666, 550], [640, 550]], '아', 0.998969105468305), ([[189, 535], [207, 535], [207, 573], [189, 573]], '안', 0.9994809109248628), ([[189, 575], [207, 575], [207, 603], [189, 603]], '안', 0.9999747277902884), ([[265, 551], [285, 551], [285, 599], [265, 599]], '련', 0.05771398684898088), ([[416, 575], [440, 575], [440, 691], [416, 691]], '꿀', 0.12945158717976657), ([[627, 687], [656, 687], [656, 778], [627, 778]], '협', 0.3696833284386827), ([[39, 893], [55, 893], [55, 923], [39, 923]], '하', 0.6151223286191367), ([[59, 847], [77, 847], [77, 911], [59, 911]], '푹', 0.21597380162055035), ([[39, 933], [55, 933], [55, 981], [39, 981]], '움', 0.182950500334905), ([[39, 983], [55, 983], [55, 1019], [39, 1019]], '반', 0.055701725967701954), ([[593.2891314594269, 572.0854389836506], [617.6208757731332, 566.0649508906432], [629.7108685405731, 618.9145610163494], [605.3791242268668, 623.9350491093568]], '약', 0.14670862282426445)]
[([[201, 139], [245, 139], [245, 215], [201, 215]], '3', 0.05909683596424831), ([[485, 167], [501, 167], [501, 199], [485, 199]], '둑', 0.07140395900552576), ([[199, 313], [215, 313], [215, 345], [199, 345]], '잠', 0.9969578311779834), ([[205, 381], [225, 381], [225, 405], [205, 405]], '와', 0.4437298205822948), ([[546, 290], [598, 290], [598, 419], [546, 419]], '"', 0.01749755478159898), ([[143, 721], [183, 721], [183, 741], [143, 741]], '귀 에', 0.9782161116600037), ([[145, 757], [183, 757], [183, 775], [145, 775]], '위 하', 0.8680223822593689), ([[143, 771], [183, 771], [183, 807], [143, 807]], '@무', 0.018069276681217238)]
[([[133, 49], [173, 49], [173, 101], [133, 101]], '꽃닭', 0.021512620282358567), ([[153, 105], [171, 105], [171, 139], [153, 139]], '옛', 0.037056512064205016), ([[131, 121], [151, 121], [151, 173], [131, 173]], '%', 0.04039877366415201), ([[155, 139], [171, 139], [171, 161], [155, 161]], '면', 0.9995685089280073)]
[([[395, 627], [411, 627], [411, 653], [395, 653]], '털', 0.9490403430920793), ([[627, 593], [669, 593], [669, 663], [627, 663]], '훌#', 0.0013948790199835633), ([[395, 665], [411, 665], [411, 701], [395, 701]], '좀', 0.9976635529654665), ([[243, 719], [259, 719], [259, 751], [243, 751]], '퍽', 0.29723698508385965), ([[393, 719], [411, 719], [411, 751], [393, 751]], '탑', 0.13736246294412524), ([[619, 759], [635, 759], [635, 793], [619, 793]], '누', 0.14212552007993295), ([[597, 759], [613, 759], [613, 827], [597, 827]], '품', 0.3881338594789021), ([[617, 791], [635, 791], [635, 825], [617, 825]], '한', 0.38991736659910714), ([[597, 833], [613, 833], [613, 863], [597, 863]], '옆', 0.011373382314786795), ([[107, 903], [123, 903], [123, 953], [107, 953]], '흙', 0.1718638401827386), ([[569, 925], [587, 925], [587, 955], [569, 955]], '업', 0.15789806992785316), ([[527.3214058935425, 730.0462630228603], [568.5643678746691, 724.2510260947545], [578.6785941064575, 812.9537369771397], [537.4356321253309, 818.7489739052455]], '꿈', 0.010844215993617345)]
[([[353, 187], [373, 187], [373, 227], [353, 227]], '창', 0.7541444017997492), ([[353, 229], [375, 229], [375, 249], [353, 249]], '화', 0.9490170006750454), ([[270, 446], [318, 446], [318, 508], [270, 508]], ';', 0.12139568237047627), ([[279, 855], [297, 855], [297, 877], [279, 877]], '후', 0.9999845028523993), ([[279, 875], [297, 875], [297, 903], [279, 903]], '옷', 0.342543190997052)]
[([[205, 535], [221, 535], [221, 559], [205, 559]], '음', 0.2496771961066111), ([[89, 951], [109, 951], [109, 975], [89, 975]], '옛', 0.9975506778504304)]
[([[24, 234], [50, 234], [50, 264], [24, 264]], '와', 0.20559251906784315), ([[327, 203], [371, 203], [371, 285], [327, 285]], '@', 0.007990553843522152), ([[570, 248], [594, 248], [594, 296], [570, 296]], '병', 0.03341058116972939), ([[609, 405], [631, 405], [631, 425], [609, 425]], '아', 0.9999570851161934), ([[27, 703], [45, 703], [45, 729], [27, 729]], '옷', 0.38841806028745296), ([[63, 927], [81, 927], [81, 955], [63, 955]], '음', 0.528307937540351)]
[([[299, 59], [317, 59], [317, 83], [299, 83]], '귀', 0.9687878562040311), ([[299, 81], [317, 81], [317, 115], [299, 115]], '역', 0.6588876387477285), ([[316, 61], [336, 61], [336, 162], [316, 162]], '"', 0.009923451078186984), ([[341, 123], [359, 123], [359, 149], [341, 149]], '진', 0.9995048659158243), ([[207, 161], [245, 161], [245, 179], [207, 179]], '과 꽤', 0.5497323274612427), ([[249, 163], [267, 163], [267, 199], [249, 199]], '안', 0.4133125034007925), ([[99, 183], [115, 183], [115, 233], [99, 233]], '품', 0.11356264094051571), ([[209, 177], [225, 177], [225, 229], [209, 229]], '품', 0.08703577120252604), ([[249, 219], [265, 219], [265, 257], [249, 257]], '철', 0.04387294443435885), ([[111, 539], [129, 539], [129, 573], [111, 573]], '합', 0.6646296135103036), ([[379, 509], [423, 509], [423, 563], [379, 563]], '곧격', 0.0003852315228115163), ([[113, 575], [129, 575], [129, 611], [113, 611]], '눈', 0.9867738844576621), ([[133, 543], [151, 543], [151, 597], [133, 597]], '품', 0.04407333386247103), ([[131, 603], [151, 603], [151, 637], [131, 637]], '팔', 0.3023009246398942), ([[113, 613], [129, 613], [129, 661], [113, 661]], '흙', 0.12080186099677892), ([[336.47818194971444, 60.06927321394347], [356.72708497130543, 58.13684476102988], [359.52181805028556, 100.93072678605654], [339.27291502869457, 102.86315523897012]], '팩', 0.49210492400675676)]
[([[45, 93], [59, 93], [59, 115], [45, 115]], '음', 0.9988940437469864), ([[345, 145], [363, 145], [363, 177], [345, 177]], '늙', 0.03505038256486159), ([[599, 125], [615, 125], [615, 181], [599, 181]], '춤', 0.029319081233787125), ([[369, 169], [385, 169], [385, 201], [369, 201]], '흙', 0.37436862009877814), ([[345, 183], [385, 183], [385, 225], [345, 225]], '묵탤', 0.002801801324669275), ([[179, 915], [217, 915], [217, 967], [179, 967]], '8', 0.22396807458962087), ([[142.40893555107445, 813.0350586290252], [182.81312021653355, 819.8664356001956], [168.59106444892555, 906.9649413709748], [128.18687978346645, 900.1335643998044]], '밟', 0.006068234707395925)]
[([[553, 161], [571, 161], [571, 197], [553, 197]], '알', 0.026293544067234942), ([[529, 199], [571, 199], [571, 241], [529, 241]], '% 천', 0.4008164840216539), ([[533, 241], [551, 241], [551, 273], [533, 273]], '만', 0.999880079050186), ([[355, 415], [371, 415], [371, 455], [355, 455]], '글', 0.8470444795541567), ([[309, 439], [353, 439], [353, 497], [309, 497]], '유자', 0.006826988791154347), ([[513, 437], [533, 437], [533, 479], [513, 479]], '산', 0.09509874384144723), ([[208, 478], [234, 478], [234, 502], [208, 502]], '에', 0.990964174549859), ([[335, 483], [349, 483], [349, 505], [335, 505]], '틀', 0.9403877553707254), ([[515, 497], [531, 497], [531, 529], [515, 529]], '낌', 0.08982776664390091), ([[666, 550], [726, 550], [726, 576], [666, 576]], '얘 의 얘', 0.5359525313627477), ([[596, 564], [622, 564], [622, 598], [596, 598]], '얘', 0.950024004826119), ([[667, 569], [683, 569], [683, 603], [667, 603]], '볼', 0.33606935866716015), ([[688, 568], [726, 568], [726, 598], [688, 598]], '미 널', 0.30874428153038025), ([[175, 597], [193, 597], [193, 645], [175, 645]], '향', 0.04108880186073116), ([[195, 593], [213, 593], [213, 635], [195, 635]], '채', 0.4370118757089223), ([[599, 601], [619, 601], [619, 643], [599, 643]], '널', 0.05882207457473165), ([[689, 585], [705, 585], [705, 643], [689, 643]], '하', 0.05214110863197008), ([[527, 601], [543, 601], [543, 667], [527, 667]], '"', 0.0037879855140344892), ([[667, 625], [683, 625], [683, 675], [667, 675]], '출', 0.14790020714541274), ([[709, 609], [725, 609], [725, 665], [709, 665]], '올', 0.1032905187230746), ([[153, 663], [169, 663], [169, 689], [153, 689]], '하', 0.9434365539961256), ([[190, 655], [214, 655], [214, 708], [190, 708]], '틀', 0.06078376931333196), ([[527, 669], [543, 669], [543, 697], [527, 697]], '까', 0.8487077959830778), ([[687, 661], [727, 661], [727, 717], [687, 717]], '용릎', 0.18848854617394672), ([[159, 705], [173, 705], [173, 729], [159, 729]], '도', 0.9957325783616966), ([[631, 761], [647, 761], [647, 803], [631, 803]], '주', 0.26243658696688854), ([[577, 793], [595, 793], [595, 827], [577, 827]], '늙', 0.3956685293065334), ([[577, 849], [597, 849], [597, 899], [577, 899]], '장', 0.019201065570456644)]
[([[14, 899], [199, 899], [199, 973], [14, 973]], '예죄 8 농앉', 0.009637491719572294), ([[349, 903], [675, 903], [675, 987], [349, 987]], '#중스야물', 0.00142744884077648), ([[20, 974], [646, 974], [646, 1022], [20, 1022]], '훌++권:|-69 ,치+라*.<어가/;좀서,처어마93002', 3.991993411634736e-06)]
[([[593, 481], [637, 481], [637, 517], [593, 517]], '유 숲', 0.16740925194653192), ([[593, 513], [637, 513], [637, 551], [593, 551]], '둘락', 0.15753001637751893), ([[347, 569], [361, 569], [361, 605], [347, 605]], '슬', 0.795557810069468), ([[595, 547], [615, 547], [615, 599], [595, 599]], '푹', 0.39641288272549957), ([[323, 593], [343, 593], [343, 659], [323, 659]], '품', 0.03958756263919927), ([[431, 637], [451, 637], [451, 687], [431, 687]], '곁', 0.03719268912296436), ([[433, 765], [473, 765], [473, 817], [433, 817]], '훌품', 0.012589535318591394), ([[326, 834], [376, 834], [376, 950], [326, 950]], '몸', 0.0016088718272260771)]
[([[540, 470], [566, 470], [566, 494], [540, 494]], '왜', 0.9991587978140757), ([[449, 705], [467, 705], [467, 737], [449, 737]], '팔', 0.217796138249704), ([[451, 773], [467, 773], [467, 803], [451, 803]], '양', 0.4333536876566235), ([[299, 811], [343, 811], [343, 867], [299, 867]], '#품', 0.0532848279484874), ([[99, 889], [117, 889], [117, 921], [99, 921]], '흙', 0.047048540869000455)]
[([[361, 233], [381, 233], [381, 291], [361, 291]], '물', 0.0995033895264621), ([[341, 274], [361, 274], [361, 341], [341, 341]], '탕', 0.0038573572506739456), ([[363, 291], [381, 291], [381, 325], [363, 325]], '필', 0.6482873062398085), ([[67, 345], [83, 345], [83, 377], [67, 377]], '별', 0.5253345944376555), ([[363, 325], [381, 325], [381, 369], [363, 369]], '한', 0.3409897166454954), ([[27, 345], [43, 345], [43, 411], [27, 411]], '품', 0.010538128770605726), ([[47, 361], [63, 361], [63, 395], [47, 395]], '하', 0.34233565714659164), ([[45, 417], [63, 417], [63, 451], [45, 451]], '양', 0.984097789230475), ([[583, 607], [599, 607], [599, 655], [583, 655]], '흙', 0.0048728342385518375), ([[318, 650], [350, 650], [350, 676], [318, 676]], '네!', 0.87959876826731), ([[89, 685], [131, 685], [131, 721], [89, 721]], '터하', 0.1570664237818272), ([[581, 695], [599, 695], [599, 717], [581, 717]], '면', 0.9997788789928599), ([[89, 717], [109, 717], [109, 745], [89, 745]], '판', 0.6066319565434242), ([[491, 723], [507, 723], [507, 757], [491, 757]], '뿐', 0.190733689342526), ([[91, 731], [131, 731], [131, 781], [91, 781]], '용역', 0.08376321689714235)]
[([[157.05783693933762, 499.04945092370735], [296.6870373472795, 533.6472607184452], [274.9421630606624, 611.9505490762926], [135.3129626527205, 577.3527392815548]], '서무)', 0.1751147227135681)]
[([[584, 78], [640, 78], [640, 158], [584, 158]], ':', 0.005317949333832894), ([[301, 571], [341, 571], [341, 629], [301, 629]], '훌출', 0.13404604673170925), ([[299, 635], [317, 635], [317, 667], [299, 667]], '장', 0.2487422589695143), ([[323, 645], [339, 645], [339, 711], [323, 711]], '@', 0.06013831770565048), ([[301, 687], [319, 687], [319, 717], [301, 717]], '만', 0.999859218784227), ([[85, 811], [99, 811], [99, 851], [85, 851]], '틀', 0.9753538163225564), ([[83, 867], [101, 867], [101, 901], [83, 901]], '필', 0.78284849808799)]
[([[123, 445], [141, 445], [141, 475], [123, 475]], '댁', 0.014057897878871906), ([[409, 479], [427, 479], [427, 533], [409, 533]], '문', 0.009681884887485559), ([[525, 513], [543, 513], [543, 567], [525, 567]], '~', 0.020682423019081853), ([[629, 633], [643, 633], [643, 665], [629, 665]], '핵', 0.025319897868408825), ([[89, 685], [105, 685], [105, 733], [89, 733]], '품', 0.2199279698865988), ([[87, 731], [105, 731], [105, 755], [87, 755]], '판', 0.5207339095287331), ([[333, 813], [349, 813], [349, 859], [333, 859]], '뜻', 0.017352185752542937), ([[173, 823], [191, 823], [191, 901], [173, 901]], '꿀', 0.01816716399452023), ([[333, 869], [349, 869], [349, 899], [333, 899]], '와', 0.29506735823332875), ([[173, 901], [191, 901], [191, 935], [173, 935]], '향', 0.09170608755213383), ([[173, 937], [191, 937], [191, 959], [173, 959]], '호', 0.25710802145306744), ([[328.27164295927076, 655.0668719800622], [360.1065744900239, 649.1561096662329], [370.72835704072924, 716.9331280199378], [338.8934255099761, 722.8438903337671]], '올', 0.2529624325638089)]
[([[28, 2], [68, 2], [68, 34], [28, 34]], '말 가', 0.20709029144735347), ([[14, 30], [38, 30], [38, 68], [14, 68]], '흥', 0.10014041376047444), ([[9, 67], [25, 67], [25, 89], [9, 89]], ':', 0.02038432168430604), ([[111, 209], [127, 209], [127, 255], [111, 255]], ' ', 0.036464499915397575), ([[415, 251], [433, 251], [433, 283], [415, 283]], '뭐', 0.3610962044672874), ([[69, 301], [83, 301], [83, 323], [69, 323]], '건', 0.9869472565037682), ([[395, 277], [413, 277], [413, 327], [395, 327]], '휴', 0.3969075042125638), ([[397, 327], [413, 327], [413, 359], [397, 359]], '요', 0.9905908754959114), ([[417, 307], [435, 307], [435, 363], [417, 363]], '호', 0.042584768324476), ([[333, 551], [349, 551], [349, 583], [333, 583]], '벼', 0.022320158385627176), ([[547, 561], [563, 561], [563, 611], [547, 611]], '값', 0.021136117144543443), ([[331, 607], [349, 607], [349, 637], [331, 637]], '돼', 0.36338768748125005), ([[545, 609], [563, 609], [563, 645], [545, 645]], '푹', 0.004922179086008782), ([[566, 570], [584, 570], [584, 658], [566, 658]], '쥐', 0.004140306151691142), ([[532, 714], [615, 714], [615, 755], [532, 755]], '1 ', 0.09951785968192275), ([[42.526087639617984, 37.05695932243374], [59.20771537599092, 41.40581570369198], [49.473912360382016, 81.94304067756626], [31.792284624009074, 77.59418429630801]], '곁', 0.02258704750414986), ([[32.62230521269975, 76.0359871060387], [50.212086430525716, 81.409136559935], [33.37769478730025, 131.9640128939613], [15.787913569474288, 126.590863440065]], '옆', 0.012032137053369363)]
[([[501, 37], [517, 37], [517, 75], [501, 75]], '문', 0.6210723049212561), ([[499, 75], [519, 75], [519, 109], [499, 109]], '말', 0.09760341390568161), ([[423, 105], [443, 105], [443, 155], [423, 155]], '철', 0.18345196385035312), ([[427, 165], [443, 165], [443, 197], [427, 197]], '봉', 0.10823070252258393), ([[427, 195], [443, 195], [443, 229], [427, 229]], '테', 0.48232341878544105), ([[443, 579], [461, 579], [461, 607], [443, 607]], '감', 0.182172929496077), ([[527, 597], [567, 597], [567, 653], [527, 653]], '슬쓸', 0.0024107378755194872), ([[547, 629], [567, 629], [567, 663], [547, 663]], '흙', 0.9040634876954279), ([[631, 815], [649, 815], [649, 837], [631, 837]], '돕', 0.004645722283287634)]
[([[555, 144], [596, 144], [596, 230], [555, 230]], '%', 0.10873771683488886), ([[502, 292], [532, 292], [532, 352], [502, 352]], '&', 0.021477688578798393), ([[106, 428], [132, 428], [132, 452], [106, 452]], '아', 0.9999428995654434), ([[106, 452], [132, 452], [132, 476], [106, 476]], '아', 0.999906780508141), ([[567, 625], [585, 625], [585, 659], [567, 659]], '둘', 0.05016571633965072), ([[567, 657], [587, 657], [587, 709], [567, 709]], '푹', 0.6553105776727683), ([[53, 703], [69, 703], [69, 739], [53, 739]], '괜', 0.13231023276239284)]
[([[387, 199], [447, 199], [447, 259], [387, 259]], '{', 0.017520722877846007), ([[99, 249], [159, 249], [159, 319], [99, 319]], '+', 0.23369937650798622), ([[133, 485], [147, 485], [147, 531], [133, 531]], '흙', 0.8653794584327024), ([[110, 510], [130, 510], [130, 559], [110, 559]], '품', 0.14366479456872217), ([[109, 559], [127, 559], [127, 593], [109, 593]], '보', 0.8680629855079225), ([[176, 540], [228, 540], [228, 606], [176, 606]], '국"', 0.08052679880704319), ([[608, 546], [632, 546], [632, 576], [608, 576]], '앗', 0.37289000474629574), ([[241, 645], [261, 645], [261, 695], [241, 695]], '앞', 0.16549475237897937), ([[667, 663], [683, 663], [683, 713], [667, 713]], '륙', 0.003196656310801141), ([[646, 710], [684, 710], [684, 734], [646, 734]], '여 도', 0.9869702458381653), ([[217, 727], [233, 727], [233, 759], [217, 759]], '보', 0.3929039450689551), ([[215, 757], [233, 757], [233, 807], [215, 807]], '%', 0.002710474454173731), ([[179, 839], [195, 839], [195, 875], [179, 875]], '잔', 0.6683188137764127), ([[634, 804], [686, 804], [686, 862], [634, 862]], '한', 0.01782430563201931), ([[149, 907], [163, 907], [163, 929], [149, 929]], '좀', 0.9996234533078372), ([[145, 945], [163, 945], [163, 977], [145, 977]], '꿀', 0.2061794853774792)]
[([[108, 192], [582, 192], [582, 243], [108, 243]], '이번 작품은 개인적으로 번역하면서', 0.9929846088667499), ([[106, 258], [301, 258], [301, 311], [106, 311]], '재망계 빛어요', 0.19565118872257983), ([[308, 268], [363, 268], [363, 298], [308, 298]], '허앙', 0.015747061858022642), ([[108, 394], [604, 394], [604, 442], [108, 442]], '다른분들도 재핏으섞으면 중계습니다:', 0.3563721322299624), ([[107, 529], [629, 529], [629, 573], [107, 573]], '어린력이 딸리논지라, 말이 좀 어색해도', 0.3583358776570321), ([[107, 594], [352, 594], [352, 642], [107, 642]], '이해부탁드럽니다.', 0.7858117733653167), ([[109, 667], [207, 667], [207, 707], [109, 707]], '~농약-', 0.5885822176933289)]
[([[439, 201], [457, 201], [457, 237], [439, 237]], '삶', 0.9412443264733703), ([[381, 265], [397, 265], [397, 297], [381, 297]], '양', 0.944852718568999), ([[200, 748], [228, 748], [228, 792], [200, 792]], '도', 0.022612109908088707), ([[186, 786], [210, 786], [210, 828], [186, 828]], ';', 0.007550899676233236)]
[([[322, 206], [356, 206], [356, 238], [322, 238]], '하', 0.9999260916061417), ([[417, 261], [479, 261], [479, 335], [417, 335]], '요 ', 0.009682416181884609), ([[101, 351], [117, 351], [117, 377], [101, 377]], '응', 0.9989301445085665), ([[490, 390], [520, 390], [520, 418], [490, 418]], '아', 0.9999918937847383), ([[468, 468], [494, 468], [494, 492], [468, 492]], '아', 0.9999572043229286), ([[398, 508], [430, 508], [430, 538], [398, 538]], '아', 0.9999814034372889), ([[429, 719], [443, 719], [443, 749], [429, 749]], '속', 0.9680808123148985), ([[509, 715], [523, 715], [523, 759], [509, 759]], '올', 0.1466992169714354), ([[581, 729], [599, 729], [599, 763], [581, 763]], '혀', 0.49468144567427785), ([[429, 771], [443, 771], [443, 793], [429, 793]], '옷', 0.5564853074338458), ([[509, 761], [523, 761], [523, 793], [509, 793]], '채', 0.07378979685302856), ([[273, 867], [289, 867], [289, 915], [273, 915]], '영', 0.9843340821885391), ([[273, 937], [289, 937], [289, 965], [273, 965]], '옆', 0.8345280076925441), ([[119.70728572790588, 418.0143144246401], [147.26679581392352, 413.0118868840566], [165.29271427209412, 525.98568557536], [138.73320418607648, 530.9881131159434]], '{', 0.01372000680399671), ([[290.88425182523287, 499.0781879591533], [348.632930407985, 472.0250768593893], [398.11574817476713, 585.9218120408467], [341.367069592015, 613.9749231406107]], '올', 0.04204141703212727), ([[327.66127093586715, 663.0191842356309], [353.39583595624333, 668.3445072051956], [336.33872906413285, 756.9808157643691], [309.60416404375667, 751.6554927948044]], '활', 0.008760324925526142)]
[([[579, 77], [595, 77], [595, 99], [579, 99]], '못', 0.999941111477952), ([[579, 99], [595, 99], [595, 139], [579, 139]], '참', 0.5347607169538584), ([[7, 109], [45, 109], [45, 169], [7, 169]], '각"', 0.4003288898165589), ([[581, 153], [593, 153], [593, 175], [581, 175]], '옷', 0.6707852224286057), ([[183, 219], [203, 219], [203, 251], [183, 251]], '안', 0.9335244605782833), ([[141, 257], [163, 257], [163, 277], [141, 277]], '아', 0.9999490982811245), ([[183, 255], [201, 255], [201, 283], [183, 283]], '옷', 0.2607501916309616), ([[139, 297], [163, 297], [163, 317], [139, 317]], '아', 0.9991873962121787), ([[145, 325], [159, 325], [159, 357], [145, 357]], '옷', 0.9228805394200243), ([[203, 531], [219, 531], [219, 563], [203, 563]], '품', 0.2675268462832072), ([[389, 541], [407, 541], [407, 589], [389, 589]], '@', 0.09270994958137013), ([[203, 563], [221, 563], [221, 613], [203, 613]], '품', 0.9493262819605661), ([[155, 607], [173, 607], [173, 629], [155, 629]], '분', 0.9994943781232593), ([[157, 631], [175, 631], [175, 665], [157, 665]], '중', 0.04766101863201677), ([[571, 621], [613, 621], [613, 663], [571, 663]], '역현', 0.02837990156889395), ([[571, 677], [611, 677], [611, 733], [571, 733]], '낡교', 0.11185083113286307), ([[573, 731], [589, 731], [589, 763], [573, 763]], '여', 0.26507741754871006), ([[115, 831], [131, 831], [131, 871], [115, 871]], '로', 0.5493860550021878), ([[41, 849], [59, 849], [59, 927], [41, 927]], '물', 0.2745210839305088), ([[335, 893], [347, 893], [347, 925], [335, 925]], '옷', 0.8245933404490167), ([[43, 931], [57, 931], [57, 953], [43, 953]], '옷', 0.6398318019765306), ([[555, 927], [579, 927], [579, 947], [555, 947]], '아', 0.9991894219475661), ([[611, 917], [647, 917], [647, 975], [611, 975]], '국', 0.4864040525825466), ([[142.43345781904964, 142.05398065905806], [170.86204365669903, 138.12652114433655], [179.56654218095036, 199.94601934094194], [151.13795634330097, 203.87347885566345]], '축', 0.14723619775571795)]
[([[237, 69], [275, 69], [275, 143], [237, 143]], '흡', 0.045637238177392625), ([[307, 69], [323, 69], [323, 117], [307, 117]], '흙', 0.10942335376768497), ([[483, 137], [503, 137], [503, 163], [483, 163]], '앗', 0.2778589443256898), ([[165, 249], [183, 249], [183, 283], [165, 283]], '값', 0.1384748417790016), ([[114, 266], [164, 266], [164, 326], [114, 326]], '"륙', 0.21888187824274535), ([[165, 281], [181, 281], [181, 305], [165, 305]], '린', 0.7291972532775617), ([[165, 307], [183, 307], [183, 355], [165, 355]], '잘', 0.03200712531419847), ([[92, 328], [135, 328], [135, 393], [92, 393]], '쫓#', 0.0041194692436912084), ([[309, 417], [329, 417], [329, 467], [309, 467]], '겪', 0.05350316948509737), ([[271, 447], [285, 447], [285, 469], [271, 469]], '육', 0.9849797157372109), ([[269, 471], [287, 471], [287, 537], [269, 537]], '유', 0.002543463308294927), ([[309, 477], [349, 477], [349, 521], [309, 521]], '닭', 0.1838242185577963), ([[397, 499], [419, 499], [419, 517], [397, 517]], '와', 0.9999209658026906), ([[97, 563], [111, 563], [111, 597], [97, 597]], '험', 0.1750888280498799), ([[303, 737], [321, 737], [321, 771], [303, 771]], '햄', 0.03299259668376053), ([[272, 772], [296, 772], [296, 806], [272, 806]], '}', 0.09302767675656387), ([[84, 862], [140, 862], [140, 914], [84, 914]], '값 꿈', 0.26719436049461365), ([[87, 919], [107, 919], [107, 981], [87, 981]], '강', 0.013507473994092634), ([[555.0293498376011, 21.079034009366797], [596.6347163275611, 4.033666520925326], [628.9706501623989, 93.9209659906332], [587.3652836724389, 109.96633347907468]], '"*', 0.09576049940263721), ([[51.37747643417846, 190.02773606279877], [102.90151151439986, 184.26321634898338], [115.62252356582154, 315.9722639372012], [64.09848848560014, 321.7367836510166]], '춤', 0.18060960862047537), ([[589.0737387183583, 287.0719277974934], [632.6090821280803, 270.0309951448124], [665.9262612816417, 362.9280722025066], [623.3909178719197, 379.9690048551876]], '("', 0.41096814916643665)]
[([[486, 50], [510, 50], [510, 76], [486, 76]], '아', 0.9999901056534419), ([[486, 74], [510, 74], [510, 132], [486, 132]], '앗', 0.28525516551269803), ([[58, 420], [90, 420], [90, 448], [58, 448]], '아', 0.9997755415045937), ([[50, 760], [76, 760], [76, 842], [50, 842]], '품', 0.872344226346641), ([[50, 858], [80, 858], [80, 890], [50, 890]], '호', 0.3850311584873367), ([[142.72096773081603, 409.05854826589473], [241.0100449768031, 367.1450471241787], [307.279032269184, 545.9414517341053], [208.9899550231969, 587.8549528758213]], '탑', 0.03420144605119391), ([[597.9909908090056, 793.1747742652154], [621.611862762336, 783.0630587407871], [639.0090091909944, 826.8252257347846], [615.388137237664, 836.9369412592129]], '8', 0.05364108691515512)]
[([[646, 90], [672, 90], [672, 164], [646, 164]], '육', 0.011468570513059939), ([[277, 599], [303, 599], [303, 617], [277, 617]], '권어', 0.017643185861661328), ([[190.71019925882297, 591.2914184435282], [299.48414359929495, 549.3180277713108], [307.28980074117703, 575.7085815564718], [198.51585640070505, 617.6819722286892]], '삭제하켓습니까?', 0.12240302933230672), ([[223.3615361589619, 621.8530753112733], [259.56699535817904, 613.7572105779959], [263.63846384103806, 631.1469246887267], [227.43300464182093, 639.2427894220041]], '헤토5', 0.001602681153951185)]
[([[151, 41], [169, 41], [169, 77], [151, 77]], '약', 0.502050333063849), ([[103, 67], [147, 67], [147, 121], [103, 121]], '품약', 0.09387447385076088), ([[107, 119], [123, 119], [123, 141], [107, 141]], '면', 0.9995354953522941), ([[249, 109], [269, 109], [269, 165], [249, 165]], '쭉', 0.2920547381910552), ([[371, 117], [389, 117], [389, 167], [371, 167]], '육', 0.3138645504748503), ([[105, 141], [123, 141], [123, 175], [105, 175]], '말', 0.7856250499664839), ([[547, 147], [565, 147], [565, 181], [547, 181]], '종', 0.18184848144864318), ([[525, 165], [567, 165], [567, 201], [525, 201]], '멋하', 0.22684732811517053), ([[253, 173], [269, 173], [269, 223], [253, 223]], '빚', 0.09983079062707034), ([[545, 193], [563, 193], [563, 217], [545, 217]], '논', 0.39802581696291384), ([[525, 205], [543, 205], [543, 239], [525, 239]], '역', 0.05354556602029792), ([[41, 215], [59, 215], [59, 295], [41, 295]], '#', 0.019080076448503513), ([[251, 247], [269, 247], [269, 295], [251, 295]], '몇', 0.45238759436421105), ([[43, 295], [59, 295], [59, 327], [43, 327]], '쥐', 0.010988875233126416), ([[251, 292], [269, 292], [269, 378], [251, 378]], '물', 0.005233962312317042), ([[607, 535], [625, 535], [625, 573], [607, 573]], '형', 0.15780805708530554), ([[587, 581], [605, 581], [605, 643], [587, 643]], '품', 0.8687558496685597), ([[509, 633], [529, 633], [529, 665], [509, 665]], '강', 0.01122000486234459), ([[509, 673], [529, 673], [529, 707], [509, 707]], '보', 0.064321773454318), ([[529, 647], [571, 647], [571, 717], [529, 717]], '꼭@', 0.027729327103156183), ([[509, 713], [551, 713], [551, 759], [509, 759]], '옆안', 0.32763855993612084), ([[629, 709], [645, 709], [645, 759], [629, 759]], '품', 0.016922628378619686), ([[625, 765], [645, 765], [645, 817], [625, 817]], '밟', 0.00601574547224587), ([[383, 819], [399, 819], [399, 867], [383, 867]], '솜', 0.0018880518828413018), ([[541, 817], [559, 817], [559, 865], [541, 865]], '푹', 0.5781362751605599), ([[629, 817], [645, 817], [645, 849], [629, 849]], '인', 0.7613483058862727), ([[543, 865], [559, 865], [559, 915], [543, 915]], '"', 0.22702036042518614), ([[337, 907], [351, 907], [351, 931], [337, 931]], '떨', 0.7513289281001931), ([[37, 937], [53, 937], [53, 971], [37, 971]], '햇', 0.048119303785515655)]
[([[580, 458], [606, 458], [606, 540], [580, 540]], '종', 0.09656603029581934), ([[581, 535], [607, 535], [607, 555], [581, 555]], '느', 0.13081240158033225), ([[602, 632], [628, 632], [628, 748], [602, 748]], '흙', 0.004356300901840804), ([[602, 752], [628, 752], [628, 816], [602, 816]], '한', 0.08887618710731715), ([[12, 898], [95, 898], [95, 918], [12, 918]], '#1-어악아*히', 0.000904791844014339), ([[24, 916], [94, 916], [94, 940], [24, 940]], '이성 운리', 0.9974878304069564), ([[129, 935], [147, 935], [147, 971], [129, 971]], '딱', 0.0927528396971411), ([[150, 895], [168, 895], [168, 983], [150, 983]], '올', 0.015123260916416525)]
[([[165, 469], [591, 469], [591, 505], [165, 505]], '저희 번역식자 작흘 화주서서 감사합니다.', 0.34390775239630494), ([[333, 508], [410, 508], [410, 547], [333, 547]], '~농약-', 0.7004169410887128), ([[147, 666], [615, 666], [615, 703], [147, 703]], '룹+오:|/-어9,치+목*.<아</;좀서훨애어마93002', 1.6634710199818834e-06)]
[([[301, 329], [365, 329], [365, 349], [301, 349]], '죽바{주 >', 0.033202160732939336), ([[383, 329], [415, 329], [415, 349], [383, 349]], '[3어*디', 0.0046789334185229434), ([[169, 387], [223, 387], [223, 407], [169, 407]], '주소타', 0.039677531308499686), ([[228, 384], [564, 384], [564, 408], [228, 408]], '> 2011 $8 터 14타 구: "17-5"  80', 0.07602985242934919), ([[265, 445], [319, 445], [319, 465], [265, 465]], '티류이다&', 0.0005167757021815881), ([[324, 442], [468, 442], [468, 466], [324, 466]], '> 1 - 002131*', 0.16449175826795404), ([[336, 500], [394, 500], [394, 524], [336, 524]], '#옥잡-', 0.003347627120092511), ([[231, 531], [385, 531], [385, 551], [231, 551]], '룹++명://하서,+풀~,+히1', 6.831967884881332e-05), ([[391, 531], [501, 531], [501, 551], [391, 551]], '5교`신,라.미]. ;명/', 0.0003162499572659212), ([[269, 559], [413, 559], [413, 579], [269, 579]], '진리+서<;리1 19하화형+물히', 3.8109900238776534e-05), ([[419, 561], [465, 561], [465, 579], [419, 579]], '1.<어설', 0.0018350104797914069), ([[153, 667], [577, 667], [577, 691], [153, 691]], '*뒷소롭0) 1^ #음;& ( #똑#-_ #빛뜯# |철4 내 : 5 .', 3.961175832185605e-05)]
[([[23, 347], [39, 347], [39, 379], [23, 379]], '벼', 0.9581804759983612), ([[23, 381], [39, 381], [39, 415], [23, 415]], '엇', 0.43878735155544746), ([[153, 483], [167, 483], [167, 515], [153, 515]], '또', 0.19250237215246457), ([[129, 547], [145, 547], [145, 583], [129, 583]], '탓', 0.7018052185521952), ([[514, 716], [538, 716], [538, 746], [514, 746]], '우', 0.9996254794852035), ([[584, 690], [632, 690], [632, 744], [584, 744]], '없%', 0.14970120026915287), ([[44, 740], [92, 740], [92, 812], [44, 812]], '품%', 0.06127632772725584), ([[611, 765], [627, 765], [627, 799], [611, 799]], '로', 0.9916433176933879), ([[73, 809], [89, 809], [89, 841], [73, 841]], '토', 0.5287492363199284), ([[229, 775], [307, 775], [307, 837], [229, 837]], '묘 ', 0.02305825837857182), ([[150, 854], [176, 854], [176, 886], [150, 886]], '우', 0.9990514383135327), ([[71, 851], [89, 851], [89, 919], [71, 919]], '통', 0.008949881658286751), ([[135.95315215481958, 901.0549454707859], [213.93309326090278, 918.9118121486094], [190.04684784518042, 1015.9450545292141], [112.06690673909722, 997.0881878513906]], '예"', 0.03312550510577356)]
[([[542, 214], [610, 214], [610, 238], [542, 238]], '오늘 신작', 0.9985707128986173), ([[387, 313], [457, 313], [457, 331], [387, 331]], "떤*규[*1'", 0.0019348508523813577), ([[95, 447], [139, 447], [139, 467], [95, 467]], '너리증', 0.2848737346785605), ([[154, 444], [596, 444], [596, 468], [154, 468]], '일정 기법(형식)의 습관적 되풀이로 독창성과 신선한 맛을 잃어버린', 0.7529287099469197), ([[137, 509], [153, 509], [153, 549], [137, 549]], '얘', 0.06281563155511893), ([[313, 509], [329, 509], [329, 555], [313, 555]], '상', 0.024911771748261424), ([[613, 509], [631, 509], [631, 541], [613, 541]], '닭', 0.0644332928384026), ([[137, 565], [153, 565], [153, 599], [137, 599]], '중', 0.10283332565276826), ([[311, 557], [329, 557], [329, 589], [311, 589]], '달', 0.05608388762745964), ([[137, 599], [153, 599], [153, 631], [137, 631]], '서', 0.01791170027723865), ([[145, 641], [183, 641], [183, 657], [145, 657]], '#숙녀', 0.9859207748459172), ([[196, 636], [330, 636], [330, 660], [196, 660]], '예시한(성숙한) 여성', 0.5883947979891944), ([[418, 672], [466, 672], [466, 726], [418, 726]], '휴 몇', 0.10535000148220822), ([[445, 705], [463, 705], [463, 745], [445, 745]], '삶', 0.05782123778593573), ([[125, 735], [143, 735], [143, 771], [125, 771]], '창', 0.5197671943484607), ([[153, 743], [167, 743], [167, 767], [153, 767]], '로', 0.9589495008590667), ([[421, 725], [439, 725], [439, 773], [421, 773]], '%', 0.016965429187848713), ([[153, 767], [167, 767], [167, 799], [153, 799]], '라', 0.969500909676313), ([[125, 785], [143, 785], [143, 819], [125, 819]], '봄', 0.49381772492427345), ([[151, 807], [167, 807], [167, 869], [151, 869]], '춤', 0.2672013262042725), ([[401, 807], [421, 807], [421, 873], [401, 873]], '푹', 0.43238717968102947), ([[401, 873], [421, 873], [421, 895], [401, 895]], '만', 0.9999854565195534)]
[([[281, 157], [319, 157], [319, 175], [281, 175]], ';이;', 0.08279991553295486), ([[273, 173], [321, 173], [321, 185], [273, 185]], "스스' *", 0.029965045971983812), ([[134, 734], [158, 734], [158, 764], [134, 764]], '칸', 0.22690819578929577), ([[572, 780], [598, 780], [598, 804], [572, 804]], '타', 0.9995832877450539), ([[134, 768], [158, 768], [158, 842], [134, 842]], '봄', 0.007045592030510195), ([[108, 812], [134, 812], [134, 886], [108, 886]], '%', 0.3964675251957175), ([[108, 886], [134, 886], [134, 910], [108, 910]], '나', 0.999933839938624)]
[([[631, 77], [649, 77], [649, 125], [631, 125]], '좋', 0.028013766549337626), ([[631, 133], [649, 133], [649, 165], [631, 165]], '양', 0.6645866583646729), ([[297, 371], [315, 371], [315, 407], [297, 407]], '양', 0.9819150187477135), ([[321, 389], [339, 389], [339, 419], [321, 419]], '턱', 0.0895821045402414), ([[294, 426], [342, 426], [342, 486], [294, 486]], '문영', 0.2771075079536668), ([[323, 463], [339, 463], [339, 495], [323, 495]], '잎', 0.3294057996229185), ([[254, 548], [280, 548], [280, 614], [254, 614]], '봉', 0.0019648170561398365), ([[105, 581], [123, 581], [123, 647], [105, 647]], '품', 0.10840123063695728), ([[349, 641], [365, 641], [365, 677], [349, 677]], '울', 0.2840024589518322), ([[445, 799], [461, 799], [461, 863], [445, 863]], '푹', 0.05074108273675293), ([[117, 847], [133, 847], [133, 877], [117, 877]], '와', 0.17024312174180523), ([[141, 879], [157, 879], [157, 927], [141, 927]], '푹', 0.12487466135585024)]
[([[299, 75], [317, 75], [317, 107], [299, 107]], '화', 0.1268982138217467), ([[299, 107], [315, 107], [315, 141], [299, 141]], '삼', 0.1511968390427434), ([[299, 141], [315, 141], [315, 173], [299, 173]], '몇', 0.2921241260879448), ([[285, 271], [299, 271], [299, 303], [285, 303]], '잎', 0.9608093193258505), ([[45, 415], [87, 415], [87, 453], [45, 453]], '뒷군', 0.09893964422863931), ([[25, 433], [43, 433], [43, 457], [25, 457]], '금', 0.9997941361530174), ([[69, 455], [85, 455], [85, 485], [69, 485]], '경', 0.4652628466507771), ([[463, 541], [481, 541], [481, 587], [463, 587]], '푹', 0.787472044867755), ([[623, 535], [637, 535], [637, 567], [623, 567]], '흙', 0.5210630881431975), ([[558, 566], [584, 566], [584, 616], [558, 616]], '하', 0.6608208599669183), ([[463, 603], [481, 603], [481, 625], [463, 625]], '면', 0.9999278796802038), ([[407, 609], [423, 609], [423, 641], [407, 641]], '럿', 0.020078095964280784), ([[558, 616], [584, 616], [584, 648], [558, 648]], '앗', 0.1463889473736737), ([[215, 649], [237, 649], [237, 669], [215, 669]], '아', 0.9997755415045937), ([[127, 671], [147, 671], [147, 695], [127, 695]], '팬', 0.8933390900411418), ([[77, 691], [117, 691], [117, 751], [77, 751]], '출%', 0.06765193866263013), ([[97, 749], [115, 749], [115, 799], [97, 799]], '-', 0.013846884592443098)]
[([[307, 229], [323, 229], [323, 265], [307, 265]], '두', 0.09240148065760323), ([[531, 569], [571, 569], [571, 607], [531, 607]], '옷 자', 0.23051784932613373), ([[141, 839], [157, 839], [157, 871], [141, 871]], '또', 0.44921380742681905), ([[115, 853], [159, 853], [159, 911], [115, 911]], '흙%', 0.04483275318130155), ([[653, 857], [669, 857], [669, 905], [653, 905]], '춤', 0.004060485627343846), ([[114, 902], [162, 902], [162, 954], [114, 954]], '안 낮', 0.6008495990530798)]
