2662812
36
[([[870, 6], [1182, 6], [1182, 104], [870, 104]], '[또매[', 0.009850402362644672), ([[769, 91], [1185, 91], [1185, 203], [769, 203]], '동소하옮옮', 0.0011545670088751283), ([[72, 508], [288, 508], [288, 562], [72, 562]], '@똑요실름앗교', 0.003887408522052021)]
[([[2520, 123], [2675, 123], [2675, 234], [2520, 234]], '유품', 0.5722975364497054), ([[2468, 294], [2679, 294], [2679, 402], [2468, 402]], '된장해', 0.08918086847569202), ([[2019, 383], [2746, 383], [2746, 507], [2019, 507]], '질셈 테 사정하꽤 있어  ', 0.0127896338796152), ([[2155, 524], [2805, 524], [2805, 639], [2155, 639]], '벌써 휴 @이 정액으로', 0.09292826325514804), ([[2231, 617], [2809, 617], [2809, 739], [2231, 739]], '흘라헬 것 같아  ', 0.13436503903817953), ([[1910, 1112], [2067, 1112], [2067, 1411], [1910, 1411]], '지', 0.06576762531924718), ([[755.386059386485, 28.00538502964953], [997.2947594486143, -34.84457719898129], [1166.6139406135148, 667.9946149703504], [924.7052405513857, 732.8445771989813]], "'", 0.3639205187796648), ([[1386.2042251071132, 594.0126683633516], [1647.956859329375, 784.5319494512132], [1519.7957748928868, 957.9873316366484], [1258.043140670625, 767.4680505487868]], '사', 0.4121544586123491), ([[686.3481165554567, 1337.0332905753264], [915.6832384456937, 1161.0056932583764], [1244.6518834445433, 1666.9667094246736], [1016.3167615543063, 1842.9943067416236]], '{', 0.07095912056605957)]
[([[2489, 199], [2658, 199], [2658, 325], [2489, 325]], '후우', 0.9969451319013609), ([[1133, 1355], [1258, 1355], [1258, 1546], [1133, 1546]], '*', 0.3584800727667279)]
[([[2164, 155], [2294, 155], [2294, 182], [2164, 182]], '00)더고고', 0.0005567842988959329), ([[2351, 114], [2810, 114], [2810, 227], [2351, 227]], '기분 종아나요?', 0.20569522412746222), ([[812, 171], [1531, 171], [1531, 288], [812, 288]], '그러니 또 쫓밥이 쌓이면', 0.2722790047910015), ([[811, 265], [1657, 265], [1657, 385], [811, 385]], '저에게 맡계 하러 또 오세요?', 0.5269599786487568), ([[2534, 266], [2744, 266], [2744, 370], [2534, 370]], '그래요', 0.9998514071913761), ([[2234, 409], [2808, 409], [2808, 524], [2234, 524]], '@제 제도한동안은', 0.8068747834763891), ([[945, 461], [1194, 461], [1194, 571], [945, 571]], '대답은?', 0.9998587965965271), ([[2024, 500], [2809, 500], [2809, 622], [2024, 622]], '당센의 쫓랍관 정액 냄새로', 0.09481104722070471), ([[1858, 598], [2578, 598], [2578, 715], [1858, 715]], '횟틀 못 카게 돼어음재도', 0.01419914962366367), ([[2147, 689], [2662, 689], [2662, 811], [2147, 811]], '왜냐편 지금 그컷', 0.24689415404665307), ([[2559, 588], [2822, 588], [2822, 820], [2559, 820]], '지림문', 0.0027312162256517137), ([[2168, 784], [2813, 784], [2813, 907], [2168, 907]], '@무첫도 생각할 수가', 0.2867690633796751), ([[2510, 876], [2795, 876], [2795, 1000], [2510, 1000]], '빗름결요;', 0.015467364112666889)]
[([[547.3238331555317, 514.0175965862079], [629.4495579414413, 466.00777549234596], [772.6761668444683, 731.9824034137921], [691.5504420585587, 780.9922245076541]], "'", 0.03218898918931146)]
[([[613.9858196838319, 417.04685258538456], [686.6347785605808, 385.0183309019518], [752.0141803161681, 546.9531474146155], [679.3652214394192, 579.9816690980482]], '[', 0.09604540839852493), ([[378.41788425364706, 954.1401518204236], [427.5947237553165, 906.0196712947208], [532.5821157463529, 1027.8598481795764], [482.4052762446835, 1074.9803287052791]], '"', 0.26160097145254113), ([[529.1165477914012, 1117.048930122611], [585.565954317127, 1092.02004412851], [639.8834522085988, 1222.951069877389], [583.434045682873, 1248.97995587149]], "'", 0.7792200525723416), ([[748.5152627037547, 1259.009040460627], [837.7927342019141, 1238.0241928002488], [907.4847372962453, 1552.990959539373], [817.2072657980859, 1574.9758071997512]], '유', 0.054232329239135346)]
[([[918.5579546452344, 782.0097749822975], [988.3594797347934, 756.0064633727458], [1086.4420453547657, 1027.9902250177026], [1016.6405202652066, 1053.9935366272543]], '6', 0.6447472159318615), ([[1299.1243031180024, 1034.025583317843], [1394.5614041385063, 986.0105095018787], [1506.8756968819976, 1234.974416682157], [1411.4385958614937, 1282.9894904981213]], '', 0.0), ([[700.46078039781, 1218.0096950591185], [808.0718796502867, 1190.0383465480816], [888.53921960219, 1525.9903049408815], [781.9281203497133, 1554.9616534519184]], '숲', 0.015765351155128338), ([[1197.7021449856152, 1468.1213684237607], [1238.6170575060796, 1438.0272501812992], [1302.2978550143848, 1534.8786315762393], [1261.3829424939204, 1564.9727498187008]], '3', 0.8048987279507855)]
[([[518, 314], [616, 314], [616, 525], [518, 525]], '7', 0.9854881620845255), ([[1086, 778], [1152, 778], [1152, 862], [1086, 862]], '값', 0.13483821625436576), ([[606, 1177], [678, 1177], [678, 1266], [606, 1266]], '값', 0.017995518439946956), ([[558.4309326896257, 612.0033045767751], [892.0419679461127, 520.0945153278815], [1154.5690673103743, 1570.9966954232248], [820.9580320538873, 1662.9054846721185]], '쥐', 0.004691944431213513), ([[1343.4988016469338, 1335.006979124925], [1475.8731322754927, 1314.2307819269524], [1537.5011983530662, 1729.993020875075], [1405.1268677245073, 1751.7692180730476]], '꿀', 0.058871936897952004)]
[([[373, 504], [783, 504], [783, 876], [373, 876]], '겉', 0.10645993998790093), ([[467, 836], [776, 836], [776, 1210], [467, 1210]], '쥐', 0.22292244049152998), ([[624, 1188], [807, 1188], [807, 1403], [624, 1403]], '여', 0.5370250275535824)]
[([[2542, 350], [2619, 350], [2619, 416], [2542, 416]], '1', 0.22748942337108247), ([[61, 1472], [564, 1472], [564, 1847], [61, 1847]], '48', 0.2829888171928602), ([[2445.4449805264794, 233.0933383697808], [2526.7171383780083, 184.01979535805432], [2610.5550194735206, 341.9066616302192], [2529.2828616219917, 390.98020464194565]], '글', 0.0031670788596685484), ([[600.2916430945339, 428.0071688699745], [1093.6634190655814, 746.1577506586411], [930.7083569054661, 991.9928311300255], [437.33658093441863, 673.8422493413589]], '**4', 0.08605316281318665)]
[([[763, 1431], [951, 1431], [951, 1626], [763, 1626]], '다)', 0.7728282607586032), ([[2401.871334704034, 270.1625379937149], [2427.478467530314, 245.02871949839408], [2487.128665295966, 311.8374620062851], [2460.521532469686, 335.9712805016059]], '!', 0.8902683632086905), ([[2543.6985038821144, 436.0151884329325], [2567.257665026459, 427.0110856930752], [2607.3014961178856, 540.9848115670675], [2582.742334973541, 548.9889143069248]], '{', 0.25447319345889596), ([[775.9817815290336, 533.0246994980911], [998.9782436665563, 610.5293137922085], [936.0182184709664, 780.9753005019089], [712.0217563334437, 703.4706862077915]], '[?', 0.23726591179042766), ([[1278.481299448456, 991.0046391686907], [1481.84757233698, 953.2563713649145], [1592.518700551544, 1607.9953608313094], [1389.15242766302, 1645.7436286350855]], '국', 0.11508000631256099), ([[495.84111899603664, 1383.0373444385677], [679.891703005587, 1419.54696648639], [644.1588810039634, 1573.9626555614323], [460.10829699441297, 1536.45303351361]], '[:', 0.572397682318004), ([[696.7196312006711, 1803.4635574408053], [740.7609421998443, 1799.05180035393], [742.2803687993289, 1818.5364425591947], [698.2390578001557, 1821.94819964607]], '5스', 0.05227229577239541)]
[([[53, 83], [652, 83], [652, 204], [53, 204]], '당신의 자지 안에서 ', 0.7033642591622522), ([[1779, 87], [1937, 87], [1937, 200], [1779, 200]], '당신', 0.999912588555194), ([[53, 183], [725, 183], [725, 307], [53, 307]], '엄청나게 구런 냄새가', 0.7188865442672743), ([[1288, 179], [1960, 179], [1960, 308], [1288, 308]], '특이한 냄새가 나데요', 0.8413160437911659), ([[55, 284], [347, 284], [347, 406], [55, 406]], '난다는길,', 0.2168145164129627), ([[1470, 358], [1959, 358], [1959, 479], [1470, 479]], '전 코가 특별히', 0.9616431649179918), ([[50, 458], [631, 458], [631, 581], [50, 581]], '저한테 보여주시체', 0.3050215846456096), ([[1667, 463], [1957, 463], [1957, 576], [1667, 576]], '증거튼요', 0.6552744507789612), ([[50, 557], [382, 557], [382, 678], [50, 678]], '않올래요?', 0.3730700183020231), ([[1508, 553], [1960, 553], [1960, 680], [1508, 680]], '그래서 알아요', 0.9990609541408367)]
[([[1386.7783336947325, 1170.0415053125666], [1478.5502015014988, 1080.0084109009863], [1716.2216663052675, 1352.9584946874334], [1624.4497984985012, 1442.9915890990137]], '뜻', 0.1146259308942632)]
[([[-18.066074567444435, 830.0177629766671], [173.59249100819267, 710.0054855575958], [437.06607456744445, 1193.982237023333], [245.40750899180733, 1313.9945144424041]], '북', 0.004475223212745627), ([[674.1389161341509, 801.0309342646982], [819.9073345205641, 870.5115831849295], [772.8610838658491, 963.9690657353018], [628.0926654794359, 894.4884168150705]], '0.', 0.0036246211703398847), ([[381.4150076048517, 1448.013168827708], [554.1611372176686, 1609.4057926066585], [477.5849923951483, 1695.986831172292], [304.8388627823313, 1533.5942073933415]], "{3'966", 0.00043217722598411733), ([[598.9421871324348, 1563.046714596513], [662.505878995499, 1501.0106678066745], [839.0578128675652, 1699.953285403487], [775.494121004501, 1761.9893321933255]], '%', 0.0103374200503486)]
[([[698, 599], [896, 599], [896, 708], [698, 708]], '논3*으', 0.007166073191910982), ([[808.9718228088652, 1162.0251853008513], [958.4286970419697, 1122.7138163168497], [1022.0281771911348, 1407.9748146991487], [871.5713029580303, 1447.2861836831503]], '젖', 0.11919870156405299)]
[([[608, 466], [1057, 466], [1057, 787], [608, 787]], '평', 0.007885148567565503), ([[1564, 1076], [1727, 1076], [1727, 1270], [1564, 1270]], '5', 0.9748270408053941), ([[1412, 1518], [1564, 1518], [1564, 1679], [1412, 1679]], '지', 0.17569029081102716), ([[672.984669988009, 1182.0286587877602], [773.5435586410007, 1105.008208982878], [970.015330011991, 1394.9713412122398], [869.4564413589993, 1471.991791017122]], '쫓', 0.24445215990124414), ([[1655.9907883923247, 1279.0268217757032], [1769.5686074796022, 1206.0085101812906], [1942.0092116076753, 1504.9731782242968], [1829.4313925203978, 1577.9914898187094]], ' ', 0.11187909502510607)]
[([[2365, 184], [2398, 184], [2398, 222], [2365, 222]], '^', 0.6040884564474744), ([[743, 569], [962, 569], [962, 769], [743, 769]], '["사\'', 0.04524277195996256), ([[842, 824], [968, 824], [968, 970], [842, 970]], '월', 0.008088035707301044), ([[2660, 975], [2699, 975], [2699, 1102], [2660, 1102]], '>', 0.9961251674269533), ([[938, 1554], [1028, 1554], [1028, 1647], [938, 1647]], "('", 0.043045470993714766), ([[2447.4262837107244, 275.04135760399856], [2480.4187391380724, 262.0219781883144], [2513.5737162892756, 351.95864239600144], [2480.5812608619276, 364.9780218116856]], "'", 0.05507440023460597), ([[2519.537996567302, 410.02677047879496], [2550.36214298417, 398.0164271741292], [2591.462003432698, 503.97322952120504], [2560.63785701583, 515.9835728258709]], '!', 0.1831398206324275), ([[2274.47657607741, 1765.027472735393], [2406.9009113984, 1645.9275666907076], [2429.52342392259, 1679.972527264607], [2297.0990886016, 1800.0724333092924]], '~ --', 0.39174702763557434)]
[([[378.2912898646362, 711.0582579729272], [554.2846439676795, 611.887640858177], [614.7087101353638, 718.9417420270728], [439.7153560323205, 818.112359141823]], '[00', 0.8528842740804354), ([[1409.227004920623, 1076.0332570792255], [1472.5284981975633, 1049.0155306414251], [1534.772995079377, 1209.9667429207745], [1471.4715018024367, 1236.9844693585749]], '"', 0.005062000891062013), ([[1223.1782588000308, 1403.0177782807102], [1360.133351701307, 1363.2601465556447], [1438.8217411999692, 1671.9822217192898], [1301.866648298693, 1711.7398534443553]], '꿀', 0.124438557205516)]
[([[825, 1493], [893, 1493], [893, 1562], [825, 1562]], '2', 0.11151349483997652), ([[766.1236198460998, 1335.0295737222768], [867.112611265846, 1323.0475439325492], [883.8763801539002, 1508.9704262777232], [782.887388734154, 1519.9524560674508]], '생', 0.32576617444669864), ([[1215.1581526436685, 1394.0253338848959], [1315.8302389435073, 1368.2890646736755], [1365.8418473563315, 1587.9746661151041], [1265.1697610564927, 1613.7109353263245]], '스', 0.061657411941099305)]
[([[694, 836], [822, 836], [822, 991], [694, 991]], '세', 0.4884797676423638), ([[657, 976], [796, 976], [796, 1109], [657, 1109]], '떼', 0.28701468443819067), ([[554.3427371374627, 1385.0144067341487], [768.6637267176044, 1538.8416588608236], [693.6572628625373, 1642.9855932658513], [479.33627328239555, 1489.1583411391764]], '통~|', 0.0017042408871293154), ([[893.2326432122347, 1425.0267979349567], [1044.0, 1507.0], [996.7673567877653, 1589.9732020650433], [846.0, 1507.0]], '44?', 0.047073233450781196), ([[1088.1337038363515, 1467.0375941180432], [1239.8453936804895, 1518.248365541508], [1208.8662961636485, 1601.9624058819568], [1057.1546063195105, 1550.751634458492]], '4*', 0.624465062634652)]
[([[422.4878286515303, 1057.0346646033615], [613.6665306677532, 919.0067319462145], [875.5121713484697, 1340.9653353966385], [685.3334693322468, 1479.9932680537854]], '술', 0.2016000909329172)]
[([[205, 932], [320, 932], [320, 1036], [205, 1036]], '타?', 0.008462479850180178), ([[231.104466528811, 1057.04466528811], [339.7560254066613, 1098.9186496984166], [308.89553347118897, 1174.95533471189], [200.2439745933387, 1132.0813503015834]], '티신', 0.0323536568331333)]
[([[2262, 108], [2339, 108], [2339, 210], [2262, 210]], '흙', 0.5334969971893457), ([[2443, 103], [2805, 103], [2805, 216], [2443, 216]], '생각한 대로', 0.8960099216936716), ([[1066, 215], [1491, 215], [1491, 332], [1066, 332]], '그래요 대답은', 0.9997104759360402), ([[2298, 197], [2804, 197], [2804, 314], [2298, 314]], '굉장한 자지네요', 0.9155323498056296), ([[1062, 311], [1643, 311], [1643, 436], [1062, 436]], '5네_나 [명으로만', 0.22980976212890228), ([[2445, 294], [2807, 294], [2807, 407], [2445, 407]], "'맨 끝부분에", 0.9671879264211056), ([[1064, 411], [1512, 411], [1512, 522], [1064, 522]], '잘 알고 있네요', 0.23809486523562892), ([[2253, 384], [2811, 384], [2811, 506], [2253, 506]], '이뤄계나 쫓랍이  ', 0.07091102367426716), ([[2301, 598], [2808, 598], [2808, 713], [2301, 713]], '그램 제가 껍질을', 0.5725377533766984), ([[2340, 688], [2812, 688], [2812, 813], [2340, 813]], '빗거트렉베니깐', 0.09815117535051868), ([[2219, 781], [2813, 781], [2813, 909], [2219, 909]], '쫓밥울 보예출래요?', 0.20185147844256462)]
[([[488.19139245993733, 421.01924165868456], [615.3570163659884, 394.5678239911292], [663.8086075400627, 664.9807583413154], [536.6429836340116, 691.4321760088708]], '1', 0.1738084502525874), ([[2134.96255264972, 640.0122323481244], [2429.2321274120195, 534.4435930324785], [2620.03744735028, 1151.9877676518756], [2325.7678725879805, 1257.5564069675215]], '피', 0.004962004831021938)]
[([[872.8616213225894, 500.03815770658105], [981.6386466016239, 441.01200039680265], [1095.1383786774106, 682.961842293419], [986.3613533983761, 740.9879996031974]], '딸', 0.07734783957880609), ([[658.3942826388392, 595.010194373524], [784.4664981888677, 560.059838822852], [877.6057173611608, 927.989805626476], [751.5335018111323, 962.940161177148]], '볼', 0.011644857493177396), ([[1264.9460696271722, 1337.0292532890971], [1371.548903743374, 1254.007930479263], [1581.0539303728278, 1554.9707467109029], [1474.451096256626, 1637.992069520737]], '?', 0.04063896130464073)]
[([[225, 1042], [451, 1042], [451, 1115], [225, 1115]], '~- 요', 0.07040512770748635), ([[529.2221514099327, 330.00737930345355], [817.4494932705837, 264.8801038950702], [950.7778485900673, 938.9926206965465], [661.5505067294163, 1005.1198961049298]], '>', 0.3624154082681095), ([[1589.8363859531241, 1109.015389028094], [2038.4057296210015, 1207.4247995403232], [1944.1636140468759, 1574.984610971906], [1496.5942703789985, 1476.5752004596768]], '저여', 0.07452637544465576)]
[([[1293, 1352], [1415, 1352], [1415, 1462], [1293, 1462]], '} ', 0.0991769799345014), ([[1017.1228025548882, 839.0350319361027], [1096.0308268466497, 823.425781890578], [1123.8771974451117, 985.9649680638973], [1044.9691731533503, 1001.574218109422]], '젖', 0.3758413912883043), ([[1235.0499682509594, 1124.0647682320043], [1292.647716610549, 1114.520061979446], [1306.9500317490406, 1210.9352317679957], [1249.352283389451, 1220.479938020554]], '재', 0.011748987224224017)]
[([[110, 124], [593, 124], [593, 625], [110, 625]], '개', 0.9783003753914841), ([[486.19251376450455, 539.0112441457126], [697.8596117278005, 506.3864656367096], [754.8074862354955, 955.9887558542874], [543.1403882721995, 988.6135343632905]], '어', 0.025434894033431243), ([[649.0704654060324, 966.0180074756368], [815.976833630141, 907.185330958872], [928.9295345939676, 1271.9819925243632], [763.023166369859, 1330.8146690411281]], '영', 0.021779108052019325), ([[1420.103382468164, 1293.019149755036], [1548.546689657592, 1218.0071171484647], [1731.896617531836, 1568.980850244964], [1603.453310342408, 1643.9928828515353]], '4', 0.22917116383084224)]
[([[744, 451], [812, 451], [812, 522], [744, 522]], '2', 0.9998406235305914), ([[663.9950129403813, 347.050628109775], [730.6356545677999, 318.02022328554216], [789.0049870596187, 465.949371890225], [722.3643454322001, 494.97977671445784]], '8', 0.008814907512655401)]
[([[44, 354], [745, 354], [745, 399], [44, 399]], '더러운 아저씨 후장 활는 마키마 씨 그려주세요(체인소 맨)', 0.5002822831778346), ([[82, 474], [196, 474], [196, 513], [82, 513]], '읽음 표시', 0.877894113495768), ([[311, 476], [416, 476], [416, 513], [311, 513]], '즐겨찾기', 0.7013691067695618), ([[559, 476], [637, 476], [637, 513], [559, 513]], '트위터', 0.9977348145200329), ([[954, 480], [1172, 480], [1172, 512], [954, 512]], "'2023/02/25 15.40.03-", 0.5990792248140034), ([[820.7019312634309, -31.985217535384926], [1178.6334349635922, -211.93913434793797], [1494.2980687365691, 520.9852175353849], [1136.3665650364078, 701.939134347938]], '봄', 0.06111285578926129), ([[2598.1638899413956, -67.99271736388658], [2962.328985715249, 17.451218505551957], [2818.8361100586044, 601.9927173638866], [2453.671014284751, 514.548781494448]], '출', 0.2305043716349653)]
[([[1171, 123], [1595, 123], [1595, 235], [1171, 235]], '어쩌면 당신은', 0.9780938926188395), ([[2430, 106], [2706, 106], [2706, 240], [2430, 240]], '욕 곳"', 0.47187187400379266), ([[1171, 216], [1725, 216], [1725, 336], [1171, 336]], '쫓밥의 약마일체도', 0.22763129838134422), ([[2298, 255], [2794, 255], [2794, 375], [2298, 375]], '굉장한 양이네요', 0.6883830898199655), ([[1174, 317], [1509, 317], [1509, 427], [1174, 427]], '모르켓네잎', 0.21336828369463667), ([[2169, 333], [2814, 333], [2814, 474], [2169, 474]], '쫓랍 특성이의 자지가', 0.13757420366747947), ([[2470, 447], [2810, 447], [2810, 564], [2470, 564]], '숨어있어요', 0.9620009749923915), ([[946.0012476611222, 737.0249532224431], [1068.5932107000265, 668.0087994091057], [1220.998752338878, 976.9750467775569], [1097.4067892999735, 1044.9912005908943]], '통', 0.8507497343870831)]
[([[2427, 117], [2790, 117], [2790, 229], [2427, 229]], '엄청난 냄새', 0.9912083901669464), ([[2105, 209], [2812, 209], [2812, 329], [2105, 329]], '아웬 @마라고 말햇지만', 0.15026561507434957), ([[2088, 305], [2808, 305], [2808, 422], [2088, 422]], '이 냄새라편 악마 정도는', 0.22899856923376777), ([[2299, 402], [2808, 402], [2808, 517], [2299, 517]], '기쁨볍계 퇴치할 수', 0.08300424016145033), ([[2171, 497], [2801, 497], [2801, 614], [2171, 614]], '왜음재도 모델걸네요.', 0.03486144670495484), ([[2299, 668], [2808, 668], [2808, 785], [2299, 785]], '물론 센 종아하는', 0.1418763591909045), ([[2515, 765], [2810, 765], [2810, 882], [2515, 882]], '(냄새지만.', 0.5157289606350742), ([[1454, 964], [1558, 964], [1558, 1106], [1454, 1106]], '가', 0.10466783530106571), ([[1553, 1056], [1652, 1056], [1652, 1175], [1553, 1175]], '떼', 0.44375046714728583)]
[([[1141.238339341456, 680.0517688047502], [1301.6694760959608, 541.0074709009571], [1573.761660658544, 909.9482311952498], [1413.3305239040392, 1048.992529099043]], '푹', 0.14739714003022542)]
[([[675, 126], [1185, 126], [1185, 238], [675, 238]], '좀 ( 가까이에세', 0.26341381188950547), ([[2160, 128], [2810, 128], [2810, 240], [2160, 240]], '@페나하왜 그러시조?', 0.039154491117105866), ([[674, 217], [1265, 217], [1265, 338], [674, 338]], '밑이켓@면 햇나요?', 0.09016741929877659), ([[2294, 217], [2806, 217], [2806, 340], [2294, 340]], '자지 껍질 안으로', 0.4816507444255697), ([[2151, 317], [2803, 317], [2803, 429], [2151, 429]], '휴가 전텔 틀어갖어요', 0.08054009988251427), ([[671, 382], [1149, 382], [1149, 508], [671, 508]], '예필 숲 @문요', 0.041751100247766404), ([[2191, 409], [2805, 409], [2805, 526], [2191, 526]], '그렇숙나 팬사적으로', 0.11663752233999304), ([[661, 472], [1406, 472], [1406, 690], [661, 690]], '회럴통콤등렉울쪽부흘', 0.0002581798592018403), ([[2338, 502], [2811, 502], [2811, 622], [2338, 622]], '품치름내다니: ', 0.102158277335028), ([[819, 576], [974, 576], [974, 688], [819, 688]], '향향', 0.042142993357808446), ([[668, 672], [1183, 672], [1183, 789], [668, 789]], '자제 떼지 세요', 0.1659178538828801), ([[1363, 809], [1447, 809], [1447, 956], [1363, 956]], '', 0.0), ([[1531, 1117], [1756, 1117], [1756, 1326], [1531, 1326]], '0수', 0.007156340355856475), ([[1009.2076852184115, 465.0120751638982], [1561.9601074991965, 637.5602713345334], [1485.7923147815884, 844.9879248361018], [933.0398925008036, 672.4397286654666]], '물륭가', 0.0008039139681860064)]
[([[2659, 130], [2745, 130], [2745, 232], [2659, 232]], '웃', 0.677362968986106), ([[2169, 296], [2809, 296], [2809, 420], [2169, 420]], '흑[관 류페액이 섞인', 0.013195143139231109), ([[2381, 390], [2811, 390], [2811, 513], [2381, 513]], '당샌의 냄새가', 0.12927045201089815), ([[2224, 489], [2809, 489], [2809, 613], [2224, 613]], '제회에 틀어외서  ', 0.1612777668420612), ([[2232, 610], [2808, 610], [2808, 757], [2232, 757]], '때래끼: 예상해질 것', 0.07328358637194281), ([[1294, 610], [1538, 610], [1538, 877], [1294, 877]], '7', 0.03451444230323042), ([[2531, 731], [2805, 731], [2805, 841], [2531, 841]], '캠페요  ', 0.17909176724191353), ([[1094, 1553], [1299, 1553], [1299, 1814], [1094, 1814]], '스', 0.12313954878904099), ([[952.3014765260585, -88.99237510652112], [1304.9540008453848, 225.88520908070248], [1121.6985234739416, 432.99237510652114], [770.0459991546152, 118.11479091929752]], '자"', 0.006363567385150115), ([[1605.1142078674081, 1162.0112107626194], [1969.9161345178525, 1376.5785231095], [1817.8857921325919, 1626.9887892373806], [1453.0838654821475, 1412.4214768905]], '사', 0.18469889101724224)]
[([[2323, 424], [2748, 424], [2748, 680], [2323, 680]], '옷째', 0.21365501611457188), ([[1426, 1120], [1620, 1120], [1620, 1480], [1426, 1480]], '사', 0.19382668346182275)]
