2669964
16
[([[815, 219], [927, 219], [927, 287], [815, 287]], '새', 0.03908079805450271), ([[780, 336], [834, 336], [834, 386], [780, 386]], '러', 0.2734571835895281), ([[197, 385], [257, 385], [257, 453], [197, 453]], '양', 0.21339441957516048), ([[78, 522], [219, 522], [219, 603], [78, 603]], '아양', 0.6399120335051572), ([[230, 590], [318, 590], [318, 670], [230, 670]], '형', 0.015535538914086766), ([[115, 839], [299, 839], [299, 899], [115, 899]], '이제바로', 0.3885807991027832), ([[159, 895], [257, 895], [257, 955], [159, 955]], '끊', 0.3195966933117802), ([[141, 947], [273, 947], [273, 1007], [141, 1007]], '느리권', 0.015002699719569608), ([[1070, 993], [1247, 993], [1247, 1066], [1070, 1066]], "'센음양의", 0.024584325051142046), ([[77, 1053], [337, 1053], [337, 1119], [77, 1119]], '각정님데몸', 0.12267874691191724), ([[1083, 1053], [1231, 1053], [1231, 1115], [1083, 1115]], '잡들어', 0.4813090411349088), ([[105, 1109], [307, 1109], [307, 1171], [105, 1171]], '분드럽다?', 0.6141600761468301), ([[1063, 1107], [1253, 1107], [1253, 1169], [1063, 1169]], '관계간데', 0.03656521439552307), ([[365, 1139], [463, 1139], [463, 1227], [365, 1227]], '뜻합}', 0.00041232223525283415), ([[65, 1305], [241, 1305], [241, 1369], [65, 1369]], '아햇입되', 0.03798787295818329), ([[671, 1292], [794, 1292], [794, 1356], [671, 1356]], '0덧', 0.007252138501031783), ([[1101, 1209], [1211, 1209], [1211, 1337], [1101, 1337]], '엘', 0.026080919028453886), ([[420, 1352], [536, 1352], [536, 1402], [420, 1402]], '군우 )', 0.03278097193907747), ([[1125, 1319], [1187, 1319], [1187, 1383], [1125, 1383]], '잘', 0.8693739616809495), ([[104, 1362], [202, 1362], [202, 1418], [104, 1418]], '이제', 0.9747164333253665), ([[1071, 1377], [1243, 1377], [1243, 1439], [1071, 1439]], '들어간지', 0.3681444227695465), ([[69, 1413], [239, 1413], [239, 1475], [69, 1475]], '질점질철', 0.24931539595127106), ([[1095, 1431], [1219, 1431], [1219, 1493], [1095, 1493]], '8지3', 0.514168742229953), ([[64, 1466], [241, 1466], [241, 1532], [64, 1532]], '해젊의', 0.39625213900313466), ([[790, 1460], [908, 1460], [908, 1516], [790, 1516]], '03', 0.08873516060623578), ([[399, 1529], [509, 1529], [509, 1573], [399, 1573]], '다무 )', 0.07216144250130967), ([[595, 1525], [691, 1525], [691, 1569], [595, 1569]], '디챔', 0.12238374732826897), ([[87, 1573], [225, 1573], [225, 1637], [87, 1637]], '씩스함', 0.05551026753561592), ([[7, 1629], [271, 1629], [271, 1693], [7, 1693]], '준비만망이데', 0.08642987915858025), ([[390, 1646], [507, 1646], [507, 1703], [390, 1703]], '다불', 0.001883786069191513), ([[766, 1634], [882, 1634], [882, 1686], [766, 1686]], '다한', 0.008609634035753932), ([[939.9722839463795, 603.058870333502], [1081.731282501308, 635.8171793746731], [1062.0277160536205, 707.941129666498], [920.268717498692, 676.1828206253269]], '똑물어)', 0.011107610538601875)]
[]
[]
[]
[]
[]
[]
[]
[([[923, 147], [993, 147], [993, 209], [923, 209]], '0', 0.8578186762009778), ([[1085, 91], [1151, 91], [1151, 185], [1085, 185]], '응', 0.7828822504072583), ([[784, 288], [862, 288], [862, 360], [784, 360]], '@', 0.2771961478964933), ([[102, 750], [204, 750], [204, 874], [102, 874]], '통', 0.008242156435020798), ([[41, 856], [262, 856], [262, 929], [41, 929]], '월@_눈계', 0.00017257592500208923), ([[104, 972], [202, 972], [202, 1028], [104, 1028]], '마체', 0.6817715603079848), ([[41, 1020], [255, 1020], [255, 1089], [41, 1089]], '딪너끝9)', 0.004682931250268343), ([[1047, 990], [1245, 990], [1245, 1064], [1047, 1064]], '갈정님은', 0.3039284348487854), ([[1090, 1052], [1207, 1052], [1207, 1127], [1090, 1127]], '입', 0.17826969621133149), ([[1068, 1116], [1227, 1116], [1227, 1185], [1068, 1185]], '하느라', 0.3013730484941366), ([[271, 1177], [459, 1177], [459, 1313], [271, 1313]], '평0', 0.13967099600255145), ([[1073, 1243], [1225, 1243], [1225, 1311], [1073, 1311]], '여기늄', 0.6270699175636014), ([[758, 1292], [942, 1292], [942, 1442], [758, 1442]], '필', 0.046608121185981455), ([[1023, 1303], [1271, 1303], [1271, 1375], [1023, 1375]], '오랜만인가', 0.5056361040903794), ([[1083, 1371], [1215, 1371], [1215, 1433], [1083, 1433]], '보네?', 0.26371681690216064), ([[142, 1622], [466, 1622], [466, 1798], [142, 1798]], '".)', 0.017645808002642198), ([[849, 1632], [1105, 1632], [1105, 1807], [849, 1807]], '필임', 0.02361746277899109), ([[-0.7650452162436558, 489.17477391878174], [132.53722440125077, 479.0816417042686], [133.76504521624366, 556.8252260812183], [-0.5372244012507581, 565.9183582957314]], '0양', 0.17955194461795693)]
[([[163, 353], [205, 353], [205, 393], [163, 393]], '"', 0.7000212459030344), ([[13, 858], [314, 858], [314, 1047], [13, 1047]], '평', 0.32635021755646676), ([[1117, 995], [1211, 995], [1211, 1055], [1117, 1055]], '벌써', 0.3227285319675598), ([[1089, 1049], [1221, 1049], [1221, 1111], [1089, 1111]], '마벤린', 0.007736997859366865), ([[1102, 1104], [1220, 1104], [1220, 1160], [1102, 1160]], '작야?', 0.26190687850219485), ([[1111, 1209], [1209, 1209], [1209, 1273], [1111, 1273]], '/데', 0.05944353885157316), ([[824, 1254], [952, 1254], [952, 1378], [824, 1378]], '땀', 0.4995117044796906), ([[1093, 1263], [1227, 1263], [1227, 1327], [1093, 1327]], '간벤람', 0.02655714939724432), ([[1096, 1320], [1228, 1320], [1228, 1376], [1096, 1376]], '보지에', 0.8720520769714599), ([[1075, 1371], [1247, 1371], [1247, 1435], [1075, 1435]], '박늄권]', 0.024953540414571762), ([[1113, 1425], [1211, 1425], [1211, 1485], [1113, 1485]], '몽분', 0.04448129937982062), ([[1067, 1479], [1217, 1479], [1217, 1543], [1067, 1543]], '중음갑-', 0.019418513402342796), ([[78, 1594], [330, 1594], [330, 1768], [78, 1768]], '표밖', 0.012526890440007167), ([[731.7899853160491, -1.9763759091444228], [949.1802363464873, -72.15699265524637], [1057.210014683951, 315.9763759091444], [839.8197636535127, 387.15699265524637]], '2', 0.0024909078446313515), ([[19.788800150205535, 227.0432021028775], [203.0543028307426, 258.10266081010224], [173.21119984979447, 400.9567978971225], [-10.05430283074261, 369.89733918989776]], '@', 0.9927582004516786), ([[744.2366137146308, 323.02243314872504], [937.9914134733036, 424.5275849646071], [885.7633862853692, 518.9775668512749], [692.0085865266964, 417.4724150353929]], '올빛언', 0.030838631380597777), ([[40.17001165996502, 561.672018655944], [227.9655172413793, 501.41379310344826], [253.829988340035, 596.327981344056], [65.03448275862068, 656.5862068965517]], '운집어', 0.0179028405602649), ([[815.7881500207094, 1578.0349953582715], [1051.8308035234854, 1618.7047948564923], [1015.2118499792906, 1792.9650046417285], [779.1691964765147, 1753.2952051435077]], '또대', 0.08918130726001681)]
[([[794, 6], [970, 6], [970, 104], [794, 104]], '잡수', 0.09142747047526076), ([[47, 115], [139, 115], [139, 203], [47, 203]], '@', 0.9969809227095574), ([[1076, 78], [1280, 78], [1280, 188], [1076, 188]], '따85', 0.027175714272084643), ([[182, 164], [407, 164], [407, 233], [182, 233]], '아내려이', 0.19413559138774872), ([[789, 263], [925, 263], [925, 355], [789, 355]], "'업치", 0.3206585345849237), ([[1081, 327], [1171, 327], [1171, 389], [1081, 389]], '뼈', 0.15374809417431834), ([[1166, 326], [1222, 326], [1222, 412], [1166, 412]], '튿', 0.005259849987209686), ([[15, 389], [213, 389], [213, 497], [15, 497]], '가추', 0.08075471378831127), ([[241, 489], [343, 489], [343, 581], [241, 581]], '035', 0.08060906527373238), ([[1038, 524], [1172, 524], [1172, 580], [1038, 580]], '야야', 0.9074069151948796), ([[88, 532], [192, 532], [192, 662], [88, 662]], '볶', 0.01560530873539362), ([[1051, 573], [1151, 573], [1151, 639], [1051, 639]], '@권', 0.5490077301202847), ([[74, 648], [206, 648], [206, 704], [74, 704]], '이여도', 0.2520214027384919), ([[987, 631], [1221, 631], [1221, 697], [987, 697]], '모권여자', 0.07067247480154037), ([[73, 753], [209, 753], [209, 815], [73, 815]], '남자지', 0.1369735961267929), ([[1033, 745], [1173, 745], [1173, 809], [1033, 809]], '지몸음', 0.042959358689898655), ([[31, 809], [247, 809], [247, 871], [31, 871]], '리쁘레화면', 0.4057100228868476), ([[1005, 803], [1203, 803], [1203, 865], [1005, 865]], '메손지에', 0.05264175310730934), ([[92, 864], [186, 864], [186, 920], [92, 920]], '근제', 0.26650054893109504), ([[991, 857], [1213, 857], [1213, 923], [991, 923]], '화먼리편제', 0.008902201619335989), ([[51, 913], [227, 913], [227, 979], [51, 979]], '압컷일문', 0.7038260102272034), ([[70, 974], [204, 974], [204, 1030], [70, 1030]], '이지', 0.3401053048088124), ([[1035, 971], [1169, 971], [1169, 1035], [1035, 1035]], '몸분립', 0.42418967119976364), ([[1056, 1030], [1150, 1030], [1150, 1086], [1056, 1086]], '꼼고', 0.016959509894532397), ([[1053, 1081], [1151, 1081], [1151, 1147], [1053, 1147]], '앞품', 0.025211799774319987), ([[121, 1065], [307, 1065], [307, 1255], [121, 1255]], '', 0.0), ([[1007, 1141], [1195, 1141], [1195, 1205], [1007, 1205]], '@뜨리', 0.06808391559146196), ([[100, 1448], [154, 1448], [154, 1506], [100, 1506]], '기', 0.8655327226111673), ([[840, 1322], [1024, 1322], [1024, 1494], [840, 1494]], '평', 0.30526600835969475), ([[179, 1593], [541, 1593], [541, 1777], [179, 1777]], '프늬', 0.018533649400595403), ([[904, 1612], [1144, 1612], [1144, 1782], [904, 1782]], '약', 0.22756655763009892), ([[524.2017718737147, 42.026578105720695], [740.9507184776124, 116.91357104748978], [702.7982281262853, 215.9734218942793], [486.04928152238756, 140.08642895251023]], '0의5', 0.057714396885194544), ([[751.145605799779, 73.02282845586777], [1215.9354077160096, 159.5637615363253], [1182.854394200221, 291.97717154413226], [718.0645922839904, 204.4362384636747]], '의;6$}아양:', 0.0009066969978033476), ([[1176.0735178907757, 247.10877514125852], [1249.8984507786488, 262.10440995625635], [1240.9264821092243, 296.89122485874145], [1168.1015492213512, 280.89559004374365]], '000', 0.9997755633687985), ([[40.11152606349876, 292.1799355301935], [243.91517089976603, 276.47012938065944], [244.88847393650124, 363.8200644698065], [41.084829100233975, 379.52987061934056]], '가운"', 0.3530439313908214), ([[866.1261395850491, 392.0478702239474], [949.945204834583, 438.0652700194608], [915.8738604149509, 498.9521297760526], [832.054795165417, 451.9347299805392]], '음필생', 0.03551898943824628), ([[88.17304406943796, 1234.0244447735015], [265.9867862169708, 1327.3918788601318], [208.82695593056204, 1430.9755552264985], [31.013213783029165, 1337.6081211398682]], '!)보', 0.023913294567519585)]
[([[65, 47], [209, 47], [209, 155], [65, 155]], '@음', 0.19360496158270227), ([[251, 51], [434, 51], [434, 163], [251, 163]], '약대', 0.1560160730925535), ([[782, 48], [856, 48], [856, 122], [782, 122]], '기', 0.9154007403891598), ([[796, 156], [870, 156], [870, 238], [796, 238]], '0', 0.6859373267538018), ([[16, 213], [391, 213], [391, 324], [16, 324]], '안대합다;', 0.06323198374801221), ([[1210, 244], [1280, 244], [1280, 334], [1210, 334]], '0', 0.031568408742771226), ([[722, 287], [912, 287], [912, 410], [722, 410]], '예늙', 0.0060624264069627475), ([[961, 311], [1280, 311], [1280, 431], [961, 431]], '문무.', 0.09572721826787783), ([[0, 409], [303, 409], [303, 517], [0, 517]], '안뒤@)', 0.2629479391152553), ([[1095, 609], [1196, 609], [1196, 670], [1095, 670]], '이제', 0.9193422790520569), ([[1072, 662], [1223, 662], [1223, 727], [1072, 727]], '데이상', 0.44819661898972063), ([[1037, 715], [1253, 715], [1253, 783], [1037, 783]], '못잡숙씩데', 0.09404158092478485), ([[58, 780], [342, 780], [342, 950], [58, 950]], '입찍', 0.028861177341830822), ([[1039, 827], [1257, 827], [1257, 889], [1039, 889]], '안에싶다가', 0.149022742997494), ([[1049, 881], [1203, 881], [1203, 943], [1049, 943]], '뻔만표<', 0.00869795773178339), ([[78, 1054], [221, 1054], [221, 1122], [78, 1122]], '질정의', 0.2119479448637387), ([[102, 1116], [200, 1116], [200, 1172], [102, 1172]], '본제', 0.2863618548875743), ([[725, 1047], [1157, 1047], [1157, 1211], [725, 1211]], '{입>0', 0.009440748952329159), ([[35, 1163], [260, 1163], [260, 1235], [35, 1235]], '안에버가)', 0.015627592038799883), ([[82, 1282], [220, 1282], [220, 1338], [82, 1338]], '아박찌', 0.07296483011250393), ([[99, 1333], [199, 1333], [199, 1397], [99, 1397]], '잔뜩', 0.8742945261247971), ([[43, 1389], [253, 1389], [253, 1451], [43, 1451]], '뿐려출', 0.08750891476129238), ([[900, 1308], [1186, 1308], [1186, 1476], [900, 1476]], '@', 0.12120374309754212), ([[459, 1595], [591, 1595], [591, 1659], [459, 1659]], '국려이', 0.0025431765005379664), ([[717, 1569], [849, 1569], [849, 1633], [717, 1633]], '답쇼어', 0.006287738565330134), ([[68, 1562], [416, 1562], [416, 1736], [68, 1736]], '뺨껍어', 0.0019071080897814046), ([[864, 1598], [1178, 1598], [1178, 1770], [864, 1770]], '뛰다', 0.02749458037720354), ([[395.27577350128934, 103.80670170283656], [467.7347077362783, 36.16876061531021], [514.7242264987107, 98.19329829716344], [442.2652922637217, 165.83123938468978]], '05', 0.04453725117077477), ([[842.988682737947, 13.020463627291363], [1287.4608571050887, 108.83604127781462], [1233.011317262053, 309.97953637270865], [788.5391428949114, 214.16395872218538]], '"문| 음', 0.0005086176225713033), ([[248.3070020560507, 540.2438069905724], [323.38394095615234, 530.903530581956], [328.6929979439493, 585.7561930094276], [253.61605904384763, 596.096469418044]], '49', 0.11035350931710339)]
[([[864, 14], [1000, 14], [1000, 136], [864, 136]], '낫', 0.18323260392776675), ([[32, 54], [254, 54], [254, 254], [32, 254]], '; *', 0.036371760070323944), ([[821, 217], [891, 217], [891, 283], [821, 283]], '새', 0.04957847324063014), ([[31, 257], [93, 257], [93, 331], [31, 331]], '7', 0.48580671073801796), ([[125, 402], [296, 402], [296, 527], [125, 527]], '응집', 0.06914164243788282), ([[3, 1020], [350, 1020], [350, 1147], [3, 1147]], '산계앉)', 0.012705559842288494), ([[792, 1004], [1264, 1004], [1264, 1270], [792, 1270]], '표월<', 0.005342289808776193), ([[807, 1351], [873, 1351], [873, 1441], [807, 1441]], '틈', 0.9476158205345975), ([[324, 1536], [559, 1536], [559, 1635], [324, 1635]], '병근중)', 0.005380313843488693), ([[730, 1504], [978, 1504], [978, 1602], [730, 1602]], '"르8', 0.01954724220707365), ([[808.3410893700699, 38.02718137784603], [871.4462736990915, 30.383193255101382], [886.6589106299301, 174.97281862215397], [822.5537263009085, 182.6168067448986]], '{', 0.17257414431242868), ([[690.3555299396206, 253.07527634186468], [800.7081128412647, 181.01393383187875], [923.6444700603794, 397.9247236581353], [813.2918871587353, 470.9860661681213]], '우', 0.4686880898882464), ([[927.7543178021939, 451.0518136263268], [1100.2874730292024, 475.03989507994163], [1078.245682197806, 600.9481863736731], [905.7125269707976, 576.9601049200584]], '유빛', 0.021191842777085187)]
[([[942, 28], [1156, 28], [1156, 176], [942, 176]], '깥양', 0.007345905037470717), ([[63, 337], [269, 337], [269, 447], [63, 447]], '@욕`', 0.022809805007665284), ([[1178, 280], [1280, 280], [1280, 406], [1178, 406]], '6', 0.1720463718104135), ([[896, 406], [1014, 406], [1014, 510], [896, 510]], '흉보', 0.01048869229243059), ([[202, 506], [324, 506], [324, 608], [202, 608]], '스', 0.059119348003117134), ([[906, 500], [1014, 500], [1014, 600], [906, 600]], '향]', 0.1890860655001459), ([[177, 605], [301, 605], [301, 708], [177, 708]], '부들', 0.112627866180936), ([[1052, 862], [1102, 862], [1102, 910], [1052, 910]], '와', 0.6799823317780671), ([[1132, 862], [1212, 862], [1212, 910], [1132, 910]], '90', 0.8016529421217324), ([[1068, 966], [1206, 966], [1206, 1022], [1068, 1022]], '보지가', 0.7658679677430063), ([[1049, 1019], [1223, 1019], [1223, 1081], [1049, 1081]], '소인면세', 0.02206462249159813), ([[1085, 1073], [1187, 1073], [1187, 1133], [1085, 1133]], '정자', 0.5731694571912718), ([[67, 1127], [207, 1127], [207, 1183], [67, 1183]], '자지에', 0.4267985579505303), ([[1012, 1124], [1255, 1124], [1255, 1192], [1012, 1192]], '짜래교요에', 0.0181068423368116), ([[53, 1179], [221, 1179], [221, 1243], [53, 1243]], '쌍연요자', 0.13583995401859283), ([[89, 1237], [185, 1237], [185, 1297], [89, 1297]], '명액', 0.26819059573378246), ([[839, 1219], [969, 1219], [969, 1311], [839, 1311]], '(탁', 0.23252213320725512), ([[380, 1257], [513, 1257], [513, 1357], [380, 1357]], '여클', 0.014221407694738014), ([[112, 1344], [168, 1344], [168, 1398], [112, 1398]], '다', 0.024314424377065658), ([[30, 1394], [239, 1394], [239, 1461], [30, 1461]], '싸렉킬로', 0.0025388021022081375), ([[323, 1385], [447, 1385], [447, 1475], [323, 1475]], '흐음', 0.015559348953562877), ([[746, 1376], [984, 1376], [984, 1476], [746, 1476]], '스르럽?', 0.024793460965156555), ([[44.62762683902397, 116.75735514926711], [316.0002451591515, 62.07218602742799], [330.37237316097605, 169.2426448507329], [58.999754840848496, 223.927813972572]], '의심%', 0.02939092515939422), ([[628.3093088240148, 1095.4660647072412], [737.5906989330456, 1067.2777552097064], [750.6906911759852, 1138.5339352927588], [641.4093010669544, 1165.7222447902936]], '방0', 0.1386459855255946), ([[520.2369749806952, 1170.434622440155], [629.6834550532095, 1139.021580504287], [647.7630250193048, 1218.565377559845], [539.3165449467905, 1249.978419495713]], '밭어', 0.016158008193005984)]
[([[671, 99], [835, 99], [835, 189], [671, 189]], '아@', 0.46993299041175324), ([[98, 198], [266, 198], [266, 374], [98, 374]], '사', 0.09370748886239344), ([[808, 422], [884, 422], [884, 494], [808, 494]], '꽂', 0.0052567218141332805), ([[701, 487], [803, 487], [803, 549], [701, 549]], '하05', 0.047124971887130336), ([[205, 513], [307, 513], [307, 597], [205, 597]], '"들', 0.07027530941061592), ([[408, 518], [503, 518], [503, 571], [408, 571]], '하아', 0.9344123492315485), ([[188, 596], [286, 596], [286, 676], [188, 676]], '부들', 0.09229408525333298), ([[983, 935], [1191, 935], [1191, 1025], [983, 1025]], '야아~', 0.18762929737567902), ([[1006, 1095], [1148, 1095], [1148, 1193], [1006, 1193]], '업정', 0.1263691333484905), ([[902, 1202], [1272, 1202], [1272, 1298], [902, 1298]], '싸번트보0', 0.005922082264636839), ([[198.05522823631688, 933.0406475412757], [301.7558265548515, 985.6951800239603], [257.94477176368315, 1070.9593524587244], [154.2441734451485, 1017.3048199760397]], '보', 0.14515072210290114), ([[784.1990249237933, 1354.0168906939011], [1065.9755373727983, 1483.0361631810642], [994.8009750762067, 1628.9831093060989], [713.0244626272017, 1500.9638368189358]], '딸중0<', 0.010703100822865963)]
[]
