2682898
20
[([[914, 212], [998, 212], [998, 260], [914, 260]], '짜안~', 0.980250551906184), ([[924, 252], [1016, 252], [1016, 302], [924, 302]], '오늘은', 0.999642804123001), ([[910, 295], [1030, 295], [1030, 343], [910, 343]], '주인남이', 0.5774425268173218), ([[914, 338], [1030, 338], [1030, 388], [914, 388]], '좋아하는', 0.9190850853919983), ([[912, 380], [1032, 380], [1032, 428], [912, 428]], '절리관장', 0.8967819809913635), ([[916, 420], [1000, 420], [1000, 470], [916, 470]], '할게~', 0.6040418407103602), ([[100, 1028], [204, 1028], [204, 1076], [100, 1076]], '잔뜩 동', 0.8935023980331406), ([[92, 1070], [214, 1070], [214, 1118], [92, 1118]], '쌀테니까', 0.9075758457183838), ([[118, 1110], [184, 1110], [184, 1160], [118, 1160]], '응원', 0.990549899982885), ([[84, 1154], [196, 1154], [196, 1202], [84, 1202]], '부탁해~', 0.9980400204658508)]
[([[113, 139], [177, 139], [177, 233], [113, 233]], '(표', 0.073644609760927), ([[880, 300], [1004, 300], [1004, 350], [880, 350]], '후우후우:', 0.7509477321990223), ([[163, 339], [181, 339], [181, 365], [163, 365]], '(', 0.20603579699196928), ([[179, 332], [222, 332], [222, 425], [179, 425]], '교', 0.01463864696802375), ([[890, 344], [1018, 344], [1018, 392], [890, 392]], '잔뜩 절리', 0.7063817917104696), ([[880, 386], [1028, 386], [1028, 436], [880, 436]], '싸버로어"', 0.20202195622093091), ([[101, 705], [165, 705], [165, 749], [101, 749]], '이거', 0.9994939381560333), ([[60, 746], [206, 746], [206, 794], [60, 794]], '기분좋아서', 0.978843948539872), ([[64, 788], [204, 788], [204, 836], [64, 836]], '중독 월 것', 0.7751171983378954), ([[88, 830], [180, 830], [180, 878], [88, 878]], '같아"', 0.2650944671776763), ([[977, 1471], [1019, 1471], [1019, 1513], [977, 1513]], '(중', 0.6461863316956719), ([[1009, 1497], [1061, 1497], [1061, 1541], [1009, 1541]], '쇼', 0.042820899214577546), ([[937.3688575474865, 1100.018121326265], [1010.4862498902421, 1074.0107524805271], [1082.6311424525136, 1295.981878673735], [1008.5137501097579, 1321.9892475194729]], '뿐', 0.014634076984378075), ([[891.5097478983938, 1271.1880168037358], [928.5797981043564, 1239.028079525129], [995.4902521016062, 1321.8119831962642], [959.4202018956436, 1353.971920474871]], '숲', 0.205323967154869)]
[([[896, 219], [1056, 219], [1056, 273], [896, 273]], '오늘은 잔뜩', 0.9307859907106465), ([[858, 264], [1098, 264], [1098, 314], [858, 314]], '절리 배설가능해서', 0.8616973273079426), ([[102, 301], [251, 301], [251, 349], [102, 349]], '마지막까지', 0.9403607817662406), ([[886, 302], [1070, 302], [1070, 358], [886, 358]], '엄청 즐거워어', 0.9890943478506031), ([[130, 344], [224, 344], [224, 392], [130, 392]], '화취서', 0.7552409176811667), ([[916, 348], [1038, 348], [1038, 396], [916, 396]], '주인님>', 0.1330777108669281), ([[108, 386], [222, 386], [222, 434], [108, 434]], '고마워~닫', 0.03228431095798469)]
[([[916, 252], [1042, 252], [1042, 300], [916, 300]], '어? 먹어', 0.9776930158514919), ([[118, 298], [238, 298], [238, 346], [118, 346]], '진심으로', 0.9721367955207825), ([[928, 294], [1034, 294], [1034, 342], [928, 342]], '달라고?', 0.999735195082819), ([[92, 340], [266, 340], [266, 390], [92, 390]], '하는 말이야?', 0.4422161603405718)]
[([[898, 226], [1048, 226], [1048, 274], [898, 274]], '뭐 주인남의', 0.9802296841063718), ([[132, 278], [226, 278], [226, 326], [132, 326]], '오늘만', 0.9999116973860673), ([[900, 268], [1046, 268], [1046, 316], [900, 316]], '부탁이라면', 0.9914491181803733), ([[112, 319], [248, 319], [248, 367], [112, 367]], '특별히다?', 0.9067336826737754), ([[900, 310], [1046, 310], [1046, 358], [900, 358]], '들어출수도', 0.23812560305071317), ([[912, 352], [1032, 352], [1032, 402], [912, 402]], '있지만"', 0.153587207198143)]
[([[896, 262], [1016, 262], [1016, 312], [896, 312]], '괜찮올까', 0.41646483540534973), ([[902, 306], [1010, 306], [1010, 354], [902, 354]], '먹어도?', 0.9848399758338928), ([[70, 330], [200, 330], [200, 378], [70, 378]], '배 아프지', 0.9973043944034324), ([[82, 372], [192, 372], [192, 422], [82, 422]], '않젯지?', 0.23142459988594055), ([[72, 726], [196, 726], [196, 920], [72, 920]], '꿀', 0.06118820366977218), ([[35, 1025], [169, 1025], [169, 1139], [35, 1139]], '주', 0.02586000265597499)]
[]
[([[886, 276], [1024, 276], [1024, 326], [886, 326]], '육 위험해!', 0.8550144787403152), ([[864, 317], [1043, 317], [1043, 371], [864, 371]], '토할 것 같아!', 0.7773575872508565), ([[92, 1002], [338, 1002], [338, 1050], [92, 1050]], '안돼토하면안돼로하', 0.4317857919211878), ([[64, 1044], [374, 1044], [374, 1094], [64, 1094]], '현안돼토하면안돼토하면', 0.6702699738696972), ([[38, 1086], [372, 1086], [372, 1134], [38, 1134]], '하면안돼토하면안돼토하면', 0.623442780703244), ([[48, 1125], [372, 1125], [372, 1177], [48, 1177]], '[면안돼토하면안돼토하면', 0.7641057122122158), ([[33, 1167], [378, 1167], [378, 1221], [33, 1221]], '하면안돼토하면안돼토하면?', 0.45423845568375276), ([[32, 1210], [392, 1210], [392, 1262], [32, 1262]], '하면안돼토하면안돼토하면9', 0.5810116092208227), ([[30, 1254], [372, 1254], [372, 1304], [30, 1304]], '하면안돼토하면안돼토하면', 0.7251926410653221), ([[31, 1293], [372, 1293], [372, 1345], [31, 1345]], '하하면안돼토하면안돼토하면', 0.8762083495370466), ([[46, 1338], [368, 1338], [368, 1386], [46, 1386]], '하면안돼토하면안돼토하면', 0.7512483606995859), ([[60, 1380], [364, 1380], [364, 1430], [60, 1430]], '면안돼토하면안돼토하다', 0.8373183570490431), ([[60, 1420], [358, 1420], [358, 1470], [60, 1470]], '[며안돼토하면안돼토하다', 0.07972739504139784), ([[56.167467040786036, 162.01824852992164], [196.30509220836055, 135.75565850295516], [242.83253295921395, 427.9817514700784], [103.69490779163945, 454.24434149704484]], '맵', 0.0351522603272878)]
[([[1003, 157], [1085, 157], [1085, 201], [1003, 201]], '1시간', 0.9836668286689266), ([[842, 192], [960, 192], [960, 242], [842, 242]], "어떻'든", 0.19768998133850751), ([[1028, 202], [1060, 202], [1060, 240], [1028, 240]], '후', 0.9999670985067155), ([[850, 234], [954, 234], [954, 282], [850, 282]], '전부 다', 0.801550567150116), ([[806, 276], [972, 276], [972, 328], [806, 328]], '먹울 수 있없다', 0.4514451906813989), ([[854, 320], [946, 320], [946, 368], [854, 368]], '주인남', 0.6956727970558018), ([[828, 360], [974, 360], [974, 410], [828, 410]], '토하면안돼', 0.6853839896186588), ([[127, 394], [229, 394], [229, 442], [127, 442]], '정말 배', 0.99895288729664), ([[82, 436], [276, 436], [276, 486], [82, 486]], '터질 것 같아"', 0.3577030448201839), ([[89, 821], [157, 821], [157, 865], [89, 865]], '아하', 0.9994571917504222), ([[60, 862], [180, 862], [180, 910], [60, 910]], '하하하"', 0.08764780312776566), ([[840.2796781459159, 1202.0173054350519], [950.296811681064, 1180.3667832401895], [996.7203218540841, 1439.9826945649481], [886.703188318936, 1462.6332167598105]], '혈', 0.0542683207464576)]
[([[908, 264], [984, 264], [984, 312], [908, 312]], '우윗', 0.048482076723934925), ([[130, 412], [178, 412], [178, 460], [130, 460]], '가;', 0.4164051836596694), ([[108, 454], [200, 454], [200, 502], [108, 502]], '갑자기', 0.9989645919638073), ([[99, 497], [209, 497], [209, 541], [99, 541]], '배가  !!', 0.593740490453989), ([[962.5742887962342, 588.2117468417524], [1068.5220614943776, 632.8925940073281], [891.4257112037658, 1047.7882531582477], [784.4779385056223, 1003.1074059926719]], "'", 0.08024707723514357), ([[788.6138485656879, 812.0106590389523], [839.9601982573179, 820.6567180200332], [808.3861514343121, 1006.9893409610477], [757.0398017426821, 998.3432819799668]], '@', 0.02694960093845844), ([[983.4599064155838, 830.5641997293492], [1028.4648069668622, 859.9918210183852], [888.5400935844162, 1055.4358002706508], [843.5351930331378, 1026.008178981615]], '1', 0.22125488489922773)]
[([[140, 26], [194, 26], [194, 78], [140, 78]], '#"', 0.1317861979307337), ([[716, 34], [742, 34], [742, 66], [716, 66]], '4', 0.1949811029471995), ([[664, 88], [694, 88], [694, 128], [664, 128]], '1', 0.02130819414469798), ([[24, 86], [80, 86], [80, 189], [24, 189]], '움', 0.22441237414846515), ([[363, 42], [474, 42], [474, 277], [363, 277]], '옷', 0.036416199702674845), ([[969, 37], [1105, 37], [1105, 221], [969, 221]], '1', 0.5592637550775557), ([[196, 242], [318, 242], [318, 516], [196, 516]], '용', 0.16092609512838862), ([[809, 525], [921, 525], [921, 609], [809, 609]], '47', 0.08642311955140645), ([[296, 554], [351, 554], [351, 661], [296, 661]], '@', 0.1016542306979753), ([[892, 632], [968, 632], [968, 776], [892, 776]], '밖', 0.03291948793615607), ([[1009, 663], [1101, 663], [1101, 773], [1009, 773]], '딱', 0.008789862989978803), ([[151, 965], [195, 965], [195, 1031], [151, 1031]], '웃', 0.07184098499184532), ([[1046, 948], [1103, 948], [1103, 1091], [1046, 1091]], '흙', 0.31977584754089605), ([[183, 1283], [247, 1283], [247, 1371], [183, 1371]], '맨', 0.4970021171581074), ([[750, 1288], [826, 1288], [826, 1414], [750, 1414]], '댐', 0.45358065485812915), ([[147.0054100676993, 76.22380429787687], [199.6599829873245, 30.02423137238697], [283.9945899323007, 137.77619570212315], [231.3400170126755, 183.97576862761304]], '흙', 0.007701335306100676), ([[641.502481404895, 121.02481404895005], [681.5016575113071, 112.02522967953804], [709.497518595105, 230.97518595104995], [668.4983424886929, 240.97477032046197]], '토', 0.06273180839011516), ([[763.381435559237, 113.0100716685759], [899.4186642387809, 80.15457447283183], [982.618564440763, 457.9899283314241], [846.5813357612191, 491.8454255271682]], '옷', 0.9859762614323166), ([[15.501147297688421, 163.005185018813], [181.70992919970982, 124.06099120406236], [305.4988527023116, 691.994814981187], [138.29007080029018, 731.9390087959376]], '용', 0.8246581837882019), ([[702.1067444385466, 291.05002550306403], [809.795129565557, 328.20112394640995], [784.8932555614534, 395.94997449693597], [677.204870434443, 358.79887605359005]], '{7,', 0.047193513036397045), ([[6.258352722999333, 1354.0211726524883], [96.8304689733704, 1329.1295150309893], [151.74164727700068, 1554.9788273475117], [61.1695310266296, 1579.8704849690107]], '꿀', 0.20931970371168873), ([[629.2205536723275, 1471.3263254237756], [887.5920407477054, 1437.3600821992738], [893.7794463276725, 1536.6736745762244], [635.4079592522946, 1571.6399178007262]], ')사이고', 0.0505155511200428)]
[([[911, 179], [973, 179], [973, 221], [911, 221]], '그럼', 0.9996928475860365), ([[896, 218], [988, 218], [988, 266], [896, 266]], '주인남', 0.5170103551131459), ([[910, 260], [976, 260], [976, 308], [910, 308]], '관장', 0.9999538073665201), ([[874, 302], [984, 302], [984, 350], [874, 350]], '부탁해~', 0.9991985559463501), ([[119, 575], [185, 575], [185, 615], [119, 615]], '네~~', 0.6574769020080566)]
[([[732, 1076], [1302, 1076], [1302, 1173], [732, 1173]], '역식 의리 받고있습니다', 0.5575223048405631), ([[607, 1237], [1420, 1237], [1420, 1327], [607, 1327]], '장당 400600원이 기본 가격이며', 0.5804569618001937), ([[415, 1309], [1621, 1309], [1621, 1407], [415, 1407]], '태그 작업 난이도 대사랑에 따라 변할 수 있습니다', 0.8056239977129183), ([[446, 1468], [1582, 1468], [1582, 1565], [446, 1565]], '해당 작업물은 의리하신 분이 배포틀 요청하서서', 0.5049565164895681), ([[852, 1550], [1179, 1550], [1179, 1638], [852, 1638]], '업로드합니다', 0.6819508326160802), ([[719, 1712], [972, 1712], [972, 1798], [719, 1798]], '+~서톤싣하금', 0.00015435015359448708), ([[1010, 1702], [1276, 1702], [1276, 1801], [1010, 1801]], '@_7645', 0.397521783028425)]
[([[287, 27], [329, 27], [329, 77], [287, 77]], '스', 0.6617765074368123), ([[413, 15], [547, 15], [547, 159], [413, 159]], '0', 0.6039847819784114), ([[824, 70], [950, 70], [950, 228], [824, 228]], '히', 0.9623818283626271), ([[827, 211], [941, 211], [941, 377], [827, 377]], '의', 0.9909346260670624), ([[833, 439], [877, 439], [877, 547], [833, 547]], '꿀', 0.9579040572512874), ([[126, 664], [202, 664], [202, 712], [126, 712]], '에앗', 0.7329174893376016), ([[988, 590], [1096, 590], [1096, 757], [988, 757]], '동', 0.008038522151637084), ([[225, 865], [291, 865], [291, 991], [225, 991]], '4', 0.6640383733728328), ([[638.0787547167446, 18.0223471649395], [783.9676769167161, 50.11962727440555], [734.9212452832554, 261.9776528350605], [589.0323230832839, 229.88037272559444]], '개', 0.023776400013028942), ([[52.29901099436381, 234.0273407278568], [120.89924599682949, 226.47976686646027], [134.7009890056362, 379.9726592721432], [66.10075400317051, 387.5202331335397]], '쌀', 0.041857406585280366), ([[741.7272077938642, 800.0904545570495], [808.2534453977166, 777.2866777954956], [840.2727922061358, 887.9095454429505], [773.7465546022834, 910.7133222045044]], '통', 0.029141445339519123)]
[([[28, 62], [84, 62], [84, 169], [28, 169]], '@', 0.0685507207458933), ([[691, 95], [727, 95], [727, 163], [691, 163]], '움', 0.7639098842792578), ([[696, 228], [756, 228], [756, 278], [696, 278]], '#', 0.9751065966847285), ([[11, 213], [171, 213], [171, 463], [11, 463]], '오요', 0.0726553615395384), ([[847, 103], [983, 103], [983, 527], [847, 527]], '왜', 0.026566003651225856), ([[1035, 727], [1096, 727], [1096, 834], [1035, 834]], '쌀', 0.050730322038117004), ([[1, 801], [94, 801], [94, 979], [1, 979]], '$', 0.028498786589175262), ([[1017, 889], [1035, 889], [1035, 913], [1017, 913]], '느', 0.2462455204877756), ([[1066, 854], [1116, 854], [1116, 960], [1066, 960]], '꿀', 0.2461078555802354), ([[752, 1104], [802, 1104], [802, 1164], [752, 1164]], '4', 0.10606376611254209), ([[790, 1360], [842, 1360], [842, 1468], [790, 1468]], '""', 0.07375126205962332), ([[345, 1403], [421, 1403], [421, 1540], [345, 1540]], '말', 0.2770625415723913), ([[987.2182845976921, 52.02352432168909], [1078.5495097567964, 30.252451216018038], [1122.7817154023078, 243.97647567831092], [1031.4504902432036, 265.747548783982]], '꿀', 0.3851569924376044), ([[1012.3787012014564, 331.0148551104376], [1109.9486110044272, 345.01288003573484], [1076.6212987985436, 565.9851448895624], [979.0513889955729, 551.9871199642652]], '물', 0.4012307762267575), ([[158.94842877189342, 358.0616445610941], [263.5303631112811, 388.13069604438726], [241.05157122810658, 460.9383554389059], [136.46963688871892, 430.86930395561274]], '}7', 0.05636799584575933), ([[154.43950454390898, 720.014289060616], [236.15231440748752, 736.8813911460453], [192.56049545609102, 937.985710939384], [111.84768559251248, 921.1186088539547]], '흙', 0.08130693148731272), ([[803.6815351223507, 1263.0255177585748], [822.271437642583, 1258.0185052091442], [844.3184648776493, 1328.9744822414252], [826.728562357417, 1334.9814947908558]], '?', 0.3313991787726742), ([[714.5390089471963, 1422.0212966297202], [756.9805806756909, 1416.0970966215455], [774.4609910528037, 1539.9787033702798], [731.0194193243091, 1545.9029033784545]], '"', 0.06035424955590707)]
[([[746, 62], [973, 62], [973, 151], [746, 151]], '허재 장내', 0.643021300334255), ([[928, 930], [1048, 930], [1048, 978], [928, 978]], '아하차"', 0.07734465599060059), ([[926, 972], [1052, 972], [1052, 1020], [926, 1020]], '배 이렇계', 0.3074465096901381), ([[956, 1014], [1020, 1014], [1020, 1062], [956, 1062]], '뒷어', 0.5600379139804804), ([[778, 1240], [868, 1240], [868, 1288], [778, 1288]], '주인남', 0.7541169005036222), ([[264, 1268], [296, 1268], [296, 1304], [264, 1304]], '굉', 0.07261332935999931), ([[240, 1264], [268, 1264], [268, 1346], [240, 1346]], '출', 0.9264446420474748), ([[266, 1302], [294, 1302], [294, 1338], [266, 1338]], '림', 0.10295873127893174), ([[791, 1283], [855, 1283], [855, 1327], [791, 1327]], '너무', 0.9998510562863763), ([[764, 1324], [884, 1324], [884, 1372], [764, 1372]], '안화쥐"', 0.06042371317744255)]
[([[907, 237], [969, 237], [969, 281], [907, 281]], '그럼', 0.9993370944463668), ([[877, 275], [996, 275], [996, 327], [877, 327]], '지금부터', 0.9998845458030701), ([[874, 318], [1002, 318], [1002, 366], [874, 366]], '절리 배설', 0.8830350783809119), ([[884, 358], [992, 358], [992, 410], [884, 410]], '할게~~', 0.47391197085380554), ([[86, 388], [178, 388], [178, 436], [86, 436]], '주인남', 0.44708892935967653), ([[78, 430], [188, 430], [188, 478], [78, 478]], '화취~"', 0.20511239767074585)]
[([[874, 334], [942, 334], [942, 382], [874, 382]], '아잇', 0.04236257746655826), ([[66, 568], [224, 568], [224, 616], [66, 616]], '나온다 나와', 0.760871669047258), ([[70, 610], [218, 610], [218, 660], [70, 660]], '엉덩이에서', 0.9729316432228521), ([[56, 652], [206, 652], [206, 702], [56, 702]], '나오고있어', 0.9638097471765531), ([[907.4300236000968, 1242.0203304013542], [970.2573305919324, 1235.3250759874297], [983.5699763999032, 1397.9796695986458], [920.7426694080676, 1403.6749240125703]], '흙', 0.024407548333176488), ([[849.5936748921307, 1367.1245793959322], [891.5866515442884, 1327.0215389976772], [988.4063251078693, 1438.8754206040678], [946.4133484557116, 1478.9784610023228]], '통', 0.026846361700416432)]
[([[841, 103], [925, 103], [925, 197], [841, 197]], '잇)', 0.3028765628848562), ([[745, 313], [825, 313], [825, 449], [745, 449]], '밟', 0.03012602491030969), ([[99, 535], [231, 535], [231, 579], [99, 579]], '나아나와', 0.9000616073608398), ([[770, 460], [822, 460], [822, 578], [770, 578]], '꿀', 0.15098322543991927), ([[99, 577], [233, 577], [233, 621], [99, 621]], '나아나와', 0.7591381072998047), ([[129, 619], [199, 619], [199, 663], [129, 663]], '나와', 0.9867968753801826), ([[906, 588], [1052, 588], [1052, 666], [906, 666]], '위험해', 0.9961874221332486), ([[902, 648], [1050, 648], [1050, 724], [902, 724]], '안범칙', 0.1505748982649056), ([[296, 786], [324, 786], [324, 814], [296, 814]], '시', 0.8178047988435679), ([[966, 908], [1086, 908], [1086, 1056], [966, 1056]], '과', 0.09133139036447435), ([[70, 1156], [126, 1156], [126, 1280], [70, 1280]], '""', 0.4557420382157074), ([[860, 1256], [935, 1256], [935, 1387], [860, 1387]], '!', 0.17716786304422616), ([[699, 1339], [899, 1339], [899, 1497], [699, 1497]], '환', 0.027122620329029568), ([[837, 1457], [1116, 1457], [1116, 1584], [837, 1584]], '주고', 0.03527393414026643), ([[947.2147214050518, 45.02204100992151], [1051.366685250649, 23.410834079198864], [1092.7852785949483, 250.9779589900785], [989.633314749351, 272.5891659208011]], '올', 0.2366417951219688), ([[149.2269358608581, 123.03743936683853], [210.13137084989847, 104.08040405071067], [248.7730641391419, 241.96256063316147], [187.86862915010153, 259.9195959492893]], '#;', 0.2648106938388568), ([[155.18517828561733, 187.03696114179067], [255.98132778071613, 246.42055949801832], [213.81482171438267, 314.96303885820936], [114.01867221928387, 255.57944050198168]], '빗', 0.28847738874789286), ([[853.3235688782509, 226.03275944598371], [907.0564608657962, 212.08018132903462], [938.6764311217491, 342.9672405540163], [884.9435391342038, 356.91981867096536]], '약', 0.12422204115434798), ([[81.41620207866835, 908.0170555452287], [156.13665415104546, 919.4200941652867], [128.58379792133167, 1098.9829444547713], [54.86334584895454, 1088.5799058347134]], '물', 0.11151799322512179), ([[967.3072240132169, 1149.024025790323], [1042.8309592562427, 1160.8759668789426], [1017.6927759867831, 1312.975974209677], [942.1690407437573, 1301.1240331210574]], '월', 0.014072862877711145), ([[212.67143293972578, 1280.0986006961627], [264.58698287553165, 1237.0191620043654], [359.3285670602742, 1364.9013993038373], [308.41301712446835, 1407.9808379956346]], '8', 0.2009620985481888)]
[([[535, 19], [575, 19], [575, 55], [535, 55]], '#', 0.21182105556132402), ([[19, 139], [105, 139], [105, 241], [19, 241]], '과', 0.21209247686124755), ([[165, 35], [277, 35], [277, 205], [165, 205]], '댐', 0.0838144075334677), ([[520, 88], [686, 88], [686, 236], [520, 236]], '0))', 0.5968044938225411), ([[982, 88], [1054, 88], [1054, 194], [982, 194]], '웃', 0.46831373050787306), ([[727, 151], [867, 151], [867, 287], [727, 287]], '및', 0.08274196759749941), ([[970, 185], [1063, 185], [1063, 356], [970, 356]], '>', 0.06661967297778038), ([[28, 374], [136, 374], [136, 454], [28, 454]], '4교차', 0.005728340226222846), ([[255, 559], [341, 559], [341, 643], [255, 643]], '#', 0.2905508515434576), ([[46, 674], [120, 674], [120, 794], [46, 794]], '옷', 0.9998395507327729), ([[1059, 679], [1119, 679], [1119, 799], [1059, 799]], '물', 0.2053852809506873), ([[136, 776], [190, 776], [190, 862], [136, 862]], '"', 0.12072416580673462), ([[893, 654], [973, 654], [973, 949], [893, 949]], '유', 0.934082700989677), ([[60, 858], [115, 858], [115, 971], [60, 971]], '뿐', 0.11203264078521702), ([[1008, 904], [1071, 904], [1071, 1015], [1008, 1015]], '@', 0.24453833716140938), ([[82, 1018], [160, 1018], [160, 1138], [82, 1138]], '응', 0.9965272350153533), ([[135, 1085], [243, 1085], [243, 1213], [135, 1213]], '오', 0.15081105445191056), ([[896, 1182], [970, 1182], [970, 1294], [896, 1294]], '밑', 0.20160814650336167), ([[6, 1242], [62, 1242], [62, 1347], [6, 1347]], '움', 0.33789557719524055), ([[558.1055728090001, 32.08065044950046], [596.4798801467919, 24.22402316262618], [610.8944271909999, 96.91934955049953], [571.5201198532081, 104.77597683737382]], '"', 0.13256163341978677), ([[864.1961581007969, 41.03236044988155], [938.631174057921, 26.352361787622677], [964.8038418992031, 184.96763955011846], [891.368825942079, 199.64763821237733]], '쌀', 0.23112041395285132), ([[690.4894597895616, 309.0144922962848], [760.1038381228926, 316.9900990854385], [738.5105402104384, 502.9855077037152], [668.8961618771074, 495.0099009145615]], '물', 0.23302603855742987), ([[63.31507271811619, 481.01380340928165], [179.72355692222908, 448.08759770062704], [259.6849272818838, 762.9861965907184], [144.27644307777092, 795.912402299373]], '스', 0.05396611391122108), ([[1018.336336351604, 543.0315316918424], [1076.2802207438262, 536.3817983288944], [1088.6636636483959, 661.9684683081576], [1030.7197792561738, 668.6182016711056]], '올', 0.27799311963013906), ([[967.6205907533757, 1071.0080008550058], [1034.2333136811244, 1063.0849039621578], [1063.3794092466242, 1325.9919991449942], [996.7666863188756, 1333.9150960378422]], '{', 0.09467214241663502), ([[89.41500760485171, 1201.013168827708], [183.81784032355216, 1181.1277252764685], [236.5849923951483, 1448.986831172292], [143.18215967644784, 1468.8722747235315]], '%', 0.25754759149675976), ([[780.9666700642312, 1463.0766894303488], [826.5538141069868, 1434.0219422519656], [892.0333299357688, 1543.9233105696512], [845.4461858930132, 1573.9780577480344]], '올', 0.14473109902229808)]
