2682385
128
[([[24, 42], [360, 42], [360, 242], [24, 242]], '1 )', 0.20854739844799042), ([[348, 498], [376, 498], [376, 538], [348, 538]], '몽', 0.027278711701583802)]
[([[1087, 1384], [1875, 1384], [1875, 1486], [1087, 1486]], '같력스물 간리! 센계속', 0.002455012757052708), ([[1364, 1486], [1536, 1486], [1536, 1583], [1364, 1583]], '|어', 0.018724211228285683)]
[([[840, 1384], [1020, 1384], [1020, 1486], [840, 1486]], '닭흡_', 0.005417204885430448), ([[1052, 1380], [2079, 1380], [2079, 1492], [1052, 1492]], '언제 지올라싫} 있울 셈이나?', 0.00954350613939005), ([[1156, 1486], [1771, 1486], [1771, 1597], [1156, 1597]], '떨어여 암돼하', 0.012241664761676551)]
[([[1068, 1383], [1896, 1383], [1896, 1494], [1068, 1494]], '젊@원적접밀체내시제', 0.013804207026284643), ([[1257, 1524], [1296, 1524], [1296, 1562], [1257, 1562]], '드', 0.042583624426528965), ([[1290, 1490], [1596, 1490], [1596, 1592], [1290, 1592]], '되으웃(', 0.014788598753511906)]
[([[1109, 1381], [1800, 1381], [1800, 1496], [1109, 1496]], '@시 @까량올말라', 0.0901850906070817), ([[945, 1481], [1973, 1481], [1973, 1596], [945, 1596]], '헬손이가- )집 좁현지고 있어', 0.007737294922154664)]
[([[623, 1091], [787, 1091], [787, 1293], [623, 1293]], "'", 0.12367612577296327), ([[981, 1479], [1941, 1479], [1941, 1589], [981, 1589]], '겪우@관켓-이틀 매운 걸로]', 0.029971105050626272)]
[([[949, 1480], [1905, 1480], [1905, 1590], [949, 1590]], '예량나에력치느으기이-퍼@@', 0.00105335347648821)]
[([[1174, 1426], [1210, 1426], [1210, 1457], [1174, 1457]], '9', 0.17179154639104244), ([[1209, 1387], [1738, 1387], [1738, 1486], [1209, 1486]], '오오호오욕0', 0.40683799583037816), ([[989, 1524], [1029, 1524], [1029, 1564], [989, 1564]], '9', 0.09100026672559025), ([[1023, 1482], [1930, 1482], [1930, 1595], [1023, 1595]], '양?방금 뭐라꽤 씨불없어@', 0.045858406303611585)]
[([[589, 1482], [2310, 1482], [2310, 1590], [589, 1590]], '사람이-말음:이 똑바로이 해야월 거듭@ @-이청(', 0.0029903668702684293)]
[([[459, 1379], [2477, 1379], [2477, 1495], [459, 1495]], '모법올 보여주리고이 학생회장!0 키류인이0 사판렉@ 냄@@', 0.00505091364969008), ([[1026, 1487], [1921, 1487], [1921, 1595], [1026, 1595]], '잡히날 우륭하려 들어!-', 0.04313933060591087)]
[([[1199, 1478], [1720, 1478], [1720, 1593], [1199, 1593]], '@결로 끊이닷', 0.08444766296360022)]
[([[1193, 1386], [1722, 1386], [1722, 1486], [1193, 1486]], '숨제도 모텔페', 0.02185283082598321), ([[1344, 1488], [1574, 1488], [1574, 1592], [1344, 1592]], '현엇지', 0.035054348546463485)]
[]
[([[1147, 1383], [1759, 1383], [1759, 1491], [1147, 1491]], '재용은 재방없다!', 0.3891841627320439), ([[913, 1487], [1995, 1487], [1995, 1595], [913, 1595]], '그립원래 위치로 돌아오실까스0', 0.04970420021808673)]
[([[325, 348], [410, 348], [410, 392], [325, 392]], '9 (', 0.27532124519348145), ([[1030, 1383], [1885, 1383], [1885, 1491], [1030, 1491]], '진장- 떨어저 떨어지라페', 0.13780600084782932), ([[1231, 1488], [1686, 1488], [1686, 1592], [1231, 1592]], '어림없다앗', 0.1521826415929296)]
[([[797, 0], [1065, 0], [1065, 194], [797, 194]], '?', 0.165129224973378), ([[884, 1381], [2029, 1381], [2029, 1492], [884, 1492]], '끼이물직향 유방부리 조교해 주제', 0.002720652683587574), ([[1056, 1477], [1852, 1477], [1852, 1599], [1056, 1599]], '~물혼응이 만지치 미@', 0.007710461073901811)]
[([[1007, 1477], [1917, 1477], [1917, 1592], [1007, 1592]], '콤직함게업청 부트러원', 0.0998773446198415)]
[([[1130, 1384], [1711, 1384], [1711, 1488], [1130, 1488]], '그레봉 이 멘렉물드', 0.01574781340394002), ([[996, 1485], [1912, 1485], [1912, 1595], [996, 1595]], '생각 넥다} 빨텍똑나-켓문이', 0.009528795632662752)]
[([[960, 1383], [1950, 1383], [1950, 1491], [960, 1491]], '인간정이 센부 날아깥 때까제', 0.07250686481523808), ([[1041, 1485], [1865, 1485], [1865, 1595], [1041, 1595]], '똑새로록 조교 사계서', 0.10089728271479731)]
[([[239, 1002], [383, 1002], [383, 1106], [239, 1106]], '(', 0.8349934051295804), ([[1038, 1377], [1869, 1377], [1869, 1497], [1038, 1497]], '입컷의기롭움-제하에', 0.014394461458969813), ([[708, 1482], [2128, 1482], [2128, 1596], [708, 1596]], '완벽한 선헬부물물 메듬나메만들어 주마드', 0.1350563446906305)]
[([[1296, 1384], [1614, 1384], [1614, 1488], [1296, 1488]], '켓사해', 0.05838525965424619), ([[654, 1484], [2259, 1484], [2259, 1596], [654, 1596]], '나|깥말도 없이 젓방문 꼽하기이국 사청기 냄', 0.0011084271068312937)]
[([[911, 1381], [2002, 1381], [2002, 1491], [911, 1491]], '나물 물이말}사가} 만름 신의량 ', 0.021325725302982858), ([[1089, 1484], [1759, 1484], [1759, 1593], [1089, 1593]], '엉망램창하고 싶어', 0.14517904988147987)]
[([[957, 1380], [1951, 1380], [1951, 1493], [957, 1493]], '문데 네문 _-슬 메@년가?', 0.008571648115436724), ([[1291, 1485], [1631, 1485], [1631, 1593], [1291, 1593]], '사렬기적', 0.006459584925323725)]
[]
[([[1137, 1384], [1776, 1384], [1776, 1488], [1137, 1488]], '미@@부@ 순결 무도로', 0.033275402576376054), ([[1027, 1488], [1900, 1488], [1900, 1592], [1027, 1592]], '상대하면금방 끝날 테데?', 0.11661727664968173)]
[([[816, 1480], [2025, 1480], [2025, 1589], [816, 1589]], '왜번거롭데 본내블 결끼요? 라코님', 0.05476719159574121)]
[([[1093, 1480], [1827, 1480], [1827, 1591], [1093, 1591]], '기이룩 물 보롯-하', 0.014923701116854591)]
[([[1093, 1482], [1827, 1482], [1827, 1590], [1093, 1590]], '긴이" 물 겪롯-하지', 0.006680749376819619), ([[1253.2654590721493, 401.0074945353159], [1529.8538324439423, 436.6551934339314], [1456.7345409278507, 962.9925054646841], [1181.1461675560577, 927.3448065660685]], '"', 0.41000298908713617)]
[([[1048, 1379], [1870, 1379], [1870, 1492], [1048, 1492]], '텔이기획합 소소적이', 0.012628382183348793), ([[992, 1487], [1923, 1487], [1923, 1595], [992, 1595]], '장기말이약하면안 되니까}', 0.5873686202613394)]
[([[1048, 1379], [1870, 1379], [1870, 1492], [1048, 1492]], '텔이기획향 소소적이', 0.012983814975024526), ([[990, 1487], [1923, 1487], [1923, 1595], [990, 1595]], '장기말이약하면안 되니까', 0.5996610667379364)]
[([[1082, 1381], [1829, 1381], [1829, 1491], [1082, 1491]], '떼정올올 감당하붐렉', 0.13110922474090847), ([[587, 1482], [2261, 1482], [2261, 1595], [587, 1595]], '의물자완젠한붐물가} 필요하다 판단합 메<지-', 0.002194577427741104)]
[([[1092, 1382], [1865, 1382], [1865, 1492], [1092, 1492]], '문이 [물 물외발물-길?', 0.0051188427007713725), ([[1282, 1487], [1649, 1487], [1649, 1595], [1282, 1595]], '히@하렉(', 0.006844318739556933)]
[([[657, 1480], [2247, 1480], [2247, 1593], [657, 1593]], '빨리 사츠키가 차려춘 만찬음 맛보고 싶구나이', 0.08100037185810775)]
[([[1197, 1516], [1707, 1516], [1707, 1649], [1197, 1649]], '엔 의 일페', 0.10032761875145609)]
[([[1200, 1517], [1724, 1517], [1724, 1643], [1200, 1643]], '엔 의 일 체', 0.3089007034498713)]
[([[1167, 1512], [1735, 1512], [1735, 1650], [1167, 1650]], '씹웬 센 혈!', 0.1833831358585683)]
[([[825, 352], [913, 352], [913, 501], [825, 501]], '#', 0.4101685687538179), ([[2775, 347], [2852, 347], [2852, 492], [2775, 492]], '터', 0.009178299042478244), ([[719, 446], [844, 446], [844, 583], [719, 583]], '_', 0.3362113893787786), ([[90, 606], [525, 606], [525, 897], [90, 897]], '기', 0.20022084785416983), ([[392, 1166], [579, 1166], [579, 1362], [392, 1362]], '1', 0.9582860833869553), ([[840, 1171], [909, 1171], [909, 1305], [840, 1305]], '낙', 0.05685185331593545), ([[1173, 1517], [1731, 1517], [1731, 1643], [1173, 1643]], '신 의 선 혈!', 0.9677785793684728)]
[([[1335, 1389], [1578, 1389], [1578, 1488], [1335, 1488]], '안되면', 0.9940502772483754), ([[997, 1490], [1924, 1490], [1924, 1594], [997, 1594]], '몰때까지밀어불어주렉어', 0.07680415855650809)]
[([[722, 1385], [2189, 1385], [2189, 1494], [722, 1494]], '@사어@말트 이버지의 죽음에대한 전말올', 0.04685816624615488), ([[1158, 1487], [1760, 1487], [1760, 1597], [1158, 1597]], '질문하게해주미', 0.17232472934147114)]
[([[1052, 1479], [1863, 1479], [1863, 1591], [1052, 1591]], '0 올)올위해텔-리:@', 0.020963345222598174)]
[([[911, 1380], [2009, 1380], [2009, 1495], [911, 1495]], '불으어결관움지움 속언레웬문', 0.0004021089809544208), ([[767, 1484], [2148, 1484], [2148, 1595], [767, 1595]], '더듬 방패워이트 없의당장 내려오지제', 0.014729030458519705)]
[([[1319, 1384], [1580, 1384], [1580, 1488], [1319, 1488]], '@ 그립', 0.3445335626602173), ([[1053, 1485], [1860, 1485], [1860, 1596], [1053, 1596]], '문멘다세기회문없다@', 0.013997247076872851)]
[([[999, 1510], [1900, 1510], [1900, 1648], [999, 1648]], '인의압도 신의 순결!', 0.7815127179425699)]
[]
[([[1027, 1384], [1929, 1384], [1929, 1488], [1027, 1488]], '물장, 폐기} 어떻게 훨뀌야?', 0.02509280882539103), ([[716, 1483], [2245, 1483], [2245, 1596], [716, 1596]], '변신의여파물 텔체베권기? 아니 문가 탤리?@', 0.04111175171503228)]
[([[769, 1383], [2189, 1383], [2189, 1491], [769, 1491]], '초질해길} 류옆  제쪽은 지금 2단 변신이다!', 0.06518379876630355), ([[904, 1485], [2049, 1485], [2049, 1595], [904, 1595]], '게외? 우래트 변신하면 되잡아!', 0.10415563168089408)]
[([[1140, 1480], [1777, 1480], [1777, 1590], [1140, 1590]], '제금액운리물낱8@', 0.0018662723449507077)]
[([[1280, 1482], [1637, 1482], [1637, 1595], [1280, 1595]], '불가능해', 0.9182579517364502)]
[([[1059, 1383], [1894, 1383], [1894, 1491], [1059, 1491]], '뭐? @번엔 폐가 문제야?', 0.1102290369059079), ([[751, 1484], [2214, 1484], [2214, 1595], [751, 1595]], '문제{름 없다 전과 같음 2단 변세음-능해', 0.06301807212797547)]
[([[1301, 1486], [1610, 1486], [1610, 1585], [1301, 1585]], '하지만 !', 0.7711200933403082)]
[([[1261, 1384], [1513, 1384], [1513, 1488], [1261, 1488]], '키인', 0.9490134613828638), ([[1546, 1387], [1695, 1387], [1695, 1488], [1546, 1488]], '[@', 0.2209874160810293), ([[893, 1481], [2016, 1481], [2016, 1597], [893, 1597]], '콤물관 모습이 꼴사남기 그지없균', 0.13681331675639735)]
[([[1206, 1480], [1705, 1480], [1705, 1590], [1206, 1590]], '탑늄입 사올기', 0.001834365963546739)]
[([[2783, 349], [2846, 349], [2846, 509], [2783, 509]], '"', 0.22275972424456203), ([[2012, 522], [2488, 522], [2488, 789], [2012, 789]], '1 {', 0.28966858983039856), ([[298, 790], [644, 790], [644, 890], [298, 890]], '순결 무도', 0.8116027346390302), ([[2483, 908], [2702, 908], [2702, 1100], [2483, 1100]], "'!", 0.2561208084678393), ([[864, 1164], [919, 1164], [919, 1294], [864, 1294]], '북', 0.041269663849236915), ([[2782, 1180], [2844, 1180], [2844, 1283], [2782, 1283]], '보', 0.02463092544235579), ([[1103, 1384], [1810, 1384], [1810, 1488], [1103, 1488]], '실매} 쇠의2관 본이', 0.002644790952536156), ([[905, 1485], [2007, 1485], [2007, 1595], [905, 1595]], '[망에옛유물일거락? 생각햇나?', 0.01871819052990135), ([[2558, 1397], [2722, 1397], [2722, 1608], [2558, 1608]], '[', 0.8446924139012459)]
[([[738, 1381], [2225, 1381], [2225, 1494], [738, 1494]], '아)면 신의웨센동집말] 물말름 보고 놀렉다:?', 0.01150954511935506), ([[985, 1484], [1973, 1484], [1973, 1595], [985, 1595]], '최종점? 기런패렬로않 꼴이?', 0.009492402312204126)]
[([[616, 1373], [2293, 1373], [2293, 1500], [616, 1500]], '신의의올비름속용은 각짓 숙준에 맞게 |체음법', 0.012886057866811915), ([[855, 1485], [2058, 1485], [2058, 1597], [855, 1597]], '액제물 액페임는 웬@해목히렉지', 0.0016084003012291745)]
[([[981, 1380], [1987, 1380], [1987, 1491], [981, 1491]], '입어도 알몸과 다름없으니-', 0.5202485775559212), ([[1207, 1488], [1756, 1488], [1756, 1592], [1207, 1592]], '사돈 남말하네!', 0.8320673910746954)]
[([[803, 1478], [2112, 1478], [2112, 1590], [803, 1590]], '날사실련럽베다 맛페젖행이나 콤들연서', 0.002013054259937195)]
[([[1079, 1478], [1838, 1478], [1838, 1590], [1079, 1590]], '눈구한제 훈수질이@행', 0.05374911576026189)]
[([[1270, 1477], [1638, 1477], [1638, 1591], [1270, 1591]], '한심합 놈@', 0.012049465146012761)]
[([[1191, 1387], [1702, 1387], [1702, 1490], [1191, 1490]], '네작은 그릇에', 0.9513636714410592), ([[1023, 1487], [1889, 1487], [1889, 1595], [1023, 1595]], '이젠 진력이난다! 마토이', 0.5783887504579698)]
[([[942, 1480], [1975, 1480], [1975, 1590], [942, 1590]], '@직로 -가 덧음 렌물 _이내', 0.01944126468764744)]
[([[828, 1477], [2082, 1477], [2082, 1593], [828, 1593]], '알루이라도 웃음입음 컷꽤} 마켓가', 0.036886616432677224), ([[1970.437093810085, 871.4609564783229], [2142.0754382050136, 819.3399614734759], [2168.562906189915, 936.5390435216771], [1997.9245617949862, 988.6600385265241]], '1거', 0.03282943807602299)]
[([[1073, 1482], [1833, 1482], [1833, 1590], [1073, 1590]], '우쁨대지미라 마토이', 0.3430743098018338)]
[([[905, 386], [1075, 386], [1075, 651], [905, 651]], '0', 0.7619390255081839), ([[156, 1245], [428, 1245], [428, 1497], [156, 1497]], '스', 0.2734678435381319), ([[782, 1473], [2135, 1473], [2135, 1590], [782, 1590]], '댁성올 통해궁극의 신의름입고있습 한', 0.14704532537672438)]
[([[1161, 1382], [1728, 1382], [1728, 1495], [1161, 1495]], '유방이 출렇이든', 0.2273397862900826), ([[891, 1483], [2020, 1483], [2020, 1596], [891, 1596]], '음부 속 질내가 비치든 상관없다!', 0.5912474676159114)]
[([[1114, 1378], [1784, 1378], [1784, 1498], [1114, 1498]], '나 키류인 사꽂키는', 0.17926447466795706), ([[1053, 1484], [1858, 1484], [1858, 1595], [1053, 1595]], '@망성취름 원해서라면', 0.227665455122202)]
[([[1164, 1381], [1732, 1381], [1732, 1492], [1164, 1492]], '인간성올 메리고', 0.09645616704043714), ([[828, 1485], [2094, 1485], [2094, 1599], [828, 1599]], '알몸이 되어생명심유와 통화되라리 !', 0.03800496561097594)]
[([[541, 1230], [718, 1230], [718, 1380], [541, 1380]], '0', 0.8731103073111832), ([[920, 1480], [1993, 1480], [1993, 1588], [920, 1588]], '그리곡다 겪안 최종점에 도발해', 0.015721790112812575)]
[([[1175, 1387], [1742, 1387], [1742, 1490], [1175, 1490]], '"알몸이 되어리!', 0.07640570481544175), ([[1094, 1490], [1868, 1490], [1868, 1594], [1094, 1594]], '뭐라}눈 메@주 미최되이@', 0.014916892756561814)]
[]
[([[1371, 1387], [1585, 1387], [1585, 1488], [1371, 1488]], '커억템', 0.0458623303835871), ([[1186, 1485], [1768, 1485], [1768, 1595], [1186, 1595]], '정말 뜻이있다면', 0.35728939295277634)]
[([[1371, 1387], [1589, 1387], [1589, 1488], [1371, 1488]], '크옥', 0.13922530774885034), ([[903, 1475], [2068, 1475], [2068, 1599], [903, 1599]], '마로이 잇진의전말음알고 싶거튼', 0.24132965595056724)]
[([[227, 330], [452, 330], [452, 713], [227, 713]], '7', 0.014999909841284742), ([[1368, 1382], [1590, 1382], [1590, 1491], [1368, 1491]], '예@', 0.09240181322657365), ([[1014, 1485], [1953, 1485], [1953, 1594], [1014, 1594]], '선험무물물 날 쓰레트렉라', 0.07717696989674683), ([[145.05706988307412, 223.01482228175738], [369.329995631876, 317.6218453887367], [247.94293011692588, 600.9851777182427], [23.670004368124037, 506.3781546112633]], '1', 0.15767465985790352)]
[([[1281, 1384], [1614, 1384], [1614, 1488], [1281, 1488]], '사천왕올', 0.517998218536377), ([[904, 1486], [2001, 1486], [2001, 1600], [904, 1600]], '이겪다 한들 내적수가 되지 못해', 0.565407017701957)]
[([[1224, 1480], [1687, 1480], [1687, 1590], [1224, 1590]], '카아아아입생', 0.6471529719325577)]
[([[2338, 111], [2615, 111], [2615, 318], [2338, 318]], '그', 0.8368249944553874)]
[([[1290, 1380], [1616, 1380], [1616, 1492], [1290, 1492]], '팀언렌대', 0.027324004098773003), ([[740, 1484], [2184, 1484], [2184, 1593], [740, 1593]], '문도가 아내면에편-세물 날이길수없다!', 0.012920247251250997)]
[([[843, 1480], [2070, 1480], [2070, 1592], [843, 1592]], '0리워이텔바엔터라렉 죽분 게나!', 0.01774966410567215)]
[([[1371, 1384], [1594, 1384], [1594, 1486], [1371, 1486]], '깊음?', 0.032219875510222554), ([[1152, 1532], [1187, 1532], [1187, 1561], [1152, 1561]], '9', 0.7054737904724142), ([[1186, 1488], [1767, 1488], [1767, 1592], [1186, 1592]], '긴연관적인 면이', 0.04691239793157514)]
[([[1103, 1483], [1810, 1483], [1810, 1585], [1103, 1585]], '힘흘 가로 막는 거다!', 0.406946340933612)]
[([[0, 1475], [151, 1475], [151, 1625], [0, 1625]], '들', 0.02257217523592292)]
[([[1326, 1384], [1583, 1384], [1583, 1486], [1326, 1486]], '류코님', 0.8403802706183471), ([[843, 1487], [2072, 1487], [2072, 1597], [843, 1597]], '부디@가씨의마음음 알아주섭오', 0.20012343498911384)]
[([[1082, 1381], [1840, 1381], [1840, 1489], [1082, 1489]], '더이상은위험합니다!', 0.645747522253164), ([[866, 1485], [2056, 1485], [2056, 1593], [866, 1593]], '부디순결무도록 자제해 주십시오', 0.4862390419616543)]
[([[978, 1381], [1966, 1381], [1966, 1494], [978, 1494]], '붙록! 방해해제 }  소로@', 0.08672519711359827), ([[1324, 1488], [1623, 1488], [1623, 1592], [1324, 1592]], '@리박-', 0.005281953606754541)]
[([[2117, 1013], [2170, 1013], [2170, 1066], [2117, 1066]], '히히', 0.12013191678552784), ([[906, 1383], [2079, 1383], [2079, 1494], [906, 1494]], '제난번체럽 호락호락 당하지않이!', 0.4193813382061542), ([[1014, 1487], [1970, 1487], [1970, 1595], [1014, 1595]], '@번엔각오하는 게 중좋음 곁!', 0.14555966203099702)]
[([[915, 1381], [2002, 1381], [2002, 1492], [915, 1492]], '떼로} 활수 왜는 건마토이 합터', 0.024687236930644417), ([[1339, 1488], [1576, 1488], [1576, 1592], [1339, 1592]], '홀록 !', 0.3919928888739514)]
[([[1911, 0], [1956, 0], [1956, 75], [1911, 75]], '0', 0.009047595714656076), ([[991, 1481], [1243, 1481], [1243, 1585], [991, 1585]], '무도물', 0.2521327013495236), ([[1275, 1478], [1932, 1478], [1932, 1593], [1275, 1593]], '일려주문 망뽑이다', 0.030134701465114704)]
[([[2279, 810], [2418, 810], [2418, 1068], [2279, 1068]], '1', 0.354063904495888), ([[708, 1381], [2205, 1381], [2205, 1492], [708, 1492]], '점인과 질풍올 보고 약간에 희망올 품없지만', 0.4815700175130589), ([[746, 1485], [2171, 1485], [2171, 1596], [746, 1596]], '사천왕과-의전투 데이터릇 통해 확신있다:', 0.302660442657238)]
[([[795, 1374], [2114, 1374], [2114, 1495], [795, 1495]], '생명심유와 동화-되는 리스크가 있어도', 0.42432259791874444), ([[988, 1488], [1922, 1488], [1922, 1592], [988, 1592]], '무도 밖에 대항책이없단결!', 0.6412444957325891)]
[([[964, 1387], [1940, 1387], [1940, 1490], [964, 1490]], '라교가 원하는 전개일지라도', 0.8688815400558602), ([[1109, 1487], [1802, 1487], [1802, 1595], [1109, 1595]], '그날을 위해서라면.', 0.8208352593928289)]
[]
[([[729, 1479], [2183, 1479], [2183, 1593], [729, 1593]], '반@의송국내름 [레예리하게 갈 수 있다면', 0.017733599610705426)]
[([[588, 1379], [2331, 1379], [2331, 1492], [588, 1492]], '%울이블말로 신의가} 체대트)움 말휘하기 원합 보습', 0.00042421958412609877), ([[705, 1482], [2209, 1482], [2209, 1598], [705, 1598]], '기몰저속하다 [히름생각이이 말록 된숨', 0.009396135602488498)]
[([[1104, 1482], [1811, 1482], [1811, 1590], [1104, 1590]], '벗어리 마토이류코!', 0.4551089346524798)]
[]
[([[956, 1381], [1941, 1381], [1941, 1493], [956, 1493]], '전험-인에트 선험금롭-제', 0.002072998145817066), ([[1072, 1480], [1831, 1480], [1831, 1597], [1072, 1597]], '움정징에=물 취햇문', 0.012181986723971602)]
[([[772, 1384], [1054, 1384], [1054, 1488], [772, 1488]], '시끄러_', 0.9856942296028137), ([[1089, 1383], [2142, 1383], [2142, 1491], [1089, 1491]], '막 기분 중데 잠들 참이없는데.', 0.25343647199253916), ([[1154, 1485], [1759, 1485], [1759, 1593], [1154, 1593]], '류퀴괜찮음기?', 0.1145943264811429)]
[([[862, 1382], [1112, 1382], [1112, 1486], [862, 1486]], '센되록', 0.048641227216791885), ([[1147, 1382], [2097, 1382], [2097, 1491], [1147, 1491]], '무리인 권.지만 부탁할 게!', 0.26446164978563763), ([[1398, 1488], [1558, 1488], [1558, 1589], [1398, 1589]], '텔정', 0.010337929548577261)]
[([[1064, 1381], [1948, 1381], [1948, 1491], [1064, 1491]], '제년함테합방 먹여주렉면', 0.002474474200422438), ([[969, 1482], [2050, 1482], [2050, 1597], [969, 1597]], '창페해도 똑같이변신해아렉어', 0.015902153163265504)]
[([[1070, 1381], [1894, 1381], [1894, 1490], [1070, 1490]], '하제만 무도가 된단 건 !', 0.7691450097606843), ([[891, 1487], [2074, 1487], [2074, 1595], [891, 1595]], '어차피우린 하나로 이어저있주아 ', 0.18463283882446552)]
[([[2571, 463], [2796, 463], [2796, 706], [2571, 706]], '4', 0.017210312259250182), ([[949, 1383], [1966, 1383], [1966, 1498], [949, 1498]], '체음의물 뼈받이}틀위훨 가쁨', 0.0008147549514478768), ([[796, 1483], [2124, 1483], [2124, 1598], [796, 1598]], '진청-국쇠의롭 입없권 그때물 기억해!', 0.006714691395162859)]
[([[1039, 1513], [1878, 1513], [1878, 1645], [1039, 1645]], '인의일체 신의선혈', 0.5632961167805566)]
[([[932, 1381], [1977, 1381], [1977, 1491], [932, 1491]], '호외어설프게나마 성공쾌나?', 0.3263345643865519), ([[2518, 1443], [2660, 1443], [2660, 1542], [2518, 1542]], ' [', 0.8675696103969702), ([[1328, 1488], [1576, 1488], [1576, 1591], [1328, 1591]], '하지만', 0.9994739163035543)]
[([[2446, 22], [2695, 22], [2695, 303], [2446, 303]], "'", 0.5242950780053093), ([[2747, 348], [2833, 348], [2833, 495], [2747, 495]], '#', 0.5231780368521868), ([[2014, 594], [2483, 594], [2483, 861], [2014, 861]], '1', 0.7016868821290281), ([[298, 790], [638, 790], [638, 892], [298, 892]], '선혈 무도', 0.45432776842684514), ([[155, 922], [371, 922], [371, 1230], [155, 1230]], '=', 0.9752628865096186), ([[526, 933], [756, 933], [756, 1224], [526, 1224]], '=', 0.928726299368364), ([[2751, 1167], [2844, 1167], [2844, 1296], [2751, 1296]], '3', 0.15780464747428002), ([[802, 1381], [2148, 1381], [2148, 1495], [802, 1495]], '채숙에안 맞늄 올음액제물 결친 꼴이군', 0.11195002164794957), ([[994, 1485], [1917, 1485], [1917, 1598], [994, 1598]], '=다} @다눈 묶이말해지매!', 0.04563757025684866), ([[169.6376675180089, 1409.823136568434], [428.2197940766866, 1290.1899877871797], [503.3623324819911, 1496.176863431566], [245.7802059233134, 1615.8100122128203]], "'; .", 0.04044128768486721)]
[([[194, 1016], [424, 1016], [424, 1270], [194, 1270]], ')', 0.9964624989152959), ([[846, 1429], [879, 1429], [879, 1455], [846, 1455]], '9', 0.22913943530871084), ([[880, 1379], [2076, 1379], [2076, 1493], [880, 1493]], '[외} 센계출문 떠음부터딱 맞있어', 0.008255592348758629), ([[1247, 1488], [1711, 1488], [1711, 1592], [1247, 1592]], '파연 그렇기?', 0.07087443044956353)]
[([[832, 1381], [2121, 1381], [2121, 1494], [832, 1494]], '내문엔험없음장녀밖에 안 덧어블데', 0.006929031701127785), ([[1003, 1485], [1944, 1485], [1944, 1595], [1003, 1595]], '내너품으롭 이해 못하켓제:', 0.019364297636819298)]
[([[1324, 1382], [1578, 1382], [1578, 1493], [1324, 1493]], '하제만', 0.34710509501442466), ([[782, 1487], [2139, 1487], [2139, 1597], [782, 1597]], '그결론 나한테 유회주 하다 넣제 못하다!', 0.09541878212286915)]
[([[1116, 1477], [1802, 1477], [1802, 1593], [1116, 1593]], '제주 우리@이하이옛', 0.029571394818604164)]
[([[1030, 1478], [1887, 1478], [1887, 1593], [1030, 1593]], '[한테 실망있다 마토이', 0.09425482782494815)]
[([[1012, 1381], [1946, 1381], [1946, 1496], [1012, 1496]], '완벽합 각성올 기대햇렌만', 0.0472677898185556), ([[1335, 1490], [1623, 1490], [1623, 1594], [1335, 1594]], '까아약', 0.575142031444774)]
[([[1098, 1382], [1863, 1382], [1863, 1494], [1098, 1494]], ')폐되해지체똑앉이', 0.005682837372922692), ([[978, 1483], [1984, 1483], [1984, 1596], [978, 1596]], '잘수 제름 어텔미비늄 메야5?!', 0.007261421701024423)]
[([[1167, 1381], [1743, 1381], [1743, 1489], [1167, 1489]], '@간생올 품고선', 0.07609089162101733), ([[893, 1485], [2022, 1485], [2022, 1595], [893, 1595]], '알몸으물용음@없다 할 수 없지!', 0.07151311424421032)]
[([[1228, 1381], [1674, 1381], [1674, 1489], [1228, 1489]], '떼[폐지름훨빛@', 0.009878680259728545), ([[994, 1485], [1961, 1485], [1961, 1595], [994, 1595]], '인간정퓨 -레체 못히켓품편', 0.002419969488599891)]
[([[1332, 85], [1959, 85], [1959, 546], [1332, 546]], '5', 0.9724539034715498), ([[976, 1381], [1944, 1381], [1944, 1491], [976, 1491]], '(문`질때까제 객립해 주미', 0.010347760668001263), ([[1218, 1482], [1696, 1482], [1696, 1597], [1218, 1597]], '장단켓지 미', 0.05114606034094403)]
[([[1121, 1383], [1784, 1383], [1784, 1493], [1121, 1493]], '내려외} 준_이:', 0.04167760882627752), ([[1218, 1485], [1674, 1485], [1674, 1594], [1218, 1594]], '내려오라}관0', 0.017393408040807752)]
[([[1114, 1384], [1326, 1384], [1326, 1484], [1114, 1484]], '싫어(', 0.5321367365835975), ([[1391, 1387], [1790, 1387], [1790, 1490], [1391, 1490]], '[비체 [이', 0.021072537473388483), ([[1328, 1488], [1583, 1488], [1583, 1592], [1328, 1592]], '멈텔훨@', 0.0032288755755871534)]
[([[812, 1383], [2139, 1383], [2139, 1491], [812, 1491]], '벌써 붓물이어 느끼고외구나 마토이0', 0.18465228441462173), ([[1330, 1490], [1623, 1490], [1623, 1592], [1330, 1592]], '아니야', 0.9232337583683796)]
[([[1152, 1480], [1769, 1480], [1769, 1589], [1152, 1589]], '홍 여유만만이군!', 0.5065617617973173)]
[([[987, 1381], [1919, 1381], [1919, 1491], [987, 1491]], '폐젯램@입음 아니라} 말해도', 0.020865204269828814), ([[1122, 1483], [1782, 1483], [1782, 1597], [1122, 1597]], '몸음 솔직하되아@', 0.05720274943148945)]
[([[1030, 1480], [1817, 1480], [1817, 1590], [1030, 1590]], '기래 데빛들렉으록', 0.004012722261706884)]
[([[1125, 1476], [1800, 1476], [1800, 1593], [1125, 1593]], '붙슬에충실하@앗', 0.008790270416054232)]
[([[1040, 1384], [1515, 1384], [1515, 1486], [1040, 1486]], '.혼응: 산다_', 0.04186846526277195), ([[1552, 1383], [1809, 1383], [1809, 1491], [1552, 1491]], '진리켓다', 0.008241374045610428), ([[1041, 1487], [1833, 1487], [1833, 1595], [1041, 1595]], '벌써 가버리면? 마토이여', 0.39645042679426906)]
[([[1286, 1383], [1670, 1383], [1670, 1493], [1286, 1493]], '용세못해', 0.6681985259056091), ([[1360, 1486], [1596, 1486], [1596, 1589], [1360, 1589]], '물러?', 0.00730509793424066)]
[([[920, 1480], [1993, 1480], [1993, 1595], [920, 1595]], '네가 이러고되문_합 출입이]', 0.12887919748983456)]
[([[928, 1476], [1986, 1476], [1986, 1593], [928, 1593]], '@제록튼물사발로 만들어 주마!', 0.2154700081548549)]
[([[1163, 1380], [1754, 1380], [1754, 1493], [1163, 1493]], '겨우러번가지곡', 0.023529776332484716), ([[978, 1487], [1944, 1487], [1944, 1595], [978, 1595]], '아직 조교는 시작문안짧어!', 0.16418198934462133)]
[([[1044, 1382], [1915, 1382], [1915, 1494], [1044, 1494]], '옮기체 미]현터렉@빵', 0.004073336791075831), ([[1082, 1485], [1876, 1485], [1876, 1593], [1082, 1593]], '텔문엔 퀴만 핸입다빵', 0.002094350052790856)]
[([[1267, 1387], [1441, 1387], [1441, 1486], [1267, 1486]], '라아-', 0.1921182108548103), ([[1513, 1387], [1693, 1387], [1693, 1486], [1513, 1486]], '하양-', 0.044489543483572445), ([[1229, 1490], [1403, 1490], [1403, 1589], [1229, 1589]], '후우', 0.9936872806593934), ([[1517, 1490], [1693, 1490], [1693, 1592], [1517, 1592]], '흥움', 0.10990885434419638)]
