2684956
14
[([[1, 16], [122, 16], [122, 178], [1, 178]], '모', 0.0019606197603845438), ([[50, 108], [122, 108], [122, 384], [50, 384]], '8', 0.982341855888226), ([[381, 27], [421, 27], [421, 277], [381, 277]], "'", 0.02760669521841752), ([[6, 166], [54, 166], [54, 514], [6, 514]], '{', 0.07616176683541553), ([[381, 271], [421, 271], [421, 435], [381, 435]], '9', 0.015249343564344153)]
[([[1405, 105], [1557, 105], [1557, 149], [1405, 149]], '시, 싫어; !', 0.2926087064753755), ([[621, 145], [751, 145], [751, 189], [621, 189]], '[저에계는', 0.102062567821493), ([[1392, 160], [1568, 160], [1568, 208], [1392, 208]], '그만두세요', 0.9749674044869439), ([[5, 11], [505, 11], [505, 411], [5, 411]], '기밭', 0.016892958703605212), ([[619, 203], [723, 203], [723, 247], [619, 247]], '가족이', 0.9991641609292449), ([[92, 826], [252, 826], [252, 880], [92, 880]], '소중한 ', 0.9448904643358284), ([[80, 900], [266, 900], [266, 956], [80, 956]], '나라 갖 !', 0.5994106990392504), ([[500, 764], [832, 764], [832, 1036], [500, 1036]], '각중', 0.02061430383594417), ([[1056, 890], [1172, 890], [1172, 966], [1056, 966]], '으웃', 0.6338583756360479), ([[1134.5742798212652, 738.1962344450067], [1290.778958061486, 589.0101146327892], [1524.4257201787348, 884.8037655549933], [1369.221041938514, 1033.9898853672107]], '2', 0.019084432074834234)]
[([[1126, 722], [1202, 722], [1202, 796], [1126, 796]], '0', 0.6164887758419333), ([[1335.8833494318526, 497.0568244321561], [1459.1911323483455, 526.8598524834847], [1434.1166505681474, 616.9431755678439], [1310.8088676516545, 587.1401475165153]], '@교', 0.2830021542655953), ([[1240.4368027674564, 714.087544630362], [1324.6922215983684, 657.0171237129568], [1426.5631972325436, 830.912455369638], [1342.3077784016316, 886.9828762870432]], '총', 0.03865991169877603)]
[([[55, 100], [196, 100], [196, 154], [55, 154]], '423', 0.007679744706079172), ([[187, 127], [227, 127], [227, 147], [187, 147]], "'미룹그", 0.0037019061855971813), ([[571, 90], [737, 90], [737, 214], [571, 214]], '%', 0.027376061695250087), ([[960, 110], [1054, 110], [1054, 166], [960, 166]], '릇 !', 0.16463095427237026), ([[916, 184], [1094, 184], [1094, 238], [916, 238]], '네, 노음  ', 0.3187767635341607), ([[86, 312], [140, 312], [140, 360], [86, 360]], '놔', 0.9545138555612454), ([[56, 382], [148, 382], [148, 438], [56, 438]], '쥐엇', 0.9249849986432374), ([[141, 415], [171, 415], [171, 427], [141, 427]], '7무 장', 0.001952029306792677), ([[636, 362], [724, 362], [724, 418], [636, 418]], '히익', 0.9503657037567994)]
[]
[([[0, 19], [613, 19], [613, 104], [0, 104]], '역자: 파파고, 구글 번역', 0.7832487708276955), ([[0, 127], [389, 127], [389, 211], [0, 211]], '식자: 식질머신', 0.4161963274507173), ([[0, 231], [510, 231], [510, 317], [0, 317]], '작업자: 세르게이야', 0.6523066992527793), ([[84, 826], [1743, 826], [1743, 915], [84, 915]], '스파이럽 브레인 선생님의 이상 성욕에눈 저도 관심이 많습니다.', 0.30408071111552204), ([[85, 933], [1665, 933], [1665, 1019], [85, 1019]], '근데 이상하게 막상 당일에 역식 하려니까 의지가 안생겨는데', 0.39258331075607444), ([[86, 1038], [1633, 1038], [1633, 1127], [86, 1127]], '이거 7월 1일에 흥미 생겨서 받있다가 오늘 생각나서 해버린', 0.41654482993495223), ([[85, 1145], [767, 1145], [767, 1231], [85, 1231]], '나란 새끼  게으른 새끼', 0.5381648423346618)]
[([[96, 88], [214, 88], [214, 142], [96, 142]], '그만 ', 0.5207235217094421), ([[83, 159], [229, 159], [229, 219], [83, 219]], '아아악]', 0.3211446702480316), ([[245, 127], [637, 127], [637, 339], [245, 339]], '(107%', 0.05595655909292414), ([[474, 576], [560, 576], [560, 630], [474, 630]], '히익', 0.8500662206418508), ([[56, 862], [175, 862], [175, 910], [56, 910]], '건, 타로', 0.2648630227769473), ([[278, 828], [404, 828], [404, 906], [278, 906]], '혼%"', 0.018854467844348372), ([[67, 925], [189, 925], [189, 965], [67, 965]], '도와쥐 ', 0.7826383113861084), ([[699.0082135870646, 54.090349457710516], [931.6859903465446, 12.619472305777212], [951.9917864129354, 207.90965054228948], [720.3140096534554, 248.3805276942228]], '(@다', 0.1058103923770489)]
[([[492, 42], [732, 42], [732, 258], [492, 258]], '1', 0.1519681439426046), ([[1065, 1007], [1107, 1007], [1107, 1061], [1065, 1061]], '(', 0.6700839765303671), ([[1196.347796804965, 685.0212911159616], [1276.8706883146451, 697.9046297976998], [1250.652203195035, 857.9787088840384], [1170.1293116853549, 845.0953702023002]], '8', 0.05000767602736378), ([[991.2674871273815, 715.1003892954812], [1190.9916769487622, 698.9889132754965], [1193.7325128726184, 830.8996107045188], [994.0083230512377, 847.0110867245035]], '0의', 0.00834320793789193), ([[42.835129587927014, 798.0323325826863], [305.1476157481367, 841.376264663053], [268.16487041207296, 1019.9676674173137], [4.8523842518633415, 976.623735336947]], '*방', 0.0064243453192434075)]
[([[1002, 136], [1174, 136], [1174, 186], [1002, 186]], '우후후후 }', 0.4521796616955672), ([[1052, 200], [1130, 200], [1130, 252], [1052, 252]], '착한', 0.9907205452742478), ([[97, 85], [573, 85], [573, 425], [97, 425]], '471', 0.36945632489852875), ([[1036, 264], [1144, 264], [1144, 312], [1036, 312]], '아이네', 0.9997860245398789), ([[861, 765], [995, 765], [995, 827], [861, 827]], '당신의', 0.9999882996715505), ([[859, 845], [997, 845], [997, 905], [859, 905]], '뜨겁고', 0.9879250150202095), ([[856, 923], [997, 923], [997, 987], [856, 987]], '농후한', 0.9735569245619474), ([[881, 1005], [977, 1005], [977, 1067], [881, 1067]], '욕망', 0.999490229785222), ([[89, 1247], [240, 1247], [240, 1312], [89, 1312]], '내 안에', 0.994242787361145), ([[115, 1329], [213, 1329], [213, 1389], [115, 1389]], '음복', 0.3259315358543041), ([[52, 1408], [277, 1408], [277, 1474], [52, 1474]], '부부딪히세외', 0.46778787839854163), ([[665, 1341], [1097, 1341], [1097, 1643], [665, 1643]], '4', 0.47684625414882476), ([[55.3012244242849, 750.043753831127], [411.59720916976147, 722.0005158910714], [415.6987755757151, 1009.956246168873], [59.402790830238516, 1036.9994841089285]], '다9', 0.027605449851056216)]
[([[251, 186], [407, 186], [407, 248], [251, 248]], '아아양!', 0.5467408895492554), ([[233, 266], [424, 266], [424, 328], [233, 328]], '이 정도로', 0.9994428254234283), ([[514, 302], [612, 302], [612, 378], [514, 378]], '다', 0.6762694651528456), ([[131, 1251], [305, 1251], [305, 1311], [131, 1311]], '후후후  ', 0.9126942766970338), ([[169, 1331], [265, 1331], [265, 1391], [169, 1391]], '점점', 0.9999894633041312), ([[149, 1413], [285, 1413], [285, 1473], [149, 1473]], '마음에', 0.9986421961442313), ([[149, 1493], [287, 1493], [287, 1553], [149, 1553]], '드는컵', 0.4332396139329172), ([[910.2768594404578, 242.0512385996903], [1073.688641864817, 116.00817749119554], [1305.7231405595423, 467.9487614003097], [1142.311358135183, 594.9918225088045]], '총', 0.2548715065242959), ([[729.1303028434654, 690.0421192876934], [896.8588971249973, 733.412567567197], [873.8696971565346, 810.9578807123066], [706.1411028750027, 767.587432432803]], "',켜7", 0.019597269594669342), ([[244.05459341728564, 646.0159651516555], [462.2156697432319, 687.6266498294028], [398.9454065827143, 997.9840348483445], [181.78433025676813, 956.3733501705972]], '7"', 0.6505242590180881)]
[([[1113, 25], [1185, 25], [1185, 87], [1113, 87]], '새', 0.035125009208414326), ([[51, 73], [161, 73], [161, 205], [51, 205]], '2', 0.11790166105328481), ([[865, 59], [1407, 59], [1407, 383], [865, 383]], '7구', 0.019317704367532086), ([[1030, 940], [1158, 940], [1158, 1038], [1030, 1038]], '(', 0.49405247901725957), ([[380.0061162653264, 253.05504638793744], [487.7356568116643, 290.8347517304422], [460.9938837346736, 360.9449536120626], [353.2643431883357, 324.1652482695578]], '@찌;:', 0.0004183471901342273), ([[118.03780454494682, 411.0515822680054], [235.629879178787, 445.445555763079], [210.96219545505318, 521.9484177319946], [93.370120821213, 487.554444236921]], '[;', 0.3213711517377261)]
[([[623, 975], [685, 975], [685, 1051], [623, 1051]], '4', 0.805046860492272), ([[436.08781829019756, 3.019820674543748], [640.8539033649248, 121.5272051345939], [550.9121817098024, 274.9801793254563], [346.1460966350752, 156.47279486540612]], '사', 0.19975827165137705), ([[443.818053031755, 865.0437159286927], [651.5585226556765, 895.3630264363828], [625.181946968245, 1031.9562840713074], [418.4414773443235, 1001.6369735636172]], '769', 0.6308059458635344)]
[([[878, 100], [1010, 100], [1010, 156], [878, 156]], '파파가', 0.9999533364464172), ([[859, 171], [1031, 171], [1031, 231], [859, 231]], '이렇게나', 0.6173648238182068), ([[38, 124], [262, 124], [262, 354], [38, 354]], '7', 0.060324278782637686), ([[898, 246], [988, 246], [988, 302], [898, 302]], '잔뜩', 0.9994904826285583), ([[1093, 223], [1277, 223], [1277, 463], [1093, 463]], '7', 0.35876498467609963), ([[104, 438], [210, 438], [210, 492], [104, 492]], '좀 더', 0.6377936005592346), ([[114, 510], [202, 510], [202, 566], [114, 566]], '더욱', 0.9998946345046303), ([[116, 584], [202, 584], [202, 638], [116, 638]], '나름', 0.3391094000171213), ([[71, 657], [241, 657], [241, 717], [71, 717]], '사랑해쥐', 0.9793662428855896), ([[1283, 651], [1445, 651], [1445, 711], [1283, 711]], '후우우 ', 0.5611518621444702), ([[1296, 724], [1459, 724], [1459, 786], [1296, 786]], '아하하 }', 0.5703211185238555), ([[315, 853], [431, 853], [431, 1005], [315, 1005]], '', 0.0)]
[([[774, 74], [806, 74], [806, 128], [774, 128]], '1', 0.3042712828645655), ([[38, 126], [266, 126], [266, 342], [38, 342]], '("', 0.015386609102596295), ([[164, 462], [306, 462], [306, 518], [164, 518]], '아아양!', 0.6845363974571228), ([[1118, 306], [1336, 306], [1336, 522], [1118, 522]], '?', 0.0025656976694630323), ([[153, 532], [290, 532], [290, 596], [153, 596]], '굉장해,', 0.7156774401664734), ([[1389, 433], [1600, 433], [1600, 679], [1389, 679]], '(규', 0.3569462905398704), ([[57, 837], [159, 837], [159, 881], [57, 881]], "'정말로", 0.9944763779640198), ([[85, 895], [153, 895], [153, 939], [85, 939]], '좋은', 0.255340717037063), ([[72, 950], [144, 950], [144, 998], [72, 998]], '물건', 0.9997301865382844), ([[787.9127277988578, 174.27709285577387], [832.6589106299301, 132.02718137784603], [913.0872722011422, 226.72290714422613], [868.3410893700699, 268.97281862215397]], '좀', 0.6489821205435966)]
