2685343
9
[([[377, 663], [495, 663], [495, 701], [377, 701]], '어 +여', 0.05595356212149623), ([[568, 658], [894, 658], [894, 706], [568, 706]], '0 +유 {~,+;+싹 *+._', 0.0005887115386136091), ([[358, 697], [938, 697], [938, 749], [358, 749]], '+처 -+웬어탁서컨+ >_,,;아마 0 +^뱀 머/9@', 6.209321264267912e-07), ([[173, 741], [335, 741], [335, 777], [173, 777]], '+#*. +유여', 0.0009009531416801285), ([[422, 733], [1112, 733], [1112, 787], [422, 787]], '0 ,@-.;득^9 +^_ @--.,-. 0 @+^라대 >_마싣;아마$', 5.919963834665976e-08), ([[199, 780], [1093, 780], [1093, 824], [199, 824]], '8. +^멀7 9.5 하+ 이포#쪽 +^4도 -명살뱀/응79 +^_ ^어어거 -+동긋,9+^.', 6.70041699864524e-08), ([[572, 878], [748, 878], [748, 926], [572, 926]], '풍요제의   날;', 0.41647312292664485), ([[274, 922], [1066, 922], [1066, 970], [274, 970]], '마을에서 가장 강한  전사는 다른 전사들의   정기틀 밭고', 0.3489384476230094), ([[254, 964], [1084, 964], [1084, 1017], [254, 1017]], '받은 것울 다시  내주어 신성한 힘흘 떠뜨길 의무가 잇없다', 0.2191787902091486), ([[502.13227816872535, 658.0952517592642], [569.8266955217155, 672.8353535368692], [559.8677218312746, 710.9047482407358], [493.1733044782846, 696.1646464631308]], '회코거', 0.0005632838389260002), ([[341.9594617776757, 732.1094703550758], [423.8098541304279, 747.6342389506192], [414.0405382223243, 788.8905296449242], [333.1901458695721, 773.3657610493808]], '회점+거', 0.00021465709141921252)]
[([[496, 248], [538, 248], [538, 276], [496, 276]], '', 0.0), ([[68, 1726], [92, 1726], [92, 1766], [68, 1766]], '1', 0.9999159592166542)]
[([[1195, 1723], [1231, 1723], [1231, 1771], [1195, 1771]], '2', 1.0), ([[975.1502814226758, 1411.0912945443088], [1085.958345757138, 1429.4242406171436], [1077.8497185773242, 1464.9087054556912], [968.0416542428619, 1446.5757593828564]], "('", 0.03819808201767784)]
[([[890, 920], [947, 920], [947, 1030], [890, 1030]], '{', 0.2635426751581349), ([[913, 1003], [931, 1003], [931, 1043], [913, 1043]], ')', 0.87489668405739), ([[69, 1719], [105, 1719], [105, 1765], [69, 1765]], '3', 0.9999996423721633)]
[([[1187, 1719], [1227, 1719], [1227, 1765], [1187, 1765]], '4', 0.4389987601157505)]
[([[925, 991], [985, 991], [985, 1067], [925, 1067]], '쓸', 0.012642570409128417), ([[364, 1576], [396, 1576], [396, 1612], [364, 1612]], '9', 0.5961789573967771), ([[71, 1723], [107, 1723], [107, 1769], [71, 1769]], '5', 1.0)]
[([[1188, 1728], [1220, 1728], [1220, 1770], [1188, 1770]], '6', 0.9999938011265499)]
[([[669, 873], [715, 873], [715, 915], [669, 915]], '사)', 0.05465998015734682)]
[([[889, 1065], [929, 1065], [929, 1107], [889, 1107]], '0', 0.030199253344618038), ([[1031, 1635], [1117, 1635], [1117, 1679], [1031, 1679]], '절머어', 0.0033543760521990837), ([[1179, 1721], [1219, 1721], [1219, 1769], [1179, 1769]], '8', 1.0)]
