2685039
10
[([[12, 0], [126, 0], [126, 50], [12, 50]], '9>~튜]', 5.964082411990904e-05), ([[1462, 338], [1552, 338], [1552, 503], [1462, 503]], '%', 0.5134861753208533), ([[156, 1072], [402, 1072], [402, 1253], [156, 1253]], "'15", 0.07936873852332466), ([[67, 1386], [391, 1386], [391, 1633], [67, 1633]], ',외5', 0.12906615354539802), ([[120, 2212], [464, 2212], [464, 2424], [120, 2424]], '내심', 0.0024932100992923435), ([[1412.9921969441093, 1554.0220903256945], [1725.1354325671452, 1638.753190809272], [1667.0078030558907, 1827.9779096743055], [1354.8645674328548, 1743.246809190728]], '체꺼최', 0.04675854529302345), ([[1040.3044124322612, 2540.026920376169], [1156.9583409817067, 2619.135056732801], [1110.6955875677388, 2686.973079623831], [994.0416590182932, 2606.864943267199]], '-오)', 0.006403665514091354)]
[([[12, 0], [126, 0], [126, 50], [12, 50]], '9>~튜?', 0.0013924312112377408)]
[([[12, 2], [126, 2], [126, 50], [12, 50]], '9>~응럼', 0.00016274651747487867), ([[1227, 149], [1301, 149], [1301, 200], [1227, 200]], '충결', 0.02858413251089952), ([[1353, 163], [1501, 163], [1501, 342], [1353, 342]], '0', 0.5341351608898357), ([[145, 427], [214, 427], [214, 506], [145, 506]], '(', 0.942325193479121), ([[1335, 1211], [1693, 1211], [1693, 1418], [1335, 1418]], '그째', 0.016901103189768195), ([[31, 1372], [398, 1372], [398, 1568], [31, 1568]], "'객6", 0.12646132137886812), ([[248, 1602], [595, 1602], [595, 1787], [248, 1787]], '것핏', 0.01098661509750882), ([[1365, 1599], [1514, 1599], [1514, 1714], [1365, 1714]], '적0', 0.9070106518261717), ([[106, 2369], [503, 2369], [503, 2582], [106, 2582]], '동객5', 0.0009763956953795918), ([[964, 2411], [1110, 2411], [1110, 2534], [964, 2534]], '당직', 0.0018847209567650076), ([[1293, 2417], [1589, 2417], [1589, 2592], [1293, 2592]], '그깨', 0.06138648351956226), ([[1012.1874114593315, 2543.030054700976], [1159.9569260173464, 2613.0274917736083], [1116.8125885406685, 2699.969945299024], [969.0430739826537, 2629.9725082263917]], '심어 ', 0.0010484529383317483)]
[([[14, 6], [125, 6], [125, 48], [14, 48]], '9>서응타', 0.00016441858707467433), ([[362, 196], [541, 196], [541, 359], [362, 359]], '@', 0.7779675809536037), ([[118, 348], [185, 348], [185, 430], [118, 430]], '0', 0.9862371671801817), ([[1390, 791], [1454, 791], [1454, 916], [1390, 916]], '밖', 0.03161547878208015), ([[1216, 1221], [1400, 1221], [1400, 1613], [1216, 1613]], '의', 0.16539712091948733), ([[1543, 1585], [1604, 1585], [1604, 1663], [1543, 1663]], '박', 0.24649394698763505), ([[200, 2302], [332, 2302], [332, 2571], [200, 2571]], '유', 0.025737306537237936), ([[1497, 2403], [1603, 2403], [1603, 2481], [1497, 2481]], '일', 0.3658105647963481), ([[196, 2536], [273, 2536], [273, 2663], [196, 2663]], '탓', 0.24124160534843586), ([[1157, 2525], [1207, 2525], [1207, 2605], [1157, 2605]], '%', 0.15804935686108834), ([[258, 2578], [366, 2578], [366, 2736], [258, 2736]], '총', 0.01706540414782709), ([[1416.522714295387, 222.00632893609054], [1554.4678957653712, 250.69121331469842], [1473.477285704613, 634.9936710639095], [1334.5321042346288, 606.3087866853016]], '힘', 0.15851615832474497)]
[([[14, 6], [125, 6], [125, 48], [14, 48]], '9>서응타', 0.00016441858707467433), ([[362, 196], [544, 196], [544, 359], [362, 359]], '@웬', 0.04032574250294365), ([[118, 346], [187, 346], [187, 432], [118, 432]], '0', 0.888681882660908), ([[1390, 791], [1454, 791], [1454, 918], [1390, 918]], '밖', 0.08671801166294646), ([[1214, 1216], [1402, 1216], [1402, 1614], [1214, 1614]], '9', 0.32585885125867264), ([[1543, 1585], [1604, 1585], [1604, 1663], [1543, 1663]], '박', 0.27973196027177494), ([[203, 2303], [331, 2303], [331, 2570], [203, 2570]], '유', 0.035144778904401486), ([[1497, 2403], [1603, 2403], [1603, 2483], [1497, 2483]], '일헌', 0.028063061236940023), ([[187, 2527], [372, 2527], [372, 2742], [187, 2742]], '%주', 0.029483150926064298), ([[1418.5277217010732, 220.00619681089174], [1556.9412761584297, 252.9943001382195], [1463.4722782989268, 636.9938031891082], [1325.0587238415703, 603.0056998617805]], '힘', 0.1190809181785859)]
[([[12, 2], [126, 2], [126, 50], [12, 50]], '@>서간새', 0.00010988830665753932), ([[946, 132], [988, 132], [988, 189], [946, 189]], '9', 0.9999952316341023), ([[274, 112], [338, 112], [338, 277], [274, 277]], '3', 0.09219349002229649), ([[1380, 288], [1457, 288], [1457, 384], [1380, 384]], '0', 0.16456883973161585), ([[1489, 627], [1557, 627], [1557, 767], [1489, 767]], '유', 0.24550471365449855), ([[1512, 763], [1565, 763], [1565, 823], [1512, 823]], ':5', 0.5990740035759933), ([[1385, 980], [1471, 980], [1471, 1082], [1385, 1082]], '@', 0.2651346841703095), ([[337, 1194], [445, 1194], [445, 1280], [337, 1280]], '93', 0.21742670212883902), ([[103, 1412], [171, 1412], [171, 1485], [103, 1485]], '야', 0.26589434281108026), ([[286, 1548], [343, 1548], [343, 1660], [286, 1660]], '닭', 0.015063410484402517), ([[113.26128314484689, 529.0273224554329], [188.56249124184012, 508.12282322122496], [231.73871685515311, 683.9726775445671], [157.43750875815988, 704.877176778775]], '항', 0.287408290869795), ([[279.9108157178153, 2122.0174503958365], [571.390173644695, 2228.9364247406806], [466.0891842821847, 2501.9825496041635], [174.60982635530502, 2394.0635752593194]], '꼼경', 0.020219432302781924), ([[1269.0793361766018, 2285.0710383841256], [1415.723953176651, 2173.010080958225], [1608.9206638233982, 2471.9289616158744], [1462.276046823349, 2583.989919041775]], '경', 0.2675047729533766)]
[([[12, 0], [126, 0], [126, 50], [12, 50]], '9>~|]', 6.689273223029628e-05)]
[([[12, 0], [126, 0], [126, 50], [12, 50]], '9>~응?', 0.00022822714457163958)]
[([[13, 4], [125, 4], [125, 48], [13, 48]], ')>~튜교', 0.00013382477839749397)]
[([[13, 4], [125, 4], [125, 48], [13, 48]], '9>~튜?', 0.00021725292106072387)]
