2693822
15
[([[26, 22], [438, 22], [438, 100], [26, 100]], '*수간(#표) 메인', 0.13002213926797843), ([[850, 473], [1262, 473], [1262, 620], [850, 620]], '@퓨터', 0.004901210202787786), ([[1047, 609], [1135, 609], [1135, 717], [1047, 717]], '@', 0.9644684486843857), ([[949, 712], [1265, 712], [1265, 846], [949, 846]], ';쥐', 0.0006544760540099921), ([[782, 1187], [1010, 1187], [1010, 1243], [782, 1243]], '@주요실금빗', 0.006033151068821662)]
[]
[]
[]
[]
[([[885, 775], [953, 775], [953, 851], [885, 851]], '0', 0.057685631033926876), ([[1033, 953], [1171, 953], [1171, 1227], [1033, 1227]], '@', 0.014459715253053673), ([[88.34035608468038, 966.015548995224], [358.9551166010595, 1096.8798568614534], [302.65964391531963, 1205.984451004776], [32.044883398940485, 1075.1201431385466]], '(%0', 0.23045196309318058)]
[([[504.3367470984731, 77.05325473618007], [649.6857771604745, -33.99095438198012], [861.6632529015269, 284.94674526381993], [716.3142228395255, 396.99095438198015]], '꼴', 0.7336372265451843), ([[64.10116772343203, 978.0677069746514], [106.55318926336442, 957.0255559556643], [152.89883227656796, 1055.9322930253486], [110.44681073663558, 1076.9744440443358]], '통', 0.6942627283942784), ([[414.2006652916285, 1219.0457880371682], [461.53687549219313, 1198.0206186014889], [511.7993347083715, 1319.9542119628318], [464.46312450780687, 1341.9793813985111]], '홍', 0.03224266255161812)]
[([[3, 35], [71, 35], [71, 79], [3, 79]], '이거', 0.9999841528217377), ([[379, 41], [449, 41], [449, 85], [379, 85]], '와어', 0.5157234181300939), ([[2, 72], [130, 72], [130, 122], [2, 122]], '지금까지', 0.9888030886650085), ([[382, 80], [448, 80], [448, 128], [382, 128]], '엄청', 0.9935890094910469), ([[1104, 78], [1210, 78], [1210, 126], [1104, 126]], '이런 걸', 0.7525852776163111), ([[4, 112], [72, 112], [72, 160], [4, 160]], '중에', 0.9853972819250891), ([[332, 118], [466, 118], [466, 168], [332, 168]], "'커쩌데이", 0.2220201977325688), ([[1052, 118], [1210, 118], [1210, 168], [1052, 168]], '입어빛는데', 0.13635093588680877), ([[2, 150], [112, 150], [112, 200], [2, 200]], '제일큰', 0.24657850368296003), ([[1069, 157], [1213, 157], [1213, 205], [1069, 205]], '유떨라나?', 0.9644175614418106), ([[2, 190], [118, 190], [118, 240], [2, 240]], '아이가?', 0.9998963475227356), ([[456, 400], [510, 400], [510, 480], [456, 480]], '6', 0.0028226445882195833), ([[450, 490], [506, 490], [506, 570], [450, 570]], '/', 0.9198824294164751), ([[0, 678], [190, 678], [190, 958], [0, 958]], '"3', 0.4255080742462379), ([[101, 813], [141, 813], [141, 863], [101, 863]], '면', 0.9998879464070001), ([[508, 790], [588, 790], [588, 882], [508, 882]], '백', 0.025488692801389767), ([[546, 824], [644, 824], [644, 922], [546, 922]], '빗채', 0.004299742719683196), ([[506, 906], [634, 906], [634, 958], [506, 958]], "'풀풀거런", 0.6233157243648569), ([[517, 951], [591, 951], [591, 995], [517, 995]], '데의;', 0.7250975998431083), ([[507, 1191], [615, 1191], [615, 1235], [507, 1235]], '으적 수', 0.39035874605178833), ([[494, 1228], [590, 1228], [590, 1276], [494, 1276]], '없나', 0.7215776037116769), ([[476, 1264], [642, 1264], [642, 1316], [476, 1316]], '내 입보지로', 0.9866307835681077), ([[520, 1304], [595, 1304], [595, 1355], [520, 1355]], '잔뜩', 0.999235036130216), ([[10, 1344], [108, 1344], [108, 1392], [10, 1392]], '억수로', 0.9334980749193234), ([[494, 1344], [628, 1344], [628, 1394], [494, 1394]], '활짝활짝', 0.3812110722064972), ([[8, 1384], [178, 1384], [178, 1434], [8, 1434]], '기분 좋아서', 0.9970369932428347), ([[490, 1380], [597, 1380], [597, 1435], [490, 1435]], '해줄계 ', 0.24541853368282318), ([[73, 1427], [137, 1427], [137, 1469], [73, 1469]], '지지', 0.9985341103222147), ([[4, 1421], [83, 1421], [83, 1577], [4, 1577]], '역', 0.028401176335988376), ([[42, 1462], [108, 1462], [108, 1510], [42, 1510]], '도록', 0.9991974497739352), ([[65, 1499], [171, 1499], [171, 1583], [65, 1583]], "'하례이'", 0.3929003696648405), ([[398.138916134151, 662.0309342646982], [482.6031654938239, 642.2857552777925], [521.8610838658491, 824.9690657353018], [437.3968345061761, 845.7142447222075]], '3', 0.004811537641764341), ([[1134.2203334527164, 758.0338347062388], [1203.3648172829494, 751.6526648172986], [1213.7796665472836, 890.9661652937612], [1144.6351827170506, 897.3473351827014]], '%', 0.015026091850858458), ([[493.1911248646676, 837.0658616744723], [530.5127463536878, 819.0263603692285], [569.8088751353324, 907.9341383255277], [532.4872536463122, 925.9736396307715]], '법', 0.016248582307874848)]
[([[356, 18], [388, 18], [388, 62], [356, 62]], '응', 0.9940578424119089), ([[401, 23], [421, 23], [421, 53], [401, 53]], '?', 0.9719351982562898), ([[506, 13], [688, 13], [688, 116], [506, 116]], '뜰완렉햇하', 0.0004493142755275985), ([[540, 60], [650, 60], [650, 110], [540, 110]], '~알의 진', 0.32437278621094945), ([[41, 109], [79, 109], [79, 155], [41, 155]], '작', 0.9994493289128172), ([[304, 46], [472, 46], [472, 190], [304, 190]], '#0지', 0.00129896333959296), ([[353, 95], [389, 95], [389, 143], [353, 143]], '질', 0.1894876921732056), ([[545, 96], [652, 96], [652, 148], [545, 148]], '냄새가', 0.7999719213597983), ([[1146, 82], [1174, 82], [1174, 164], [1146, 164]], '흙', 0.2724043081538099), ([[4, 26], [80, 26], [80, 314], [4, 314]], '"', 0.6488423981291049), ([[71, 109], [107, 109], [107, 227], [71, 227]], '햇', 0.14322580578888822), ([[310, 166], [436, 166], [436, 266], [310, 266]], "[설구'", 0.03296656534075737), ([[382, 170], [458, 170], [458, 220], [382, 220]], '갈것', 0.9321787537921645), ([[486, 132], [702, 132], [702, 230], [486, 230]], '전불대되속에', 0.02674760693920024), ([[1073, 159], [1185, 159], [1185, 252], [1073, 252]], "'정안양드", 0.08596736523794073), ([[41, 149], [79, 149], [79, 319], [41, 319]], '#', 0.7387546814106969), ([[70, 264], [126, 264], [126, 314], [70, 314]], '네신', 0.16465165916753666), ([[512, 212], [680, 212], [680, 310], [512, 310]], '@신호_', 0.0172177292406559), ([[588, 252], [666, 252], [666, 326], [588, 326]], '향격', 0.13133294588850206), ([[1019, 229], [1185, 229], [1185, 289], [1019, 289]], '냄새난데하-', 0.398873172726911), ([[531, 295], [571, 295], [571, 341], [531, 341]], '같', 0.266434325067749), ([[557, 257], [600, 257], [600, 344], [557, 344]], '센', 0.3757927200303044), ([[589, 297], [629, 297], [629, 341], [589, 341]], '이', 0.841962041528177), ([[158, 638], [220, 638], [220, 686], [158, 686]], '흐층', 0.09872106260753671), ([[144, 678], [240, 678], [240, 728], [144, 728]], '종데이', 0.6107195918829419), ([[6, 726], [142, 726], [142, 776], [6, 776]], '내 음란한', 0.8391872441033756), ([[4, 764], [132, 764], [132, 816], [4, 816]], '동까시로', 0.6634902358055115), ([[68, 806], [140, 806], [140, 854], [68, 854]], '가버', 0.9822513313344706), ([[0, 797], [111, 797], [111, 911], [0, 911]], '출{이', 0.006460773353089301), ([[106, 1208], [200, 1208], [200, 1260], [106, 1260]], '자정의', 0.7616413848643776), ([[112, 1286], [186, 1286], [186, 1334], [112, 1334]], '기분', 0.9998366427234625), ([[6, 1354], [174, 1354], [174, 1404], [6, 1404]], '그럼 이번엔', 0.997790162712646), ([[6, 1390], [144, 1390], [144, 1442], [6, 1442]], '그 냄새에', 0.9806354502196989), ([[2, 1426], [172, 1426], [172, 1524], [2, 1524]], '박정햇버관', 0.09367318964484903), ([[44, 1472], [114, 1472], [114, 1520], [44, 1520]], '암컷_', 0.7715287804603577), ([[0, 1507], [109, 1507], [109, 1558], [0, 1558]], '=보지로', 0.5797458291053772), ([[5, 1549], [177, 1549], [177, 1615], [5, 1615]], '김분-좋아저_', 0.1349174357850241), ([[10, 1588], [106, 1588], [106, 1636], [10, 1636]], '보래이', 0.9994208557608066), ([[379.46432841599443, 94.03603027835871], [415.2089754429357, 90.18707744920273], [422.53567158400557, 175.9639697216413], [386.7910245570643, 179.81292255079728]], '운', 0.09360258559263457), ([[0.6135624623673224, 418.01495576453846], [39.59850251071294, 412.03594976408675], [60.38643753763268, 556.9850442354616], [21.401497489287056, 562.9640502359132]], '흉', 0.013074087077313834), ([[340.7585911670964, 1051.2689005676123], [359.527371915451, 1034.0467172734745], [399.2414088329036, 1078.7310994323877], [380.472628084549, 1095.9532827265255]], ';', 0.19411092940085783), ([[611.4678479158098, 1224.017718737147], [670.9478223072276, 1211.056346377521], [708.5321520841902, 1389.982281262853], [648.0521776927724, 1402.943653622479]], '움', 0.0462387530541406), ([[277.7596526541079, 1417.0772212328634], [350.68963815110845, 1387.1437774518674], [397.2403473458921, 1516.9227787671366], [323.31036184889155, 1546.8562225481326]], '사', 0.010272543297170422)]
[([[1100, 152], [1196, 152], [1196, 224], [1100, 224]], "겪'", 0.00514631560588304), ([[39, 305], [83, 305], [83, 345], [39, 345]], '아:', 0.4579136270854773), ([[441, 255], [525, 255], [525, 359], [441, 359]], '올?', 0.1851897926161036), ([[430, 342], [528, 342], [528, 392], [430, 392]], '보지서', 0.36907389000164326), ([[31, 337], [149, 337], [149, 445], [31, 445]], '안델계', 0.07378060939578734), ([[39, 389], [77, 389], [77, 429], [39, 429]], '그', 0.9999487406623899), ([[415, 385], [553, 385], [553, 453], [415, 453]], '딸려나갖', 0.48099589347839355), ([[40, 424], [144, 424], [144, 480], [40, 480]], '단숨에', 0.9652106811049158), ([[23, 455], [187, 455], [187, 611], [23, 611]], '인보', 0.0023467436936276207), ([[67, 509], [153, 509], [153, 607], [67, 607]], '(봉기', 0.022892755720327267), ([[68, 594], [184, 594], [184, 650], [68, 650]], '버버리고', 0.4132401943206787), ([[78, 646], [106, 646], [106, 674], [78, 674]], '0', 0.9999667408847621), ([[23, 593], [91, 593], [91, 835], [23, 835]], '올', 0.9203658980382556), ([[16, 826], [91, 826], [91, 1160], [16, 1160]], '%', 0.09373075393392938), ([[333, 1265], [371, 1265], [371, 1303], [333, 1303]], '오', 0.9999949932161059), ([[321, 1301], [411, 1301], [411, 1343], [321, 1343]], '응오오', 0.907731358999105), ([[1, 1333], [127, 1333], [127, 1371], [1, 1371]], '아아아아', 0.9982768297195435), ([[60, 1362], [140, 1362], [140, 1454], [60, 1454]], "'간닭", 0.12499052731681376), ([[304, 1376], [336, 1376], [336, 1416], [304, 1416]], '너', 0.9997663634405853), ([[325, 1331], [465, 1331], [465, 1423], [325, 1423]], "'곧자자저", 0.0375193843991388), ([[0, 1358], [110, 1358], [110, 1532], [0, 1532]], '면', 0.0030713937540536446), ([[28, 1438], [134, 1438], [134, 1488], [28, 1488]], '지간다', 0.9470284642254319), ([[313, 1407], [433, 1407], [433, 1499], [313, 1499]], '파빛', 0.00773928033211874), ([[0, 1510], [101, 1510], [101, 1566], [0, 1566]], '아아아', 0.9850407771891129), ([[298.8509805405407, 20.338039675676143], [441.17108200951964, 5.695798609076112], [443.1490194594593, 64.66196032432386], [301.82891799048036, 80.3042013909239]], '대목', 0.0007939671896872072), ([[414.8077655963256, 675.0508574770097], [506.65045959093453, 626.015118794907], [597.1922344036744, 819.9491425229903], [506.34954040906547, 868.984881205093]], '쭉', 0.4473683818338401), ([[1141.404640601427, 1027.0221840591219], [1202.9043454583093, 1010.0512793927554], [1243.595359398573, 1176.9778159408781], [1182.0956545416907, 1192.9487206072447]], ';', 0.16839408913302023)]
[([[962, 38], [1012, 38], [1012, 120], [962, 120]], '', 0.0), ([[929, 143], [1017, 143], [1017, 237], [929, 237]], '1', 0.07476386154394632), ([[0, 611], [251, 611], [251, 873], [0, 873]], '객', 0.288144478249027), ([[46, 882], [194, 882], [194, 1040], [46, 1040]], '가', 0.07936070815341978), ([[32, 1016], [180, 1016], [180, 1178], [32, 1178]], '아', 0.4692153676288946), ([[936, 1121], [1240, 1121], [1240, 1657], [936, 1657]], '%', 0.30496692652208424), ([[201.05700966641712, 543.026173995508], [329.5428272684742, 532.7649825468442], [341.9429903335829, 756.973826004492], [213.4571727315258, 767.2350174531558]], '다', 0.14503502231741905), ([[941.459026453557, 602.0054200324945], [1127.3824928083807, 558.1053215669342], [1256.540973546443, 1154.9945799675054], [1070.6175071916193, 1198.8946784330658]], '콩', 0.024403860927115995), ([[58.195637031601514, 1142.017033945796], [199.88151165510897, 1202.5703505548538], [107.80436296839848, 1415.982966054204], [-32.881511655108966, 1355.4296494451462]], '야', 0.3201818599845616), ([[1147.2441085660091, 1429.0966404407106], [1261.8752501541528, 1486.2772002827483], [1115.7558914339909, 1777.9033595592894], [1001.1247498458473, 1721.7227997172517]], ')', 0.0418908629558814)]
[([[508, 32], [582, 32], [582, 82], [508, 82]], "'의상", 0.24824946221827698), ([[0, 50], [108, 50], [108, 152], [0, 152]], '%승에', 0.028488482884729792), ([[96, 94], [198, 94], [198, 144], [96, 144]], '병화고', 0.14077851083483456), ([[457, 69], [588, 69], [588, 121], [457, 121]], '말이데의', 0.38513630628585815), ([[638, 52], [804, 52], [804, 148], [638, 148]], '뜻려 움', 0.0072849830612540245), ([[1066, 30], [1186, 30], [1186, 132], [1066, 132]], '응런증', 0.009057236808609894), ([[472, 108], [546, 108], [546, 156], [472, 156]], '하과', 0.9665387588199462), ([[1033, 111], [1184, 111], [1184, 167], [1033, 167]], '파는기가?', 0.6761804068845143), ([[0, 128], [156, 128], [156, 224], [0, 224]], '혈출러지터', 0.0010408712334887423), ([[4, 176], [36, 176], [36, 212], [4, 212]], '이', 0.9737259218657215), ([[62, 170], [170, 170], [170, 218], [62, 218]], '[이렇계', 0.16364553570747375), ([[474, 144], [550, 144], [550, 230], [474, 230]], '껏량', 0.004311821779879675), ([[68, 208], [196, 208], [196, 258], [68, 258]], '둘러중면', 0.2286824882030487), ([[462, 220], [592, 220], [592, 270], [462, 270]], '다르데이', 0.35764119029045105), ([[0, 196], [167, 196], [167, 342], [0, 342]], '경@', 0.0004935730005417199), ([[2, 250], [34, 250], [34, 286], [2, 286]], '가', 0.3018266411887147), ([[63, 249], [101, 249], [101, 293], [63, 293]], '의', 0.8075856250282101), ([[3, 285], [39, 285], [39, 365], [3, 365]], '땅', 0.3793293346689097), ([[66, 320], [170, 320], [170, 370], [66, 370]], '모양이', 0.5616092681884766), ([[28, 318], [106, 318], [106, 410], [28, 410]], '[텍약', 0.02273684137735049), ([[3, 359], [39, 359], [39, 505], [3, 505]], '8', 0.1067568247363262), ([[24, 386], [180, 386], [180, 508], [24, 508]], '[올출#깎', 0.0017927146684053586), ([[934, 480], [960, 480], [960, 556], [934, 556]], '5', 0.016995130139548564), ([[1036, 836], [1104, 836], [1104, 886], [1036, 886]], '쳐다', 0.10331678577949935), ([[1063, 755], [1171, 755], [1171, 893], [1063, 893]], '입려이', 0.001099634281787633), ([[1122, 722], [1198, 722], [1198, 910], [1122, 910]], '뺨', 0.008168580417113047), ([[579, 873], [619, 873], [619, 911], [579, 911]], '4', 0.8283163718876132), ([[1064, 872], [1168, 872], [1168, 926], [1064, 926]], '아이가 ', 0.47017845299526356), ([[542.5915338027736, 104.01671239383843], [583.0568529631227, 108.44265912092439], [567.4084661972264, 235.98328760616155], [527.9431470368773, 230.5573408790756]], '몸', 0.4628313618082167), ([[617.4478423696257, 254.0305813266319], [652.5160964557543, 246.02670688091303], [675.5521576303743, 353.96941867336807], [640.4839035442457, 361.973293119087]], '둘', 0.048200225907369054), ([[365.3720990679193, 739.0395826365625], [405.96111714255835, 730.0932440616757], [425.6279009320807, 827.9604173634375], [385.03888285744165, 836.9067559383243]], '움', 0.41234596261041645), ([[662.5379965673018, 1497.026770478795], [694.6974817557322, 1492.061279497042], [709.4620034326982, 1590.973229521205], [676.3025182442678, 1595.938720502958]], '(', 0.3169135918810504)]
[]
[([[494, 290], [679, 290], [679, 406], [494, 406]], '=빠', 0.00792790632841701)]
[]
