2694577
49
[([[53, 185], [387, 185], [387, 221], [53, 221]], '휴가루선배와 온전 노르질싸여행때', 0.047327823011065195), ([[404, 382], [544, 382], [544, 414], [404, 414]], '역식자 파이톤', 0.8046530747573511)]
[([[679, 885], [715, 885], [715, 927], [679, 927]], '@', 0.8915244064640468), ([[333.2821863608303, 320.0322686052163], [389.06835817532857, 305.0716577515089], [423.7178136391697, 446.9677313947837], [367.93164182467143, 461.9283422484911]], '꿀', 0.14601540842673533)]
[([[677, 3], [747, 3], [747, 71], [677, 71]], '내', 0.010233369169019346), ([[41, 0], [151, 0], [151, 141], [41, 141]], '숨', 0.013571417934177044), ([[1003, 7], [1185, 7], [1185, 167], [1003, 167]], '책 2', 0.24990788102149963), ([[304, 226], [408, 226], [408, 378], [304, 378]], '세', 0.007599438487293719), ([[766, 194], [853, 194], [853, 435], [766, 435]], '4', 0.11866421725756116), ([[532, 866], [609, 866], [609, 980], [532, 980]], '영', 0.45300880070343297), ([[1.0956672795301707, 999.0194808850999], [157.83570359241352, 978.5166289053501], [187.90433272046982, 1272.9805191149], [31.16429640758647, 1293.4833710946498]], '#', 0.08736899850916657)]
[([[500, 22], [669, 22], [669, 72], [500, 72]], '꼴소3', 0.004055635840232363), ([[909, 0], [1190, 0], [1190, 78], [909, 78]], '[하아하아일', 0.05139813119692087), ([[764, 57], [1193, 57], [1193, 147], [764, 147]], '벌써이런_간인', 0.1551097032214951), ([[809, 125], [1193, 125], [1193, 212], [809, 212]], '일랍여기까지데-', 0.15639027723182247), ([[740, 258], [1124, 258], [1124, 336], [740, 336]], '드밤에 계속하지문', 0.4131019345935764), ([[129.35405775853383, 113.01898189507504], [209.33283010737466, 91.08104565881533], [260.6459422414662, 304.98101810492494], [180.66716989262534, 325.9189543411847]], '물', 0.1894300704627705)]
[([[573, 2], [1184, 2], [1184, 76], [573, 76]], '온전에서 땀흘리고 저녁먹고', 0.6047967953997988), ([[500, 84], [1182, 84], [1182, 160], [500, 160]], '잠깐 쉬다가 옆 침실로 들어가니', 0.993113228807228), ([[670, 170], [1186, 170], [1186, 244], [670, 244]], '이불이 준비되어 있없다', 0.7848164020653091), ([[824, 330], [1182, 330], [1182, 404], [824, 404]], '이불은 하나이고', 0.9868692502545352), ([[904, 412], [1183, 412], [1183, 489], [904, 489]], '베개는 문개', 0.5846231702421426), ([[818, 576], [1190, 576], [1190, 654], [818, 654]], "'눈치켓으려나?,", 0.22180087531997797)]
[([[780, 4], [1184, 4], [1184, 77], [780, 77]], '선배님은 웃으면서', 0.5773471876957419), ([[981, 89], [1183, 89], [1183, 157], [981, 157]], '그랫는데', 0.2255888432264328), ([[706, 170], [1184, 170], [1184, 244], [706, 244]], '낮에 햇올 때량 다르게', 0.395992199070754), ([[852, 332], [1182, 332], [1182, 404], [852, 404]], "과연 '지금부터", 0.45695591408619596), ([[801, 412], [1190, 412], [1190, 491], [801, 491]], '셈스하켓습니다]]', 0.25630381197960345), ([[812, 498], [1188, 498], [1188, 572], [812, 572]], '라늄 느낌이 듣다', 0.12419189618412917), ([[720, 656], [1186, 656], [1186, 735], [720, 735]], '어떡해@ 엄청 긴장되', 0.3287602341463471), ([[840, 814], [1184, 814], [1184, 888], [840, 888]], "'뭐야? 긴장되?", 0.19265769379216208), ([[718, 896], [1184, 896], [1184, 972], [718, 972]], '낮에 그렇계만 햇는데', 0.5882079966942558), ([[774, 980], [1188, 980], [1188, 1054], [774, 1054]], '이상한 녀석이네-~]', 0.6592209096129125)]
[([[872, 4], [1184, 4], [1184, 78], [872, 78]], '그렇게 말하고', 0.9611536095663654), ([[719, 85], [1184, 85], [1184, 160], [719, 160]], '선배는 먼저 들어가서', 0.7892858198772), ([[782, 168], [1188, 168], [1188, 246], [782, 246]], '이불올 젖히면서.', 0.7161199363390104), ([[818, 326], [1190, 326], [1190, 400], [818, 400]], "'자아; 이리와다,", 0.11083775779306251), ([[860, 490], [1186, 490], [1186, 564], [860, 564]], '이불속선배문', 0.3063801568794398), ([[822, 572], [1184, 572], [1184, 648], [822, 648]], '유카타가} 빗좌저', 0.19706224994022814), ([[764, 652], [1186, 652], [1186, 731], [764, 731]], '여레마지가 보어서 ', 0.2660175327132288), ([[920, 738], [1188, 738], [1188, 814], [920, 814]], '너문야없다', 0.42739715893237396)]
[([[657, 0], [1145, 0], [1145, 87], [657, 87]], '용0 렉스할-생감가득-', 0.18773800867234253), ([[981, 88], [1187, 88], [1187, 156], [981, 156]], '그래그래', 0.9999925494194031), ([[766, 168], [1190, 168], [1190, 246], [766, 246]], '된장이 풀렉것 같아', 0.218382339612276), ([[556, 206], [610, 206], [610, 326], [556, 326]], '통', 0.02494497308875432), ([[941, 649], [1029, 649], [1029, 743], [941, 743]], '세', 0.018108099018662394), ([[319.39177126298426, 229.04651320939752], [349.0569405883144, 225.14216685265242], [356.60822873701574, 301.9534867906025], [326.9430594116856, 305.85783314734755]], '팀', 0.36459754398953237), ([[304.5630697925246, 293.0239351119737], [336.37569037838267, 286.0176819891437], [359.4369302074754, 391.9760648880263], [327.62430962161733, 399.9823180108563]], ':', 0.008209338600251359)]
[([[563, 31], [653, 31], [653, 127], [563, 127]], '5', 0.8358989763411309), ([[611, 109], [655, 109], [655, 161], [611, 161]], '"', 0.9761729257399487), ([[306, 162], [330, 162], [330, 196], [306, 196]], '"', 0.02682310380098607), ([[560, 142], [656, 142], [656, 366], [560, 366]], '?', 0.02595313322768167), ([[906, 300], [1004, 300], [1004, 404], [906, 404]], '단', 0.10341072078453895), ([[8, 1022], [248, 1022], [248, 1388], [8, 1388]], '농', 0.12907844945806435), ([[237.61269391918017, 166.00750311484862], [310.66749869726715, 159.14000770311597], [333.3873060808198, 443.99249688515135], [261.33250130273285, 450.859992296884]], "'", 0.9739076730350895), ([[9.965349946879872, 406.52376988313574], [186.0968135251928, 322.0520365688748], [242.03465005312012, 459.47623011686426], [65.9031864748072, 543.9479634311251]], '고잎', 0.0035992471735460823)]
[([[932, 4], [1184, 4], [1184, 78], [932, 78]], '키스하면서', 0.999416395859772), ([[714, 84], [1184, 84], [1184, 163], [714, 163]], '씩스하기 너무 힘들어', 0.5443554402099317), ([[564, 152], [644, 152], [644, 240], [564, 240]], '캐', 0.0028903882996014207), ([[617, 243], [1141, 243], [1141, 329], [617, 329]], "'완전히 스위치가 폐젊네", 0.12534927604749904), ([[21, 1061], [85, 1061], [85, 1163], [21, 1163]], '다', 0.019808559139417037), ([[1106, 1185], [1200, 1185], [1200, 1398], [1106, 1398]], '%', 0.49253351457113936), ([[277.6106080775375, 269.1078916962401], [332.6108331526338, 228.0207526562833], [414.3893919224625, 350.8921083037599], [359.3891668473662, 392.9792473437167]], '꿀', 0.08574140951171572), ([[259.4224957091272, 321.0334630984937], [295.584206237837, 313.0342469783856], [317.5775042908728, 416.9665369015063], [282.415793762163, 424.9657530216144]], '얘', 0.0034912476883665194), ([[84.40889846319673, 1126.0250018657214], [135.6070746581525, 1152.8094494660124], [79.59110153680327, 1257.9749981342786], [29.392925341847512, 1232.1905505339876]], '8', 0.8954809261219943)]
[([[21, 67], [219, 67], [219, 457], [21, 457]], ':', 0.0151861863174787), ([[958, 56], [1165, 56], [1165, 432], [958, 432]], '즉', 0.1624938978403101)]
[([[12, 4], [420, 4], [420, 80], [12, 80]], '별칙-선배이레', 0.1092575433264905), ([[922, 4], [1188, 4], [1188, 78], [922, 78]], '모선뻐 저량', 0.014607963238656138), ([[10, 70], [220, 70], [220, 146], [10, 146]], '모백없다', 0.05416693165898323), ([[832, 70], [1192, 70], [1192, 146], [832, 146]], '사웨에중제요7', 0.056291065048793366), ([[8, 198], [324, 198], [324, 272], [8, 272]], '동아하눈 껏은', 0.03703724644949956), ([[10, 264], [310, 264], [310, 336], [10, 336]], '정말이라고는', 0.8221666002165843), ([[658, 261], [1190, 261], [1190, 336], [658, 336]], '{저놈 진짜로 말햇다구!,', 0.30007278930242554), ([[10, 329], [382, 329], [382, 401], [10, 401]], '하지만 선배{꽤', 0.5692504549456086), ([[677, 326], [1190, 326], [1190, 404], [677, 404]], '{5심치어 저 선배한데..]', 0.14211085156893252), ([[12, 394], [294, 394], [294, 468], [12, 468]], '인기가 많다', 0.7536059128279615), ([[816, 394], [1194, 394], [1194, 470], [816, 470]], "'아니 무리국지]", 0.4849949091971187), ([[12, 460], [230, 460], [230, 532], [12, 532]], '나 정도는', 0.9698635215319251), ([[14, 521], [370, 521], [370, 601], [14, 601]], '역시 무리인가', 0.9365753408678252), ([[1089.0737387183583, 134.0719277974934], [1195.90147922537, 160.9171597751615], [1181.9262612816417, 209.9280722025066], [1075.09852077463, 183.0828402248385]], '5:)', 0.054654339480793644)]
[([[962, 420], [1106, 420], [1106, 662], [962, 662]], '낙', 0.01467557550150489), ([[27.431392520397925, 18.00851018129066], [168.05876453524453, -2.561423179472019], [218.56860747960206, 389.99148981870934], [77.94123546475545, 409.561423179472]], '속', 0.014583550135249868), ([[978.4460195460314, 74.00697597744637], [1133.9781644821883, 50.36266635297558], [1199.5539804539685, 514.9930240225536], [1044.0218355178117, 539.6373336470244]], '{', 0.5789945115299453)]
[([[804, 4], [1186, 4], [1186, 80], [804, 80]], '[항상 생각하지만', 0.8449750443324315), ([[990, 90], [1184, 90], [1184, 166], [990, 166]], "'말이야~", 0.7467521161136804), ([[138, 18], [236, 18], [236, 346], [138, 346]], '2', 0.40637819278983045), ([[968, 174], [1184, 174], [1184, 246], [968, 246]], '진짜-이거', 0.8509085061290218), ([[810, 251], [1190, 251], [1190, 329], [810, 329]], '커분 종은 거야?,', 0.2518275145715942), ([[866, 406], [1189, 406], [1189, 498], [866, 498]], '4아야-괜찮아', 0.14791853149298048), ([[851, 479], [1187, 479], [1187, 588], [851, 588]], '음 얼굴음보님', 0.019722652209088438), ([[966, 584], [1120, 584], [1120, 658], [966, 658]], '알켓네', 0.14712121816296167), ([[1114, 606], [1194, 606], [1194, 710], [1114, 710]], '봄', 0.033602207230530645), ([[13.154696648638987, 711.0397844755732], [74.53795855501131, 680.0160921313111], [143.84530335136103, 834.9602155244268], [81.46204144498869, 864.9839078686889]], '꿀', 0.20286909515476825)]
[([[962, 0], [1190, 0], [1190, 80], [962, 80]], '몇시간 훈', 0.6209115126874089), ([[762, 82], [1192, 82], [1192, 162], [762, 162]], "'어? 벌써 피곤해?_", 0.7891644209277957), ([[123, 35], [283, 35], [283, 301], [123, 301]], '@', 0.0474418473827507), ([[864, 243], [1189, 243], [1189, 334], [864, 334]], '{생질내사정올', 0.6958724164576957), ([[828, 329], [1187, 329], [1187, 403], [828, 403]], '허락하고 있는데', 0.5798001842259024), ([[773, 381], [815, 381], [815, 429], [773, 429]], '@', 0.1880812098846798), ([[824, 408], [1192, 408], [1192, 488], [824, 488]], '이제 독!나-3"]', 0.05581474111042876), ([[1053, 719], [1163, 719], [1163, 901], [1053, 901]], '큰움', 0.008978567158063814), ([[79, 865], [169, 865], [169, 1003], [79, 1003]], '뼈', 0.01251581004309138), ([[154, 878], [184, 878], [184, 940], [154, 940]], '(', 0.027936185421772786), ([[293.2648405679841, 419.0452086006714], [337.51977769818905, 402.0225564708259], [375.7351594320159, 511.9547913993286], [331.48022230181095, 528.9774435291741]], '(', 0.8256763092918504)]
[([[124, 280], [222, 280], [222, 418], [124, 418]], '@', 0.7463817166240894), ([[775, 403], [819, 403], [819, 453], [775, 453]], '', 0.0), ([[776, 450], [826, 450], [826, 504], [776, 504]], '@', 0.8134948820425194), ([[633, 1173], [701, 1173], [701, 1249], [633, 1249]], '4', 0.9159687101388592), ([[423.4080078298781, 1157.2256446303054], [513.8509003507306, 1098.0241538271414], [595.5919921701219, 1243.7743553696946], [505.1490996492694, 1303.9758461728586]], '@"', 0.009972308523100324), ([[710.5098405633283, 1134.0200548726061], [757.8602983772911, 1149.4067335763878], [718.4901594366717, 1267.9799451273939], [671.1397016227089, 1252.5932664236122]], '@', 0.0054277068945985385)]
[([[951, 9], [1187, 9], [1187, 94], [951, 94]], '그피곤해도', 0.10722472270759137), ([[791, 89], [1191, 89], [1191, 178], [791, 178]], '나올 건 나용지91', 0.2279410727562245), ([[112, 34], [232, 34], [232, 370], [112, 370]], '벼', 0.008082623893702845), ([[800, 160], [1199, 160], [1199, 340], [800, 340]], '{[이전자하되어? _', 0.07343122911303698), ([[771, 342], [846, 342], [846, 515], [771, 515]], '탑', 0.010003123825328475), ([[1059, 709], [1147, 709], [1147, 871], [1059, 871]], '가', 0.005023813267612809), ([[454, 1179], [573, 1179], [573, 1264], [454, 1264]], '젓@', 0.06113946741889629)]
[([[9, 7], [338, 7], [338, 76], [9, 76]], "'그럼 내일부터", 0.9986397567001449), ([[612, 2], [1190, 2], [1190, 78], [612, 78]], '그로부터 몇 시간 지있7까', 0.2357438329410595), ([[10, 88], [226, 88], [226, 162], [10, 162]], '잘 부탁해', 0.9974051463617233), ([[264, 116], [292, 116], [292, 154], [264, 154]], '1', 0.8796191915661353), ([[776, 164], [1184, 164], [1184, 238], [776, 238]], "'어라라 잠들없어?", 0.9915922248044118), ([[12, 244], [326, 244], [326, 316], [12, 316]], '이렇계 첫날은', 0.46511171625328046), ([[576, 248], [1186, 248], [1186, 322], [576, 322]], '오늘은 내가 맘껏 햇으니까~', 0.8352452871928211), ([[12, 326], [430, 326], [430, 398], [12, 398]], '내가 기절할 때까지', 0.8808974110362041), ([[810, 332], [1186, 332], [1186, 404], [810, 404]], '네가 놀고 싶올때', 0.45188809519742795), ([[14, 410], [574, 410], [574, 482], [14, 482]], '선배에계 쥐여짜여 끝나다', 0.46493592777785586), ([[666, 416], [1190, 416], [1190, 488], [666, 488]], '마음대로 해도 되니까~]', 0.8868423144287088)]
[([[813, 3], [1187, 3], [1187, 89], [813, 89]], '이름-아침위 몸전', 0.12958090202176997), ([[850, 84], [1190, 84], [1190, 158], [850, 158]], "'마치 전세네-~]", 0.32011981323359556), ([[808, 218], [864, 218], [864, 344], [808, 344]], '콩', 0.06255019718588528), ([[35.654654412007375, 135.03483015174234], [222.5415362484731, 83.44308328563986], [288.34534558799265, 379.9651698482577], [101.4584637515269, 431.5569167143601]], '스', 0.19055619802523793), ([[602.2074836809395, 473.0459317783194], [835.6197590572705, 371.8395071477424], [964.7925163190605, 737.9540682216806], [731.3802409427295, 839.1604928522577]], '7', 0.5149446100919164), ([[356.25788968678023, 417.00764980884117], [792.6972487820149, 726.3409840744062], [613.7421103132198, 973.9923501911588], [177.30275121798513, 664.6590159255938]], '관0', 0.1381830115746829)]
[([[908, 12], [1166, 12], [1166, 422], [908, 422]], '$', 0.03483340286214642), ([[305, 471], [515, 471], [515, 679], [305, 679]], '가', 0.25152737020177085), ([[156, 690], [209, 690], [209, 796], [156, 796]], '용', 0.1057614504612161), ([[1034, 738], [1134, 738], [1134, 874], [1034, 874]], '댐', 0.09239600898526135), ([[462, 834], [588, 834], [588, 984], [462, 984]], '@', 0.5218709884538839), ([[52.88442106965327, 52.0311371467936], [179.613208502239, -20.99059717299065], [329.1155789303467, 270.9688628532064], [202.386791497761, 344.99059717299065]], '듭', 0.012095033821513113), ([[620.7412576485057, 507.08809790087196], [797.3801777416688, 401.0978417083072], [941.2587423514943, 692.911902099128], [764.6198222583312, 798.9021582916928]], '7', 0.20991081594368044), ([[1003.425944089434, 792.0206228431322], [1112.4708540135694, 893.1388218671436], [1065.5740559105661, 946.9793771568678], [956.5291459864306, 844.8611781328564]], '스`', 0.0008256980560963378)]
[([[620, 6], [1184, 6], [1184, 84], [620, 84]], '{아직사람인-오재안는 것', 0.5044683168925851), ([[764, 85], [1191, 85], [1191, 171], [764, 171]], '(같으내 데해불까?1', 0.16762735719214286), ([[141, 12], [289, 12], [289, 319], [141, 319]], '뿐', 0.2291511335189691), ([[824, 151], [886, 151], [886, 269], [824, 269]], '봄', 0.1480006711765549), ([[571, 491], [807, 491], [807, 721], [571, 721]], '사 )', 0.4338059461958204), ([[330.23537213691804, 207.041886445954], [380.54101255268574, 188.02093807035382], [423.76462786308196, 311.958113554046], [372.45898744731426, 330.97906192964615]], '봄', 0.015365797947951343), ([[294.02336408829876, 491.0341064626722], [394.3654934115518, 457.20128843261426], [453.97663591170124, 661.9658935373278], [353.6345065884482, 694.7987115673857]], '7', 0.9684311932114866)]
[([[910, 4], [1190, 4], [1190, 80], [910, 80]], '마지막 낱캐', 0.13981046070324427), ([[921, 83], [1186, 83], [1186, 162], [921, 162]], '체크이웃전', 0.10309408974720993), ([[353, 873], [637, 873], [637, 1181], [353, 1181]], '0', 0.06620918917441543), ([[453, 1303], [513, 1303], [513, 1377], [453, 1377]], '()', 0.3601369711662868), ([[481.3847043755747, 235.03163244307433], [529.9944561665036, 224.08298580930358], [556.6152956244254, 343.96836755692567], [508.0055438334964, 354.9170141906964]], '흙', 0.05224425140892297), ([[865.0861146652106, 300.076433315133], [1009.7567213659207, 204.01193270031203], [1159.9138853347893, 472.923566684867], [1015.2432786340793, 568.9880672996879]], '쥐', 0.025416413091306822), ([[170.15371156325182, 400.0448886945671], [223.58665154428843, 379.0215389976773], [270.8462884367482, 509.9551113054329], [217.41334845571157, 530.9784610023227]], '품', 0.24934314181017303), ([[470.3768986616567, 1183.024302869206], [532.6441983605213, 1194.4860594423858], [508.6231013383433, 1326.975697130794], [446.3558016394787, 1315.5139405576142]], '금', 0.6096245093476718)]
[([[798, 4], [1190, 4], [1190, 82], [798, 82]], "'용잡가고심다-]", 0.04042528407141042), ([[1052, 72], [1191, 72], [1191, 144], [1052, 144]], '떼에?]', 0.752241313457489), ([[796, 134], [1190, 134], [1190, 212], [796, 212]], '[음` 마고심~어;', 0.021421420896745844), ([[1090.2161622789965, 202.0618223576777], [1190.9357279748465, 229.20088213740578], [1177.7838377210035, 274.93817764232233], [1076.0642720251535, 247.79911786259422]], '[인)', 0.0823748037603706)]
[([[574, 394], [604, 394], [604, 434], [574, 434]], '4', 0.14599420464323032), ([[78, 452], [128, 452], [128, 532], [78, 532]], '8', 0.06125144207375399), ([[570, 800], [722, 800], [722, 1006], [570, 1006]], '량', 0.014745167616695198), ([[0, 1201], [261, 1201], [261, 1585], [0, 1585]], '[', 0.037000987561075505), ([[59.43646443242599, 354.0265229837155], [104.5022969318111, 349.1911185303304], [117.56353556757401, 471.9734770162845], [71.4977030681889, 476.8088814696696]], '#', 0.014728861805535454)]
[([[882, 0], [1187, 0], [1187, 90], [882, 90]], "'네숙고램에", 0.14720152982705054), ([[930, 74], [1192, 74], [1192, 174], [930, 174]], '시간상-로', 0.3954517601090788), ([[872, 168], [1192, 168], [1192, 244], [872, 244]], '이게 곧이데-0', 0.01953267376262846), ([[824, 238], [1192, 238], [1192, 314], [824, 314]], "'국므골문요-]", 0.012302382744015341), ([[571, 285], [589, 285], [589, 361], [571, 361]], '8', 0.8780068226176496), ([[160.49334153988292, 372.02143017061843], [207.50524138742065, 360.02131024885574], [241.50665846011708, 501.97856982938157], [194.49475861257935, 513.9786897511442]], '@', 0.004685120497301354), ([[359.68761831471824, 893.027792227351], [589.1684355000269, 862.9644943734813], [618.3123816852817, 1190.972207772649], [388.831564499973, 1220.0355056265187]], '시', 0.8402879768257208)]
[([[612, 4], [1188, 4], [1188, 80], [612, 80]], '온전에 들어가서 밥울 먹고', 0.4990549546999803), ([[782, 88], [1188, 88], [1188, 162], [782, 162]], '선배님과 렉스하고', 0.48776810249324365), ([[704, 172], [1190, 172], [1190, 246], [704, 246]], '자고 일어나면 또한다', 0.5660016984559249), ([[733, 254], [1188, 254], [1188, 330], [733, 330]], '그것만으로지표습데', 0.12574665408298324), ([[766, 416], [1188, 416], [1188, 492], [766, 492]], '눈깜짝활 사이`네', 0.19573822658910378), ([[980, 498], [1188, 498], [1188, 576], [980, 576]], '즐거워어', 0.8747282028198242), ([[1034, 664], [1192, 664], [1192, 736], [1034, 736]], '하아', 0.8635691821297724), ([[796, 744], [1192, 744], [1192, 820], [796, 820]], '끝나버리눈구-나6', 0.16439948930020426)]
[([[10, 2], [291, 2], [291, 79], [10, 79]], '뭐 알기 쉽계', 0.9080585835237031), ([[802, 2], [1188, 2], [1188, 78], [802, 78]], '떠리말야 이대로', 0.29789597690459396), ([[6, 86], [318, 86], [318, 162], [6, 162]], "'더 하고싶어_", 0.3930331795458308), ([[862, 86], [1192, 86], [1192, 158], [862, 158]], '우리 집 올래?_', 0.801013751282399), ([[12, 170], [358, 170], [358, 244], [12, 244]], '이러고 있잡아~', 0.792542690497499), ([[896, 162], [1190, 162], [1190, 236], [896, 236]], '[괜찮아요?1', 0.5033213660268332), ([[774, 248], [1186, 248], [1186, 324], [774, 324]], "'괜찮아~ 온전여행", 0.6657881154486581), ([[10, 330], [494, 330], [494, 408], [10, 408]], '솔직히 나도 조금만 더', 0.6183293145599883), ([[828, 332], [1190, 332], [1190, 406], [828, 406]], '데리고 와주없고', 0.7231238780064623), ([[10, 414], [465, 414], [465, 488], [10, 488]], '후배자지로 놀고싶고', 0.9746582314759199), ([[894, 414], [1192, 414], [1192, 490], [894, 490]], '감사하다고', 0.7689695204725912), ([[10, 474], [574, 474], [574, 554], [10, 554]], '그렇레 음천여행음곱나고', 0.17586762866995717)]
[([[704, 2], [1192, 2], [1192, 80], [704, 80]], '릭대로 선배집에올다', 0.030571699046475186), ([[720, 82], [1192, 82], [1192, 158], [720, 158]], '또모착햇다-피공해-', 0.012367384348475874), ([[816, 164], [1188, 164], [1188, 242], [816, 242]], '여젯 선뱃집예제', 0.027499105034751253), ([[704, 244], [1192, 244], [1192, 324], [704, 324]], '된가 소음 버새가} 민다', 0.01123100001580348)]
[([[626, 2], [1150, 2], [1150, 78], [626, 78]], '지금부터 여기서 놀거야', 0.49952258258165216), ([[1026, 84], [1187, 84], [1187, 161], [1026, 161]], '흥분돼', 0.5312598432363723), ([[860, 162], [1194, 162], [1194, 238], [860, 238]], "'맛! 큰일낫어]", 0.2728775439143352), ([[900, 326], [1192, 326], [1192, 402], [900, 402]], '때3래요]', 0.25854341072659826)]
[([[741, 4], [1186, 4], [1186, 78], [741, 78]], "'피임악은 이제 없어", 0.8714630200099676), ([[706, 88], [1186, 88], [1186, 162], [706, 162]], '온전에서 다 서버린 겉', 0.6159392181321096), ([[744, 168], [1192, 168], [1192, 246], [744, 246]], '까맣게 잊고 있없어]', 0.5376928887322437), ([[839, 327], [1192, 327], [1192, 408], [839, 408]], "'시올테니까", 0.11310143585981225), ([[598, 414], [1188, 414], [1188, 490], [598, 490]], '조금만 기뒤려주지 안플래?', 0.08726764134047262), ([[982, 498], [1192, 498], [1192, 572], [982, 572]], '@흉쎄?]', 0.06463665674261253)]
[([[637, 0], [771, 0], [771, 159], [637, 159]], '77', 0.00443704251354092), ([[217, 305], [303, 305], [303, 439], [217, 439]], '무', 0.006920113984065779), ([[963, 90], [1200, 90], [1200, 431], [963, 431]], '스;', 0.2802148802990733), ([[749, 1085], [819, 1085], [819, 1153], [749, 1153]], '고', 0.1264675957995145), ([[603.1447151510638, 120.04585090489371], [661.0218634063893, 101.06553119744729], [699.8552848489362, 228.9541490951063], [641.9781365936107, 248.93446880255271]], '8', 0.11689521667264646), ([[155.4038827981628, 328.02542873850484], [207.31443065110875, 319.1245165942004], [230.5961172018372, 458.97457126149516], [178.68556934889125, 468.8754834057996]], '곁', 0.008858796613961994), ([[384.0075188236086, 487.0864664714993], [536.4520496689582, 419.65553414361375], [617.9924811763914, 647.9135335285007], [464.54795033104176, 714.3444658563863]], ':', 0.05670359198528119), ([[721.1514718625762, 1018.060303038033], [765.8900427175814, 1003.0663818827902], [793.8485281374238, 1099.939696961967], [749.1099572824186, 1114.9336181172098]], '@', 0.23380750046591547), ([[609.2203334527164, 1053.0338347062388], [674.0251316825481, 1032.058573657775], [719.7796665472836, 1185.9661652937612], [653.9748683174519, 1206.941426342225]], '@', 0.09903395632906964)]
[([[555, 7], [651, 7], [651, 91], [555, 91]], '극', 0.011310721266824475), ([[9, 117], [287, 117], [287, 345], [9, 345]], "표 '", 0.03715081976601749), ([[137, 457], [173, 457], [173, 505], [137, 505]], '다', 0.17066141343380892), ([[1018, 842], [1200, 842], [1200, 954], [1018, 954]], '스고', 0.03549140140525819), ([[692, 1084], [772, 1084], [772, 1184], [692, 1184]], '세', 0.10831464529254564), ([[634.8945142344195, 82.05569092075253], [708.3299159211966, 53.080690331227544], [760.1054857655805, 202.9443090792475], [686.6700840788034, 230.91930966877246]], '손', 0.08852986188634393), ([[840.7437707738944, 193.06083897111262], [922.6624037208348, 147.0168870716371], [1009.2562292261056, 321.9391610288874], [928.3375962791652, 368.9831129283629]], '흙', 0.014711626967864933), ([[708.287953291017, 1013.028211466813], [769.502010518656, 987.0140117160571], [836.712046708983, 1156.971788533187], [775.497989481344, 1183.9859882839428]], '[', 0.020008347791133696), ([[114.72660278646438, 1116.0450992891479], [239.0744488025015, 1188.1632834085372], [97.27339721353562, 1433.9549007108521], [-27.074448802501514, 1361.8367165914628]], '>', 0.9667674778746829)]
[([[764, 0], [1192, 0], [1192, 89], [764, 89]], '역사 생예스 최고.', 0.18301949397632838), ([[53, 19], [169, 19], [169, 253], [53, 253]], '죄', 0.008054457898250045), ([[919, 70], [1192, 70], [1192, 169], [919, 169]], '눈렇지 않야', 0.2603178426309879), ([[776, 159], [1194, 159], [1194, 286], [776, 286]], '적당히 그만되야해', 0.3318475895999022), ([[736, 332], [1192, 332], [1192, 408], [736, 408]], '진짜루 망가저버려66', 0.292313172755358), ([[413, 441], [575, 441], [575, 663], [413, 663]], '', 0.0), ([[130, 1122], [226, 1122], [226, 1264], [130, 1264]], '#7', 0.1367568300465627), ([[795.4222802044922, 86.11373341099609], [925.3571348776736, 76.84749717676587], [927.5777197955078, 176.8862665890039], [797.6428651223264, 186.15250282323413]], '(안디', 0.06036780642632626), ([[773.3520140502566, 1041.0210163739519], [850.5444660847372, 1060.4389178244298], [811.6479859497434, 1214.9789836260481], [734.4555339152628, 1194.5610821755702]], '꿈', 0.03326392861004024), ([[602.5019462057201, 1109.1128449577523], [664.6397126544334, 1064.0204825908386], [747.4980537942799, 1194.8871550422477], [685.3602873455666, 1239.9795174091614]], '빵', 0.016791004988342628), ([[151.38736713998676, 1255.0376738338928], [193.014551008729, 1273.0195000086708], [160.61263286001324, 1345.9623261661072], [118.98544899127099, 1327.9804999913292]], '{', 0.14399005519932473)]
[([[696, 2], [1188, 2], [1188, 78], [696, 78]], '몸음잡에같이돼증시지', 0.010831191279903094), ([[889, 66], [1194, 66], [1194, 147], [889, 147]], '양켓습니까?1', 0.0591806145550909), ([[988, 134], [1194, 134], [1194, 208], [988, 208]], '[좋아이1', 0.13023061307570663), ([[633, 207], [729, 207], [729, 249], [633, 249]], '데메5', 0.004318806102323011), ([[724, 200], [1192, 200], [1192, 272], [724, 272]], '에에에에에에에! ]1 ]', 0.3650800417763548), ([[814, 325], [1188, 325], [1188, 398], [814, 398]], '이렇계 해서 나는', 0.5325804003483132), ([[781, 390], [1186, 390], [1186, 466], [781, 466]], '선배와 온전여행올', 0.6340847072687091), ([[920, 458], [1190, 458], [1190, 532], [920, 532]], '가게 되없다', 0.9819573714483638)]
[([[730, 4], [1193, 4], [1193, 81], [730, 81]], '{슬슬 피임약 사러.]', 0.47610898184740597), ([[916, 82], [1188, 82], [1188, 156], [916, 156]], '5한 번만 데!', 0.38146856193670636), ([[916, 166], [1192, 166], [1192, 238], [916, 238]], '한 번만데]', 0.5199413972927993), ([[916, 246], [1193, 246], [1193, 318], [916, 318]], "'오 오오..]", 0.5270053014762733)]
[([[616, 16], [768, 16], [768, 164], [616, 164]], '달', 0.12947764463048372), ([[667, 155], [787, 155], [787, 269], [667, 269]], '쿠', 0.013292961163736072), ([[875, 41], [1151, 41], [1151, 353], [875, 353]], '%', 0.015576941650220777), ([[1101, 975], [1143, 975], [1143, 1101], [1101, 1101]], '유', 0.11969879112960857), ([[0, 1025], [125, 1025], [125, 1173], [0, 1173]], '간', 0.03224584669961339), ([[575, 1019], [659, 1019], [659, 1193], [575, 1193]], '"', 0.04598134511551799), ([[0, 1174], [94, 1174], [94, 1286], [0, 1286]], '원', 0.9242169032734324), ([[120.95021074671938, 1093.020416190688], [440.60686296900406, 1183.4391256937945], [371.0497892532806, 1403.979583809312], [51.39313703099596, 1313.5608743062055]], '((', 0.8934127181995619), ([[244.91797489462851, 1458.0418761407077], [475.2640103257046, 1493.5204877408805], [451.0820251053715, 1614.9581238592923], [220.7359896742954, 1579.4795122591195]], '(콤넓 ', 0.004943935666233301)]
[([[361, 219], [471, 219], [471, 365], [361, 365]], '%', 0.01769901012949404), ([[1022, 232], [1182, 232], [1182, 384], [1022, 384]], '0', 0.7872143715644739), ([[1093, 885], [1200, 885], [1200, 1029], [1093, 1029]], '[', 0.059580854768293), ([[53, 1353], [119, 1353], [119, 1429], [53, 1429]], '다', 0.2872868133363795), ([[310.0388065247514, 15.025682012851238], [425.61607718576806, -36.989453824426576], [537.9611934752486, 237.97431798714877], [422.38392281423194, 290.98945382442656]], '@', 0.05265177580173508), ([[476.4404474631158, 862.0111865778949], [583.5226582213261, 888.8930518664008], [519.5595525368842, 1139.988813422105], [411.4773417786739, 1113.1069481335992]], '(', 0.013305120730096542), ([[125.34920862654403, 1395.071438819448], [167.98622708730085, 1422.7128627800673], [153.65079137345597, 1445.928561180552], [110.01377291269915, 1418.2871372199327]], '%5', 0.07706312390097611), ([[203.86162132258934, 1425.038157706581], [411.65232539795625, 1465.3663954265805], [378.1383786774107, 1607.961842293419], [170.34767460204372, 1567.6336045734195]], '7월어', 0.00015195056862321615)]
[([[764, 4], [1186, 4], [1186, 78], [764, 78]], '커튼에 아침 햇살이', 0.987852599393193), ([[922, 86], [1186, 86], [1186, 162], [922, 162]], '비치고있어', 0.979694028836564), ([[28, 24], [364, 24], [364, 314], [28, 314]], "'표", 0.1652261049165534), ([[874, 162], [1186, 162], [1186, 236], [874, 236]], '또사정하면서', 0.999595802298272), ([[828, 244], [1190, 244], [1190, 320], [828, 320]], '움직이고 있는 .', 0.4220694930692254), ([[502, 388], [590, 388], [590, 466], [502, 466]], '법', 0.035787297062572776), ([[848, 408], [1188, 408], [1188, 480], [848, 480]], '몇 시간을 해도 ,', 0.5327074062153813), ([[614, 488], [1188, 488], [1188, 566], [614, 566]], '몇차이나 질내사정올 해도', 0.4482203625786513), ([[730, 572], [1188, 572], [1188, 648], [730, 648]], '라만두려고 하지않아', 0.42191477155072915), ([[824, 746], [904, 746], [904, 800], [824, 800]], '(', 0.011293115029523071), ([[952, 736], [1188, 736], [1188, 810], [952, 810]], '앗 또가벗', 0.16981984652151086), ([[1081, 945], [1167, 945], [1167, 1091], [1081, 1091]], '1', 0.009379265928090241), ([[860, 1334], [888, 1334], [888, 1402], [860, 1402]], '년', 0.10819380153925895), ([[323.0992049745079, 58.042032423878986], [709.0607480650701, -3.4172996239792326], [742.9007950254921, 369.957967576121], [356.93925193492987, 431.41729962397926]], '#|', 0.010529675106450413), ([[452.47176397367167, 966.0126906523714], [536.1217844694139, 953.20657465559], [569.5282360263283, 1195.9873093476288], [485.87821553058603, 1208.79342534441]], '"', 0.11265595897587932), ([[1000.4237425167328, 1094.0138443480414], [1091.5143490647704, 1079.266371031071], [1127.5762574832672, 1325.9861556519586], [1035.4856509352296, 1340.733628968929]], '9', 0.012571578295472785), ([[25.969691352181567, 1395.066623411798], [128.6177225322558, 1422.5565795651255], [110.03030864781843, 1487.933376588202], [7.382277467744201, 1461.4434204348745]], '&어', 0.003170537402440608), ([[168.2668260128632, 1404.0168070804177], [356.9069295286244, 1540.2767493010656], [274.7331739871368, 1653.9831929195823], [85.09307047137561, 1517.7232506989344]], '어페:', 0.014789962850004692)]
[([[562, 2], [1188, 2], [1188, 81], [562, 81]], '눈올 떠보니 점심때가 넘없다', 0.5819971294866262), ([[490, 86], [1188, 86], [1188, 162], [490, 162]], '옆올 보니 후배가 푹 자고 있있다', 0.5724446170919497), ([[920, 250], [1184, 250], [1184, 322], [920, 322]], '배는 무거워', 0.9098466228389241), ([[768, 334], [1184, 334], [1184, 408], [768, 408]], '얼마나 많이 삶길래', 0.562288386116444), ([[638, 416], [1146, 416], [1146, 492], [638, 492]], '그렇계까지 필사적으로.', 0.9329172542997288), ([[875, 580], [1183, 580], [1183, 649], [875, 649]], '일단은 그대로', 0.8809685050313311), ([[800, 662], [1188, 662], [1188, 736], [800, 736]], '두 번째 잠을 잦다', 0.39372555741249915)]
[([[904, 12], [1194, 12], [1194, 352], [904, 352]], '쥐', 0.060765732359353786), ([[7, 563], [95, 563], [95, 727], [7, 727]], '달', 0.007587147078859324), ([[73.15666168580152, -13.986826054351127], [279.5448292956156, 45.48115331381615], [186.84333831419846, 359.9868260543511], [-19.544829295615607, 300.51884668618385]], '듯', 0.04699787420851553), ([[775.5263019083253, 203.01020427314756], [857.0700883308056, 186.052173230989], [910.4736980916747, 456.98979572685244], [828.9299116691944, 473.947826769011]], '$', 0.2618296660624573), ([[172.42020189564357, 392.0280795251289], [220.56164734242603, 386.20679211680664], [234.57979810435643, 506.9719204748711], [186.43835265757397, 512.7932078831934]], '@', 0.08467113600513532)]
[([[24, 143], [173, 143], [173, 407], [24, 407]], '빚', 0.04720118376191351), ([[756, 164], [905, 164], [905, 413], [756, 413]], '솜', 0.008912058392512856), ([[941, 21], [1171, 21], [1171, 454], [941, 454]], '행', 0.003319032018718693), ([[162, 357], [238, 357], [238, 514], [162, 514]], '셈', 0.6830000794985267), ([[632.0742714794452, 5.022565328626964], [758.5051882381164, -42.940285329631024], [857.9257285205548, 247.97743467137303], [731.4948117618836, 296.940285329631]], '_', 0.035931760589101636), ([[749.9604446036219, 906.0451129416518], [837.1554660629429, 889.7424646658458], [860.0395553963781, 1044.9548870583483], [773.8445339370571, 1061.2575353341542]], '가', 0.03981243714963867)]
[([[800, 2], [1194, 2], [1194, 78], [800, 78]], "'오늘마 최모데-]", 0.03797117114204895), ([[910, 80], [1194, 80], [1194, 158], [910, 158]], ' 량 선배]', 0.017282619939263298), ([[860, 164], [1192, 164], [1192, 238], [860, 238]], '따응? 왜인래?]', 0.08155315342360767), ([[790, 242], [1192, 242], [1192, 321], [790, 321]], "'고백행잡아요;", 0.02144554378072669), ([[1039, 335], [1189, 335], [1189, 397], [1039, 397]], "'으응]", 0.9314737915992737), ([[903, 411], [1187, 411], [1187, 479], [903, 479]], '러전도 가고', 0.14148080078273925), ([[673, 490], [1190, 490], [1190, 566], [673, 566]], '여러가지 일이 있없지만', 0.7855108813319203), ([[704, 572], [1192, 572], [1192, 649], [704, 649]], '결꿈 선배의 대답은 .]', 0.1872410531393514)]
[([[1036, 4], [1192, 4], [1192, 78], [1036, 78]], '떼종야]', 0.09488936513662338), ([[916, 82], [1194, 82], [1194, 158], [916, 158]], '장찮이오3]', 0.009325068972805127), ([[1039, 171], [1189, 171], [1189, 237], [1039, 237]], '남으응]', 0.05164933645566029), ([[590, 244], [1128, 244], [1128, 320], [590, 320]], '모렇레라메운 느낌으로', 0.012321266500561274), ([[1142, 278], [1182, 278], [1182, 310], [1142, 310]], '.', 0.3523646101159592), ([[764, 327], [1193, 327], [1193, 404], [764, 404]], '떠어? 리쁘지 않아?,', 0.47801559434459834), ([[731, 405], [1192, 405], [1192, 483], [731, 483]], "'종아요오아아아아!]", 0.21765138397444367), ([[986, 490], [1194, 490], [1194, 566], [986, 566]], "'에헤해", 0.19439229369163513)]
[([[786, 2], [1194, 2], [1194, 78], [786, 78]], "'임신행으나까]", 0.18267496127556684), ([[984, 78], [1195, 78], [1195, 158], [984, 158]], '떼에에물]', 0.0028639665906331985), ([[668, 164], [1186, 164], [1186, 242], [668, 242]], '뜨때임청 많이원잡야?', 0.13248398859495514), ([[961, 245], [1192, 245], [1192, 325], [961, 325]], '그러니까,', 0.2646838346481801), ([[719, 320], [1192, 320], [1192, 399], [719, 399]], '직볍계 말하다니요!]', 0.027910666392931258), ([[746, 410], [1192, 410], [1192, 486], [746, 486]], "'고백철회할 거야?,", 0.32494094560082826), ([[1019, 491], [1191, 491], [1191, 557], [1019, 557]], "'아뇨!]", 0.29220390940800167), ([[852, 574], [1188, 574], [1188, 646], [852, 646]], "'그럼 앞으로도", 0.41690445828302813), ([[858, 656], [1124, 656], [1124, 730], [858, 730]], '잘 부탁해요-', 0.928163630397597), ([[2, 1476], [124, 1476], [124, 1600], [2, 1600]], '끝', 0.9997855539861042), ([[1123.0557630317494, 665.0899677650967], [1193.7498830147365, 682.4383946252921], [1181.9442369682506, 726.9100322349033], [1111.2501169852635, 709.5616053747079]], '91', 0.873041321672779)]
[([[784, 0], [1194, 0], [1194, 77], [784, 77]], '떼줌름음편망]', 0.023686748172353222), ([[736, 68], [850, 68], [850, 140], [736, 140]], '이런', 0.9993096201484888), ([[874, 66], [1186, 66], [1186, 142], [874, 142]], '정말 외버럿어', 0.2592374894921938), ([[766, 132], [1185, 132], [1185, 207], [766, 207]], '선배랑 단물이 온천', 0.7704501256038165), ([[898, 258], [1190, 258], [1190, 334], [898, 334]], "'역시 산속은", 0.8394926161267656), ([[786, 324], [1194, 324], [1194, 400], [786, 400]], '경치가 다르구나!,', 0.36325956448269014), ([[628, 390], [1188, 390], [1188, 466], [628, 466]], '오늘이 방에저지늄기야?', 0.0867403895762019), ([[848, 456], [1190, 456], [1190, 530], [848, 530]], '선배랑 물이서?', 0.6408126806224176), ([[834, 581], [1192, 581], [1192, 658], [834, 658]], "'얼른업름 뵈보]", 0.13415952260974406), ([[852, 711], [1194, 711], [1194, 790], [852, 790]], '떼무슨 일이야?1', 0.2262575626883754), ([[1097.2397140787302, 648.058141511747], [1194.9766003957259, 680.5168349130363], [1179.7602859212698, 722.941858488253], [1082.0233996042741, 691.4831650869637]], '다.일)', 0.0018003610894083977)]
[([[1032, 4], [1190, 4], [1190, 78], [1032, 78]], '따약]', 0.5985430683645295), ([[920, 132], [1186, 132], [1186, 204], [920, 204]], '등 뒤에서도', 0.9813467703000289), ([[919, 199], [1183, 199], [1183, 267], [919, 267]], '보이는 가슴', 0.6299053369002161), ([[824, 264], [1182, 264], [1182, 336], [824, 336]], '정신올 차려보니', 0.6182158811194309), ([[669, 328], [1186, 328], [1186, 402], [669, 402]], '선배에계꺼안고 있없다', 0.5239143011436694), ([[654, 392], [1185, 392], [1185, 468], [654, 468]], '저런야합 뒷모습음 보고', 0.243628681598181), ([[702, 460], [1184, 460], [1184, 534], [702, 534]], '참율수 있올리가 없어', 0.3174191540291493), ([[796, 585], [1186, 585], [1186, 661], [796, 661]], "'뭐야? 발기없어?", 0.28219538487288015), ([[850, 650], [1192, 650], [1192, 727], [850, 727]], '어절수 없네-]', 0.704986552258577)]
[([[1024, 0], [1136, 0], [1136, 74], [1024, 74]], '야햇', 0.05794455721252772), ([[764, 64], [1185, 64], [1185, 145], [764, 145]], '좋은 크기와 딱딱함', 0.5358801979006882), ([[810, 131], [1186, 131], [1186, 209], [810, 209]], '꽤공은 자지찮야', 0.44970430413999085), ([[0, 433], [110, 433], [110, 602], [0, 602]], '막', 0.004119878855511294), ([[858, 784], [966, 784], [966, 884], [858, 884]], '0', 0.12666940592708986), ([[1004, 920], [1104, 920], [1104, 1016], [1004, 1016]], '8', 0.006196042475397123), ([[8, 1192], [256, 1192], [256, 1464], [8, 1464]], '저', 0.13668281649876235)]
[([[283, 73], [305, 73], [305, 85], [283, 85]], '리', 0.01616307549289786), ([[701, 561], [747, 561], [747, 605], [701, 605]], '0', 0.970014973110839), ([[865.432564900266, 301.0559086037238], [1016.9110351125553, 240.5551466751752], [1097.567435099734, 484.9440913962762], [947.0889648874447, 545.4448533248247]], '호', 0.2725281363391332), ([[-2.7497633932626115, 478.02814686960727], [69.41117030365002, 464.2950395278087], [97.74976339326261, 630.9718531303928], [24.58882969634998, 644.7049604721914]], '품', 0.010687116736154467), ([[647.0737387183583, 590.0719277974933], [761.8296908294859, 612.5805970154295], [748.9262612816417, 665.9280722025067], [635.1703091705141, 643.4194029845705]], '증과?', 0.014260975564893695), ([[-36.235473145974616, 1097.0318209680925], [113.67389149152103, 1016.0094629018512], [265.2354731459746, 1338.9681790319075], [114.32610850847897, 1419.990537098149]], '술', 0.19439640852585072)]
[([[771, 11], [887, 11], [887, 79], [771, 79]], '우와-', 0.9610955005451666), ([[919, 4], [1188, 4], [1188, 83], [919, 83]], '엄청 잡야', 0.5901742787511411), ([[1027, 75], [1179, 75], [1179, 143], [1027, 143]], '최고0', 0.9246338233702069), ([[916, 200], [1184, 200], [1184, 276], [916, 276]], '콤전물외고', 0.045653785105694476), ([[810, 264], [1184, 264], [1184, 340], [810, 340]], '맛있습 밥로있고', 0.07571231540194942), ([[698, 331], [1186, 331], [1186, 408], [698, 408]], '게다가 이자지몸 외고', 0.25399193847471563), ([[704, 456], [1182, 456], [1182, 536], [704, 536]], '엄청재되올것 같이0', 0.0564206177175494), ([[146, 1126], [244, 1126], [244, 1240], [146, 1240]], '7"', 0.25016762937523856), ([[119, 1223], [207, 1223], [207, 1333], [119, 1333]], '70', 0.7156729941713149), ([[4.312893262775904, 453.0295618482005], [62.49435351349661, 440.14080744753636], [90.6871067372241, 584.9704381517995], [32.50564648650339, 597.8591925524637]], '@', 0.05563719631457098)]
