2695740
17
[([[1028, 388], [2000, 388], [2000, 1062], [1028, 1062]], '강빵', 0.14625198566582448), ([[552, 967], [1624, 967], [1624, 1552], [552, 1552]], '만화', 0.9999296154885023), ([[44.588482266602874, 438.0203346511197], [395.88783439653184, 348.38174290262447], [502.41151773339715, 882.9796653488803], [151.11216560346813, 972.6182570973755]], '주', 0.9889239918053683)]
[([[857, 421], [969, 421], [969, 563], [857, 563]], '1', 0.31802730235449417), ([[974, 246], [1344, 246], [1344, 564], [974, 564]], "'덧", 0.01352473606634822), ([[1515, 1191], [1603, 1191], [1603, 1285], [1515, 1285]], '0', 0.9256034349973561), ([[693, 1447], [951, 1447], [951, 1715], [693, 1715]], '분뱃', 0.0017371779170335556), ([[377.1831801500922, 821.5014981651015], [644.3321911484041, 676.7158925739434], [739.8168198499078, 869.4985018348985], [472.6678088515958, 1014.2841074260566]], '품부', 0.5578076713975171), ([[1373.3502489117013, 1270.0192066077511], [1460.778174593052, 1297.221825406948], [1410.6497510882987, 1460.9807933922489], [1323.221825406948, 1434.778174593052]], '0', 0.4777956155721519)]
[([[1378, 1284], [1434, 1284], [1434, 1376], [1378, 1376]], ')', 0.9411085533777772), ([[379, 1409], [559, 1409], [559, 1611], [379, 1611]], '0/', 0.2331439437317033), ([[519, 1529], [607, 1529], [607, 1709], [519, 1709]], '1', 0.6626256134995892), ([[1702.607768347917, 1719.290353882722], [1765.5347664855587, 1773.985331184713], [1673.392231652083, 1876.709646117278], [1610.4652335144413, 1823.014668815287]], '>', 0.1488931114059291)]
[([[89, 175], [653, 175], [653, 263], [89, 263]], '산지 얼마나 맺다고', 0.325655960608019), ([[53, 257], [735, 257], [735, 345], [53, 345]], '지금 바로 또 할려고? !?', 0.9689377341605305), ([[1241, 549], [1315, 549], [1315, 617], [1241, 617]], '0', 0.7108919045325734), ([[1351, 623], [1443, 623], [1443, 721], [1351, 721]], '0', 0.4977037200461587), ([[1313, 869], [1349, 869], [1349, 911], [1313, 911]], '', 0.0), ([[1312, 1364], [1388, 1364], [1388, 1450], [1312, 1450]], '0', 0.9473261944693014), ([[492, 1814], [570, 1814], [570, 1916], [492, 1916]], '0', 0.9963074502257427), ([[1888, 1874], [1962, 1874], [1962, 1982], [1888, 1982]], '(', 0.04218302862996759), ([[1018.9285847742017, 1718.0359131356056], [1117.5900043547551, 1657.010881986133], [1251.0714152257983, 1898.9640868643944], [1151.4099956452449, 1959.989118013867]], '4', 0.30958003257538635)]
[([[109, 1079], [325, 1079], [325, 1171], [109, 1171]], '희. 학', 0.1938374787569046), ([[72, 1170], [376, 1170], [376, 1266], [72, 1266]], '숨..숨이', 0.9514971938954502), ([[1341, 1327], [1581, 1327], [1581, 1535], [1341, 1535]], '튼', 0.004483803175368062), ([[752.8977778369124, 1808.033778741672], [1146.5541673706048, 1860.0186424520277], [1117.1022221630876, 2006.966221258328], [723.4458326293952, 1955.9813575479723]], '나 )', 0.4189446270465851)]
[([[987, 1097], [1075, 1097], [1075, 1221], [987, 1221]], '댐', 0.3237468980074141), ([[837.90447373189, 1812.0333692029951], [1154.3885469312756, 1865.3482868081937], [1121.09552626811, 2011.9666307970049], [805.6114530687244, 1958.6517131918063]], '()', 0.8982101287534162)]
[([[963, 701], [1131, 701], [1131, 863], [963, 863]], '2', 0.27653257572092116), ([[622, 824], [732, 824], [732, 922], [622, 922]], '0', 0.9470651512182862), ([[1283, 1005], [1343, 1005], [1343, 1089], [1283, 1089]], '0', 0.9959671707658799), ([[798, 1396], [896, 1396], [896, 1510], [798, 1510]], '93', 0.021901847270568778), ([[1321, 1705], [1389, 1705], [1389, 1795], [1321, 1795]], '0', 0.08391885594427606), ([[1196, 1838], [1296, 1838], [1296, 1948], [1196, 1948]], '0', 0.08887071421577275), ([[1331.37997092861, 599.4761178087691], [1420.3867993771041, 677.9020001906824], [1285.62002907139, 824.5238821912309], [1197.6132006228959, 746.0979998093176]], '이', 0.25408108058400103)]
[([[409, 7], [549, 7], [549, 51], [409, 51]], '주스신영', 0.19224125146865845), ([[578, 12], [616, 12], [616, 40], [578, 40]], '지', 0.24146365350185306), ([[387, 46], [624, 46], [624, 102], [387, 102]], '주스님각 앉있로', 0.017829626045370084), ([[377, 137], [468, 137], [468, 174], [377, 174]], '#지?+', 0.024926919490098953), ([[782, 208], [832, 208], [832, 258], [782, 258]], '오', 0.9926161484085618), ([[775.0536468300227, 138.6482821470204], [977.6146966395384, 76.50046798356985], [994.9463531699773, 140.3517178529796], [792.3853033604616, 202.49953201643015]], '장시만 `', 0.3082348440660429), ([[367.15028142267585, 100.0912945443088], [491.97433856727235, 119.54763626063567], [484.84971857732415, 153.9087054556912], [361.02566143272765, 134.45236373936433]], '상고옆간', 0.8158779740333557), ([[827.1281673655291, 192.53323515037553], [1017.1776985591614, 116.91708346398109], [1035.871832634471, 181.46676484962447], [846.8223014408386, 257.0829165360189]], '벗어 숲제)', 0.2385201020324942)]
[([[1134, 638], [1254, 638], [1254, 770], [1134, 770]], '0', 0.54349190648853), ([[1379, 1193], [1443, 1193], [1443, 1321], [1379, 1321]], '0', 0.9935996751892162)]
[([[1248, 1512], [1330, 1512], [1330, 1588], [1248, 1588]], '휴', 0.9898754438380344), ([[1398, 1507], [1851, 1507], [1851, 1592], [1398, 1592]], '드디어 끝나네. .', 0.4396384245190399), ([[1285, 1585], [1815, 1585], [1815, 1675], [1285, 1675]], '이제 돌아가야지. .', 0.5697342838540941)]
[([[1290, 614], [1346, 614], [1346, 666], [1290, 666]], '자', 0.9999336015279461), ([[1379, 613], [1557, 613], [1557, 673], [1379, 673]], '돌아가자.', 0.9699464335297993), ([[906, 634], [1078, 634], [1078, 786], [906, 786]], '`', 0.3190870054157955), ([[942, 1362], [1158, 1362], [1158, 1560], [942, 1560]], '1', 0.6450610258183396)]
[]
[([[1354, 376], [1594, 376], [1594, 426], [1354, 426]], '여긴 어디지???', 0.6304154764350063), ([[1230, 420], [1722, 420], [1722, 472], [1230, 472]], '그건 그렇고 나 왜 벗고있지.??', 0.6024347223692067)]
[]
[]
[([[1381, 116], [1797, 116], [1797, 196], [1381, 196]], '까아아아아악! ! !', 0.7630232717406179), ([[1263, 195], [1331, 195], [1331, 261], [1263, 261]], '자', 0.9999139327449171), ([[1364, 189], [1920, 189], [1920, 270], [1364, 270]], '잠시만! ! 이건 아니지!!', 0.5180461317429339), ([[1313, 262], [1870, 262], [1870, 342], [1313, 342]], '홍통도 없이한다고? ! !', 0.25921933366041805), ([[1445.1345287495656, 639.0170302389629], [1612.2274409861122, 681.1450291470416], [1545.8654712504344, 936.9829697610371], [1378.7725590138878, 894.8549708529584]], '2', 0.1683821043030207), ([[750.0770492241448, 1148.018525681207], [1001.6461206616893, 1265.9808932614067], [914.9229507758552, 1442.981474318793], [663.3538793383107, 1326.0191067385933]], '거', 0.12461843001470425)]
[([[232, 98], [368, 98], [368, 176], [232, 176]], '몸므', 0.14382449291184177), ([[442, 98], [638, 98], [638, 176], [442, 176]], '모몹무', 0.03967636996002667), ([[216, 171], [695, 171], [695, 257], [216, 257]], '(뭐지 . 따뜻해 .)', 0.4879832689915271), ([[1014, 344], [1096, 344], [1096, 416], [1014, 416]], '0', 0.9709604587456511), ([[1127, 267], [1499, 267], [1499, 521], [1127, 521]], '듯포-', 0.005368993448056987), ([[1796, 502], [1852, 502], [1852, 566], [1796, 566]], '0', 0.5548094839255704), ([[1639, 399], [1809, 399], [1809, 749], [1639, 749]], '움', 0.494853089592894), ([[196, 812], [356, 812], [356, 960], [196, 960]], '(', 0.07388044666095084), ([[1144, 920], [1200, 920], [1200, 980], [1144, 980]], '0', 0.9831517190389292), ([[1530, 1204], [1684, 1204], [1684, 1352], [1530, 1352]], '기0', 0.5017635914779968), ([[1665, 1389], [1709, 1389], [1709, 1447], [1665, 1447]], '0', 0.9934935653433605), ([[456, 1496], [512, 1496], [512, 1554], [456, 1554]], '0', 0.9956171956847726), ([[742.8237643912812, 556.6413879521531], [935.9897054266428, 490.4392720459287], [964.1762356087188, 580.3586120478469], [771.0102945733572, 646.5607279540714]], "' 0 ~", 0.12032901213361849), ([[1365.8485172220198, 663.0368686635093], [1501.2859679732735, 652.5801816223621], [1510.1514827779802, 854.9631313364907], [1373.7140320267265, 864.4198183776379]], '끼', 0.0033727060113078466), ([[1614.1418554726172, 848.1320391042656], [1930.3252111026286, 753.9962675177466], [1984.8581445273828, 1017.8679608957344], [1668.6747888973714, 1111.0037324822533]], '딱{', 0.006579939226167276), ([[597.7393070587909, 1291.018925057736], [1008.684886980321, 1351.850759805318], [943.2606929412091, 1707.981074942264], [531.315113019679, 1648.149240194682]], '>', 0.017240383229486733), ([[1117.0933824810627, 1593.0700017424513], [1448.0205605835447, 1554.4115355164915], [1457.9066175189373, 1780.9299982575487], [1127.9794394164553, 1819.5884644835085]], '도', 0.0015572773859193895)]
