2695009
15
[([[27, 29], [214, 29], [214, 870], [27, 870]], '(', 0.016064151610178934)]
[([[24, 76], [134, 76], [134, 128], [24, 128]], '위험해', 0.9983555267496494), ([[364, 74], [464, 74], [464, 116], [364, 116]], '일부러', 0.9998765968710186), ([[710, 72], [872, 72], [872, 120], [710, 120]], '뭐, 어절 수', 0.7302173970325871), ([[39, 121], [113, 121], [113, 163], [39, 163]], '이제', 0.9934869993708714), ([[363, 117], [465, 117], [465, 159], [363, 159]], '수업올', 0.8045446608317777), ([[755, 115], [825, 115], [825, 157], [755, 157]], '없지', 0.9984266837191392), ([[27, 163], [133, 163], [133, 207], [27, 207]], '나온다', 0.2681698642400817), ([[185, 137], [245, 137], [245, 209], [185, 209]], '별', 0.02913018267103329), ([[379, 159], [449, 159], [449, 199], [379, 199]], '빠져', 0.9548458078195757), ([[719, 155], [863, 155], [863, 199], [719, 199]], '지금 당장', 0.9999565505963608), ([[314, 198], [516, 198], [516, 246], [314, 246]], '나용으니까..', 0.5677949374228844), ([[723, 199], [861, 199], [861, 243], [723, 243]], '해버리자', 0.9998169541358948), ([[29, 983], [227, 983], [227, 1043], [29, 1043]], '웃, 앓다  .', 0.1680347189253099), ([[803, 841], [892, 841], [892, 1097], [803, 1097]], '군', 0.007438771990542714)]
[([[743, 9], [851, 9], [851, 123], [743, 123]], '뿌', 0.11553757261271258), ([[75, 123], [163, 123], [163, 167], [75, 167]], '으곳..', 0.4466971158981323), ([[732, 104], [822, 104], [822, 274], [732, 274]], '육', 0.4532830851624716), ([[8, 1014], [121, 1014], [121, 1071], [8, 1071]], '난온다:', 0.5437901020050049), ([[451, 1009], [495, 1009], [495, 1047], [451, 1047]], '나.', 0.5755768787850503), ([[760, 1053], [866, 1053], [866, 1096], [760, 1096]], '11177', 0.718142161274483), ([[432.34108937006994, 524.027181377846], [496.0039378229019, 513.2550511168928], [517.6589106299301, 660.972818622154], [454.9960621770981, 671.7449488831072]], '뿐', 0.4643059614296341)]
[([[23, 301], [133, 301], [133, 581], [23, 581]], '월', 0.0451710792882809), ([[212, 838], [336, 838], [336, 936], [212, 936]], '털', 0.9944463803822714), ([[261, 941], [373, 941], [373, 1053], [261, 1053]], '썩', 0.9838847004897531), ([[621.1397401250935, 60.020568614452074], [743.2250181205648, 20.138048976577103], [824.8602598749065, 304.9794313855479], [702.7749818794352, 344.8619510234229]], '#', 0.041261260876940264)]
[([[41, 973], [83, 973], [83, 1017], [41, 1017]], '호', 0.692689667766345), ([[0, 1012], [128, 1012], [128, 1060], [0, 1060]], "'나앉다..", 0.12252884147648707), ([[735.0701149452862, 129.02885061910678], [841.3039130715197, 101.3683849689844], [891.9298850547138, 319.9711493808932], [785.6960869284803, 347.6316150310156]], '불', 0.031551789524195906), ([[228.34273713746265, 485.0144067341487], [327.47746493573214, 442.007601018011], [446.6572628625373, 742.9855932658513], [347.52253506426786, 785.992398981989]], '똑', 0.01626121230437949)]
[([[149, 97], [219, 97], [219, 137], [149, 137]], '차-', 0.3709848991721345), ([[93, 136], [274, 136], [274, 180], [93, 180]], '또 커다란 거', 0.9599318839366837), ([[131, 179], [237, 179], [237, 223], [131, 223]], '삶다아', 0.40803647770341905), ([[785, 569], [855, 569], [855, 611], [785, 611]], '어디', 0.9999902219451473), ([[769, 611], [859, 611], [859, 653], [769, 653]], '어디.', 0.9217477220750975), ([[763, 971], [845, 971], [845, 1013], [763, 1013]], '오오,', 0.7068111149341013), ([[73, 997], [143, 997], [143, 1039], [73, 1039]], '이게', 0.9935964133840248), ([[728, 1006], [878, 1006], [878, 1054], [728, 1054]], '훌륭한데!', 0.9007603100413903), ([[36, 1036], [182, 1036], [182, 1084], [36, 1084]], '내 뱃속에', 0.7763016259620573), ([[40, 1078], [178, 1078], [178, 1126], [40, 1126]], '있엇구나', 0.62073814868927)]
[([[90, 102], [220, 102], [220, 158], [90, 158]], '중네 }', 0.41814026585734293), ([[60, 156], [258, 156], [258, 212], [60, 212]], '또 씨불까!', 0.5093811879558514), ([[623, 151], [881, 151], [881, 213], [623, 213]], '변비약인가 ..', 0.4531117885082465), ([[47, 209], [269, 209], [269, 269], [47, 269]], '맘에 들없어', 0.7701897112038346), ([[53, 1019], [115, 1019], [115, 1087], [53, 1087]], '끝', 0.9999431379772297)]
[([[675, 39], [839, 39], [839, 81], [675, 81]], '변비약인가:', 0.962724605888897), ([[41, 85], [247, 85], [247, 127], [41, 127]], '좀 꺼림칙하지만', 0.9875190218822425), ([[641, 75], [881, 75], [881, 117], [641, 117]], '무니까 설사유도제', 0.24015376402816374), ([[67, 123], [219, 123], [219, 163], [67, 163]], '일단 씨불까', 0.32589804916043674), ([[697, 111], [829, 111], [829, 155], [697, 155]], '라는-거지', 0.431399945516935), ([[691, 416], [770, 416], [770, 456], [691, 456]], '7 17', 0.606417715549469), ([[132, 730], [186, 730], [186, 762], [132, 762]], '[(', 0.004081048327488629)]
[([[480, 66], [512, 66], [512, 98], [480, 98]], '웃', 0.9948138656278083), ([[832, 26], [886, 26], [886, 134], [832, 134]], '봄', 0.7794764142823993), ([[23, 105], [123, 105], [123, 149], [23, 149]], '정말로', 0.9999830689424114), ([[21, 147], [127, 147], [127, 189], [21, 189]], '효과가', 0.9974269890668621), ([[261, 147], [365, 147], [365, 191], [261, 191]], '위험해', 0.9998734309503267), ([[832, 134], [886, 134], [886, 198], [832, 198]], '후', 0.9999831915608048), ([[5, 189], [117, 189], [117, 233], [5, 233]], '있찮아.', 0.42541569471359253), ([[245, 189], [375, 189], [375, 233], [245, 233]], '나혼다 :.', 0.19353196589419738), ([[832, 196], [888, 196], [888, 576], [832, 576]], '1', 0.041895035266922065), ([[226, 740], [328, 740], [328, 872], [226, 872]], '백', 0.2708838953041415)]
[([[51, 141], [97, 141], [97, 185], [51, 185]], '웃', 0.8419039592841706), ([[121, 139], [193, 139], [193, 183], [121, 183]], '후우', 0.9938668348201729), ([[70, 180], [162, 180], [162, 228], [70, 228]], '크원', 0.3751586577142558), ([[686, 698], [874, 698], [874, 746], [686, 746]], '아; 나혼다 ..', 0.28203876961394575), ([[115, 723], [222, 723], [222, 773], [115, 773]], '상당한', 0.8769605175304278), ([[81, 765], [248, 765], [248, 817], [81, 817]], "'사이즈가 .", 0.4185030282014713), ([[263, 935], [332, 935], [332, 1090], [263, 1090]], '책', 0.8717036894395847)]
[([[755, 595], [855, 595], [855, 635], [755, 635]], '웃~~~_', 0.6752802119964421), ([[0, 955], [189, 955], [189, 1173], [0, 1173]], '뱃', 0.05744864872974298), ([[670.246624684243, 98.01494204292207], [810.8057970778218, 71.6178261773315], [861.753375315757, 387.9850579570779], [721.1942029221782, 414.3821738226685]], '호', 0.004143677084072428)]
[([[524, 26], [696, 26], [696, 324], [524, 324]], '뿐', 0.8926916780186644), ([[787, 301], [893, 301], [893, 345], [787, 345]], '오오?', 0.7570483383187108), ([[27, 611], [133, 611], [133, 651], [27, 651]], '오오오', 0.997437653347848), ([[15, 651], [145, 651], [145, 695], [15, 695]], '오오오', 0.8701506697191919), ([[195, 634], [323, 634], [323, 955], [195, 955]], '#', 0.6986281846161013), ([[613.46806498785, 794.0101091804529], [716.4772375759304, 770.0781549662316], [782.53193501215, 1084.989890819547], [680.5227624240696, 1108.9218450337682]], '똑', 0.12187207489550733)]
[([[94, 102], [250, 102], [250, 200], [94, 200]], '다|는 .', 0.12476970543569521), ([[764, 40], [864, 40], [864, 228], [764, 228]], '뿐', 0.19690583148259577), ([[419, 289], [524, 289], [524, 338], [419, 338]], '/1/1', 0.2859194874763489), ([[692, 596], [780, 596], [780, 644], [692, 644]], '오오', 0.9999436079824127), ([[664, 646], [812, 646], [812, 702], [664, 702]], '나용다!', 0.7960826754570007)]
[([[99, 133], [189, 133], [189, 171], [99, 171]], '꽤나 .', 0.5266026854515076), ([[772, 116], [876, 116], [876, 164], [772, 164]], '확실히', 0.9999591865809455), ([[41, 171], [255, 171], [255, 215], [41, 215]], '나쁘지 않은 걸', 0.7562872488557741), ([[775, 161], [879, 161], [879, 205], [775, 205]], '변비약', 0.9989796626751022), ([[774, 200], [864, 200], [864, 248], [774, 248]], '인가 .', 0.6686303615570068), ([[710, 802], [846, 802], [846, 850], [710, 850]], '앞으로도', 0.9995033144950867), ([[691, 842], [862, 842], [862, 893], [691, 893]], '사용해올까', 0.44199086337778654), ([[111, 875], [181, 875], [181, 919], [111, 919]], '응 }', 0.2564498484134674), ([[711, 889], [845, 889], [845, 933], [711, 933]], '변비약씨', 0.977774977684021)]
[([[482, 42], [560, 42], [560, 146], [482, 146]], '구', 0.4417007852977264), ([[693, 73], [763, 73], [763, 117], [693, 117]], '학교', 0.9999893790106953), ([[758, 226], [894, 226], [894, 274], [758, 274]], '그로부터', 0.8162218928337097), ([[773, 271], [883, 271], [883, 315], [773, 315]], '며칠 후', 0.9854602656655451), ([[68, 662], [246, 662], [246, 710], [68, 710]], '오늘 아침에', 0.6021064400935314), ([[653, 649], [723, 649], [723, 693], [653, 693]], '마실', 0.9997108005752987), ([[53, 706], [261, 706], [261, 751], [53, 751]], '마을기 때문에', 0.28061196546926964), ([[621, 687], [758, 687], [758, 737], [621, 737]], '타이망올', 0.6818205118179321), ([[87, 747], [223, 747], [223, 791], [87, 791]], '학교에서', 0.9985493091294393), ([[605, 729], [775, 729], [775, 777], [605, 777]], '착각햇어.', 0.5527510155696601), ([[84, 788], [230, 788], [230, 836], [84, 836]], '동올 싸야', 0.19441384438091963), ([[88, 833], [208, 833], [208, 877], [88, 877]], '한다니..', 0.6474639489509989)]
