2696094
10
[([[7, 7], [88, 7], [88, 38], [7, 38]], '(>서(?', 0.00034572218992395836), ([[277, 79], [355, 79], [355, 139], [277, 139]], '뒤들다', 0.025814001672722867), ([[81, 237], [149, 237], [149, 299], [81, 299]], '아', 0.9361197452941248), ([[1021, 1239], [1195, 1239], [1195, 1395], [1021, 1395]], "'래", 0.0012464359572186214), ([[15, 1321], [273, 1321], [273, 1509], [15, 1509]], '똑수', 0.023585948474118212), ([[216, 1848], [459, 1848], [459, 2030], [216, 2030]], '구잖', 0.005973151080572734), ([[624, 1872], [712, 1872], [712, 1948], [624, 1948]], '%', 0.1654626256124212), ([[322.87535491010607, 1606.0422203044109], [516.9854196342521, 1643.577082182637], [488.12464508989393, 1768.9577796955891], [293.01458036574786, 1730.422917817363]], '규거', 0.0042150189069900664)]
[([[7, 7], [88, 7], [88, 38], [7, 38]], '(>서(?', 0.0007758852538681808)]
[([[7, 7], [86, 7], [86, 38], [7, 38]], '@이서(?', 0.0003581366319347299), ([[33, 737], [219, 737], [219, 895], [33, 895]], '%%', 0.0017090910585600633), ([[32, 1576], [310, 1576], [310, 1800], [32, 1800]], '5해', 0.37319001273531904), ([[309, 1775], [469, 1775], [469, 1945], [309, 1945]], '꾸의', 0.09073412555949685), ([[674, 1886], [750, 1886], [750, 1940], [674, 1940]], '돈0', 0.14135468836065934), ([[833, 1881], [913, 1881], [913, 1949], [833, 1949]], '초', 0.161164358313429), ([[165.24861924323466, 400.03536397828736], [223.66003366684052, 387.1741269991805], [250.75138075676534, 521.9646360217126], [192.33996633315948, 534.8258730008196]], '양', 0.9674835397306794), ([[1035.2370141040878, 449.0487100118849], [1078.0055729636033, 438.0848649199811], [1101.7629858959122, 538.9512899881151], [1058.9944270363967, 549.9151350800189]], '옷', 0.2104754976074128), ([[1064.579976825705, 936.0777891139146], [1143.6333931982742, 879.0154394353764], [1253.420023174295, 1052.9222108860854], [1175.3666068017258, 1109.9845605646237]], '"', 0.37943499436267203), ([[1038.9102161379524, 1118.0247550349527], [1276.125725890789, 1188.70202958675], [1212.0897838620476, 1385.9752449650473], [974.874274109211, 1315.29797041325]], '묘', 0.07868227008184991), ([[220.01005050633884, 1446.0703535443718], [270.971805728084, 1427.067785806334], [304.9899494936612, 1529.9296464556282], [254.028194271916, 1547.932214193666]], '표', 0.006389417115413798)]
[([[7, 7], [88, 7], [88, 38], [7, 38]], '@>~(3', 0.0004324455207135425), ([[855, 321], [917, 321], [917, 393], [855, 393]], '앞', 0.055288708328122604), ([[1066, 270], [1162, 270], [1162, 406], [1066, 406]], '0', 0.997590802555365), ([[1066, 422], [1096, 422], [1096, 466], [1066, 466]], '1', 0.19507291590062792), ([[939.2557869192125, 1102.0131911217932], [1080.1037354955781, 1053.0290255840173], [1197.7442130807874, 1425.9868088782068], [1057.8962645044219, 1474.9709744159827]], '유', 0.5754968343566738), ([[58.740877291110735, 1393.025581361324], [232.60653749039125, 1260.0059342410075], [525.2591227088893, 1700.974418638676], [351.39346250960875, 1832.9940657589925]], '유', 0.11212788445016386), ([[144.3314002632334, 1766.0117674758287], [285.47530534446423, 1748.8060166157907], [319.66859973676657, 2087.988232524171], [178.52469465553577, 2104.1939833842093]], '통', 0.0413756824997622)]
[([[7, 7], [88, 7], [88, 38], [7, 38]], '@>~(?', 0.0001857873543027518), ([[241, 95], [285, 95], [285, 169], [241, 169]], '9', 0.1495960662903748), ([[855, 321], [917, 321], [917, 393], [855, 393]], '앞', 0.0391815618167044), ([[1066, 270], [1162, 270], [1162, 402], [1066, 402]], '0', 0.8620930952602066), ([[1066, 426], [1096, 426], [1096, 466], [1066, 466]], '1', 0.3073000440880982), ([[930, 1054], [986, 1054], [986, 1116], [930, 1116]], '6', 0.3205077462503745), ([[940.2557869192125, 1102.0131911217932], [1080.1037354955781, 1053.0290255840173], [1197.7442130807874, 1425.9868088782068], [1057.8962645044219, 1474.9709744159827]], '유', 0.6215625211568501), ([[58.7025138947854, 1403.0280709695426], [223.59630364043753, 1267.005926885993], [531.2974861052146, 1693.9719290304574], [367.4036963595625, 1829.994073114007]], '유', 0.04165975927321952), ([[143.329040661032, 1766.0118507072054], [283.26503635766977, 1748.7440587163408], [320.670959338968, 2086.9881492927943], [180.73496364233023, 2104.2559412836595]], '통', 0.100203120436678)]
[([[7, 7], [88, 7], [88, 38], [7, 38]], '@>~튜?', 0.00032332249350688463), ([[1003, 535], [1063, 535], [1063, 597], [1003, 597]], '물', 0.04658606161840684), ([[252, 626], [304, 626], [304, 700], [252, 700]], '발', 0.044171385387852036), ([[875, 1113], [959, 1113], [959, 1181], [875, 1181]], '%', 0.03763560906893204), ([[1149, 1461], [1217, 1461], [1217, 1533], [1149, 1533]], '릿달', 0.00822547544848258), ([[88, 1630], [268, 1630], [268, 1798], [88, 1798]], '연', 0.009581204399174093), ([[773, 1765], [863, 1765], [863, 1827], [773, 1827]], '926', 0.40254443405703944), ([[951, 1697], [1135, 1697], [1135, 1859], [951, 1859]], '촬', 0.10026722452327252), ([[1059, 1977], [1077, 1977], [1077, 1999], [1059, 1999]], '0', 0.7042785823198052), ([[61.88537292822765, 397.0893121550115], [107.63375022229764, 373.02874755472607], [156.11462707177233, 472.9106878449885], [111.36624977770236, 496.97125244527393]], '8', 0.18802522394928278), ([[1169.5214379667786, 534.0229548544986], [1206.6305193077917, 527.0399147787057], [1227.4785620332214, 647.9770451455014], [1190.3694806922083, 654.9600852212943]], '유', 0.1692663572163191), ([[1103.5936748921308, 1037.1245793959322], [1156.711455503796, 1009.0316983574843], [1203.4063251078692, 1108.8754206040678], [1151.288544496204, 1136.9683016425156]], '엉', 0.08585620279017636)]
[([[7, 7], [88, 7], [88, 38], [7, 38]], '(>서(?', 0.0007758852538681808)]
[([[7, 7], [88, 7], [88, 38], [7, 38]], '흡>서튜교', 0.0003155924856310268)]
[([[7, 7], [88, 7], [88, 38], [7, 38]], '(>~꺾3', 0.0002902283342743695), ([[980, 0], [1184, 0], [1184, 156], [980, 156]], '")', 0.04725579393721442)]
[([[7, 7], [88, 7], [88, 38], [7, 38]], '(>~튜?', 0.0005521052680289558)]
