2700307
24
[([[163, 331], [277, 331], [277, 393], [163, 393]], '정말로', 0.9982505440711975), ([[911, 311], [1145, 311], [1145, 377], [911, 377]], '일이판 테의', 0.12760759613149364), ([[131, 391], [309, 391], [309, 453], [131, 453]], '변태구나 ?', 0.49285976435213114), ([[931, 367], [1120, 367], [1120, 441], [931, 441]], '[더스장이블', 0.011587960612116338), ([[915, 433], [1141, 433], [1141, 497], [915, 497]], '1고심마과-', 0.1552807747730491)]
[([[925, 351], [1159, 351], [1159, 415], [925, 415]], '@령그런데로', 0.04819555303827697), ([[949, 409], [1133, 409], [1133, 475], [949, 475]], '더닮망이블', 0.027779596105402753), ([[969, 469], [1119, 469], [1119, 535], [969, 535]], "'효문문과", 0.032802186890647046), ([[342.0315649975117, 792.0588329795958], [400.0077802963508, 770.0637301662376], [440.9684350024883, 889.9411670204042], [381.9922197036492, 911.9362698337624]], '능', 0.12443807360695303), ([[257.1526193728227, 1079.0514788571463], [307.5718526761169, 1059.023397351374], [349.8473806271773, 1174.9485211428537], [300.4281473238831, 1194.976602648626]], '놈', 0.2163293118129026)]
[([[935, 325], [1151, 325], [1151, 389], [935, 389]], '@이녀적 ?', 0.17561947812005718), ([[926, 380], [1156, 380], [1156, 452], [926, 452]], '숨음물어넣제', 0.05093354592249802), ([[985, 445], [1103, 445], [1103, 505], [985, 505]], '마라$', 0.49175412735372254), ([[43, 887], [264, 887], [264, 951], [43, 951]], '@함고 심으면', 0.15589066699091148), ([[53, 949], [263, 949], [263, 1011], [53, 1011]], '빨리 해라다', 0.5539121745167968)]
[([[945, 249], [1121, 249], [1121, 315], [945, 315]], '왜그권', 0.03168488707181248), ([[973, 308], [1091, 308], [1091, 372], [973, 372]], '갑자기', 0.8751473920704248), ([[912, 366], [1156, 366], [1156, 442], [912, 442]], '달라붐제마라}', 0.0724563898411603), ([[189, 405], [281, 405], [281, 467], [189, 467]], '으웃', 0.7724624713596671), ([[688.5062392655402, 778.0135546328314], [750.683732627354, 764.0260092659792], [795.4937607344598, 977.9864453671686], [733.316267372646, 991.9739907340208]], '8', 0.015015983327982207)]
[([[953, 507], [1083, 507], [1083, 571], [953, 571]], '\'후유"', 0.03343445435166359), ([[95.33513884428113, 1053.1751525681213], [145.7178136391697, 1021.0322686052162], [198.66486115571888, 1115.8248474318787], [148.2821863608303, 1147.9677313947836]], '국', 0.01277510248873398), ([[547.086474619004, 1318.052329185335], [600.5357076128992, 1287.017956567803], [670.913525380996, 1420.947670814665], [617.4642923871008, 1451.982043432197]], '줄', 0.13712672133175374)]
[([[994.0136060761679, 381.08163645700716], [1086.5954085896446, 396.8340353846537], [1074.986393923832, 452.91836354299284], [982.4045914103555, 437.1659646153463]], '앗', 0.16852656213394912), ([[1082.2397140787302, 910.058141511747], [1120.4141600979735, 903.2041527112199], [1131.7602859212698, 984.941858488253], [1094.5858399020265, 990.7958472887801]], '#', 0.9681522440516801)]
[([[929, 408], [1118, 408], [1118, 480], [929, 480]], '정말이자', 0.4320337474346161), ([[913, 473], [1137, 473], [1137, 537], [913, 537]], '그렇계말아마', 0.05709811506485755), ([[950, 532], [1097, 532], [1097, 596], [950, 596]], "'아무것로", 0.2272221310887432), ([[913, 592], [1137, 592], [1137, 654], [913, 654]], '안 나온다고:', 0.22059399621249706)]
[([[998, 340], [1054, 340], [1054, 402], [998, 402]], '올', 0.1289811819316391), ([[941, 399], [1113, 399], [1113, 465], [941, 465]], '$잡자기', 0.07821393758058548), ([[925, 461], [1131, 461], [1131, 523], [925, 523]], '빨지마라-', 0.0922735522619551), ([[627.7437825857835, 1085.065934564943], [712.7870761331599, 1049.1338144758188], [769.2562174142165, 1203.934065435057], [684.2129238668401, 1238.8661855241812]], '꿀', 0.23868937978406635)]
[([[989, 517], [1157, 517], [1157, 585], [989, 585]], "'만족없나?", 0.6363469845180127), ([[618, 1211], [680, 1211], [680, 1392], [618, 1392]], '%', 0.5042985512224654)]
[([[1611, 635], [1984, 635], [1984, 743], [1611, 743]], '@권센이번이', 0.02537649850858125), ([[1630, 734], [1970, 734], [1970, 836], [1630, 836]], '마지막이니짜', 0.32007109193047056), ([[1695, 831], [1902, 831], [1902, 930], [1695, 930]], '말이매', 0.21147415960004315), ([[227, 2133], [472, 2133], [472, 2250], [227, 2250]], '이 다음', 0.9723478875437284), ([[202, 2259], [492, 2259], [492, 2376], [202, 2376]], '엄청나게', 0.9986458420753479), ([[199, 2384], [498, 2384], [498, 2507], [199, 2507]], '씩스해다', 0.09772138297557831)]
[([[320, 3], [461, 3], [461, 78], [320, 78]], '4껍장', 0.00523120622767235), ([[81, 817], [272, 817], [272, 886], [81, 886]], '네~폐리 장', 0.9013476099496995), ([[266, 664], [508, 664], [508, 906], [266, 906]], '8', 0.6829872720743566), ([[109, 881], [241, 881], [241, 943], [109, 943]], '찍월게-', 0.19031746685504913), ([[89, 943], [265, 943], [265, 1003], [89, 1003]], '이쪽 화취~', 0.21211661136413432)]
[([[929, 461], [1115, 461], [1115, 527], [929, 527]], '정말이자', 0.8721843361854553), ([[923, 521], [1127, 521], [1127, 585], [923, 585]], '이런데없마', 0.03461690928547271), ([[929, 583], [1121, 583], [1121, 645], [929, 645]], '중은 거나"', 0.5454000094562863)]
[([[552, 6], [786, 6], [786, 135], [552, 135]], '4떤고', 0.00139127803948166), ([[1633, 722], [1968, 722], [1968, 832], [1633, 832]], '그렵다음음', 0.17991283353152512), ([[1620, 828], [1989, 828], [1989, 936], [1620, 936]], '가슴 보여취', 0.10250505951558132), ([[264, 932], [552, 932], [552, 1036], [264, 1036]], '@이거면-', 0.5083991797353449), ([[296, 1036], [524, 1036], [524, 1141], [296, 1141]], '되직나?', 0.29288652539253235), ([[55, 1379], [326, 1379], [326, 1487], [55, 1487]], '역시 예뿐', 0.47351181019958216), ([[48, 1490], [338, 1490], [338, 1592], [48, 1592]], '가슴이네~', 0.9261910095448059)]
[([[320, 3], [461, 3], [461, 78], [320, 78]], '4껍장', 0.003251524668829239), ([[951, 423], [1129, 423], [1129, 487], [951, 487]], '어때? 역시', 0.5109922822142149), ([[961, 485], [1119, 485], [1119, 549], [961, 549]], "'빨리늄다", 0.5611647460628165), ([[169, 521], [335, 521], [335, 583], [169, 583]], '그그래:', 0.25783154368400574), ([[953, 543], [1129, 543], [1129, 609], [953, 609]], '기분 종지?', 0.7427522053582689), ([[71, 835], [225, 835], [225, 895], [71, 895]], '그럼 왼쪽', 0.9928895117430985), ([[89, 895], [205, 895], [205, 955], [89, 955]], '가슴도', 0.9939890717452141), ([[80, 958], [192, 958], [192, 1012], [80, 1012]], '꺼내쥐', 0.8804728429336647), ([[0, 1027], [79, 1027], [79, 1203], [0, 1203]], ')', 0.5033523802999049)]
[([[552, 6], [786, 6], [786, 135], [552, 135]], '4떤고', 0.001233303837544331), ([[1803, 369], [1949, 369], [1949, 471], [1803, 471]], '예쁨', 0.7273344461536132), ([[1730, 470], [2022, 470], [2022, 578], [1730, 578]], '유문문나 ', 0.08446378337388126), ([[338, 561], [685, 561], [685, 662], [338, 662]], '고고맙다  :', 0.4041493187113268), ([[1766, 578], [1986, 578], [1986, 686], [1766, 686]], '폐리명', 0.26408081548249446), ([[90, 1257], [362, 1257], [362, 1365], [90, 1365]], '그럼그쪽', 0.22699575126171112), ([[129, 1364], [325, 1364], [325, 1466], [129, 1466]], '가슴도', 0.9908560252208464), ([[86, 1472], [372, 1472], [372, 1573], [86, 1573]], '빨아줄게~', 0.9518163683102935), ([[55.06200550117089, 1844.0191347786867], [234.09666433802468, 1873.5714456756243], [186.9379944988291, 2134.9808652213133], [7.903335661975309, 2104.428554324376]], '1', 0.6961393088577097)]
[([[552, 6], [786, 6], [786, 133], [552, 133]], '4;,', 0.0004600528665700651), ([[376, 426], [613, 426], [613, 525], [376, 525]], '매그래:', 0.8319602012634277), ([[1687, 462], [1890, 462], [1890, 573], [1687, 573]], '모르움', 0.08903712517192212), ([[1633, 569], [1941, 569], [1941, 677], [1633, 677]], '남자들한켓', 0.10338978252186504), ([[1584, 675], [1989, 675], [1989, 783], [1584, 783]], '가슴 빨리늄거', 0.21757333153729705), ([[1633, 783], [1941, 783], [1941, 891], [1633, 891]], '기늄동야?', 0.15895247960266823), ([[230, 1101], [428, 1101], [428, 1202], [230, 1202]], '오늘은', 0.9439273049933463), ([[137, 1203], [526, 1203], [526, 1311], [137, 1311]], '시간많으니까', 0.07374455003334575), ([[139, 1307], [528, 1307], [528, 1419], [139, 1419]], '잔뜩 귀여워해', 0.9376713778469028), ([[271, 1420], [401, 1420], [401, 1517], [271, 1517]], '줄게', 0.9933313136045001), ([[103, 1894], [283, 1894], [283, 2002], [103, 2002]], '짧잘', 0.0728258048030285), ([[39, 1994], [352, 1994], [352, 2110], [39, 2110]], '객탁하마:', 0.031554495254800884)]
[([[320, 3], [461, 3], [461, 78], [320, 78]], '4껍장', 0.003481981219735478), ([[902, 300], [1123, 300], [1123, 368], [902, 368]], '침투성이가된', 0.5786109678880041), ([[934, 360], [1093, 360], [1093, 427], [934, 427]], '폐리장의', 0.5138185620307922), ([[903, 421], [1123, 421], [1123, 485], [903, 485]], '가슴 중음컵', 0.26587716494139635), ([[235, 509], [387, 509], [387, 569], [235, 569]], '일단 너희', 0.7098620800750213), ([[241, 569], [387, 569], [387, 629], [241, 629]], '단장한계', 0.340952068567276), ([[203, 625], [423, 625], [423, 687], [203, 687]], '사진 보내물게', 0.6177459497069235), ([[79, 859], [233, 859], [233, 919], [79, 919]], '송신 완료', 0.538598494123832), ([[75, 919], [262, 919], [262, 979], [75, 979]], '그럼 침대로', 0.9785391270690978), ([[107, 979], [223, 979], [223, 1039], [107, 1039]], '가볼까', 0.4425340610233253), ([[11, 1286], [128, 1286], [128, 1346], [11, 1346]], '@그래', 0.9717008009343291), ([[268.7440449325587, 690.049370643496], [390.98854003114616, 668.6069354120442], [415.2559550674413, 848.950629356504], [293.01145996885384, 870.3930645879558]], '${', 0.07340636424844629)]
[([[1028, 314], [1080, 314], [1080, 374], [1028, 374]], '오', 0.25580669724675786), ([[1076, 338], [1130, 338], [1130, 364], [1076, 364]], '000', 0.5204846758391954)]
[([[933, 333], [1115, 333], [1115, 399], [933, 399]], '뒷 마슴올', 0.01388342673826036), ([[89, 395], [291, 395], [291, 459], [89, 459]], '어절순 없분', 0.46993103108148954), ([[917, 395], [1129, 395], [1129, 459], [917, 459]], '보여달라과노', 0.026172218957300996), ([[83, 453], [267, 453], [267, 519], [83, 519]], '녀석이구나:', 0.5220379239381809), ([[117, 517], [231, 517], [231, 579], [117, 579]], '정말로-', 0.9760727882385254), ([[220, 532], [260, 532], [260, 558], [220, 558]], '6', 0.286319744701359), ([[259, 659], [519, 659], [519, 923], [259, 923]], '9', 0.22615587699361672)]
[([[957, 283], [1097, 283], [1097, 345], [957, 345]], '약자', 0.022151224601378597), ([[969, 345], [1085, 345], [1085, 407], [969, 407]], '이겁로', 0.11788346340979866), ([[939, 405], [1117, 405], [1117, 467], [939, 467]], '된터나 @', 0.045151133776269906)]
[([[951, 405], [1133, 405], [1133, 467], [951, 467]], '@기런데로', 0.049652505197344814), ([[951, 461], [1133, 461], [1133, 529], [951, 529]], '권행장이틀', 0.0046745212929669615), ([[955, 523], [1135, 523], [1135, 587], [955, 587]], '\'하는교과"', 0.026997635455064124), ([[284, 710], [456, 710], [456, 888], [284, 888]], '섬', 0.34311526331280007), ([[260.7253751787238, 1106.1170259651087], [302.6116862340039, 1076.0267769323555], [366.2746248212762, 1173.8829740348913], [324.3883137659961, 1203.9732230676445]], '심', 0.12291896282129589)]
[([[444, 886], [544, 886], [544, 1014], [444, 1014]], '구', 0.24293126891058137), ([[310.9531521548196, 1268.054945470786], [379.59773172779035, 1232.0178801459012], [451.0468478451804, 1382.945054529214], [382.40226827220965, 1418.9821198540988]], '표', 0.18381514652810438)]
[([[1023, 389], [1091, 389], [1091, 449], [1023, 449]], '댐?', 0.07051488758938047), ([[925, 445], [1191, 445], [1191, 513], [925, 513]], '다른-안쪽마슴로', 0.0540767668745618), ([[939, 509], [1181, 509], [1181, 571], [939, 571]], '보여달라고하', 0.08929179033520959)]
[([[945, 323], [1129, 323], [1129, 389], [945, 389]], '정말이지', 0.420449823141098), ([[937, 381], [1139, 381], [1139, 447], [937, 447]], '어집수 없', 0.325051413167894), ([[180, 438], [260, 438], [260, 494], [180, 494]], '이번', 0.8994238741948982), ([[931, 443], [1145, 443], [1145, 509], [931, 509]], '녀적이문과', 0.530760829864224), ([[105, 495], [339, 495], [339, 557], [105, 557]], '한번뽑이니까!', 0.41365377799020037)]
