2706169
32
[([[284, 93], [770, 93], [770, 214], [284, 214]], '오늘은 어떤', 0.9977836247903518), ([[104, 205], [955, 205], [955, 331], [104, 331]], '의외들이 있냐 볼까 .', 0.34845561986651563), ([[688, 1943], [1148, 1943], [1148, 2070], [688, 2070]], '어디 어디~', 0.9453081694639119)]
[([[560, 960], [682, 960], [682, 1046], [560, 1046]], '아?', 0.9998696001410434)]
[([[90, 69], [1717, 69], [1717, 217], [90, 217]], '발정난 암컷마냥 시끄럽게 울어대기분.', 0.4244575448180044), ([[416, 191], [1352, 191], [1352, 323], [416, 323]], '거기 환머리로 한피나?', 0.12884284732826984), ([[67, 661], [107, 661], [107, 688], [67, 688]], '1', 0.10724936951704933), ([[714, 1094], [793, 1094], [793, 1180], [714, 1180]], '엇', 0.9954858816798975), ([[734, 1429], [997, 1429], [997, 1522], [734, 1522]], '아뇨..?', 0.4254694953193011), ([[1550, 2380], [1694, 2380], [1694, 2497], [1550, 2497]], '들서', 0.1677072355587176), ([[854.63283961763, 1804.217333935202], [1012.8236474173214, 1768.4531027943735], [1031.36716038237, 1883.782666064798], [873.1763525826786, 1919.5468972056265]], '틀썩_', 0.29645529049115643), ([[253.4708377514312, 1928.130858958301], [304.6234983881048, 1885.021623211291], [394.5291622485688, 2003.869141041699], [343.3765016118952, 2046.978376788709]], '9', 0.010486736055427548)]
[]
[([[97, 60], [554, 60], [554, 197], [97, 197]], '웃료내', 0.021031343031380934), ([[1453, 459], [1696, 459], [1696, 684], [1453, 684]], '@', 0.10454836932263234), ([[777, 759], [912, 759], [912, 840], [777, 840]], '아분', 0.5686526940382155), ([[1521, 786], [1657, 786], [1657, 867], [1521, 867]], '구엌', 0.706443949955333), ([[957, 818], [1139, 818], [1139, 946], [957, 946]], '국초', 0.3794160590587806), ([[1174, 1581], [1485, 1581], [1485, 1782], [1174, 1782]], '먹쥐', 0.07597273911582479), ([[538, 1670], [816, 1670], [816, 1870], [538, 1870]], '밖체', 0.25868816701995806), ([[401, 2566], [1373, 2566], [1373, 2694], [401, 2694]], '이렇계 테여운 여자얘가', 0.18490425266536312), ([[26, 2675], [1659, 2675], [1659, 2816], [26, 2816]], '지원해줄거라고습 생각 못 햇습데 말야~=', 0.33951296502046485), ([[495.2674871273815, 1137.1003892954811], [680.8838697514026, 1123.8472059057522], [681.7325128726185, 1252.8996107045189], [496.11613024859747, 1266.1527940942478]], '유친', 0.14309188528854042)]
[([[39, 91], [1393, 91], [1393, 219], [39, 219]], '한명이라도 제대로 임신하면 바로', 0.9831197704602723), ([[187, 205], [1223, 205], [1223, 339], [187, 339]], '보내출테니까 안심하라구', 0.8206268939185534), ([[400, 753], [760, 753], [760, 846], [400, 846]], '나우웨에에', 0.35644911009010316), ([[660, 1052], [815, 1052], [815, 1180], [660, 1180]], '진', 0.27129348016400456), ([[387, 1148], [541, 1148], [541, 1198], [387, 1198]], '~1,', 0.06990828893074649), ([[742, 1174], [839, 1174], [839, 1264], [742, 1264]], '드', 0.841610406620763), ([[988, 1828], [1085, 1828], [1085, 1967], [988, 1967]], '흙', 0.028662451274536815), ([[96, 2089], [138, 2089], [138, 2127], [96, 2127]], '0', 0.9388674010372142), ([[223, 2531], [1700, 2531], [1700, 2670], [223, 2670]], '아저씨 약속은 지키늄 훌가이니간', 0.2031098058901963)]
[([[430, 428], [1348, 428], [1348, 602], [430, 602]], '미륙켓사} 엘치와', 0.005619362010639972), ([[446, 580], [1321, 580], [1321, 761], [446, 761]], '실용훨즈 _ 같이', 0.004655229745743256), ([[654, 739], [1130, 739], [1130, 914], [654, 914]], '씩없다', 0.0582252361539315), ([[349, 1041], [1432, 1041], [1432, 1224], [349, 1224]], '내륙 기물움 옷야', 0.0352308146188968), ([[283, 1203], [1486, 1203], [1486, 1379], [283, 1379]], '왕울 =-움 듭방지만', 0.002292938911865694), ([[283, 1360], [1487, 1360], [1487, 1533], [283, 1533]], '몸내 @무렉 콤렉로', 0.06070870982123299), ([[445, 1514], [1328, 1514], [1328, 1690], [445, 1690]], '탓율 습 없없다', 0.04466433655927295), ([[377, 1821], [1416, 1821], [1416, 2004], [377, 2004]], '속씌움 또기해-훨', 0.006150114008420933), ([[393, 1981], [1382, 1981], [1382, 2153], [393, 2153]], '어블 주 입중@로', 0.01284181218179601), ([[467, 2137], [1305, 2137], [1305, 2311], [467, 2311]], '립지류과} 하내', 0.05727980824540539), ([[505, 2290], [1274, 2290], [1274, 2472], [505, 2472]], '매송렉꽂취6어', 0.006638778762115283)]
[([[185, 68], [560, 68], [560, 221], [185, 221]], '우대:?', 0.12843267619609833), ([[1174, 146], [1329, 146], [1329, 261], [1174, 261]], '응 ', 0.7816911780976668), ([[1361, 135], [1518, 135], [1518, 252], [1361, 252]], '가', 0.9989271658731838), ([[18, 207], [724, 207], [724, 370], [18, 370]], '개심동꾸린내', 0.16892348465062396), ([[100, 829], [336, 829], [336, 979], [100, 979]], '달령', 0.004745706851727349), ([[807, 2488], [1579, 2488], [1579, 2689], [807, 2689]], '뒤야이거.?', 0.026515649990468536), ([[289, 2803], [356, 2803], [356, 2880], [289, 2880]], '0', 0.9944072699682671), ([[1325.2712724898715, 1867.0126477082986], [1638.9188751805773, 2046.1559118298114], [1547.7287275101285, 2196.9873522917014], [1234.0811248194227, 2017.8440881701886]], '화사~?', 0.022898312658071518), ([[133.33041051999302, 2695.0450378479486], [172.47404546314, 2679.0225226370303], [208.66958948000698, 2778.9549621520514], [169.52595453686, 2793.9774773629697]], '"', 0.7160682418511364)]
[]
[([[925, 463], [1572, 463], [1572, 782], [925, 782]], '1):올', 0.018682746216654778), ([[924, 759], [1581, 759], [1581, 1066], [924, 1066]], '[장-', 0.1887962446569336), ([[969, 1104], [1512, 1104], [1512, 1143], [969, 1143]], '4-제-0신-후-제어신-4-비-어신-후-제어0]', 6.336538137885594e-06), ([[968, 1130], [1510, 1130], [1510, 1170], [968, 1170]], '물어넉`대<$옷어(`걸_<?어(`어_$?어하저다[', 2.1075671532028141e-10), ([[1000, 1214], [1526, 1214], [1526, 1254], [1000, 1254]], '기3어신-~-토어어신-]제초-신-4-제어0신', 2.5580778716086334e-07), ([[996, 1241], [1526, 1241], [1526, 1278], [996, 1278]], '교기-`저디?어(저후?교기(걸("어(`저후?', 1.5294631927671083e-09), ([[964, 1326], [1346, 1326], [1346, 1395], [964, 1395]], '종_세`비 `(7나댁|터;=', 7.73734908727508e-09), ([[1329, 1327], [1512, 1327], [1512, 1395], [1329, 1395]], '5띄오`흐닭비', 8.351935635172391e-07), ([[971, 1446], [1317, 1446], [1317, 1483], [971, 1483]], '진-300-4-사어>신-', 0.00026596391195548815), ([[969, 1470], [1321, 1470], [1321, 1510], [969, 1510]], '오형3`대데??어(`대<강어(', 1.0149626954603994e-07), ([[165, 1676], [1630, 1676], [1630, 2364], [165, 2364]], '(', 0.00911297530672428)]
[([[0, 0], [359, 0], [359, 165], [0, 165]], '버기다', 0.03876017406582832), ([[759, 0], [998, 0], [998, 95], [759, 95]], '하기', 0.0380223012486856), ([[1388, 0], [1691, 0], [1691, 150], [1388, 150]], '버기', 0.0029090278690124347), ([[1454, 890], [1578, 890], [1578, 1072], [1454, 1072]], '덜', 0.26888233553714613), ([[709, 1204], [809, 1204], [809, 1261], [709, 1261]], '몹시', 0.03152626248895721), ([[842, 1457], [970, 1457], [970, 1636], [842, 1636]], '덜_', 0.7869198399886158)]
[([[21, 145], [1438, 145], [1438, 266], [21, 266]], '일, 십, 백 보수가 7000만 주얼? !', 0.820827900587765), ([[924, 464], [1572, 464], [1572, 779], [924, 779]], '1-:돕', 0.01770009845495224), ([[925, 759], [1581, 759], [1581, 1067], [925, 1067]], '[장-', 0.21270960780924766), ([[969, 1104], [1512, 1104], [1512, 1143], [969, 1143]], '4-제30신-후-제3어신-4-비-어신-4-제300]', 4.398513810407609e-06), ([[968, 1129], [1510, 1129], [1510, 1171], [968, 1171]], '물어(출[형치|속진형른죄포더--사다칭', 3.4372585003227056e-09), ([[919, 1288], [1763, 1288], [1763, 1415], [919, 1415]], '대체 무슨 의회길래..', 0.523353423635223), ([[258.86659626068473, 1615.008799188096], [1674.535150590891, 1805.1906265090956], [1553.1334037393153, 2404.991200811904], [138.46484940910904, 2214.8093734909044]], '73]', 0.022722026493071004)]
[([[821, 1098], [1048, 1098], [1048, 1261], [821, 1261]], '@ ', 0.07902139273964659), ([[111, 1277], [237, 1277], [237, 1445], [111, 1445]], '_', 0.022147706675955448), ([[871, 1793], [1126, 1793], [1126, 1950], [871, 1950]], '빵', 0.996332557061411)]
[([[1390, 454], [1665, 454], [1665, 606], [1390, 606]], '모락', 0.6637110324293216), ([[663, 1203], [812, 1203], [812, 1267], [663, 1267]], '농자시', 0.0008947709686583556), ([[782.3703565712347, 510.07392228358134], [1000.026630006572, 495.7193240158786], [1001.6296434287653, 655.9260777164187], [782.973369993428, 670.2806759841214]], '외', 0.04429227936633162)]
[([[1557, 738], [1714, 738], [1714, 1030], [1557, 1030]], '"', 0.11364052849957318), ([[234.0, 1596.0], [521.1933415680505, 1394.784830539636], [663.0, 1596.0], [375.8066584319495, 1797.215169460364]], '7', 0.09507473986105097)]
[([[1209.5343669263336, 1069.0155038950038], [1411.7836802174606, 1177.2732450355554], [1380.4656330736664, 1232.9844961049962], [1178.2163197825394, 1124.7267549644446]], '스<', 0.12081057963863359)]
[([[353, 457], [425, 457], [425, 481], [353, 481]], '쩌고;', 0.0018065490603708593), ([[685, 2274], [1107, 2274], [1107, 2421], [685, 2421]], '자-서', 0.0005503759038752503), ([[700, 2393], [1103, 2393], [1103, 2561], [700, 2561]], '[-:4-', 0.0036426734848450117), ([[801, 2580], [837, 2580], [837, 2589], [801, 2589]], '덜', 0.0014259225905313144), ([[828, 2592], [855, 2592], [855, 2601], [828, 2601]], '-', 0.01126797778617239), ([[445, 2747], [956, 2747], [956, 2880], [445, 2880]], '이갈좁득', 0.00021500405273400247), ([[753.3917712629842, 2525.0465132093977], [1065.9998139106926, 2562.9614165860703], [1059.6082287370157, 2597.9534867906023], [747.0001860893075, 2560.0385834139297]], "'7모],{-3]{9름,,름3관", 1.0966389348169895e-06), ([[838.0513167019495, 2660.1539501058483], [915.9503595657673, 2670.4565127115693], [910.9486832980505, 2695.8460498941517], [834.0496404342327, 2685.5434872884307]], '유붙세: }', 0.0008375053915577717)]
[([[353, 454], [425, 454], [425, 481], [353, 481]], '"화과', 0.001369272257672987), ([[1431, 828], [1788, 828], [1788, 1410], [1431, 1410]], '콩', 0.3873709839866848), ([[99, 1431], [540, 1431], [540, 1977], [99, 1977]], '량', 0.019739687274294093), ([[843.444343179579, 1858.017796947605], [1329.439955975223, 1732.3507483841327], [1466.5556568204208, 2430.982203052395], [981.560044024777, 2556.6492516158673]], '칼', 0.02838783317244875)]
[]
[([[67, 661], [107, 661], [107, 688], [67, 688]], '1', 0.126173280473588), ([[1550, 2382], [1694, 2382], [1694, 2497], [1550, 2497]], '들', 0.9741702716650344), ([[355.28204184138224, 453.1333087875939], [425.97124450962656, 461.6620723697783], [422.71795815861776, 482.8666912124061], [352.02875549037344, 474.3379276302217]], '*', 0.03402844343988054), ([[853.4504902432036, 1805.252451216018], [1011.7124421289917, 1766.3515103695463], [1031.5495097567964, 1880.747548783982], [873.2875578710083, 1919.6484896304537]], '틀썩', 0.4284879168392448), ([[253.4708377514312, 1928.130858958301], [304.6234983881048, 1885.021623211291], [394.5291622485688, 2003.869141041699], [343.3765016118952, 2046.978376788709]], '9', 0.013343555402202334)]
[]
[([[1451, 459], [1694, 459], [1694, 681], [1451, 681]], '@', 0.2493343022345016), ([[955, 818], [1139, 818], [1139, 946], [955, 946]], '국초', 0.22140375176843327), ([[1174, 1581], [1483, 1581], [1483, 1782], [1174, 1782]], '무쥐', 0.10233807940843397), ([[535, 1666], [818, 1666], [818, 1871], [535, 1871]], '몸체', 0.16337222230980802), ([[495.2674871273815, 1137.1003892954811], [679.8562257826287, 1123.8114250184628], [681.7325128726185, 1252.8996107045189], [496.14377421737134, 1266.1885749815372]], '구친', 0.07043605772120218)]
[([[1429, 0], [1682, 0], [1682, 125], [1429, 125]], '미터', 0.22453897181532173), ([[210, 129], [329, 129], [329, 228], [210, 228]], '보', 0.9999986886982448), ([[383, 120], [1076, 120], [1076, 244], [383, 244]], "'보지가 달려오는", 0.4145418406451123), ([[55, 230], [1227, 230], [1227, 359], [55, 359]], "여자아이블 구하고 있습니다'", 0.5866206544089476), ([[1454, 887], [1578, 887], [1578, 1072], [1454, 1072]], '덜', 0.1082847124320887), ([[671, 1204], [809, 1204], [809, 1261], [671, 1261]], '스시', 0.14237642426786357), ([[842, 1457], [970, 1457], [970, 1636], [842, 1636]], '덜_', 0.6055635135001909), ([[190, 2210], [1568, 2210], [1568, 2344], [190, 2344]], "'아이틀 임신하여 한명만 출산하면", 0.6812555577902364), ([[328, 2323], [1431, 2323], [1431, 2456], [328, 2456]], "되는 간단한 임무입니다' .?", 0.6766743018957185)]
[([[662, 1054], [802, 1054], [802, 1180], [662, 1180]], '진', 0.3911785505897889), ([[387, 1148], [541, 1148], [541, 1196], [387, 1196]], '|', 0.08095783753295027), ([[742, 1174], [839, 1174], [839, 1264], [742, 1264]], '드', 0.7306953458340537), ([[989, 1829], [1082, 1829], [1082, 1966], [989, 1966]], '욕', 0.029600899716362372), ([[98, 2089], [138, 2089], [138, 2127], [98, 2127]], '0', 0.9243528277625614), ([[545, 2441], [593, 2441], [593, 2510], [545, 2510]], '9', 0.9188882190876626), ([[557, 2528], [599, 2528], [599, 2592], [557, 2592]], '0', 0.9492085098828653)]
[]
[([[102, 829], [336, 829], [336, 979], [102, 979]], '달푹', 0.003243928502933751), ([[144, 2687], [199, 2687], [199, 2785], [144, 2785]], '"', 0.6099223913952336), ([[289, 2805], [356, 2805], [356, 2880], [289, 2880]], '0', 0.994271875417553), ([[582.1618094688171, 876.1546758660209], [655.2759990031261, 837.0742585357322], [709.8381905311829, 956.8453241339791], [636.7240009968739, 995.9257414642678]], '논', 0.00804209636334563), ([[1329.315469793591, 1867.0117179728593], [1636.8652627817448, 2051.6823860087966], [1544.684530206409, 2198.9882820271405], [1237.1347372182552, 2014.3176139912036]], '수사?', 0.035179612402502676)]
[([[43, 61], [1269, 61], [1269, 198], [43, 198]], "'푸회헤! 요즘 조금 살살햇터니", 0.14879504047777276), ([[72, 177], [1212, 177], [1212, 314], [72, 314]], '다시 만식으로 뒷올렉구만]따', 0.11141006202099264), ([[845, 368], [1558, 368], [1558, 496], [845, 496]], '"견렬하게 다람서', 0.12066998103250177), ([[704, 472], [1704, 472], [1704, 617], [704, 617]], '또한 번 낙태시켜주지@ ', 0.35168674370713693), ([[824, 1098], [1050, 1098], [1050, 1261], [824, 1261]], '빵0', 0.09343386584844314), ([[107, 1272], [255, 1272], [255, 1447], [107, 1447]], '자다', 0.00041541578549420715), ([[873, 1793], [1124, 1793], [1124, 1950], [873, 1950]], '빵,', 0.23686495632969823), ([[67, 2423], [1720, 2423], [1720, 2564], [67, 2564]], '떠너희가 집에 돌아깥 일음 없올 거다흰"', 0.07220337242067207)]
[([[119, 447], [371, 447], [371, 558], [119, 558]], '흐응~', 0.9638290359383712), ([[1389, 454], [1666, 454], [1666, 606], [1389, 606]], '모락', 0.8519927749603765), ([[664, 1204], [809, 1204], [809, 1261], [664, 1261]], '농스시', 0.06587378591065728), ([[480, 1427], [1353, 1427], [1353, 1553], [480, 1553]], '고작 애하나 낳아주면', 0.9394264764097647), ([[503, 2378], [1752, 2378], [1752, 2504], [503, 2504]], '평생 놀고먹올 돈올 준단 말야?', 0.7704849517167559), ([[781.3404322099068, 511.0766678669929], [998.9973404849463, 495.6830013100433], [1000.6595677900932, 654.9233321330071], [783.0026595150537, 670.3169986899567]], '외', 0.012580575296029795)]
[([[55, 109], [1285, 109], [1285, 277], [55, 277]], '이런 쓰레기들이 ! ! !', 0.6770998064187917), ([[148, 274], [1190, 274], [1190, 443], [148, 443]], '전부  척걸이다! !', 0.33155742945196043), ([[0, 748], [61, 748], [61, 949], [0, 949]], '0', 0.005805560188779424), ([[1560, 746], [1713, 746], [1713, 1029], [1560, 1029]], '"', 0.42950834860358), ([[292, 1435], [737, 1435], [737, 1784], [292, 1784]], '기4', 0.02714334454865349)]
[([[125, 186], [1328, 186], [1328, 310], [125, 310]], '의회서에 적히 곳으로 이동 중_', 0.462128208609035), ([[800, 647], [889, 647], [889, 754], [800, 754]], '1', 0.03656257542005292), ([[1210.5404670981889, 1068.0150998924714], [1410.7817918103199, 1177.2658431900552], [1379.4595329018111, 1233.9849001075286], [1178.2182081896801, 1124.7341568099448]], '~스', 0.06527345671080442)]
[([[48, 70], [1739, 70], [1739, 211], [48, 211]], '어이 쓰레기자식 들! ! 대체 여자들올', 0.8907445990977262), ([[119, 200], [1707, 200], [1707, 341], [119, 341]], '구습려서 무슨 짓율 하려분거나! !', 0.34830123679559577), ([[125, 1672], [819, 1672], [819, 1761], [125, 1761]], '없는 척 해도 소용 없어~', 0.8997097635093204), ([[0, 1751], [945, 1751], [945, 1844], [0, 1844]], '아까 안에서 인기척 다 들려다구~', 0.7972056067784316), ([[685, 2274], [1107, 2274], [1107, 2424], [685, 2424]], '교-돕', 0.0033916925862736095), ([[700, 2393], [1103, 2393], [1103, 2561], [700, 2561]], '[-:4-', 0.004773966465970894), ([[801, 2580], [828, 2580], [828, 2589], [801, 2589]], '카6', 0.001990372957261943), ([[844, 2663], [888, 2663], [888, 2681], [844, 2681]], "'?", 0.29605489793902323), ([[445, 2749], [956, 2749], [956, 2880], [445, 2880]], '7이0/주', 0.00040883642352195686), ([[753.3917712629842, 2525.0465132093977], [1065.9998139106926, 2562.9614165860703], [1059.6082287370157, 2597.9534867906023], [747.0001860893075, 2560.0385834139297]], "'73],{-]염93,름38", 5.466395002086348e-06), ([[838.5527864045, 2670.105572809], [910.9984603532054, 2678.9445299803774], [908.4472135955, 2691.894427191], [837.0015396467946, 2683.0554700196226]], ']갈무', 0.0005198480326341312)]
[([[268, 47], [1475, 47], [1475, 188], [268, 188]], '이런 공연음관성 의회논', 0.5960761371319284), ([[39, 181], [1704, 181], [1704, 329], [39, 329]], '즉결 처형이다! ! 어서 튀어나차! !', 0.24571264763789996), ([[1436, 830], [1788, 830], [1788, 1405], [1436, 1405]], '콩', 0.3875789800077065), ([[103, 1433], [542, 1433], [542, 1977], [103, 1977]], '량', 0.014850042395327334), ([[853, 1818], [1441, 1818], [1441, 2488], [853, 2488]], '탑', 0.472454003277619), ([[392, 2599], [1065, 2599], [1065, 2701], [392, 2701]], '어이 어이~ 겁먹어서', 0.6539030091557855), ([[97, 2689], [1349, 2689], [1349, 2791], [97, 2791]], '오줌이라도 지리고 있는 거 아냐~? = 크', 0.21896574604224917)]
