2708548
16
[([[189, 61], [439, 61], [439, 147], [189, 147]], '남자 필때', 0.30668219035298877), ([[405, 663], [496, 663], [496, 726], [405, 726]], '라면', 0.9997211678374598)]
[([[66, 318], [138, 318], [138, 402], [66, 402]], ',', 0.46999879003175593), ([[176, 1038], [468, 1038], [468, 1118], [176, 1118]], '00아 꽤양아가', 0.1545892906804588), ([[296, 1114], [498, 1114], [498, 1190], [296, 1190]], '만보이네?', 0.21180346315554885)]
[]
[([[104, 1326], [613, 1326], [613, 1428], [104, 1428]], '구 다교 야용하면끝', 0.2608312954616641)]
[([[8, 514], [172, 514], [172, 660], [8, 660]], '하영', 0.11864038849585663), ([[0, 1490], [206, 1490], [206, 1640], [0, 1640]], '떼', 0.0888036494458797), ([[52, 1664], [128, 1664], [128, 1736], [52, 1736]], '0', 0.04885547815814939), ([[22, 1722], [56, 1722], [56, 1752], [22, 1752]], '5', 0.6905928494921341), ([[224.8085922709027, 1556.0273115056787], [460.2215652443156, 1603.5017764838249], [409.1914077290973, 1825.9726884943213], [173.7784347556844, 1777.4982235161751]], '물기', 0.004491639271464691), ([[425.7832924383398, 1865.0308610352938], [648.120585119669, 1901.91710833026], [607.2167075616602, 2109.9691389647064], [384.87941488033096, 2073.08289166974]], '퍽!', 0.46118046864875806)]
[([[387, 23], [473, 23], [473, 115], [387, 115]], '#들', 0.9564086037510274), ([[72, 130], [154, 130], [154, 206], [72, 206]], '쁨', 0.020095654419854947), ([[103.48714644483792, 255.4665807565786], [188.8741918464102, 236.9758330198541], [198.51285355516208, 294.5334192434214], [114.1258081535898, 314.0241669801459]], '바뜨', 0.2203831940565636), ([[-8.182820625326997, 866.268717498692], [100.4375253890804, 845.7104637003238], [110.182820625327, 923.731282501308], [0.5624746109196002, 943.2895362996762]], '혜옛', 0.1335291329478536)]
[([[263, 61], [517, 61], [517, 151], [263, 151]], '이제 주_먹자', 0.2046542541935707)]
[([[30, 222], [134, 222], [134, 326], [30, 326]], '#급', 0.05477636832062503), ([[502, 878], [663, 878], [663, 952], [502, 952]], '마이어요:', 0.5187139758971228), ([[20.874170797587656, 68.56026115348666], [190.23022298059064, 32.640534014387356], [202.12582920241235, 112.43973884651334], [32.769777019409354, 149.35946598561264]], "'맛있버?", 0.41140912714392447)]
[([[50, 32], [255, 32], [255, 121], [50, 121]], '먹고래?', 0.6086660623550415), ([[190, 1801], [415, 1801], [415, 1889], [190, 1889]], '라고하켓데', 0.1970342429076259)]
[([[28, 100], [254, 100], [254, 178], [28, 178]], "씨강해!영희'", 0.07566479431455912), ([[182, 546], [308, 546], [308, 620], [182, 620]], '나두요', 0.8192576655503484), ([[240, 607], [410, 607], [410, 679], [240, 679]], "'철수씨-!", 0.35592249358732597), ([[99, 805], [566, 805], [566, 903], [99, 903]], '이건고자런전 와아 나온', 0.018300703528775244), ([[265, 902], [436, 902], [436, 981], [265, 981]], '끄전이고', 0.2978322505950928)]
[([[209, 49], [469, 49], [469, 137], [209, 137]], '요새먹히논건', 0.17134350273799154), ([[31, 457], [242, 457], [242, 544], [31, 544]], '아구이버 _', 0.283028862673372), ([[35, 539], [111, 539], [111, 599], [35, 599]], '요구', 0.45165149747732825), ([[109.21854690504249, 532.2304782391615], [254.21284549641044, 520.7750114980465], [255.7814530949575, 583.7695217608385], [110.78715450358955, 595.2249885019535]], '꼬어-', 0.09509193412361068)]
[([[43, 175], [137, 175], [137, 237], [43, 237]], '고양히', 0.9863724576348415), ([[22, 225], [231, 225], [231, 305], [22, 305]], '좋아하나보?', 0.17494401903929802), ([[210, 649], [405, 649], [405, 734], [210, 734]], "'오집되이", 0.025114831301079544), ([[236, 718], [412, 718], [412, 792], [236, 792]], '보저갈래?', 0.4738041843080194), ([[124, 835], [622, 835], [622, 933], [124, 933]], '펴비 보래? <|', 0.0485218881828876)]
[([[97, 93], [258, 93], [258, 162], [97, 162]], "와'잔까?", 0.13067076505616732), ([[99, 153], [252, 153], [252, 219], [99, 219]], '가도래?', 0.42391514778137207), ([[242, 452], [288, 452], [288, 480], [242, 480]], '77', 0.13770380742124794), ([[184, 668], [450, 668], [450, 766], [184, 766]], '고양이 월로', 0.22631743803221482)]
[([[213, 753], [327, 753], [327, 821], [213, 821]], '고양아', 0.7173441387193699), ([[185, 1614], [541, 1614], [541, 1725], [185, 1725]], '집어데고오', 0.24897546418853864)]
[([[113, 603], [233, 603], [233, 689], [113, 689]], '고아', 0.09028405682276693), ([[369.9234480567936, 165.0646188713867], [519.5778530467353, 189.2759520729962], [504.0765519432064, 265.9353811286133], [354.4221469532647, 241.7240479270038]], '고양아?', 0.9946061372756958)]
[([[448, 58], [560, 58], [560, 112], [448, 112]], '오지게', 0.4275227056039227), ([[202, 108], [234, 108], [234, 146], [202, 146]], '4', 0.4762001878511377), ([[458, 116], [646, 116], [646, 194], [458, 194]], '잘숨교에?', 0.05385053200186764), ([[107, 646], [596, 646], [596, 731], [107, 731]], '남자가 광이 어도버? 점', 0.07776563660935235)]
