2708546
71
[([[41, 101], [155, 101], [155, 165], [41, 165]], '애들아', 0.7912863652867801), ([[48, 152], [172, 152], [172, 232], [48, 232]], '조촬', 0.06038160317051974), ([[538, 358], [646, 358], [646, 408], [538, 408]], '(어요', 0.5439807773891089), ([[26, 706], [98, 706], [98, 762], [26, 762]], '때', 0.6255360912493337), ([[253, 1325], [377, 1325], [377, 1387], [253, 1387]], "'네다음", 0.7766981720924377), ([[247, 1387], [365, 1387], [365, 1473], [247, 1473]], '#무중', 0.3032052294577107), ([[570.1579833204635, 302.2897482934367], [677.1449575542753, 291.91302546743486], [679.8420166795365, 344.7102517065633], [571.8550424457247, 355.08697453256514]], '폐시가', 0.6699585202166682), ([[181.7426694080676, 1160.3250759874297], [356.1095605130614, 1140.3320101811594], [359.2573305919324, 1209.6749240125703], [184.89043948693862, 1228.6679898188406]], '센금이세오', 0.010967216030056029)]
[([[330, 634], [418, 634], [418, 684], [330, 684]], '업네', 0.4388215970688179), ([[406, 1144], [436, 1144], [436, 1176], [406, 1176]], '거', 0.898576215991298), ([[359, 1291], [550, 1291], [550, 1368], [359, 1368]], '편식하지마', 0.15395824432298422), ([[348, 1370], [434, 1370], [434, 1420], [348, 1420]], '건때', 0.43448755519929755), ([[371, 1411], [474, 1411], [474, 1460], [371, 1460]], "'다먹고", 0.5642529129981995), ([[87, 1585], [451, 1585], [451, 1669], [87, 1669]], "입만 찾바도 '다바:'", 0.19040482116013477), ([[145, 1679], [532, 1679], [532, 1756], [145, 1756]], '(다마치 가)가 힘단임', 0.09613642750820105), ([[226, 1862], [422, 1862], [422, 1940], [226, 1940]], '생해보', 0.9619893776574986), ([[223.91424942966802, 384.0740208365765], [369.6611341816082, 404.6963023090269], [356.085750570332, 472.9259791634235], [211.3388658183918, 452.3036976909731]], '업빛? !', 0.46287560212861045)]
[([[344, 300], [454, 300], [454, 354], [344, 354]], '네디롬', 0.14341938270464433), ([[204, 362], [293, 362], [293, 414], [204, 414]], '리', 0.5333404540947981), ([[194, 416], [284, 416], [284, 466], [194, 466]], '마::', 0.17825423488764178), ([[368.96667006423115, 333.0766894303488], [460.5279766879186, 352.473041282096], [445.03332993576885, 413.9233105696512], [354.4720233120814, 393.526958717904]], '빠내', 0.13911210901643384)]
[([[275, 279], [421, 279], [421, 323], [275, 323]], '(시쇼', 0.05285855794519384), ([[450, 264], [512, 264], [512, 316], [450, 316]], '아', 0.9982965100846286), ([[144, 759], [540, 759], [540, 861], [144, 861]], '학교에두고 온걸알아음', 0.1528062074959338)]
[([[93, 237], [145, 237], [145, 458], [93, 458]], "'", 0.004067466727951052), ([[459, 350], [611, 350], [611, 441], [459, 441]], '물무-^', 0.2003639191389084), ([[128, 860], [531, 860], [531, 936], [128, 936]], '그때당벤 지금리다', 0.3206015891513095), ([[189, 941], [507, 941], [507, 1030], [189, 1030]], '학관 늘개빠되어인고', 0.08744198337712861), ([[285, 1017], [645, 1017], [645, 1103], [285, 1103]], '각제실히잠계방은삭하다', 0.00815752315066114), ([[149, 1100], [541, 1100], [541, 1187], [149, 1187]], '(키 쌓히보하논표앞)', 0.0315233505599008)]
[([[70, 332], [244, 332], [244, 420], [70, 420]], '달라-5', 0.060778796672821045), ([[12, 921], [667, 921], [667, 1020], [12, 1020]], '하제딴 위반운 둘갈수관-틱-이 뒷하다', 0.003873711497669713)]
[([[530, 180], [616, 180], [616, 228], [530, 228]], '모반', 0.22981726000212618), ([[208, 664], [386, 664], [386, 736], [208, 736]], '기녀 !', 0.2507476508617401), ([[201, 740], [442, 740], [442, 817], [201, 817]], '나의디아리 !', 0.06402031470434649), ([[96, 1018], [592, 1018], [592, 1116], [96, 1116]], '웬반은 복 만교해 앞-데', 0.02313834008064001)]
[([[252, 686], [468, 686], [468, 806], [252, 806]], '우리바', 0.5310418199390136), ([[127, 836], [538, 836], [538, 938], [127, 938]], '복도끝 창문으로 넘어가', 0.1824128655975043)]
[([[108, 865], [558, 865], [558, 964], [108, 964]], '벽반들타고 반장문로', 0.07580774621822355), ([[268, 950], [533, 950], [533, 1028], [268, 1028]], '들어가연 뒷하다', 0.10765230801260357)]
[([[63, 951], [629, 951], [629, 1061], [63, 1061]], '나(하라 존 유#한 뻗비이지만', 0.043325381575356245)]
[([[8, 843], [677, 843], [677, 935], [8, 935]], '정금짐과 구사다 단전된 챔깐이어넷', 0.02381811544850179), ([[155, 949], [465, 949], [465, 1017], [155, 1017]], '_손템장정도엿음', 0.04822434569279448), ([[71, 1038], [590, 1038], [590, 1119], [71, 1119]], '(실제로가끔씩 쌓이늦금데 이식으로', 0.029216115651676963), ([[214, 1115], [546, 1115], [546, 1194], [214, 1194]], '@슬까운없없다)', 0.03205535876219854)]
[([[165, 181], [523, 181], [523, 267], [165, 267]], '최시절 반 교실예서', 0.19217740875664113), ([[120, 272], [520, 272], [520, 370], [120, 370]], '댐험생님 야직관 썰', 0.14872255720207847), ([[411, 391], [559, 391], [559, 453], [411, 453]], '름딸', 0.02474929004189875), ([[376, 445], [669, 445], [669, 513], [376, 513]], '설제공 가소안들 중', 0.3071673418103108)]
[([[124, 634], [512, 634], [512, 734], [124, 734]], '그제 뭐히 도직햇음', 0.06982840015502417)]
[([[58, 877], [609, 877], [609, 974], [58, 974]], '고실창문하 귀(이저저오-데', 0.015311756803589496)]
[([[223, 889], [463, 889], [463, 977], [223, 977]], '커튼 틈이', 0.22878710052034762)]
[([[336, 22], [451, 22], [451, 94], [336, 94]], '하아-', 0.9978649251701297), ([[425, 841], [487, 841], [487, 921], [425, 921]], '(', 0.2550652710360488), ([[50, 1290], [502, 1290], [502, 1388], [50, 1388]], '어떤어여자가 활라빗', 0.13835900975126128), ([[230, 1374], [654, 1374], [654, 1472], [230, 1472]], '남자앞해 유꿈고있다', 0.08571019761429191)]
[([[481, 257], [569, 257], [569, 379], [481, 379]], '춤0', 0.21239004426592656), ([[349, 543], [457, 543], [457, 655], [349, 655]], '좀!', 0.11022408846266475), ([[274, 686], [376, 686], [376, 796], [274, 796]], '꿈"', 0.30657796480229027), ([[44, 990], [422, 990], [422, 1068], [44, 1068]], '어라카라색과 김이글보고', 0.1522839470297252), ([[186, 1064], [492, 1064], [492, 1138], [186, 1138]], '한눈히 나는 여지든', 0.11765643854804646), ([[238, 1129], [665, 1129], [665, 1210], [238, 1210]], '담림#이논거 알누있없다', 0.05029952837754682)]
[([[87, 787], [573, 787], [573, 873], [87, 873]], '당시엔 원 상황안치도 모로고', 0.31244029084499025), ([[177, 855], [528, 855], [528, 958], [177, 958]], '조구{유소하다', 0.12120937808534715)]
[([[386, 504], [434, 504], [434, 528], [386, 528]], '24', 0.8907968199277625), ([[85, 806], [577, 806], [577, 891], [85, 891]], '왜냐면 예창많넘어다니네', 0.09060852863491259), ([[237, 881], [605, 881], [605, 965], [237, 965]], '위험째 뒤면 |데', 0.1447449640918923)]
[([[144, 80], [350, 80], [350, 158], [144, 158]], '시바-인', 0.8509268179128139), ([[162, 160], [392, 160], [392, 238], [162, 238]], '잘품네베언데', 0.06113485483672575), ([[42, 829], [453, 829], [453, 922], [42, 922]], '어관절엔 꺼 쫓도다는', 0.032940025410588616), ([[272, 891], [591, 891], [591, 976], [272, 976]], '생각안하고 임따다', 0.07836385492882858), ([[193.98385606275642, 244.0303962480321], [478.58567306028664, 308.26965830824], [441.0161439372436, 444.9696037519679], [156.4143269397134, 380.73034169176]], '스히', 0.027071996903261033)]
[([[67, 850], [593, 850], [593, 943], [67, 943]], '암든 필실구적돌하서 선생님이', 0.02045757024469263), ([[236, 944], [513, 944], [513, 1020], [236, 1020]], '뛰하느지말지만', 0.1510436964696631)]
[([[46, 110], [136, 110], [136, 158], [46, 158]], '감사히', 0.7965009015124708), ([[170, 78], [290, 78], [290, 154], [170, 154]], '두로?', 0.42410257856903283), ([[512, 168], [550, 168], [550, 198], [512, 198]], '새', 0.9940472287668314), ([[460, 324], [613, 324], [613, 412], [460, 412]], '흥물합', 0.07354363691990208), ([[58, 1517], [567, 1517], [567, 1618], [58, 1618]], '처음팬 실색원_스출앞자데', 0.010990573763961668), ([[111, 1629], [587, 1629], [587, 1721], [111, 1721]], '사물함히팔언때가슴아}', 0.00797946659616251), ([[143, 1708], [612, 1708], [612, 1798], [143, 1798]], '눈자느거보고 말려출앞하다', 0.04856149269233995), ([[51.99735061935478, 248.0843686541932], [171.86172126896938, 269.71928778997307], [161.0026493806452, 318.9156313458068], [41.138278731030624, 298.28071221002693]], '첫요', 0.05376179927888254), ([[476.06257472799024, 385.0630529871277], [634.8521404658716, 410.56885673814077], [621.9374252720098, 472.9369470128723], [463.14785953412843, 446.43114326185923]], '잡고서화', 0.8524502515792847)]
[([[63, 67], [328, 67], [328, 160], [63, 160]], '4오발반이물위적', 0.0003650446865231336), ([[260, 404], [348, 404], [348, 454], [260, 454]], '6까?', 0.0008122444373971124), ([[438, 408], [636, 408], [636, 482], [438, 482]], '가방남리마라-', 0.30641853232143607), ([[277, 449], [343, 449], [343, 491], [277, 491]], '2스', 0.48178265396193326), ([[107, 635], [349, 635], [349, 703], [107, 703]], '개자임자보내고', 0.030177433858025807), ([[106, 695], [358, 695], [358, 784], [106, 784]], '취용원질해요', 0.015433663448262313), ([[120, 862], [538, 862], [538, 942], [120, 942]], '때는20년 월대열뚫이', 0.20606479395767327), ([[388, 930], [572, 930], [572, 1006], [388, 1006]], '한창일 때임', 0.6371703382450385), ([[441.12649295349735, 368.2553746325904], [628.4359378824736, 353.24705547223675], [628.8735070465027, 417.7446253674096], [442.5640621175264, 432.75294452776325]], '제외} |해', 0.011050914704404566)]
[([[21, 221], [61, 221], [61, 267], [21, 267]], '{', 0.2026659178709176), ([[0, 718], [212, 718], [212, 864], [0, 864]], '~하"', 0.7022814532883186), ([[56, 1226], [220, 1226], [220, 1372], [56, 1372]], '꽤!', 0.0864777373436807), ([[153, 1585], [528, 1585], [528, 1697], [153, 1697]], '뒤 열심하하다가', 0.6505203995902492), ([[18.58969783042828, 126.22539850126988], [193.8172066990659, 94.47811918483862], [206.41030216957174, 204.77460149873014], [30.182793300934094, 236.52188081516138]], '하양"', 0.15855614453143457), ([[298.00254130016924, 630.0355782023697], [486.5238821912308, 683.37997092861], [448.99745869983076, 797.9644217976303], [261.4761178087692, 743.62002907139]], '\'하음"', 0.1340526044368744), ([[520.7261404894031, 1415.102071034299], [574.6990699817187, 1389.0306022084062], [619.2738595105969, 1492.897928965701], [565.3009300182813, 1518.9693977915938]], '8', 0.26480136018054523)]
[([[406, 61], [656, 61], [656, 135], [406, 135]], '흐의아하하마', 0.14236136951059772), ([[479, 677], [535, 677], [535, 719], [479, 719]], '23', 0.24495085998305902), ([[83, 1281], [481, 1281], [481, 1371], [83, 1371]], '남자가 선생님 엉덩이름', 0.18821010052522433), ([[313, 1350], [619, 1350], [619, 1437], [313, 1437]], '손요 막대떼', 0.14936742652779575)]
[([[101, 555], [383, 555], [383, 658], [101, 658]], "'오매-하)", 0.07177404569295974), ([[75, 779], [429, 779], [429, 865], [75, 865]], '지금화서 생해보면', 0.2081274177188534), ([[308, 856], [592, 856], [592, 934], [308, 934]], '*질응언음', 0.01770668436647447), ([[120.02887458916717, 83.57218647291792], [328.23768151613325, 55.59177960351398], [333.9711254108328, 123.42781352708208], [124.76231848386676, 151.40822039648603]], '\'히히아아아"차', 0.005155789454133685), ([[345.17526026741115, 200.030961556568], [534.9697969422214, 269.1854111181519], [499.82473973258885, 354.969038443432], [311.03020305777864, 285.8145888818481]], "시'", 0.10416545170478939), ([[260.1212331386742, 296.0276069049201], [465.8210612633003, 369.7687972848484], [420.8787668613258, 482.9723930950799], [215.1789387366997, 410.2312027151516]], '{(커"{', 0.0015473335544445939)]
[([[84, 931], [583, 931], [583, 1039], [84, 1039]], '난 오도가도 맑는 상청이현음', 0.04164043158751081), ([[431.17960583409956, 88.04217659076576], [581.9540915364134, 135.14418002456313], [558.8203941659004, 200.95782340923424], [408.0459084635866, 153.85581997543687]], '흐우아:', 0.2828780710697174), ([[73.94383898749285, 277.10452627873786], [318.2818080806389, 238.6871053326823], [325.0561610125072, 307.89547372126214], [81.7181919193611, 346.3128946673177]], '하4바인제지', 0.19245164169032467), ([[78.73900966300059, 351.8695048315003], [301.1043529185817, 294.57408764773476], [315.2609903369994, 353.1304951684997], [92.89564708141833, 411.42591235226524]], '이러고유하야벼.', 0.090011901731342)]
[([[60, 170], [134, 170], [134, 260], [60, 260]], '뿐', 0.05662630707497507), ([[82, 679], [479, 679], [479, 764], [82, 764]], '나가편 창문소 때문히', 0.23310612117821186), ([[253, 758], [494, 758], [494, 843], [253, 843]], '원것 김음', 0.12889686196159744)]
[([[505, 509], [591, 509], [591, 577], [505, 577]], "'부양", 0.02261946675985735), ([[104, 716], [568, 716], [568, 819], [104, 819]], '짐아과 혼나번 위원음', 0.01730797168296105), ([[451.85809327375506, 115.06541148166887], [596.2346126867284, 135.16308346114806], [581.141906726245, 221.9345885183311], [435.7653873132716, 201.83691653885194]], '#날에', 0.08181562639683274), ([[203.13270887305836, 184.0313824482053], [389.8921223335538, 250.39456348497023], [352.86729112694167, 345.9686175517947], [166.1078776664462, 280.60543651502974]], '({', 0.1091755970350529), ([[490.0542968817191, 211.05609380644046], [651.8591302367666, 244.5053187893266], [634.9457031182809, 310.94390619355954], [473.14086976323335, 278.49468121067343]], '말순없어 .', 0.2671872103876883)]
[([[515, 327], [555, 327], [555, 383], [515, 383]], '1', 0.779022232460548), ([[325, 623], [453, 623], [453, 713], [325, 713]], '양뇨', 0.10833518620233977), ([[64, 766], [628, 766], [628, 864], [64, 864]], '물그시절팬 아까만워만', 0.02192293227036276), ([[155.15527363715623, 98.02100010684032], [455.9390530713433, 200.56177851281046], [404.84472636284374, 332.9789998931597], [104.06094692865666, 230.43822148718954]], '나', 0.2569991696439047), ([[174.31264938705925, 361.01575663789157], [395.8893547966509, 499.181452849264], [325.68735061294075, 608.9842433621084], [104.11064520334914, 470.818547150736]], '(담', 0.009853429101460368)]
[([[187, 644], [342, 644], [342, 723], [187, 723]], "'내가유", 0.32796481251716614), ([[203, 712], [400, 712], [400, 804], [203, 804]], '올과갈래-"', 0.308130146859781), ([[94, 1114], [632, 1114], [632, 1212], [94, 1212]], '엔지 그이상하고 야한위가', 0.21953265581078246), ([[387.2879532910169, 10.028211466812968], [631.9988664273524, 83.85716085035949], [606.712046708983, 153.97178853318704], [362.00113357264763, 80.14283914964051]], '(이왜동-이)', 0.06246553830995929)]
[([[90, 616], [214, 616], [214, 688], [90, 688]], '왜응', 0.22816247421322283), ([[97, 672], [254, 672], [254, 741], [97, 741]], '못예지나', 0.04207971692085266), ([[184, 762], [494, 762], [494, 838], [184, 838]], '나조3 아지도물라', 0.29848026036463543), ([[72, 850], [520, 850], [520, 947], [72, 947]], '안지모래 계속 요심서', 0.0905674605159937), ([[226, 927], [666, 927], [666, 1024], [226, 1024]], '조용히 숨 자보언것도있다다', 0.01056201223198615)]
[([[494, 216], [610, 216], [610, 296], [494, 296]], '탤!', 0.20396485530046068), ([[268, 558], [392, 558], [392, 634], [268, 634]], '하3', 0.3642860081463497), ([[244, 664], [322, 664], [322, 736], [244, 736]], '썩!', 0.6922641415369248), ([[376, 656], [470, 656], [470, 728], [376, 728]], '하아', 0.9916932196355299), ([[95, 805], [591, 805], [591, 889], [95, 889]], '제갑사3  가까이되가켓', 0.06980782953864341), ([[314.21086857389423, 145.56326057216828], [411.82069306402155, 112.77473962128052], [424.78913142610577, 151.43673942783172], [327.17930693597845, 184.22526037871947]], '으서바', 0.42700204253196716), ([[326.31671842700024, 171.6334368540005], [457.2233770323208, 151.0476564599926], [462.68328157299976, 202.3665631459995], [331.7766229676792, 221.9523435400074]], '다리저려', 0.9732975959777832), ([[184.03792769639495, 249.09343125161422], [258.8394185146036, 268.74300817802504], [246.96207230360505, 309.9065687483858], [172.1605814853964, 291.25699182197496]], '새', 0.10394545197545657)]
[([[285, 181], [503, 181], [503, 250], [285, 250]], '차점-짚어가2', 0.07230052719571284), ([[522, 398], [552, 398], [552, 436], [522, 436]], '2', 0.4189212931558792), ([[103, 1011], [465, 1011], [465, 1079], [103, 1079]], '당초3쟁만하현년 나는', 0.06241930775628814), ([[203, 1091], [557, 1091], [557, 1159], [203, 1159]], '담임생은 잘따다', 0.3813562715946788)]
[([[48, 160], [178, 160], [178, 234], [48, 234]], '하양 ("', 0.3204949399794045), ([[18, 526], [114, 526], [114, 598], [18, 598]], '택썩!!', 0.0437963642179966), ([[39, 1023], [183, 1023], [183, 1157], [39, 1157]], '뜰', 0.049618256514353476), ([[60, 1342], [631, 1342], [631, 1442], [60, 1442]], '댐임비남자유서 올라다서하다가', 0.20284768871336256)]
[([[92, 160], [148, 160], [148, 208], [92, 208]], '0?', 0.9726965658904828), ([[89, 201], [125, 201], [125, 241], [89, 241]], '6', 0.22793480997084092), ([[315.800439868044, 356.22215535341553], [561.8386991009991, 330.08065044950047], [565.199560131956, 426.77784464658447], [318.16130089900093, 451.91934955049953]], '|쪽', 0.003921659183745767)]
[([[449, 359], [587, 359], [587, 427], [449, 427]], '아;?!', 0.8072026371955872), ([[492, 1154], [564, 1154], [564, 1240], [492, 1240]], '0', 0.31865389535829536), ([[121, 1411], [501, 1411], [501, 1501], [121, 1501]], '나강눈이 미권 림', 0.17131715829692604), ([[586.0479255086583, 626.050499781388], [679.7856835416555, 668.047625879632], [647.9520744913417, 737.949500218612], [554.2143164583445, 695.952374120368]], '텔!', 0.2718812246038886), ([[463.3244593187708, 961.0163078985554], [570.8663310778428, 993.0674519350575], [508.6755406812292, 1195.9836921014446], [402.13366892215714, 1162.9325480649425]], '0', 0.7212744931065487)]
[([[375, 439], [465, 439], [465, 537], [375, 537]], '0', 0.999963283875843), ([[505, 481], [581, 481], [581, 543], [505, 543]], '아', 0.9955179957180462), ([[507, 547], [601, 547], [601, 607], [507, 607]], '아', 0.9918929808458223), ([[519, 599], [605, 599], [605, 665], [519, 665]], '사자', 0.5696763881704492), ([[84, 912], [450, 912], [450, 990], [84, 990]], '진짜 여자비명소', 0.8430145770256565), ([[185, 974], [621, 974], [621, 1065], [185, 1065]], '임거시퍼움처음앞하음', 0.010547045944589077), ([[143, 1059], [589, 1059], [589, 1143], [143, 1143]], '거의 살인야냥자여라구', 0.027196091388733776), ([[106.08463597029505, -16.982537578269785], [586.7309082997364, 97.4161485424888], [529.915364029705, 292.9825375782698], [49.269091700263665, 178.5838514575112]], '까아아약', 0.740824818611145), ([[257.2272658660007, 340.02717529721025], [347.0633151927156, 362.51782464099364], [309.7727341339993, 503.97282470278975], [219.93668480728442, 480.48217535900636]], '6', 0.9212086124245253), ([[142.0169070331803, 656.0538540019409], [248.6705801378577, 692.5873168312048], [222.9830929668197, 764.9461459980591], [116.3294198621423, 729.4126831687952]], '아아', 0.9755188185834358)]
[([[384, 240], [490, 240], [490, 342], [384, 342]], '특-1', 0.14824185418403063), ([[110, 938], [586, 938], [586, 1035], [110, 1035]], '9분해 난 창문해서 떨어저', 0.08037441057534454), ([[245, 1027], [581, 1027], [581, 1113], [245, 1113]], '권홀 #표 외구음', 0.010582695294669655), ([[237, 1361], [450, 1361], [450, 1452], [237, 1452]], '은장', 0.4430445499531435)]
[([[63, 711], [537, 711], [537, 799], [63, 799]], '잔짜라가지로 얼어질번밤', 0.03228377943877863), ([[182, 810], [392, 810], [392, 906], [182, 906]], '좀 감동인건', 0.7125675686197525)]
[([[104, 136], [304, 136], [304, 282], [104, 282]], '@!', 0.15284822143146978)]
[([[138, 1473], [543, 1473], [543, 1582], [138, 1582]], '선생님이 알문인지', 0.10599721967435502), ([[221, 1571], [543, 1571], [543, 1663], [221, 1663]], '뛰어와서 잡하죽', 0.49538537734537175)]
[([[162, 756], [462, 756], [462, 831], [162, 831]], '그래서 아직까지', 0.9556282556909059), ([[273, 829], [511, 829], [511, 913], [273, 913]], '내 기 웬', 0.2103251541702947)]
[([[75, 1886], [543, 1886], [543, 1976], [75, 1976]], '담임생 찢송이 뛰어오면서', 0.12614721645322077), ([[194, 1968], [532, 1968], [532, 2064], [194, 2064]], '위야래로출물제', 0.08653623572317434), ([[238, 2070], [480, 2070], [480, 2150], [238, 2150]], '가장기하적하남음', 0.05328023450575603), ([[51.80223097682098, 161.3078084188734], [162.94635316997733, 140.6482821470204], [172.19776902317903, 211.6921915811266], [61.05364683002267, 232.3517178529796]], '0아', 0.46040393857778145)]
[([[421, 213], [643, 213], [643, 277], [421, 277]], "'선님스이마", 0.04891842166404273), ([[169, 239], [326, 239], [326, 302], [169, 302]], '또산', 0.1471247586373234), ([[415, 277], [666, 277], [666, 349], [415, 349]], '빠우충이고현요', 0.2821920881663816), ([[196, 520], [292, 520], [292, 570], [196, 570]], '궁떤.', 0.0005999400599367269), ([[214, 566], [292, 566], [292, 616], [214, 616]], '오조', 0.19898401673609933), ([[64, 838], [540, 838], [540, 934], [64, 934]], '기억온잘안-만   2때대중웬', 0.08310035729250674), ([[202, 922], [488, 922], [488, 998], [202, 998]], '첫범이젓분', 0.005442584122873535), ([[242, 1012], [292, 1012], [292, 1066], [242, 1066]], '더', 0.9984539766867471), ([[284, 986], [527, 986], [527, 1074], [284, 1074]], '잘하증터것꼼', 0.01618896723529868)]
[([[92, 505], [338, 505], [338, 586], [92, 586]], '(6정오연 보안가', 0.04383429652766119), ([[75, 645], [419, 645], [419, 753], [75, 753]], '학보정일 수앞만', 0.08157300163342077), ([[204, 726], [584, 726], [584, 828], [204, 828]], '유;도둑그현 믿음', 0.020631157576111732)]
[([[70, 830], [415, 830], [415, 928], [70, 928]], '암든 교실실로가서', 0.2757714032105189), ([[144, 941], [635, 941], [635, 1033], [144, 1033]], '언제뷰잇 왜원벼', 0.02811531457343031), ([[199, 1021], [432, 1021], [432, 1132], [199, 1132]], '이직고함', 0.46635743975639343), ([[111.5968838588852, 257.1316431158554], [462.7053127582584, 199.94159657032102], [478.40311614111477, 391.8683568841446], [126.29468724174157, 448.05840342967895]], '교무실', 0.6215680734030182)]
[([[114, 757], [574, 757], [574, 854], [114, 854]], '선생님으 한숨음픽스어니', 0.12142714570776422)]
[([[307, 94], [634, 94], [634, 194], [307, 194]], "'오늘있흔누구속데도", 0.009359434963563479), ([[394, 174], [604, 174], [604, 248], [394, 248]], '말히면만해', 0.5628745005245326), ([[0, 263], [203, 263], [203, 421], [0, 421]], '수', 0.13773058963109097), ([[25, 757], [183, 757], [183, 841], [25, 841]], "'정말부편", 0.3245640560895875), ([[55, 831], [165, 831], [165, 891], [55, 891]], '일이고', 0.3216225850710199), ([[508, 1320], [663, 1320], [663, 1395], [508, 1395]], '남자방데', 0.21134787797927856)]
[([[122, 128], [246, 128], [246, 182], [122, 182]], '먼어나', 0.08209904106546444), ([[128, 172], [255, 172], [255, 227], [128, 227]], '안대로 ', 0.11160177737474442), ([[283, 179], [526, 179], [526, 266], [283, 266]], '0노->', 0.002057797973975539), ([[137, 465], [273, 465], [273, 525], [137, 525]], '안외번구', 0.017507856711745262), ([[82, 756], [613, 756], [613, 854], [82, 854]], '리면서 답임이원 글설명하논데', 0.025784258684972743), ([[126.9266873708001, 412.0967805394006], [223.58306391202552, 424.8024110133517], [215.0733126291999, 478.9032194605994], [118.41693608797446, 466.1975889866483]], '마하선', 0.2626933796825722)]
[([[70, 594], [600, 594], [600, 694], [70, 694]], '손염청떨어언계 생생이기남', 0.031365844484348496)]
[([[73, 805], [599, 805], [599, 893], [73, 893]], '난요려 앞몸은뵈다가 결다논', 0.03468118780354802), ([[244, 888], [610, 888], [610, 960], [244, 960]], '죄책좌대거다관 이나', 0.003250833191719225), ([[150, 961], [535, 961], [535, 1047], [150, 1047]], '부모넘이알까반 뭐딪다', 0.023492370467378832), ([[333.0759931346035, 95.05354095758997], [539.873999176361, 125.58573801201283], [524.9240068653966, 196.94645904241003], [318.12600082363895, 165.41426198798717]], '서로짓되다고', 0.2457716980671513), ([[525.8105265191808, 127.07894889385629], [627.9693928336366, 142.81804138432932], [613.1894734808192, 219.92105110614372], [511.03060716636344, 204.18195861567068]], '생중', 0.5420552826484945)]
[([[455, 231], [589, 231], [589, 295], [455, 295]], '대한번', 0.290884759792741), ([[448, 281], [645, 281], [645, 349], [448, 349]], '일히지만 절대', 0.15514056030120427), ([[448, 344], [593, 344], [593, 416], [448, 416]], '비밀이야', 0.6435508728027344), ([[79, 815], [625, 815], [625, 903], [79, 903]], '선생님이 다시현번 안속시카떼', 0.11253775585598426), ([[170, 894], [536, 894], [536, 990], [170, 990]], '눈눈문이 및하하다', 0.2571682139680723)]
[([[52, 116], [190, 116], [190, 190], [52, 190]], '조절다', 0.11929874685123333), ([[180, 293], [561, 293], [561, 432], [180, 432]], '((니', 0.04014207420957916), ([[83, 771], [435, 771], [435, 855], [83, 855]], '그 내다잘못해서', 0.40534511058499656), ([[229, 839], [611, 839], [611, 927], [229, 927]], '선님이 화난중앞음', 0.2634269919884823)]
[([[15, 199], [229, 199], [229, 291], [15, 291]], '고7년말', 0.5785656571388245), ([[469, 349], [581, 349], [581, 457], [469, 457]], '개붕', 0.6760391965286141), ([[42, 402], [202, 402], [202, 500], [42, 500]], '가수-', 0.5526301353219335), ([[441, 703], [598, 703], [598, 789], [441, 789]], '~"제합', 0.5027792453765869), ([[79, 1019], [593, 1019], [593, 1107], [79, 1107]], '자내나아 그따의 씹보다', 0.2544444702835307), ([[195, 1119], [489, 1119], [489, 1203], [195, 1203]], '많아진 것 끝으데', 0.23987823639708208), ([[115, 1314], [434, 1314], [434, 1415], [115, 1415]], '갈요상히이엿다면', 0.07680976506442448), ([[226, 1400], [472, 1400], [472, 1478], [226, 1478]], '장도안되면듯', 0.06703645495194516)]
[([[50, 222], [462, 222], [462, 324], [50, 324]], '친  사중-지내예끼', 0.010697907277564905), ([[16, 694], [180, 694], [180, 768], [16, 768]], "'헤해네)", 0.4013139661762657), ([[48, 868], [124, 868], [124, 946], [48, 946]], '포', 0.2335421918341476), ([[394, 1916], [607, 1916], [607, 1995], [394, 1995]], '3대련야염도', 0.004773485134160359), ([[96, 2106], [488, 2106], [488, 2210], [96, 2210]], '피부 출양 이서', 0.23529138937648897), ([[190, 2196], [580, 2196], [580, 2294], [190, 2294]], '그양잠만 들 치', 0.02214759034691156), ([[106, 2290], [520, 2290], [520, 2390], [106, 2390]], '디들림임생들잘다', 0.06722533377454101), ([[285.1411165784699, 812.0369523102506], [443.9509463990301, 870.010724626997], [412.8588834215301, 947.9630476897494], [253.04905360096993, 888.989275373003]], '나', 0.07252254557683102), ([[278.185687072251, 934.0555156274323], [364.8712987099205, 964.763937113701], [344.814312927749, 1018.9444843725677], [258.1287012900795, 987.236062886299]], "'", 0.0418820127324635), ([[420.2103500411843, 1874.2731201317897], [540.1914500982675, 1861.9918700365179], [542.7896499588156, 1917.7268798682103], [422.80854990173253, 1930.0081299634821]], '저새끼', 0.8760937517647369)]
[([[244, 364], [298, 364], [298, 436], [244, 436]], '모', 0.9998890192307819), ([[68, 942], [595, 942], [595, 1033], [68, 1033]], '사회초송생이 직장히서아하다', 0.09729014246382053), ([[144, 1035], [521, 1035], [521, 1119], [144, 1119]], '자제한네 웬전데', 0.09053581223190844), ([[139, 1129], [623, 1129], [623, 1219], [139, 1219]], '지국이없-면 진까림하올듯', 0.04647062033488775), ([[333.15213584645426, 205.02767845075016], [597.922772613353, 278.58509788904894], [562.8478641535457, 383.97232154924984], [298.077227386647, 311.41490211095106]], '00일보', 0.16176700592041016), ([[101.38736713998676, 229.03767383389282], [273.999677200684, 274.94318548635584], [259.6126328600132, 319.9623261661072], [88.000322799316, 273.05681451364416]], '2002,6,15', 0.6347374037835105), ([[309.0303382047319, 360.04282171347035], [457.64306974213224, 404.22059962148137], [427.9696617952681, 494.95717828652965], [279.35693025786776, 450.77940037851863]], '초등교사', 0.5664041042327881), ([[446.203970247832, 418.03970247832007], [590.9459069717682, 466.07125762667647], [565.796029752168, 533.9602975216799], [421.0540930282319, 485.92874237332353]], '교실예서', 0.4949238896369934), ([[248.2445888727061, 437.0285731197205], [480.99303426454924, 507.62681614779694], [452.7554111272939, 588.9714268802795], [220.00696573545076, 517.373183852203]], '성행위한첫-', 0.025727794177109388), ([[472.0607740540433, 501.0442049728592], [629.8490350679343, 548.2689574729085], [602.9392259459567, 626.9557950271408], [445.1509649320656, 580.7310425270915]], '밝혀저 .', 0.23719807405081092), ([[170.20664034932608, 515.0350359473848], [360.9861431788487, 574.5007698233973], [335.7933596506739, 645.9649640526152], [145.01385682115128, 586.4992301766027]], '반제자해게', 0.25239070912170214), ([[355.32586142007676, 565.0227490171361], [571.994110826366, 652.6568545639016], [535.6741385799232, 732.9772509828639], [319.00588917363405, 645.3431454360984]], '엷 관기중', 0.08273862810144994)]
[([[253, 633], [435, 633], [435, 723], [253, 723]], "'바무중하", 0.14088380542526605), ([[291, 783], [343, 783], [343, 823], [291, 823]], '야', 0.37092408524132736), ([[266, 818], [451, 818], [451, 884], [266, 884]], '오시작이네', 0.19876273481903467), ([[104, 918], [614, 918], [614, 1016], [104, 1016]], '암돈 그때로로내가잘워다', 0.02812830557634475), ([[366, 998], [526, 998], [526, 1074], [366, 1074]], '생해서', 0.6411283220501831)]
[([[58, 94], [414, 94], [414, 172], [58, 172]], '바채 리세기로야가입', 0.004954240878134277), ([[33, 155], [490, 155], [490, 243], [33, 243]], '비닐청소년원 사운전야해구논', 0.0037460624563508777), ([[116, 221], [571, 221], [571, 293], [116, 293]], '한@리나쪽책운 중은 맵이과켓', 0.015451007347945203), ([[94, 972], [604, 972], [604, 1072], [94, 1072]], '초등학교 잘기 밤말도안람', 0.035341369217113186), ([[503.2624143155141, 285.0340746075524], [643.0, 347.0], [613.7375856844859, 408.9659253924476], [474.0, 347.0]], '#물리', 0.023737058362695143), ([[532.367069592015, 354.0250768593893], [709.9650738084744, 433.25327433045555], [678.632930407985, 495.9749231406107], [502.0349261915257, 416.74672566954445]], '다무안교', 0.06265569478273392)]
[([[109, 106], [343, 106], [343, 185], [109, 185]], '그?00아?', 0.37494472455499495), ([[5, 277], [137, 277], [137, 315], [5, 315]], '련스', 0.0017946500979981164), ([[363, 699], [435, 699], [435, 765], [363, 765]], '0', 0.7897992525600763), ([[127, 830], [565, 830], [565, 918], [127, 918]], '나중해 커서야 그제원지', 0.3356220791724715), ([[277, 917], [427, 917], [427, 1010], [277, 1010]], '앞지', 0.8233633728935106), ([[97.91611386505843, 605.3735074356578], [250.48609633787936, 590.5704430503677], [253.08388613494157, 643.6264925643422], [99.51390366212063, 657.4295569496323]], '네  네-', 0.648640969871214)]
[([[111, 827], [595, 827], [595, 911], [111, 911]], '잔짜원: 나군내다오고', 0.08432995477435444)]
[([[3, 197], [145, 197], [145, 257], [3, 257]], '개이만', 0.13956124208362253), ([[36, 247], [214, 247], [214, 322], [36, 322]], '정리하다!', 0.346045362646431), ([[88, 806], [598, 806], [598, 910], [88, 910]], '뵙때 알바하년 귀스카퍼해서', 0.0086232736592602), ([[84.4007485966733, 404.01497193346586], [266.56147183894944, 543.7855997577809], [202.59925140332672, 627.9850280665341], [20.438528161050534, 488.21440024221914]], '서* 묘', 0.030421531357749495)]
[([[434.96685145944764, 73.04862547014511], [587.4355162785556, 107.52149457381478], [562.0331485405524, 200.9513745298549], [410.56448372144433, 166.47850542618522]], "'다다", 0.942464772878099), ([[70.40026526552127, 808.5006631638032], [158.91348703280306, 788.0142558049498], [169.59973473447872, 846.4993368361968], [81.08651296719695, 866.9857441950502]], '엄마:', 0.9681865147721734), ([[539.8449914182544, 915.0669261969874], [663.1683479893916, 937.0073323272004], [645.1550085817456, 1020.9330738030126], [520.8316520106084, 998.9926676727996]], '좌극', 0.1131473909813585)]
[([[108, 104], [572, 104], [572, 181], [108, 181]], '저 저 언예유  드가이나라고 ,', 0.04475364034767534)]
[([[61, 82], [316, 82], [316, 202], [61, 202]], "'잘뵙어?딸", 0.07738088053226398), ([[40, 494], [114, 494], [114, 580], [40, 580]], '원!', 0.5519664245365858), ([[477, 1573], [555, 1573], [555, 1633], [477, 1633]], '어', 0.9996385900942641), ([[118, 1772], [570, 1772], [570, 1871], [118, 1871]], '자기운이강와서 만거임', 0.05653765361367324)]
[([[281, 175], [527, 175], [527, 243], [281, 243]], '저품 나도잘.지.', 0.4459204633651878), ([[345, 337], [393, 337], [393, 377], [345, 377]], '어', 0.10376761823821656), ([[260, 532], [338, 532], [338, 612], [260, 612]], '푹신', 0.21919103921905972), ([[76, 695], [494, 695], [494, 768], [76, 768]], '이때 서로 앞히보고 인시하고', 0.25504803818350075), ([[304, 754], [560, 754], [560, 831], [304, 831]], '번호 교환번네', 0.07950853329034928), ([[37.25259068131634, 384.03108817579607], [101.82978389504663, 363.03833393349646], [149.74740931868365, 521.9689118242039], [85.17021610495337, 542.9616660665035]], '뻔', 0.0178485171288687)]
[([[320, 684], [432, 684], [432, 760], [320, 760]], '선님', 0.3545735458662146), ([[363, 723], [425, 723], [425, 761], [363, 761]], '05', 0.23301598853419328), ([[319, 761], [451, 761], [451, 823], [319, 823]], '개뉴하', 0.34585870834714905), ([[417, 965], [485, 965], [485, 1025], [417, 1025]], '아들', 0.20233673060860746), ([[182.33759627916515, 151.0168870716371], [421.95641862310305, 271.93641339661093], [367.66240372083485, 372.9831129283629], [128.04358137689695, 252.06358660338907]], '(', 0.9114979425366734), ([[135.18400220019748, 348.0256349831401], [299.96050783754015, 431.98746032519216], [246.81599779980252, 532.9743650168599], [82.03949216245984, 449.01253967480784]], '{이!', 0.050393317253155365), ([[250.08640552201146, 839.0418201899248], [393.87241120712645, 889.4076756117538], [362.91359447798857, 967.9581798100752], [219.12758879287352, 917.5923243882462]], '법먹어:', 0.1001853495836258)]
[([[217, 109], [473, 109], [473, 175], [217, 175]], '예서일배4논74', 0.010534341385546675), ([[226, 234], [396, 234], [396, 290], [226, 290]], '네 군대전역', 0.7377046184231492), ([[253, 283], [389, 283], [389, 343], [253, 343]], '막 *어요', 0.1042587241963076), ([[240, 566], [404, 566], [404, 646], [240, 646]], "@우둥같아'", 0.027247524002477284), ([[102, 790], [525, 790], [525, 866], [102, 866]], '잠표음 카록피사로회서는', 0.1462819908854088), ([[139, 881], [610, 881], [610, 973], [139, 973]], '남편은 그때남]진하다다7', 0.04637671427264705)]
[([[83, 67], [416, 67], [416, 166], [83, 166]], '우리비밀기억하지?', 0.638793699371273), ([[275, 1181], [405, 1181], [405, 1273], [275, 1273]], "'비무중", 0.2569182813167572), ([[67, 1847], [629, 1847], [629, 1931], [67, 1931]], '입내 정절 자기위중 전부대렬?', 0.02916438027694088), ([[109, 1939], [483, 1939], [483, 2007], [109, 2007]], '해결다하도 과미9', 0.05355075087949002), ([[269, 1991], [555, 1991], [555, 2075], [269, 2075]], '젖주적- 선문해준', 0.015865664456366755), ([[227, 2085], [471, 2085], [471, 2153], [227, 2153]], '잠 선생님하없다', 0.17477463684214722), ([[538.1851782856173, 471.03696114179064], [635.9996976771527, 534.9262319862529], [593.8148217143827, 598.9630388582093], [496.0003023228473, 536.0737680137471]], '혜험', 0.019500897960493906)]
[([[250, 223], [572, 223], [572, 383], [250, 383]], '뺨부어 #', 0.018952823963344072), ([[146, 1016], [398, 1016], [398, 1104], [146, 1104]], '사건은다말', 0.1434105607626996), ([[266, 1090], [484, 1090], [484, 1162], [266, 1162]], '개고기념]', 0.1714153092555412), ([[308, 1164], [490, 1164], [490, 1244], [308, 1244]], '벌다', 0.9639514200711703), ([[338.9536043803201, 395.0365426385773], [652.653807582632, 444.79595203981035], [625.0463956196799, 567.9634573614227], [312.34619241736794, 519.2040479601897]], '나적-!', 0.19882148504257202), ([[245.18000337109032, 509.0280492179187], [441.98100137340083, 587.3250140071324], [401.8199966289097, 678.9719507820813], [205.01899862659917, 600.6749859928676]], '{판[', 0.0036477037758662002)]
[([[293, 159], [503, 159], [503, 227], [293, 227]], '쥐나난스보단', 0.09394324023804405), ([[337, 213], [555, 213], [555, 303], [337, 303]], '다마켓염', 0.08668643236160278), ([[79, 965], [612, 965], [612, 1057], [79, 1057]], '당에 나논다마고치름하고있교데', 0.005400448997807814)]
