2708547
20
[([[117, 84], [264, 84], [264, 175], [117, 175]], '둘-7', 0.031217166110518092), ([[99, 1179], [605, 1179], [605, 1265], [99, 1265]], '여동 춤관거 어떡해야되나', 0.10041085277318901)]
[([[427, 339], [659, 339], [659, 403], [427, 403]], "'다시시된9몽-", 0.05197730535378815), ([[199, 503], [497, 503], [497, 591], [199, 591]], '진도술질나가주?', 0.14627934878420995), ([[125, 785], [553, 785], [553, 875], [125, 875]], '유행지나서 한동안 인하데니', 0.6610062261313646), ([[482.9234480567936, 239.0646188713867], [608.2859580622282, 259.4867537816152], [592.0765519432064, 339.9353811286133], [466.71404193777175, 319.5132462183848]], '챔디:', 0.10250746285332947)]
[([[370, 569], [671, 569], [671, 647], [370, 647]], '아!라_없씨', 0.02885200302059625)]
[([[15, 279], [107, 279], [107, 343], [15, 343]], '예실', 0.2842784128572313), ([[592, 290], [672, 290], [672, 388], [592, 388]], '낮', 0.04254688641637827), ([[3, 531], [119, 531], [119, 651], [3, 651]], '댐', 0.6836946186595583), ([[450, 794], [578, 794], [578, 850], [450, 850]], '예라이', 0.5770780945762016), ([[490, 844], [638, 844], [638, 922], [490, 922]], '셋팔-!', 0.1810266524553299), ([[101, 1204], [546, 1204], [546, 1291], [101, 1291]], '요새 제료두대스끼 꽃서', 0.08178084814615445), ([[110.40893555107444, 593.0350586290252], [150.33389000390065, 616.5065290388517], [108.59106444892556, 686.9649413709748], [68.66610999609934, 663.4934709611483]], '곧', 0.02163052012336042)]
[([[90, 600], [302, 600], [302, 728], [90, 728]], '(원', 0.016084296283299597), ([[108, 733], [601, 733], [601, 832], [108, 832]], '도광어 팔딱가라논거뵈아다', 0.01895524170835371), ([[146.88425182523287, 97.0781879591533], [293.6655343065859, 116.71098628345003], [281.11574817476713, 183.9218120408467], [134.33446569341405, 164.28901371654996]], '확선네', 0.0901943336523442), ([[286.254072114062, 371.12769037562174], [425.96891182420393, 357.027633934041], [430.745927885938, 462.87230962437826], [291.03108817579607, 476.972366065959]], '팔딱', 0.7792434960428007)]
[([[61, 84], [184, 84], [184, 152], [61, 152]], '안대-', 0.49042017789191), ([[499, 137], [605, 137], [605, 203], [499, 203]], '뒤끼', 0.20155577980222783), ([[492, 194], [650, 194], [650, 280], [492, 280]], '컴끊다', 0.043263054456068935), ([[532, 556], [650, 556], [650, 658], [532, 658]], '팔딱', 0.7505404081200028), ([[540, 644], [574, 644], [574, 672], [540, 672]], '4', 0.3739396429060129), ([[99, 763], [537, 763], [537, 847], [99, 847]], '엔동 집히인현 검안함', 0.01567126499977965)]
[([[516, 114], [546, 114], [546, 146], [516, 146]], '2', 0.12201134158546267), ([[90, 276], [211, 276], [211, 365], [90, 365]], '꽉딱', 0.7015962216017968), ([[108, 470], [266, 470], [266, 556], [108, 556]], '잘춘~', 0.3408699569172756), ([[533, 501], [605, 501], [605, 569], [533, 569]], '%', 0.7063618945545045), ([[196, 586], [278, 586], [278, 636], [196, 636]], "'어이", 0.4894232399358019), ([[209, 639], [365, 639], [365, 703], [209, 703]], '아외유-!', 0.19520099034721283), ([[164, 806], [522, 806], [522, 886], [164, 886]], '잔짜 어떡해야되나', 0.4532661055954434), ([[524.3356361611701, 47.02763393404096], [639.9602975216799, 121.203970247832], [599.6643638388299, 182.97236606595902], [484.03970247832007, 108.796029752168]], '팔딱 ', 0.798545752486255), ([[511.101374366102, 381.03676726644454], [642.7835948717723, 435.8288064016566], [603.898625633898, 524.9632327335554], [472.21640512822773, 470.1711935983434]], '팔딱!', 0.8908230459792728)]
[([[37, 121], [115, 121], [115, 185], [37, 185]], '허참', 0.12974188199107073), ([[504.14471515106385, 52.04585090489371], [661.9281137956131, 93.92994783126696], [640.8552848489362, 160.9541490951063], [483.07188620438694, 118.07005216873304]], '아이유?공', 0.32199272467513085), ([[537.9194081923158, 207.05855536930542], [655.9592788225808, 228.55800461737587], [637.0805918076842, 318.94144463069455], [519.0407211774192, 296.4419953826241]], '허!', 0.5591591689340845), ([[18.675047225123613, 351.7450661151731], [104.28547986269318, 334.71841676201865], [111.32495277487638, 372.2549338848269], [25.714520137306817, 389.28158323798135]], '어02', 0.2765244230142081)]
[([[43, 91], [264, 91], [264, 182], [43, 182]], '둠-뭐래', 0.20543500781059265)]
[([[426, 88], [653, 88], [653, 176], [426, 176]], '퇴치해나 ?', 0.4131359728778744), ([[47, 751], [525, 751], [525, 837], [47, 837]], '얘도소방면 새모이만금', 0.1752471284080223), ([[132, 836], [522, 836], [522, 914], [132, 914]], '권,로 머넘[치?', 0.19932191885093123), ([[512.8555211561317, 743.0730650178274], [636.2186923758362, 760.3321538157426], [622.1444788438683, 838.9269349821726], [498.7813076241638, 821.6678461842574]], '처고', 0.16085898765679468)]
[([[466, 90], [572, 90], [572, 146], [466, 146]], '아유', 0.9689282631860592), ([[494, 125], [661, 125], [661, 212], [494, 212]], "'같혹지5?", 0.08152912575116564), ([[149, 1343], [513, 1343], [513, 1431], [149, 1431]], '나라들이 말아아니다', 0.14506662073071305), ([[307, 1441], [417, 1441], [417, 1509], [307, 1509]], '잔', 0.05469859202413829)]
[([[411, 37], [611, 37], [611, 105], [411, 105]], '똑생각없음?', 0.19429782336664336), ([[48, 170], [323, 170], [323, 256], [48, 256]], '요-보-리면하나', 0.6490137608124978), ([[156, 230], [296, 230], [296, 282], [156, 282]], "'까뻐바라", 0.2338151672062277), ([[101, 831], [543, 831], [543, 915], [101, 915]], '여동이 둘이 살고있음', 0.24353481103344918)]
[([[49, 203], [245, 203], [245, 271], [49, 271]], '아아유보', 0.5627832412719727), ([[470, 587], [637, 587], [637, 655], [470, 655]], '나을지도?', 0.24732214178949238)]
[([[382, 114], [636, 114], [636, 190], [382, 190]], '굶이면 이순 ', 0.04646824843672063), ([[421, 193], [559, 193], [559, 257], [421, 257]], '먹어뜨', 0.10599210439446724), ([[465, 333], [539, 333], [539, 401], [465, 401]], '타', 0.046575184938119074), ([[61, 761], [603, 761], [603, 846], [61, 846]], '원 돌아이현노데 점설 심해제서', 0.3018308261079639)]
[([[121, 811], [501, 811], [501, 895], [121, 895]], '어제나 거임하논데', 0.46461758239395384)]
[([[31, 101], [95, 101], [95, 179], [31, 179]], '석', 0.4189455208590722), ([[150, 98], [250, 98], [250, 154], [150, 154]], "'04", 0.14569241404626013), ([[91, 569], [220, 569], [220, 634], [91, 634]], '비켜라', 0.7636130196306724), ([[189, 788], [454, 788], [454, 892], [189, 892]], '티바리고', 0.5123227834701538)]
[([[579, 275], [689, 275], [689, 385], [579, 385]], '짓', 0.7583830908751601), ([[41.817179374673, 66.26871749869201], [170.0470541700131, 47.40187285559707], [177.182820625327, 123.73128250130799], [48.952945829986895, 143.59812714440292]], '따시', 0.9917755427934872), ([[137.63603896932108, 403.6360389693211], [314.9179552321512, 349.24310019142666], [336.3639610306789, 426.3639610306789], [158.08204476784883, 479.75689980857334]], '[사무관보', 0.47170584696570605), ([[224.46446609406726, 473.4644660940673], [326.0457621678709, 448.0620060447604], [335.53553390593277, 490.5355339059327], [233.95423783212908, 514.9379939552396]], '교;', 0.26776781938591726)]
[([[11, 29], [195, 29], [195, 165], [11, 165]], '등차 !', 0.169869527220726), ([[545, 993], [627, 993], [627, 1057], [545, 1057]], '1!', 0.4400994942104114), ([[534, 1067], [653, 1067], [653, 1163], [534, 1163]], '꼽! !', 0.1617906540632248), ([[156, 1354], [520, 1354], [520, 1476], [156, 1476]], '준주논지경히이금', 0.04818803648438412), ([[556.0029455144984, 348.03829168847943], [704.5312242040336, 400.54045957557355], [664.9970544855016, 503.96170831152057], [516.4687757959664, 452.45954042442645]], '둘%-!', 0.0973811224102974)]
[([[525, 567], [681, 567], [681, 677], [525, 677]], '당실^', 0.4213392252193819), ([[34, 1088], [140, 1088], [140, 1164], [34, 1164]], ':', 0.026608130045781886), ([[179, 1223], [389, 1223], [389, 1331], [179, 1331]], '나자데소', 0.06784415990114212), ([[143, 1471], [455, 1471], [455, 1561], [143, 1561]], '갑자기 사무관보', 0.6288117156032379), ([[205, 1553], [513, 1553], [513, 1639], [205, 1639]], '노래들고 중관거', 0.11818944394776289), ([[559.8695048315003, 25.739009663000587], [664.8882669645272, -4.010473638640475], [679.1304951684997, 58.26099033699941], [575.1117330354728, 88.01047363864048]], '쇼', 0.011791179560678933), ([[331.08811180016716, 53.655524220484736], [577.1356773747436, 5.57597912868358], [588.9118881998329, 105.34447577951526], [343.8643226252563, 153.42402087131643]], '에가외구', 0.20891952514648438), ([[18.969339894163856, 1180.0443427723008], [215.4516995912059, 1215.4141142694205], [191.03066010583615, 1319.9556572276992], [-5.451699591205902, 1284.5858857305795]], '귀미도"', 0.04493638500571251)]
[([[87, 91], [244, 91], [244, 168], [87, 168]], '화나네?', 0.9764886498451233), ([[441, 113], [615, 113], [615, 175], [441, 175]], "'미제 |집터", 0.12871137727090792), ([[472, 178], [628, 178], [628, 250], [472, 250]], '깜는데,', 0.16088557243347168), ([[131, 725], [515, 725], [515, 813], [131, 813]], '레말개때고싶든데', 0.10446123488324262)]
