2709561
9
[]
[([[296, 30], [428, 30], [428, 126], [296, 126]], '끼익.', 0.858367953600853), ([[537, 181], [627, 181], [627, 267], [537, 267]], '저녁', 0.851023669666771), ([[224, 804], [442, 804], [442, 882], [224, 882]], '깊쟁이숙', 0.04589821398258209), ([[310, 874], [524, 874], [524, 952], [310, 952]], '썰저앉다', 0.5363618731498718), ([[43.12613958504917, 189.04787022394743], [262.94884203831776, 229.0967224956457], [246.87386041495083, 295.9521297760526], [27.05115796168225, 255.9032775043543]], '"@@)', 0.06448163837194443)]
[([[141, 81], [359, 81], [359, 165], [141, 165]], '썰어서오고', 0.8608279541032778), ([[432, 644], [564, 644], [564, 724], [432, 724]], '년무', 0.928867058040957), ([[428, 723], [569, 723], [569, 799], [428, 799]], '썰이나', 0.6503685801999352), ([[319.0984799331589, 280.0582954853233], [412.8691962477401, 314.6530987749529], [389.9015200668411, 370.9417045146767], [297.1308037522599, 337.3469012250471]], '드님', 0.7926723227579604), ([[52.2038378058769, 496.0637943964368], [132.91753074481474, 523.0956265296893], [116.7961621941231, 567.9362056035633], [36.08246925518527, 540.9043734703107]], '룹+', 0.011398176195483225)]
[([[51, 50], [238, 50], [238, 135], [51, 135]], '동나가', 0.7651483352454032), ([[70, 122], [342, 122], [342, 202], [70, 202]], '온빛려달라해서"', 0.3406578598972373), ([[263, 1007], [485, 1007], [485, 1075], [263, 1075]], '몸으로 갚다가', 0.15589215517672458), ([[371, 1081], [564, 1081], [564, 1154], [371, 1154]], '결혼해번 "', 0.26127652710219035)]
[([[272, 49], [468, 49], [468, 138], [272, 138]], '만화화가', 0.9997106194496155), ([[325, 131], [506, 131], [506, 211], [325, 211]], '무려 3회1', 0.8097305855054194), ([[137, 723], [379, 723], [379, 787], [137, 787]], '이미 개조 씨', 0.40742451882434216), ([[121, 782], [380, 782], [380, 846], [121, 846]], '여제 보여지로', 0.3496995020557121), ([[233, 841], [459, 841], [459, 907], [233, 907]], '망져버군 ', 0.7013173220181725), ([[44.03033820473188, 124.04282171347032], [164.6087667722641, 170.09241206982392], [128.9696617952681, 258.95717828652965], [8.391233227735922, 212.90758793017608]], '[', 0.9048536880329472), ([[215.95136234400402, 373.0789914704266], [324.56424132506595, 390.56879950923485], [312.04863765599595, 452.9210085295734], [203.43575867493408, 435.43120049076515]], '오우야', 0.6151603430336933)]
[([[107, 28], [224, 28], [224, 95], [107, 95]], '패도', 0.3166445170961209), ([[77, 83], [319, 83], [319, 167], [77, 167]], '네용 김체로도', 0.020250375348943427), ([[123, 147], [315, 147], [315, 215], [123, 215]], '보면 새롭고"', 0.6101793325238288), ([[558, 486], [664, 486], [664, 584], [558, 584]], '씨', 0.0931986988002933), ([[270, 624], [496, 624], [496, 700], [270, 700]], '다른느이', 0.3271716833114624), ([[203, 739], [411, 739], [411, 855], [203, 855]], '이너프', 0.4292981346540234)]
[([[140, 108], [244, 108], [244, 216], [140, 216]], '깊', 0.06492165381118653), ([[217, 437], [462, 437], [462, 554], [217, 554]], '못언증', 0.012699437162654715), ([[114, 1713], [469, 1713], [469, 1799], [114, 1799]], '그전제기억이 님도', 0.07501277294836357), ([[109, 1783], [507, 1783], [507, 1895], [109, 1895]], '훨새롭 개소해주마', 0.030979169921241674), ([[58.161809468817104, 475.1546758660209], [235.28762362201226, 460.10593116295377], [236.8381905311829, 555.8453241339791], [60.71237637798773, 570.8940688370462]], '{보지', 0.0676410498774898), ([[357.96051354882394, 522.1907218087669], [532.1895879046833, 503.95421848376094], [536.0394864511761, 596.8092781912331], [361.8104120953167, 616.045781516239]], '보여주지', 0.690669059753418), ([[114.84272251347997, 558.2136125673999], [369.9140961861657, 533.2344258675942], [372.15727748652, 629.7863874326001], [117.08590381383434, 654.7655741324058]], '피간선맛올', 0.19457245112148955), ([[76.27577350128935, 769.8067017028366], [293.85394161110054, 730.6050482176225], [303.72422649871066, 808.1932982971634], [85.14605838889945, 847.3949517823775]], '*편번나다', 0.1404789488716721)]
[([[134, 52], [258, 52], [258, 106], [134, 106]], '미#새끼', 0.2951463758945465), ([[21, 247], [189, 247], [189, 311], [21, 311]], "'이어때?", 0.7398230184107368), ([[32, 301], [189, 301], [189, 386], [32, 386]], '새롭지?', 0.2743358016014099), ([[29, 364], [216, 364], [216, 451], [29, 451]], "취것하다'", 0.1592445876057708), ([[474, 574], [690, 574], [690, 672], [474, 672]], '째("', 0.02301234577561789), ([[75, 917], [643, 917], [643, 1010], [75, 1010]], '와타  저녀썰이아라면,', 0.22374146984479282), ([[213, 1128], [487, 1128], [487, 1236], [213, 1236]], '오히려증아', 0.5179785931274997), ([[519.0003998800399, 283.20195941219595], [666.0457407958577, 265.06147703162884], [670.9996001199601, 351.79804058780405], [523.9542592041423, 369.93852296837116]], '가만!', 0.10905781107412092), ([[33.2454602204402, 489.0219157915715], [391.9992236952101, 585.8579319814731], [357.7545397795598, 686.9780842084285], [0.0007763047898947661, 590.1420680185269]], '어망은시감숙해계', 0.00616477441862683), ([[106.20395065999229, 602.0243957578742], [428.99146522626364, 690.5290103241234], [395.7960493400077, 790.9756042421258], [72.00853477373634, 703.4709896758766]], '보여지하출께', 0.18524682555729505)]
[([[523, 79], [667, 79], [667, 169], [523, 169]], '아아', 0.9021132076273419), ([[5, 255], [107, 255], [107, 339], [5, 339]], '책액', 0.03980928909782871), ([[219, 1512], [380, 1512], [380, 1574], [219, 1574]], '-편입나다', 0.3340967400830531), ([[392, 1606], [544, 1606], [544, 1682], [392, 1682]], '새훈', 0.831853622999467), ([[437, 1671], [593, 1671], [593, 1759], [437, 1759]], '세상클', 0.30993632843587354), ([[328.6617806810695, 1181.1824104518503], [361.5521576303742, 1154.0305813266318], [415.3382193189305, 1226.8175895481497], [382.4478423696258, 1253.9694186733682]], '올', 0.9957353143207435), ([[338.16445884946233, 1284.0703072118276], [379.58113883008417, 1276.2565835097475], [392.83554115053767, 1352.9296927881724], [351.41886116991583, 1360.7434164902525]], '물', 0.4352277305944341)]
