2709515
13
[([[54, 178], [128, 178], [128, 210], [54, 210]], '어', 0.9954126160355514), ([[38, 212], [178, 212], [178, 268], [38, 268]], '애든라"', 0.13801945745944977), ([[40, 256], [212, 256], [212, 324], [40, 324]], '4차가야기', 0.4596111926924813), ([[185, 369], [285, 369], [285, 433], [185, 433]], '헤혜', 0.07435956881963054), ([[55, 1817], [189, 1817], [189, 1879], [55, 1879]], '20가네', 0.7183806896209717), ([[423, 1791], [563, 1791], [563, 1875], [423, 1875]], '넘추', 0.11865941906938403), ([[75, 1956], [612, 1956], [612, 2056], [75, 2056]], '여친 취한거 점보써데지다', 0.06029515059699514), ([[188, 2123], [455, 2123], [455, 2219], [188, 2219]], "린이 '딸반", 0.1170734992071743), ([[358.9594617776757, 1809.109470355076], [425.551832387313, 1819.930985278494], [417.0405382223243, 1865.890529644924], [350.448167612687, 1854.069014721506]], '00', 0.8673576882512702)]
[([[459, 219], [621, 219], [621, 383], [459, 383]], '원', 0.31604968376877096), ([[460, 930], [558, 930], [558, 1010], [460, 1010]], '간', 0.02476584721105568), ([[134, 1981], [279, 1981], [279, 2072], [134, 2072]], '나또', 0.9550315107586497), ([[181, 2037], [594, 2037], [594, 2140], [181, 2140]], '\'임신시킬꺼양~?"', 0.12653561774731312), ([[221, 2227], [451, 2227], [451, 2315], [221, 2315]], '이러 논데', 0.54344406895962), ([[140.91588609132293, 71.03922806025662], [413.34816887458953, 109.62620874454892], [388.08411390867707, 238.96077193974338], [115.65183112541047, 200.3737912554511]], '건-:)', 0.0074259438551962376), ([[99.05888061638662, 610.0246197729844], [258.7407866335057, 702.9562375873887], [179.9411193836134, 836.9753802270156], [19.25921336649429, 744.0437624126113]], '하아"', 0.7625360557737547), ([[525.2383404030197, 1562.0860084836236], [659.1109384700485, 1491.5920105321768], [693.7616595969803, 1563.9139915163764], [559.8890615299515, 1635.4079894678232]], '#우웃', 0.20832198745143277)]
[([[302, 136], [488, 136], [488, 262], [302, 262]], "'0))", 0.038390252739191055), ([[208, 298], [302, 298], [302, 350], [208, 350]], '시용', 0.10106908513950343), ([[165, 375], [201, 375], [201, 417], [165, 417]], '6', 0.9976610524981879), ([[203, 343], [334, 343], [334, 409], [203, 409]], '달 밝기', 0.8685204386711121), ([[194, 389], [385, 389], [385, 453], [194, 453]], '너도실실적', 0.2545481216982937), ([[204, 428], [434, 428], [434, 495], [204, 495]], '밝히논해소}?', 0.07563740965812221), ([[152, 773], [537, 773], [537, 861], [152, 861]], '아각까지 잠이안르다', 0.14308416829027917)]
[([[86, 68], [434, 68], [434, 147], [86, 147]], '제병 정자여주세요-', 0.04115957938413276), ([[136, 1735], [553, 1735], [553, 1828], [136, 1828]], '여집은 챔대예서 신나게', 0.045849577172451125), ([[342, 1812], [509, 1812], [509, 1885], [342, 1885]], '자고인고', 0.15659137070178986), ([[543.3302206766053, 322.024957066512], [677.9435818454292, 405.99384704238923], [634.6697793233947, 473.975042933488], [500.0564181545708, 390.00615295761077]], "'허하넷", 0.023209111765027046)]
[([[77, 818], [614, 818], [614, 930], [77, 930]], '난담배만 존나세피요고있다', 0.11345396762478295), ([[94.68957644559053, 124.71706818029917], [233.30004000806068, 93.06953390673512], [245.31042355440948, 161.28293181970085], [105.69995999193931, 192.9304660932649]], '호용~"', 0.14672860503196716), ([[211.20552140300427, 137.6904906657081], [295.20962551797214, 115.72459908330953], [305.79447859699576, 167.3095093342919], [222.79037448202786, 189.27540091669047]], '네제', 0.24892356464640553), ([[68.64370978203266, 204.65748391281306], [228.52232472594153, 145.7984453425474], [253.35629021796734, 215.34251608718694], [93.47767527405848, 274.20155465745256]], "'남찬꺼다", 0.35908907843570603), ([[108.64091903203833, 253.15595183776483], [304.7526243694309, 168.33768357414442], [321.3590809679617, 221.84404816223517], [125.2473756305691, 306.6623164258556]], '어구서조로데~', 0.2186611766232338)]
[([[257, 95], [471, 95], [471, 159], [257, 159]], '하-안녕어요 ,', 0.3486334036799895), ([[267, 153], [535, 153], [535, 217], [267, 217]], '0이 남자히굽니다', 0.0396885809541602), ([[490, 255], [661, 255], [661, 336], [490, 336]], '@텅하0', 0.09833304584026337), ([[296, 736], [536, 736], [536, 810], [296, 810]], '저희가발증데', 0.07921034119225367), ([[265, 805], [567, 805], [567, 867], [265, 867]], '계속 퍼마더라7요', 0.2560140773125611), ([[97, 937], [549, 937], [549, 1029], [97, 1029]], '어제여전이동창회가다가', 0.15083118451987504), ([[87.9266873708001, 407.0967805394006], [198.74258933803557, 422.2614179068333], [189.0733126291999, 473.9032194605994], [78.25741066196441, 458.7385820931667]], "'으예켓", 0.2065967321395874)]
[([[404, 116], [488, 116], [488, 172], [404, 172]], '어?', 0.9999115770568777), ([[425, 303], [655, 303], [655, 365], [425, 365]], '06아 정치하화', 0.0532888331101092), ([[108, 742], [566, 742], [566, 844], [108, 844]], '슬 떡이도 데외서깐거든', 0.026138552483792994)]
[([[312, 76], [556, 76], [556, 152], [312, 152]], '너둠귀엽다?', 0.44719531472318214), ([[358, 142], [616, 142], [616, 218], [358, 218]], '나강갇이"?', 0.24872809563448317), ([[143, 1147], [525, 1147], [525, 1233], [143, 1233]], '원래 내성적인 야인데.', 0.14878869655675683), ([[548.3719130657265, 357.02823502956426], [650.906221557259, 428.8580263566737], [613.6280869342735, 481.97176497043574], [510.09377844274104, 410.1419736433263]], '따국!', 0.13195864381198283), ([[453.91575848123927, 956.6567894181068], [624.6393667926932, 891.7458077064124], [658.0842415187607, 994.3432105818932], [486.3606332073068, 1059.2541922935877]], '0 0', 0.6235328912734985)]
[([[225, 65], [397, 65], [397, 133], [225, 133]], '규 귀여워', 0.8979515884846551), ([[337, 570], [474, 570], [474, 659], [337, 659]], "'딸꾸'", 0.21784132719039917), ([[143, 695], [559, 695], [559, 787], [143, 787]], '실실거리실래 규여워다', 0.12181040526807024), ([[335.52685644176404, 303.622512392763], [514.064049958557, 265.08636336372484], [527.473143558236, 349.377487607237], [347.93595004144294, 386.91363663627516]], '(시1', 0.006646178329498464)]
[([[230, 90], [390, 90], [390, 168], [230, 168]], '하아-"', 0.41227054595947266), ([[7, 351], [95, 351], [95, 413], [7, 413]], '오빠', 0.6984843211218907), ([[63, 398], [182, 398], [182, 449], [63, 449]], '세제~', 0.5438225118101799), ([[0, 1112], [100, 1112], [100, 1232], [0, 1232]], '퍽', 0.9976967737566724), ([[437, 1279], [529, 1279], [529, 1397], [437, 1397]], '벽 !', 0.21536793532713605), ([[242, 1414], [390, 1414], [390, 1574], [242, 1574]], '퍽', 0.9936065671780767), ([[147, 1695], [547, 1695], [547, 1787], [147, 1787]], '모델가서 색스하논데', 0.2377615645773255), ([[32.155569233138195, 399.0357169510307], [173.95466930755384, 460.04891694513816], [138.84443076686182, 536.9642830489693], [-2.9546693075538517, 476.95108305486184]], '납아쥐" =', 0.00703626237993836)]
[([[126, 73], [449, 73], [449, 163], [126, 163]], '정액다-발아줄께0', 0.11982016638187375), ([[579, 359], [661, 359], [661, 425], [579, 425]], '양%', 0.0593374479480645), ([[510, 452], [566, 452], [566, 510], [510, 510]], '아', 0.9995643375074827), ([[20, 788], [120, 788], [120, 884], [20, 884]], '양', 0.8998776832082775), ([[14, 960], [158, 960], [158, 1064], [14, 1064]], '엷"', 0.09645486521865577), ([[27, 1457], [193, 1457], [193, 1571], [27, 1571]], '#!', 0.14445540099823959), ([[353, 1478], [518, 1478], [518, 1622], [353, 1622]], "슬쩍'", 0.11535686293936787), ([[74, 1926], [389, 1926], [389, 2018], [74, 2018]], '방아짝기도 잘하고', 0.38469110494091696), ([[174, 2010], [603, 2010], [603, 2090], [174, 2090]], '완전세계따로없더라', 0.21762706917541771), ([[542.0274673730843, 488.0526998323749], [675.7705829951722, 524.9808729795287], [652.9725326269157, 597.9473001676251], [519.2294170048278, 561.0191270204713]], '\'맛있어"', 0.16554883939060958), ([[605.6717988226486, 902.007698233973], [687.1058852250151, 877.6248763995742], [699.3282011773514, 926.992301766027], [617.8941147749849, 951.3751236004258]], '화', 0.04644064695657679)]
[([[127, 631], [429, 631], [429, 719], [127, 719]], '쪽쪽발하막 아지)', 0.015715013817287092), ([[187, 803], [541, 803], [541, 889], [187, 889]], '원래이런애아번데', 0.11426217846407606), ([[160.34173543490184, 118.2442560653724], [328.3233008074076, 88.23188358014806], [335.65826456509814, 140.7557439346276], [167.67669919259242, 171.76811641985194]], '와-개끗다', 0.26847884239115877), ([[480.3170000317804, 97.03340032416014], [585.9888728417432, 158.60546685570804], [553.6829999682196, 212.96659967583986], [448.01112715825684, 152.39453314429196]], '보매.', 0.029645041548500842)]
[([[44, 99], [245, 99], [245, 199], [44, 199]], '잘거무다', 0.039367845014802026), ([[38, 182], [290, 182], [290, 283], [38, 283]], '안어싸도돼?', 0.2027426778844278), ([[79, 475], [215, 475], [215, 585], [79, 585]], '광', 0.24556328141727946), ([[465, 651], [609, 651], [609, 765], [465, 765]], '땅!', 0.12064612298849428), ([[300, 688], [456, 688], [456, 838], [300, 838]], ',', 0.003278431492685488), ([[449, 769], [511, 769], [511, 829], [449, 829]], '(', 0.986737293533654), ([[41, 781], [133, 781], [133, 877], [41, 877]], '파', 0.9597550374795816), ([[96, 988], [616, 988], [616, 1099], [96, 1099]], '인해싸도되나고물어보니까', 0.5498950537739228), ([[438.0758553927899, 115.18686250322843], [638.7621590867665, 96.18081250227844], [641.9241446072101, 185.81313749677156], [441.2378409132335, 204.81918749772157]], '["||', 0.007607563864439726)]
