2709577
57
[([[842, 2792], [1331, 2792], [1331, 2993], [842, 2993]], '사촌누나강', 0.5047828302898415), ([[797, 2969], [1291, 2969], [1291, 3163], [797, 3163]], '야스한 썰', 0.5625990369861238), ([[510, 3677], [679, 3677], [679, 3810], [510, 3810]], '그', 0.993886425879996), ([[723, 3661], [931, 3661], [931, 3814], [723, 3814]], '들반', 0.8542839319855147)]
[([[0, 575], [411, 575], [411, 963], [0, 963]], ')', 0.851939632468973), ([[631, 1560], [894, 1560], [894, 1701], [631, 1701]], '집다.', 0.14186406769528181), ([[232, 3971], [1031, 3971], [1031, 4145], [232, 4145]], '퍼대 나뉘위관데', 0.021452416018243107), ([[704, 4110], [1204, 4110], [1204, 4270], [704, 4270]], '대지로 처두움', 0.26932358146476854), ([[362.08161973671184, 354.00958538849625], [827.6022542015642, 594.0971677524958], [651.9183802632882, 920.9904146115038], [186.39774579843578, 680.9028322475042]], '적퍽!', 0.3556776095426599), ([[1064.2211896005142, 2012.0126396958387], [1304.7063111678976, 2211.256898236648], [1174.7788103994858, 2367.9873603041615], [934.2936888321024, 2167.743101763352]], '(4', 0.09367192107645309)]
[([[340, 178], [484, 178], [484, 328], [340, 328]], '아', 0.9987367807136707), ([[404, 408], [685, 408], [685, 804], [404, 804]], '(', 0.784118930419627), ([[953, 535], [1143, 535], [1143, 699], [953, 699]], '7', 0.18572788264691642), ([[926, 798], [1064, 798], [1064, 926], [926, 926]], '0', 0.9448433326652008), ([[441, 1189], [1005, 1189], [1005, 1369], [441, 1369]], '잔 뭐어라', 0.4135307102241894), ([[447.922757096115, 150.46785551329447], [675.8629604428118, 78.46226867114422], [710.077242903885, 228.53214448670553], [482.13703955718825, 299.5377313288558]], '솟"', 0.023349218609182782), ([[458.0334742528348, 292.27741354002444], [664.2436565803911, 241.61667066705752], [686.9665257471652, 376.72258645997556], [480.7563434196089, 427.3833293329425]], '송야"', 0.2077717609734016), ([[560.6054205774888, 419.0231593824129], [807.6582263605485, 251.00515819700854], [1132.3945794225112, 803.9768406175871], [886.3417736394515, 972.9948418029915]], '', 0.0)]
[([[18, 148], [183, 148], [183, 304], [18, 304]], '스', 0.997022940460738), ([[770, 156], [1098, 156], [1098, 285], [770, 285]], '으에에예', 0.6434613466262817), ([[251, 415], [378, 415], [378, 553], [251, 553]], '꽃', 0.12998251764997892), ([[293, 2465], [1161, 2465], [1161, 2662], [293, 2662]], '옆으 치우고 귀집하서', 0.4780299431321672), ([[580, 2651], [1108, 2651], [1108, 2816], [580, 2816]], '그자려논데', 0.34071004598417637), ([[1002.361965624455, 347.44786249782004], [1435.8049637768772, 291.1328903948272], [1442.638034375545, 416.55213750217996], [1008.1950362231229, 472.8671096051728]], '4딸  거듭액해,', 0.002339009134203523)]
[([[906, 108], [1286, 108], [1286, 270], [906, 270]], '어둡돌아', 0.29863157868385315), ([[978, 389], [1301, 389], [1301, 551], [978, 551]], '>', 0.03205535889431932), ([[148, 1303], [1294, 1303], [1294, 1475], [148, 1475]], '이이 숲가운안지 ,뵙지 습관인지', 0.12155081228745361), ([[720, 1746], [943, 1746], [943, 1916], [720, 1916]], '더든', 0.10385581229284992), ([[581, 2442], [798, 2442], [798, 2612], [581, 2612]], '더둠', 0.41393512792540144), ([[508, 2893], [933, 2893], [933, 3070], [508, 3070]], '모릎 손으로', 0.1889044938642741), ([[524.106499836913, 86.02349690134733], [801.8114969055487, 173.47540660804046], [752.893500163087, 309.97650309865264], [475.1885030944513, 222.52459339195954]], '선어어 ', 0.11274493485689163)]
[([[612, 72], [878, 72], [878, 314], [612, 314]], '년', 0.07895193253705557), ([[339, 717], [401, 717], [401, 837], [339, 837]], '>', 0.3488104179695348), ([[492, 1044], [782, 1044], [782, 1312], [492, 1312]], '표', 0.016238023082309816), ([[323, 1371], [1123, 1371], [1123, 1551], [323, 1551]], '내 꼬"름 업석잡더니', 0.0715447738671102), ([[807.3277726837724, 256.00982578501595], [1155.775424622298, 475.7937509026862], [1045.6722273162277, 643.9901742149841], [698.2245753777021, 424.2062490973138]], '/4', 0.21658693405801696)]
[([[1012, 186], [1315, 186], [1315, 372], [1012, 372]], "'뛰시혀 ", 0.14461342380959874), ([[548, 404], [723, 404], [723, 689], [548, 689]], '늘', 0.19595988422658195), ([[780, 442], [954, 442], [954, 624], [780, 624]], '', 0.0), ([[577, 749], [685, 749], [685, 863], [577, 863]], '0', 0.997980899601103), ([[763, 721], [971, 721], [971, 859], [763, 859]], '5 0', 0.31259170174598694), ([[1010, 761], [1219, 761], [1219, 883], [1010, 883]], '만고각', 0.055245989420772953), ([[800, 1146], [1031, 1146], [1031, 1275], [800, 1275]], '거업', 0.2032134627569918), ([[348, 1492], [1088, 1492], [1088, 1666], [348, 1666]], '만지작 만지하하라', 0.24028344052710324), ([[263.1160673988381, 266.07405596524393], [562.5326425252757, 233.75069965439914], [570.8839326011619, 440.92594403475607], [271.4673574747243, 473.2493003456009]], '벌예', 0.3315144163468601), ([[611.4581583835701, 679.9286593123534], [927.5505665186182, 600.7344193040772], [952.5418416164299, 741.0713406876466], [636.4494334813818, 821.2655806959228]], "{'", 0.08642053757034862), ([[307.3992251164589, 1303.0713213043398], [552.7960084227786, 1094.7758743634067], [633.6007748835411, 1226.9286786956602], [389.20399157722136, 1435.2241256365933]], " '", 0.1731418546307716)]
[([[225, 199], [441, 199], [441, 394], [225, 394]], '혹음:', 0.08819612379290749), ([[839, 455], [915, 455], [915, 534], [839, 534]], '0', 0.9761892973013033), ([[724, 495], [1151, 495], [1151, 850], [724, 850]], '(', 0.9959012632123319), ([[1300, 703], [1416, 703], [1416, 822], [1300, 822]], '아', 0.998950399346942), ([[239, 3036], [800, 3036], [800, 3221], [239, 3221]], '근데그상때해', 0.12308578988949617), ([[986, 3042], [1196, 3042], [1196, 3155], [986, 3155]], '쓰라', 0.9269252269903503), ([[724.0395748479576, 1148.120556268457], [939.3193895358071, 1118.790561158171], [948.9604251520424, 1260.879443731543], [733.6806104641929, 1289.209438841829]], ' 0', 0.2984133482826489), ([[776.2566623974616, 3035.089625255377], [993.5305955829767, 3018.7081108065654], [994.7433376025384, 3165.910374744623], [778.4694044170233, 3182.2918891934346]], '까', 0.03757852566468878)]
[([[957, 367], [1201, 367], [1201, 601], [957, 601]], '캐-', 0.04290885527819248), ([[670, 648], [1194, 648], [1194, 889], [670, 889]], '6/)', 0.05617113500768585), ([[240, 858], [488, 858], [488, 1082], [240, 1082]], '꾸짓', 0.022858675623691295), ([[465, 1551], [1087, 1551], [1087, 1739], [465, 1739]], '필탕 펴지', 0.005416779952042686), ([[213, 1733], [1093, 1733], [1093, 1921], [213, 1921]], '야가 바지속로 권째', 0.05942836467065601), ([[674, 1886], [1226, 1886], [1226, 2058], [674, 2058]], '손 집어넣더라', 0.4430231294912666)]
[([[152, 434], [248, 434], [248, 540], [152, 540]], '0', 0.9997083161414402), ([[377, 511], [431, 511], [431, 547], [377, 547]], '##', 0.008785134245076076), ([[155, 1467], [1283, 1467], [1283, 1653], [155, 1653]], '청바지현노데 기고 손올집어름음', 0.021062656471274595), ([[160.95783915824654, 235.05796918513914], [562.8480051933395, 174.94245368107454], [585.0421608417535, 482.94203081486086], [184.1519948066605, 542.0575463189255]], '#뜩', 0.04705058196178051), ([[678.2600518176818, 178.0171192619264], [1056.9995362102254, 303.8781761202267], [1008.7399481823182, 425.9828807380736], [631.0004637897745, 301.1218238797733]], '어들아네', 0.14613820612430573), ([[452.9604922764289, 459.0602335772887], [566.3413299221845, 484.62032322118387], [546.0395077235711, 562.9397664227113], [433.6586700778155, 538.3796767788161]], ')', 0.05658232490478454), ([[767.948571264003, 708.0251394176637], [996.4885598289222, 777.9863294217522], [936.051428735997, 960.9748605823363], [707.5114401710778, 891.0136705782478]], '댐석', 0.07846145549464156)]
[([[251, 137], [927, 137], [927, 365], [251, 365]], '아따뜨때', 0.4701308012008667), ([[328, 1132], [452, 1132], [452, 1290], [328, 1290]], '0', 0.971876084285018), ([[612, 1676], [924, 1676], [924, 2018], [612, 2018]], '07', 0.009789465249147002), ([[106, 2097], [1268, 2097], [1268, 2270], [106, 2270]], '그러더니 내 펴주집고 아때뜨때 "', 0.09251280570345854), ([[663, 2233], [1347, 2233], [1347, 2404], [663, 2404]], '하 시바333393', 0.30115813321224677), ([[329.35773567345706, 841.0055747911276], [561.4618866033089, 728.0028830749518], [897.6422643265429, 1490.9944252088724], [665.5381133966911, 1602.9971169250482]], '틀', 0.14188397314688928), ([[805.1000317999046, 1641.5600508798473], [1225.679220388878, 1465.5247635653288], [1312.8999682000954, 1708.4399491201527], [892.3207796111218, 1884.4752364346712]], '이1 ', 0.10087049752473831), ([[223.89432705382632, 1623.1010013597938], [352.75041631357806, 1528.0128020121635], [503.1056729461737, 1770.8989986402062], [374.24958368642194, 1864.9871979878365]], '꿀', 0.13040105759367648)]
[([[225, 1555], [1219, 1555], [1219, 1715], [225, 1715]], '우리집에없혀사논 사촌나_가 있음', 0.06189513015113097), ([[363, 1703], [1104, 1703], [1104, 1871], [363, 1871]], '나이느 나보다 (살반화고', 0.36247179462056645), ([[594.5060845773462, 397.5518253732039], [848.2447318534963, 308.3491874315893], [880.4939154226538, 401.4481746267961], [626.7552681465037, 491.6508125684107]], '(오20', 0.24341578781604767), ([[713.1069609021405, 490.03327608868267], [908.8577859221919, 551.1580138373295], [873.8930390978595, 647.9667239113173], [679.1422140778081, 586.8419861626705]], '과급', 0.013907367349466156)]
[([[125, 290], [414, 290], [414, 441], [125, 441]], '으어;', 0.47090861006125895), ([[169, 2754], [1056, 2754], [1056, 2934], [169, 2934]], '난당황하서 닥치고있제데', 0.15322923779141887), ([[566, 2937], [1259, 2937], [1259, 3096], [566, 3096]], '귀신마냥 얼나더니', 0.21531880123327551), ([[1194.1343928719352, 1603.0249966844797], [1309.3125477880726, 1593.39295254571], [1321.8656071280648, 1805.9750033155203], [1206.6874522119274, 1814.60704745429]], '값', 0.013085670562090146)]
[([[810, 394], [959, 394], [959, 556], [810, 556]], '미', 0.031566994959453476), ([[515, 1286], [911, 1286], [911, 1445], [515, 1445]], '바지풀로고', 0.8068899766020184), ([[19, 1868], [368, 1868], [368, 2019], [19, 2019]], '명년', 0.06771596500184071), ([[117, 2014], [380, 2014], [380, 2148], [117, 2148]], '이친!', 0.49940993513378423), ([[395, 2103], [1060, 2103], [1060, 2549], [395, 2549]], '==', 0.26888241289433296), ([[456, 2495], [881, 2495], [881, 2704], [456, 2704]], '>들', 0.022977076039239108), ([[1146, 2486], [1410, 2486], [1410, 2631], [1146, 2631]], '어야', 0.9900300313272531), ([[645, 2682], [780, 2682], [780, 2744], [645, 2744]], '- >', 0.07861562918638013), ([[1153, 2718], [1252, 2718], [1252, 2780], [1153, 2780]], '차', 0.010021724566119161), ([[81, 2710], [460, 2710], [460, 2967], [81, 2967]], '확엇?', 0.05655973378215526), ([[421, 3137], [1023, 3137], [1023, 3296], [421, 3296]], '팬 내리더라', 0.6777342219698439), ([[413.4521741996336, 904.299131638461], [649.7160609305937, 874.8426596008223], [654.5478258003665, 967.700868361539], [419.2839390694063, 997.1573403991777]], "@어'", 0.41118550300598145), ([[309.21114561800016, 939.1613008990009], [438.6764370475802, 924.5912314556899], [443.78885438199984, 1013.8386991009991], [314.3235629524198, 1028.40876854431]], '어', 0.2468166415455677)]
[([[828, 112], [1220, 112], [1220, 256], [828, 256]], "으맛' !", 0.10336340891838122), ([[398, 454], [448, 454], [448, 520], [398, 520]], ')', 0.12560092949274182), ([[218, 589], [421, 589], [421, 706], [218, 706]], '훨내', 0.03394242515931683), ([[460, 758], [538, 758], [538, 848], [460, 848]], '0', 0.9898920485073894), ([[212, 954], [436, 954], [436, 1054], [212, 1054]], '"', 0.8240111636680467), ([[742, 654], [1280, 654], [1280, 1162], [742, 1162]], '"', 0.39634961325143436), ([[844, 1200], [1186, 1200], [1186, 1396], [844, 1396]], '주움', 0.20718618396948627), ([[563, 1391], [869, 1391], [869, 1597], [563, 1597]], '좁', 0.21250951028284337), ([[76, 1718], [1258, 1718], [1258, 1892], [76, 1892]], '꺼니 지야에 내 조추집히넣고', 0.09452538151387502), ([[713, 1885], [1362, 1885], [1362, 2047], [713, 2047]], '잔 비논거 아니것4', 0.0665721887810215), ([[573.8984911358106, 447.02167484958915], [954.3142158576762, 522.4311942335722], [897.1015088641894, 756.9783251504108], [516.6857841423238, 681.5688057664278]], ' ', 0.009939459380708338), ([[218.79201892963607, 1057.0221167790648], [549.033253944481, 1120.3133762270118], [486.2079810703639, 1395.9778832209352], [155.96674605551902, 1332.6866237729882]], '작방', 0.006787774834127855)]
[([[1046, 649], [1228, 649], [1228, 812], [1046, 812]], '댁 !', 0.15260807464265538), ([[4, 1196], [179, 1196], [179, 1366], [4, 1366]], '~', 0.4947161577728174), ([[631, 1501], [843, 1501], [843, 1699], [631, 1699]], '00', 0.9755019618324987), ([[317, 1882], [581, 1882], [581, 2056], [317, 2056]], '으럭:!', 0.13385945558547974), ([[588, 1656], [1047, 1656], [1047, 2093], [588, 2093]], '품"', 0.14837009702137144), ([[1027, 3534], [1440, 3534], [1440, 3800], [1027, 3800]], '7기  ', 0.017517393454909325), ([[49, 5094], [258, 5094], [258, 5398], [49, 5398]], '국', 0.0445585156381656), ([[236, 5613], [1205, 5613], [1205, 5849], [236, 5849]], '솔직히 그때 존나 행하다', 0.4494712708377026), ([[383.52660216158785, 498.1808946987975], [600.161395046494, 453.1214280941221], [619.4733978384121, 599.8191053012025], [403.838604953506, 644.8785719058778]], '그학"', 0.12782933648426964)]
[([[409, 357], [695, 357], [695, 593], [409, 593]], '좁 ', 0.040093172165911066), ([[586, 832], [810, 832], [810, 1056], [586, 1056]], '()', 0.5789019231933379), ([[474, 1167], [965, 1167], [965, 1331], [474, 1331]], '잔잘발#든', 0.04112028385401756)]
[([[932, 2005], [1431, 2005], [1431, 2551], [932, 2551]], '호', 0.003748847410137715), ([[452, 2342], [693, 2342], [693, 2715], [452, 2715]], '좀', 0.03791433480006745), ([[289, 3107], [1156, 3107], [1156, 3317], [289, 3317]], '사시슬로 발아주고', 0.05360089577115533), ([[238.0391848805209, 104.05830599275103], [814.8811177733612, 61.035005914149636], [812.9608151194791, 337.94169400724894], [236.11888222663876, 380.9649940858504]], '젖임"', 0.2600978889543722), ([[950.0510978514636, 459.0475059550041], [1184.7646785882464, 300.0073098347126], [1435.9489021485365, 743.9524940449959], [1202.2353214117536, 902.9926901652874]], "'올", 0.0019838057376989947)]
[([[799, 1409], [915, 1409], [915, 1517], [799, 1517]], '0', 0.9398914279068471), ([[422, 1652], [1011, 1652], [1011, 1824], [422, 1824]], '나한데 오더니', 0.7478551261006199), ([[564.8655317593773, 434.0460406403409], [649.6003057437435, 379.0128761707766], [769.1344682406227, 584.9539593596592], [684.3996942562565, 639.9871238292234]], '맨', 0.004407875505902992), ([[851.2679211310482, 616.015770240319], [1236.9981254938898, 745.7475525916749], [1184.7320788689517, 881.984229759681], [799.0018745061101, 752.2524474083251]], '(뻔하켜다', 0.3634883950266716), ([[696.6642425845017, 1192.3284851690034], [1082.6547659250498, 937.7085148409989], [1253.3357574154984, 1245.6715148309966], [867.3452340749502, 1500.291485159001]], '2기', 0.03615905949736572), ([[700.3093088240148, 1094.4660647072412], [788.7187093237891, 1021.4761300109092], [828.6906911759852, 1081.5339352927588], [740.2812906762109, 1155.5238699890908]], "'", 0.01815655282971207), ([[1037.2190947487572, 1284.0217960027555], [1202.995796780239, 1389.6569657651903], [1136.7809052512428, 1490.9782039972445], [971.004203219761, 1385.3430342348097]], ') -', 0.13324377250242375)]
[([[819, 947], [909, 947], [909, 1039], [819, 1039]], '0', 0.9081031391390049), ([[899, 757], [1229, 757], [1229, 1089], [899, 1089]], '동', 0.05503343706189079), ([[1233, 855], [1323, 855], [1323, 963], [1233, 963]], '0', 0.930958312796637), ([[881, 997], [971, 997], [971, 1103], [881, 1103]], '0', 0.995973595084493), ([[378, 1258], [1067, 1258], [1067, 1475], [378, 1475]], '키스시전하여라', 0.7706466346349122), ([[813.1438273105219, 318.0203735209601], [1061.9217900685494, 426.32386136049536], [997.8561726894781, 563.9796264790399], [748.0782099314505, 455.67613863950464]], '{ |', 0.030559546716209966), ([[1072.7169455225105, 585.029412390731], [1327.0677880248518, 620.1293618389019], [1286.2830544774895, 858.970587609269], [1030.9322119751482, 823.8706381610981]], '(씨', 0.15929013381663112)]
[([[781, 255], [941, 255], [941, 415], [781, 415]], '기', 0.5056102898482919), ([[146, 1686], [1308, 1686], [1308, 1858], [146, 1858]], '좀쨌데 내 꼬추씩이서 3거것지?', 0.006362389030493733), ([[503.4495065649477, 399.0079764906958], [1027.731427156058, 634.8166626478971], [954.5504934350523, 781.9920235093042], [431.268572843942, 546.1833373521029]], '~고<=', 0.0011048162123188376), ([[1193.1597953385606, 607.019620245198], [1322.8010722859324, 568.2192802719075], [1399.8402046614394, 856.980379754802], [1271.1989277140676, 895.7807197280925]], '몇', 0.24184878284359002)]
[([[1129, 2087], [1260, 2087], [1260, 2199], [1129, 2199]], '자', 0.9950547711446269), ([[1109, 2164], [1412, 2164], [1412, 2340], [1109, 2340]], '장가루', 0.06429139079645305), ([[301, 2575], [938, 2575], [938, 2747], [301, 2747]], '앞꼬고 자', 0.10972709838923583), ([[557, 2728], [1134, 2728], [1134, 2914], [557, 2914]], '내고주 꽂아능음', 0.3185622651422917), ([[379.8832482773338, 455.01521177814965], [960.7750604886174, 565.6772869090391], [880.1167517226662, 903.9847882218503], [298.22493951138256, 793.3227130909609]], '{국국 "', 0.21333138571290886), ([[1022.3805654014664, 702.1814303842187], [1150.5588453077978, 797.7414222152804], [989.6194345985336, 1012.8185696157813], [861.4411546922022, 917.2585777847196]], '6', 0.34566514699066886)]
[([[1202, 1168], [1432, 1168], [1432, 1302], [1202, 1302]], '인생', 0.6296895577398711), ([[48, 1450], [336, 1450], [336, 1579], [48, 1579]], '인울이면', 0.3122222423553467), ([[0, 1548], [524, 1548], [524, 1668], [0, 1668]], '이모니없혀살아아왜', 0.031693556369643376), ([[179, 3142], [1264, 3142], [1264, 3311], [179, 3311]], '부시논동( 약? 양아치없데', 0.04941915911750839), ([[202, 3299], [1065, 3299], [1065, 3461], [202, 3461]], '나강별로안밤 8때보관', 0.7461862184080642), ([[501, 3407], [1248, 3407], [1248, 3566], [501, 3566]], '(년만에 처음 밖엇올-', 0.09193292633479791)]
[([[559, 502], [679, 502], [679, 707], [559, 707]], '4', 0.932629965210495), ([[711, 717], [821, 717], [821, 901], [711, 901]], '2', 0.07269983065549823), ([[163, 1093], [1285, 1093], [1285, 1257], [163, 1257]], '이본이 한뒤 어본대번거 의', 0.004431535050686486), ([[822.1242666339434, 280.0132255835256], [1116.9614244300753, 463.5047090647515], [985.8757333660566, 668.9867744164744], [691.0385755699247, 485.4952909352485]], '"씨선', 0.1585731918749684)]
[([[87, 85], [641, 85], [641, 241], [87, 241]], '허텔 둘어다"', 0.0400416497065387), ([[847, 881], [935, 881], [935, 975], [847, 975]], '0', 0.9876949201919984), ([[676, 1358], [776, 1358], [776, 1468], [676, 1468]], '0', 0.962780771066619), ([[935, 1337], [1187, 1337], [1187, 1473], [935, 1473]], '모다', 0.12349109424525341), ([[904, 1472], [1212, 1472], [1212, 1601], [904, 1601]], '미어  ', 0.48091360926628113), ([[287, 1727], [850, 1727], [850, 1899], [287, 1899]], '지살치곤잔', 0.19422662896588522), ([[622, 1878], [1138, 1878], [1138, 2052], [622, 2052]], '낭해서놀다', 0.4504580684662288), ([[440.339740084653, 564.131374854995], [1165.902227088327, 490.56548582628795], [1168.660259915347, 718.868625145005], [443.0977729116731, 793.434514173712]], '매글째;누', 0.0032891011157542816), ([[450.4207000823686, 806.5462402635796], [547.5036616612463, 715.2640859629083], [607.5792999176314, 797.4537597364204], [510.4963383387538, 888.7359140370917]], '0(', 0.8003624860195112), ([[362.99017380255856, 1355.0879813491679], [631.0383224024847, 1124.8503255781857], [731.0098261974414, 1286.9120186508321], [462.9616775975153, 1518.1496744218143]], '0 (', 0.8535534143447876)]
[([[560, 225], [800, 225], [800, 398], [560, 398]], '후아"', 0.10043959975642355), ([[1282, 190], [1440, 190], [1440, 398], [1282, 398]], '틈', 0.19275450370857072), ([[43, 262], [500, 262], [500, 538], [43, 538]], '절퍽 "', 0.12115713953971863), ([[1083, 846], [1359, 846], [1359, 1064], [1083, 1064]], '(와,', 0.06349006651885727), ([[204, 2181], [1127, 2181], [1127, 2355], [204, 2355]], '경제 술먹고 세번이나 씨고', 0.07678884217832571), ([[517, 2379], [1018, 2379], [1018, 2535], [517, 2535]], '여성상위하논데', 0.6101370275859155), ([[168, 2468], [423, 2468], [423, 2639], [168, 2639]], '농아', 0.03517965832089544), ([[182, 2754], [791, 2754], [791, 3114], [182, 3114]], '=빠|', 0.0013028538062390036), ([[768.1006290915046, 1234.0515752836845], [965.7229861969265, 1084.0074680687571], [1223.8993709084955, 1487.9484247163155], [1026.2770138030735, 1637.9925319312429]], '꿀', 0.2605345034772313), ([[42.971822808865255, 1487.0251853008513], [243.6948163199852, 1560.7120503485517], [177.02817719113474, 1732.9748146991487], [-22.694816319985193, 1659.2879496514483]], '항', 0.9163790264014473)]
[([[1024, 1032], [1270, 1032], [1270, 1193], [1024, 1193]], '어?', 0.999778904792157), ([[144, 4398], [1302, 4398], [1302, 4598], [144, 4598]], '허리짚 돌다가 갑 멈추하', 0.11922923811053354), ([[436.0112277871849, 484.0108643169135], [1009.7747567100917, 672.5706819507561], [878.9887722128151, 1028.9891356830865], [305.22524328990835, 840.4293180492439]], '기베', 0.004270124859771512), ([[69.72727923100867, 2117.136417617372], [285.84915456101174, 2072.003599496041], [308.27272076899135, 2237.863582382628], [92.15084543898823, 2282.996400503959]], '점치', 0.039549010999216885)]
[([[197, 225], [678, 225], [678, 431], [197, 431]], '아 아', 0.6201167243074193), ([[669, 619], [825, 619], [825, 873], [669, 873]], '다', 0.043757430871665726), ([[620, 1086], [694, 1086], [694, 1190], [620, 1190]], '0', 0.9593253135907531), ([[274, 1297], [954, 1297], [954, 1568], [274, 1568]], '(나', 0.22834296673833168), ([[422, 1626], [494, 1626], [494, 1706], [422, 1706]], '0', 0.955363668122633), ([[353, 2181], [1092, 2181], [1092, 2435], [353, 2435]], '학하고적국다', 0.010567796551005062)]
[([[691, 312], [823, 312], [823, 446], [691, 446]], '적?', 0.717675338147842), ([[1104, 625], [1308, 625], [1308, 771], [1104, 771]], '팬티', 0.12637599754391218), ([[1174, 723], [1418, 723], [1418, 863], [1174, 863]], '2고', 0.1988818497340565), ([[1040, 1604], [1117, 1604], [1117, 1672], [1040, 1672]], '0', 0.7407555683404929), ([[424, 2405], [1011, 2405], [1011, 2564], [424, 2564]], '내비 올려주고', 0.31448200951759203), ([[988.2524050748067, 304.0199748988843], [1332.9945108369648, 405.60799689532314], [1293.7475949251934, 518.9800251011158], [948.0054891630352, 416.39200310467686]], '정신치하나?', 0.17473535982135163), ([[1180.054907507929, 1275.0279368840017], [1418.728774140922, 1349.0664587911772], [1373.945092492071, 1475.9720631159983], [1135.271225859078, 1401.9335412088228]], '자녁 ', 0.05944809987317155), ([[334.8913145942698, 1433.854389836506], [753.840261849324, 1283.4974665926197], [820.1086854057302, 1533.145610163494], [401.15973815067605, 1683.5025334073803]], '1 1(', 0.18986085057258606), ([[956.0869155269507, 1430.0298075623464], [1168.8045080801455, 1498.6685719686866], [1128.9130844730494, 1610.9701924376536], [916.1954919198544, 1541.3314280313134]], '[', 0.02933095710944489)]
[([[699, 456], [865, 456], [865, 595], [699, 595]], '아"', 0.43750705991351213), ([[909, 2144], [1311, 2144], [1311, 2381], [909, 2381]], '\'구어엌"', 0.10008751853118257), ([[66, 2386], [393, 2386], [393, 2545], [66, 2545]], '톤', 0.03873037234485488), ([[352, 2665], [1104, 2665], [1104, 2857], [352, 2857]], '상황파악 좀 하디니', 0.3481048171261155)]
[([[162, 122], [463, 122], [463, 259], [162, 259]], "'후어월", 0.05365296798866081), ([[603, 687], [813, 687], [813, 891], [603, 891]], '표', 0.03686309084117689), ([[946, 690], [1074, 690], [1074, 874], [946, 874]], '통', 0.21873373254364115), ([[535, 1157], [649, 1157], [649, 1269], [535, 1269]], '0', 0.5357113419398765), ([[936, 1204], [1130, 1204], [1130, 1406], [936, 1406]], '콩', 0.5462100133724199), ([[188, 1778], [996, 1778], [996, 1954], [188, 1954]], '화장실로 뛰어가디라', 0.6112310666665438), ([[435, 1973], [1253, 1973], [1253, 2157], [435, 2157]], '끄고 지 병에 들어감', 0.3405788216898347), ([[1071.6589557146558, 613.0026435952991], [1231.5909210311106, 594.15309797224], [1306.3410442853442, 1301.997356404701], [1145.4090789688894, 1320.84690202776]], '{', 0.5581508332636851), ([[341.2067488291307, 698.0125881176158], [783.9779615253627, 869.9505058182621], [700.7932511708693, 1062.987411882384], [258.0220384746373, 892.0494941817379]], '들들', 0.0015009601490475885)]
[([[95, 761], [317, 761], [317, 909], [95, 909]], '출출-', 0.24983808130471846), ([[776, 748], [1052, 748], [1052, 955], [776, 955]], '허미', 0.7314967313483752), ([[59, 1425], [391, 1425], [391, 1581], [59, 1581]], '033', 0.566453047734968), ([[147, 1756], [1054, 1756], [1054, 1938], [147, 1938]], '엄마아바는 병예서 자고냥고', 0.07131250858139669), ([[297, 1927], [1145, 1927], [1145, 2115], [297, 2115]], '나느웨어나서 침대보다니', 0.08139285812802866), ([[266, 2126], [1286, 2126], [1286, 2302], [266, 2302]], '그보기에서 나오지 모양지만', 0.24022379906177807), ([[-25.231496349534282, 936.1563759183066], [189.90273244871227, 897.3077149189534], [205.2314963495343, 1038.8436240816934], [-10.90273244871227, 1077.6922850810465]], '69', 0.17737741125403161)]
[([[1022, 236], [1170, 236], [1170, 396], [1022, 396]], '0', 0.985230076923699), ([[865, 1135], [1185, 1135], [1185, 1365], [865, 1365]], '텅!', 0.7757824590095893), ([[183, 1487], [1177, 1487], [1177, 1651], [183, 1651]], '오중사둘~ 잔 젖없더라', 0.021530165020644077), ([[415, 1625], [1265, 1625], [1265, 1811], [415, 1811]], '정검은사방팔방 튀어릿고', 0.042010472718686166)]
[([[364, 126], [962, 126], [962, 273], [364, 273]], '기모-다오요-!', 0.10985453593740413), ([[880, 1060], [1049, 1060], [1049, 1175], [880, 1175]], '그', 0.9397752826206585), ([[319, 1393], [1121, 1393], [1121, 1567], [319, 1567]], '학교기논결도 정반대적히고', 0.11619635906011955), ([[844, 1781], [968, 1781], [968, 1898], [844, 1898]], '국', 0.5056152062470574), ([[869, 2089], [1026, 2089], [1026, 2223], [869, 2223]], '69', 0.5675140005515038), ([[381, 2671], [1055, 2671], [1055, 2830], [381, 2830]], '첫 수업시간도 다고', 0.5423835348054433), ([[757.8977778369124, 805.033778741672], [1047.0881701288274, 851.3436370653707], [1015.1022221630876, 1003.966221258328], [725.9118298711725, 957.6563629346293]], '총6', 0.034353338566468945)]
[([[980, 220], [1122, 220], [1122, 344], [980, 344]], '0', 0.41322138474839676), ([[65, 249], [230, 249], [230, 579], [65, 579]], '%', 0.860395918995355), ([[396, 506], [1197, 506], [1197, 1013], [396, 1013]], '()', 0.29606156667456024), ([[358, 1362], [1076, 1362], [1076, 1531], [358, 1531]], '그래서 바로이불발고', 0.8298210688878102), ([[688, 1528], [1070, 1528], [1070, 1674], [688, 1674]], '방가서 잠', 0.6675100986509904)]
[([[277, 154], [873, 154], [873, 346], [277, 346]], '(어우너무자자고', 0.2041258968382705), ([[382, 717], [670, 717], [670, 857], [382, 857]], '소아아-', 0.6779743432998657), ([[915, 1073], [1173, 1073], [1173, 1233], [915, 1233]], '이', 0.44534074043727756), ([[426, 1353], [778, 1353], [778, 1512], [426, 1512]], "'왜냐입", 0.13642153143882751), ([[316, 1639], [1074, 1639], [1074, 1796], [316, 1796]], '끄고화쁨 잊어나데', 0.014648943953486432)]
[([[60, 48], [629, 48], [629, 288], [60, 288]], '@뱃먼켓다', 0.010849025978029813), ([[68, 247], [521, 247], [521, 417], [68, 417]], '말뼈다', 0.05149763059139332), ([[312, 1270], [386, 1270], [386, 1370], [312, 1370]], '0', 0.9990396422273449), ([[665, 1247], [1109, 1247], [1109, 1388], [665, 1388]], '냄서 !{곰', 0.24719844571925867), ([[249, 1633], [1103, 1633], [1103, 1793], [249, 1793]], '엄마가| 원 발래나실래', 0.16312906177807818), ([[412, 1799], [1185, 1799], [1185, 1992], [412, 1992]], '땀씨 @문하귀침', 0.05463008538617927), ([[456.1743749006155, 671.0284360589242], [674.971318092425, 746.170817794464], [638.8256250993845, 839.9715639410758], [420.028681907575, 763.829182205536]], '집안실', 0.342594090925351), ([[482.01796553451794, 790.0371450556366], [753.7873004489741, 841.658003580774], [726.9820344654821, 947.9628549443634], [455.21269955102593, 896.341996419226]], '도로{', 0.3518834427748993)]
[([[183, 701], [339, 701], [339, 871], [183, 871]], '9', 0.9886245640706228), ([[1271, 613], [1440, 613], [1440, 823], [1271, 823]], '2', 0.02545880709054793), ([[1200, 942], [1272, 942], [1272, 1018], [1200, 1018]], '0', 0.9991944267143857), ([[183, 2097], [1244, 2097], [1244, 2269], [183, 2269]], '끝서슬쩍 누나방보논 &래', 0.05414907610358031)]
[([[198, 128], [658, 128], [658, 297], [198, 297]], "'놔어디?", 0.31028754991119833), ([[351, 499], [481, 499], [481, 591], [351, 591]], '지구', 0.2679260797069859), ([[376, 584], [602, 584], [602, 710], [376, 710]], '뻔다', 0.1926129218665543), ([[364, 844], [634, 844], [634, 996], [364, 996]], '부에?', 0.9564003696476278), ([[685, 1131], [935, 1131], [935, 1259], [685, 1259]], "'아외", 0.6604196934826608), ([[171, 1587], [1229, 1587], [1229, 1743], [171, 1743]], '어디가나물어보니 친구만나저가대', 0.37782870493180687), ([[101, 1723], [1343, 1723], [1343, 1887], [101, 1887]], '근데 부스년이 서물뷰 친까있음하발', 0.007621268870095492), ([[257, 1879], [1297, 1879], [1297, 2039], [257, 2039]], '확부내_라나 원보니 팬 아니개', 0.020478404595574883)]
[([[328, 174], [837, 174], [837, 326], [328, 326]], '디겨워습니다-', 0.26731533406606317), ([[66, 887], [318, 887], [318, 1055], [66, 1055]], '꼬', 0.2737257404359674), ([[210, 2379], [1246, 2379], [1246, 2539], [210, 2539]], '저녁다언가 그때 떠졸-', 0.09086986199600737), ([[256.90262719059507, 1560.0865513007489], [341.48362172364926, 1578.3613167403753], [327.09737280940493, 1636.9134486992511], [242.51637827635076, 1618.6386832596247]], '1', 0.5303591268494223)]
[([[259, 523], [506, 523], [506, 624], [259, 624]], '|', 0.09259176724811713), ([[63, 1237], [834, 1237], [834, 1450], [63, 1450]], '야 잠깐여기존해', 0.1789223096806757), ([[1080, 2202], [1189, 2202], [1189, 2333], [1080, 2333]], '욕', 0.007133283554200176), ([[107, 3810], [281, 3810], [281, 4084], [107, 4084]], '0', 0.8164821476102588), ([[183, 4077], [315, 4077], [315, 4246], [183, 4246]], '0', 0.9904406739151597), ([[720, 4110], [1224, 4110], [1224, 4249], [720, 4249]], '예 아예!', 0.48161579523384535), ([[137, 4464], [1292, 4464], [1292, 4626], [137, 4626]], '끄데니 나부하다 제방요 와고', 0.12310107553272065)]
[([[230, 188], [1060, 188], [1060, 389], [230, 389]], '어젯밤번; 숲아서 -', 0.1736059366115848), ([[233, 536], [792, 536], [792, 699], [233, 699]], '나도만주표어서', 0.3501272578889062), ([[570, 794], [1092, 794], [1092, 953], [570, 953]], "'이만 실수없어 .", 0.05586105620885204), ([[28, 1288], [240, 1288], [240, 1415], [28, 1415]], "' 0", 0.5984470248222351), ([[238, 1335], [411, 1335], [411, 1487], [238, 1487]], '(비', 0.26752605464666)]
[([[484, 76], [1066, 76], [1066, 235], [484, 235]], '할아기다켓으면', 0.09895313418266034), ([[688, 226], [1008, 226], [1008, 372], [688, 372]], '가불께_', 0.14938564598560333), ([[841, 686], [1088, 686], [1088, 794], [841, 794]], '그꽤', 0.9370614986658637), ([[100, 1224], [558, 1224], [558, 1464], [100, 1464]], '* 4', 0.014721440666281265)]
[([[263, 251], [483, 251], [483, 365], [263, 365]], '근데', 0.9242351710106521), ([[145, 369], [567, 369], [567, 505], [145, 505]], '나뉘앉앉어', 0.018373684792361823), ([[746, 702], [842, 702], [842, 838], [746, 838]], ')', 0.535645992165442)]
[([[383, 419], [623, 419], [623, 551], [383, 551]], '엄마', 0.9285879192735251), ([[359, 537], [627, 537], [627, 673], [359, 673]], '나밥', 0.9619527016905192), ([[585, 763], [987, 763], [987, 921], [585, 921]], '밥뤄앉나?', 0.019845515388487882), ([[194, 1112], [1248, 1112], [1248, 1282], [194, 1282]], '벤험학교친구들이당 숙미세여 노와', 0.12973436877978142), ([[333, 1279], [1163, 1279], [1163, 1417], [333, 1417]], '(고시전엔 집세또 으없니', 0.026530923730836892), ([[560, 1422], [1148, 1422], [1148, 1566], [560, 1566]], '얘기할일이 업없음', 0.17139005070683694), ([[342.84090277120424, 93.07495133827283], [467.3036593013197, 111.52879816092373], [453.15909722879576, 187.92504866172717], [328.6963406986803, 169.4712018390763]], '으어', 0.9693328490450601), ([[888.7913421963298, 479.0457169915528], [1039.852975184152, 508.99405979617194], [1010.2086578036702, 642.9542830084472], [858.1470248158481, 614.0059402038281]], '60', 0.14818784430027454)]
[([[726, 94], [1101, 94], [1101, 231], [726, 231]], '아리별려', 0.1828775256872177), ([[376, 193], [705, 193], [705, 436], [376, 436]], '낮', 0.05005430516314413), ([[759, 207], [1235, 207], [1235, 346], [759, 346]], '특험히하하다', 0.01670977988490667), ([[247, 1418], [877, 1418], [877, 1602], [247, 1602]], '나중예 사촌분강', 0.03780278261235547), ([[674, 1576], [1138, 1576], [1138, 1741], [674, 1741]], '존나 친해제서', 0.6900324647621088), ([[548, 1892], [883, 1892], [883, 2057], [548, 2057]], '오취랜}', 0.39175450801849365), ([[200, 2930], [1250, 2930], [1250, 3094], [200, 3094]], '눈방서 꼴어안고 영화 보다가', 0.4429974504496932), ([[322.07046540603244, 896.0180074756368], [782.7168310490653, 1008.3241429584251], [724.9295345939676, 1201.9819925243632], [264.2831689509348, 1088.6758570415748]], '닮어직처', 0.020096581429243088), ([[1243.2229487538725, 2260.0232441896715], [1421.996209271458, 2358.6860819016556], [1367.7770512461275, 2452.9767558103285], [1189.003790728542, 2354.3139180983444]], '외4아', 0.3546703846474999)]
[([[843, 256], [1222, 256], [1222, 403], [843, 403]], '29', 0.25563670653618903), ([[795, 373], [1262, 373], [1262, 524], [795, 524]], '하나남문 .', 0.1087591253109982), ([[997, 510], [1314, 510], [1314, 639], [997, 639]], '안먹어?', 0.7376229763031006), ([[399, 2733], [1156, 2733], [1156, 2930], [399, 2930]], '난 가슴이중언데', 0.05747585252172068), ([[234, 3088], [1208, 3088], [1208, 3248], [234, 3248]], '내가찌찌만저쥐까 급플렉서', 0.11817064226384066), ([[558, 3219], [1108, 3219], [1108, 3367], [558, 3367]], '맨정신에 도떡침', 0.10323212470466782), ([[508, 3352], [890, 3352], [890, 3502], [508, 3502]], '한 나번삼', 0.6975996594151249)]
[([[273, 122], [975, 122], [975, 320], [273, 320]], '이외서박습다다', 0.12438937059019109), ([[1134, 852], [1347, 852], [1347, 1087], [1134, 1087]], '척:', 0.17044053964276876), ([[991, 2272], [1419, 2272], [1419, 2500], [991, 2500]], "엔색'", 0.1857314586413269), ([[141, 3067], [828, 3067], [828, 3229], [141, 3229]], '입대하고 휴나가서', 0.5492763925172331), ([[511, 3198], [1293, 3198], [1293, 3347], [511, 3347]], '여자친구역 독록히 해주', 0.1320843227912482), ([[47.34798956856526, 146.05464248533545], [296.1442971868081, 129.80161404094017], [297.65201043143475, 346.9453575146645], [48.85570281319187, 364.19838595905986]], '당장', 0.9035348531768711)]
[([[369, 190], [1256, 190], [1256, 385], [369, 385]], '해운해 새모델생대 !', 0.05541994345937144), ([[120, 2774], [1314, 2774], [1314, 2923], [120, 2923]], '지급은 절하고 내려간때마다 하고퍽', 0.14849784262241636), ([[1039.227557680205, 485.0229690274474], [1232.9978321138824, 583.762596673719], [1181.772442319795, 678.9770309725526], [988.0021678861177, 580.237403326281]], '가보자 ', 0.4152409250995497), ([[1103.2651852246083, 611.0225191611146], [1331.9951447289836, 700.6586747434842], [1289.7348147753917, 797.9774808388854], [1062.0048552710164, 708.3413252565158]], '가보하 !', 0.5020296970770273)]
[([[1181, 799], [1331, 799], [1331, 931], [1181, 931]], '라', 0.721523772256262), ([[480, 884], [576, 884], [576, 1012], [480, 1012]], '0', 0.9588132737940782), ([[243, 1951], [1109, 1951], [1109, 2109], [243, 2109]], '얼마전히 술 서면서 울러라', 0.12599253738013175), ([[561, 2103], [1199, 2103], [1199, 2259], [561, 2259]], '원가 왜 가족이나고', 0.4805874474624057), ([[53.69230769230769, 276.46153846153845], [548.6000825379316, 174.7567722231972], [570.3076923076923, 335.53846153846155], [75.39991746206842, 438.2432277768028]], '(위왜기속야? ', 0.1079966868475945), ([[82.00059982005997, 401.3029391182939], [434.3485727846017, 352.15780703179223], [441.99940017994004, 479.6970608817061], [89.65142721539834, 528.8421929682078]], '6어허영', 0.02222108095884323), ([[177.98844887429055, 518.6919142120034], [380.30740602859026, 452.78979854122355], [406.01155112570945, 538.3080857879966], [204.69259397140974, 605.2102014587765]], '천7', 0.0258359560180499), ([[1125.4956038652003, 944.2258212586013], [1221.6992920591003, 898.4975839842836], [1270.5043961347997, 1026.7741787413986], [1174.3007079408997, 1071.5024160157166]], ')', 0.07505389886361602), ([[966.848257284916, 1232.194492671296], [1049.253756228541, 1285.7661822928756], [934.151742715084, 1458.805507328704], [852.746243771459, 1405.2338177071244]], '0', 0.06472249127230967)]
[([[76, 302], [250, 302], [250, 492], [76, 492]], '콩', 0.0099035493005451), ([[158, 2287], [1273, 2287], [1273, 2462], [158, 2462]], '차라리들서 호직피하2 퇴돼자떼', 0.006834646470414061), ([[554, 2421], [1241, 2421], [1241, 2565], [554, 2565]], '너무비현실적이서 욕함', 0.4285042079053949), ([[799.9745836623322, 338.2424187064597], [1370.788882421917, 281.3249972150406], [1372.0254163376678, 437.7575812935403], [802.2111175780831, 494.6750027849594]], '"있제서차작', 0.04114309248344437), ([[751.303503170296, 479.2031209239542], [1233.631849655531, 430.1165722902165], [1235.6964968297038, 580.7968790760458], [753.3681503444691, 628.8834277097835]], '요석피인디음끼', 0.0498457916195435), ([[846.4904844417042, 586.1862457594185], [1276.6417225709588, 545.3414329609773], [1278.5095155582958, 686.8137542405815], [848.3582774290412, 727.6585670390227]], '결혼활까? ?', 0.3232094914639294), ([[243.14095457565395, 615.0284140923744], [477.9166003436351, 688.5298178470659], [440.85904542434605, 791.9715859076256], [206.08339965636492, 719.4701821529341]], '사', 0.8115465052526503), ([[192.79612966910014, 1369.95729076837], [598.5896607361199, 1220.9300860652], [655.2038703308998, 1387.04270923163], [249.41033926388008, 1536.0699139348]], '정치려 ', 0.39305517077445984), ([[1249.4423423675723, 1837.0141446411762], [1332.6918671340281, 1879.258231261427], [1241.5576576324277, 2055.9858553588238], [1159.3081328659719, 2013.741768738573]], '0', 0.3098466619885585)]
[([[180, 140], [533, 140], [533, 293], [180, 293]], '나서울', 0.40483274978077616), ([[250, 260], [749, 260], [749, 435], [250, 435]], "'이직 할꺼야", 0.2795882956032399), ([[1139, 1285], [1298, 1285], [1298, 1509], [1139, 1509]], '5$', 0.09067172287775854), ([[523, 3138], [930, 3138], [930, 3308], [523, 3308]], '너강 색스', 0.2349580992993999), ([[600, 3296], [1079, 3296], [1079, 3470], [600, 3470]], '매일할야', 0.2729582142260844), ([[257, 3578], [899, 3578], [899, 3739], [257, 3739]], '서울로 이직하다논관', 0.06472586260127118), ([[724, 3709], [1187, 3709], [1187, 3843], [724, 3843]], '난 잘 모다', 0.5894289798252033)]
[([[1087, 194], [1270, 194], [1270, 314], [1087, 314]], '피', 0.10281973618973339), ([[235, 1078], [1124, 1078], [1124, 1219], [235, 1219]], '이권계 별로안쫓다고생하고', 0.19426867084357885), ([[489, 1200], [1210, 1200], [1210, 1339], [489, 1339]], '나도다로여자 만니고싶다', 0.28804082598919245), ([[125.28148933587767, 162.23263814809044], [367.28146776052364, 112.74497441996276], [384.71851066412233, 251.76736185190956], [142.71853223947636, 300.2550255800372]], '각오히', 0.5469432243394222), ([[595.0769230769231, 584.3846153846154], [966.7724812852811, 492.7153611305005], [992.9230769230769, 641.6153846153846], [621.2275187147189, 733.2846388694995]], "(('쓸", 0.05098411813378334)]
[([[352, 105], [1086, 105], [1086, 279], [352, 279]], '그러다 금요일 밤 ,', 0.961411589274117), ([[352, 650], [537, 650], [537, 736], [352, 736]], '어어', 0.11858782767225241), ([[880, 834], [1109, 834], [1109, 998], [880, 998]], '어녁', 0.058923947595642186), ([[814, 3212], [1045, 3212], [1045, 3351], [814, 3351]], '아-', 0.32060572121124414), ([[748, 3338], [1155, 3338], [1155, 3526], [748, 3526]], '돈돌아', 0.26121156469273465), ([[204, 3857], [973, 3857], [973, 4031], [204, 4031]], '그날도 한잔만 더 매면', 0.47485729078537225), ([[512, 3996], [1169, 3996], [1169, 4146], [512, 4146]], '도발거은 상현 왜서', 0.025120945998545436), ([[888, 4116], [1187, 4116], [1187, 4266], [888, 4266]], '누앞는데', 0.09352206438779831), ([[1188.317099425174, 1544.0106014906069], [1343.0960603610426, 1504.2189437758225], [1434.682900574826, 1909.9893985093931], [1279.9039396389574, 1948.7810562241775]], '푹', 0.06120036066331047)]
[([[340, 398], [1073, 398], [1073, 670], [340, 670]], '{*<,{', 0.005676247278502835), ([[707, 933], [1039, 933], [1039, 1134], [707, 1134]], '움사백', 0.009316315131576818), ([[721, 1091], [1045, 1091], [1045, 1273], [721, 1273]], '넥백', 0.6751134686586366), ([[260, 1442], [1082, 1442], [1082, 1642], [260, 1642]], '넥 도각누고 둘안', 0.012109441766250962), ([[710, 1606], [1176, 1606], [1176, 1752], [710, 1752]], '쇠가둘래', 0.8776214122772217), ([[71.45801444385562, 127.64503610963904], [545.7360030876015, -38.64357178001971], [594.5419855561444, 145.35496389036098], [120.26399691239848, 312.6435717800197]], '아돈파', 0.12530827798565647)]
[([[256, 166], [444, 166], [444, 310], [256, 310]], '뼈_', 0.7050724426991745), ([[109, 1673], [1337, 1673], [1337, 1885], [109, 1885]], '사촌나나안,하고 자논청-', 0.08290277959373053), ([[441.94606962717205, 163.02925328909717], [824.4859315254141, 222.61020095702565], [791.053930372828, 380.97074671090286], [408.5140684745858, 321.38979904297435]], '뼈리-!', 0.12610238790512085)]
[([[848, 442], [918, 442], [918, 498], [848, 498]], '7', 0.9769000024641947), ([[868, 706], [1046, 706], [1046, 876], [868, 876]], '끼식', 0.16292703794007848), ([[410, 1312], [1026, 1312], [1026, 1528], [410, 1528]], '바들어오더라', 0.2068634095087309), ([[856.8929251965881, 1118.0472248000804], [1019.8495657338595, 1146.653244729844], [995.1070748034119, 1260.9527751999196], [832.1504342661405, 1231.346755270156]], '~', 0.8017586434238275)]
