2709509
15
[([[97, 1550], [559, 1550], [559, 1676], [97, 1676]], '남사친 만고속좋이하는', 0.05084494195474156), ([[374, 1648], [591, 1648], [591, 1739], [374, 1739]], '여사친텅', 0.1650093048810959), ([[230, 1774], [456, 1774], [456, 1848], [230, 1848]], "그린이 '딸반", 0.22289601066796483), ([[260.56216786052136, 56.27353858629394], [485.4492239447299, 24.36864431576703], [492.43783213947864, 121.72646141370606], [268.5507760552701, 153.63135568423297]], '말죽어-!', 0.10647456676507899), ([[69.39348201789892, 97.31327627338557], [271.2409344905459, 66.03299658610464], [279.6065179821011, 159.68672372661442], [77.75906550945409, 190.96700341389536]], '마서-!', 0.6569485068321228), ([[101.22697931747608, 314.04281385728467], [201.97322306764454, 360.3883137659961], [174.77302068252393, 417.95718614271533], [74.02677693235545, 371.6116862340039]], '혜혜', 0.41988713908859304)]
[([[189, 75], [324, 75], [324, 141], [189, 141]], '저기서', 0.9989647984117015), ([[204, 146], [412, 146], [412, 222], [204, 222]], '슈다가자', 0.34291476011276245), ([[428, 1180], [508, 1180], [508, 1256], [428, 1256]], '(', 0.14189773629491587), ([[185, 1359], [493, 1359], [493, 1449], [185, 1449]], '자본 사갚디있금', 0.028201639791684763)]
[([[442, 66], [592, 66], [592, 122], [442, 122]], '끼우지말고', 0.6406884618174155), ([[415, 109], [614, 109], [614, 186], [415, 186]], '(남발리넣숙', 0.04401569686246807), ([[229, 1137], [492, 1137], [492, 1211], [229, 1211]], '에이(따이%', 0.0006105308608066838), ([[155, 1689], [485, 1689], [485, 1756], [155, 1756]], '0720 버거공7', 0.09553728129622466)]
[([[69, 21], [229, 21], [229, 83], [69, 83]], '머? 내가', 0.8964938539682493), ([[70, 78], [142, 78], [142, 132], [70, 132]], '44', 0.1919282817800795), ([[124, 65], [253, 65], [253, 146], [124, 146]], "'강잔줄", 0.4592517912387848), ([[161, 137], [321, 137], [321, 203], [161, 203]], '앞다고?', 0.42782635355869025), ([[337, 178], [661, 178], [661, 282], [337, 282]], '4회중네침_다)', 0.006105489734218524), ([[1, 315], [250, 315], [250, 417], [1, 417]], "'내가개켓자", 0.11817236773625875), ([[345, 1568], [499, 1568], [499, 1664], [345, 1664]], "넥이쥐'", 0.15590954091710513), ([[197, 1673], [533, 1673], [533, 1835], [197, 1835]], '()내 ?', 0.08470918115311665), ([[433.77900627025633, 2.0574664647169403], [598.7841178967047, 24.510504085386003], [578.2209937297437, 133.94253353528305], [414.2158821032953, 110.489495914614]], '하아', 0.19783760932612887), ([[232.9563638994289, 1555.0683656356596], [364.6561952354678, 1578.679940837737], [349.0436361005711, 1646.9316343643404], [217.34380476453222, 1623.320059162263]], '더세제', 0.08636833168801093)]
[([[405, 179], [591, 179], [591, 245], [405, 245]], '호늘현천이', 0.058794143032542476), ([[443, 225], [611, 225], [611, 285], [443, 285]], '개몰안네 -', 0.2448441023649131), ([[222, 676], [334, 676], [334, 728], [222, 728]], '저제', 0.2296352763871361)]
[([[203, 55], [475, 55], [475, 144], [203, 144]], '0기미|: 낯늘럽쪽', 0.0036211321857572095), ([[321, 128], [492, 128], [492, 195], [321, 195]], '뜨는데?', 0.28805139660835266), ([[70, 210], [276, 210], [276, 284], [70, 284]], '음?원말임?', 0.9899850055432297)]
[([[136, 132], [218, 132], [218, 180], [136, 180]], '기자', 0.9881404342452946), ([[193, 655], [445, 655], [445, 721], [193, 721]], '나는쓰이 꼬', 0.11890051830895208), ([[177, 700], [488, 700], [488, 776], [177, 776]], '바래다줄중말안스데', 0.05859357251735178), ([[228, 763], [478, 763], [478, 841], [228, 841]], '전혜도바차감어', 0.010271682155966569), ([[208, 1124], [498, 1124], [498, 1196], [208, 1196]], '다래#도가화야지', 0.049290960158774655)]
[([[142, 16], [552, 16], [552, 112], [142, 112]], '슬좋아하나고물어보면', 0.37801990416683673), ([[78, 159], [461, 159], [461, 273], [78, 273]], '나물가?가 졸혼거지', 0.012829580763893442), ([[188, 254], [473, 254], [473, 343], [188, 343]], '슬음좋아하진않아-', 0.3271208418756884), ([[37, 1653], [658, 1653], [658, 1763], [37, 1763]], '술은안쪽이하다데 술자건좋하다함', 0.03426602222805547), ([[17.15798332046345, 493.2897482934367], [142.2691703486926, 481.13018400651566], [144.84201667953656, 535.7102517065633], [19.730829651307396, 547.8698159934844]], '소8맥2', 0.3315502107143402)]
[([[248, 55], [603, 55], [603, 152], [248, 152]], '유집근처락이인데', 0.02761355825443961), ([[265, 141], [547, 141], [547, 231], [265, 231]], '후주마이러고', 0.17028484057084614), ([[382, 218], [574, 218], [574, 292], [382, 292]], '용귀+ 젊지?', 0.009967370794689106), ([[211, 1009], [305, 1009], [305, 1099], [211, 1099]], '부법', 0.11825788997751131), ([[374, 1458], [618, 1458], [618, 1536], [374, 1536]], '헤헤이부지?!', 0.07873314725942658), ([[47, 1478], [308, 1478], [308, 1594], [47, 1594]], '표하나그떨다', 0.045152448748750164), ([[82, 1564], [270, 1564], [270, 1640], [82, 1640]], "'9정개불_", 0.43788891820082576), ([[90, 1670], [402, 1670], [402, 1748], [90, 1748]], '길고양기 좋이하고', 0.623737436700765), ([[237, 1740], [654, 1740], [654, 1816], [237, 1816]], '핸드포의으방 깨져윗큼', 0.006676272714991736)]
[([[17, 44], [403, 44], [403, 129], [17, 129]], '더왜 숲리자주만와?!', 0.0892134701616514), ([[93, 111], [386, 111], [386, 200], [93, 200]], '외려말다-너없은', 0.006117774670174526), ([[519, 1004], [619, 1004], [619, 1081], [519, 1081]], '구육', 0.14494255936047296), ([[302, 1352], [548, 1352], [548, 1432], [302, 1432]], '아! 저리증가며', 0.23150732994735163), ([[335, 1413], [619, 1413], [619, 1497], [335, 1497]], "'가까이 불지말고-!", 0.5228569659261705), ([[184, 1774], [526, 1774], [526, 1852], [184, 1852]], '외로움올겁나잘다고', 0.579378187836903)]
[([[118, 164], [246, 164], [246, 286], [118, 286]], '합!', 0.32282241069476014), ([[210, 328], [362, 328], [362, 472], [210, 472]], '씨', 0.24439416679413828)]
[([[101, 52], [474, 52], [474, 156], [101, 156]], '더눈나안망:?', 0.1829521854659556), ([[560, 396], [594, 396], [594, 426], [560, 426]], '2', 0.9413053928640558), ([[213, 1318], [474, 1318], [474, 1419], [213, 1419]], '애정결집임', 0.23139015350880282), ([[5.526856441764061, 246.62251239276296], [194.2807273840012, 209.39379326176314], [205.47314355823593, 292.377487607237], [16.719272615998776, 329.60620673823684]], "위친귀아'", 0.36725518633207604), ([[566.3910845259202, 323.0232072895539], [687.7611400011626, 413.05971499970934], [644.6089154740798, 469.9767927104461], [524.2388599988374, 379.94028500029066]], '따륙 !', 0.15664559602737427)]
[([[370, 87], [467, 87], [467, 144], [370, 144]], '뚫아', 0.3374867820800384), ([[490, 100], [514, 100], [514, 138], [490, 138]], '!', 0.9504041078870706), ([[236, 556], [452, 556], [452, 634], [236, 634]], '마지막으로', 0.4917718178114735), ([[14.006498598929184, 135.1253445358238], [89.86493975840499, 146.96934939775866], [82.99350140107082, 181.8746554641762], [7.135060241595015, 169.03065060224134]], '어어', 0.43184628108106426)]
[([[131, 93], [283, 93], [283, 159], [131, 159]], '00아', 0.6485547423481636), ([[180, 724], [465, 724], [465, 826], [180, 826]], '다-너무힘들어_', 0.1875931177707113), ([[149, 871], [506, 871], [506, 967], [149, 967]], '넓홀물3 남권진무중', 0.013251958257598407), ([[245, 966], [470, 966], [470, 1057], [245, 1057]], '초한명빵', 0.16584327816963196), ([[326.3947281234448, 513.0367706122473], [421.97870337027973, 563.5390089471963], [398.6052718765552, 604.9632293877527], [304.02129662972027, 554.4609910528037]], '으어어', 0.5353611707687378)]
[([[122, 212], [174, 212], [174, 296], [122, 296]], '털', 0.5200086385042688)]
