2715061
14
[([[49, 185], [89, 185], [89, 265], [49, 265]], ';', 0.20181796914722216), ([[93, 205], [133, 205], [133, 247], [93, 247]], '(1', 0.9458421014101299), ([[0, 188], [93, 188], [93, 368], [0, 368]], '7', 0.05504951143731862), ([[46, 586], [88, 586], [88, 618], [46, 618]], '[정8', 0.01834373051870306), ([[895, 631], [1077, 631], [1077, 723], [895, 723]], '생:', 0.0026441016654573544)]
[([[180, 32], [230, 32], [230, 134], [180, 134]], '응', 0.9675079289536512), ([[244, 518], [295, 518], [295, 601], [244, 601]], '양', 0.9959587240081227), ([[140.72542213401374, 626.1369418164631], [180.6029922357712, 600.030376865865], [232.27457786598626, 683.8630581835369], [192.3970077642288, 710.969623134135]], '용', 0.9953118801769598)]
[([[125, 219], [201, 219], [201, 382], [125, 382]], '양', 0.2590672297819765), ([[92, 784], [205, 784], [205, 1065], [92, 1065]], '영', 0.43207298151716955), ([[323, 710], [412, 710], [412, 965], [323, 965]], '용', 0.05026754891549445), ([[898.3097315100374, 105.02650963048576], [964.2506474687191, 95.28595467239535], [985.6902684899626, 252.97349036951422], [920.7493525312809, 263.71404532760465]], '별', 0.022151286037521922), ([[786.3929852479832, 155.10809083507613], [860.7485394338622, 112.02336905820533], [931.6070147520168, 252.89190916492387], [858.2514605661378, 295.97663094179467]], '벌', 0.0496750253965248)]
[([[54, 138], [230, 138], [230, 370], [54, 370]], '=', 0.9998264388059397), ([[792, 44], [868, 44], [868, 268], [792, 268]], '용', 0.26610043084998836), ([[545, 351], [626, 351], [626, 592], [545, 592]], '물', 0.1683471306050741), ([[667, 573], [825, 573], [825, 615], [667, 615]], '결국 시간도', 0.8232457680903867), ([[671, 611], [821, 611], [821, 651], [671, 651]], '잊어버리고', 0.9686880774361709), ([[354, 632], [408, 632], [408, 684], [354, 684]], '하', 0.9984134772821704), ([[683, 647], [815, 647], [815, 689], [683, 689]], '몇 번이나', 0.9701913380382203), ([[669, 685], [827, 685], [827, 727], [669, 727]], '더 해버로다', 0.35733108775419886), ([[185, 1067], [249, 1067], [249, 1161], [185, 1161]], '하', 0.2974001379954849), ([[152.03156499751168, 578.0588329795958], [212.86195309901038, 561.2196959791352], [242.96843500248832, 675.9411670204042], [181.13804690098962, 693.7803040208648]], '양', 0.523051120868331)]
[([[536, 112], [584, 112], [584, 220], [536, 220]], '벼', 0.08893805315788317), ([[770, 214], [882, 214], [882, 244], [770, 244]], '남자 교사는', 0.552115977998886), ([[760, 240], [892, 240], [892, 270], [760, 270]], '필요 없다면서', 0.9279406034613732), ([[792, 266], [856, 266], [856, 292], [792, 292]], '스스로', 0.9999856154811396), ([[776, 292], [874, 292], [874, 320], [776, 320]], '요구 해 올', 0.998857718698158), ([[792, 318], [858, 318], [858, 348], [792, 348]], '정도로', 0.9997509246159098), ([[612, 474], [678, 474], [678, 500], [612, 500]], '부 하고', 0.4130129606263664), ([[604, 498], [664, 498], [664, 524], [604, 524]], '안쪽에', 0.8096191761086016), ([[624, 522], [664, 522], [664, 546], [624, 546]], '잔뜩', 0.999649271943838), ([[624, 546], [668, 546], [668, 572], [624, 572]], '정자', 0.9997800005394264), ([[594, 570], [670, 570], [670, 596], [594, 596]], '내보내쥐', 0.9702828526496887)]
[([[227, 267], [311, 267], [311, 465], [227, 465]], '8', 0.9949179056466306), ([[79, 305], [241, 305], [241, 723], [79, 723]], '#', 0.011591690161248336), ([[160, 1008], [226, 1008], [226, 1064], [160, 1064]], '8', 0.3640141568141644), ([[165, 1057], [221, 1057], [221, 1071], [165, 1071]], '4신니아내', 0.005592591033908144)]
[([[657, 859], [673, 859], [673, 927], [657, 927]], '{', 0.09406122850487009), ([[733, 859], [751, 859], [751, 939], [733, 939]], '"', 0.1327846011311209), ([[653, 855], [722, 855], [722, 1043], [653, 1043]], '#', 0.13666644407897), ([[733, 949], [749, 949], [749, 981], [733, 981]], '짧', 0.044970248125395296), ([[741, 851], [839, 851], [839, 1022], [741, 1022]], '"쭉', 0.06321208505142191), ([[703, 1013], [715, 1013], [715, 1041], [703, 1041]], '육', 0.2844415495204409), ([[703, 1039], [715, 1039], [715, 1063], [703, 1063]], '공', 0.14365532866351316), ([[821, 1051], [867, 1051], [867, 1067], [821, 1067]], '7커++안대', 0.004166305639813774), ([[655, 1045], [671, 1045], [671, 1099], [655, 1099]], '"', 0.048900631280290874), ([[701, 1059], [717, 1059], [717, 1081], [701, 1081]], '틈', 0.0708641409518842)]
[([[660, 1038], [756, 1038], [756, 1190], [660, 1190]], "'8", 0.06152645741893977), ([[668, 1188], [698, 1188], [698, 1226], [668, 1226]], '1', 0.9998623180099777), ([[614, 1113], [666, 1113], [666, 1352], [614, 1352]], '7', 0.15380554647424916)]
[([[384, 130], [484, 130], [484, 156], [384, 156]], '우리 학교에', 0.9608016526329707), ([[382, 154], [484, 154], [484, 180], [382, 180]], '남자 교사는', 0.2666180899733906), ([[374, 178], [496, 178], [496, 206], [374, 206]], '필요 없습나다', 0.7362106208838038), ([[304, 262], [364, 262], [364, 288], [304, 288]], '당신이', 0.999897450686526), ([[294, 286], [372, 286], [372, 312], [294, 312]], '어머니의', 0.9975818395614624), ([[276, 310], [392, 310], [392, 338], [276, 338]], '지인일지라도', 0.9989768048872552), ([[312, 336], [354, 336], [354, 360], [312, 360]], '저논', 0.7968714315920337), ([[288, 358], [378, 358], [378, 386], [288, 386]], '인정 활 수', 0.8514534887601153), ([[304, 382], [362, 382], [362, 408], [304, 408]], '없어요', 0.99874527871287), ([[430, 450], [488, 450], [488, 476], [430, 476]], '복장도', 0.9980706573829763), ([[401, 471], [506, 471], [506, 500], [401, 500]], '단정치 양고', 0.5328956296627801), ([[408, 498], [510, 498], [510, 524], [408, 524]], '정말 교사는', 0.7844567858956135), ([[406, 522], [512, 522], [512, 548], [406, 548]], '맞는건가요?', 0.4050401059844227), ([[84, 902], [116, 902], [116, 926], [84, 926]], '오-', 0.9995794003635573), ([[70, 924], [130, 924], [130, 950], [70, 950]], '무섭네', 0.985439658164978), ([[64, 948], [136, 948], [136, 974], [64, 974]], '무서워~', 0.8342175023038313), ([[372, 1068], [470, 1068], [470, 1098], [372, 1098]], '죄송하지만', 0.6025427724073694), ([[370, 1094], [472, 1094], [472, 1122], [370, 1122]], '오늘은 이만', 0.978991014348979), ([[364, 1116], [478, 1116], [478, 1146], [364, 1146]], '돌아가주세요', 0.998794988139947)]
[([[234, 118], [296, 118], [296, 148], [234, 148]], '푸하~', 0.8445474723036196), ([[545, 77], [610, 77], [610, 226], [545, 226]], '옷', 0.6394334712231888), ([[878, 618], [918, 618], [918, 648], [878, 648]], '오?', 0.9999917392276855), ([[840, 646], [956, 646], [956, 676], [840, 676]], '아까까지의', 0.8851771952356343), ([[862, 676], [934, 676], [934, 706], [862, 706]], '기세능', 0.24229206094641864), ([[278, 702], [350, 702], [350, 734], [278, 734]], '저항도', 0.8208794942928643), ([[834, 704], [962, 704], [962, 736], [834, 736]], '어디간거야?', 0.9998114114221236), ([[256, 730], [358, 730], [358, 762], [256, 762]], '하지 양고', 0.7203461570188118), ([[290, 762], [338, 762], [338, 790], [290, 790]], '혹시', 0.968977714344145), ([[248, 788], [378, 788], [378, 820], [248, 820]], '처음이옆나?', 0.5591198962361298), ([[328, 1068], [380, 1068], [380, 1098], [328, 1098]], '내가', 0.9999632481459069), ([[316, 1096], [388, 1096], [388, 1128], [316, 1128]], '남자의', 0.9999469357162452), ([[307, 1123], [397, 1123], [397, 1155], [307, 1155]], '필요성들', 0.4011601507663727), ([[328, 1154], [376, 1154], [376, 1186], [328, 1186]], '알려', 0.9999668727377855), ([[306, 1182], [400, 1182], [400, 1214], [306, 1214]], '쥐야켓네', 0.9927436113357544)]
[([[183, 123], [221, 123], [221, 161], [183, 161]], '에', 0.9995890086067902), ([[858, 328], [924, 328], [924, 376], [858, 376]], '우응', 0.8947405838173077), ([[612, 684], [662, 684], [662, 716], [612, 716]], '너희', 0.9995209925286684), ([[580, 714], [696, 714], [696, 746], [580, 746]], '어머니하곧', 0.6067996206482117), ([[612, 744], [662, 744], [662, 774], [612, 774]], '하지', 0.9993320378105133), ([[591, 771], [687, 771], [687, 807], [591, 807]], '않앗없지', 0.26290085911750793), ([[851, 805], [951, 805], [951, 841], [851, 841]], '엄마보다', 0.9995556473731995), ([[874, 838], [926, 838], [926, 868], [874, 868]], '크게', 0.9996361235034235), ([[849, 865], [951, 865], [951, 901], [849, 901]], '자랑구나', 0.1777651309967041), ([[846, 1106], [920, 1106], [920, 1138], [846, 1138]], '딸하고', 0.8631569105514915), ([[820, 1134], [948, 1134], [948, 1166], [820, 1166]], '이럴 수 있는', 0.1540956062338396), ([[812, 1163], [954, 1163], [954, 1196], [812, 1196]], '기회가 오다니', 0.9973892046744316), ([[814, 1193], [952, 1193], [952, 1223], [814, 1223]], '감사해야켓네', 0.6018519368448401)]
[([[866, 572], [962, 572], [962, 604], [866, 604]], '탄력이량', 0.4420362412929535), ([[866, 601], [962, 601], [962, 633], [866, 633]], '손가락에', 0.9965193867683411), ([[456, 618], [516, 618], [516, 650], [456, 650]], '좋아', 0.9880695392775738), ([[435, 645], [543, 645], [543, 681], [435, 681]], '정말 좋아', 0.9922825447862612), ([[865, 631], [963, 631], [963, 667], [865, 667]], '달라불는', 0.8402078747749329), ([[181, 657], [302, 657], [302, 714], [181, 714]], '0?;', 0.009571336628269683), ([[858, 662], [960, 662], [960, 694], [858, 694]], '감추까지 .', 0.4813025694565428), ([[540, 768], [704, 768], [704, 870], [540, 870]], '[이', 0.0017806509549794503), ([[761.048697011691, -28.97736275448875], [1020.5621185796967, 60.837847110702825], [958.951302988309, 220.97736275448875], [699.4378814203033, 129.16215288929718]], '0화;', 0.05636446779138839), ([[7.570639950856115, 56.00838274191649], [86.60389885899788, 39.01658950197613], [147.4293600491439, 333.9916172580835], [69.39610114100212, 351.9834104980239]], '{', 0.025329919156465763), ([[889.336336351604, 748.0315316918424], [947.4330432475864, 743.4364414716273], [956.663663648396, 866.9684683081576], [899.5669567524136, 872.5635585283727]], '양', 0.9807751934932298)]
[([[440, 672], [490, 672], [490, 704], [440, 704]], '싫어', 0.9962791995880328), ([[450, 702], [502, 702], [502, 732], [450, 732]], '그만', 0.9999976397772992), ([[428, 729], [522, 729], [522, 759], [428, 759]], '해주세요', 0.9996235370635986), ([[824, 726], [904, 726], [904, 756], [824, 756]], '이 이상', 0.9962566686581413), ([[828, 756], [902, 756], [902, 786], [828, 786]], '햇다간', 0.9932220514428449), ([[838, 784], [888, 784], [888, 814], [838, 814]], '소리', 0.9999978083645809), ([[806, 814], [922, 814], [922, 844], [806, 844]], '지흘거에요', 0.7132231021908944), ([[138, 1040], [168, 1040], [168, 1068], [138, 1068]], '그', 0.9999787808590241), ([[126, 1068], [176, 1068], [176, 1100], [126, 1100]], '그건', 0.9997440939273833), ([[376, 1158], [478, 1158], [478, 1190], [376, 1190]], '상관 없어', 0.6432417890853301), ([[402, 1188], [452, 1188], [452, 1218], [402, 1218]], '소리', 0.9999985670074514), ([[256, 1216], [328, 1216], [328, 1248], [256, 1248]], '싫다고', 0.9937735498694014), ([[379, 1215], [475, 1215], [475, 1245], [379, 1245]], '지르라지', 0.9933022856712341), ([[68, 1250], [140, 1250], [140, 1282], [68, 1282]], '사실은', 0.9996843728604242), ([[246, 1246], [338, 1246], [338, 1276], [246, 1276]], '말하면서', 0.998473584651947), ([[80, 1280], [130, 1280], [130, 1310], [80, 1310]], '흥미', 0.9999030636245916), ([[256, 1274], [328, 1274], [328, 1306], [256, 1306]], '저항도', 0.833767096824929), ([[52, 1308], [158, 1308], [158, 1340], [52, 1340]], '있는거지?', 0.5253020608679358), ([[240, 1304], [342, 1304], [342, 1334], [240, 1334]], '하지 않네', 0.5630619124674273)]
[([[565, 112], [667, 112], [667, 265], [565, 265]], '<', 0.06272482192060025), ([[569, 324], [657, 324], [657, 585], [569, 585]], '흙', 0.020889588050732266), ([[264, 663], [369, 663], [369, 1016], [264, 1016]], '영', 0.0828066863028063), ([[303.5660536411335, 81.01346362224983], [360.50177064821685, 75.1629915225916], [377.4339463588665, 255.98653637775018], [319.49822935178315, 261.8370084774084]], '양', 0.5841128355120908)]
