2717821
55
[([[192, 34], [276, 34], [276, 64], [192, 64]], '인규퍼트', 0.05962182953953743), ([[183, 51], [323, 51], [323, 117], [183, 117]], '텅출', 0.10618784413097741), ([[95, 105], [309, 105], [309, 147], [95, 147]], '되괴회해오늘분데', 0.002185745002011663), ([[62, 138], [357, 138], [357, 201], [62, 201]], '(의블록_ 진득', 7.35808489550875e-05), ([[98, 188], [182, 188], [182, 214], [98, 214]], '저선규번스', 0.4182303195282244), ([[234, 196], [284, 196], [284, 224], [234, 224]], '계걱', 0.009356559738861618), ([[76, 250], [154, 250], [154, 274], [76, 274]], '서규버스', 0.9518799781799316), ([[162, 250], [222, 250], [222, 274], [162, 274]], '메이드', 0.9782446322761613), ([[228, 250], [366, 250], [366, 276], [228, 276]], '성 교육 성적표', 0.661560287536577), ([[788, 754], [1116, 754], [1116, 784], [788, 784]], '오오-+@ 구입 특전 디지털 원화집', 0.04415057021136299), ([[98.91936183808474, 47.08391576374229], [193.48977045992908, 64.37647577151803], [180.08063816191526, 124.91608423625772], [86.51022954007092, 107.62352422848197]], '넷품', 0.025336046803390737)]
[]
[]
[]
[]
[]
[]
[]
[]
[]
[]
[([[51, 71], [307, 71], [307, 89], [51, 89]], '로리 바디예 진맙이 메기논급민 메스기키', 0.4415319587935422), ([[313, 73], [355, 73], [355, 89], [313, 89]], '매미드', 0.1880178028956029), ([[774, 69], [1029, 69], [1029, 108], [774, 108]], '이런 거로 가면 그냥 물령주.', 0.24410142703545362), ([[105, 103], [295, 103], [295, 191], [105, 191]], '팔미에', 0.9527910560294208), ([[773, 102], [1017, 102], [1017, 165], [773, 165]], '허접히점 자지', 0.3682757532367732), ([[777, 158], [939, 158], [939, 199], [777, 199]], '아니켓어요~ } ]', 0.17329576372344005), ([[132, 204], [228, 204], [228, 230], [132, 230]], '타 카 나 시', 0.6872894470307451), ([[237, 203], [310, 203], [310, 231], [237, 231]], '하 나 미', 0.9985575205827186), ([[835, 249], [861, 249], [861, 263], [835, 263]], '신', 0.9957971717892953), ([[885, 249], [935, 249], [935, 265], [885, 265]], '14107', 0.0678090267198605), ([[967, 249], [993, 249], [993, 263], [967, 263]], "'-중", 0.34906380815881655), ([[1017, 247], [1055, 247], [1055, 267], [1017, 267]], '42*8', 0.6649264693260193), ([[57, 283], [279, 283], [279, 303], [57, 303]], '주인공올 골려먹튼 장난기 넘치는 데미드', 0.29431894674673664), ([[835, 287], [861, 287], [861, 303], [835, 303]], '가뭄', 0.09945118286195272), ([[887, 285], [969, 285], [969, 305], [887, 305]], '70+가 (^겁)', 0.033237135234452014), ([[57, 319], [295, 319], [295, 339], [57, 339]], '섬 수업도 차회어 보인다는 이유로 지원없다', 0.2865608203671842), ([[835, 327], [861, 327], [861, 341], [835, 341]], '허리', 0.9590931702571667), ([[885, 327], [927, 327], [927, 341], [885, 341]], '50+권', 0.008772746659815311), ([[959, 327], [995, 327], [995, 341], [959, 341]], '엉덩이', 0.11812605808474054), ([[1015, 327], [1055, 327], [1055, 341], [1015, 341]], '61데권', 0.003570759203284979), ([[57, 357], [387, 357], [387, 373], [57, 373]], '스업으로 시작햇년 게 어느새 누가 번저 가능지 거루는 슬부무', 0.21038259816286134), ([[835, 365], [859, 365], [859, 379], [835, 379]], '국석', 0.02620200599467204), ([[885, 361], [1021, 361], [1021, 381], [885, 381]], '널관 청소 , 시트류 담당', 0.5707113345135214), ([[55, 391], [313, 391], [313, 407], [55, 407]], '바뀌어서 매번 팔미데 손 안에시 늘아니고 만디.', 0.4736447995170966), ([[835, 403], [861, 403], [861, 417], [835, 417]], '무기', 0.16770863459875932), ([[883, 399], [1013, 399], [1013, 419], [883, 419]], '초고속 피스톤 기승위', 0.76357454613923), ([[55, 427], [91, 427], [91, 443], [55, 443]], '자신이', 0.9566646218299866), ([[97, 425], [357, 425], [357, 443], [97, 443]], '토리 체협이란 곁 작 일고 꽉 끼는 보지와 무안에', 0.15989379202505455), ([[835, 441], [859, 441], [859, 457], [835, 457]], '특징', 0.3291189489219434), ([[887, 439], [1047, 439], [1047, 459], [887, 459]], '꽉 끼는 자유자재 로리 구멍', 0.5653407243417977), ([[55, 459], [317, 459], [317, 479], [55, 479]], '가까운 체력으로 한없이 허리글 흔들며 주인공올', 0.308681421309743), ([[55, 495], [351, 495], [351, 515], [55, 515]], '농각한다 . 또한 , 불리면 재미있다며 주민공을 결핏히면', 0.21859370178058668), ([[61, 529], [155, 529], [155, 549], [61, 549]], '[버접히점 자지)', 0.1520167400480513), ([[163, 529], [297, 529], [297, 549], [163, 549]], '듭으로 부르벼 도발한다.', 0.32525047773697036), ([[55, 567], [241, 567], [241, 583], [55, 583]], '사실은 어날이 마무 약해서 절대로', 0.3855516384252603), ([[57, 601], [207, 601], [207, 619], [57, 619]], '만지지 못하도록 하고 있다 .', 0.3950453962269618)]
[]
[]
[]
[([[33, 381], [399, 381], [399, 421], [33, 421]], '@ @ [ 다 [ [ 7 8', 0.22106413441477382), ([[432, 483], [596, 483], [596, 509], [432, 509]], '(거 ^구^ 0 7트 :', 0.0026491469891713527), ([[653, 485], [683, 485], [683, 505], [653, 505]], '04', 0.6984915137290955), ([[701, 485], [731, 485], [731, 505], [701, 505]], '12', 0.9937851339747029), ([[433, 511], [469, 511], [469, 525], [433, 525]], '카리 터', 0.7164375185966492), ([[475, 511], [525, 511], [525, 525], [475, 525]], '원러스드', 0.13895750045776367), ([[433, 561], [519, 561], [519, 581], [433, 581]], '톤 벼 테 히 7', 0.04899660758543373), ([[533, 561], [571, 561], [571, 581], [533, 581]], '( 6', 0.44184574484825134), ([[627, 559], [659, 559], [659, 579], [627, 579]], '14', 0.7578467172209621), ([[675, 559], [705, 559], [705, 579], [675, 579]], '53', 0.999999915706304), ([[433, 587], [471, 587], [471, 601], [433, 601]], '미 버 느', 0.11042875852699177), ([[475, 587], [519, 587], [519, 601], [475, 601]], "<5 ' 권", 0.0515865327182849)]
[]
[]
[]
[]
[]
[]
[]
[]
[]
[]
[]
[([[181, 75], [221, 75], [221, 89], [181, 89]], '유까시', 0.21876119077205658), ([[227, 73], [271, 73], [271, 89], [227, 89]], '나모', 0.27750269937388594), ([[751, 73], [989, 73], [989, 109], [751, 109]], '네 } 의심할 여지 없이', 0.4550164623365473), ([[64, 78], [383, 78], [383, 199], [64, 199]], '사름로트', 0.6284849643707275), ([[752, 107], [1042, 107], [1042, 164], [752, 164]], '올란한 약마의 대명사:', 0.3877878836138003), ([[751, 157], [978, 157], [978, 212], [751, 212]], '서류버스예요 } _', 0.31747668325361295), ([[172, 206], [244, 206], [244, 230], [172, 230]], '카 야 마', 0.9864152124102298), ([[257, 207], [325, 207], [325, 227], [257, 227]], '이 치 고', 0.474808912940081), ([[805, 265], [829, 265], [829, 279], [805, 279]], '신장', 0.9999371174811182), ([[855, 263], [905, 263], [905, 279], [855, 279]], '158<,', 0.05777999129091827), ([[937, 265], [963, 265], [963, 277], [937, 277]], '체중', 0.11965042046225247), ([[987, 263], [1025, 263], [1025, 281], [987, 281]], '54*8', 0.6962941288948059), ([[55, 283], [227, 283], [227, 303], [55, 303]], '어럿올 때부터 주인공물 돌바온', 0.6514920045545046), ([[803, 303], [829, 303], [829, 317], [803, 317]], '가뭄', 0.2773313388011451), ([[855, 299], [947, 299], [947, 319], [855, 319]], '104~, (*겁)', 0.039785890140799064), ([[55, 319], [191, 319], [191, 339], [55, 339]], '누나 감은 존재인 데이드', 0.7820225519845568), ([[803, 341], [829, 341], [829, 355], [803, 355]], '허리', 0.8631483485634273), ([[855, 343], [895, 343], [895, 357], [855, 357]], '610권', 0.008189667947590351), ([[927, 341], [963, 341], [963, 355], [927, 355]], "'엉덩이", 0.809783399105072), ([[983, 341], [1025, 341], [1025, 357], [983, 357]], '92찮,', 0.04059266299009323), ([[55, 355], [159, 355], [159, 373], [55, 373]], '업정난 포용력으로', 0.30798824358014965), ([[165, 355], [241, 355], [241, 373], [165, 373]], '어지간한 일은', 0.6245375993340527), ([[803, 379], [829, 379], [829, 393], [803, 393]], '직색', 0.8030313537914211), ([[853, 375], [969, 375], [969, 395], [853, 395]], '주인님 전속 메이드', 0.5572361503698944), ([[55, 389], [207, 389], [207, 407], [55, 407]], '누나 성분으로 용서해 주다 .', 0.6925661108203027), ([[805, 417], [831, 417], [831, 431], [805, 431]], '기', 0.9995099906526583), ([[853, 415], [1071, 415], [1071, 435], [853, 435]], '끈적꾸근한 파이주리, 영양 틈벽 수유', 0.428121055583711), ([[57, 423], [333, 423], [333, 443], [57, 443]], '굽매가 굉장히 뛰어나녀 , 그녀의 자랑인 가슴데서는', 0.2621824329324405), ([[55, 459], [347, 459], [347, 479], [55, 479]], '담끔하고 맛있는 영양만 점의 모유들 뽑어날 수도 있다;', 0.1526247607069915), ([[805, 457], [829, 457], [829, 471], [805, 471]], '특정', 0.6720986982442263), ([[853, 453], [985, 453], [985, 473], [853, 473]], '모유름 봉한 정력 축진', 0.49666334179888394), ([[52, 492], [240, 492], [240, 516], [52, 516]], '섬 수업은 만 처음이관 점도 있어 ,', 0.298355482539151), ([[55, 529], [265, 529], [265, 549], [55, 549]], '기본적으로 알 궁달국한 세스뿐이지만 ,', 0.18014385447482678), ([[55, 565], [191, 565], [191, 585], [55, 585]], '성옥은 당연히 강하기에,', 0.5317160405461939), ([[55, 599], [223, 599], [223, 619], [55, 619]], '주인공이 말라비들어질 때까지', 0.6695812939944246), ([[57, 637], [247, 637], [247, 655], [57, 655]], '세스트 이어나가는 밀도 종중 있다.', 0.13590965404506059), ([[56, 668], [356, 668], [356, 692], [56, 692]], '통사 , 어리광올 받아주고 싶다는 욕망이 굉장히 망하다', 0.353951264755491)]
[]
[]
[]
[]
[([[274.39177126298426, 213.04651320939752], [489.3977650041396, 120.88926719439812], [499.60822873701574, 155.95348679060248], [284.6022349958604, 248.11073280560188]], '$소굶다소 5싶다3', 0.0008262107907834053)]
[]
[]
[]
[]
[]
[]
[]
[]
[]
[]
[]
[([[403, 155], [717, 155], [717, 191], [403, 191]], '@ (] [) 7 [ @   [', 0.1714305171231015), ([[349, 375], [407, 375], [407, 395], [349, 395]], '작 중 에', 0.7773364318927711), ([[415, 375], [475, 375], [475, 395], [415, 395]], '사 용 된', 0.8792446108865896), ([[486, 372], [586, 372], [586, 396], [486, 396]], '일러스트가', 0.9931452946355224), ([[593, 375], [673, 375], [673, 395], [593, 395]], '수록 되 어', 0.9043857174042629), ([[685, 375], [773, 375], [773, 395], [685, 395]], "잎 습 니다 '", 0.3467422927772337), ([[326, 422], [386, 422], [386, 446], [326, 446]], '게 임 올', 0.5378160699046878), ([[397, 425], [499, 425], [499, 445], [397, 445]], '플레 이 하 기', 0.4552894307455583), ([[505, 427], [545, 427], [545, 445], [505, 445]], '전 에', 0.844508707523346), ([[554, 422], [596, 422], [596, 446], [554, 446]], '보 실', 0.6259242296218872), ([[603, 425], [643, 425], [643, 445], [603, 445]], '경 우', 0.9116055785733147), ([[653, 425], [713, 425], [713, 445], [653, 445]], '주의 해', 0.9945629326964209), ([[723, 425], [793, 425], [793, 445], [723, 445]], '주 세 요 .', 0.6624626321484723)]
[([[433, 163], [691, 163], [691, 199], [433, 199]], '@ _ [ [ [ 7', 0.08892463052326152), ([[523, 273], [599, 273], [599, 293], [523, 293]], '5-9::', 0.016122296835716223), ([[499, 317], [623, 317], [623, 333], [499, 333]], '캐릭터 디지인 , 원화', 0.5504325700355851), ([[512, 342], [608, 342], [608, 366], [512, 366]], '시 오큰 부', 0.798411144421502), ([[533, 393], [589, 393], [589, 409], [533, 409]], '시나리오', 0.9945069551467896), ([[496, 416], [542, 416], [542, 440], [496, 440]], '와 치', 0.9577393531799316), ([[555, 419], [625, 419], [625, 439], [555, 439]], '마 도카', 0.9628235054540187), ([[541, 471], [583, 471], [583, 485], [541, 485]], '디테터', 0.2046303432990747), ([[526, 492], [596, 492], [596, 519], [526, 519]], '아 오키', 0.5471200515189861), ([[481, 593], [581, 593], [581, 609], [481, 609]], '데이터는 {- < =" -', 0.24907478682373066), ([[599, 593], [661, 593], [661, 607], [599, 607]], '시작드입니다;', 0.1337211469494792), ([[405, 609], [739, 609], [739, 625], [405, 625]], "네미터오 필부 혹근 전체 급 꾸단으로 복제 . 변경 ' 만매 ' 배포하는 돕3 금지찬니다 ,", 0.04756986201312256), ([[446, 630], [474, 630], [474, 638], [446, 638]], '1(:', 0.020527493908518574), ([[475, 629], [515, 629], [515, 643], [475, 643]], '<+', 0.20703127437852586), ([[521, 627], [685, 627], [685, 641], [521, 641]], "''사.*7)시 4고 진-서-$ 묘토-:습50", 2.5029266568189902e-05), ([[521, 657], [605, 657], [605, 671], [521, 671]], '[오_-멘-스]', 0.001657794875967753)]
[([[544, 300], [624, 300], [624, 326], [544, 326]], '인규버스', 0.8309271335601807), ([[445, 320], [673, 320], [673, 385], [445, 385]], '저논 당주가', 0.6992378559030812), ([[449, 375], [661, 375], [661, 411], [449, 411]], '되기 위해 오늘부터', 0.7354380459972579), ([[418, 406], [594, 406], [594, 462], [418, 462]], '메이드와', 0.9029313921928406), ([[631, 415], [707, 415], [707, 453], [631, 453]], '합니다', 0.8235324868668963), ([[452, 454], [536, 454], [536, 482], [452, 482]], '선금버스', 0.6023340821266174), ([[588, 460], [634, 460], [634, 490], [588, 490]], '레손', 0.30217525507042226)]
[([[949, 81], [997, 81], [997, 97], [949, 97]], '하로민 ^', 0.3111052648014822), ([[1001, 283], [1105, 283], [1105, 301], [1001, 301]], '장갑 양말 약간 비침', 0.7483722964183125)]
[([[81, 71], [389, 71], [389, 91], [81, 91]], '정춘 소심리데에 팬라 마스터민 총필 담당 메이드', 0.11067731495147176), ([[725, 61], [743, 61], [743, 85], [725, 85]], '[', 0.9324740942184349), ([[740, 66], [1009, 66], [1009, 108], [740, 108]], '사모님의 말씀대로 꼼꼼히', 0.9858653880981214), ([[165, 95], [313, 95], [313, 181], [165, 181]], '세련', 0.10533438205075761), ([[739, 102], [864, 102], [864, 158], [739, 158]], '성 교육', 0.9327560714562743), ([[741, 155], [985, 155], [985, 193], [741, 193]], '올 해 드리계습니다 네:', 0.559445929697559), ([[160, 204], [256, 204], [256, 230], [160, 230]], '아 시 타 바', 0.608074249754279), ([[269, 207], [337, 207], [337, 227], [269, 227]], '요모기', 0.9998922200210559), ([[739, 190], [948, 190], [948, 244], [739, 244]], '꼼꼼하계요 $', 0.4343975949365471), ([[945, 223], [963, 223], [963, 245], [945, 245]], ']', 0.7769058683533245), ([[55, 283], [409, 283], [409, 303], [55, 303]], '더이드들의 총골 역올 맡고 엎는 메이드. 성 스없어 서는 주로 떨라', 0.15407285639121146), ([[805, 283], [829, 283], [829, 297], [805, 297]], '신장', 0.9905448564106901), ([[855, 281], [905, 281], [905, 297], [855, 297]], '162<,', 0.026709665380525344), ([[937, 281], [963, 281], [963, 297], [937, 297]], '제중', 0.5035560837782935), ([[55, 319], [391, 319], [391, 339], [55, 339]], '수업물 담당하다. 검토기나 태도로는 엄격하다 인상을 반지만 ,', 0.2517445430295709), ([[803, 321], [829, 321], [829, 335], [803, 335]], '가슴', 0.9982732300361096), ([[855, 317], [937, 317], [937, 337], [855, 337]], '99+꾸 ()겁)', 0.01709023429047729), ([[55, 355], [361, 355], [361, 373], [55, 373]], '과정까지 유심히 지켜보번서 작 하내면 칠찬해 주는 졸은', 0.3016036000355008), ([[803, 359], [829, 359], [829, 373], [803, 373]], '허리', 0.3856174948984128), ([[855, 359], [895, 359], [895, 373], [855, 373]], '60<권', 0.007355848792940378), ([[929, 359], [965, 359], [965, 373], [929, 373]], '엉덩이', 0.3313632281132173), ([[55, 389], [371, 389], [371, 409], [55, 409]], '지도자. 슬건더한 몸매이지만 가슴이나 엉덩이논 뚜컷히게', 0.28015892536361314), ([[805, 397], [829, 397], [829, 411], [805, 411]], '최책', 0.04744304896362944), ([[853, 393], [1089, 393], [1089, 413], [853, 413]], '본관 데이드 총팔 / 신입 메이드 교육 담당', 0.38056806382617797), ([[56, 423], [363, 423], [363, 443], [56, 443]], '도드라저서 , 모델 체형으로서 이상적인 비웃음 자랑하다.', 0.44419570021320837), ([[803, 435], [831, 435], [831, 451], [803, 451]], '독기', 0.40086369384891224), ([[853, 433], [1013, 433], [1013, 453], [853, 453]], '곤적하고 절훈한 진공 필라', 0.5361946704074166), ([[57, 459], [377, 459], [377, 479], [57, 479]], '주인공의 성장올 위해 정액 소물리에 자격올 따러 갈 정도로', 0.5479307369156123), ([[805, 475], [829, 475], [829, 489], [805, 489]], '특징', 0.24514413467053286), ([[853, 471], [1003, 471], [1003, 491], [853, 491]], '침을 통한 정액 성장 축진', 0.4106559964574927), ([[54, 492], [334, 492], [334, 516], [54, 516]], '섬 교육데 열심이다 . 맛있는 점액어 사죽물 못 버서 ,', 0.22328820417880518), ([[57, 529], [333, 529], [333, 549], [57, 549]], '주인 공의 정액이 왼류라는 것율 알아본 뒤 어떻레든', 0.16826561049672678), ([[57, 565], [269, 565], [269, 583], [57, 583]], '참으려 하나, 한 번 마시면 주정뱀이저로', 0.4046886021427081), ([[55, 599], [201, 599], [201, 619], [55, 619]], '멈출 수 없는 것이 목의 티.', 0.4660725270714196), ([[985.202547777171, 276.1658598874935], [1026.9064612753987, 282.3955122785321], [1023.797452222829, 302.8341401125065], [982.0935387246013, 296.6044877214679]], '52니8', 0.1038600504398346), ([[982.9859597468732, 356.2761315696845], [1023.9373277320881, 361.5032492994646], [1022.0140402531268, 376.7238684303155], [981.0626722679119, 372.4967507005354]], '94<7', 0.04237852618098259)]
[]
[([[937, 123], [995, 123], [995, 141], [937, 141]], '한 쪽만 묵음', 0.4727910841529533), ([[911, 551], [977, 551], [977, 565], [911, 565]], '앞에만 박쥐가', 0.5513219846692521), ([[911, 565], [977, 565], [977, 581], [911, 581]], '모티프인 장식', 0.9720453759704853)]
[]
[]
[]
[]
