2718659
17
[([[0, 1039], [983, 1039], [983, 1487], [0, 1487]], '꽤이람', 0.027785508763035545), ([[1330, 1991], [1624, 1991], [1624, 2063], [1330, 2063]], '닿움머: 호통', 0.006577702119630681), ([[844.8107255531385, 1301.0119874356658], [1644.607270416135, 1423.6606621024903], [1543.1892744468616, 1914.9880125643342], [743.392729583865, 1792.3393378975097]], '인주만', 0.13610939498268718)]
[([[388, 56], [524, 56], [524, 142], [388, 142]], '그관', 0.8720382951029239), ([[102, 170], [128, 170], [128, 218], [102, 218]], '1', 0.6837881640188961), ([[647, 149], [923, 149], [923, 263], [647, 263]], '[', 0.4688149229426841), ([[448, 714], [660, 714], [660, 864], [448, 864]], '삭컷', 0.13093138302344068), ([[248, 830], [320, 830], [320, 916], [248, 916]], '8위', 0.08370297204495845), ([[589, 819], [651, 819], [651, 895], [589, 895]], '0', 0.999543411579404), ([[946, 840], [1192, 840], [1192, 1058], [946, 1058]], '4궁', 0.39955606998826604), ([[89.15350102802535, 104.12190349528619], [113.55622357759347, 94.05201503875459], [131.84649897197465, 143.87809650471382], [106.44377642240653, 152.94798496124542]], '응', 0.9702495693570121), ([[55.12997781415139, 111.12892678669958], [77.62432293339458, 104.06568221304549], [92.87002218584861, 149.87107321330043], [69.37567706660542, 156.9343177869545]], '등', 0.3347207013678464), ([[522.1427160953763, 1141.0262723546336], [724.8464845787393, 1217.9324253796453], [677.8572839046237, 1331.9737276453664], [476.1535154212607, 1255.0675746203547]], '{작째', 0.013875602207944924)]
[([[937, 401], [1045, 401], [1045, 535], [937, 535]], '팩', 0.2052700347891836), ([[1228, 350], [1378, 350], [1378, 506], [1228, 506]], '직', 0.018074984345448408), ([[1381, 837], [1500, 837], [1500, 971], [1381, 971]], '피', 0.1308470688292438)]
[([[750, 128], [916, 128], [916, 188], [750, 188]], '숨이 @ @ @', 0.3960971896505182), ([[1171, 186], [1298, 186], [1298, 254], [1171, 254]], '유릇!', 0.6375569522603707), ([[749, 219], [899, 219], [899, 281], [749, 281]], '용페월 ', 0.13827294259560116), ([[892, 246], [936, 246], [936, 272], [892, 272]], '0 0', 0.7929792404174805), ([[1353, 311], [1459, 311], [1459, 377], [1353, 377]], '유군', 0.03790716391564434), ([[559, 405], [599, 405], [599, 451], [559, 451]], '꿀', 0.9998557619611717), ([[731.0748539593628, 911.0614046952215], [873.8333094212877, 937.4814867952695], [858.9251460406372, 999.9385953047785], [716.1666905787123, 972.5185132047305]], '부물 @', 0.35572900344471936), ([[1233.0499682509594, 974.0647682320044], [1373.7938223397634, 998.3135901993495], [1359.9500317490406, 1060.9352317679957], [1219.2061776602366, 1036.6864098006506]], '부물. @', 0.1258262195260211)]
[([[1147, 359], [1235, 359], [1235, 493], [1147, 493]], '4', 0.10290113347686258), ([[691.0517262229048, 255.01729850759023], [1180.6572506484335, 372.7922108936569], [1119.9482737770952, 580.9827014924098], [629.3427493515666, 463.2077891063431]], '동의-', 0.08181329484248502), ([[729.0868184120003, 910.0598199312022], [873.8567444304401, 938.5910799115534], [858.9131815879997, 999.9401800687978], [714.1432555695599, 971.4089200884466]], '부품. @', 0.09332690329204331), ([[1232.0868184120002, 973.0598199312022], [1375.8528629381633, 1001.572320221216], [1360.9131815879998, 1062.9401800687979], [1218.1471370618367, 1034.427679778784]], '부품 @', 0.11336946487426758)]
[([[162, 102], [186, 102], [186, 134], [162, 134]], '0', 0.7249171078279346), ([[88, 88], [186, 88], [186, 186], [88, 186]], '패육@', 0.05759734749849063), ([[173, 133], [215, 133], [215, 179], [173, 179]], '엔', 0.8338108331159333), ([[109, 167], [203, 167], [203, 253], [109, 253]], '햇사', 0.02310209269185046), ([[68, 242], [262, 242], [262, 292], [68, 292]], '병페 훌안테', 0.03692659038170831), ([[36, 274], [256, 274], [256, 376], [36, 376]], '똑릎체률로@', 0.00021377923926590327), ([[776, 308], [842, 308], [842, 356], [776, 356]], '9% ', 0.036168465415209065), ([[272, 882], [300, 882], [300, 920], [272, 920]], '기', 0.06723781581507993), ([[890, 1081], [1006, 1081], [1006, 1136], [890, 1136]], '아되 .', 0.061828152932738), ([[860, 1124], [1002, 1124], [1002, 1180], [860, 1180]], '아무;', 0.28217196690308155), ([[872, 1168], [1006, 1168], [1006, 1222], [872, 1222]], '효와델', 0.016232530948056937), ([[406.0574282752855, 296.50337089551385], [501.5178898016369, 284.0962008132318], [504.9425717247145, 321.49662910448615], [409.4821101983631, 333.9037991867682]], '하제마', 0.6983744198372949), ([[849.4262837107244, 307.04135760399856], [906.9202719084931, 352.205350288819], [881.5737162892756, 383.95864239600144], [825.0797280915069, 338.794649711181]], '@@9', 0.09712993671388197), ([[187.30930882401475, 600.0402397064162], [254.82842712474618, 580.1715728752538], [265.69069117598525, 616.9597602935838], [197.17157287525382, 637.8284271247462]], '과악 떼', 0.16096105782331133)]
[([[165, 285], [299, 285], [299, 321], [165, 321]], '주체 스레웬', 0.2372635018737552), ([[364, 634], [404, 634], [404, 658], [364, 658]], '꾸짓 .', 0.4985237934512043), ([[54, 640], [124, 640], [124, 688], [54, 688]], '아통', 0.16120950053243663), ([[644, 754], [714, 754], [714, 802], [644, 802]], '배통', 0.31405403413365446), ([[575.1970684086417, 194.1094462711102], [640.9155503170662, 206.2931999231355], [634.8029315913583, 235.8905537288898], [569.0844496829338, 223.7068000768645]], '가주입', 0.12410184137700256), ([[640.9580569325292, 207.18675371782888], [686.8460498941515, 215.05131670194947], [682.0419430674708, 239.81324628217112], [636.1539501058485, 231.94868329805053]], '예앗', 0.007215902591245574)]
[([[385, 1335], [463, 1335], [463, 1397], [385, 1397]], "'", 0.005363633346453567)]
[([[887, 165], [1051, 165], [1051, 227], [887, 227]], '그렇게', 0.840646481541234), ([[800, 230], [1145, 230], [1145, 303], [800, 303]], '로이아드 가의', 0.9892754236836242), ([[796, 301], [1144, 301], [1144, 374], [796, 374]], '가주 세이라는', 0.33863633756635514), ([[860, 370], [1084, 370], [1084, 442], [860, 442]], '밤새도록', 0.9972882270812988), ([[834, 440], [1108, 440], [1108, 512], [834, 512]], '병기들에게', 0.5447507469364897), ([[863, 508], [1100, 508], [1100, 585], [863, 585]], '범해젓다:', 0.5135144173528609), ([[270, 920], [294, 920], [294, 952], [270, 952]], '', 0.0)]
[([[15, 173], [105, 173], [105, 211], [15, 211]], '오늘은', 0.9996326872633365), ([[115, 173], [179, 173], [179, 209], [115, 209]], '여기', 0.9999254008931412), ([[189, 173], [251, 173], [251, 209], [189, 209]], '까지', 0.9998691786886823), ([[595, 187], [689, 187], [689, 225], [595, 225]], '30분은', 0.951062023639679), ([[777, 187], [873, 187], [873, 225], [777, 225]], '쓸꺼야', 0.7229273429482808), ([[11, 227], [316, 227], [316, 269], [11, 269]], '더   하면  죽어버리켓어', 0.6080669400059614), ([[613, 217], [707, 217], [707, 255], [613, 255]], '묶어 놓', 0.7911376953125), ([[700, 182], [787, 182], [787, 259], [700, 259]], '홀 풍', 0.05805889652410604), ([[778, 218], [840, 218], [840, 250], [778, 250]], '리해', 0.9998974161119167), ([[651, 245], [803, 245], [803, 283], [651, 283]], '내일까지는', 0.7228185020606667), ([[635, 272], [833, 272], [833, 314], [635, 314]], '실험   못하켓어', 0.4823701325297334), ([[393, 627], [501, 627], [501, 715], [393, 715]], '스유', 0.5643287622940535)]
[([[103, 87], [179, 87], [179, 147], [103, 147]], '지영', 0.09351556772704221), ([[224, 346], [300, 346], [300, 420], [224, 420]], '척', 0.9761832904534948), ([[577, 1009], [647, 1009], [647, 1047], [577, 1047]], '69', 0.33798971201484757)]
[([[390, 14], [615, 14], [615, 176], [390, 176]], '까', 0.04432609252568853), ([[842, 126], [896, 126], [896, 276], [842, 276]], '흙', 0.68730285920482), ([[891, 181], [941, 181], [941, 223], [891, 223]], '에', 0.9402570145846454), ([[965, 173], [1071, 173], [1071, 235], [965, 235]], '입애', 0.4702313954098003), ([[891, 225], [1057, 225], [1057, 291], [891, 291]], '들에5 ,', 0.08571412051605866), ([[836, 270], [1154, 270], [1154, 342], [836, 342]], '빨쾌 회목움@', 0.08347991069796037), ([[1013, 373], [1131, 373], [1131, 439], [1013, 439]], '마물', 0.07360830351439038), ([[824, 358], [1084, 358], [1084, 552], [824, 552]], '}플렉#', 0.009144140407443047), ([[889, 423], [1195, 423], [1195, 491], [889, 491]], '해 줄 때사제', 0.08360253030095549), ([[567, 655], [737, 655], [737, 741], [567, 741]], '항@', 0.06096825577195783), ([[245, 723], [363, 723], [363, 783], [245, 783]], '룩6', 0.025487236531002443), ([[1013, 786], [1200, 786], [1200, 938], [1013, 938]], '터벽', 0.2199021560854045), ([[48, 1021], [381, 1021], [381, 1089], [48, 1089]], '오래물 요물음', 0.1963864159871688), ([[48, 1068], [256, 1068], [256, 1140], [48, 1140]], '흩이이@ @', 0.17226329829946133), ([[46, 1220], [508, 1220], [508, 1292], [46, 1292]], '흉데 왜 이목으3 @', 0.07439343699769427), ([[466.629739466238, 1107.4597754913184], [749.4092969776352, 1021.7234768153775], [786.370260533762, 1195.5402245086816], [504.5907030223647, 1281.2765231846226]], '터벽', 0.31150052324069405)]
[([[574, 2], [874, 2], [874, 290], [574, 290]], '7', 0.9440316863219778), ([[422, 408], [554, 408], [554, 530], [422, 530]], '퀴', 0.026112501550651368)]
[([[41, 431], [349, 431], [349, 493], [41, 493]], '혜행생 손되@ @', 0.024312006631338028), ([[41, 475], [285, 475], [285, 539], [41, 539]], '이레롭화면 _', 0.01684545049150386), ([[276, 506], [344, 506], [344, 530], [276, 530]], '0 0 어', 0.3525949460135471), ([[423, 561], [497, 561], [497, 597], [423, 597]], '하아', 0.9850014852339112), ([[921, 973], [1018, 973], [1018, 1034], [921, 1034]], '데름', 0.17457706694773498), ([[699, 1269], [789, 1269], [789, 1309], [699, 1309]], '파학', 0.20075709563452698)]
[([[397, 319], [439, 319], [439, 355], [397, 355]], '3', 0.15164761354481104), ([[222, 500], [296, 500], [296, 590], [222, 590]], '아', 0.9703021754114083), ([[580, 582], [678, 582], [678, 638], [580, 638]], '5네', 0.283190436295575), ([[681, 667], [697, 667], [697, 699], [681, 699]], '1', 0.9999592308385132), ([[699, 637], [741, 637], [741, 717], [699, 717]], '튿', 0.004174222574358011), ([[983, 707], [1043, 707], [1043, 781], [983, 781]], '', 0.0), ([[695, 951], [761, 951], [761, 995], [695, 995]], '움@@', 0.20275860375168894), ([[703.3022506247456, 485.20900249898267], [791.1244816527374, 474.2313851287027], [796.6977493752544, 538.7909975010173], [708.8755183472626, 550.7686148712972]], '시이', 0.2397258209044116), ([[768.2820418413822, 1131.133308787594], [819.9767433953012, 1141.695885631492], [814.7179581586178, 1160.866691212406], [764.0232566046988, 1150.304114368508]], '700', 0.07065838383724146)]
[([[272, 368], [352, 368], [352, 444], [272, 444]], '2', 0.032977067887437705), ([[844, 1202], [925, 1202], [925, 1257], [844, 1257]], '부빛', 0.9704142981827689), ([[301.10263340389895, 51.30790021169692], [405.05967820074187, 39.775150157768934], [407.89736659610105, 92.69209978830308], [303.94032179925813, 104.22484984223107]], '우욕0', 0.18560595242429664), ([[870.1033793898918, 850.6274346577618], [1035.2008207469612, 826.7519510373061], [1040.8966206101084, 885.3725653422382], [875.7991792530389, 910.2480489626939]], '유우움@ 0', 0.06254384428449583)]
[([[483, 53], [641, 53], [641, 141], [483, 141]], '아합', 0.21532756322662402), ([[531, 231], [569, 231], [569, 289], [531, 289]], '@', 0.7010918561340453), ([[810, 216], [864, 216], [864, 320], [810, 320]], '1', 0.48024877793886844), ([[29, 283], [103, 283], [103, 343], [29, 343]], '야', 0.29291096922719717), ([[48, 344], [98, 344], [98, 404], [48, 404]], '사', 0.3161651653504691), ([[34, 602], [162, 602], [162, 740], [34, 740]], '고', 0.2679126599373518), ([[751, 1317], [843, 1317], [843, 1429], [751, 1429]], '부늘', 0.42398519947271596)]
