2718747
18
[([[52, 878], [276, 878], [276, 974], [52, 974]], '그라니', 0.9999281465077696), ([[282, 980], [352, 980], [352, 1036], [282, 1036]], '{', 0.0644217946483403), ([[362, 1010], [544, 1010], [544, 1112], [362, 1112]], '빚 밥', 0.6675445018254178)]
[([[4, 4], [60, 4], [60, 36], [4, 36]], '안되', 0.3983969204542175), ([[77, 1], [137, 1], [137, 39], [77, 39]], '정말.', 0.7018824926613525), ([[1, 31], [135, 31], [135, 71], [1, 71]], '너무 좋아 ', 0.46309978663890444), ([[543, 113], [641, 113], [641, 149], [543, 149]], '아양노', 0.03738831228649449), ([[267, 223], [471, 223], [471, 261], [267, 261]], '거부할 수가 없어:..', 0.36607317151495206), ([[542, 227], [696, 227], [696, 265], [542, 265]], '기절활거같아', 0.9679634101533219), ([[56, 342], [124, 342], [124, 370], [56, 370]], '박밥 .', 0.30540032567209224), ([[372, 638], [472, 638], [472, 666], [372, 666]], '더 많이 쥐 ', 0.5307398089453212), ([[698, 660], [726, 660], [726, 686], [698, 686]], '참.', 0.9566143649610295), ([[89, 785], [200, 785], [200, 821], [89, 821]], '벌이 필요한', 0.6561685870793406), ([[91, 816], [198, 816], [198, 847], [91, 847]], '꼬마로구나!', 0.9670661694957053), ([[644, 1056], [812, 1056], [812, 1104], [644, 1104]], '하으으으웃0', 0.4546439987033384)]
[([[57, 133], [159, 133], [159, 169], [57, 169]], '3시간 후', 0.9995696656739107), ([[235, 319], [307, 319], [307, 355], [235, 355]], '하아 ', 0.48237291244790587), ([[53, 861], [163, 861], [163, 897], [53, 897]], '이제 평생', 0.6592947248527243), ([[53, 893], [221, 893], [221, 929], [53, 929]], '벗어날 수 없어', 0.9684436451728302), ([[595, 1057], [753, 1057], [753, 1093], [595, 1093]], '이 덩치에계선', 0.40390764149579855)]
[([[226, 22], [256, 22], [256, 52], [226, 52]], '휴;', 0.4255799412559937), ([[268, 22], [354, 22], [354, 54], [268, 54]], '후련하다.', 0.8239997701720524), ([[260, 100], [334, 100], [334, 130], [260, 130]], '다 맺다.', 0.5740231941003199), ([[182, 158], [270, 158], [270, 188], [182, 188]], '이제 그만', 0.9957678504269177), ([[152, 186], [298, 186], [298, 218], [152, 218]], '이곳올 떠나야지', 0.92567518895074), ([[500, 380], [636, 380], [636, 408], [500, 408]], '이제 가능거야?', 0.6435822680556406), ([[596, 452], [722, 452], [722, 482], [596, 482]], '어디든 중으니', 0.7344616509915324), ([[596, 480], [734, 480], [734, 508], [596, 508]], '나도 데려가 쥐 .', 0.9581649517758563), ([[570, 552], [658, 552], [658, 582], [570, 582]], '부탁이야', 0.9849079847335815)]
[([[238, 206], [324, 206], [324, 236], [238, 236]], '미안하군.', 0.9357906418545929), ([[268, 258], [458, 258], [458, 290], [268, 290]], '나는 네가 리유니온이', 0.9675065806684514), ([[288, 288], [438, 288], [438, 318], [288, 318]], '되는건 원치않아', 0.6764656798923062), ([[279, 1019], [499, 1019], [499, 1091], [279, 1091]], '두달 후.', 0.9779675635127971)]
[([[111, 77], [195, 77], [195, 113], [111, 113]], '오늘도.', 0.722691537196647), ([[431, 101], [571, 101], [571, 139], [431, 139]], '빚 밥 소식은', 0.7572418714139777), ([[431, 133], [503, 133], [503, 171], [431, 171]], '없네...', 0.3661644086769123), ([[56, 240], [222, 240], [222, 272], [56, 272]], '로도스 아일랜드', 0.964196372026196), ([[56, 272], [128, 272], [128, 304], [56, 304]], '인프라', 0.9979969646897265), ([[298, 460], [346, 460], [346, 492], [298, 492]], '밥 ', 0.5609603301521786), ([[301, 555], [459, 555], [459, 591], [301, 591]], '어디있는거야.', 0.4466713195087034), ([[371, 619], [507, 619], [507, 657], [371, 657]], '나 여기있어_', 0.615112237205935), ([[370, 650], [532, 650], [532, 688], [370, 688]], '날 잊치말아쥐.', 0.567983262725806), ([[678.3920745334448, 413.43701614698983], [814.230779471832, 384.9822926377282], [825.6079254665552, 457.56298385301017], [688.769220528168, 486.0177073622718]], '철귀덕-', 0.16319593787193298)]
[([[54, 96], [238, 96], [238, 126], [54, 126]], '이건 무슨 상황이야?', 0.6859956071152596), ([[172, 144], [274, 144], [274, 174], [172, 174]], '인사부에서', 0.9894177059698779), ([[147, 169], [307, 169], [307, 205], [147, 205]], '이사라도 온거야?', 0.977639016506915), ([[64, 662], [260, 662], [260, 692], [64, 692]], '오키드가 실수한건가?', 0.9915027134738876), ([[584, 758], [752, 758], [752, 788], [584, 788]], '어떤 오퍼레이터가', 0.958786619980569), ([[572, 788], [774, 788], [774, 820], [572, 820]], '이런 덩치률 가진거야?', 0.3801910409516086)]
[([[597, 545], [760, 545], [760, 578], [597, 578]], '로도스 아일랜드의', 0.9493941523449425), ([[596, 576], [646, 576], [646, 602], [596, 602]], '박사', 0.9999919078146757), ([[658, 576], [750, 576], [750, 604], [658, 604]], '맞으시조?', 0.9600918958999287), ([[542, 666], [764, 666], [764, 696], [542, 696]], '저논 신입 사원 밥입니다.', 0.36099184371647053), ([[556, 696], [748, 696], [748, 726], [556, 726]], '많이 가르처 주십시오', 0.9199994151840046), ([[569, 724], [734, 724], [734, 756], [569, 756]], '그라니 . 그 꼬마는', 0.6901414356719614), ([[606, 756], [706, 756], [706, 786], [606, 786]], '여기 있조?', 0.7154180203581316), ([[438, 840], [670, 840], [670, 870], [438, 870]], '인사부에 있는 두 보라머리', 0.5762300449755228), ([[422, 870], [566, 870], [566, 898], [422, 898]], '자매와 그 뭐냐..', 0.5358890811285237), ([[575, 868], [685, 868], [685, 896], [575, 896]], '\'코코다요"틀', 0.8167691509456129), ([[420, 896], [692, 896], [692, 929], [420, 929]], '외치논 토끼가 계속 끼어들어서', 0.5612237103855268), ([[444, 926], [644, 926], [644, 958], [444, 958]], '한참 줄올 서논 바람에 .', 0.47158077410378285), ([[480, 956], [606, 956], [606, 982], [480, 982]], '그래서 이제야', 0.9999285600347549), ([[456, 986], [622, 986], [622, 1016], [456, 1016]], '이력서지 넣없어요', 0.25079914264195785), ([[621, 1049], [747, 1049], [747, 1109], [621, 1109]], '빚 밥!', 0.5227313041687012)]
[([[272, 164], [304, 164], [304, 204], [272, 204]], '턱', 0.9570744571574643), ([[86, 352], [262, 352], [262, 382], [86, 382]], '나는 네가 그런 곳에', 0.7803230222141528), ([[84, 380], [264, 380], [264, 412], [84, 412]], '가능 것올 원치 않아', 0.4748717657052372), ([[606, 640], [714, 640], [714, 668], [606, 668]], '그래서 내가', 0.9997284302997365), ([[586, 668], [740, 668], [740, 700], [586, 700]], '찾아없어, 꼬마야', 0.2728282721953178)]
[([[194, 104], [288, 104], [288, 134], [194, 134]], '[,커', 0.0031868939079730788)]
[([[172, 114], [300, 114], [300, 144], [172, 144]], '그라니; 여긴', 0.5731523980624609), ([[200, 148], [274, 148], [274, 180], [200, 180]], '끝낫어.', 0.8174289464950562), ([[206, 204], [318, 204], [318, 236], [206, 236]], '거긴 어때?', 0.6604386628937722), ([[252, 286], [344, 286], [344, 312], [252, 312]], '여보세요?', 0.8404820034653986), ([[358, 398], [560, 398], [560, 428], [358, 428]], '계속 놀아불까? 꼬마야', 0.8683253380492717), ([[307, 746], [455, 746], [455, 783], [307, 783]], '로도스 아일랜드', 0.8971385884975628), ([[310, 780], [412, 780], [412, 810], [310, 810]], '오퍼레이터', 0.9921530406693974), ([[307, 827], [413, 827], [413, 871], [307, 871]], '그라니', 0.9999595995317914), ([[658, 874], [742, 874], [742, 906], [658, 906]], '리유니온', 0.9905101962208768), ([[684, 914], [770, 914], [770, 962], [684, 962]], '빚 밥', 0.2729174784098968)]
[([[578, 54], [796, 54], [796, 84], [578, 84]], '다른 놈과 연락하지 마라.', 0.9698257989780776), ([[596, 84], [772, 84], [772, 114], [596, 114]], '그럴 수도 없젯지만.', 0.29740335660479045), ([[448, 278], [510, 278], [510, 308], [448, 308]], '까악!', 0.8325459426523238), ([[660, 396], [768, 396], [768, 426], [660, 426]], '난 너희들이', 0.6382605061382612), ([[642, 424], [788, 424], [788, 456], [642, 456]], '대가을 치렇으면', 0.35183020969520507), ([[678, 454], [750, 454], [750, 486], [678, 486]], '중계어!', 0.21993941068649292), ([[244, 498], [326, 498], [326, 528], [244, 528]], '너희들이', 0.9991675019264221), ([[230, 526], [336, 526], [336, 558], [230, 558]], '내 동료들올', 0.6614265187952005), ([[212, 556], [356, 556], [356, 586], [212, 586]], '죽일때 너희들은', 0.9484938906272508), ([[222, 586], [348, 586], [348, 616], [222, 616]], '우리 입장에서', 0.9801826205906439), ([[662, 596], [724, 596], [724, 626], [662, 626]], '싫어 ..', 0.711640326572442), ([[222, 613], [342, 613], [342, 643], [222, 643]], '생각해본적은', 0.9958456937544025), ([[252, 644], [308, 644], [308, 674], [252, 674]], '있냐?', 0.8231044012996007), ([[324, 812], [434, 812], [434, 842], [324, 842]], '참회하거라,', 0.5554446022634318), ([[338, 842], [408, 842], [408, 868], [338, 868]], '꼬마야!', 0.9420419335365295), ([[141.60577512383895, 337.4221821823365], [195.7699296954319, 367.8767421789806], [51.39422487616105, 611.5778178176636], [-2.7699296954319, 581.1232578210195]], '흘', 0.004066420463413545)]
[([[482, 40], [626, 40], [626, 70], [482, 70]], '뛰야; 지료거나?', 0.20797481843788254), ([[470, 70], [632, 70], [632, 98], [470, 98]], '그러고도 전사라고', 0.7979171666777872), ([[500, 98], [606, 98], [606, 128], [500, 128]], '할 수 있냐?', 0.6878306835810036), ([[480, 700], [510, 700], [510, 724], [480, 724]], '시', 0.9999290717304667), ([[522, 698], [570, 698], [570, 728], [522, 728]], '싫어.', 0.7703416516729311), ([[232, 745], [378, 745], [378, 776], [232, 776]], '편안하게 해주지.', 0.9851791366311742), ([[445, 807], [536, 807], [536, 850], [445, 850]], '싫어!!!', 0.9515821903327208), ([[288, 918], [380, 918], [380, 948], [288, 948]], '금방 끝나', 0.93543482777326), ([[75.6544360004183, 933.1305416863461], [122.77848635149918, 974.2529674351806], [59.34556399958171, 1043.869458313654], [12.221513648500821, 1002.7470325648194]], '몸', 0.08751289178011135)]
[([[80, 84], [110, 84], [110, 116], [80, 116]], '우', 0.999988794358174), ([[136, 84], [162, 84], [162, 110], [136, 110]], '으', 0.983895106063315), ([[20, 280], [192, 280], [192, 310], [20, 310]], '놀라게 햇올 분이야', 0.47808345930294), ([[684, 272], [772, 272], [772, 302], [684, 302]], '네가 이런', 0.998798395751129), ([[666, 302], [812, 302], [812, 332], [666, 332]], '수모틀 당하다니', 0.45193342422481425), ([[86, 348], [192, 348], [192, 378], [86, 378]], '네 꼴 좀 화 .', 0.8096015951342092), ([[744, 506], [776, 506], [776, 530], [744, 530]], '꽉!', 0.8589990300607548), ([[152, 660], [212, 660], [212, 690], [152, 690]], '싫어! !', 0.7729860923867617), ([[556, 674], [732, 674], [732, 698], [556, 698]], '네게 이런 때가 오리라고는', 0.7570030372488149), ([[632, 698], [730, 698], [730, 722], [632, 722]], '생각도 못햇어', 0.5153050879931295), ([[158, 1024], [230, 1024], [230, 1054], [158, 1054]], '싫다고!', 0.8396202921867371), ([[626, 1024], [776, 1024], [776, 1054], [626, 1054]], '이런 약한 모습은', 0.980518255272424), ([[613, 1050], [791, 1050], [791, 1086], [613, 1086]], '다른 일흘 하고 싶제', 0.4979115980175741), ([[632, 1082], [768, 1082], [768, 1112], [632, 1112]], '만문단 말이야!', 0.4417789796547267)]
[([[518, 40], [572, 40], [572, 64], [518, 64]], '아쉽군', 0.924335777759552), ([[20, 100], [114, 100], [114, 126], [20, 126]], '한번 보자고', 0.9999713887513932), ([[575, 103], [661, 103], [661, 121], [575, 121]], '요끈느', 0.0006887639278828324), ([[40, 150], [216, 150], [216, 176], [40, 176]], '소녀의 마지막 방어선은', 0.9569157193076625), ([[36, 176], [226, 176], [226, 202], [36, 202]], '얼마나 더 버털 수 있는지.', 0.30102281738789505), ([[624, 184], [750, 184], [750, 210], [624, 210]], '1초도 못 버뒷네.', 0.5251755637572876), ([[42, 468], [112, 468], [112, 492], [42, 492]], '그렇다면', 0.997639536857605), ([[62, 522], [188, 522], [188, 546], [62, 546]], '이제 메인 요리블', 0.40687820838896505), ([[68, 545], [182, 545], [182, 573], [68, 573]], '날 때가 되있다.', 0.23513851819718323), ([[552, 798], [772, 798], [772, 824], [552, 824]], '그럼 너의 처음은 내가 이렇게.', 0.9655512689943002), ([[55, 1019], [184, 1019], [184, 1049], [55, 1049]], '그렇게 근 물건은', 0.7063197178910925), ([[82, 1048], [162, 1048], [162, 1074], [82, 1074]], '죽올거야 .', 0.4972183491966012), ([[92, 1114], [130, 1114], [130, 1140], [92, 1140]], '분명', 0.999940320584111), ([[144, 1114], [218, 1114], [218, 1140], [144, 1140]], '죽올거야', 0.5986075401306152)]
[([[427, 27], [533, 27], [533, 63], [427, 63]], '들어갖다!', 0.8531918499305319), ([[544, 42], [648, 42], [648, 74], [544, 74]], '정말 좁군.', 0.9799806663234913), ([[660, 212], [790, 212], [790, 242], [660, 242]], '성격이 괜찮다고', 0.9868548293261301), ([[648, 238], [814, 238], [814, 268], [648, 268]], '속궁합까지 괜참은건', 0.8639526488557513), ([[672, 268], [768, 268], [768, 292], [672, 292]], '아난가 보군', 0.305567475324089), ([[35, 297], [85, 297], [85, 341], [35, 341]], '깨', 0.06733041148098895), ([[655, 871], [723, 871], [723, 907], [655, 907]], '아니.', 0.7389844619125298), ([[302, 924], [334, 924], [334, 950], [302, 950]], '자.', 0.47639115762493767), ([[346, 924], [434, 924], [434, 954], [346, 954]], '힘흘 배고', 0.7702517901039958), ([[647, 911], [727, 911], [727, 947], [647, 947]], '그런데', 0.7060686349868774), ([[294, 949], [445, 949], [445, 985], [294, 985]], '편안히 있으라고', 0.873621682024344), ([[647, 951], [737, 951], [737, 989], [647, 989]], '말이야 .', 0.7428062242985427), ([[352, 1012], [418, 1012], [418, 1040], [352, 1040]], '그 다음', 0.9834687113761902)]
[([[50, 42], [270, 42], [270, 72], [50, 72]], '빚 밥 너도 별거 아니데?', 0.44467631287754394), ([[50, 70], [270, 70], [270, 102], [50, 102]], '아무런 느낌도 들지 않아', 0.9814175881792331), ([[516, 270], [604, 270], [604, 300], [516, 300]], '원가 잘못', 0.9412899528583512), ([[498, 300], [624, 300], [624, 330], [498, 330]], '알고 있나보군', 0.9567978270875888), ([[134, 424], [204, 424], [204, 452], [134, 452]], '아직 다', 0.9991534948348999), ([[116, 452], [228, 452], [228, 484], [116, 484]], '안 들어갖다.', 0.6787356522425434), ([[660, 834], [798, 834], [798, 864], [660, 864]], '날 양보지 마라!', 0.44574931220947656), ([[666, 956], [794, 956], [794, 988], [666, 988]], '오옷. 오..0', 0.5473770471311858), ([[684, 1010], [736, 1010], [736, 1042], [684, 1042]], '이잇.', 0.139251154717948), ([[38, 1056], [66, 1056], [66, 1080], [38, 1080]], '뭐;', 0.3019517812208123), ([[666, 1066], [812, 1066], [812, 1098], [666, 1098]], '머리가 하양게.', 0.8431618037506461)]
[([[438, 18], [580, 18], [580, 48], [438, 48]], "'야; 이건 아니지.", 0.6137123339444879), ([[598, 46], [712, 46], [712, 76], [598, 76]], '기절쾌잡아?', 0.28504446130833794), ([[75, 255], [127, 255], [127, 297], [75, 297]], '오옷', 0.9972500996407145), ([[54, 514], [278, 514], [278, 546], [54, 546]], '하하, 정말 나뿐 아이로군', 0.3697503538891774), ([[126, 596], [322, 596], [322, 626], [126, 626]], '기절해도 이 씨 자궁이', 0.5861376890518065), ([[102, 624], [356, 624], [356, 654], [102, 654]], '조그라들면서 더 달라고 하네.', 0.6213214020793212), ([[340, 1090], [538, 1090], [538, 1120], [340, 1120]], '이 년은 정말 타고낫어.', 0.9011120006180855)]
