2719929
54
[([[981.164411712992, 583.1891762223615], [1097.668882562924, 566.9563251773503], [1104.835588287008, 648.8108237776385], [988.3311174370762, 666.0436748226497]], '움질', 0.5286834864709254), ([[888.7324995554047, 2142.0574951094522], [1185.9663989564792, 1952.2480843682044], [1234.2675004445953, 2059.9425048905478], [937.0336010435208, 2250.7519156317953]], '쥐이이', 0.23418626581489213)]
[([[900, 904], [1008, 904], [1008, 980], [900, 980]], '팎', 0.2572566797676359)]
[([[840, 293], [1351, 293], [1351, 359], [840, 359]], '지위관 엄청 딱딱해져있어..', 0.2819664756592705), ([[847, 359], [1353, 359], [1353, 426], [847, 426]], '많이 쌓여서 괴로운 걸까..?', 0.7052728230331693), ([[901, 905], [1007, 905], [1007, 980], [901, 980]], '반질', 0.09669340784548827), ([[1129, 1031], [1167, 1031], [1167, 1093], [1129, 1093]], '김', 0.856184395757996)]
[([[991, 370], [1158, 370], [1158, 437], [991, 437]], '지위관 .', 0.4064753183248973), ([[1264, 892], [1356, 892], [1356, 970], [1264, 970]], '톤들', 0.3269551756667154), ([[1030, 1054], [1134, 1054], [1134, 1128], [1030, 1128]], '콤들', 0.03415998448898718)]
[([[921, 311], [1060, 311], [1060, 378], [921, 378]], '손에서', 0.9205130976717034), ([[821, 383], [1161, 383], [1161, 443], [821, 443]], '지위관 냄새가.9', 0.47000393046465744), ([[1264, 892], [1356, 892], [1356, 972], [1264, 972]], '톤들', 0.0973368545282922), ([[73, 961], [227, 961], [227, 1023], [73, 1023]], '하이뉴다', 0.06586650013923645), ([[449, 933], [631, 933], [631, 1013], [449, 1013]], '흥아', 0.11293133321637706), ([[1030, 1054], [1134, 1054], [1134, 1128], [1030, 1128]], '듣들', 0.018257303921981584)]
[([[1264, 892], [1356, 892], [1356, 970], [1264, 970]], '톤들', 0.11894127996942926), ([[1030, 1054], [1134, 1054], [1134, 1128], [1030, 1128]], '듣들', 0.042946119400149904)]
[([[233, 261], [491, 261], [491, 321], [233, 321]], '하아 하아', 0.9123197861262556), ([[191, 329], [335, 329], [335, 391], [191, 391]], '지위관.', 0.38378530740737915), ([[361, 329], [533, 329], [533, 389], [361, 389]], '자지..9', 0.33602015648256617), ([[121, 397], [607, 397], [607, 459], [121, 459]], '머리가 이상해질 거같아 .', 0.6712628170473347), ([[818, 918], [920, 918], [920, 972], [818, 972]], '하스', 0.03530316910507489), ([[1161, 919], [1315, 919], [1315, 988], [1161, 988]], '회아다', 0.16427892069929514), ([[559.1683735492365, 906.02662736809], [659.9144120429779, 945.9377333839554], [603.8316264507635, 1087.97337263191], [502.085587957022, 1048.0622666160446]], '>', 0.48007629953303876)]
[([[229, 211], [499, 211], [499, 273], [229, 273]], '지후관이 먼저', 0.5355342685593971), ([[219, 277], [515, 277], [515, 341], [219, 341]], '유록한 거니까..', 0.4612482390665166), ([[820, 920], [922, 920], [922, 972], [820, 972]], '영이스', 0.13783401593699587), ([[1161, 919], [1317, 919], [1317, 988], [1161, 988]], '하어나', 0.4491612022152536), ([[1099, 1191], [1187, 1191], [1187, 1291], [1099, 1291]], '속', 0.9997437164498848), ([[554.1910337040921, 916.0272988205633], [650.1432718131135, 943.2282189588535], [608.8089662959079, 1087.9727011794366], [511.85672818688647, 1060.7717810411466]], '>', 0.995226371683259)]
[([[1173, 821], [1241, 821], [1241, 885], [1173, 885]], '쭉', 0.31397802904679395), ([[530, 910], [667, 910], [667, 1095], [530, 1095]], '(', 0.7797454499791598)]
[([[303, 9], [499, 9], [499, 147], [303, 147]], '몸', 0.0997755055051961), ([[6, 336], [211, 336], [211, 487], [6, 487]], '딴름', 0.024895847007088065), ([[903, 821], [1047, 821], [1047, 907], [903, 907]], '습다', 0.018284991892665928), ([[1162, 840], [1312, 840], [1312, 940], [1162, 940]], ')요움', 0.025159145732608097), ([[522, 900], [720, 900], [720, 1104], [522, 1104]], "( '", 0.33936757849169474)]
[([[1067, 797], [1185, 797], [1185, 863], [1067, 863]], '콤행', 0.06593561153925796), ([[1214, 874], [1332, 874], [1332, 974], [1214, 974]], '개원-', 0.01856145080526779), ([[533.0766857300642, 896.0266631301117], [658.8152758477041, 914.2089097900971], [629.9233142699358, 1100.9733368698883], [504.1847241522959, 1082.791090209903]], '느', 0.07095583394576366), ([[1054.884251825233, 1081.0781879591534], [1150.3010531648429, 1099.7297366032476], [1135.115748174767, 1167.9218120408466], [1039.6989468351571, 1149.2702633967524]], '오징', 0.10911846343734104)]
[([[1112, 304], [1284, 304], [1284, 360], [1112, 360]], '하아.9', 0.515339732170105), ([[915, 369], [1485, 369], [1485, 435], [915, 435]], '조금만 작전이 늦게 끝낫어도', 0.5946891544119146), ([[979, 441], [1423, 441], [1423, 503], [979, 503]], '치마에 싸버로올 거야 .', 0.5667825536131254), ([[992, 594], [1048, 594], [1048, 658], [992, 658]], '응', 0.9377865569970254), ([[889.282563668587, 2135.3695382011524], [1112.3341862721973, 2064.7837070898277], [1133.717436331413, 2138.6304617988476], [910.6658137278029, 2208.2162929101723]], '조력른', 0.08972926931072865)]
[([[1235, 887], [1297, 887], [1297, 967], [1235, 967]], '뜰', 0.17620527861389323), ([[1312, 992], [1364, 992], [1364, 1066], [1312, 1066]], '틈', 0.2374493027430482), ([[1048, 1078], [1124, 1078], [1124, 1162], [1048, 1162]], '틈', 0.13492030506344932), ([[272, 1374], [410, 1374], [410, 1452], [272, 1452]], '즈흘', 0.04440328842049746)]
[([[414, 186], [552, 186], [552, 242], [414, 242]], '응.9', 0.7480311390706721), ([[1419, 339], [1461, 339], [1461, 413], [1419, 413]], '(1', 0.31710749849336106), ([[1046.1518863945892, 224.01999156528794], [1416.925308477655, 329.36191697984873], [1368.8481136054108, 471.9800084347121], [998.0746915223449, 367.63808302015127]], '꽃 유 음기', 0.22384508580092052)]
[([[976, 30], [1048, 30], [1048, 122], [976, 122]], '용', 0.3771512158421366), ([[1265, 3], [1395, 3], [1395, 91], [1265, 91]], '같0', 0.05416315088781431), ([[290, 230], [433, 230], [433, 296], [290, 296]], '응웃9', 0.7616752286173705), ([[1040, 180], [1118, 180], [1118, 284], [1040, 284]], '팀', 0.06466618521336898), ([[829, 657], [925, 657], [925, 722], [829, 722]], '응9', 0.35967048916317307), ([[1222, 1210], [1448, 1210], [1448, 1348], [1222, 1348]], '헤품9', 0.008243939675171617), ([[1309.1536977908681, 1482.2144054197295], [1548.3993450233775, 1426.529381864796], [1572.8463022091319, 1585.7855945802705], [1333.6006549766225, 1642.470618135204]], '제문다 ', 0.4826206862926483)]
[([[581, 7], [785, 7], [785, 140], [581, 140]], '오주이', 0.05539382772424699), ([[824, 28], [928, 28], [928, 150], [824, 150]], "꼴'", 0.3934572821923887), ([[413, 311], [569, 311], [569, 379], [413, 379]], '하응9', 0.5105777776476513), ([[230, 1016], [388, 1016], [388, 1116], [230, 1116]], '@밟', 0.054784361137607825), ([[1339, 1217], [1545, 1217], [1545, 1333], [1339, 1333]], '제품9', 0.030300841060294924), ([[979.9113999188239, 157.04565903400473], [1145.181142542081, 193.45910070916509], [1117.088600081176, 301.9543409659953], [951.8188574579191, 265.54089929083494]], '잠 옷5', 0.007027160841971636)]
[([[526, 150], [654, 150], [654, 206], [526, 206]], '딴 0', 0.15671633183956146), ([[430, 344], [703, 344], [703, 406], [430, 406]], '하아하아.0', 0.5896998723405031), ([[522, 1102], [650, 1102], [650, 1202], [522, 1202]], '운', 0.9578122376440348)]
[([[478, 452], [704, 452], [704, 588], [478, 588]], '품움0', 0.06569401855083054), ([[943, 482], [1167, 482], [1167, 608], [943, 608]], '똑움9', 0.08520160042451616), ([[847, 1697], [955, 1697], [955, 1827], [847, 1827]], '동', 0.2048088071033769), ([[859.4317558446444, 1005.0094997548658], [972.4495781544747, 966.0059457608545], [1092.5682441553556, 1337.9905002451342], [979.5504218455253, 1377.9940542391455]], '출', 0.2606226181029001)]
[([[484, 226], [604, 226], [604, 304], [484, 304]], '조용', 0.6796499883433739), ([[794, 219], [968, 219], [968, 320], [794, 320]], '소용"', 0.24353309057141193), ([[145, 848], [361, 848], [361, 975], [145, 975]], '안계9', 0.039435558549364494), ([[360, 1021], [527, 1021], [527, 1143], [360, 1143]], '만계', 0.16718713570547694), ([[608, 2020], [664, 2020], [664, 2102], [608, 2102]], '품', 0.20300112098286505), ([[616.4281473238831, 2099.0233973513737], [669.0571777911906, 2088.080290821298], [697.5718526761169, 2234.9766026486263], [644.9428222088094, 2245.919709178702]], '푹', 0.6466666892670823)]
[([[1153, 437], [1385, 437], [1385, 499], [1153, 499]], '자 지후관이', 0.2564017996155625), ([[973, 505], [1560, 505], [1560, 567], [973, 567]], '저아하는 추름추름 청소 필라야', 0.21783225550546256), ([[464, 1010], [544, 1010], [544, 1104], [464, 1104]], '좀', 0.012518274069748758), ([[804, 1056], [956, 1056], [956, 1158], [804, 1158]], '소월', 0.11765792083691964), ([[562, 1178], [636, 1178], [636, 1268], [562, 1268]], '좀', 0.6333706427528938), ([[25, 1271], [437, 1271], [437, 1333], [25, 1333]], '앞으로는 쌍엿올 때는', 0.6830895467337502), ([[75, 1339], [387, 1339], [387, 1401], [75, 1401]], '이렇게 장난치지', 0.7327338533776506), ([[49, 1405], [415, 1405], [415, 1467], [49, 1467]], '말고 직접 찾아와서', 0.9290927178343186), ([[105, 1472], [361, 1472], [361, 1532], [105, 1532]], '말해쥐야 해?', 0.8249368618870407), ([[921, 1884], [1084, 1884], [1084, 1972], [921, 1972]], '-@', 0.07946177413108575), ([[1214, 1935], [1475, 1935], [1475, 2001], [1214, 2001]], '지위관이라면', 0.6533197870471125), ([[1124, 2003], [1560, 2003], [1560, 2067], [1124, 2067]], '언제든 받아죽테니까이', 0.3980929227746191), ([[379.86281316503033, 70.17687899018213], [556.775197325815, 40.42996398832658], [568.1371868349696, 155.82312100981787], [391.224802674185, 185.57003601167344]], '예커다', 0.0033521921512026124), ([[584.325748447295, 293.10826304417185], [717.8994544374598, 277.5237290712234], [725.674251552705, 395.89173695582815], [592.1005455625402, 411.4762709287766]], '날종', 0.1663591806733527), ([[295.11152606349873, 1767.1799355301935], [445.2219219164378, 1752.307900211697], [448.88847393650127, 1838.8200644698065], [298.7780780835622, 1853.692099788303]], '~이', 0.053539880878991405)]
[([[704, 84], [952, 84], [952, 132], [704, 132]], '아 정말  !길에서', 0.5532849749811539), ([[722, 136], [934, 136], [934, 186], [722, 186]], '낮간지러운짓', 0.8731629349606039), ([[690, 188], [966, 188], [966, 240], [690, 240]], '하지 좀 말라니까!', 0.8943119032423511), ([[751, 422], [861, 422], [861, 472], [751, 472]], '쪽쪽쪽', 0.9768536394610391), ([[646, 474], [970, 474], [970, 526], [646, 526]], '싫은데? 계속할건데?', 0.5535878691501568), ([[736, 528], [882, 528], [882, 580], [736, 580]], '좁좁좁좁', 0.4093848466873169), ([[510, 1064], [594, 1064], [594, 1114], [510, 1114]], '???', 0.8563522100448608), ([[289, 1129], [769, 1129], [769, 1191], [289, 1191]], '지지위관 . ? 방금 전까지', 0.6168222433022811), ([[373, 1197], [687, 1197], [687, 1257], [373, 1257]], '화장실에 있던거', 0.7851028253935818), ([[323, 1265], [737, 1265], [737, 1325], [323, 1325]], '아니야.? 왜 그쪽에서', 0.6514127453396296), ([[407, 1331], [655, 1331], [655, 1391], [407, 1391]], '오는 거야..?', 0.29560375489008245), ([[117, 1605], [359, 1605], [359, 1665], [117, 1665]], '응? 화장실?', 0.9912110686407165), ([[29, 1671], [447, 1671], [447, 1733], [29, 1733]], '우린 방금 작전 끝나고', 0.8867613087094147), ([[113, 1739], [367, 1739], [367, 1801], [113, 1801]], '복귀 중인데?', 0.9884024329343198), ([[250, 2040], [408, 2040], [408, 2096], [250, 2096]], '에. ??', 0.6775576736598992), ([[187, 2109], [471, 2109], [471, 2171], [187, 2171]], '에에..!!!??!?', 0.49125258114841147)]
[]
[([[1001, 351], [1457, 351], [1457, 413], [1001, 413]], '다음부터논 대열올 조금', 0.4595140845224513), ([[979, 419], [1481, 419], [1481, 481], [979, 481]], '다르게 짜서 출격해보자고', 0.9923571907895201), ([[1059, 487], [1396, 487], [1396, 549], [1059, 549]], '건의해 보아켓어.', 0.43442213261185025), ([[245, 965], [401, 965], [401, 1034], [245, 1034]], '하@)', 0.6378949493691997), ([[1245, 1055], [1309, 1055], [1309, 1127], [1245, 1127]], '특', 0.23029591744283184), ([[1216, 1208], [1362, 1208], [1362, 1372], [1216, 1372]], '(', 0.9447169171949987)]
[]
[([[1220, 1204], [1364, 1204], [1364, 1356], [1220, 1356]], "'(", 0.6591854182623821)]
[([[840, 254], [870, 254], [870, 288], [840, 288]], '/', 0.2507950417939355), ([[854, 274], [890, 274], [890, 304], [854, 304]], '2', 0.11518873442464272)]
[]
[]
[]
[]
[]
[]
[]
[([[1131, 361], [1233, 361], [1233, 421], [1131, 421]], '응?', 0.9994480894909152), ([[1260, 1010], [1376, 1010], [1376, 1088], [1260, 1088]], '만족', 0.6983819559374594), ([[1353, 1195], [1483, 1195], [1483, 1283], [1353, 1283]], '말질', 0.16842866861824565), ([[829.7639320225002, 265.5278640450004], [859.7718844013681, 243.0599398312445], [896.2360679774998, 294.4721359549996], [865.2281155986319, 316.9400601687555]], '=-', 0.18454876183510174)]
[]
[([[522, 918], [648, 918], [648, 1086], [522, 1086]], '5', 0.03222044211213615)]
[([[561.1576182653336, 908.0273212861375], [662.0603739656708, 949.1685925506151], [604.8423817346664, 1087.9726787138625], [503.9396260343292, 1046.8314074493849]], '>', 0.04484754188780826)]
[([[522, 900], [678, 900], [678, 1107], [522, 1107]], '(', 0.1471345074569399)]
[([[491.97070663475256, 945.0982783379511], [626.6767810302406, 872.1712976084408], [725.0292933652474, 1089.9017216620489], [589.3232189697594, 1162.8287023915593]], '0', 0.8522499477492183)]
[([[509, 906], [658, 906], [658, 1096], [509, 1096]], '(', 0.35830708204077055)]
[]
[([[901, 0], [1192, 0], [1192, 209], [901, 209]], '((', 0.624377016609671)]
[]
[]
[([[1140, 330], [1260, 330], [1260, 404], [1140, 404]], '꽉]!!', 0.1108815148472786), ([[1194.2400123098244, 764.0321452559276], [1267.155497333474, 789.5411669827107], [1228.7599876901756, 899.9678547440724], [1155.844502666526, 874.4588330172893]], '뜻', 0.012528327743680734)]
[]
[]
[]
[]
[]
[([[1001, 325], [1279, 325], [1279, 389], [1001, 389]], '지후관이야.?', 0.23427811560609718), ([[1077.8377223398315, 774.5131670194949], [1343.0034895284195, 736.6483133945973], [1350.1622776601685, 823.4868329805051], [1084.9965104715805, 861.3516866054027]], '사 빨딱0', 0.06247830722668613), ([[966.2300095399714, 1045.3680152639542], [1121.6545623621146, 998.9405611011639], [1140.7699904600286, 1076.6319847360458], [985.3454376378854, 1123.059438898836]], '뺨/', 0.08933318060366949)]
[([[871, 301], [1345, 301], [1345, 363], [871, 363]], '지위관 정말 놀랍잡아 ..!', 0.21219330114695684), ([[997, 369], [1217, 369], [1217, 429], [997, 429]], '부탁이니까', 0.980706732479157), ([[867, 435], [1345, 435], [1345, 497], [867, 497]], '이런 장난좀 치지말아쥐..', 0.5180833186374119), ([[1077.6366360300185, 775.5825808840516], [1343.0034895284195, 736.6483133945973], [1350.3633639699815, 822.4174191159484], [1084.9965104715805, 861.3516866054027]], '사 빨빨조0', 0.062081390978540006), ([[965.1435706882137, 1042.2584272387846], [1121.306568260254, 996.1725509699266], [1140.8564293117863, 1077.7415727612154], [984.6934317397461, 1123.8274490300735]], "빨대'", 0.2563007807402112)]
[([[933, 265], [1175, 265], [1175, 327], [933, 327]], '저기 지위관', 0.4843756114539172), ([[845, 331], [1263, 331], [1263, 397], [845, 397]], '이제 그만 치위출래 .?', 0.41097383214408545), ([[1077.526856441764, 775.6225123927629], [1343.0181602872462, 736.6787981956945], [1350.473143558236, 821.3774876072371], [1084.9818397127538, 860.3212018043055]], '새   빨빨*다', 0.021918905316578256), ([[964.007698233973, 1046.5115473509595], [1120.5490701497533, 997.8266961703144], [1140.9923017660271, 1076.4884526490405], [985.4509298502467, 1125.1733038296854]], '빨대', 0.049320858048531875)]
[([[1082, 758], [1300, 758], [1300, 854], [1082, 854]], '/훌들어', 0.04032231867313385), ([[989, 1019], [1117, 1019], [1117, 1105], [989, 1105]], '흔들', 0.6748738123761933)]
