2722843
12
[([[900, 30], [997, 30], [997, 73], [900, 73]], '안에서', 0.7354019783814789), ([[886, 70], [1017, 70], [1017, 115], [886, 115]], '움질거려', 0.8255094885826111), ([[125, 115], [201, 115], [201, 153], [125, 153]], '아', 0.9577427050121656), ([[1187, 105], [1373, 105], [1373, 147], [1187, 147]], '생으하니까', 0.29777827925663786), ([[1195, 143], [1361, 143], [1361, 183], [1195, 183]], '어때? 좋아?', 0.9147732905897312), ([[204, 166], [278, 166], [278, 214], [204, 214]], '안에', 0.950871577224011), ([[1394, 184], [1454, 184], [1454, 216], [1394, 216]], '네:', 0.8308037016422049), ([[152, 194], [218, 194], [218, 246], [152, 246]], '햇', 0.11327819778146253), ([[1321, 409], [1435, 409], [1435, 525], [1321, 525]], "'", 0.06881680770334242), ([[238, 580], [344, 580], [344, 656], [238, 656]], '40', 0.6033325910538109), ([[1910, 935], [2034, 935], [2034, 1102], [1910, 1102]], '불', 0.8846947925267301), ([[2088, 1000], [2138, 1000], [2138, 1126], [2088, 1126]], '불', 0.989211371262261), ([[343, 1109], [457, 1109], [457, 1201], [343, 1201]], '움빛', 0.09797478344327372)]
[]
[([[596, 421], [663, 421], [663, 474], [596, 474]], '아', 0.9999670985067155), ([[1940, 473], [2044, 473], [2044, 528], [1940, 528]], '이거:', 0.9262224602985865), ([[1899, 524], [2152, 524], [2152, 591], [1899, 591]], '위험활지도 -', 0.42975680805048094), ([[954, 686], [1070, 686], [1070, 739], [954, 739]], '(하아매', 0.07927282154560089), ([[1684, 699], [1789, 699], [1789, 743], [1684, 743]], '허다', 0.24759134203356778), ([[1812, 811], [1911, 811], [1911, 855], [1812, 855]], '하다)', 0.035645008003559076), ([[1805, 1575], [1889, 1575], [1889, 1653], [1805, 1653]], '웬', 0.6989786619823377), ([[779, 1623], [894, 1623], [894, 1702], [779, 1702]], '원리7', 0.010069711996022442), ([[1493, 1862], [1593, 1862], [1593, 1924], [1493, 1924]], '올렉', 0.03019877168070909), ([[1162, 1985], [1304, 1985], [1304, 2060], [1162, 2060]], '끝러 0', 0.019557619467377663)]
[]
[([[1319, 409], [1435, 409], [1435, 525], [1319, 525]], '7', 0.02447213701776718)]
[([[900, 30], [997, 30], [997, 73], [900, 73]], '안에서', 0.8188379192647572), ([[886, 70], [1029, 70], [1029, 115], [886, 115]], '움질거려:', 0.5843402467496629), ([[125, 115], [201, 115], [201, 153], [125, 153]], '아 ', 0.37568146083752557), ([[1187, 105], [1373, 105], [1373, 147], [1187, 147]], '생-하니까', 0.2580365201535405), ([[1195, 143], [1361, 143], [1361, 183], [1195, 183]], '어때? 좋아?', 0.9333860564021351), ([[204, 166], [280, 166], [280, 214], [204, 214]], '안에:', 0.9789024133160389), ([[1394, 184], [1442, 184], [1442, 216], [1394, 216]], '네:', 0.8914642222257939), ([[151, 189], [223, 189], [223, 251], [151, 251]], '/', 0.2605859830030255), ([[1319, 407], [1435, 407], [1435, 525], [1319, 525]], '"', 0.027646105270151544), ([[234, 577], [346, 577], [346, 658], [234, 658]], '4 ', 0.0817177068111598), ([[1916, 941], [1973, 941], [1973, 1097], [1916, 1097]], '불', 0.99697735183668), ([[1996, 986], [2026, 986], [2026, 1064], [1996, 1064]], '봇', 0.11781776401250355), ([[2088, 1000], [2138, 1000], [2138, 1124], [2088, 1124]], '불', 0.9867388329439706), ([[342, 1106], [456, 1106], [456, 1204], [342, 1204]], '움빛', 0.027553875555792973)]
[([[1339.0353897209563, 394.0388325398579], [1455.7470614636366, 450.5491742270111], [1409.9646102790437, 541.9611674601422], [1293.2529385363634, 484.4508257729889]], '거', 0.006162400139531066)]
[([[1768, 299], [1867, 299], [1867, 387], [1768, 387]], "'어터", 0.005930588962796484), ([[482, 421], [566, 421], [566, 476], [482, 476]], '아~', 0.1767886786408224), ([[536, 475], [706, 475], [706, 528], [536, 528]], '조금만 ', 0.5981382727622986), ([[506, 529], [694, 529], [694, 582], [506, 582]], '좀만 더:', 0.28639311380179755), ([[947, 533], [1073, 533], [1073, 643], [947, 643]], '아', 0.2179657138690949), ([[2067, 557], [2282, 557], [2282, 617], [2067, 617]], '부립해요 ', 0.17534828385701554), ([[704, 580], [830, 580], [830, 670], [704, 670]], '%', 0.2562276543212647), ([[1675, 2163], [1846, 2163], [1846, 2260], [1675, 2260]], '질꺼요', 0.027257058075723824), ([[1043, 2254], [1215, 2254], [1215, 2354], [1043, 2354]], '전_ %', 0.02728964050645647)]
[]
[([[1501, 259], [1595, 259], [1595, 327], [1501, 327]], "''터", 0.08317755401802163), ([[410, 356], [492, 356], [492, 406], [410, 406]], '아~', 0.17395175691535558), ([[454, 404], [594, 404], [594, 452], [454, 452]], "'조금만", 0.6216442819639003), ([[430, 448], [592, 448], [592, 498], [430, 498]], '좀 더 도', 0.09985183954262711), ([[804, 452], [918, 452], [918, 550], [804, 550]], '아', 0.31935439600624704), ([[1760, 474], [1944, 474], [1944, 524], [1760, 524]], '부탁해요 <', 0.21506982599616073), ([[598, 494], [700, 494], [700, 570], [598, 570]], '%', 0.941148220313849), ([[1428, 1842], [1572, 1842], [1572, 1922], [1428, 1922]], '질객니', 0.0828102365243229), ([[887, 1920], [1036, 1920], [1036, 2004], [887, 2004]], '팬-%', 0.06423388421535492)]
[([[1440.0899041796965, 1255.0676489337218], [1717.6269459204302, 1215.4542361193692], [1734.9100958203035, 1449.9323510662782], [1457.3730540795698, 1488.5457638806308]], '5톱', 0.0050691141356924594)]
[([[506, 356], [566, 356], [566, 406], [506, 406]], '아', 0.9999574427364202), ([[1650, 402], [1766, 402], [1766, 452], [1650, 452]], '이거: :', 0.42986130924297383), ([[1617, 446], [1832, 446], [1832, 503], [1617, 503]], '위험활지도 -', 0.6597114649610291), ([[811, 585], [913, 585], [913, 629], [811, 629]], '(하아당', 0.1107536107301712), ([[1433, 595], [1523, 595], [1523, 635], [1433, 635]], '하다)', 0.08687614345190368), ([[1543, 691], [1629, 691], [1629, 729], [1543, 729]], '하49', 0.1069332354671399), ([[1539, 1345], [1611, 1345], [1611, 1409], [1539, 1409]], '옛', 0.5399128802405109), ([[662, 1380], [750, 1380], [750, 1452], [662, 1452]], "원'", 0.6484341977188117), ([[1270, 1586], [1356, 1586], [1356, 1640], [1270, 1640]], '올로', 0.017843079922021624), ([[991.1579833204635, 1699.2897482934368], [1106.1716052909467, 1687.9578792406196], [1108.8420166795365, 1741.7102517065632], [993.8283947090533, 1754.0421207593804]], '몰러 0', 0.046715959906578064)]
