2725753
96
[([[1565, 312], [1640, 312], [1640, 378], [1565, 378]], '셋', 0.06929687166753329), ([[186, 307], [922, 307], [922, 475], [186, 475]], '결혼해주세오', 0.606491392900533), ([[956, 735], [1188, 735], [1188, 828], [956, 828]], '오아', 0.766673768802862)]
[([[520.4586409541624, 519.1698659232896], [1415.101945219492, 388.46938529014295], [1430.5413590458375, 696.8301340767104], [535.8980547805079, 827.5306147098571]], '건요요으 @@ @', 0.042473122908574586)]
[([[154, 68], [1205, 68], [1205, 209], [154, 209]], '히나장과 하나가 되면', 0.9534325271580726), ([[772, 265], [1707, 265], [1707, 402], [772, 402]], '더 이상 누군가에게', 0.6219890886081234), ([[457, 396], [787, 396], [787, 533], [457, 533]], '빼앗길', 0.99949855414172), ([[821, 396], [1759, 396], [1759, 530], [821, 530]], '걱정올 하지 않아도', 0.9714386524317628), ([[1790, 399], [1918, 399], [1918, 523], [1790, 523]], '돼', 0.39675063046349024), ([[1208, 612], [1410, 612], [1410, 769], [1208, 769]], '쇼', 0.6036286135645561), ([[1581, 1893], [1839, 1893], [1839, 2192], [1581, 2192]], '꽉', 0.6747452336915103)]
[([[1107, 2488], [1224, 2488], [1224, 2632], [1107, 2632]], ')', 0.6165691802780202)]
[([[371, 173], [479, 173], [479, 297], [371, 297]], '', 0.0), ([[1804, 2502], [1937, 2502], [1937, 2668], [1804, 2668]], ')', 0.3867780234116971)]
[]
[([[216, 79], [445, 79], [445, 220], [216, 220]], '히나', 0.8591438335598951), ([[115, 202], [546, 202], [546, 353], [115, 353]], '머리수육', 0.9906391501426697), ([[1208, 1206], [1919, 1206], [1919, 1338], [1208, 1338]], '잘먹켓습니다 ~', 0.40487481121696395), ([[240, 1398], [475, 1398], [475, 1542], [240, 1542]], '히나', 0.5593755287015381), ([[129, 1529], [576, 1529], [576, 1677], [129, 1677]], '자3원밥', 0.061340607702732086), ([[72, 1674], [132, 1674], [132, 1723], [72, 1723]], '4', 0.22756331619277237), ([[1686, 2244], [2037, 2244], [2037, 2451], [1686, 2451]], '히나 /', 0.5758473948011191), ([[1531, 2429], [2077, 2429], [2077, 2581], [1531, 2581]], '뇌수된장국', 0.7642785747804239), ([[1304.130853813858, 2067.013492806227], [1517.707338257467, 2121.1530866641024], [1432.869146186142, 2444.986507193773], [1220.292661742533, 2391.8469133358976]], '탁', 0.09350247977736448)]
[([[1841, 1439], [2046, 1439], [2046, 1567], [1841, 1567]], '아~', 0.9999837313552349), ([[1465, 2158], [1565, 2158], [1565, 2271], [1465, 2271]], '푹', 0.287407332240619), ([[236.06240887386187, 292.25573058101264], [596.888852715954, 240.79499757448974], [605.9375911261382, 382.74426941898736], [244.111147284046, 435.20500242551026]], '거사 ~', 0.06550982794010665)]
[([[1565, 312], [1640, 312], [1640, 378], [1565, 378]], '씨', 0.06436758543263554)]
[([[224, 220], [284, 220], [284, 281], [224, 281]], '0', 0.9534823572011), ([[2122.7283301211023, 208.5023828817767], [2189.0531948969015, 260.07158942443084], [1932.2716698788977, 549.4976171182233], [1865.9468051030985, 497.92841057556916]], '1', 0.20538736091836896), ([[695.3755418293173, 284.01300390361473], [772.3844890118883, 209.0049285363578], [1078.6244581706828, 553.9869960963853], [1001.6155109881117, 628.9950714636423]], '"', 0.07601134612230087), ([[1601.4217371477885, 543.1265211443365], [1885.5841523304796, 465.8704455586159], [1906.5782628522115, 545.8734788556635], [1622.4158476695204, 623.1295544413841]], '//111 /', 0.24008436428334437)]
[([[439, 1341], [463, 1341], [463, 1370], [439, 1370]], '0', 0.9348721943281966), ([[1486, 1754], [1630, 1754], [1630, 1877], [1486, 1877]], '골록', 0.1701109762993358), ([[740.9333401284623, 1759.1533788606976], [887.224842647076, 1731.4689849427186], [902.0666598715377, 1853.8466211393024], [755.775157352924, 1881.5310150572814]], '록', 0.8696012803542921), ([[1732.7441813462397, 2177.046448174236], [1848.6150683136443, 2124.0768928874672], [1937.2558186537603, 2345.953551825764], [1822.3849316863557, 2398.9231071125328]], '줄', 0.9910490250516126), ([[1876.1967277877102, 2357.0230635061553], [1982.273803153911, 2339.6682856840685], [2011.8032722122898, 2558.9769364938447], [1906.726196846089, 2575.3317143159315]], '특', 0.8205565432636064)]
[([[152, 171], [921, 171], [921, 371], [152, 371]], '고백 성동생', 0.10632130725759976), ([[1981, 393], [2021, 393], [2021, 444], [1981, 444]], "'", 0.5768610242840033), ([[874, 522], [2086, 522], [2086, 733], [874, 733]], '무책임 쾌락씩스', 0.25276001934893866), ([[1729, 2276], [2037, 2276], [2037, 2534], [1729, 2534]], '와몽', 0.02705500405641804), ([[180, 2522], [691, 2522], [691, 2803], [180, 2803]], "와아'_", 0.17401665449142456), ([[614.521532469686, 788.0287194983941], [755.9150391008474, 848.1799580261738], [741.478467530314, 878.9712805016059], [600.0849608991526, 818.8200419738262]], '해 ', 0.004495282107270872)]
[([[2164, 2473], [2191, 2473], [2191, 2515], [2164, 2515]], '0', 0.48762297883783745)]
[]
[([[1707, 1443], [1902, 1443], [1902, 1591], [1707, 1591]], '유~', 0.36637333920696236)]
[([[532.4619722170481, 2271.0076192617994], [656.4120505733285, 2217.0044685695552], [837.5380277829519, 2661.9923807382006], [713.5879494266715, 2715.9955314304448]], '벼', 0.006125293039588309), ([[24.312835447690134, 2382.0107343260843], [172.50445448926735, 2324.005784267943], [323.68716455230987, 2745.9892656739157], [176.49554551073265, 2803.994215732057]], '덜', 0.18831835071273417)]
[([[803, 2000], [891, 2000], [891, 2113], [803, 2113]], '춤', 0.08030442810004335), ([[1477, 1960], [1574, 1960], [1574, 2078], [1477, 2078]], '춤', 0.8992246275299784)]
[([[1204, 1831], [1345, 1831], [1345, 2011], [1204, 2011]], '탁', 0.9991473585694308)]
[([[520.4586409541624, 519.1698659232896], [1415.101945219492, 388.46938529014295], [1430.5413590458375, 696.8301340767104], [535.8980547805079, 827.5306147098571]], '건요요으 @@ @', 0.042473122908574586)]
[([[1583, 1893], [1839, 1893], [1839, 2190], [1583, 2190]], '꽉', 0.9167360169391294)]
[]
[]
[([[277, 286], [892, 286], [892, 442], [277, 442]], '수정 성공생', 0.4375027039705174), ([[439, 1341], [463, 1341], [463, 1370], [439, 1370]], '0', 0.9469309309820915), ([[1486, 1754], [1630, 1754], [1630, 1877], [1486, 1877]], '골록', 0.2079671210020368), ([[1454.3273272060037, 1375.1165161768104], [1471.384828921442, 1364.0373725006457], [1501.6726727939963, 1406.8834838231896], [1484.615171078558, 1418.9626274993543]], "'", 0.16828311124760376), ([[740.9333401284623, 1759.1533788606976], [887.224842647076, 1731.4689849427186], [902.0666598715377, 1853.8466211393024], [755.775157352924, 1881.5310150572814]], '록', 0.8865404532343888), ([[1731.6194630200748, 2178.0530192609717], [1846.335154758259, 2122.0495860278515], [1939.3805369799252, 2343.9469807390283], [1825.664845241741, 2399.9504139721485]], '줄', 0.9917660677842974), ([[1875.205826339318, 2355.0225435719985], [1981.161486705786, 2337.6328002783844], [2012.794173660682, 2558.9774564280015], [1906.838513294214, 2576.3671997216156]], '특', 0.7850072616065518)]
[]
[([[27, 1672], [141, 1672], [141, 1725], [27, 1725]], "'씨", 0.04282912104610182), ([[1261, 2100], [1495, 2100], [1495, 2422], [1261, 2422]], '탁', 0.9748004409448328)]
[([[1465, 2158], [1569, 2158], [1569, 2271], [1465, 2271]], '푹', 0.14829306360838146), ([[236.06240887386187, 292.25573058101264], [596.888852715954, 240.79499757448974], [605.9375911261382, 382.74426941898736], [244.111147284046, 435.20500242551026]], '거사 ~', 0.07251409880143972)]
[([[1565, 312], [1638, 312], [1638, 378], [1565, 378]], '셋', 0.02303686814732786), ([[225, 273], [496, 273], [496, 714], [225, 714]], ';툼', 0.01252328716700424), ([[862, 700], [964, 700], [964, 901], [862, 901]], '호', 0.08104935915140743)]
[([[273, 235], [592, 235], [592, 775], [273, 775]], '품#', 0.019910554063824235), ([[1830, 205], [2163, 205], [2163, 521], [1830, 521]], '돼톱', 0.004885830791423777), ([[383, 1927], [727, 1927], [727, 2485], [383, 2485]], '##', 0.5243800964312791), ([[1709, 1825], [1919, 1825], [1919, 2276], [1709, 2276]], '#', 0.039320060844989735), ([[674.4389417578712, 240.00984009933174], [758.3702711812003, 166.00428497214418], [1075.5610582421286, 556.9901599006682], [991.6297288187997, 629.9957150278558]], '{', 0.08687224228683377), ([[674.3204595160191, 821.0779759188824], [743.9714768195332, 839.587294886176], [734.6795404839809, 869.9220240811176], [666.0285231804668, 850.412705113824]], '던사', 0.005904455532998741), ([[474.0077221232863, 2447.0617769862906], [532.6625609418811, 2436.456077331337], [548.9922778767136, 2542.9382230137094], [491.3374390581189, 2553.543922668663]], ';', 0.961278996845877)]
[([[1110, 210], [1238, 210], [1238, 637], [1110, 637]], '푹', 0.013533774348017724), ([[439, 1341], [463, 1341], [463, 1370], [439, 1370]], '0', 0.9462188064483144), ([[1504, 1718], [1618, 1718], [1618, 1951], [1504, 1951]], '볶', 0.024529052940064355), ([[1314, 2302], [1571, 2302], [1571, 2655], [1314, 2655]], '속', 0.37567785082116245), ([[752.7533654683871, 1741.0457703700642], [869.2232922687854, 1692.146010220498], [950.2466345316129, 1910.9542296299358], [833.7767077312146, 1960.853989779502]], '꼴', 0.39372954249371617)]
[([[1967, 278], [2089, 278], [2089, 496], [1967, 496]], '숲', 0.7558096612815781), ([[1253, 774], [1376, 774], [1376, 1180], [1253, 1180]], '흙', 0.009782120342194445), ([[59, 1249], [456, 1249], [456, 2118], [59, 2118]], '8', 0.019903547340448746), ([[2164, 2473], [2191, 2473], [2191, 2515], [2164, 2515]], '0', 0.5068146733340342)]
[([[1622, 311], [1843, 311], [1843, 707], [1622, 707]], '집', 0.06619992597558166), ([[1628, 685], [1798, 685], [1798, 869], [1628, 869]], '!?', 0.9989740470410449)]
[([[641, 98], [717, 98], [717, 349], [641, 349]], '꽃', 0.03883331463518247), ([[1037, 757], [1109, 757], [1109, 819], [1037, 819]], '7,', 0.03846368701887906), ([[530, 1334], [826, 1334], [826, 1412], [530, 1412]], '다 /* 잘 8', 0.008596442305042333), ([[526, 1396], [604, 1396], [604, 1470], [526, 1470]], '0', 0.038144679308879326), ([[600, 1392], [828, 1392], [828, 1538], [600, 1538]], '리소', 0.023033064518182392), ([[525, 1461], [602, 1461], [602, 1600], [525, 1600]], '7', 0.03122596931156374), ([[591, 1451], [749, 1451], [749, 1721], [591, 1721]], '돌론', 0.18026241174101287), ([[821, 1337], [900, 1337], [900, 1716], [821, 1716]], '{', 0.037337822587776515)]
[([[1692, 139], [2126, 139], [2126, 816], [1692, 816]], '행', 0.08536892701570853), ([[79, 1822], [319, 1822], [319, 2248], [79, 2248]], '7', 0.297675909632801)]
[([[240, 225], [495, 225], [495, 342], [240, 342]], '1년후', 0.9965130825533022), ([[924, 438], [1266, 438], [1266, 546], [924, 546]], '언니야 -', 0.5410523777434527), ([[1341, 621], [1914, 621], [1914, 729], [1341, 729]], '나 이 아저씨랑', 0.9962070894370488), ([[1273, 720], [1984, 720], [1984, 832], [1273, 832]], '결혼하기로 햇위 -', 0.7374278877689375), ([[2164, 2470], [2191, 2470], [2191, 2515], [2164, 2515]], '(', 0.17071263391929747)]
[([[1374, 170], [1465, 170], [1465, 378], [1374, 378]], '초', 0.7415636613828589), ([[538, 209], [802, 209], [802, 764], [538, 764]], '물?', 0.0026507767566330384), ([[778.9956950156277, 1953.0315507484802], [960.3960653587512, 2015.6455572722723], [913.0043049843723, 2143.96844925152], [731.6039346412488, 2080.3544427277275]], ',:,', 0.024310011137275746), ([[1353.3920742718285, 2046.011553349089], [1621.631690018517, 2224.586751230134], [1542.6079257281715, 2340.988446650911], [1274.368309981483, 2162.413248769866]], ',!', 0.022613327231945198)]
[([[1599, 96], [1719, 96], [1719, 385], [1599, 385]], '@', 0.08337129193529336), ([[787, 228], [1048, 228], [1048, 866], [787, 866]], '8', 0.011652805606124306), ([[924, 344], [1037, 344], [1037, 652], [924, 652]], "''", 0.7739001279845555), ([[1179, 1841], [1444, 1841], [1444, 2006], [1179, 2006]], '+{', 0.07571992907041383)]
[([[725.0326075333, 369.0130002387616], [1397.4406729280486, 523.6787103841785], [1314.9673924667, 812.9869997612384], [642.5593270719515, 658.3212896158215]], '@데된{뭐형', 4.92518480600255e-05)]
[([[1794, 180], [2054, 180], [2054, 914], [1794, 914]], '#', 0.023469363551464006), ([[91, 1183], [505, 1183], [505, 2057], [91, 2057]], ';', 0.03815485438061561), ([[1704.2705057263818, 1805.0575858957282], [1862.7711739100346, 1711.0114392318374], [2009.7294942736182, 2006.9424141042718], [1851.2288260899654, 2099.9885607681626]], '8', 0.01468385336483996)]
[([[1117, 2494], [1220, 2494], [1220, 2627], [1117, 2627]], ')', 0.9662857976329633)]
[([[371, 175], [479, 175], [479, 299], [371, 299]], ')', 0.3452069995579201), ([[1805, 2503], [1933, 2503], [1933, 2665], [1805, 2665]], ')', 0.22560885666875752)]
[]
[([[115, 74], [277, 74], [277, 409], [115, 409]], '?%', 0.0013576662326252103), ([[1125, 67], [1206, 67], [1206, 506], [1125, 506]], '{', 0.07959098216008798), ([[1156, 568], [1321, 568], [1321, 909], [1156, 909]], '호', 0.0038954624980319097), ([[4, 1034], [86, 1034], [86, 1066], [4, 1066]], '7 씨', 0.4045863151550293), ([[819, 937], [981, 937], [981, 1151], [819, 1151]], '줄어', 0.008468807576358131), ([[821, 1371], [987, 1371], [987, 1507], [821, 1507]], '{%', 0.018861830318659307)]
[([[1873, 1150], [1974, 1150], [1974, 1452], [1873, 1452]], '헌', 0.059951892095696735), ([[233.11158241937002, 291.2471780323461], [596.8714530534521, 238.76350292424192], [605.88841758063, 382.7528219676539], [242.12854694654794, 435.23649707575805]], '사사 ~', 0.27435750799156927), ([[1473.1518863945892, 2139.019991565288], [1655.9998342228505, 2262.9227474926056], [1569.8481136054108, 2386.980008434712], [1387.0001657771495, 2264.0772525073944]], '10', 0.42657108371793334)]
[([[1565, 312], [1640, 312], [1640, 378], [1565, 378]], '씨', 0.06436758543263554)]
[([[117, 149], [2049, 149], [2049, 658], [117, 658]], '데까아아아닥', 0.30267586289569737)]
[([[224, 220], [284, 220], [284, 281], [224, 281]], '0', 0.9534823572011), ([[2122.7283301211023, 208.5023828817767], [2189.0531948969015, 260.07158942443084], [1932.2716698788977, 549.4976171182233], [1865.9468051030985, 497.92841057556916]], '1', 0.20538736091836896), ([[695.3755418293173, 284.01300390361473], [772.3844890118883, 209.0049285363578], [1078.6244581706828, 553.9869960963853], [1001.6155109881117, 628.9950714636423]], '"', 0.07601134612230087), ([[1601.4217371477885, 543.1265211443365], [1885.5841523304796, 465.8704455586159], [1906.5782628522115, 545.8734788556635], [1622.4158476695204, 623.1295544413841]], '//111 /', 0.24008436428334437)]
[([[439, 1341], [463, 1341], [463, 1370], [439, 1370]], '0', 0.9422929077213418), ([[1502, 1717], [1619, 1717], [1619, 1952], [1502, 1952]], '볶', 0.046731110875094295), ([[1328, 2309], [1564, 2309], [1564, 2651], [1328, 2651]], '속', 0.024089636295620886), ([[751.7441813462397, 1742.046448174236], [869.2232922687854, 1692.146010220498], [950.2558186537603, 1910.953551825764], [833.7767077312146, 1960.853989779502]], '꽃', 0.7713206595294118)]
[([[2164, 2473], [2191, 2473], [2191, 2515], [2164, 2515]], '0', 0.44981540197888137)]
[]
[([[1678, 1232], [1786, 1232], [1786, 1318], [1678, 1318]], '77', 0.2844077118093977)]
[([[81, 1823], [318, 1823], [318, 2246], [81, 2246]], '터', 0.06043622034624385)]
[([[777.9829526915203, 1954.0323572568675], [959.2096873038557, 2012.0335714926186], [914.0170473084797, 2142.9676427431327], [732.7903126961443, 2085.9664285073814]], ',,', 0.041290284368748965), ([[1353.3920742718285, 2046.011553349089], [1621.631690018517, 2224.586751230134], [1542.6079257281715, 2340.988446650911], [1274.368309981483, 2162.413248769866]], ',!', 0.016842712533515335)]
[([[1179, 1841], [1444, 1841], [1444, 2006], [1179, 2006]], '+{+', 0.023814755661528814)]
[([[725.0326075333, 369.0130002387616], [1397.4406729280486, 523.6787103841785], [1314.9673924667, 812.9869997612384], [642.5593270719515, 658.3212896158215]], '@데된{뭐형', 4.92518480600255e-05)]
[([[1705.3260607720529, 1801.05394196682], [1867.3867473248238, 1710.037008418576], [2008.6739392279471, 2007.94605803318], [1846.6132526751762, 2098.962991581424]], '8', 0.022450064441550177)]
[([[781, 329], [1394, 329], [1394, 477], [781, 477]], '후 끊이구나', 0.45836774867804897), ([[1707, 1443], [1904, 1443], [1904, 1591], [1707, 1591]], '유~', 0.39847250108681903), ([[702, 2320], [1124, 2320], [1124, 2454], [702, 2454]], '히나장이', 0.5905185463018865), ([[1160, 2321], [1470, 2321], [1470, 2446], [1160, 2446]], '그렇게', 0.9780960650008118), ([[431, 2484], [1737, 2484], [1737, 2625], [431, 2625]], '곰찍한 모습으로 변하다니', 0.4204488388195589)]
[]
[]
[]
[([[25, 1672], [143, 1672], [143, 1723], [25, 1723]], '<1', 0.13694151205408456), ([[1360.9228619902399, 2199.0263846008916], [1625.5181241643402, 2262.062331527664], [1575.0771380097601, 2446.9736153991084], [1310.4818758356598, 2383.937668472336]], '닦*', 0.0010419562059009499)]
[([[236.06240887386187, 292.25573058101264], [596.888852715954, 240.79499757448974], [605.9375911261382, 382.74426941898736], [244.111147284046, 435.20500242551026]], '거사 ~', 0.07251409880143972), ([[1472.1518863945892, 2139.019991565288], [1656.9973481151217, 2260.6910326503844], [1571.8481136054108, 2386.980008434712], [1388.0026518848783, 2265.3089673496156]], '10', 0.522854344622777)]
[([[1565, 312], [1640, 312], [1640, 378], [1565, 378]], '씨', 0.02454106405824863), ([[280, 325], [613, 325], [613, 428], [280, 428]], '오.붓,', 0.0007705364841967821), ([[204, 423], [688, 423], [688, 531], [204, 531]], '4::, 팅', 0.00019912725197675492), ([[812, 686], [1017, 686], [1017, 772], [812, 772]], '0야거', 0.00639360819172742)]
[([[121, 146], [1012, 146], [1012, 329], [121, 329]], '섞오-물서,.!', 0.0004007818009773909), ([[618, 422], [2194, 422], [2194, 569], [618, 569]], '7화: [0모 $어습국 (영55', 2.1725517561062417e-05), ([[934, 547], [1876, 547], [1876, 683], [934, 683]], '[4래>]4)물너맛!', 3.948211122440813e-06), ([[1672, 2214], [2189, 2214], [2189, 2562], [1672, 2562]], "'7어", 0.08742940067801482), ([[297.8541850822656, 2525.137709937828], [649.1424581996645, 2409.162416691783], [719.1458149177344, 2710.862290062172], [367.8575418003355, 2825.837583308217]], '빼"', 0.007386554600019298)]
[([[178, 214], [854, 214], [854, 379], [178, 379]], '시@_서독)', 0.00036077213301597506), ([[341, 393], [672, 393], [672, 546], [341, 546]], '의인!', 0.0056249838916626665), ([[439, 1341], [463, 1341], [463, 1370], [439, 1370]], '0', 0.9455008062613537), ([[729, 1772], [866, 1772], [866, 1856], [729, 1856]], '직커반`', 8.43509133119369e-06), ([[1473.9570999810921, 1758.0495498014666], [1638.5886437612553, 1795.0199625342575], [1615.0429000189079, 1884.9504501985334], [1450.4113562387447, 1847.9800374657425]], '@04뭐^', 0.00010337990568529716), ([[1494.1790947982145, 2106.0146543500064], [1921.914860029122, 2247.0228328735934], [1852.8209052017855, 2431.9853456499936], [1424.085139970878, 2289.9771671264066]], '-권다+', 0.00636093458160758)]
[([[233, 123], [583, 123], [583, 216], [233, 216]], '4 >드4:', 0.03942218188793926), ([[188, 224], [592, 224], [592, 317], [188, 317]], '씨47르릿,..', 0.003892797673706068), ([[578, 279], [605, 279], [605, 305], [578, 305]], '0', 0.9900246536493604), ([[758, 409], [1273, 409], [1273, 499], [758, 499]], '어도.-(:4!', 0.006712043129959097), ([[1185, 573], [2054, 573], [2054, 666], [1185, 666]], '1 [꾸디굉다꾸) 10 -본>', 0.0002702836740025882), ([[1309, 674], [1924, 674], [1924, 763], [1309, 763]], '7바5 0-지 새!', 0.01910181247758587), ([[2164, 2473], [2191, 2473], [2191, 2515], [2164, 2515]], '0', 0.5985940720033547)]
[([[106, 90], [2152, 90], [2152, 369], [106, 369]], '46너너너너너:!! !', 0.04511814135562914)]
[([[1162, 73], [1400, 73], [1400, 219], [1162, 219]], '역시', 0.9998437230625521), ([[1439, 71], [1920, 71], [1920, 219], [1439, 219]], '히나장은', 0.8637931942939758), ([[891, 218], [1001, 218], [1001, 344], [891, 344]], '이', 0.9932428691817883), ([[1047, 213], [1400, 213], [1400, 358], [1047, 358]], '모습이', 0.888165619768933), ([[1437, 213], [2196, 213], [2196, 358], [1437, 358]], '가장 예쁘다구', 0.8695872909762007), ([[533.4974027415104, 2271.007018146073], [654.3912119173659, 2220.0042518011696], [830.5025972584896, 2664.992981853927], [708.6087880826341, 2715.9957481988304]], '닭', 0.007053412788131874), ([[28.319211640724266, 2380.0105359953936], [176.50445448926735, 2323.005784267943], [321.6807883592757, 2746.9894640046064], [173.49554551073265, 2802.994215732057]], '덜', 0.12363475116785594)]
[([[830, 281], [1200, 281], [1200, 377], [830, 377]], '[-토 17', 0.011086665698450609), ([[1223, 285], [1415, 285], [1415, 371], [1223, 371]], '요45', 0.009258129509711284), ([[755, 386], [981, 386], [981, 474], [755, 474]], '-4꼬7', 0.06170473247766495), ([[1001, 386], [1474, 386], [1474, 474], [1001, 474]], '4 [딱설4/..', 0.004742342240183998), ([[688, 2290], [792, 2290], [792, 2374], [688, 2374]], '17', 0.29261082755067036), ([[816, 2288], [1516, 2288], [1516, 2378], [816, 2378]], '요45 :-지지이>6', 0.00018664459810756876), ([[517, 2386], [1688, 2386], [1688, 2479], [517, 2479]], '70 55. 답44-(:4, +끗꼬꼬꾸)', 0.00018725325655041515), ([[769, 2488], [1091, 2488], [1091, 2576], [769, 2576]], '나? -덥설', 0.007551045998356115), ([[1113, 2492], [1433, 2492], [1433, 2578], [1113, 2578]], '7:47....', 0.1382692002061769), ([[1656.136530891134, 1442.0339423174034], [1951.9446794065857, 1500.8981866369209], [1927.863469108866, 1590.9660576825966], [1632.0553205934143, 1533.1018133630791]], '성.-리음하)', 6.264316752153738e-05)]
[([[904, 85], [1836, 85], [1836, 193], [904, 193]], '94도 15 3독447이꾸니오', 0.0018729975806043159), ([[1865, 85], [2153, 85], [2153, 193], [1865, 193]], ']4꼬7', 0.021792780607938766), ([[934, 210], [1081, 210], [1081, 309], [934, 309]], '45', 0.317452372354776), ([[1109, 205], [2115, 205], [2115, 317], [1109, 317]], '5잠 15 지1좌:- 시-게!', 0.0005752533197769261), ([[104.23797192467512, 2232.016137422333], [508.99676644283653, 2363.658829072174], [455.7620280753249, 2503.983862577667], [51.0032335571635, 2372.341170927826]], '볕사:-설', 0.0002906959403263024), ([[315.9264062639025, 2566.180515704244], [578.76000288314, 2542.687529957278], [581.0735937360975, 2646.819484295756], [318.2399971168599, 2671.312470042722]], ')예:-설', 0.0010681805528729824)]
[([[310, 193], [742, 193], [742, 301], [310, 301]], '5-4:?.', 0.0019781874574599442), ([[677, 337], [1341, 337], [1341, 450], [677, 450]], ':: 7어6-.', 0.009980233313063124), ([[598, 459], [1343, 459], [1343, 569], [598, 569]], '15 [꾸니디어45.', 0.014686922387390288), ([[1323, 1991], [1524, 1991], [1524, 2104], [1323, 2104]], '장^이야?', 0.0008212853703777351), ([[759.129475129039, 2000.0291794226796], [961.9282455666589, 2074.6360107888386], [920.870524870961, 2174.9708205773204], [718.0717544333411, 2100.3639892111614]], '(}4나?', 0.002416500496680744)]
[([[497, 337], [681, 337], [681, 447], [497, 447]], '4-!', 0.023246536393234065), ([[712, 338], [939, 338], [939, 442], [712, 442]], "1'설", 0.08586651082081213), ([[968, 340], [1191, 340], [1191, 442], [968, 442]], '6어7', 0.26109835740890225), ([[1219, 346], [1283, 346], [1283, 437], [1219, 437]], '4', 0.9984660075504657), ([[572, 457], [1215, 457], [1215, 569], [572, 569]], '6지꾸47 |[꾸4!', 0.005716027524859528), ([[1293, 1864], [1473, 1864], [1473, 1984], [1293, 1984]], '( (', 0.01291566323403049)]
[([[1089, 473], [1209, 473], [1209, 552], [1089, 552]], '0 0', 0.9997828006744385), ([[320.10427711033145, 488.0892891873695], [1103.337493875311, 349.8110948480731], [1136.8957228896686, 743.9107108126306], [352.66250612468883, 882.1889051519269]], '(@어어어', 0.0018255721286473516)]
[([[103, 96], [283, 96], [283, 182], [103, 182]], '-5 1', 0.2356656024005879), ([[305, 94], [841, 94], [841, 180], [305, 180]], '3꾸-어어: 어5', 0.0004084700138816771), ([[863, 94], [1285, 94], [1285, 182], [863, 182]], '8이-4 -지,', 0.0017861814272850192), ([[837, 263], [886, 263], [886, 332], [837, 332]], '1', 0.9977686944969264), ([[915, 251], [1559, 251], [1559, 344], [915, 344]], "8어' :4신설 70", 0.0013398533629891708), ([[1581, 254], [2187, 254], [2187, 342], [1581, 342]], '애-,다> 43어4-', 3.488428296494158e-05), ([[827, 351], [2192, 351], [2192, 444], [827, 444]], '4시>-사: 74세이사6 -: 4,4> 5:어어', 0.00014452155296073752), ([[1129, 456], [1255, 456], [1255, 540], [1129, 540]], '도', 0.012307765026414508), ([[1277, 454], [1804, 454], [1804, 542], [1277, 542]], '하: 464/,!', 0.014004772798750526), ([[1016, 696], [1184, 696], [1184, 824], [1016, 824]], '".', 0.016041293690751354), ([[1836, 2000], [1948, 2000], [1948, 2139], [1836, 2139]], '0', 0.3695127999795069), ([[1588.0043676513505, 1875.0183633515992], [1907.079590848224, 1984.0103690233866], [1826.9956323486495, 2199.9816366484006], [1507.920409151776, 2090.989630976613]], '장장3드', 0.002047234680503607)]
[([[1107, 2488], [1224, 2488], [1224, 2632], [1107, 2632]], ')', 0.6165691802780202)]
[([[371, 173], [479, 173], [479, 297], [371, 297]], '', 0.0), ([[1804, 2502], [1937, 2502], [1937, 2668], [1804, 2668]], ')', 0.3867780234116971)]
[]
[([[73, 57], [813, 57], [813, 154], [73, 154]], ':5꼬-모7꾸) 묘4지75', 6.078868758910272e-05), ([[152, 155], [733, 155], [733, 257], [152, 257]], "5:어어 -44'5", 0.015437517016604133), ([[133, 257], [755, 257], [755, 359], [133, 359]], '답4다 (분이니,))', 0.0007877073647438431), ([[1271, 1266], [1874, 1266], [1874, 1354], [1271, 1354]], '새--새 745', 0.039653485073412535), ([[79, 1398], [683, 1398], [683, 1495], [79, 1495]], '3어,내 05 친이-설', 0.0007411844074824216), ([[1263, 1364], [1877, 1364], [1877, 1457], [1263, 1457]], '-이어못5 6지47!', 0.008241275534195338), ([[113, 1497], [651, 1497], [651, 1600], [113, 1600]], "예> 서'4'5", 0.011362642249985604), ([[78, 1597], [686, 1597], [686, 1705], [78, 1705]], '끊@,8@`야', 0.002484016744886176), ([[1679, 2246], [1994, 2246], [1994, 2348], [1679, 2348]], "답44'5", 0.17868539491931273), ([[1573, 2347], [2102, 2347], [2102, 2452], [1573, 2452]], '354 -)-.', 0.0015401450916851923), ([[1597, 2446], [2079, 2446], [2079, 2554], [1597, 2554]], '씨5어 5어나?', 0.0010720278023999895), ([[1262.602724431604, 2240.276619032784], [1562.4456067400597, 2166.7720966958786], [1590.397275568396, 2342.723380967216], [1290.5543932599403, 2417.2279033041214]], '(-?', 0.01189687585120249)]
[([[465, 183], [781, 183], [781, 327], [465, 327]], '응춧..', 0.09815628081560135), ([[602, 420], [1539, 420], [1539, 570], [602, 570]], '히나장 혀 맛있어', 0.9200336715812777), ([[803, 2000], [891, 2000], [891, 2110], [803, 2110]], '춤', 0.11586971203746543), ([[1477, 1960], [1574, 1960], [1574, 2078], [1477, 2078]], '춤', 0.9003507764829379)]
[([[1804, 1340], [2020, 1340], [2020, 1429], [1804, 1429]], '44나-', 0.14673268795013428), ([[239.81059412338584, 289.1415747500709], [602.2420330424529, 255.47135943660658], [603.1894058766142, 399.8584252499291], [241.75796695754707, 433.5286405633934]], '거사 >', 0.12463899643845744), ([[1411.9484287718935, 2132.061644561094], [1558.6691217031184, 2160.582081701851], [1541.0515712281065, 2234.938355438906], [1394.3308782968816, 2206.417918298149]], '[?..', 0.042112428694963455)]
[([[1565, 312], [1640, 312], [1640, 378], [1565, 378]], '셋', 0.07391081066652205)]
[([[224, 220], [284, 220], [284, 281], [224, 281]], '0', 0.9601657005175781), ([[2120.797196493733, 208.46004474981422], [2188.04394613229, 260.0590463205964], [1933.202803506267, 550.5399552501858], [1865.9560538677101, 497.9409536794036]], '1', 0.16865340825512476), ([[771.5971051243864, 210.00507343814283], [1110.868650775585, 533.0212453562684], [1018.4028948756136, 638.9949265618571], [678.1313492244151, 315.9787546437316]], '{들', 0.12011355366049635), ([[1600.1941932430907, 543.0388386486181], [1884.5841523304796, 465.8704455586159], [1905.8058067569093, 544.9611613513819], [1621.4158476695204, 623.1295544413841]], '//11/ /', 0.29119290507341583), ([[646.4633436854001, 802.0483902697002], [716.9651150929518, 837.5438284472382], [703.5366563145999, 862.9516097302998], [633.0348849070482, 826.4561715527618]], '~', 0.1518727297670921)]
[([[439, 1341], [463, 1341], [463, 1370], [439, 1370]], '0', 0.9441931536760109), ([[729, 1772], [866, 1772], [866, 1856], [729, 1856]], '식)반`', 1.697375046205707e-05), ([[1474.9570999810921, 1758.0495498014666], [1638.5886437612553, 1795.0199625342575], [1615.0429000189079, 1884.9504501985334], [1450.4113562387447, 1847.9800374657425]], '@밥4그^', 5.928119679190742e-05), ([[1494.1494707648144, 2104.0150755677637], [1922.9156321791204, 2247.9893937548527], [1851.8505292351856, 2433.9849244322363], [1423.0843678208796, 2290.0106062451473]], '9권붐다+', 0.0015204561081745118)]
[([[2164, 2473], [2191, 2473], [2191, 2515], [2164, 2515]], '0', 0.48762297883783745)]
[]
[([[1655.1297206890206, 1443.0344806816604], [1951.9371226930639, 1499.8255438718857], [1928.8702793109794, 1590.9655193183396], [1632.0628773069361, 1534.1744561281143]], '성.-타학절)', 8.522034087664284e-05)]
[([[105.24118150675154, 2232.0160017100116], [508.99818090965283, 2364.7441016932275], [455.75881849324844, 2504.9839982899884], [51.00181909034718, 2371.2558983067725]], '볕신후::설', 0.0003785378300816131), ([[315.9264062639025, 2566.180515704244], [578.76000288314, 2542.687529957278], [581.0735937360975, 2646.819484295756], [318.2399971168599, 2671.312470042722]], ')예:-설', 0.0013325468551661699)]
[([[1323, 1990], [1524, 1990], [1524, 2104], [1323, 2104]], '장+이야?', 0.0008428968043609244), ([[759.129475129039, 2000.0291794226796], [961.9282455666589, 2074.6360107888386], [920.870524870961, 2174.9708205773204], [718.0717544333411, 2100.3639892111614]], '(}4나?', 0.0021902361081754438)]
[([[1293, 1864], [1473, 1864], [1473, 1984], [1293, 1984]], '((', 0.03639168500197075)]
[([[660, 314], [817, 314], [817, 439], [660, 439]], '아!', 0.9412490529755426), ([[741, 507], [1341, 507], [1341, 651], [741, 651]], '좋은 생각이', 0.5352613643485614), ([[1381, 506], [1651, 506], [1651, 647], [1381, 647]], '낫다!', 0.9663408792172459), ([[1203, 1830], [1348, 1830], [1348, 2012], [1203, 2012]], '탁', 0.9989669608085592)]
[([[1089, 473], [1209, 473], [1209, 552], [1089, 552]], '0 0', 0.9997828006744385), ([[320.10427711033145, 488.0892891873695], [1103.337493875311, 349.8110948480731], [1136.8957228896686, 743.9107108126306], [352.66250612468883, 882.1889051519269]], '(@어어어', 0.0018255721286473516)]
[([[1838, 2002], [1948, 2002], [1948, 2139], [1838, 2139]], '0', 0.1754217954255779), ([[1587.996975358512, 1876.0186371439734], [1906.0555619431057, 1982.9213213218152], [1827.003024641488, 2198.9813628560264], [1507.9444380568943, 2091.0786786781846]], '장장9드', 0.006906293332576752)]
[]
[]
[]
[([[1209, 957], [1254, 957], [1254, 1004], [1209, 1004]], '너', 0.3335009325597049), ([[23, 1672], [141, 1672], [141, 1725], [23, 1725]], '~씨', 0.04797367747234985), ([[1262.712020253893, 2242.2721215233573], [1559.7149383691285, 2168.4548684468273], [1589.287979746107, 2341.7278784766427], [1291.2850616308715, 2415.5451315531727]], '(니명', 0.0035152326784564703)]
[([[239.81059412338584, 289.1415747500709], [602.2420330424529, 255.47135943660658], [603.1894058766142, 399.8584252499291], [241.75796695754707, 433.5286405633934]], '거사 >', 0.12463899643845744), ([[1411.936083991934, 2132.0631055322456], [1556.64, 2159.48], [1540.063916008066, 2233.9368944677544], [1395.36, 2206.52]], '[?..', 0.03262148052453995)]
