2726227
14
[([[1150, 141], [1754, 141], [1754, 361], [1150, 361]], '넷[예', 0.004628704527097209), ([[1322, 366], [1683, 366], [1683, 602], [1322, 602]], '(세=', 0.014456746485835866)]
[([[1494, 576], [1648, 576], [1648, 656], [1494, 656]], '하', 0.9285390502921018), ([[483, 638], [547, 638], [547, 702], [483, 702]], '0', 0.690299449527302), ([[1589, 749], [1946, 749], [1946, 953], [1589, 953]], '움질"', 0.16298201123410086), ([[128.52483317889383, 297.0902145508454], [616.4548517440489, 212.6425465188288], [641.4751668211062, 501.9097854491546], [153.5451482559511, 586.3574534811712]], '움질"', 0.5083598211879972), ([[1419.0737883501572, 415.0330369022004], [1709.798640626707, 469.72079002538095], [1681.9262116498428, 580.9669630977995], [1392.201359373293, 526.2792099746191]], '하아 ', 0.36932195471749124), ([[522.8961704360929, 668.4469794827161], [582.7516635765005, 612.0257117830921], [675.1038295639071, 723.5530205172839], [615.2483364234995, 779.9742882169079]], '응', 0.5965527171260057), ([[83.11064913883277, 2022.6757912969808], [449.35136262215883, 1895.6368851897648], [505.88935086116726, 2116.324208703019], [138.64863737784117, 2242.3631148102354]], '움질.', 0.4728324860851964)]
[([[1494, 576], [1648, 576], [1648, 656], [1494, 656]], '하', 0.9132713118881419), ([[1589, 749], [1946, 749], [1946, 954], [1589, 954]], '움절]', 0.12297436389634148), ([[127.52483317889383, 296.0902145508454], [616.423323696727, 211.60355251874785], [642.4751668211062, 500.9097854491546], [153.57667630327293, 586.3964474812522]], '움절"', 0.4749117023462306), ([[1420.0095799450278, 413.03507722489275], [1710.7831514441461, 469.54546618117945], [1681.9904200549722, 581.9649227751072], [1391.2168485558539, 526.4545338188206]], '하아', 0.9874886598639656), ([[493.96933989416385, 612.0443427723008], [681.4771562924764, 649.4964470265072], [657.0306601058361, 751.9556572276992], [468.52284370752363, 714.5035529734928]], '@%', 0.04936682349834077), ([[81.45153812401901, 2021.806152496076], [447.80741736641454, 1892.7047816779834], [505.548461875981, 2114.193847503924], [140.19258263358546, 2243.295218322017]], '움질 ', 0.618408914844264)]
[([[230, 111], [530, 111], [530, 323], [230, 323]], '장', 0.04134389292318108), ([[2256, 51], [2558, 51], [2558, 272], [2256, 272]], '사', 0.06750228948606551), ([[1636, 263], [2031, 263], [2031, 618], [1636, 618]], '장 ', 0.06738524173412418), ([[482, 709], [685, 709], [685, 892], [482, 892]], '생', 0.044510088573807005), ([[818, 944], [1186, 944], [1186, 1228], [818, 1228]], '생', 0.005734688112380371), ([[929, 1782], [1064, 1782], [1064, 1943], [929, 1943]], '쇼', 0.23043017448032188), ([[1644, 1703], [1757, 1703], [1757, 1930], [1644, 1930]], '푹', 0.34924417844928257), ([[553.353865750967, 360.2216227291578], [938.435730906854, 62.675033405281866], [1147.6461342490331, 408.7783772708422], [761.564269093146, 707.3249665947181]], '공사', 0.029317316504931717), ([[2033.22676898954, 424.03836365837486], [2487.6921153871, 382.8155549428546], [2495.7732310104598, 736.9616363416251], [2041.3078846129004, 778.1844450571455]], '평소', 0.04031582342706588), ([[1078.2135642147755, 1827.0238095437944], [1251.996058479938, 1919.67990003744], [1196.7864357852245, 2017.9761904562056], [1023.003941520062, 1925.32009996256]], '듯뇨)', 0.001204175865471748)]
[([[1825, 378], [1961, 378], [1961, 510], [1825, 510]], '열0', 0.787831526424131), ([[412, 1750], [679, 1750], [679, 1995], [412, 1995]], '새', 0.02500230867605624), ([[274, 2389], [384, 2389], [384, 2544], [274, 2544]], '0', 0.45064304173212477), ([[1344, 2221], [1686, 2221], [1686, 2537], [1344, 2537]], '스=', 0.010114790995468578), ([[34, 2399], [321, 2399], [321, 2670], [34, 2670]], '쌍', 0.1287340139279003), ([[1710.139351201118, 225.0247108994523], [1972.8740061677934, 307.0599122389835], [1929.860648798882, 428.9752891005477], [1667.1259938322066, 346.9400877610165]], '@음06 ', 0.019941860848142756)]
[([[502, 517], [682, 517], [682, 605], [502, 605]], '+`능히', 6.360047700582072e-05), ([[175, 560], [411, 560], [411, 783], [175, 783]], '실', 0.48474616465995624), ([[1331, 798], [1541, 798], [1541, 884], [1331, 884]], '껏밟@6예고', 7.009448268856679e-05), ([[0, 1701], [24, 1701], [24, 1770], [0, 1770]], '{', 0.06463769283335807), ([[2043, 1870], [2069, 1870], [2069, 1903], [2043, 1903]], '0', 0.9999903440708557), ([[890, 2110], [997, 2110], [997, 2198], [890, 2198]], '례@', 0.0103494054754923), ([[1376, 2352], [1416, 2352], [1416, 2406], [1376, 2406]], '!', 0.31178723458754476), ([[547.9953585086708, 598.0633322185], [693.7548508782947, 625.034729571939], [678.0046414913292, 692.9366677815], [532.2451491217053, 665.965270428061]], '8630', 0.03108729049563408), ([[1229.1173681501439, 2211.0243635176053], [1414.9256002168847, 2305.458812882237], [1351.8826318498561, 2423.9756364823947], [1166.0743997831153, 2329.541187117763]], '콤페빛', 0.0008499504762182407), ([[226.41302823510526, 2234.0057428138784], [741.0208876824158, 2591.3981529794], [590.5869717648948, 2804.9942571861216], [75.97911231758414, 2447.6018470206]], '@||개징으', 0.00012194043759994712)]
[]
[([[2196, 0], [2330, 0], [2330, 161], [2196, 161]], '5', 0.30680118598496975), ([[2308, 220], [2441, 220], [2441, 359], [2308, 359]], '표', 0.04084565428474107), ([[2433, 305], [2545, 305], [2545, 461], [2433, 461]], '1', 0.9013720319674121), ([[1866, 738], [2330, 738], [2330, 955], [1866, 955]], '-@', 0.02615391077229861), ([[149.18473388204941, 254.02078408816874], [384.98337109991417, 361.2707207102701], [326.81526611795056, 481.97921591183126], [90.01662890008585, 374.7292792897299]], '사', 0.16183524312992947)]
[([[1178, 193], [1267, 193], [1267, 286], [1178, 286]], '키', 0.9792450528010619), ([[1240, 401], [1478, 401], [1478, 517], [1240, 517]], '코 |', 0.5608437061309814), ([[201, 804], [474, 804], [474, 987], [201, 987]], '%제', 0.01567978552759075), ([[203, 1994], [442, 1994], [442, 2152], [203, 2152]], '운질', 0.08108306688651998), ([[421, 2206], [738, 2206], [738, 2392], [421, 2392]], '@흙 @', 0.04576645791530609), ([[1586, 2383], [1795, 2383], [1795, 2548], [1586, 2548]], '염&', 0.2330813803959664), ([[341.03450013728104, 89.91040043929941], [671.0445245329113, -4.178098557023761], [704.965499862719, 160.0895995607006], [374.9554754670888, 255.17809855702376]], "'음경*", 0.0014378419145941734), ([[1394.0188343802258, 115.02189011706027], [1648.3115404811617, 207.53939176283401], [1579.9811656197742, 382.97810988293975], [1324.6884595188383, 290.460608237166]], '표병', 0.0022673300210065378), ([[1747.1295048356856, 1368.0648696338726], [2110.7641730733776, 1335.0212400220773], [2114.8704951643144, 1565.9351303661274], [1751.2358269266224, 1598.9787599779227]], '움플@', 0.03325398920197886), ([[1516.9829526915203, 2244.0323572568673], [1700.3188498420213, 2303.3812513039134], [1654.0170473084797, 2432.9676427431327], [1470.6811501579787, 2372.6187486960866]], '$원', 0.028458931547941713)]
[([[1649, 580], [1739, 580], [1739, 679], [1649, 679]], '권', 0.054923510479770954), ([[1752, 562], [1922, 562], [1922, 763], [1752, 763]], '통', 0.07042296700774475), ([[325, 801], [758, 801], [758, 1062], [325, 1062]], '뉴음', 0.03334435399315049), ([[1764, 787], [1903, 787], [1903, 956], [1764, 956]], '콩', 0.4814202690127445), ([[1868, 909], [1943, 909], [1943, 964], [1868, 964]], '0', 0.7336083308638628), ([[1556, 1590], [1701, 1590], [1701, 1762], [1556, 1762]], '때', 0.022968823700690644), ([[630.4824809090084, 1401.0070493606058], [956.6009269909158, 1676.8440675617742], [851.5175190909916, 1805.9929506393942], [525.3990730090842, 1530.1559324382258]], '돼여산형', 0.00010724712774390355)]
[([[1675, 370], [2010, 370], [2010, 599], [1675, 599]], '4름_', 0.0052018141643012435), ([[619, 911], [690, 911], [690, 967], [619, 967]], '06', 0.45846405393883755), ([[1713.2557869192126, 531.013191121793], [1967.9003005442228, 705.9561220287984], [1862.7442130807874, 854.986808878207], [1609.0996994557772, 679.0438779712016]], '없어%', 0.016040259953077448), ([[263.0203608326161, 694.0192012317115], [686.512342176424, 798.0862355544956], [625.9796391673839, 998.9807987682885], [203.48765782357594, 894.9137644455044]], '카예끓', 0.01036321202690547)]
[([[612, 374], [1025, 374], [1025, 623], [612, 623]], '움질등', 0.02030883649477806), ([[2032, 630], [2074, 630], [2074, 659], [2032, 659]], '00', 0.9866006521059781), ([[1916, 805], [2086, 805], [2086, 981], [1916, 981]], '찢', 0.030080191149615354), ([[1937, 1498], [2126, 1498], [2126, 1637], [1937, 1637]], '텔!', 0.029374050270622475), ([[947, 2453], [996, 2453], [996, 2508], [947, 2508]], '@', 0.7876178245462597), ([[1278, 2381], [1486, 2381], [1486, 2542], [1278, 2542]], '응고8', 0.0935171317295921), ([[952, 2485], [1117, 2485], [1117, 2575], [952, 2575]], '악68', 0.012945199944467736), ([[944.9594617776758, 570.1094703550758], [1028.6578880974253, 581.1822875717364], [1021.0405382223242, 626.8905296449242], [937.3421119025747, 616.8177124282636]], '000', 0.985314292621705), ([[925.9110177063798, 1643.889640004053], [1022.0016747458945, 1727.6191911100489], [848.0889822936202, 1916.110359995947], [751.9983252541055, 1831.3808088899511]], '봄', 0.15358479475119058), ([[900.0217486822804, 2112.0435852415408], [1062.576763424049, 2151.978067593129], [1034.9782513177195, 2245.9564147584592], [873.4232365759509, 2206.021932406871]], '%', 0.15689897536299569)]
[([[348, 496], [637, 496], [637, 642], [348, 642]], '%이 ', 0.0341651483286078), ([[1639, 416], [2030, 416], [2030, 647], [1639, 647]], '음료쌍', 0.03165750238566616), ([[1715, 1785], [2159, 1785], [2159, 2098], [1715, 2098]], '흉제', 0.004128175359867969), ([[700, 2698], [870, 2698], [870, 2837], [700, 2837]], '속잖', 0.0017464970150084514), ([[1154.260293929477, 14.019555267115733], [1244.4961420538584, -31.991205918804614], [1369.739706070523, 230.98044473288428], [1279.5038579461416, 277.9912059188046]], '두', 0.2183699285752292), ([[463.3540577585338, 8.018981895075045], [552.6294271260931, 24.222147416376757], [520.6459422414662, 199.98101810492494], [431.3705728739069, 184.77785258362326]], ';', 0.02672224116651578), ([[1387.3232460481706, 347.0134758090808], [1662.8860837432223, 506.0352669858515], [1586.6767539518294, 631.9865241909192], [1311.1139162567777, 472.9647330141485]], '하이하:', 0.09046304002013804), ([[118.84193026074993, 1597.0279563975234], [454.4245037075679, 1652.4477117992158], [412.1580697392501, 1851.9720436024766], [76.57549629243206, 1796.5522882007842]], '움미다', 0.02732239926983324), ([[856.1859838963591, 2415.022103693008], [1016.9992791753762, 2520.8529482433787], [943.8140161036409, 2628.977896306992], [783.0007208246238, 2523.1470517566213]], '셋사', 0.06855365792899204), ([[1415.2283741584677, 2433.01489070431], [1634.9089550447104, 2594.093823453166], [1532.7716258415323, 2731.98510929569], [1313.0910449552896, 2570.906176546834]], '%뒷', 0.012730561653278571)]
[([[559, 496], [617, 496], [617, 536], [559, 536]], '00', 0.3464609373934144), ([[1236, 440], [1407, 440], [1407, 588], [1236, 588]], '끊0', 0.04068738008785923), ([[197, 940], [558, 940], [558, 1132], [197, 1132]], '음훨이', 0.0017899764254456182), ([[699, 2694], [871, 2694], [871, 2840], [699, 2840]], '잠다', 0.004147584338890694), ([[1158.2147214050517, 14.022041009921507], [1249.5319350121501, -27.98989081954712], [1356.7852785949483, 219.9779589900785], [1265.4680649878499, 262.9898908195471]], '줄', 0.008174317317114266), ([[463.4237425167328, 4.013844348041424], [553.7983458746448, 22.111496909607588], [510.5762574832672, 235.98615565195857], [419.2016541253552, 217.88850309039242]], '>', 0.06388152771438982), ([[1314.9698835520326, 277.03319505650467], [1568.500843271641, 333.03466800027786], [1533.0301164479674, 463.96680494349533], [1279.499156728359, 406.96533199972214]], '분이', 0.0025089247377775925), ([[1826.803704813633, 1213.0311324217523], [2117.7711586625787, 1254.1228056709417], [2081.196295186367, 1450.9688675782477], [1790.2288413374213, 1409.8771943290583]], '음', 0.023120041861389495), ([[851.17253264076, 2418.022840797755], [1013.9851338831328, 2518.3323455200584], [944.82746735924, 2628.977159202245], [782.0148661168672, 2528.6676544799416]], '셋', 0.07042564018704311), ([[1415.2342782995634, 2432.014663618606], [1635.866334179073, 2596.6915879298963], [1532.7657217004366, 2732.985336381394], [1312.133665820927, 2568.3084120701037]], '@마', 0.00780427028561086)]
