2726733
16
[([[0, 26], [703, 26], [703, 363], [0, 363]], '{고장로', 0.0002965347084682435), ([[605, 1035], [769, 1035], [769, 1127], [605, 1127]], '밭비]', 0.005166678525693324), ([[370.1498374172081, 44.032902681984595], [594.9022663879016, 102.53692528993528], [566.8501625827919, 194.9670973180154], [342.0977336120984, 136.46307471006472]], '전대쪽', 0.01125759071499699)]
[([[593, 15], [1055, 15], [1055, 59], [593, 59]], '유아플레이 중이없기에 오중 자체는', 0.5112708739682437), ([[681, 59], [969, 59], [969, 101], [681, 101]], '문제가 되지않앗지만,', 0.48362149932057696), ([[100, 104], [298, 104], [298, 158], [100, 158]], '미드나이트', 0.9998798871787382), ([[606, 100], [1044, 100], [1044, 148], [606, 148]], '출근 중의 변태행위가 문제가 되어', 0.9326559745266007), ([[759, 147], [889, 147], [889, 189], [759, 189]], '근신처분.', 0.9914749473240096), ([[938, 750], [986, 750], [986, 804], [938, 804]], '(', 0.5946151336231651), ([[968, 806], [994, 806], [994, 846], [968, 846]], '3', 0.5902139062129663), ([[73, 1513], [123, 1513], [123, 1557], [73, 1557]], '15', 0.9999674627879904), ([[115.88425182523285, 1149.0781879591534], [169.6699077422622, 1125.0280978670799], [213.11574817476713, 1235.9218120408466], [159.3300922577378, 1259.9719021329201]], '4', 0.1264088875550442), ([[109.54015129953576, 1221.0096160589048], [192.9494865103194, 1210.174128102269], [225.45984870046422, 1481.9903839410952], [142.0505134896806, 1492.825871897731]], '출', 0.6811256619764414)]
[([[533, 315], [595, 315], [595, 351], [533, 351]], '>4숲', 0.0719554458685766), ([[534, 354], [604, 354], [604, 384], [534, 384]], '50<!', 0.05056602507829666), ([[111, 512], [356, 512], [356, 572], [111, 572]], '렌도이추카', 0.22927628853251758), ([[80, 1352], [370, 1352], [370, 1402], [80, 1402]], '뭐. 거대한 손으로', 0.6672299370935493), ([[46, 1401], [409, 1401], [409, 1455], [46, 1455]], '가려서넘기지않올까?', 0.6958328986663282), ([[389.521668633136, 256.01636204378593], [446.31591338081626, 263.83520329200354], [425.478331366864, 415.98363795621407], [368.68408661918374, 408.16479670799646]], '훔', 0.06741381598454055)]
[([[120, 100], [224, 100], [224, 132], [120, 132]], '씨-레이디', 0.3360317682406559), ([[26, 198], [495, 198], [495, 248], [26, 248]], '우선인근의 강에 해결하엿으나,', 0.58408251138996), ([[84, 248], [438, 248], [438, 298], [84, 298]], '주변 지역에 일시적으로', 0.7748660402232048), ([[8, 300], [514, 300], [514, 348], [8, 348]], '공정수에 의한 범람경보가 울숨다.', 0.21762257106930247)]
[([[53, 73], [211, 73], [211, 113], [53, 113]], '하룻데 메이', 0.42027000749454885), ([[274, 76], [932, 76], [932, 130], [274, 130]], '우연히[쓰고있으면 길가의돌멩이로밖에', 0.6425495977603854), ([[274, 130], [932, 130], [932, 184], [274, 184]], '보이지않아 누구도신경쓰지않논모자] 틀', 0.4549195835465931), ([[422, 184], [776, 184], [776, 236], [422, 236]], '개발하여 등교중실험.', 0.7943771303983511), ([[165, 1055], [345, 1055], [345, 1099], [165, 1099]], '정말 누구도', 0.999073582153963), ([[180, 1104], [324, 1104], [324, 1152], [180, 1152]], '눈치채지', 0.8097719550132751), ([[178, 1154], [332, 1154], [332, 1202], [178, 1202]], '못햇군요', 0.5902121067047119), ([[179, 1203], [324, 1203], [324, 1255], [179, 1255]], '역시저의', 0.9998226761817932), ([[196, 1254], [316, 1254], [316, 1304], [196, 1304]], '베이비', 0.9989214444793685), ([[492, 1504], [546, 1504], [546, 1552], [492, 1552]], '18', 0.6832554751628631), ([[862.1514718625762, 739.060303038033], [933.891531800467, 770.864283026416], [911.8485281374238, 820.939696961967], [839.108468199533, 789.135716973584]], '+사', 0.327171975528792), ([[876.282298704529, 805.0430792475911], [940.9237916191792, 859.046746176224], [906.717701295471, 899.9569207524089], [842.0762083808208, 846.953253823776]], '화*', 0.15263051866020763)]
[([[110, 92], [314, 92], [314, 140], [110, 140]], '와일드 와일드', 0.9810398142890905), ([[145, 143], [279, 143], [279, 187], [145, 187]], '무시켓츠', 0.12450553476810455), ([[101, 201], [319, 201], [319, 243], [101, 243]], '대충결정포즈로', 0.9485419166454349), ([[7, 241], [414, 241], [414, 291], [7, 291]], '얼버무리면서와일드하게 방뇨', 0.7646802405982046), ([[923, 289], [1056, 289], [1056, 354], [923, 354]], '쪽팔림', 0.7454284319634057), ([[37, 707], [101, 707], [101, 747], [37, 747]], '생각', 0.99989547741569), ([[33, 747], [101, 747], [101, 789], [33, 789]], '없음.', 0.8347811686834655), ([[875, 1371], [995, 1371], [995, 1409], [875, 1409]], '부끄러움', 0.9998732805252075), ([[75, 1513], [121, 1513], [121, 1557], [75, 1557]], '19', 0.9999328185844565)]
[([[183, 143], [720, 143], [720, 269], [183, 269]], "'음)장되많멘3신", 4.115936233152513e-06), ([[263, 253], [623, 253], [623, 319], [263, 319]], '문따 {[7 튀모7&', 0.004898828936211955), ([[253, 395], [293, 395], [293, 433], [253, 433]], '하', 0.4643395096993572), ([[372, 346], [402, 346], [402, 466], [372, 466]], '?', 0.18464868696136083), ([[398, 335], [470, 335], [470, 482], [398, 482]], '꿀', 0.007750253466841883), ([[654, 526], [684, 526], [684, 560], [654, 560]], ':', 0.004654872769001506), ([[660, 560], [696, 560], [696, 592], [660, 592]], '@응', 0.07566799963803372), ([[674, 584], [700, 584], [700, 612], [674, 612]], '%', 0.8978127082164065), ([[687, 755], [732, 755], [732, 854], [687, 854]], '텅', 0.0017873674796265449), ([[211, 851], [622, 851], [622, 1074], [211, 1074]], '@겪', 0.12680629097018134), ([[66.71523309114741, 148.28609323645895], [296.22038029370395, 81.30567406738217], [317.2847669088526, 159.71390676354105], [87.77961970629606, 225.69432593261783]], '유국;관%짝@', 0.00041564272680274703)]
[([[47, 942], [342, 942], [342, 1042], [47, 1042]], '허#주북속', 0.0013465639349554712), ([[63, 1025], [309, 1025], [309, 1117], [63, 1117]], '2이5-#', 0.02709682124854269)]
[([[747, 117], [1059, 117], [1059, 177], [747, 177]], '무중력 개성으로', 0.9952423763226782), ([[48, 154], [300, 154], [300, 204], [48, 204]], '우라라카오차코', 0.5773463499741044), ([[811, 181], [991, 181], [991, 241], [811, 241]], '지붕위로', 0.9995408654212952), ([[783, 245], [1021, 245], [1021, 305], [783, 305]], '올라가방뇨.', 0.8175852655849453), ([[102, 324], [182, 324], [182, 356], [102, 356]], '히어로', 0.9570012899077677), ([[795, 307], [1015, 307], [1015, 367], [795, 367]], '민가주민은', 0.9995130873730494), ([[105, 361], [179, 361], [179, 397], [105, 397]], '인데 ', 0.44593210022198365), ([[792, 373], [1012, 373], [1012, 429], [792, 429]], '비가온다고', 0.9966459030377297), ([[809, 435], [1001, 435], [1001, 495], [809, 495]], '착각햇다.', 0.6564930716223677), ([[59, 483], [125, 483], [125, 525], [59, 525]], '이런', 0.9998495390663615), ([[48, 526], [123, 526], [123, 575], [48, 575]], '짓율.', 0.43396579984636335)]
[([[94, 125], [338, 125], [338, 204], [94, 204]], '아스이즈유', 0.5324407236262517), ([[69, 293], [321, 293], [321, 357], [69, 357]], '일단물안에', 0.9608682865982934), ([[97, 363], [291, 363], [291, 427], [97, 427]], '들어가면', 0.9999350905418396), ([[49, 433], [341, 433], [341, 497], [49, 497]], '의심받지않고', 0.7957888036641487), ([[39, 503], [355, 503], [355, 567], [39, 567]], '해결활수있다', 0.8952748763697916)]
[([[59, 111], [291, 111], [291, 153], [59, 153]], '야오요로즈모모', 0.7227617478418422), ([[74, 268], [372, 268], [372, 316], [74, 316]], '급하게 변기름 창조.', 0.7590802205525488), ([[39, 315], [408, 315], [408, 367], [39, 367]], '근데, 어째서오리모양..?', 0.6123839926869871), ([[78, 367], [369, 367], [369, 417], [78, 417]], '어린애들용이잡아.', 0.6548383528630825), ([[871, 529], [965, 529], [965, 571], [871, 571]], '빨리!', 0.9985797830254992), ([[36, 548], [130, 548], [130, 600], [36, 600]], '(=* ', 0.07774776220321655), ([[807, 1187], [959, 1187], [959, 1229], [807, 1229]], '빨리만들지', 0.9979421193883704), ([[835, 1229], [927, 1229], [927, 1271], [835, 1271]], '않으면', 0.9960605738984891), ([[811, 1271], [955, 1271], [955, 1311], [811, 1311]], '세어버려!', 0.9974705001148514), ([[972, 1508], [1004, 1508], [1004, 1552], [972, 1552]], '8', 0.9991398516007202)]
[([[981, 199], [1019, 199], [1019, 245], [981, 245]], "1'", 0.17151385879803596), ([[1008, 234], [1040, 234], [1040, 284], [1008, 284]], '7', 0.9999599460797981), ([[34, 818], [366, 818], [366, 872], [34, 872]], '건물 뒷편으로 회피.', 0.8491874314798884), ([[98, 876], [298, 876], [298, 928], [98, 928]], '주변 소리에', 0.8772034528653664), ([[94, 932], [306, 932], [306, 986], [94, 986]], '주의하라고', 0.9985840211275712), ([[931.776274475328, 104.12611748157437], [970.5911688700771, 78.0291944122211], [1025.223725524672, 163.87388251842563], [986.4088311299229, 190.9708055877789]], '4', 0.7061328791206876), ([[131.99599649376776, 673.0723758069976], [317.9016751926211, 697.8308637651844], [307.00400350623227, 755.9276241930024], [121.09832480737892, 731.1691362348156]], '지로코카', 0.923692524433136)]
[([[91, 144], [256, 144], [256, 183], [91, 183]], '하가구레 토오루', 0.3945553151063896), ([[267, 221], [994, 221], [994, 281], [267, 281]], '여자화장실이 사용금지되도 별 영향없음.', 0.5750285589329462), ([[325, 281], [939, 281], [939, 341], [325, 341]], '근데 여자도서서오중술수 있던가.', 0.1890046649841646), ([[959, 1509], [1009, 1509], [1009, 1547], [959, 1547]], '10', 0.9863748877352273), ([[284.21727292457166, 564.1039098209152], [340.86519241043374, 575.1108023553826], [333.78272707542834, 606.8960901790848], [277.13480758956626, 594.8891976446174]], '4', 0.01173227608080496)]
[([[211, 1469], [979, 1469], [979, 1529], [211, 1529]], '땅울 녹여 구멍올 만들고,그안에서 해결하다.', 0.3052732336830945), ([[53.18211126702822, 1301.04794576974], [268.98104943541944, 1341.485268244393], [254.81788873297177, 1399.95205423026], [38.018950564580585, 1358.514731755607]], '아시도미나', 0.9990869292155828)]
[([[681, 791], [739, 791], [739, 829], [681, 829]], '벼회;', 0.022984187373144116), ([[107, 1014], [218, 1014], [218, 1064], [107, 1064]], '마가시7', 0.24789802730083466), ([[51, 1117], [91, 1117], [91, 1153], [51, 1153]], '13', 0.9951300528222984), ([[547.086474619004, 760.0523291853351], [658.7761477093286, 795.1207643035789], [634.913525380996, 862.9476708146649], [523.2238522906714, 827.8792356964211]], '건쪽', 0.0011393815892113224), ([[169.98198161801108, 779.349548530431], [238.08270659620368, 766.6032390502422], [245.01801838198892, 818.650451469569], [177.91729340379632, 831.3967609497578]], '씨4', 0.16507531400922915)]
[([[54, 86], [250, 86], [250, 136], [54, 136]], '토가히미코', 0.8404468018619), ([[321, 104], [802, 104], [802, 158], [321, 158]], '등고중길가의 개미행렬올발견.', 0.5047974800292562), ([[130, 158], [996, 158], [996, 208], [130, 208]], '물고문하여오중에 개미들이허우적거리논모습올 즐긴다.', 0.42984465381220077), ([[498, 226], [1074, 226], [1074, 278], [498, 278]], '성격이성격이다 보니그냥하고싶올때', 0.7422675353788485), ([[524, 278], [1048, 278], [1048, 328], [524, 328]], '아무대서나 해결활것 같은 이미지.', 0.6004973354791947)]
