2728448
267
[]
[([[819, 1510], [1095, 1510], [1095, 1567], [819, 1567]], '밥아함굽--;아7', 1.809845376408793e-06), ([[795, 1564], [1124, 1564], [1124, 1643], [795, 1643]], '군처,아+ ,라명어`+', 2.856023762875826e-06)]
[]
[]
[]
[]
[]
[([[459, 83], [675, 83], [675, 267], [459, 267]], '기', 0.9302534856642666)]
[([[468, 90], [664, 90], [664, 242], [468, 242]], '기', 0.3606240017806073)]
[([[467, 91], [667, 91], [667, 247], [467, 247]], '기', 0.8308403577396781)]
[([[576, 140], [650, 140], [650, 230], [576, 230]], '"', 0.004148701981976366)]
[]
[([[818, 1507], [1098, 1507], [1098, 1571], [818, 1571]], '-진-째형교', 2.8068052681387298e-05), ([[795, 1569], [1124, 1569], [1124, 1645], [795, 1645]], '40"기+ *라명형-+', 1.8664737968157617e-05)]
[]
[([[231.5027082664217, 74.26272885218198], [416.40607234137565, 41.54843619709203], [428.4972917335783, 144.73727114781803], [243.59392765862435, 178.45156380290797]], '쪽쪽)', 0.0014636487928102074)]
[]
[([[1883, 24], [1935, 24], [1935, 48], [1883, 48]], '7 *', 0.246377095580101), ([[1501, 68], [1723, 68], [1723, 94], [1501, 94]], '사장놓이다 , 대물신입 , 영업3끈', 0.7936222525310069), ([[1810, 83], [1838, 83], [1838, 110], [1810, 110]], '(', 0.8490586035709704), ([[1852, 83], [1889, 83], [1889, 110], [1852, 110]], '[', 0.3070902655745158), ([[1898, 83], [1926, 83], [1926, 110], [1898, 110]], '=', 0.9988262523303924), ([[1529, 104], [1550, 104], [1550, 120], [1529, 120]], '69', 0.9999981455391691), ([[1508, 128], [1598, 128], [1598, 154], [1508, 154]], '사장놓이다', 0.7930834069872208), ([[1519, 158], [1576, 158], [1576, 184], [1519, 184]], '임비서', 0.9973829984664917), ([[1598, 172], [1666, 172], [1666, 196], [1598, 196]], '오루 3,02', 0.6855101867678051), ([[1506, 209], [1626, 209], [1626, 235], [1506, 235]], '영업 3 끈대부장', 0.6671474297045175), ([[1608, 265], [1641, 265], [1641, 283], [1608, 283]], '3.03', 0.9648140555373566), ([[1508, 297], [1598, 297], [1598, 323], [1508, 323]], '사장놓이다', 0.734257609232443), ([[1284, 281], [1395, 281], [1395, 366], [1284, 366]], '{', 0.29887932671499584), ([[1519, 339], [1589, 339], [1589, 365], [1519, 365]], '쫓빨아쥐', 0.6259594559669495), ([[1606, 353], [1674, 353], [1674, 371], [1606, 371]], '오두 3.03', 0.2641853076855787), ([[1585, 403], [1884, 403], [1884, 429], [1585, 429]], '오전에   해드컵잡아요 ! 지금   씌스중이예요 ;', 0.10206478290615408), ([[1583, 423], [1776, 423], [1776, 449], [1583, 449]], '새벽에   집에   들르시던가요', 0.613608390028652), ([[1808, 423], [1847, 423], [1847, 447], [1808, 447]], '헤넷', 0.22293234086526614), ([[1499, 436], [1571, 436], [1571, 460], [1499, 460]], '오루 3.04', 0.2227660940765985), ([[1506, 476], [1624, 476], [1624, 502], [1506, 502]], '영업 3 끈대부장', 0.9458580266563682), ([[1525, 516], [1633, 516], [1633, 542], [1525, 542]], '임비서   누구랑', 0.4164528290189766), ([[1639, 517], [1672, 517], [1672, 536], [1639, 536]], '해?', 0.9999322285402391), ([[1694, 528], [1762, 528], [1762, 547], [1694, 547]], '오늘 3.04', 0.8170024971185285), ([[1809, 577], [1902, 577], [1902, 605], [1809, 605]], '이과장님이요', 0.7270455569774263), ([[1624, 627], [1852, 627], [1852, 664], [1624, 664]], '오후 305 강대리님하고도햇어요', 0.5610423504212791), ([[1858, 630], [1902, 630], [1902, 654], [1858, 654]], '이힘~', 0.12235784315943478), ([[1508, 677], [1598, 677], [1598, 703], [1508, 703]], '사장놓이다', 0.9470108337425998), ([[1519, 718], [1556, 718], [1556, 742], [1519, 742]], '걸레', 0.4055643974277819), ([[1574, 729], [1646, 729], [1646, 753], [1574, 753]], '오즘 3.05', 0.2887779335055631), ([[1748, 778], [1783, 778], [1783, 804], [1748, 804]], '6층', 0.9954165782588456), ([[1790, 778], [1853, 778], [1853, 804], [1790, 804]], '남화장실', 0.9272380720305666), ([[1601, 794], [1669, 794], [1669, 814], [1601, 814]], '오루 306', 0.9524690802770082), ([[1508, 833], [1598, 833], [1598, 859], [1508, 859]], '사장놓이다', 0.9638359303829652), ([[1524, 872], [1555, 872], [1555, 893], [1524, 893]], '6 층', 0.5299160795062445), ([[1575, 883], [1645, 883], [1645, 904], [1575, 904]], '오즘 307', 0.3879526312784887), ([[1733, 932], [1823, 932], [1823, 958], [1733, 958]], '오시면 바루', 0.6933039403674444), ([[1831, 935], [1879, 935], [1879, 955], [1831, 955]], '씩스요', 0.20657575121046215), ([[1656, 947], [1725, 947], [1725, 966], [1656, 966]], '오즘 3,07', 0.20295037542117286), ([[1435, 1003], [1604, 1003], [1604, 1031], [1435, 1031]], '환동없어요   챙겨   오생|', 0.14496145822714737), ([[1573.105572809, 261.21114561800016], [1607.8681036697021, 265.28572506746684], [1604.894427191, 284.78885438199984], [1570.1318963302979, 279.71427493253316]], '오루', 0.7678937629828071)]
[([[846, 173], [948, 173], [948, 225], [846, 225]], '(.공', 0.013969397194932797), ([[803.4538372406557, 2081.029918889967], [843.8741755520781, 2073.077011364613], [863.5461627593443, 2181.970081110033], [823.1258244479219, 2189.922988635387]], '4', 0.017098742441934434), ([[708.2070176794539, 2154.052632595904], [748.5583146962297, 2138.026032750343], [785.7929823205461, 2240.947367404096], [745.4416853037703, 2256.973967249657]], '퍽', 0.011100508512358387)]
[]
[]
[]
[([[1143, 2790], [1273, 2790], [1273, 2871], [1143, 2871]], '(', 0.4085326390053048)]
[([[897, 203], [989, 203], [989, 327], [897, 327]], '품', 0.8879593234064629), ([[24, 312], [60, 312], [60, 344], [24, 344]], '하', 0.9852910155801489), ([[100, 482], [154, 482], [154, 548], [100, 548]], '향', 0.9874872469248466), ([[403.3729298231972, 254.04945788614214], [459.96824568774974, 293.4969829409895], [437.6270701768028, 324.95054211385786], [381.03175431225026, 285.5030170590105]], "하하 '", 0.5824891924858093), ([[923.8105265191808, 508.0789488938563], [979.6412234498912, 476.0228717015234], [1045.189473480819, 600.9210511061438], [989.3587765501088, 633.9771282984766]], '산', 0.030512829802948005), ([[331.1055728090001, 747.0806504495005], [392.91105957557113, 772.0611209634937], [376.8944271909999, 811.9193495504995], [315.08894042442887, 786.9388790365063]], '흔들', 0.9599044752754519)]
[([[836, 1439], [1056, 1439], [1056, 1483], [836, 1483]], '밥)실5-어', 8.108284189712495e-05), ([[814, 1480], [1080, 1480], [1080, 1547], [814, 1547]], '히<처+칭라명형!북', 1.5790372498341644e-06)]
[([[897, 203], [989, 203], [989, 327], [897, 327]], '품', 0.9358055884941372), ([[24, 312], [58, 312], [58, 344], [24, 344]], '하', 0.9819675857092172), ([[100, 482], [154, 482], [154, 548], [100, 548]], '향', 0.9825539503444816), ([[326, 756], [384, 756], [384, 806], [326, 806]], '흔들', 0.9994849200794852), ([[402.3824924789056, 253.04795186499558], [459.961969092711, 293.4497265149013], [437.6175075210944, 324.9520481350044], [380.038030907289, 284.5502734850987]], "하아 '", 0.6481273448409774), ([[923.8994530298025, 510.076061814578], [978.5781940846277, 477.0209216321369], [1044.1005469701975, 597.923938185422], [990.4218059153723, 630.9790783678632]], '산', 0.27573970497713063)]
[([[894, 202], [990, 202], [990, 328], [894, 328]], '물', 0.1264044373053288), ([[24, 312], [58, 312], [58, 344], [24, 344]], '하', 0.2302885091268969), ([[100, 482], [154, 482], [154, 548], [100, 548]], '양', 0.2033208243229332), ([[401.27253004752583, 249.05320432317575], [464.9936030679068, 289.74715933833386], [439.72746995247417, 326.94679567682425], [376.0063969320932, 286.25284066166614]], "8하'", 0.06618698221915788), ([[927.1261395850491, 504.0478702239474], [981.5619884610904, 478.0197638525166], [1038.8738604149507, 610.9521297760526], [984.4380115389096, 635.9802361474834]], '8', 0.1884982128913748)]
[([[686, 1008], [804, 1008], [804, 1032], [686, 1032]], '밥하두하-)7', 3.6772551985295735e-05), ([[676, 1030], [816, 1030], [816, 1063], [676, 1063]], '담<밥- *애명형5+', 1.122009277990402e-05)]
[]
[]
[]
[]
[]
[([[1094, 386], [1120, 386], [1120, 414], [1094, 414]], '0', 0.999780666935294), ([[281, 827], [409, 827], [409, 939], [281, 939]], '아유', 0.14320770450150214), ([[960, 1264], [1124, 1264], [1124, 1388], [960, 1388]], '히앗', 0.5920204212132616), ([[529, 1491], [603, 1491], [603, 1592], [529, 1592]], '콩', 0.15793255678369178), ([[60, 1504], [160, 1504], [160, 1688], [60, 1688]], '푹', 0.7105196619961731), ([[378, 1660], [426, 1660], [426, 1732], [378, 1732]], '푹', 0.9861018564879629), ([[801, 1611], [933, 1611], [933, 1823], [801, 1823]], '푹', 0.9992217148301421), ([[16.28352926876417, 32.65517634188775], [97.47805679420551, 5.407908556804145], [110.71647073123583, 48.34482365811225], [29.52194320579449, 75.59209144319586]], '@ >', 0.438563734292984), ([[899.8686291501015, 117.08040405071067], [980.8673218643836, 130.89635644689272], [966.1313708498985, 202.91959594928935], [885.1326781356164, 188.10364355310728]], '@움', 0.15658070445731775), ([[1121.1210468075817, 374.0778621224576], [1194.92328912692, 399.1275183825711], [1179.8789531924183, 439.9221378775424], [1106.07671087308, 414.8724816174289]], '플아?', 0.004713652195017175), ([[53.12093869508703, 1179.0554156911876], [151.9244242364771, 1215.9741593723738], [128.87906130491297, 1271.9445843088124], [30.075575763522906, 1234.0258406276262]], '오리', 0.021695829575807988), ([[1019.7180652167642, 1537.382389128616], [1061.6513671456012, 1498.0303715420669], [1131.2819347832358, 1579.617610871384], [1089.3486328543988, 1618.9696284579331]], '활', 0.02379589768814605)]
[]
[([[418, 1318], [747, 1318], [747, 1384], [418, 1384]], '(어김^사53디', 5.4169332013011955e-05), ([[470, 1390], [778, 1390], [778, 1474], [470, 1474]], '^어+하라4그9', 1.6773269625721306e-05), ([[397.8686291501015, 1376.0804040507107], [483.82426931081625, 1388.8251528922065], [470.1313708498985, 1461.9195959492893], [385.17573068918375, 1449.1748471077935]], '훌0', 0.0018576745060841105), ([[886.543977760618, 2216.3863310579154], [1105.4252757342579, 2196.022537948144], [1107.456022239382, 2262.6136689420846], [888.5747242657421, 2282.977462051856]], '[모2핑', 0.02179112657904625)]
[([[1131, 575], [1409, 575], [1409, 635], [1131, 635]], '아쪽-:)7', 1.2881956328131496e-05), ([[1106, 629], [1438, 629], [1438, 713], [1106, 713]], '깜형,+애오%(', 8.942767535909963e-06)]
[]
[]
[]
[]
[]
[]
[([[1349, 780], [1521, 780], [1521, 817], [1349, 817]], '무7', 0.007363910891267861), ([[1330, 819], [1419, 819], [1419, 852], [1330, 852]], "' ", 0.3087918271963886), ([[1486, 816], [1544, 816], [1544, 853], [1486, 853]], '51', 0.3221868427969724), ([[1442.0789916602316, 818.1448741467184], [1489.8342698357528, 827.0166818937183], [1483.9210083397684, 854.8551258532816], [1435.1657301642472, 845.9833181062817]], "'", 0.5071853517252158)]
[([[1688, 894], [1988, 894], [1988, 990], [1688, 990]], '알출보지', 0.2888747453689575), ([[1169, 982], [1435, 982], [1435, 1034], [1169, 1034]], '옛5도-7', 0.0007133109386422132), ([[1139, 1033], [1471, 1033], [1471, 1101], [1139, 1101]], '0 미 [르명35+내', 0.00012002957219728096), ([[1638, 1028], [1746, 1028], [1746, 1130], [1638, 1130]], '맛', 0.9999499327250874), ([[1803, 1033], [2130, 1033], [2130, 1134], [1803, 1134]], '좀 볼래 ?', 0.4261521069716345)]
[([[1170, 982], [1438, 982], [1438, 1034], [1170, 1034]], '()곤5-]', 0.0002758707703043499), ([[1138, 1032], [1474, 1032], [1474, 1104], [1138, 1104]], "06 미기+ '#보5내", 0.0004141699510531458)]
[([[696, 1329], [1028, 1329], [1028, 1397], [696, 1397]], '밥아함웬-째;형데', 2.5312261994971557e-06), ([[667, 1391], [1063, 1391], [1063, 1490], [667, 1490]], '군처<아- *라명형5+', 3.4146493154784395e-06), ([[1409.802230976821, 2197.3078084188733], [1605.3255175567278, 2179.784911738992], [1606.197769023179, 2247.6921915811267], [1410.6744824432722, 2265.215088261008]], '[모리', 0.1368784837833809)]
[([[1809, 148], [1898, 148], [1898, 211], [1809, 211]], '6월', 0.9997387838266762), ([[1797, 200], [1840, 200], [1840, 224], [1797, 224]], '5;', 0.2902723067477309), ([[1734, 415], [1765, 415], [1765, 439], [1734, 439]], '16', 0.9997818548817605), ([[1777, 421], [1810, 421], [1810, 445], [1777, 445]], '17', 0.9305406733087156), ([[1818, 431], [1848, 431], [1848, 456], [1818, 456]], '18', 0.9733387785193509), ([[1720, 482], [1754, 482], [1754, 507], [1720, 507]], '231', 0.7113628634278812), ([[1763, 490], [1795, 490], [1795, 515], [1763, 515]], '24', 0.9999958696113443), ([[1804, 499], [1834, 499], [1834, 523], [1804, 523]], '25', 0.9999990727694587), ([[1626, 533], [1654, 533], [1654, 558], [1626, 558]], '28', 0.9999633324386976), ([[1664, 542], [1695, 542], [1695, 566], [1664, 566]], '29', 0.9999951109690732), ([[1705, 548], [1736, 548], [1736, 572], [1705, 572]], '30', 0.9661979676708116), ([[483, 1021], [800, 1021], [800, 1086], [483, 1086]], '밥둘 ', 0.00019202177913547024), ([[445, 1087], [847, 1087], [847, 1172], [445, 1172]], '5 모)데그', 0.00019263628070335457), ([[1629.3053712883527, 163.12450247855259], [1672.9295276424755, 172.47376518841577], [1668.6946287116473, 193.87549752144741], [1625.0704723575245, 185.52623481158423]], '-7', 0.005161009264154084), ([[1677.3675444679664, 170.10263340389898], [1717.9575812505057, 182.59027369175462], [1710.6324555320336, 203.89736659610102], [1671.0424187494943, 192.40972630824538]], '-훨.', 0.0036949705715080975), ([[1718.3053712883527, 181.12450247855259], [1760.9402850002907, 190.51492874992732], [1756.6946287116473, 211.87549752144741], [1713.0597149997093, 202.48507125007268]], '~]', 0.002684651141356282), ([[1760.1299778141513, 185.12892678669957], [1802.965856512019, 200.5486740090406], [1793.8700221858487, 223.87107321330043], [1751.034143487981, 208.4513259909594]], '이^나', 0.0006833966842205706), ([[1845.3053712883527, 206.12450247855259], [1885.897366596101, 213.36754446796633], [1881.6946287116473, 236.87549752144741], [1840.102633403899, 228.63245553203367]], '53+', 0.042287563135785966), ([[1720.9230627620734, 389.19996318139084], [1768.857977633656, 397.08787947862044], [1765.0769372379266, 420.80003681860916], [1716.142022366344, 413.91212052137956]], '~배란일', 0.1656137853860855)]
[([[482, 1023], [802, 1023], [802, 1091], [482, 1091]], '<칸끼 /', 0.00038147275141838736), ([[447, 1089], [645, 1089], [645, 1156], [447, 1156]], '0 "', 0.04808421432971954), ([[678, 1101], [786, 1101], [786, 1166], [678, 1166]], '타', 0.04318635225354228), ([[894, 1149], [1008, 1149], [1008, 1227], [894, 1227]], '[아', 0.06636761576331547), ([[1191, 1130], [1313, 1130], [1313, 1242], [1191, 1242]], '번기', 0.23527824040146467), ([[969, 1467], [1133, 1467], [1133, 1552], [969, 1552]], '시발년', 0.9323941716057305), ([[1130, 1646], [1273, 1646], [1273, 1730], [1130, 1730]], '위험일', 0.34350820207034155), ([[680, 1812], [873, 1812], [873, 1910], [680, 1910]], '전있중', 0.08572599028957159), ([[1163, 2014], [1198, 2014], [1198, 2045], [1163, 2045]], '존', 0.930680904041342), ([[1326, 1917], [1461, 1917], [1461, 2117], [1326, 2117]], '물', 0.21540405532555784), ([[1102.7152330911474, 1108.286093236459], [1249.0196378498247, 1037.0147661175795], [1284.2847669088526, 1111.713906763541], [1138.9803621501753, 1182.9852338824205]], "'소-자_", 0.1335279057131702), ([[912.0625747279902, 1094.0630529871278], [1030.7533467486642, 1119.1581781594552], [1014.9374252720098, 1181.9369470128722], [896.2466532513358, 1155.8418218405448]], '충게', 0.19203430236712485), ([[1129.902627190595, 1173.0865513007489], [1184.4115704446933, 1154.1438006972035], [1215.097372809405, 1249.9134486992511], [1160.5884295553067, 1269.8561993027965]], '육', 0.4071915756981639), ([[1004.1165477914012, 1532.048930122611], [1173.8650403958686, 1567.5367366705361], [1155.8834522085988, 1637.951069877389], [986.1349596041313, 1602.4632633294639]], '맛하나는', 0.9554237723350525), ([[1166.9632031319513, 1576.090257852122], [1246.656667304756, 1593.9994713190497], [1234.0367968680487, 1644.909742147878], [1153.343332695244, 1627.0005286809503]], '0즈', 0.10552253290797721), ([[1200.1504654174619, 2006.0726994212782], [1300.9770451455015, 2034.5214379667786], [1288.8495345825381, 2073.9273005787218], [1187.0229548544985, 2045.4785620332214]], '가조함구구', 0.06823626602493654)]
[([[856, 1027], [1172, 1027], [1172, 1089], [856, 1089]], '@이5:응7', 0.00016796546856251928), ([[815, 1087], [1218, 1087], [1218, 1173], [815, 1173]], '0 [+ 칭라옛5', 7.615026175290141e-05)]
[]
[([[726, 1084], [1058, 1084], [1058, 1153], [726, 1153]], '~어북걸라기', 2.0035275022679842e-05), ([[1381, 1097], [1471, 1097], [1471, 1237], [1381, 1237]], '응', 0.9807687003227308), ([[1787.1303028434654, 1002.0421192876934], [1859.1818942021057, 990.5812382569284], [1876.8696971565346, 1122.9578807123066], [1804.8181057978943, 1134.4187617430716]], '응', 0.5177445878595996), ([[295.2710531077053, 1023.0936885908887], [453.182927164816, 1007.5570047615836], [458.7289468922947, 1146.9063114091114], [301.817072835184, 1162.4429952384164]], '바들', 0.9606601639368878), ([[1618.798906059605, 2071.152123629156], [1821.488540886959, 2032.8638683427023], [1838.201093940395, 2174.847876370844], [1635.511459113041, 2213.136131657298]], '비름', 0.12185367157100191)]
[([[1335, 298], [1569, 298], [1569, 527], [1335, 527]], "역'", 0.2344001003842081), ([[299, 1028], [407, 1028], [407, 1152], [299, 1152]], '바', 0.9981121398623714), ([[726, 1084], [1060, 1084], [1060, 1151], [726, 1151]], '느"어북두라고', 2.6833736935405943e-05), ([[35, 2043], [204, 2043], [204, 2158], [35, 2158]], '레목', 0.15055623347420474), ([[381.13175685787553, 1027.0540548630042], [437.11712879988744, 1015.3278365094455], [455.86824314212447, 1120.9459451369958], [399.88287120011256, 1132.6721634905543]], '뜰', 0.3055494877300511), ([[1617.4904844417042, 2074.1862457594184], [1818.7558842637209, 2030.7199680302533], [1839.5095155582958, 2174.8137542405816], [1638.2441157362791, 2219.2800319697467]], '비름', 0.10620004917943215)]
[([[724, 1084], [1057, 1084], [1057, 1153], [724, 1153]], '~보진어+걸라광', 1.1478105862564235e-05), ([[295.213488877093, 1025.100051006128], [452.09493508758726, 1007.4716690105538], [459.786511122907, 1145.899948993872], [301.90506491241274, 1163.5283309894462]], '바들', 0.9007859055585645), ([[53.872928864851986, 2035.053045967431], [220.03669014581655, 2060.289217620688], [200.12707113514801, 2164.946954032569], [33.96330985418345, 2139.710782379312]], '바말', 0.1549941788315871), ([[1618.965370944234, 2067.1298933650264], [1823.8645724659802, 2035.265386816494], [1837.034629055766, 2176.8701066349736], [1632.1354275340198, 2208.734613183506]], '비들', 0.4274956680515056)]
[([[488, 545], [624, 545], [624, 571], [488, 571]], "'", 0.6799450761254775), ([[476, 574], [636, 574], [636, 604], [476, 604]], ';대', 0.06806062848190396)]
[]
[]
[([[507, 1261], [779, 1261], [779, 1324], [507, 1324]], '(아검굽국-|', 5.177440183726432e-05), ([[486, 1323], [805, 1323], [805, 1387], [486, 1387]], '대]형` [라머--녀', 3.3413141853686798e-06), ([[1009, 1286], [1159, 1286], [1159, 1458], [1009, 1458]], '1', 0.164457268562046), ([[784.7716559418753, 2238.4291398546884], [975.5902480104155, 2219.8207507756006], [978.2283440581247, 2274.5708601453116], [787.4097519895845, 2293.1792492243994]], '22-애0', 0.004546401457534388)]
[]
[([[1298, 1100], [1538, 1100], [1538, 1151], [1298, 1151]], '@@^^{도|미', 0.0026119396783210957), ([[1279, 1147], [1563, 1147], [1563, 1215], [1279, 1215]], '@@ [@숨 [애@어도켓', 0.00020966133303181774)]
[([[1298, 1098], [1538, 1098], [1538, 1151], [1298, 1151]], '@@적;도하;높망', 0.00047243688421039914), ([[1279, 1147], [1563, 1147], [1563, 1215], [1279, 1215]], '@@ [@ [라@어골켓', 0.00042170887370022016)]
[([[1298, 1100], [1538, 1100], [1538, 1151], [1298, 1151]], '@@^{도;|망', 0.004105982489608278), ([[1279, 1147], [1563, 1147], [1563, 1215], [1279, 1215]], '@@ [@ [애@어도켓', 0.0002377983648939561)]
[([[466, 301], [623, 301], [623, 330], [466, 330]], "' 6 ?", 0.14767279204748757), ([[452, 337], [637, 337], [637, 370], [452, 370]], "' _", 0.10428690985616544), ([[466, 1021], [623, 1021], [623, 1050], [466, 1050]], "'_ 대", 0.020382273942232132), ([[451, 1054], [638, 1054], [638, 1091], [451, 1091]], "'", 0.34497996525363206), ([[466, 1735], [627, 1735], [627, 1766], [466, 1766]], "' ", 0.1702972533724209), ([[448, 1766], [544, 1766], [544, 1799], [448, 1799]], '1', 0.7383005399064224), ([[466, 2493], [623, 2493], [623, 2522], [466, 2522]], "'", 0.35760783754043146)]
[([[494, 930], [794, 930], [794, 993], [494, 993]], '(<기적^-아퍽', 5.67291268833502e-06), ([[468, 989], [825, 989], [825, 1077], [468, 1077]], '히<치+ 칭라명형5처', 5.62262286095132e-06), ([[1848.4095257509891, 296.0438225316279], [1979.9998902651469, 333.9703711832211], [1968.5904742490109, 370.9561774683721], [1837.0001097348531, 333.0296288167789]], "'", 0.6047040156558161), ([[1819.2155354594472, 498.07767729723633], [1951.9713658865353, 518.5222416978604], [1944.7844645405528, 555.9223227027637], [1811.0286341134647, 535.4777583021396]], "'", 0.6047040156558161)]
[([[402, 1615], [701, 1615], [701, 1678], [402, 1678]], '(기적^-째아7', 4.317150587745222e-06), ([[376, 1676], [732, 1676], [732, 1761], [376, 1761]], '군,처+ *라명형-따', 1.324256137727047e-05)]
[([[554, 1270], [727, 1270], [727, 1308], [554, 1308]], '@기적굽--;아7', 2.776311174784408e-05), ([[538, 1304], [744, 1304], [744, 1354], [538, 1354]], '히<기- 마라명형5+', 3.498401191738639e-06)]
[]
[]
[([[1728, 1085], [1808, 1085], [1808, 1236], [1728, 1236]], '가', 0.13757054995450346), ([[806, 1233], [1112, 1233], [1112, 1296], [806, 1296]], '밥아프-5응7', 6.823525640513934e-06), ([[778, 1293], [1144, 1293], [1144, 1380], [778, 1380]], '군처<몸펼*]:의', 3.7736667513583015e-06), ([[1401.4701778718652, 2150.410533615596], [1620.4125320942628, 2128.9909523181705], [1622.5298221281348, 2195.589466384404], [1403.5874679057372, 2217.0090476818295]], '벼2-입-뒤', 0.001510418167345205)]
[]
[([[1009, 1106], [1224, 1106], [1224, 1148], [1009, 1148]], '(아반소`하아7', 1.3859670279203537e-06), ([[988, 1148], [1228, 1148], [1228, 1205], [988, 1205]], '숙<처+ *라명어5{', 3.067636686012476e-05)]
[([[1009, 1106], [1224, 1106], [1224, 1148], [1009, 1148]], '(아적소도하응7', 1.2855653671299135e-06), ([[988, 1148], [1228, 1148], [1228, 1205], [988, 1205]], '숙<처+ *라명어5}', 3.7195097331842204e-05)]
[([[0, 437], [151, 437], [151, 561], [0, 561]], '도;', 0.014805348473947358), ([[885, 511], [1087, 511], [1087, 572], [885, 572]], '1다3-', 0.013727201148867607), ([[337, 647], [626, 647], [626, 707], [337, 707]], '<)함심{--형<', 5.644049667741748e-06), ([[312, 701], [656, 701], [656, 785], [312, 785]], '히처"어땀 [서명어5껑', 6.455581155925698e-07), ([[948.6057901732422, 2267.005551150099], [1607.571410253722, 2541.5624392768755], [1556.3942098267578, 2649.994448849901], [897.4285897462779, 2375.4375607231245]], '국프프프무무', 0.0018936673728833537)]
[([[407, 462], [751, 462], [751, 536], [407, 536]], '@@$--)탁', 0.0002699971522536011), ([[376, 529], [785, 529], [785, 630], [376, 630]], '@어 [기참 [@)-', 9.108149475229426e-05), ([[620.3700081898403, 1590.0141818144546], [1064.9791897198772, 1727.2369437925831], [1022.6299918101597, 1839.9858181855454], [579.0208102801228, 1703.7630562074169]], '6주3관', 0.0013070727000012994), ([[1051.5912052259253, 1696.3283388133304], [1222.7627241518962, 1674.4458684975543], [1228.4087947740747, 1749.6716611866696], [1057.2372758481038, 1771.5541315024457]], '꼬5', 0.03973178360551189)]
[([[6, 953], [239, 953], [239, 1317], [6, 1317]], '@', 0.2686790038773701), ([[541, 2542], [842, 2542], [842, 2607], [541, 2607]], '@@헌{--|', 0.02416629862869317), ([[586, 2612], [867, 2612], [867, 2677], [586, 2677]], '[@관[@탁`위', 0.0015866995856529981)]
[([[512, 1306], [729, 1306], [729, 1350], [512, 1350]], '밥아굽김--;아,', 5.853795140829421e-06), ([[490, 1347], [753, 1347], [753, 1411], [490, 1411]], '군처,몸+ *라명형5테', 1.105202154736724e-05)]
[([[1080, 943], [1223, 943], [1223, 974], [1080, 974]], '밥아악굽--아7', 8.466370585376944e-06), ([[1068, 971], [1237, 971], [1237, 1012], [1068, 1012]], '군처,아+ ,라명어컨격', 2.5448905953756094e-06)]
[([[1080, 943], [1223, 943], [1223, 974], [1080, 974]], '밥아악굽--아7', 1.1255771553901121e-05), ([[1068, 971], [1237, 971], [1237, 1012], [1068, 1012]], '군처,아+ ,라명어도격', 2.4029445443051293e-06)]
[([[879, 1497], [1051, 1497], [1051, 1533], [879, 1533]], '밥)항굽-5아7', 1.6556641291202208e-05), ([[863, 1533], [1068, 1533], [1068, 1578], [863, 1578]], '술+*라쉽형`(', 2.9353235854602824e-05)]
[([[441, 947], [672, 947], [672, 1172], [441, 1172]], "'", 0.9394867417673289), ([[1516, 1014], [1864, 1014], [1864, 1254], [1516, 1254]], '숙-', 0.005645360728841028), ([[760, 1198], [1087, 1198], [1087, 1265], [760, 1265]], '밥아함두도째형7', 2.3159887691244556e-06), ([[731, 1264], [1120, 1264], [1120, 1355], [731, 1355]], '뒤형갑+칭라명어5>', 8.886806645690857e-06), ([[1265.679940837737, 2202.3438047645323], [1491.4473105402094, 2182.078088687573], [1493.320059162263, 2250.6561952354677], [1267.5526894597906, 2269.921911312427]], '[미있내_', 0.028253638394170208)]
[]
[]
[]
[([[0, 67], [240, 67], [240, 353], [0, 353]], '5', 0.5497395463184063), ([[1670, 1413], [2087, 1413], [2087, 1718], [1670, 1718]], '0', 0.4201649081997836)]
[([[1572, 1427], [2079, 1427], [2079, 1707], [1572, 1707]], "'0", 0.2938625386700516)]
[([[0, 49], [333, 49], [333, 357], [0, 357]], '9', 0.11613262652694889)]
[([[0, 46], [343, 46], [343, 365], [0, 365]], '대', 0.3974200192353692), ([[2061, 371], [2195, 371], [2195, 548], [2061, 548]], ')', 0.8730767793624636)]
[]
[([[593, 980], [741, 980], [741, 1132], [593, 1132]], '0', 0.20530792443910517), ([[623, 1132], [769, 1132], [769, 1160], [623, 1160]], '(기적--아7', 0.00023317253514881613), ([[611, 1160], [784, 1160], [784, 1201], [611, 1201]], ',아+ 마라명형5따', 2.3389704882316557e-05)]
[([[60, 20], [198, 20], [198, 68], [60, 68]], '@아*]아마', 0.0001682421414314441), ([[77, 49], [170, 49], [170, 89], [77, 89]], '9"히칭하>', 0.0014028753449636254), ([[609, 659], [643, 659], [643, 677], [609, 677]], '보건', 0.8250476367665689), ([[618, 668], [672, 668], [672, 692], [618, 692]], '문대대', 0.05520144107991625)]
[]
[([[60, 20], [198, 20], [198, 68], [60, 68]], '@아드*]아마', 0.00013927917624760982), ([[80, 56], [168, 56], [168, 88], [80, 88]], '9"둘칭라담', 0.00034809343925505047), ([[609, 659], [643, 659], [643, 677], [609, 677]], '보건', 0.9224778689019784), ([[617.7196312006711, 670.4635574408053], [670.7500680848354, 664.0318772296655], [673.2803687993289, 685.5364425591947], [620.2499319151646, 691.9681227703345]], '운마켓', 0.1172185807337336)]
[([[174, 0], [460, 0], [460, 194], [174, 194]], '이니', 0.003078630207969416), ([[1850, 446], [1974, 446], [1974, 590], [1850, 590]], '71', 0.053077177545446795), ([[1855.9774544256456, 112.01686909706561], [2147.3916925422022, 228.14462534935063], [2043.0225455743544, 476.9831309029344], [1751.608307457798, 360.85537465064937]], '', 0.0), ([[1462.301126375466, 1009.0122143383282], [1615.274218487945, 1037.209383783076], [1558.698873624534, 1334.9877856616718], [1405.725781512055, 1306.790616216924]], '채', 0.05563302781956736), ([[958.5076508613146, 1603.35535560292], [1241.621709641866, 1386.8160613044092], [1423.4923491386855, 1637.64464439708], [1140.378290358134, 1854.1839386955908]], '육변', 0.3594557420394576)]
[([[176, 0], [464, 0], [464, 198], [176, 198]], '09', 0.007840230168932122), ([[1790, 139], [2160, 139], [2160, 415], [1790, 415]], ')', 0.011633085054655545), ([[1861, 459], [1973, 459], [1973, 587], [1861, 587]], '7', 0.24669797103138436), ([[1424, 1016], [1600, 1016], [1600, 1328], [1424, 1328]], '채', 0.20787224148721695), ([[959.241410735102, 1590.9172696615917], [1247.835187210934, 1387.101010516811], [1419.758589264898, 1648.0827303384083], [1130.164812789066, 1851.898989483189]], '육', 0.10702953210989108)]
[([[174, 0], [464, 0], [464, 198], [174, 198]], '05', 0.005105941494935203), ([[1857, 459], [1973, 459], [1973, 587], [1857, 587]], '0', 0.24696570109686267), ([[1883.8729765853695, 131.02117717082817], [2153.7220999857086, 206.36440788400483], [2078.1270234146305, 456.97882282917186], [1808.2779000142914, 382.63559211599517]], '배', 0.74732250791374), ([[966.4407018485614, 1594.6729124031299], [1236.3889859631238, 1378.5557842948567], [1422.5592981514387, 1640.3270875968701], [1152.6110140368762, 1856.4442157051433]], '육변', 0.23044840663491425)]
[([[176, 0], [468, 0], [468, 200], [176, 200]], '99', 0.03886117824736261), ([[1826, 172], [2098, 172], [2098, 472], [1826, 472]], '매', 0.11719244667273276), ([[1861, 455], [1973, 455], [1973, 591], [1861, 591]], '7', 0.5420647400679321), ([[1468.2812432832707, 1008.0123038715024], [1625.848194184471, 1045.2130586297033], [1554.7187567167293, 1341.9876961284976], [1398.151805815529, 1304.7869413702967]], '_', 0.06541496840739658), ([[2336.370046583403, 1121.2731350918687], [2418.186895751842, 1114.2668874953254], [2420.629953416597, 1159.7268649081313], [2337.813104248158, 1166.7331125046746]], '@젠라망', 3.0534058168996125e-05), ([[966.0504126094111, 1585.4655363922343], [1249.9821597201528, 1389.138548412872], [1414.949587390589, 1655.5344636077657], [1131.0178402798472, 1850.861451587128]], '옆변', 0.46700669071371387)]
[]
[]
[([[1057, 754], [1354, 754], [1354, 814], [1057, 814]], '.굽-째;형7', 4.491491314371053e-05), ([[1029, 813], [1386, 813], [1386, 899], [1029, 899]], '회처풀옛*라명형5벼', 1.2992811661559371e-06)]
[([[354, 680], [651, 680], [651, 732], [354, 732]], '.쑤-쥐^', 1.5114367473877299e-05), ([[326, 733], [671, 733], [671, 812], [326, 812]], '%대{', 0.002159612712403579)]
[([[317, 608], [586, 608], [586, 661], [317, 661]], '키하진동도-;형7', 2.6737674857914107e-05), ([[293, 657], [615, 657], [615, 732], [293, 732]], '깜"처국시매-잔', 1.6770370370669066e-07)]
[([[1316, 619], [1649, 619], [1649, 694], [1316, 694]], '키김심--형교', 4.534288982322387e-06), ([[1290, 687], [1486, 687], [1486, 762], [1290, 762]], '어<#*', 0.0008919835672713816), ([[903, 657], [2007, 657], [2007, 1010], [903, 1010]], '@형] 장]$로', 0.000740260581542978)]
[([[340, 648], [618, 648], [618, 703], [340, 703]], '(기굽굽-5대', 5.58432134479697e-05), ([[315, 702], [570, 702], [570, 782], [315, 782]], '히<처+마애}', 1.609257297357318e-05)]
[([[353, 673], [650, 673], [650, 730], [353, 730]], '@기적057', 3.40844428276451e-05), ([[328, 735], [407, 735], [407, 800], [328, 800]], '어어', 0.015686470204391827), ([[432, 747], [504, 747], [504, 797], [432, 797]], '0', 0.5472566474474014), ([[497, 741], [681, 741], [681, 816], [497, 816]], '사다`', 0.004345725565759446)]
[([[321, 618], [444, 618], [444, 657], [321, 657]], '(', 0.5158043452548213), ([[294, 661], [509, 661], [509, 722], [294, 722]], '회처7#', 0.0003511071263346821), ([[529, 668], [611, 668], [611, 719], [529, 719]], '056', 0.13419813725898158)]
[([[568, 762], [781, 762], [781, 801], [568, 801]], '밥기어--응함', 1.2398447511770339e-05), ([[546, 798], [805, 798], [805, 863], [546, 863]], '맵,@안여라명어5테', 8.524559562534026e-07), ([[1608.85749287355, 886.0343817009302], [1837.4363095042322, 930.4518140674319], [1799.14250712645, 1089.9656182990698], [1571.5636904957678, 1045.548185932568]], '22', 0.3361777257873073)]
[([[255, 485], [468, 485], [468, 529], [255, 529]], '키기굽굽도:;아7', 4.294146138000012e-06), ([[233, 526], [493, 526], [493, 589], [233, 589]], '끓"처+ *라명형:껑', 6.0652881648288844e-06)]
[([[519, 458], [734, 458], [734, 502], [519, 502]], '(기굽-하아', 3.47674220824242e-05), ([[497, 500], [557, 500], [557, 550], [497, 550]], '4어', 0.007041182582065642), ([[621, 505], [755, 505], [755, 561], [621, 561]], '칭라명형5(', 0.0003715563488351433), ([[551.3183180150093, 510.2912904420258], [626.2472062551745, 506.3615839929976], [626.6816819849907, 547.7087095579742], [551.7527937448255, 552.6384160070023]], '"처+', 0.005644708907189049)]
[([[458, 120], [653, 120], [653, 158], [458, 158]], '@기적^도하응<', 2.0791448263318585e-06), ([[441, 158], [673, 158], [673, 212], [441, 212]], '늑먹처+말라명형5(', 7.962901493856091e-06)]
[([[255, 485], [468, 485], [468, 529], [255, 529]], '밥기하굽오하아7', 3.073946780421604e-06), ([[235, 526], [493, 526], [493, 589], [235, 589]], '히<몸+ *라명형5(', 3.752122725950728e-06)]
[([[255, 484], [469, 484], [469, 529], [255, 529]], '포기-째;아', 8.546692581097405e-05), ([[233, 526], [492, 526], [492, 588], [233, 588]], '회"아+*라명형5껑', 1.9681001967701767e-06), ([[1156.4217371477885, 488.12652114433655], [1498.9617180730515, 408.5629278595967], [1517.5782628522115, 490.87347885566345], [1174.0382819269485, 569.4370721404033]], '묘요극:', 0.00021185474179219455)]
[([[287, 240], [502, 240], [502, 282], [287, 282]], '-기굽소-째아<', 9.572675485860291e-06), ([[265, 280], [526, 280], [526, 342], [265, 342]], '히<처+*라명형5껑', 1.5088828405107597e-06)]
[([[695, 1226], [964, 1226], [964, 1281], [695, 1281]], '밥기적굽-째;내"', 2.0817543452115575e-06), ([[671, 1278], [993, 1278], [993, 1355], [671, 1355]], "46' 의)3 035", 0.0009411447061798178), ([[1154.2006652916286, 776.0457880371682], [1236.991266372145, 823.6504366813928], [1205.7993347083714, 876.9542119628318], [1123.008733627855, 829.3495633186072]], '스', 0.011669575974562252)]
[([[1318, 620], [1647, 620], [1647, 689], [1318, 689]], '밥기함`-째;형7', 7.4584338741676484e-06), ([[1288, 685], [1683, 685], [1683, 783], [1288, 783]], '삭형미형+황서오형-처', 6.080937167405674e-07)]
[([[290, 434], [539, 434], [539, 485], [290, 485]], '(아굽굽-째아', 5.91845802084322e-05), ([[270, 482], [566, 482], [566, 554], [270, 554]], '히,처+ *라명형5테', 4.303739590673612e-06)]
[([[618, 273], [842, 273], [842, 318], [618, 318]], '(굽굽도하아', 6.862671118605773e-05), ([[595, 314], [866, 314], [866, 382], [595, 382]], '깜,아+*라오형5(', 3.0677400911226327e-06)]
[([[761, 99], [1072, 99], [1072, 328], [761, 328]], '1)', 0.024092023628212087), ([[672, 791], [887, 791], [887, 833], [672, 833]], '포기굽굽-째아7', 6.1022717076105235e-06), ([[653, 830], [710, 830], [710, 883], [653, 883]], '4어', 0.007488139599211072), ([[775, 838], [910, 838], [910, 894], [775, 894]], '<라명형-(', 0.00011315091977326714), ([[706.3183180150093, 843.2912904420258], [781.2472062551745, 839.3615839929977], [782.6816819849907, 880.7087095579742], [706.7527937448255, 885.6384160070023]], '7처+', 0.0061966105861438955)]
[([[811, 690], [1026, 690], [1026, 732], [811, 732]], '밥기골굽도;아함', 2.8200277786390676e-06), ([[789, 730], [1050, 730], [1050, 794], [789, 794]], '히<처+ *라명형5(', 1.1391143053213088e-05)]
[([[284, 540], [521, 540], [521, 589], [284, 589]], '키기적굽-하아7', 3.2589913333931824e-06), ([[259, 583], [548, 583], [548, 655], [259, 655]], '히<처+마라명형5+', 2.1152920489131962e-06)]
[([[444, 561], [714, 561], [714, 621], [444, 621]], '여어굽-째;형대', 6.948710969085362e-06), ([[421, 617], [741, 617], [741, 694], [421, 694]], '회형처+ *라명93', 5.77823488020184e-05)]
[([[1419, 890], [1638, 890], [1638, 934], [1419, 934]], '키기함굽-째어함', 3.3864348141270234e-06), ([[1423, 942], [1528, 942], [1528, 981], [1423, 981]], '0,처+', 0.012374965474009514), ([[1521, 937], [1657, 937], [1657, 993], [1521, 993]], '싣라쉽5터', 0.00224252275768286)]
[([[320, 489], [522, 489], [522, 531], [320, 531]], '색어김굽-째;+7', 3.006386640047272e-06), ([[299, 531], [543, 531], [543, 584], [299, 584]], '처처네 5]광형`+', 5.272077844914163e-06), ([[1255.2772573942152, 1363.0261520401712], [1411.9974760221708, 1443.7753376174794], [1369.7227426057848, 1520.9738479598288], [1214.0025239778292, 1440.2246623825206]], '039', 0.012357468921197797)]
[([[1577, 929], [1846, 929], [1846, 985], [1577, 985]], '밥굽굽도5아7', 3.296207608639381e-05), ([[1555, 984], [1873, 984], [1873, 1058], [1555, 1058]], '숲66-,라오형갈+', 2.8633233063969546e-07)]
[([[340, 617], [555, 617], [555, 667], [340, 667]], '{함--)', 0.0034096246761444082), ([[264, 666], [582, 666], [582, 743], [264, 743]], '새슷양네5라명형', 1.7912677716763401e-06)]
[]
[([[323, 550], [536, 550], [536, 592], [323, 592]], '(아반함--;아그', 9.096009230482315e-06), ([[301, 589], [560, 589], [560, 651], [301, 651]], '히형"아+ 마라명형5{', 1.3424966846423242e-05)]
[([[722, 862], [989, 862], [989, 915], [722, 915]], '<동;--;아7', 0.0004528594157952529), ([[696, 914], [1017, 914], [1017, 988], [696, 988]], '-쳐망아-말라좀!', 9.076739470919103e-07)]
[([[579, 926], [815, 926], [815, 970], [579, 970]], '(~^-:아7', 7.867383535495857e-05), ([[553, 971], [841, 971], [841, 1033], [553, 1033]], '하형+칭어형-껑', 4.45799646917144e-05)]
[([[793, 935], [984, 935], [984, 975], [793, 975]], '포아--아교', 9.274069151013952e-05), ([[776, 977], [1004, 977], [1004, 1028], [776, 1028]], '회"기+마서명형하{', 1.3224506888843796e-06), ([[1280, 1907], [1366, 1907], [1366, 2002], [1280, 2002]], '군', 0.06463590469124725)]
[([[1214, 672], [1503, 672], [1503, 738], [1214, 738]], '<역도567', 0.00011924617897984828), ([[1191, 734], [1527, 734], [1527, 812], [1191, 812]], '깜강>라광아5+', 5.348528078635993e-06)]
[([[703, 1083], [896, 1083], [896, 1121], [703, 1121]], '-함웬-째;아그', 7.045481539723776e-06), ([[686, 1121], [916, 1121], [916, 1172], [686, 1172]], '불,기+칭라형하따', 1.3005937016228485e-05)]
[([[1184, 1062], [1423, 1062], [1423, 1113], [1184, 1113]], '(기적웬--아7', 2.915508531448794e-05), ([[1162, 1111], [1449, 1111], [1449, 1180], [1162, 1180]], '깜"아네 마라명형5{', 1.4795078136167978e-05)]
[([[15, 0], [323, 0], [323, 208], [15, 208]], '하남', 0.6447417522862329), ([[211, 109], [284, 109], [284, 176], [211, 176]], '5', 0.22355428445513326), ([[188, 167], [338, 167], [338, 295], [188, 295]], '거', 0.11491001936583789), ([[935, 1065], [1139, 1065], [1139, 1107], [935, 1107]], '(아적굽-;아그', 3.5522343391767254e-05), ([[913, 1104], [1161, 1104], [1161, 1166], [913, 1166]], ',기-말라명형5격', 9.839915729149275e-06), ([[1303, 1256], [1389, 1256], [1389, 1329], [1303, 1329]], '누구', 0.7691685136304525), ([[1330, 1330], [1378, 1330], [1378, 1396], [1330, 1396]], '곡', 0.2793352679169061), ([[1238, 1416], [1362, 1416], [1362, 1520], [1238, 1520]], '5,.,', 0.0409214124083519), ([[317, 1487], [563, 1487], [563, 1609], [317, 1609]], "균톱 / '", 0.0031513059613452244), ([[1430, 1525], [1494, 1525], [1494, 1607], [1430, 1607]], '보', 0.9970466279118604), ([[447, 1682], [559, 1682], [559, 1758], [447, 1758]], '자조', 0.022446129223648418), ([[513, 1740], [802, 1740], [802, 1850], [513, 1850]], '조 굽다0)', 0.11946408512383214), ([[1381, 1701], [1547, 1701], [1547, 1835], [1381, 1835]], '다툼 불음', 0.05323472759298316), ([[1297.978441701598, 93.28789684830964], [1557.6904782544589, -52.73163898325188], [1610.021558298402, 72.71210315169036], [1350.3095217455411, 219.73163898325188]], '꽃저리다', 0.15081165730953217), ([[1372.5299699156224, 191.19180745998239], [1590.8227945814401, 37.042783768365865], [1654.4700300843776, 158.80819254001761], [1436.1772054185599, 312.95721623163416]], '입으로', 0.4506705601829195), ([[291.2606664962548, 112.02279723932838], [378.19944253745666, 84.06009474077204], [440.7393335037452, 297.9772027606716], [353.80055746254334, 326.93990525922794]], '8', 0.9729489945712544), ([[1423.8923717860264, 293.0438845039313], [1696.0311542117834, 88.5326305533242], [1752.1076282139736, 194.95611549606872], [1478.9688457882166, 398.4673694466758]], '(이학쪽)', 0.1141821796997887), ([[573.0343646683858, 1222.0756022704488], [740.020427145602, 1166.074040757314], [766.9656353316142, 1265.9243977295512], [599.979572854398, 1321.925959242686]], '충 원', 0.03256862449757533), ([[778.2245618780886, 1248.1842140856647], [1085.122236568412, 1186.5436450688844], [1105.7754381219113, 1364.8157859143353], [798.8777634315879, 1425.4563549311156]], '수;기', 0.20150821531978266), ([[1218.845513235674, 1240.112117501937], [1304.5285576301646, 1251.6686805174004], [1295.154486764326, 1302.887882498063], [1210.4714423698354, 1291.3313194825996]], '이거', 0.6928997568276586), ([[690.3576165455737, 1283.1430466182294], [770.4468168032382, 1252.3779213254106], [784.6423834544263, 1290.8569533817706], [704.5531831967618, 1321.6220786745894]], '4576,', 0.7231816557879527), ([[607.7125353714373, 1317.4275212228624], [698.6379470309265, 1286.569935656555], [713.2874646285627, 1328.5724787771376], [621.3620529690735, 1359.430064343445]], '마평가', 0.9775252242335005), ([[645.9309852784941, 1347.448167612687], [783.8683002939628, 1290.8319954489098], [798.0690147215059, 1334.551832387313], [660.1316997060372, 1392.1680045510902]], '비린 마 -05', 0.5462709721659383), ([[1393.5137993254475, 1281.0197317030033], [1505.491285763862, 1375.5821950741206], [1472.4862006745525, 1415.9802682969967], [1360.508714236138, 1321.4178049258794]], '애새끼다', 0.379633367061615), ([[1223.086474619004, 1289.052329185335], [1346.76466773922, 1322.0738808708911], [1324.913525380996, 1391.947670814665], [1202.23533226078, 1357.9261191291089]], '나3때', 0.0831842004540675), ([[1354.1498374172081, 1366.0329026819845], [1423.511075392877, 1323.0118790531412], [1532.8501625827919, 1516.9670973180155], [1464.488924607123, 1559.9881209468588]], '%', 0.1411717846952607), ([[1386.2672065083736, 1472.0384618295502], [1461.9832482483125, 1529.5160124976417], [1422.7327934916264, 1580.9615381704498], [1347.0167517516875, 1523.4839875023583]], '이초', 0.2703456181793055), ([[1339.4420689671717, 1506.017310371464], [1490.6661814653078, 1618.5715645344467], [1441.5579310328283, 1684.982689628536], [1291.3338185346922, 1572.4284354655533]], '알계짐~7', 0.018370244081479612), ([[738.0604346124799, 1641.0339976522223], [1001.7762496191183, 1695.5984493197145], [973.9395653875201, 1804.9660023477777], [710.2237503808817, 1750.4015506802855]], '소로소', 0.048618264948075314), ([[1525.128167365529, 1689.5332351503755], [1609.437601569802, 1661.3435976452972], [1628.871832634471, 1730.4667648496245], [1544.562398430198, 1758.6564023547028]], '위해 ,', 0.6689429879188538), ([[1399.8230353014474, 1854.0533883159198], [1737.242120448176, 1664.8576146645742], [1778.1769646985526, 1769.9466116840802], [1440.757879551824, 1958.1423853354258]], '사용후 뒷처리 꼭!', 0.3398380777038853), ([[924.2647608449926, 1869.0300823089092], [1029.9365211385248, 1945.9329526998777], [983.7352391550074, 2008.9699176910908], [878.0634788614751, 1932.0670473001223]], '개발', 0.9968886219625439), ([[1015.202547777171, 1930.0318472146387], [1136.9962490621335, 2004.7261301626813], [1092.797452222829, 2074.9681527853613], [971.0037509378664, 2001.2738698373187]], '입고>', 0.015047035969798917), ([[874.2990109943638, 1934.0273407278569], [1011.9547753586, 2014.098890529952], [971.7009890056362, 2079.972659272143], [835.0452246414, 1999.901109470048]], '거부해로', 0.6995440721511841), ([[1654.7223933167184, 2072.30092391028], [1843.6615858181992, 1923.2780600890098], [1921.2776066832816, 2053.69907608972], [1732.3384141818008, 2202.72193991099]], '뜨군?', 0.006125304441575951), ([[1295.9147025601048, 2050.786756400262], [1524.1013811041732, 1956.5590575727974], [1553.0852974398952, 2046.2132435997378], [1323.8986188958268, 2140.4409424272026]], '1접다녀개', 0.00800054138616768), ([[1010.425944089434, 2015.020622843132], [1143.7496096381456, 2111.0141625302253], [1101.5740559105661, 2169.979377156868], [968.2503903618544, 2073.9858374697747]], '박아뀌다', 0.19371286034584045)]
[([[944, 1763], [1148, 1763], [1148, 1803], [944, 1803]], '포)굽--응7', 6.317298984345503e-05), ([[925, 1802], [1169, 1802], [1169, 1859], [925, 1859]], '호행너_기5(', 2.7227139330243092e-06)]
[([[892, 1110], [1107, 1110], [1107, 1152], [892, 1152]], '`아웬--형<', 4.505623204269085e-05), ([[872, 1151], [1121, 1151], [1121, 1211], [872, 1211]], '*6<기-*라명처];', 3.159430966215582e-05), ([[1295, 2506], [1994, 2506], [1994, 2783], [1295, 2783]], '04! (미0/ @|닮!', 2.9540882586976995e-05), ([[4, 2722], [305, 2722], [305, 2855], [4, 2855]], "@-0'", 0.020070984959602356)]
[([[696, 1302], [997, 1302], [997, 1366], [696, 1366]], '-기^--응대', 2.7654583728095313e-05), ([[671, 1364], [857, 1364], [857, 1443], [671, 1443]], '4스어드)', 0.0001421992590009932), ([[313, 1312], [1383, 1312], [1383, 1709], [313, 1709]], '걸9감 -트_', 0.0004446919907715076)]
[([[1125, 318], [1228, 318], [1228, 363], [1125, 363]], '주영', 0.9940633960974335), ([[301, 1020], [602, 1020], [602, 1083], [301, 1083]], '키아적^-아<', 1.2389700863733743e-05), ([[275, 1078], [632, 1078], [632, 1167], [275, 1167]], '히처+ *라명형5(', 3.4803561389009036e-05)]
[([[925, 1209], [1073, 1209], [1073, 1240], [925, 1240]], '기함두--아7', 2.9017258155670255e-05), ([[911, 1239], [1088, 1239], [1088, 1281], [911, 1281]], '히<아+라명형5{', 1.0451442194801248e-05)]
[([[802, 1029], [936, 1029], [936, 1116], [802, 1116]], '9즘', 0.0013950502744500383), ([[925, 1209], [1073, 1209], [1073, 1240], [925, 1240]], '(기두동--)7', 1.0804018807150024e-05), ([[911, 1239], [1088, 1239], [1088, 1281], [911, 1281]], '히<아+*라명형5{', 2.7715286735654312e-05), ([[673, 1291], [824, 1291], [824, 1387], [673, 1387]], "'예통~", 0.38888242840766907), ([[648, 1370], [871, 1370], [871, 1499], [648, 1499]], '(어쥐다', 0.06308145076036453), ([[332, 1677], [429, 1677], [429, 1765], [332, 1765]], '새', 0.018196165704360334), ([[510, 1722], [810, 1722], [810, 1871], [510, 1871]], '미용되다', 0.0150598818436265), ([[928, 1757], [1158, 1757], [1158, 1834], [928, 1834]], '정애보관소', 0.5357306048844146), ([[1267, 1712], [1809, 1712], [1809, 1844], [1267, 1844]], '사용하주 서>사합니다', 0.20116863881441996), ([[545, 1849], [925, 1849], [925, 1938], [545, 1938]], '어제들지사 ?가능', 0.3731528300658747), ([[441, 1922], [482, 1922], [482, 1960], [441, 1960]], '리', 0.5145831639266021), ([[1032.923076923077, 956.6153846153846], [1214.9703634757482, 880.6750812243328], [1236.076923076923, 947.3846153846154], [1055.0296365242518, 1023.3249187756672]], '(출좋아-', 0.21601993469161396), ([[1166.3002996330204, 1286.6408389724568], [1333.1141828986997, 1188.8557795585818], [1374.6997003669796, 1279.3591610275432], [1207.8858171013003, 1376.1442204414182]], '빌이이', 0.14440797611577083), ([[1117.6153846153845, 1359.076923076923], [1366.759441091231, 1291.042632786118], [1391.3846153846155, 1408.923076923077], [1142.240558908769, 1477.957367213882]], '마조처지', 0.08325935900211334), ([[215.84272251347997, 1727.2136125673999], [340.18981857380703, 1699.6749469145393], [356.15727748652, 1798.7863874326001], [230.810181426193, 1826.3250530854607]], '카사', 0.002256087843629841), ([[1229.7530495244557, 1879.0024396195647], [1431.9216145650803, 1832.9886097406923], [1445.2469504755443, 1896.9975603804353], [1242.0783854349197, 1943.0113902593077]], '(코동은서6!', 0.04065162719286894), ([[318.92865683198886, 1868.0720605567174], [426.3354802027309, 1885.8077076895522], [412.07134316801114, 1957.9279394432826], [303.6645197972691, 1939.1922923104478]], '7디', 0.001330019829467214), ([[1230.3431457505076, 1983.3431457505076], [1461.7934633370367, 1917.7752093675144], [1478.6568542494924, 1984.6568542494924], [1247.2065366629633, 2051.2247906324856]], '권걸레예지', 0.2058705300639773), ([[1105.878524802684, 2028.854229763221], [1238.87842755702, 1987.5737591781356], [1256.121475197316, 2053.145770236779], [1123.12157244298, 2094.4262408218647]], '~개발요', 0.3627437353134155)]
[([[883, 1096], [1032, 1096], [1032, 1126], [883, 1126]], '(아용웬--아7', 4.082908662995129e-05), ([[869, 1125], [1047, 1125], [1047, 1165], [869, 1165]], '감<아-하라명형5+', 1.7922523409116706e-05)]
[([[883, 1096], [1032, 1096], [1032, 1126], [883, 1126]], '(기함웬-아7', 5.2393532078767755e-05), ([[869, 1125], [1047, 1125], [1047, 1165], [869, 1165]], '"처+*라명형5+', 1.1213460993375926e-05)]
[([[830, 1305], [1131, 1305], [1131, 1367], [830, 1367]], '(기김웬--;아', 1.678999227185035e-05), ([[804, 1364], [1162, 1364], [1162, 1450], [804, 1450]], '군,아- *라오어5+', 2.650211042550035e-06)]
[([[327, 620], [603, 620], [603, 682], [327, 682]], '식적굽--아7', 3.0861905347748276e-06), ([[302, 675], [631, 675], [631, 756], [302, 756]], "히,처+ {2형안}'", 2.1774911520778916e-05), ([[1722, 1685], [1835, 1685], [1835, 1740], [1722, 1740]], '[동', 0.047574199883713086), ([[951.177065442567, 852.022591054719], [1145.9905274989073, 953.4670034667055], [1085.822934557433, 1063.977408945281], [891.0094725010927, 962.5329965332945]], '하소', 0.21169852216449492), ([[1629.1758233473015, 977.0109578585406], [1841.632443973967, 1112.1179483220426], [1649.8241766526985, 1414.9890421414593], [1437.367556026033, 1279.8820516779574]], '0', 0.7770213487137632)]
[([[329, 623], [602, 623], [602, 679], [329, 679]], '밥기굽굽하5형7', 6.380353545478916e-06), ([[302, 675], [631, 675], [631, 756], [302, 756]], "히,처+ {2형안}'", 1.4648839019589859e-05), ([[1724, 1685], [1837, 1685], [1837, 1740], [1724, 1740]], '[통', 0.03276952370865984), ([[952.1874186989356, 858.0236016216924], [1139.974712881014, 950.1589293173464], [1083.8125813010645, 1057.9763983783077], [896.025287118986, 964.8410706826536]], '뜨간', 0.018818387843832347), ([[1632.1844928552648, 973.0107285000618], [1842.8274871244705, 1112.599298877328], [1640.8155071447352, 1414.9892714999382], [1431.1725128755295, 1275.400701122672]], '0', 0.71950425193792)]
[([[250, 286], [510, 286], [510, 339], [250, 339]], '키기어굽--0>', 9.269112220738104e-06), ([[225, 338], [544, 338], [544, 411], [225, 411]], '괜<아+마03', 2.846345646215464e-06)]
[([[882, 34], [946, 34], [946, 66], [882, 66]], '나판', 0.004190740160388086), ([[302, 252], [478, 252], [478, 302], [302, 302]], '-}리,머', 0.00033073948623232863)]
[([[763, 1344], [1067, 1344], [1067, 1410], [763, 1410]], '---:형7', 0.00035637764660514877), ([[740, 1409], [1095, 1409], [1095, 1490], [740, 1490]], '씀)더형+ 큰라명어5(', 6.052638243165779e-07)]
[]
[]
[([[412, 134], [462, 134], [462, 186], [412, 186]], '좀', 0.2615384789808104)]
[([[328, 173], [491, 173], [491, 275], [328, 275]], '하~원)', 0.5588364601135254), ([[912, 489], [1035, 489], [1035, 684], [912, 684]], ';무', 0.027284659860581165), ([[1019, 643], [1055, 643], [1055, 687], [1019, 687]], '0', 0.9994448002123733)]
[([[608, 54], [686, 54], [686, 102], [608, 102]], "'아응", 0.25930554189449734), ([[264, 156], [352, 156], [352, 204], [264, 204]], '하원', 0.3887539985083101), ([[661, 365], [713, 365], [713, 403], [661, 403]], '류름', 0.2181179805775369), ([[664, 392], [740, 392], [740, 448], [664, 448]], '@품', 0.01995213338218792), ([[863, 979], [907, 979], [907, 1151], [863, 1151]], '!', 0.40926260307836415), ([[895.4145714558118, 1023.0286288492802], [943.3964648242578, 1015.1647719843513], [960.5854285441882, 1136.97137115072], [912.6035351757422, 1143.8352280156487]], '봄', 0.32109421884712575)]
[([[296, 54], [344, 54], [344, 104], [296, 104]], '하', 0.9985215172267239), ([[381, 35], [443, 35], [443, 105], [381, 105]], '', 0.0), ([[744, 30], [794, 30], [794, 82], [744, 82]], '하', 0.9973587571892928), ([[745, 85], [793, 85], [793, 129], [745, 129]], '아', 0.9998773374028112), ([[309, 105], [355, 105], [355, 147], [309, 147]], '아', 0.9998231012382917), ([[859, 191], [909, 191], [909, 235], [859, 235]], '하', 0.9992976230333603), ([[380, 150], [482, 150], [482, 324], [380, 324]], '육', 0.14297174078056063), ([[482, 314], [532, 314], [532, 454], [482, 454]], '톱', 0.006259658862557471), ([[532, 358], [564, 358], [564, 424], [532, 424]], '숨', 0.007420375458139228), ([[1082, 608], [1114, 608], [1114, 646], [1082, 646]], '0', 0.9758547087041656), ([[981, 641], [1121, 641], [1121, 797], [981, 797]], '{별', 0.14109120766173044), ([[1022, 730], [1076, 730], [1076, 800], [1022, 800]], '불', 0.16534755252564892), ([[985.069475506284, 553.0433879172384], [1101.8253348175645, 602.139141133037], [1067.9305244937161, 679.9566120827616], [950.1746651824355, 630.860858866963]], "북빛 '", 0.021434757858514786)]
[([[699, 25], [743, 25], [743, 105], [699, 105]], '하', 0.9713966576686381), ([[307.11428862648387, 154.06573379744182], [351.5012420892884, 143.1908458284059], [369.88571137351613, 232.93426620255818], [325.4987579107116, 243.8091541715941]], '하', 0.5441434051762286)]
[]
[]
[]
[([[689, 1346], [990, 1346], [990, 1409], [689, 1409]], '--5형7', 0.00014500952302954712), ([[664, 1409], [1020, 1409], [1020, 1490], [664, 1490]], '디어겉기국<]명어5(', 9.70071620169208e-07)]
[]
[]
[]
[([[600, 0], [830, 0], [830, 110], [600, 110]], '17', 0.4503108723611545), ([[646, 88], [822, 88], [822, 256], [646, 256]], '사3', 0.5481939817737852), ([[694, 256], [978, 256], [978, 400], [694, 400]], '5댁뜨', 0.021392232853919058), ([[729, 391], [943, 391], [943, 507], [729, 507]], '태주', 0.011569365520735512)]
[]
[]
[]
[]
[([[1122, 1148], [1598, 1148], [1598, 1270], [1122, 1270]], '@아드*아7 6`', 0.00035102201802104493)]
[]
[([[683, 1345], [983, 1345], [983, 1409], [683, 1409]], '포제디굽$ 1%0', 9.847729643672856e-07), ([[652, 1399], [1017, 1399], [1017, 1495], [652, 1495]], '뒤6아+<라}5', 8.932424548957446e-05)]
[]
[([[717, 663], [955, 663], [955, 821], [717, 821]], '#', 0.016743804673879703)]
[]
[([[1284, 1652], [1392, 1652], [1392, 1712], [1284, 1712]], '물,', 0.0008970678476717249)]
[]
[]
[]
[]
[([[679.2835292687641, 611.6551763418878], [749.9408584883753, 582.9563195784841], [767.7164707312359, 627.3448236581122], [696.0591415116247, 657.0436804215159]], "'0)", 0.13415383254225993), ([[604.7125353714373, 651.4275212228624], [684.2680993517305, 620.2158849611542], [700.2874646285627, 662.5724787771376], [620.7319006482695, 693.7841150388458]], '램:', 0.0003730655936933967)]
[([[0, 942], [608, 942], [608, 1494], [0, 1494]], '우', 0.0017187728267364921)]
[]
[([[301, 848], [548, 848], [548, 900], [301, 900]], '(아하웬오-아7', 3.474322613349896e-05), ([[275, 896], [575, 896], [575, 970], [275, 970]], '히,기라명형-테', 1.7197492219661465e-05)]
[([[1953.2145699273442, 410.88582797093767], [1995.364331469646, 384.32818420527656], [2010.7854300726558, 409.11417202906233], [1968.635668530354, 436.67181579472344]], "1'", 0.46181304693990755)]
[([[923, 479], [1201, 479], [1201, 535], [923, 535]], '식함웬도째형그', 9.889112667255411e-06), ([[891, 536], [1232, 536], [1232, 615], [891, 615]], '예누형-하라/어5다', 1.0385794047504972e-06)]
[([[1464, 1133], [1600, 1133], [1600, 1182], [1464, 1182]], '@아하하]아마', 9.416752306492743e-05), ([[1481, 1163], [1572, 1163], [1572, 1199], [1481, 1199]], '9히하흰', 0.0011148876510560513)]
[([[1101, 551], [1315, 551], [1315, 661], [1101, 661]], '@@떤안아', 0.0008245322579497605)]
[([[799, 551], [915, 551], [915, 591], [799, 591]], '259하0/', 0.0009069248966018813), ([[802, 596], [940, 596], [940, 650], [802, 650]], '~ 55', 0.022488420829176903), ([[835.6292136193923, 866.1325845149062], [946.2642882110689, 823.7001870139844], [971.3707863806077, 899.8674154850938], [860.7357117889311, 942.2998129860156]], '뜻7', 0.03611451244769443)]
[([[143, 1177], [505, 1177], [505, 1375], [143, 1375]], '@쑤]뭐7', 0.00014468532841007342)]
[([[152, 1189], [492, 1189], [492, 1310], [152, 1310]], '@|@어7', 0.0031538620174411222), ([[193, 1258], [424, 1258], [424, 1360], [193, 1360]], '@진|하', 0.002402265090495348)]
[([[651, 1360], [976, 1360], [976, 1422], [651, 1422]], '식거어', 0.0009628142838860577), ([[623, 1424], [1011, 1424], [1011, 1514], [623, 1514]], '회형<기+라명어8', 1.3380553438787443e-05)]
[([[1090, 1248], [1404, 1248], [1404, 1310], [1090, 1310]], '(가굽굽-째)', 1.8332678490989137e-05), ([[1062, 1319], [1441, 1319], [1441, 1400], [1062, 1400]], '옛어,기+ *라명형(', 2.838173453401566e-05)]
[([[1090, 1246], [1404, 1246], [1404, 1312], [1090, 1312]], '다굽굽-들망', 9.24932527792019e-06), ([[1062, 1319], [1441, 1319], [1441, 1400], [1062, 1400]], '깨어,어+ *라명형(', 3.322638847311065e-05), ([[1425.2599556283028, 1781.2578535733992], [1460.6152956244252, 1749.0316324430744], [1526.7400443716972, 1825.7421464266008], [1491.3847043755748, 1857.9683675569256]], '5', 0.999126744262643)]
[([[222, 229], [818, 229], [818, 313], [222, 313]], '패도관 보백@물인하예', 0.04107777662984006), ([[1944, 201], [2019, 201], [2019, 318], [1944, 318]], '항', 0.775264643224105), ([[2240, 202], [2324, 202], [2324, 337], [2240, 337]], '항', 0.5230316364895913), ([[300, 306], [739, 306], [739, 386], [300, 386]], '8--가 회재록', 0.028929440428692638), ([[245, 382], [796, 382], [796, 466], [245, 466]], '센소되기까제  5분잡', 0.046380914124108136), ([[2085, 537], [2173, 537], [2173, 675], [2085, 675]], '항', 0.24458037029501245), ([[2004, 798], [2072, 798], [2072, 916], [2004, 916]], '항', 0.5863021969815332), ([[1186, 1283], [1491, 1283], [1491, 1338], [1186, 1338]], '(아어에--에@교', 2.312831995085797e-06), ([[1156, 1338], [1502, 1338], [1502, 1422], [1156, 1422]], '갈]어 ', 1.4655475752078928e-05)]
[([[251, 71], [393, 71], [393, 133], [251, 133]], '씨익스', 0.1376931504491124), ([[1359, 281], [1401, 281], [1401, 367], [1359, 367]], '음', 0.1579545156930786), ([[1272, 503], [1324, 503], [1324, 639], [1272, 639]], '흙', 0.5052580666671389), ([[1234, 662], [1284, 662], [1284, 734], [1234, 734]], '텔', 0.04220221999738616), ([[923, 891], [1125, 891], [1125, 933], [923, 933]], '(-"거--골(', 1.0610242081469672e-05), ([[903, 931], [1174, 931], [1174, 995], [903, 995]], '굴@마처* 마애오-5터', 7.186142200408923e-06), ([[81, 1235], [121, 1235], [121, 1281], [81, 1281]], '땀', 0.06162632027164605), ([[864, 1390], [892, 1390], [892, 1416], [864, 1416]], '9', 0.4661173490153523), ([[815, 1387], [881, 1387], [881, 1467], [815, 1467]], "원'", 0.9023705244748854), ([[847, 1567], [887, 1567], [887, 1623], [847, 1623]], '0', 0.8222080356174502), ([[1327, 1441], [1463, 1441], [1463, 1625], [1327, 1625]], ':', 0.030279773494990003), ([[1018, 1794], [1090, 1794], [1090, 1882], [1018, 1882]], "때'", 0.38756976943086785), ([[1254, 1812], [1306, 1812], [1306, 1868], [1254, 1868]], '팬', 0.22281272782042638), ([[1474, 1634], [1774, 1634], [1774, 1979], [1474, 1979]], '든', 0.011176716503025708), ([[670, 1754], [964, 1754], [964, 2077], [670, 2077]], '평', 0.752380778981788), ([[1119.4654469694149, 34.02865681555857], [1158.3798889307946, 30.194179930680868], [1165.5345530305851, 136.97134318444142], [1126.6201110692054, 140.80582006931914]], '흙', 0.20222354793895647), ([[606.2619071887366, 631.0547781645348], [644.47404546314, 612.0225226370302], [687.7380928112634, 707.9452218354652], [649.52595453686, 726.9774773629698]], '양', 0.7640189763914442), ([[750.6102768361637, 777.1631627118878], [791.6152956244254, 749.0316324430743], [841.3897231638363, 830.8368372881122], [801.3847043755746, 857.9683675569257]], '올', 0.40346725754085355), ([[1867.600279916028, 1132.1413715885371], [1913.639516134592, 1102.0292741329474], [1969.399720083972, 1194.8586284114629], [1922.360483865408, 1224.9707258670526]], '올', 0.8331222569106309), ([[894.203970247832, 1393.0397024783201], [991.9709385845658, 1445.3187231979005], [956.796029752168, 1508.9602975216799], [859.0290614154342, 1456.6812768020995]], '전용', 0.38901186310763325), ([[848.0387787751367, 1468.0420780365585], [1032.7380576620235, 1512.6137649639948], [1006.9612212248633, 1603.9579219634415], [822.2619423379765, 1559.3862350360052]], '육변기 ?', 0.41843296146378495)]
[([[785, 1298], [1043, 1298], [1043, 1351], [785, 1351]], '키아악적--형7', 3.6940228180174634e-05), ([[763, 1348], [1070, 1348], [1070, 1423], [763, 1423]], '군,처+ *라명형도(', 2.1308826254634563e-05)]
[([[245, 131], [316, 131], [316, 181], [245, 181]], '@', 0.4725367651406174), ([[895, 1210], [959, 1210], [959, 1283], [895, 1283]], '팩', 0.04871210574876628), ([[785, 1298], [1043, 1298], [1043, 1351], [785, 1351]], '키아굽--형7', 7.027450128161642e-05), ([[763, 1348], [1070, 1348], [1070, 1423], [763, 1423]], '군6,처+*라명형도(', 5.979567155268877e-06), ([[803, 1469], [852, 1469], [852, 1543], [803, 1543]], '@부', 0.1821334239189434), ([[851.8461255241468, 1156.3999263627816], [888.662589156449, 1124.0366975919583], [943.1538744758532, 1193.6000736372184], [906.337410843551, 1225.9633024080417]], '@', 0.06221502794673839)]
[([[1090, 73], [1152, 73], [1152, 158], [1090, 158]], '엉', 0.26958240854998294), ([[978, 123], [1093, 123], [1093, 216], [978, 216]], '응응', 0.02189295366434812), ([[1392, 519], [1458, 519], [1458, 581], [1392, 581]], '올', 0.1015879178903214), ([[46, 980], [113, 980], [113, 1044], [46, 1044]], '월', 0.9301743832100016), ([[844, 1298], [1041, 1298], [1041, 1354], [844, 1354]], '7볶--형7', 0.0014317430967577768), ([[768, 1365], [806, 1365], [806, 1404], [768, 1404]], '회', 0.07758877371792838), ([[907, 1355], [1066, 1355], [1066, 1420], [907, 1420]], "''라명처하껑", 7.289063316336088e-05), ([[1547, 1383], [1613, 1383], [1613, 1445], [1547, 1445]], '올필', 0.1170684142340379), ([[829.4649861003862, 1364.2414569111972], [916.2677786526099, 1358.3949922510044], [916.5350138996138, 1404.7585430888028], [830.7322213473901, 1410.6050077489956]], '찬어>', 0.0011177311254057037), ([[689.6554922969639, 1416.0074212895618], [752.0952793197033, 1409.0753319809703], [778.3445077030361, 1663.9925787104382], [715.9047206802967, 1670.9246680190297]], '"', 0.0463435521147062), ([[1002.3225418717343, 1458.0383684712617], [1049.640852406745, 1451.228726017656], [1063.6774581282657, 1557.9616315287383], [1017.3591475932552, 1564.771273982344]], '리', 0.1935402333617029)]
[([[785, 1298], [1041, 1298], [1041, 1351], [785, 1351]], '밥기^--;형7', 3.4609453158031e-05), ([[763, 1348], [1070, 1348], [1070, 1422], [763, 1422]], '히"몸-*라명어째(', 5.681788736833628e-07), ([[252, 1777], [317, 1777], [317, 1808], [252, 1808]], '쇼기', 0.17295351156922587), ([[1536.4133484557115, 1295.0215389976772], [1644.4388343877413, 1396.0565763213974], [1598.5866515442885, 1446.9784610023228], [1490.5611656122587, 1346.9434236786026]], '밖 % ;', 0.03259795021657916), ([[42.400189285389914, 1649.0225174956859], [153.58403181894963, 1744.453932175067], [108.59981071461009, 1797.9774825043141], [-1.584031818949633, 1702.546067824933]], '뱃박', 0.030614858802417575)]
[([[785, 1298], [1041, 1298], [1041, 1351], [785, 1351]], '키아적^--아7', 3.2565256287518366e-05), ([[763, 1348], [1070, 1348], [1070, 1423], [763, 1423]], '히,처+ <라명형5(', 1.255330799354668e-05)]
[]
[]
[([[781, 1253], [1041, 1253], [1041, 1309], [781, 1309]], '키기악굽도째어7', 1.037420179150496e-05), ([[756, 1305], [1070, 1305], [1070, 1382], [756, 1382]], '회@,아+*라명--히', 4.7741063903354295e-06)]
[([[781, 1138], [1087, 1138], [1087, 1207], [781, 1207]], '포어함_-_=', 9.790381328473852e-05), ([[755, 1201], [1123, 1201], [1123, 1289], [755, 1289]], '치,왕칭라명형5터', 3.8074049373145505e-06)]
[([[1279, 400], [1577, 400], [1577, 511], [1279, 511]], '@명$어|@.', 0.0004639965367677542), ([[1626, 415], [1741, 415], [1741, 484], [1626, 484]], '권;7', 0.06685331344049442), ([[818, 1162], [1116, 1162], [1116, 1222], [818, 1222]], '(-5;형<', 0.0003179312772410358), ([[795, 1222], [1146, 1222], [1146, 1303], [795, 1303]], '~--형- 가.명형-변', 9.969773028252317e-06)]
[([[848, 328], [1104, 328], [1104, 381], [848, 381]], '디어김굽;--;아7', 3.6764941612601956e-06), ([[824, 381], [1133, 381], [1133, 455], [824, 455]], '히처<응+ *라명형도껑', 2.910292156975225e-06)]
[([[814, 1016], [1103, 1016], [1103, 1076], [814, 1076]], '포`쪽쪽-째아7', 5.3580193807541e-06), ([[788, 1076], [1133, 1076], [1133, 1155], [788, 1155]], '지,처+ *라명형컨껑', 1.179331749745085e-05), ([[121, 1882], [405, 1882], [405, 2054], [121, 2054]], '펴', 0.141332045084952)]
[([[1126, 1234], [1409, 1234], [1409, 1296], [1126, 1296]], '어김적--형7', 4.824301743674483e-06), ([[1103, 1292], [1437, 1292], [1437, 1373], [1103, 1373]], '색기<몸+<라명형5(', 3.4963519460844323e-06)]
[([[1122, 1195], [1457, 1195], [1457, 1270], [1122, 1270]], ']악--;|마 _', 6.8953292679844e-05), ([[1094, 1258], [1488, 1258], [1488, 1357], [1094, 1357]], '히,형+*라명형5따', 2.511198166113631e-06)]
[]
[]
[([[1727, 3313], [2216, 3313], [2216, 3423], [1727, 3423]], '키아함굽--;형7', 1.4368445691817752e-05), ([[1683, 3406], [2270, 3406], [2270, 3557], [1683, 3557]], '군<* *애명형도(', 4.377389313143015e-06)]
[([[1216, 624], [1443, 624], [1443, 669], [1216, 669]], '키기어굽:형', 1.6021789199433134e-05), ([[1192, 665], [1467, 665], [1467, 733], [1192, 733]], '굴,아펼칭라명)5*', 1.073354538184839e-06)]
[([[325, 1176], [500, 1176], [500, 1213], [325, 1213]], '밥반소--;형7', 8.032464095376993e-05), ([[311, 1208], [517, 1208], [517, 1260], [311, 1260]], '씀<형+할라형5*', 1.083155448194509e-06)]
[([[1384, 664], [1554, 664], [1554, 692], [1384, 692]], '(--어7', 0.03780626865445677), ([[1368, 693], [1576, 693], [1576, 744], [1368, 744]], '성,형+칭형쉽형', 5.443402731670344e-07)]
[([[853, 1323], [1149, 1323], [1149, 1378], [853, 1378]], "' 오", 0.14759632577292384), ([[825, 1381], [1182, 1381], [1182, 1465], [825, 1465]], "'", 0.5621907838076687)]
[([[1434.0863768078796, 136.0464927172186], [1496.4884526490405, 173.00769823397295], [1420.9136231921204, 300.9535072827814], [1358.5115473509595, 264.9923017660271]], '8', 0.9994687547705929)]
[([[803, 155], [841, 155], [841, 201], [803, 201]], '탁', 0.9877701523474549), ([[812, 198], [840, 198], [840, 226], [812, 226]], '6', 0.3444841390708895), ([[754, 270], [786, 270], [786, 342], [754, 342]], ' ', 0.007916479893674888), ([[768, 192], [818, 192], [818, 322], [768, 322]], '#', 0.20168943380441817), ([[535, 377], [577, 377], [577, 417], [535, 417]], '6', 0.15749793331940598), ([[643, 361], [689, 361], [689, 399], [643, 399]], '8', 0.9853286446625056), ([[950, 352], [1200, 352], [1200, 424], [950, 424]], ':하4-8', 0.03163049375427976), ([[422, 350], [518, 350], [518, 532], [422, 532]], '', 0.0), ([[481, 645], [541, 645], [541, 717], [481, 717]], '뺨', 0.016039223695713867), ([[521, 677], [587, 677], [587, 753], [521, 753]], '손리', 0.019079178014300816), ([[879, 725], [919, 725], [919, 775], [879, 775]], '숲', 0.032392578645389136), ([[1371, 821], [1443, 821], [1443, 863], [1371, 863]], '사지출', 0.07023942643686817), ([[605, 831], [779, 831], [779, 921], [605, 921]], '챔지 ', 0.005380693241125508), ([[794, 1032], [868, 1032], [868, 1084], [794, 1084]], '긋물이', 0.1343720620710359), ([[1369, 993], [1433, 993], [1433, 1065], [1369, 1065]], '꽃)', 0.02375667580845765), ([[1435.032663413179, 135.05213657190737], [1498.570606278389, 172.13318167817852], [1420.967336586821, 300.94786342809266], [1357.429393721611, 262.8668183218215]], '8', 0.9979145681966237), ([[542.4631409291272, 175.0144212817673], [703.3729343251543, 311.5145872358723], [646.5368590708728, 380.9855787182327], [485.6270656748457, 244.48541276412772]], '  ', 0.2754886661631394), ([[902.4138307255206, 336.02458563369487], [999.6669690303953, 419.86656991027354], [958.5861692744794, 468.97541436630513], [861.3330309696047, 384.13343008972646]], '씨받이', 0.8923157294345818), ([[573.1317568578755, 373.05405486300435], [619.5582165559803, 351.02229305024713], [670.8682431421245, 466.94594513699565], [624.4417834440197, 489.97770694975287]], '둘', 0.02758517422598339), ([[833.4933415398829, 357.02143017061843], [930.4621988647756, 446.5171823341929], [895.5066584601171, 486.97856982938157], [798.5378011352244, 396.4828176658071]], '섞0남79', 0.08615190299394597), ([[546.0136060761679, 423.08163645700716], [585.5797981043564, 402.0280795251289], [632.9863939238321, 494.91836354299284], [593.4202018956436, 516.9719204748711]], '봄', 0.32796865913775264), ([[1184.1996125582295, 482.03566065216984], [1244.5163892793291, 451.0148265396714], [1319.8003874417705, 611.9643393478301], [1259.4836107206709, 642.9851734603286]], '흙', 0.0567703630285854), ([[1120.0759931346036, 515.0535409575899], [1163.4697761756117, 473.01380501460005], [1291.9240068653964, 616.9464590424101], [1248.5302238243883, 658.9861949854]], '총', 0.05919944647519437), ([[471.9919929875355, 582.144751613995], [552.7436296056555, 522.019763413676], [652.0080070124645, 678.855248386005], [571.2563703943445, 737.980236586324]], '품', 0.028860870895366597), ([[1270.7095603064831, 644.2963291646362], [1318.700989005636, 599.0273407278568], [1403.2904396935169, 699.7036708353638], [1355.299010994364, 744.9726592721432]], '도', 0.08350634415457137), ([[786.1644588494623, 651.0703072118276], [824.5127463536878, 632.0263603692285], [863.8355411505377, 719.9296927881724], [825.4872536463122, 738.9736396307715]], '표', 0.7196333849152303), ([[655.802230976821, 682.3078084188734], [698.7052085783768, 643.031143064342], [771.197769023179, 732.6921915811266], [727.2947914216232, 771.968856935658]], '올', 0.396419562715554), ([[1067.9696913521816, 655.0666234117981], [1193.6758933642166, 680.7459678216189], [1178.0303086478184, 747.9333765882019], [1052.3241066357834, 722.2540321783811]], '빨아쥐', 0.37072205035993694), ([[1283.4416853037703, 653.026032750343], [1384.7062044123857, 730.1454835659747], [1353.5583146962297, 771.973967249657], [1253.2937955876143, 694.8545164340253]], '씨악히고', 0.023069165647029877), ([[395.13942556608663, 695.0620364059979], [512.9116287486845, 723.9740148452696], [497.86057443391337, 775.9379635940021], [380.0883712513155, 747.0259851547304]], '불민남의', 0.02496453747153282), ([[704.336336351604, 701.0315316918424], [786.7490418402672, 773.1424655485503], [747.663663648396, 819.9684683081576], [664.2509581597328, 746.8575344514497]], '예?', 0.008813172474571055), ([[827.402977685874, 727.0297768587401], [867.4601789933084, 712.0176730869905], [912.597022314126, 838.9702231412599], [872.5398210066916, 853.9823269130095]], '올', 0.49494366115722244), ([[1300.3026573907705, 720.0488674744709], [1373.9915708493957, 762.709792392477], [1351.6973426092295, 800.9511325255291], [1278.0084291506043, 758.290207607523]], '짝머뇨', 0.012817918026104583), ([[404.04460536705227, 748.0765532757241], [507.8610357154057, 771.7161540813873], [494.95539463294773, 821.9234467242759], [391.1389642845943, 797.2838459186127]], '자지구멍', 0.9192861914634705), ([[1406.3729298231972, 753.0494578861421], [1440.2460056733491, 757.690096902433], [1431.6270701768028, 823.9505421138579], [1397.7539943266509, 820.309903097567]], '방', 0.7387698457735183), ([[1056.037927696395, 775.0934312516142], [1091.5582847259084, 756.031265939415], [1130.962072303605, 835.9065687483858], [1096.4417152740916, 854.968734060585]], '겨', 0.035803383694521296), ([[1256.520923829201, 758.4536894864835], [1306.6909334026468, 792.9240612116178], [1197.479076170799, 940.5463105135165], [1147.3090665973532, 907.0759387883822]], '@', 0.024640907702498716), ([[1269.3005628453516, 838.1825890886176], [1316.6135719910778, 796.0235641159874], [1399.6994371546484, 899.8174109113824], [1352.3864280089222, 941.9764358840126]], '숲', 0.17255960991855446), ([[812.7440701699633, 914.1393263059339], [1011.061640158197, 823.6164441933382], [1064.2559298300368, 961.8606736940661], [866.938359841803, 1052.3835558066617]], '소{', 0.053677655862293575), ([[426.0293498376011, 958.0790340093668], [505.8042333402815, 981.4798436489739], [489.9706501623989, 1030.9209659906332], [410.1957666597185, 1006.5201563510261]], '방문개통', 0.3718094527721405), ([[625.2352580695382, 942.0104453450972], [1004.9595481057708, 1163.495450326147], [882.7647419304618, 1363.9895546549028], [503.04045189422925, 1142.504549673853]], '캠독', 0.0016523917508690785), ([[871.2435857346211, 1024.0409887585138], [926.9148613824266, 1048.2564168465656], [891.7564142653789, 1129.9590112414862], [836.0851386175734, 1105.7435831534344]], '중', 0.17545387620136044)]
[([[803, 155], [841, 155], [841, 201], [803, 201]], '탁', 0.9781544097453576), ([[812, 196], [838, 196], [838, 224], [812, 224]], '6', 0.1404628178460463), ([[754, 270], [786, 270], [786, 342], [754, 342]], ' ', 0.0077093221001037215), ([[768, 192], [818, 192], [818, 320], [768, 320]], '#', 0.25295164046315577), ([[535, 377], [575, 377], [575, 419], [535, 419]], '(', 0.18463283311874434), ([[647, 363], [687, 363], [687, 399], [647, 399]], '3', 0.6257233525471726), ([[952, 365], [1136, 365], [1136, 420], [952, 420]], ':3이-', 0.05228026583790779), ([[422, 344], [518, 344], [518, 532], [422, 532]], '_', 0.0262765942800558), ([[1133, 493], [1201, 493], [1201, 557], [1133, 557]], '종', 0.1161958670511467), ([[473, 641], [585, 641], [585, 751], [473, 751]], '@정', 0.006117353600613797), ([[1061, 665], [1147, 665], [1147, 729], [1061, 729]], '빨0', 0.1560940071727443), ([[452, 718], [504, 718], [504, 772], [452, 772]], "'약", 0.04020815811210264), ([[448, 766], [502, 766], [502, 814], [448, 814]], '구멍', 0.9505921784849356), ([[1399, 755], [1440, 755], [1440, 830], [1399, 830]], '방', 0.8907070844600185), ([[607, 866], [746, 866], [746, 918], [607, 918]], '표?세', 0.040201902000280725), ([[955, 857], [1023, 857], [1023, 977], [955, 977]], '손', 0.010197944249146218), ([[792, 1032], [864, 1032], [864, 1086], [792, 1086]], '곳물이', 0.07226896782998148), ([[1376, 990], [1432, 990], [1432, 1064], [1376, 1064]], '찢', 0.013172338214225088), ([[849, 1067], [885, 1067], [885, 1111], [849, 1111]], '@', 0.99365326697367), ([[1433.1034284347472, 148.05039878809131], [1488.6287117495312, 180.52114070977612], [1419.8965715652528, 296.94960121190866], [1364.3712882504688, 264.4788592902239]], '8', 0.9988547268279859), ([[540.46024741985, 175.01457726722492], [700.3515944528986, 311.45772937390205], [644.53975258015, 379.9854227327751], [483.6484055471014, 243.54227062609795]], '묘못  ', 0.0019974173046648502), ([[902.4088984631967, 337.0250018657215], [999.635455627043, 421.77048690931355], [958.5911015368033, 468.9749981342785], [861.364544372957, 384.22951309068645]], '씨받이', 0.6285069584846497), ([[573.2648405679842, 373.0452086006714], [617.4862006745526, 352.01973170300323], [668.7351594320158, 465.9547913993286], [624.5137993254474, 486.98026829699677]], '통', 0.8961911906002484), ([[803.9805585009541, 386.0872393055339], [836.4982728791224, 355.02072545053073], [926.0194414990459, 455.9127606944661], [893.5017271208776, 486.97927454946927]], '홀', 0.036063474266839535), ([[549.2161622789964, 422.06182235767767], [585.4926407250642, 403.0243286768509], [628.7838377210036, 494.93817764232233], [591.5073592749358, 513.9756713231491]], '#', 0.39713089065571694), ([[1187.2135462705664, 482.034427484457], [1247.5223736935413, 453.01517247108796], [1318.7864537294336, 613.965572515543], [1259.4776263064587, 642.9848275289121]], '봄', 0.13868865269760366), ([[472.63283961763, 589.217333935202], [546.7291872667377, 527.02046665207], [650.36716038237, 668.782666064798], [576.2708127332623, 730.97953334793]], '꿀', 0.06100787810340713), ([[787.2038378058769, 651.0637943964367], [824.5127463536878, 634.0263603692285], [862.7961621941231, 722.9362056035633], [825.4872536463122, 740.9736396307715]], '표', 0.07647872936868882), ([[1280.5121428798432, 658.0238573744001], [1384.784792044643, 730.5488745438378], [1357.4878571201568, 769.9761426255999], [1253.215207955357, 696.4511254561622]], '비닥히고', 0.15979431569576263), ([[870.6107425767057, 731.2490049571052], [898.6575959492214, 714.0544243046714], [927.3892574232943, 765.7509950428948], [898.3424040507786, 781.9455756953286]], '#', 0.01968121498632147), ([[830.492431559933, 729.0258292873436], [866.3987261114145, 716.0159236073193], [910.507568440067, 836.9741707126564], [875.6012738885855, 850.9840763926807]], '?', 0.022115660556266903), ([[1302.4180240380206, 724.0425634585406], [1371.9644880898375, 766.468178426973], [1351.5819759619794, 799.9574365414594], [1282.0355119101625, 756.531821573027]], "'어표", 0.02259275311916651), ([[1059.0557630317494, 775.0899677650967], [1091.5775042908729, 758.0334630984937], [1129.9442369682506, 836.9100322349033], [1097.4224957091271, 853.9665369015063]], '7', 0.024981912950753582), ([[1255.4609912641147, 760.4767006324178], [1304.75111679514, 795.009429162556], [1195.5390087358853, 940.5232993675822], [1146.24888320486, 904.990570837444]], '$', 0.07744175982429624), ([[1272.368365967104, 837.1681566420991], [1319.6135719910778, 796.0235641159874], [1399.631634032896, 900.8318433579009], [1352.3864280089222, 941.9764358840126]], '굶', 0.004454083232358963), ([[829.8711994204448, 906.1627962328913], [955.180266161831, 878.6385192196791], [973.1288005795552, 998.8372037671087], [848.819733838169, 1026.361480780321]], '소썹', 0.06353563579993309), ([[429.1911248646676, 961.0658616744723], [503.91838703353613, 988.1002950548409], [486.8088751353324, 1031.9341383255276], [412.08161296646387, 1004.8997049451591]], '방{개통', 0.22915440797805786), ([[610.2038861221039, 964.0117395393215], [999.999930898486, 1159.9389141834877], [893.7961138778961, 1356.9882604606785], [504.000069101514, 1161.0610858165123]], '#동', 0.012524473131731887)]
[]
[]
[([[430, 1040], [536, 1040], [536, 1097], [430, 1097]], '포포', 0.022964791143453272), ([[368, 1101], [428, 1101], [428, 1141], [368, 1141]], '쏘', 0.03666907429382271), ([[44, 2677], [297, 2677], [297, 2873], [44, 2873]], '문구', 0.01967584545742786), ([[424.3183180150092, 1007.2912904420258], [560.608865118148, 998.0613503868108], [561.6816819849907, 1044.708709557974], [425.391134881852, 1054.9386496131892]], '프포또', 0.12944635770815657), ([[426.25995562830275, 1087.2578535733992], [536.2094588527467, 1078.023166369859], [538.7400443716972, 1131.7421464266008], [427.79054114725324, 1139.976833630141]], ':-', 0.08831653308395307)]
[]
[([[1307, 601], [1360, 601], [1360, 683], [1307, 683]], '0', 0.18777749710623315), ([[1303, 684], [1358, 684], [1358, 760], [1303, 760]], '{', 0.2493214747114516), ([[430, 1040], [536, 1040], [536, 1097], [430, 1097]], '준포', 0.030607830162077982), ([[368, 1101], [428, 1101], [428, 1141], [368, 1141]], '소', 0.0708150571206625), ([[1140, 1347], [1385, 1347], [1385, 1398], [1140, 1398]], '포아김하 {%', 9.933598155523276e-05), ([[1117, 1392], [1410, 1392], [1410, 1460], [1117, 1460]], '위@<응-7 !렁격', 1.311344359710683e-06), ([[424.3183180150092, 1007.2912904420258], [560.608865118148, 998.0613503868108], [561.6816819849907, 1044.708709557974], [425.391134881852, 1054.9386496131892]], '프포또', 0.14607044264820976), ([[426.25995562830275, 1087.2578535733992], [536.1865082411155, 1077.983357451596], [538.7400443716972, 1131.7421464266008], [427.8134917588845, 1141.016642548404]], '1-', 0.013763509901853698), ([[17.092398157997607, 2718.192986184982], [251.09877999506563, 2648.324537837984], [291.9076018420024, 2836.807013815018], [58.90122000493437, 2907.675462162016]], '"', 0.1834204363467542)]
[([[799, 1195], [985, 1195], [985, 1252], [799, 1252]], '병두9', 0.001135801950100981), ([[1017, 1204], [1088, 1204], [1088, 1252], [1017, 1252]], '077', 0.25976109541900816), ([[829, 1274], [998, 1274], [998, 1327], [829, 1327]], '다/입', 0.003500525738108516), ([[1051, 1269], [1117, 1269], [1117, 1324], [1051, 1324]], '54', 0.10633527187920018)]
[([[780, 1128], [986, 1128], [986, 1168], [780, 1168]], '밥어:9이^', 0.0016795751538168577), ([[1999, 1128], [2208, 1128], [2208, 1168], [1999, 1168]], "포아두 396'", 0.0008551525217111383), ([[757, 1165], [1005, 1165], [1005, 1228], [757, 1228]], '회]|의#]7가', 3.937477257378327e-06), ([[1978, 1166], [2035, 1166], [2035, 1216], [1978, 1216]], '4', 0.07199163706219736), ([[2118, 1177], [2217, 1177], [2217, 1225], [2118, 1225]], "@'", 0.022112122427607156), ([[92.15889360201312, 1059.3906723224156], [237.75720510692662, 1007.343635744263], [251.8411063979869, 1056.6093276775844], [107.24279489307337, 1107.656364255737]], '(3 모-', 0.0062934943997776105), ([[1314.0970966215455, 1060.0194193243092], [1443.0404121239983, 1018.0546528441882], [1456.9029033784545, 1059.9805806756908], [1327.9595878760017, 1101.9453471558118]], '{? :', 0.2533114803565101), ([[120.0, 1088.0], [229.01618660249963, 1052.0217043172474], [241.0, 1088.0], [131.98381339750037, 1123.9782956827526]], '요 6 "이', 0.00779877668728307), ([[1395.4100031799906, 1082.4560050879847], [1437.406147420698, 1050.3499529379153], [1451.5899968200094, 1071.5439949120153], [1408.593852579302, 1104.6500470620847]], "'대꼴-", 0.0007608805899508297), ([[1367.00992561958, 1098.800992561958], [1406.414213562373, 1082.585786437627], [1413.99007438042, 1100.199007438042], [1373.585786437627, 1115.414213562373]], '0모6', 0.10481585213670631), ([[2031.3183180150093, 1176.291290442026], [2106.2472062551747, 1172.3615839929976], [2107.681681984991, 1213.708709557974], [2031.7527937448256, 1218.6384160070024]], '7어', 0.0015247239671259366)]
[([[819, 995], [1072, 995], [1072, 1048], [819, 1048]], '포아어굽-째아<;', 4.286468636949381e-05), ([[797, 1044], [1099, 1044], [1099, 1119], [797, 1119]], '히<갑+ *라명-:*', 2.725755188379941e-05)]
[([[1337, 918], [1565, 918], [1565, 969], [1337, 969]], '종즌반-;|', 3.586220801159763e-05), ([[1323, 968], [1468, 968], [1468, 1023], [1323, 1023]], '회쑤교;', 0.000448754639364779), ([[1459.7864056378821, 979.3592169136464], [1611.1764705882354, 961.7058823529412], [1615.2135943621179, 1022.6407830863536], [1463.8235294117646, 1040.2941176470588]], '싣라명어도', 0.00012031145796233176)]
[([[580, 1575], [749, 1575], [749, 1606], [580, 1606]], '밥기풀--)대', 2.8096670209426866e-05), ([[567, 1607], [755, 1607], [755, 1655], [567, 1655]], '차@,형+,라명처무', 4.755446352515479e-05)]
[([[790, 1183], [1056, 1183], [1056, 1234], [790, 1234]], '@기굽굽-째;아7', 4.272983020616031e-06), ([[768, 1236], [1085, 1236], [1085, 1310], [768, 1310]], '히<처+<라명형5(', 1.8397339817652252e-05), ([[812.0268234150113, 1902.3241410735102], [936.6816168180585, 1883.4361273693203], [940.9731765849887, 1916.6758589264898], [816.3183831819415, 1934.5638726306797]], '사 , ~ 새', 0.10952875571077017)]
[([[1286, 892], [1602, 892], [1602, 954], [1286, 954]], '(기굽굽-째;아<', 8.4843183241689e-06), ([[1259, 953], [1634, 953], [1634, 1042], [1259, 1042]], '성먹처+ *라오형5(', 1.3841679697108345e-06)]
[([[1286, 892], [1602, 892], [1602, 954], [1286, 954]], '@어굽굽-;아<', 2.0519863057674885e-05), ([[1259, 953], [1634, 953], [1634, 1042], [1259, 1042]], '군"처+ *라명형5(', 2.2738964308351545e-06)]
[([[1288, 892], [1602, 892], [1602, 954], [1288, 954]], '밥기함^--응7', 2.781744306439438e-06), ([[1259, 953], [1634, 953], [1634, 1042], [1259, 1042]], '회,아- *라명형5국', 4.0456180331195926e-05)]
[([[503, 1898], [727, 1898], [727, 1940], [503, 1940]], '@제두도하;형7', 3.177210093400038e-06), ([[481, 1939], [751, 1939], [751, 2004], [481, 2004]], ',홍+*라명5격', 5.057224062864682e-06)]
[([[825, 1426], [1154, 1426], [1154, 1487], [825, 1487]], '밥굽-5응7', 7.463402903465098e-05), ([[796, 1489], [1191, 1489], [1191, 1581], [796, 1581]], '늑펼칭라오형5껑', 4.192132161852669e-06)]
[([[870, 1119], [1103, 1119], [1103, 1164], [870, 1164]], '()하미동--아<', 5.514211061451709e-05), ([[845, 1162], [1126, 1162], [1126, 1229], [845, 1229]], '히아,기*라명어5{', 2.5113132132716655e-06)]
[([[1763, 508], [1895, 508], [1895, 569], [1763, 569]], '벼', 0.024136182738493384), ([[1779, 560], [1892, 560], [1892, 672], [1779, 672]], '#9', 0.998534026064729), ([[1280, 1071], [1565, 1071], [1565, 1124], [1280, 1124]], "장)*  '=5 07", 0.0015376319518362364), ([[1256, 1123], [1593, 1123], [1593, 1203], [1256, 1203]], '군마_+ 마]오어5껑', 8.446300021951336e-07), ([[954, 1903], [985, 1903], [985, 1941], [954, 1941]], '50', 0.7003606048570871), ([[1539.457124714834, 1248.0370104182882], [1573.9264821092243, 1243.1087751412585], [1586.542875285166, 1328.9629895817118], [1552.0735178907757, 1334.8912248587415]], '용', 0.6482599514024265), ([[1666.102633403899, 1709.307900211697], [1755.9489333967451, 1643.774696963662], [1782.897366596101, 1690.692099788303], [1693.0510666032549, 1755.225303036338]], '50000', 0.995678277375935), ([[1100.4710935662174, 1671.0233572982565], [1196.6826372514531, 1752.0744782866977], [1160.5289064337826, 1795.9766427017435], [1064.3173627485469, 1714.9255217133023]], '0000하', 0.020014953623584967), ([[1869.4567855237449, 1746.0246407611937], [1914.3772232248405, 1764.896353226712], [1870.5432144762551, 1867.9753592388063], [1825.6227767751595, 1848.103646773288]], '흙', 0.003416911427007188)]
[([[1378, 746], [1657, 746], [1657, 809], [1378, 809]], '여아`--;형', 6.251913156997395e-05), ([[1355, 806], [1685, 806], [1685, 884], [1355, 884]], "'@ 꺾황칭애명형-껑", 1.002799483795865e-06)]
[([[1338, 863], [1562, 863], [1562, 907], [1338, 907]], '(아굽굽--아<', 1.533768139642865e-05), ([[1314, 903], [1590, 903], [1590, 975], [1314, 975]], '혀아,아+ 마애명)5:', 1.9922390300297208e-07), ([[2350, 899], [2565, 899], [2565, 948], [2350, 948]], '98948758979', 0.9355260520130534), ([[991, 955], [1228, 955], [1228, 1019], [991, 1019]], '59032488490', 0.8616184052624417), ([[360.51443729458356, 792.286093236459], [555.6242236616781, 739.3073680700954], [562.4855627054164, 774.713906763541], [366.3757763383219, 827.6926319299046]], '60234878347', 0.6354281512190105), ([[1747.286093236459, 800.5144372945836], [1955.8024218259638, 770.7583928731547], [1960.713906763541, 807.4855627054164], [1752.1975781740362, 837.2416071268453]], '68723958934', 0.5077819634609787)]
[([[838, 1373], [1073, 1373], [1073, 1418], [838, 1418]], '밥아어-하아', 4.706405107009664e-05), ([[813, 1416], [1104, 1416], [1104, 1489], [813, 1489]], '군<형-*라명형5(', 3.012400470235148e-06)]
[([[618, 1281], [689, 1281], [689, 1323], [618, 1323]], ')', 0.11125073578001832), ([[725, 1271], [897, 1271], [897, 1324], [725, 1324]], '도-;아', 0.0016040721675381064), ([[589, 1324], [698, 1324], [698, 1391], [589, 1391]], '어형더', 0.000827429694617828), ([[751, 1334], [927, 1334], [927, 1403], [751, 1403]], '싣라명형째{', 5.0802901147577104e-05), ([[978.5623984301982, 2835.3435976452975], [1368.5811857026342, 2770.445470034982], [1375.437601569802, 2833.6564023547025], [985.4188142973658, 2899.554529965018]], '1: 내<> /~', 0.0056904807862934404)]
[([[820, 62], [976, 62], [976, 128], [820, 128]], '니%도', 0.0028419034994388538), ([[533, 1114], [780, 1114], [780, 1165], [533, 1165]], '(기적굽--;응함', 1.4649309109445129e-05), ([[512, 1165], [810, 1165], [810, 1230], [512, 1230]], '성오탑아+ 여라껴-5', 1.9569258661602466e-06), ([[466, 1380], [588, 1380], [588, 1457], [466, 1457]], '정쟁', 0.09666580088955072), ([[692, 1419], [788, 1419], [788, 1476], [692, 1476]], '세터', 0.05451064898778258), ([[400, 1439], [523, 1439], [523, 1528], [400, 1528]], '가득', 0.9977091608561264), ([[691, 1481], [827, 1481], [827, 1538], [691, 1538]], "'조입", 0.37365004260765805), ([[460, 1504], [608, 1504], [608, 1573], [460, 1573]], '주세뉴', 0.11339870370114813), ([[482, 1730], [557, 1730], [557, 1779], [482, 1779]], "이청'", 0.394381709517418), ([[779.7527780005827, 1579.0061156117704], [820.2301704767498, 1572.0053006545306], [860.2472219994173, 1790.9938843882296], [819.7698295232502, 1798.9946993454694]], '{', 0.062427206683645986), ([[466.4002652655213, 1683.5006631638032], [581.3869318589107, 1658.5299927128187], [591.5997347344787, 1721.4993368361968], [476.61306814108934, 1745.4700072871813]], '2지물이', 0.29209840297698975)]
[([[522, 1212], [811, 1212], [811, 1288], [522, 1288]], '\'@@김굽`59"', 4.911672309813862e-05), ([[504, 1277], [836, 1277], [836, 1354], [504, 1354]], "',처산 *라명형!님", 9.065261823910593e-05)]
[([[527, 1215], [806, 1215], [806, 1276], [527, 1276]], '적굽도째;형7', 2.5815288890687742e-05), ([[504, 1272], [834, 1272], [834, 1352], [504, 1352]], '회,처- 칭라명어컨격', 4.263428162666254e-06)]
[([[632, 1294], [892, 1294], [892, 1344], [632, 1344]], '(제값커--응대', 1.5684398010048939e-06), ([[606, 1344], [922, 1344], [922, 1421], [606, 1421]], '디6<기+ ,형명어-`', 4.3722291003235974e-06)]
[([[119, 62], [297, 62], [297, 146], [119, 146]], '구(', 0.0016357001319861214), ([[1270, 919], [1557, 919], [1557, 979], [1270, 979]], '키기적석-57', 1.3630509074515939e-05), ([[1247, 977], [1582, 977], [1582, 1057], [1247, 1057]], '회~@국도]명야4', 3.6458096561727966e-06), ([[2384, 1930], [2835, 1930], [2835, 2018], [2384, 2018]], '01:47:23', 0.9992559091443598)]
[([[738, 1388], [971, 1388], [971, 1437], [738, 1437]], '키`항꽉--;아그', 2.9318659400316523e-06), ([[715, 1435], [995, 1435], [995, 1502], [715, 1502]], '릇형<처+ 칭라명형-껑', 2.9955674949707525e-06)]
[([[717, 162], [1028, 162], [1028, 270], [717, 270]], '알네도', 0.7725685978084332), ([[426, 494], [535, 494], [535, 734], [426, 734]], '출', 0.0938536596474373), ([[697, 1164], [1039, 1164], [1039, 1238], [697, 1238]], '정)차|`비)대', 1.3968960153302374e-06), ([[508, 1250], [601, 1250], [601, 1343], [508, 1343]], '모9', 0.0870171419185965), ([[667, 1229], [1045, 1229], [1045, 1325], [667, 1325]], '<60어  203', 0.0001292155549946926), ([[1037, 1317], [1214, 1317], [1214, 1421], [1037, 1421]], '빨사', 0.06700063133586355), ([[884, 1401], [994, 1401], [994, 1492], [884, 1492]], '신?', 0.9999722674863122), ([[659, 1514], [1102, 1514], [1102, 1624], [659, 1624]], '구누구 개 내기4?', 0.35765728668045427), ([[712, 1607], [1051, 1607], [1051, 1734], [712, 1734]], '중청', 0.0006627874629704502), ([[170, 1713], [516, 1713], [516, 1818], [170, 1818]], '표포프', 0.25905868011757477), ([[307, 1781], [547, 1781], [547, 1872], [307, 1872]], '표표교', 0.011519775181416243), ([[762, 1783], [934, 1783], [934, 1843], [762, 1843]], '정액 댐크', 0.8090473681039404), ([[185, 1865], [489, 1865], [489, 2030], [185, 2030]], '십현해보지', 0.2608482667809699), ([[586, 1857], [678, 1857], [678, 2127], [586, 2127]], '대', 0.014557616490334324), ([[1460, 2135], [1597, 2135], [1597, 2227], [1460, 2227]], '예', 0.9974642398331959), ([[919, 2242], [1260, 2242], [1260, 2412], [919, 2412]], '후장/통', 0.3482615351676941), ([[1195.608678082979, 843.012774669577], [1246.4190049393062, 848.5092427568129], [1230.391321917021, 1007.987225330423], [1178.5809950606938, 1002.4907572431871]], '퍽', 0.008650048112791853), ([[1048.9308939388297, 1239.057313631117], [1224.6849293259686, 1270.5095896018938], [1206.0691060611703, 1351.942686368883], [1030.3150706740314, 1320.4904103981062]], '*다게', 0.1371129652013225), ([[1206.0019474215171, 1761.0311587442739], [1564.7010199948345, 1818.9213686284638], [1533.9980525784829, 1952.9688412557261], [1176.2989800051655, 1895.0786313715362]], '신출산노스', 0.2921304310532662), ([[1236.6502916445495, 2147.18759563649], [1513.5153404653754, 1903.2338918732696], [1654.3497083554505, 2117.81240436351], [1377.4846595346246, 2362.76610812673]], '>동:', 0.09727392851866676)]
[([[818, 1505], [1096, 1505], [1096, 1571], [818, 1571]], '갑굽굽도-아교', 6.930722947959295e-06), ([[795, 1564], [1124, 1564], [1124, 1643], [795, 1643]], '군처,아+ ,라명어5+', 2.5123933317232657e-06)]
[([[826, 1175], [1106, 1175], [1106, 1230], [826, 1230]], '@형하쩐도아<', 2.0005891662358433e-05), ([[801, 1229], [1137, 1229], [1137, 1309], [801, 1309]], '히먹처+ *라명형5격', 1.2587422967675089e-05)]
[([[1674, 254], [1926, 254], [1926, 472], [1674, 472]], '5', 0.9772121441711192), ([[1015, 1571], [1291, 1571], [1291, 1628], [1015, 1628]], '밥아함굽-;아7', 1.054907626871611e-05), ([[990, 1625], [1320, 1625], [1320, 1704], [990, 1704]], '군처,아+ *라명형5테', 6.829234892568551e-06)]
[([[527, 380], [811, 380], [811, 436], [527, 436]], '키기골^-째;아7', 5.678893693765097e-06), ([[502, 435], [842, 435], [842, 516], [502, 516]], '군,처+ *라명형5(', 2.6959614097018287e-05)]
[([[1227, 941], [1523, 941], [1523, 1003], [1227, 1003]], '(_--째훨7', 0.00012418048236142564), ([[1198, 998], [1506, 998], [1506, 1086], [1198, 1086]], '{6"형+칭라면기', 4.431508510362386e-05)]
[]
[([[951, 839], [1247, 839], [1247, 905], [951, 905]], '다-33', 0.003906993195414543), ([[925, 905], [1098, 905], [1098, 962], [925, 962]], '~', 0.9948525084283233), ([[1180, 907], [1271, 907], [1271, 962], [1180, 962]], '03', 0.07644935513150158), ([[1660, 1106], [1688, 1106], [1688, 1134], [1660, 1134]], '63', 0.1792785354673202), ([[1479, 1403], [1499, 1403], [1499, 1425], [1479, 1425]], '0무', 0.005359855254115651), ([[1833.4253042288674, 925.0843474295577], [1848.8074756777871, 937.1438273105219], [1822.5746957711326, 968.9156525704423], [1807.1925243222129, 956.8561726894781]], '9', 0.6498035697873661), ([[1711.4382623811139, 1064.7506099048912], [1740.9805224792651, 1044.256848925751], [1750.5617376188861, 1059.2493900951088], [1721.0194775207349, 1079.743151074249]], '509)', 0.008151919580996037), ([[1674.3615361589618, 1103.8530753112734], [1703.9159131793485, 1083.222050887147], [1713.6384638410382, 1099.1469246887266], [1685.0840868206515, 1119.777949112853]], ']밥어', 0.00016337516751570858), ([[1659.7119236327953, 1117.2905979862248], [1679.6286477260298, 1132.5542437506836], [1633.2880763672047, 1183.7094020137752], [1614.3713522739702, 1168.4457562493164]], '시', 0.01418579782244933), ([[1580.2850141485749, 1228.9710084891449], [1598.7179581586176, 1212.133308787594], [1609.7149858514251, 1225.0289915108551], [1591.2820418413824, 1241.866691212406]], '\'"0)', 0.031041612848639488), ([[1574.8652643097648, 1221.2228837054768], [1596.698321732024, 1231.5270051972284], [1501.1347356902352, 1412.7771162945232], [1479.301678267976, 1402.4729948027716]], "'", 0.9986069289051471)]
[([[687, 1227], [903, 1227], [903, 1269], [687, 1269]], '밥밥데5507', 0.00018009330897035382), ([[667, 1266], [926, 1266], [926, 1328], [667, 1328]], '회<형+<라?오껑', 2.8891262999635468e-06)]
[([[1291, 204], [1408, 204], [1408, 418], [1291, 418]], '용', 0.02322466599535833), ([[765, 1334], [1012, 1334], [1012, 1383], [765, 1383]], '포아적굽-형7', 2.9298392982053328e-05), ([[741, 1380], [1039, 1380], [1039, 1453], [741, 1453]], '히형,갑+<라명형5껑', 5.905057302358649e-07), ([[249, 1558], [515, 1558], [515, 1850], [249, 1850]], '기', 0.4693405569641982), ([[356.3038630785147, 67.01425911575993], [475.3767132458315, 29.055836974381062], [565.6961369214853, 344.9857408842401], [446.6232867541685, 382.94416302561893]], '성', 0.10860202265200147)]
[([[566, 1709], [884, 1709], [884, 1769], [566, 1769]], '의+앞-3|7', 0.0001773697754077826), ([[539, 1770], [919, 1770], [919, 1861], [539, 1861]], '씀기미처+ 칭라명처56', 1.2043881887565118e-06)]
[([[864, 1066], [1157, 1066], [1157, 1132], [864, 1132]], '밥김굽도-;아,', 4.063335076703613e-06), ([[839, 1124], [1188, 1124], [1188, 1209], [839, 1209]], '히기"처+ *라명형5`', 3.5741536089849045e-07)]
[([[818, 1507], [1096, 1507], [1096, 1571], [818, 1571]], '-어검굽도째형7', 2.6406195389859134e-06), ([[795, 1564], [1124, 1564], [1124, 1645], [795, 1645]], '군처<처+ 마라명형5껑', 3.2554408710528366e-06)]
[([[906, 1232], [1265, 1232], [1265, 1300], [906, 1300]], '"라-:어대', 0.00031648736462593205), ([[871, 1312], [1299, 1312], [1299, 1404], [871, 1404]], "; 3+5라,?:'", 0.0007241007583831189)]
[([[962, 62], [1078, 62], [1078, 140], [962, 140]], '어이!', 0.8079582762782238), ([[13, 21], [93, 21], [93, 268], [13, 268]], '축', 0.06039981294128638), ([[977, 143], [1073, 143], [1073, 227], [977, 227]], '빨리', 0.9999459681677609), ([[977, 221], [1097, 221], [1097, 305], [977, 305]], '걸어!', 0.8504499213025463), ([[1105, 443], [1147, 443], [1147, 561], [1105, 561]], '철', 0.8461414425929128), ([[891, 528], [957, 528], [957, 679], [891, 679]], '철', 0.9729071344518161), ([[634, 682], [694, 682], [694, 738], [634, 738]], ')', 0.03663336352022739), ([[52, 882], [104, 882], [104, 1032], [52, 1032]], '철', 0.7821771891009668), ([[1085, 974], [1171, 974], [1171, 1158], [1085, 1158]], '죽', 0.29049038875061584), ([[806, 1620], [858, 1620], [858, 1734], [806, 1734]], '청', 0.6215097034430848), ([[645.3768986616567, 94.02430286920605], [699.4869005636044, 76.01483075688677], [747.6231013383433, 237.97569713079395], [694.5130994363956, 255.98516924311323]], '철', 0.11977151437359002), ([[699.330410519993, 418.0450378479484], [760.943296323655, 465.2491195457739], [733.669589480007, 501.9549621520516], [672.056703676345, 454.7508804542261]], '름쪽', 0.0016749854137596673), ([[868.219428607749, 759.0381717990401], [925.4310835055999, 744.1290407192007], [955.780571392251, 876.9618282009599], [898.5689164944001, 891.8709592807993]], '찰', 0.2385598409087999), ([[299.5116820441494, 1114.0170532313361], [354.34772210407664, 1107.1309647598673], [374.4883179558506, 1270.9829467686639], [320.65227789592336, 1278.8690352401327]], '철', 0.8601837375186392), ([[643.1394255660866, 1184.0620364059978], [707.9923236814882, 1222.6965912060007], [681.8605744339134, 1264.9379635940022], [617.0076763185118, 1227.3034087939993]], '%%', 0.17570048035372945), ([[449.2184013837282, 1329.043772315181], [529.9996500262478, 1380.9300034997375], [496.7815986162718, 1431.956227684819], [416.0003499737522, 1380.0699965002625]], '(', 0.38212187089223804), ([[394.43431457505073, 1546.0402020253553], [426.15863136739836, 1543.171478959901], [433.56568542494927, 1623.9597979746447], [400.84136863260164, 1626.828521040099]], '톤', 0.030699541125273067), ([[163.54320276100572, 1582.0209100949623], [202.99654575824488, 1577.1003166886294], [216.45679723899428, 1700.9790899050377], [177.00345424175512, 1704.8996833113706]], '철', 0.9351210615865426), ([[1124.400778482288, 1595.0451379831009], [1156.4417261042993, 1583.0244650613056], [1186.599221517712, 1668.9548620168991], [1154.5582738957007, 1680.9755349386944]], '톱', 0.06918095166426852)]
[([[554, 120], [654, 120], [654, 168], [554, 168]], '음나남', 0.9851774649457642), ([[1443, 147], [1523, 147], [1523, 209], [1443, 209]], '? ?', 0.8068161010742188), ([[87, 647], [129, 647], [129, 733], [87, 733]], '뿐', 0.00959389970376151), ([[1197, 653], [1263, 653], [1263, 695], [1197, 695]], '그래', 0.9999875245556333), ([[1285, 651], [1379, 651], [1379, 695], [1285, 695]], '착하지', 0.9991977440939205), ([[1399, 653], [1493, 653], [1493, 697], [1399, 697]], '문리버', 0.963561806020751), ([[1198, 690], [1322, 690], [1322, 738], [1198, 738]], '암전하게', 0.8302426338195801), ([[1343, 688], [1471, 688], [1471, 738], [1343, 738]], '검사받자', 0.8668538928031921), ([[33, 639], [134, 639], [134, 942], [33, 942]], '#', 0.044814079261490614), ([[459, 1301], [549, 1301], [549, 1343], [459, 1343]], '뛰야 ?', 0.70832359790802), ([[577, 1301], [693, 1301], [693, 1345], [577, 1345]], '갑자기 !', 0.997505798644134), ([[295, 1617], [361, 1617], [361, 1659], [295, 1659]], '크혹', 0.4329292454923236), ([[379, 1619], [499, 1619], [499, 1663], [379, 1663]], '짝짓기 ?', 0.9595760173836652), ([[311, 1659], [457, 1659], [457, 1703], [311, 1703]], '(두근두근)', 0.9877858724898997), ([[1098, 1948], [1222, 1948], [1222, 2000], [1098, 2000]], '이화옷!', 0.5505785942077637), ([[1024, 1994], [1302, 1994], [1302, 2050], [1024, 2050]], '짝 ,짝짓기 구멍은', 0.8812136885947783), ([[1056, 2028], [1266, 2028], [1266, 2100], [1056, 2100]], "'이 아래예옷!", 0.5009298554517975), ([[1104, 2092], [1218, 2092], [1218, 2142], [1104, 2142]], '아컷! !', 0.46230207094804526), ([[765, 2225], [831, 2225], [831, 2339], [765, 2339]], '행', 0.15604638701052753), ([[1069.4385954246034, 1430.017526793654], [1131.4240568027055, 1404.009995782644], [1212.5614045753966, 1607.982473206346], [1150.5759431972945, 1633.990004217356]], '움', 0.4701803202614343), ([[606.2269793174761, 1551.0428138572847], [655.5626893294422, 1534.0226523149172], [694.7730206825239, 1654.9571861427153], [644.4373106705578, 1671.9773476850828]], '@', 0.9365444712860018), ([[470.404640601427, 2009.0221840591219], [531.7729688287118, 1999.1989371536683], [554.595359398573, 2158.9778159408784], [493.2270311712883, 2168.8010628463317]], '흙', 0.12369591425155946)]
[([[735, 557], [786, 557], [786, 599], [735, 599]], '스옥', 0.1464860500968208), ([[1626, 870], [1670, 870], [1670, 914], [1626, 914]], '출', 0.45503490671885416), ([[812, 1541], [855, 1541], [855, 1651], [812, 1651]], '불', 0.11276325592415848), ([[1622, 1955], [1693, 1955], [1693, 2011], [1622, 2011]], '7', 0.030179576246711415), ([[190, 2578], [275, 2578], [275, 2646], [190, 2646]], '표', 0.383781482412374), ([[537.2891314594269, 1639.0854389836506], [561.4494161382839, 1627.0338534873258], [590.7108685405731, 1685.9145610163494], [565.5505838617161, 1698.9661465126742]], '불', 0.9965843568498691), ([[659.1322781687254, 1814.095251759264], [714.7882635176632, 1829.7158428753685], [703.8677218312746, 1866.904748240736], [648.2117364823368, 1852.2841571246315]], '`', 0.14973716499098177), ([[693.2989525145956, 1841.0410963740628], [773.974856973121, 1893.4512886453256], [744.7010474854044, 1937.9589036259372], [664.025143026879, 1885.5487113546744]], "'인애'", 0.7029311656951904)]
[]
[]
[([[462, 638], [606, 638], [606, 666], [462, 666]], '(소굽-째아7', 7.724060528191218e-06), ([[465, 665], [624, 665], [624, 707], [465, 707]], '보의+ 칭서명형갈`', 7.2374937692687715e-06)]
[]
[]
[]
