2729862
62
[([[175, 465], [607, 465], [607, 558], [175, 558]], '빼주기만 하면', 0.9310185244765914), ([[233, 557], [553, 557], [553, 650], [233, 650]], '되는거지?', 0.9158483537586267), ([[457, 687], [784, 687], [784, 786], [457, 786]], '시작하다?', 0.8802628623608153), ([[288, 2254], [445, 2254], [445, 2362], [288, 2362]], '움', 0.45931992424573664), ([[1705, 2283], [1829, 2283], [1829, 2369], [1705, 2369]], '어?', 0.9999255694768557), ([[1692, 2376], [1842, 2376], [1842, 2454], [1692, 2454]], '어:', 0.6584528899158496), ([[1817, 2470], [2070, 2470], [2070, 2556], [1817, 2556]], '그그래', 0.8984251022338867), ([[1792, 2556], [2096, 2556], [2096, 2652], [1792, 2652]], '잘 부탁해', 0.4622314523545714)]
[]
[([[219, 396], [431, 396], [431, 474], [219, 474]], '그리고:', 0.7236568927764893), ([[339, 503], [673, 503], [673, 589], [339, 589]], "'원래 그런건", 0.665980351566398), ([[332, 584], [679, 584], [679, 670], [332, 670]], '문느거 아냐', 0.5938727796923303), ([[642, 702], [840, 702], [840, 782], [642, 782]], '바보야', 0.9618670344352722), ([[618, 1401], [747, 1401], [747, 1512], [618, 1512]], '월', 0.048868080455322094), ([[390, 2032], [598, 2032], [598, 2156], [390, 2156]], '엷기', 0.009134802460617548), ([[1600, 2286], [1758, 2286], [1758, 2359], [1600, 2359]], '아!', 0.9076572991621532), ([[1692, 2399], [2010, 2399], [2010, 2478], [1692, 2478]], '미: 미안: .', 0.5284523179708666), ([[1895, 2565], [1970, 2565], [1970, 2645], [1895, 2645]], '흥', 0.5190687061096924)]
[]
[([[512, 1307], [605, 1307], [605, 1420], [512, 1420]], '4', 0.11209315862794611), ([[302, 1409], [613, 1409], [613, 1643], [302, 1643]], '옆', 0.5426900910334211), ([[1413, 1429], [1854, 1429], [1854, 1681], [1413, 1681]], '( ', 0.40031399773756104), ([[1544, 2114], [1796, 2114], [1796, 2237], [1544, 2237]], '올-', 0.146931314723424)]
[]
[([[386, 536], [568, 536], [568, 660], [386, 660]], '응내', 0.04628330311935498), ([[787, 1966], [994, 1966], [994, 2103], [787, 2103]], '#훨', 0.023654018057518544), ([[1744, 2156], [1972, 2156], [1972, 2258], [1744, 2258]], '웃끓', 0.04440006369662879)]
[]
[([[331, 871], [428, 871], [428, 1002], [331, 1002]], '응', 0.7448669007342836), ([[758, 2203], [974, 2203], [974, 2335], [758, 2335]], '초비', 0.03171877022777333), ([[1552, 2200], [1694, 2200], [1694, 2310], [1552, 2310]], '조', 0.09993682798199988), ([[1734, 2371], [1975, 2371], [1975, 2479], [1734, 2479]], '웃끓', 0.039747195130348835)]
[]
[([[463, 1253], [587, 1253], [587, 1370], [463, 1370]], '%', 0.19028673586598543), ([[2013, 1215], [2144, 1215], [2144, 1323], [2013, 1323]], '/', 0.17182606070269912), ([[1890, 1989], [2099, 1989], [2099, 2123], [1890, 2123]], '주권', 0.04816666179178172), ([[129, 2255], [507, 2255], [507, 2334], [129, 2334]], '자  잠깐만: .', 0.3737648940729388), ([[644, 2151], [883, 2151], [883, 2310], [644, 2310]], '축분내)', 0.009385675191879272), ([[178, 2331], [462, 2331], [462, 2421], [178, 2421]], '천천히: !', 0.565577258917982), ([[464, 2433], [624, 2433], [624, 2508], [464, 2508]], '웃!', 0.976917100078439)]
[]
[]
[([[339, 638], [573, 638], [573, 731], [339, 731]], '응 !?', 0.8503553813919991), ([[1878, 1666], [2059, 1666], [2059, 1814], [1878, 1814]], '햇', 0.38883035851009495), ([[543, 1759], [821, 1759], [821, 1941], [543, 1941]], '겨최', 0.0008928099258002394), ([[1538, 1941], [1796, 1941], [1796, 2093], [1538, 2093]], '간', 0.029793121466692662), ([[206, 2229], [299, 2229], [299, 2320], [206, 2320]], '나', 0.9990716943815734), ([[105, 2337], [486, 2337], [486, 2452], [105, 2452]], '나온다 !', 0.7250653228967623), ([[378, 2511], [699, 2511], [699, 2621], [378, 2621]], '크웃 끓', 0.09609224257472763)]
[([[1579.0440559000835, 2304.3277621102425], [1641.8779286970039, 2246.3014577470226], [1670.9559440999165, 2286.6722378897575], [1609.1220713029961, 2345.6985422529774]], '<', 0.9741490930439376)]
[([[270, 927], [350, 927], [350, 1009], [270, 1009]], '응', 0.9974590012858506), ([[1916, 1990], [2057, 1990], [2057, 2113], [1916, 2113]], '얇', 0.18615731419448256), ([[514, 2084], [705, 2084], [705, 2206], [514, 2206]], '원질', 0.30966011024244416), ([[679, 2335], [895, 2335], [895, 2472], [679, 2472]], '#%', 0.09156380756853814), ([[1858, 2286], [2085, 2286], [2085, 2420], [1858, 2420]], '부모%', 0.06013449564533547), ([[1609, 2417], [1828, 2417], [1828, 2496], [1609, 2496]], '크웃: !', 0.6815893239206672), ([[1714, 2526], [2070, 2526], [2070, 2612], [1714, 2612]], '미 미안:  %', 0.1952871019834377)]
[]
[([[210, 602], [424, 602], [424, 723], [210, 723]], '푸 ,_', 0.08838514238595963), ([[322, 705], [642, 705], [642, 786], [322, 786]], '많이 셋네:', 0.46410016856030406), ([[373, 780], [614, 780], [614, 876], [373, 876]], '좋앞어?', 0.3466301061354696), ([[259, 1394], [435, 1394], [435, 1490], [259, 1490]], '(하의', 0.007975916845827815), ([[618, 1401], [749, 1401], [749, 1512], [618, 1512]], '월', 0.11348710929471295), ([[396, 2043], [598, 2043], [598, 2153], [396, 2153]], '월기', 0.028760447904446058), ([[1742, 2046], [1900, 2046], [1900, 2133], [1742, 2133]], '(라이', 0.06497492329070655), ([[1698, 2333], [1786, 2333], [1786, 2419], [1698, 2419]], '응:', 0.5651245081681208), ([[1779, 2456], [2047, 2456], [2047, 2542], [1779, 2542]], '최고엿어', 0.40473538637161255)]
[]
[]
[]
[([[117, 623], [177, 623], [177, 676], [117, 676]], '와', 0.9999470717758072), ([[226, 692], [340, 692], [340, 761], [226, 761]], '엄청', 0.9819843548976794), ([[177, 760], [353, 760], [353, 826], [177, 826]], '뜨겁네:', 0.9693474173545837), ([[1658, 1098], [1711, 1098], [1711, 1151], [1658, 1151]], '더', 0.999719877789417), ([[1580, 1155], [1824, 1155], [1824, 1232], [1580, 1232]], '하고싶어?', 0.8179473937938968)]
[([[517, 193], [792, 193], [792, 277], [517, 277]], '왜 이렇게', 0.5506620349485974), ([[92, 218], [299, 218], [299, 353], [92, 353]], '8?', 0.8018609001777821), ([[548, 272], [783, 272], [783, 358], [548, 358]], '당황해?', 0.9992515444755554), ([[140, 345], [334, 345], [334, 426], [140, 426]], '뭐야~', 0.6963405636636734), ([[641, 376], [976, 376], [976, 469], [641, 469]], '혹시 이런거', 0.9952920294680513), ([[720, 462], [892, 462], [892, 543], [720, 543]], '처음?', 0.9998796251442416), ([[1574, 2283], [1820, 2283], [1820, 2367], [1574, 2367]], "어? '응", 0.7118202258310995), ([[1732, 2391], [2065, 2391], [2065, 2477], [1732, 2477]], '엄청 적극적', 0.9743789591513786), ([[1766, 2472], [2029, 2472], [2029, 2558], [1766, 2558]], "이라서:'", 0.9100048600417517), ([[570.9443614300254, 2425.7554891440204], [761.5911534948805, 2316.679019986007], [836.0556385699746, 2456.2445108559796], [646.4088465051195, 2564.320980013993]], '월 ', 0.45237157145758067)]
[]
[([[1299, 562], [1591, 562], [1591, 642], [1299, 642]], '고고마위  !', 0.39042427385428474), ([[1570, 665], [1681, 665], [1681, 731], [1570, 731]], '대신', 0.9999518686382699), ([[73, 721], [200, 721], [200, 788], [73, 788]], '흐응;', 0.242072183139403), ([[1474, 729], [1779, 729], [1779, 802], [1474, 802]], '넣는건 안돼?', 0.43099487908623596), ([[98, 787], [214, 787], [214, 855], [98, 855]], '좋아', 0.9981669359702545), ([[229, 863], [403, 863], [403, 932], [229, 932]], '좀만 더', 0.5650190727316221), ([[1642, 835], [1838, 835], [1838, 914], [1642, 914]], '알켓지?', 0.44033886084653984), ([[181, 928], [448, 928], [448, 997], [181, 997]], '어울려줄게.', 0.32216421490580094), ([[1538, 2170], [1708, 2170], [1708, 2291], [1538, 2291]], '철본)', 0.0011871159438572496), ([[1549, 2421], [1771, 2421], [1771, 2542], [1549, 2542]], '빗어', 0.045373478233177715), ([[1014, 2488], [1163, 2488], [1163, 2596], [1014, 2596]], '저작', 0.046213828555034954)]
[]
[([[161, 413], [293, 413], [293, 479], [161, 479]], '아잇:', 0.03819556485547378), ([[1351, 548], [1514, 548], [1514, 614], [1351, 614]], '거기에', 0.99816148411425), ([[1504, 622], [1685, 622], [1685, 691], [1504, 691]], '그렇게:', 0.7224512100219727), ([[1453, 685], [1698, 685], [1698, 761], [1453, 761]], '비버대면: ', 0.3496733518027735), ([[1635, 771], [1768, 771], [1768, 857], [1635, 857]], "'응돌", 0.0980445472148763), ([[1597, 1543], [1806, 1543], [1806, 1682], [1597, 1682]], '오랫', 0.05907040707687348), ([[374, 2080], [550, 2080], [550, 2201], [374, 2201]], '오흙', 0.08543967985186421), ([[1540, 2168], [1708, 2168], [1708, 2293], [1540, 2293]], '\'절꺼"', 0.043119724839925766), ([[1011, 2483], [1164, 2483], [1164, 2606], [1011, 2606]], '저끗', 0.01849653491848584), ([[270.2755570137922, 745.1360091868909], [414.4731610889882, 729.9853338525589], [419.7244429862078, 829.8639908131091], [275.5268389110118, 845.0146661474411]], '아내', 0.03807676068514037)]
[]
[([[936, 103], [990, 103], [990, 141], [936, 141]], '1시', 0.006426218017110142), ([[1074, 122], [1110, 122], [1110, 140], [1074, 140]], '스', 0.2477974148516502), ([[1501, 754], [1691, 754], [1691, 827], [1501, 827]], '으웃; !', 0.365703208367066), ([[1136, 2069], [1334, 2069], [1334, 2202], [1136, 2202]], '#', 0.045544695202331065)]
[([[939, 105], [990, 105], [990, 142], [939, 142]], '내신', 0.006660090224271124), ([[1072, 122], [1110, 122], [1110, 140], [1072, 140]], '<.', 0.21046539741986214)]
[([[157, 620], [333, 620], [333, 684], [157, 684]], '으웃: !', 0.31928064699918), ([[239, 698], [379, 698], [379, 773], [239, 773]], "'이%", 0.08048609477485456), ([[496, 715], [587, 715], [587, 776], [496, 776]], '하아', 0.17476223414981865), ([[1490, 813], [1812, 813], [1812, 885], [1490, 885]], '나도 움직이고', 0.634711917447762), ([[1472, 878], [1779, 878], [1779, 953], [1472, 953]], '싶어지집아~', 0.3907560103975694), ([[1768, 1995], [1845, 1995], [1845, 2061], [1768, 2061]], '~큰', 0.0010589392152220616), ([[1708, 2061], [1846, 2061], [1846, 2136], [1708, 2136]], '않침-0', 0.009235267527401447), ([[881, 2092], [1125, 2092], [1125, 2249], [881, 2249]], '젊목', 0.051489734655201506), ([[1681.8600472001935, 2196.0406608027083], [1892.9607710224514, 2236.3276697545207], [1862.1399527998065, 2367.9593391972917], [1652.0392289775486, 2327.6723302454793]], '유리', 0.04570649320679944)]
[]
[([[937, 105], [990, 105], [990, 142], [937, 142]], '내내', 0.0051451815904177975), ([[1074, 122], [1110, 122], [1110, 140], [1074, 140]], '스', 0.22908437213502797), ([[87, 339], [234, 339], [234, 413], [87, 413]], '어때?', 0.9997484469804561), ([[206, 420], [362, 420], [362, 486], [206, 486]], '이렇게', 0.34885717013689393), ([[128, 478], [438, 478], [438, 558], [128, 558]], '움직여주논거', 0.7964467164575736), ([[495, 716], [584, 716], [584, 773], [495, 773]], '(하의', 0.19836824136010445), ([[1482, 728], [1743, 728], [1743, 804], [1482, 804]], '기분 쫓지?', 0.8906870172542084), ([[1675, 841], [1802, 841], [1802, 902], [1675, 902]], '응 !', 0.5188137784386314), ([[1646, 906], [1836, 906], [1836, 974], [1646, 974]], '좋아  끓', 0.04589435043338055), ([[1608, 1122], [1755, 1122], [1755, 1208], [1608, 1208]], '허룻', 0.11613966721993887), ([[1673, 1212], [1744, 1212], [1744, 1278], [1673, 1278]], '응', 0.9995794738463246), ([[1145, 1991], [1358, 1991], [1358, 2130], [1145, 2130]], '잘목', 0.016691118949454756), ([[1681, 2131], [1885, 2131], [1885, 2265], [1681, 2265]], '챔렉', 0.00040931380242523684), ([[1088, 2390], [1362, 2390], [1362, 2571], [1088, 2571]], '스욕%', 0.0067884906370578165)]
[]
[([[939, 105], [990, 105], [990, 142], [939, 142]], '내신', 0.009152402012882319), ([[1074, 122], [1110, 122], [1110, 140], [1074, 140]], '스', 0.21240884648420977)]
[([[188, 314], [297, 314], [297, 380], [188, 380]], '잇사', 0.04934089519048432), ([[132, 402], [207, 402], [207, 464], [132, 464]], '아', 0.19406602632504022), ([[153, 492], [422, 492], [422, 569], [153, 569]], "'씨려고햇지", 0.8483403665500197), ([[224, 559], [344, 559], [344, 633], [224, 633]], '방금', 0.9920413501446783), ([[1546, 892], [1677, 892], [1677, 972], [1546, 972]], '안돼', 0.751967396581846), ([[1524, 2232], [1875, 2232], [1875, 2436], [1524, 2436]], '꾸육내', 0.0017169130476584642)]
[]
[([[118, 1606], [185, 1606], [185, 1683], [118, 1683]], '음', 0.9777551231983104), ([[274, 1694], [484, 1694], [484, 1786], [274, 1786]], '아저씬', 0.3206440261042166), ([[177, 1778], [580, 1778], [580, 1876], [177, 1876]], '처음이니까', 0.8846920990418271), ([[1462, 1977], [1667, 1977], [1667, 2063], [1462, 2063]], '특별히', 0.9975183583694933), ([[1343, 2060], [1723, 2060], [1723, 2153], [1343, 2153]], '해주는거다?', 0.3688700396630684), ([[702.3202333156396, 1066.150076509192], [827.7449824452646, 950.0115652624802], [1026.6797666843604, 1202.849923490808], [902.2550175547354, 1319.9884347375198]], '<', 0.2415834314712706)]
[([[847.0095403537712, 1043.0213362074903], [1021.324864146593, 1113.2343185342247], [936.9904596462288, 1320.9786637925097], [761.675135853407, 1250.7656814657753]], '0', 0.6372751309729807)]
[([[615, 66], [750, 66], [750, 190], [615, 190]], '맞', 0.023017236395389773), ([[152, 289], [297, 289], [297, 358], [152, 358]], '웃:!', 0.5186018398576183), ([[129, 363], [301, 363], [301, 440], [129, 440]], '아까', 0.989031936524913), ([[250, 464], [431, 464], [431, 543], [250, 543]], '넣느건', 0.47447233037965886), ([[199, 541], [500, 541], [500, 625], [199, 625]], '안되다고: .', 0.5837330792541405), ([[1796, 535], [2012, 535], [2012, 667], [1796, 667]], '허앗', 0.26677401116423244), ([[430, 664], [561, 664], [561, 739], [430, 739]], '응 ', 0.662790657291987), ([[1861, 693], [1954, 693], [1954, 768], [1861, 768]], '응:', 0.5326086752916839), ([[1745, 764], [2050, 764], [2050, 848], [1745, 848]], '그쨌어논데', 0.06354847500451387), ([[779, 903], [883, 903], [883, 982], [779, 982]], "'해밤", 0.02272865649908351), ([[1728, 986], [1830, 986], [1830, 1059], [1728, 1059]], '희쨌', 0.010849933269116575), ([[962, 1999], [1231, 1999], [1231, 2169], [962, 2169]], '~사', 0.03359180131014984), ([[572, 2521], [775, 2521], [775, 2642], [572, 2642]], '세꾸히', 0.01545837250981601), ([[1444, 2506], [1653, 2506], [1653, 2653], [1444, 2653]], '(꺼)', 0.14363794039470587)]
[]
[([[1569, 604], [1702, 604], [1702, 703], [1569, 703]], '앗', 0.06747022178206308), ([[1662, 699], [1888, 699], [1888, 785], [1662, 785]], '알켓지?', 0.3305031955242157), ([[302, 770], [489, 770], [489, 849], [302, 849]], '오늘만', 0.5357280969619751), ([[183, 849], [528, 849], [528, 928], [183, 928]], '해주느거야 ', 0.23497090674396684), ([[1884, 1761], [1931, 1761], [1931, 1803], [1884, 1803]], '왜.', 0.003374653199068909), ([[1925, 1749], [1967, 1749], [1967, 1812], [1925, 1812]], '(', 0.5936260772205628), ([[1761, 1799], [1959, 1799], [1959, 1920], [1761, 1920]], '월요', 0.12777275968997748), ([[184, 1856], [386, 1856], [386, 1968], [184, 1968]], '운린결', 0.005775896417930387), ([[1358, 2487], [1551, 2487], [1551, 2608], [1358, 2608]], '세', 0.03425089684469995), ([[585.2418773901741, 2488.110831382375], [785.5977664310295, 2474.1583283790196], [786.7581226098259, 2594.889168617625], [586.4022335689705, 2608.8416716209804]], '절패빗', 0.009545390679360277)]
[]
[([[229, 537], [380, 537], [380, 648], [229, 648]], '엉,', 0.014162662381364217), ([[1540, 478], [1727, 478], [1727, 615], [1540, 615]], '잇', 0.20279696495947874), ([[275, 648], [480, 648], [480, 721], [275, 721]], '오옥:!', 0.46803224086761475), ([[291, 734], [613, 734], [613, 811], [291, 811]], '자  잠깐  !', 0.7750696424961283), ([[499, 816], [599, 816], [599, 884], [499, 884]], '아니)', 0.1822667880979389), ([[1511, 1012], [1616, 1012], [1616, 1078], [1511, 1078]], '희', 0.4061507006999818), ([[183, 1914], [390, 1914], [390, 2055], [183, 2055]], '월', 0.21648569690828268), ([[1245.991231559979, 2529.1351135438454], [1455.9680098588335, 2503.9575036622145], [1463.008768440021, 2632.8648864561546], [1252.0319901411665, 2658.0424963377855]], '절_', 0.047671343913165964)]
[([[162, 450], [303, 450], [303, 530], [162, 530]], '흐응', 0.6567863454044087), ([[294, 539], [553, 539], [553, 625], [294, 625]], '그렇구나', 0.9851033687591553), ([[186, 617], [658, 617], [658, 709], [186, 709]], '아저씨 귀엽네~', 0.8705101370791355), ([[603, 2268], [830, 2268], [830, 2378], [603, 2378]], '부)', 0.1588844358502548), ([[1290, 2269], [1432, 2269], [1432, 2390], [1290, 2390]], '월', 0.982321415682236), ([[1854, 2293], [1974, 2293], [1974, 2368], [1854, 2368]], '웃"', 0.2885150212921013)]
[]
[([[617, 206], [795, 206], [795, 334], [617, 334]], '옛', 0.4575340622602688), ([[291, 642], [458, 642], [458, 746], [291, 746]], '허', 0.007429882348805927), ([[324, 780], [557, 780], [557, 854], [324, 854]], '좋아:?~', 0.3768980363659575), ([[1551, 882], [1833, 882], [1833, 955], [1551, 955]], "'싸고싶올때:", 0.2649249598557419), ([[1770, 989], [1982, 989], [1982, 1058], [1770, 1058]], '아무때나', 0.9998372793197632), ([[527, 1067], [607, 1067], [607, 1120], [527, 1120]], '패닮', 0.028826812528788815), ([[1761, 1057], [1937, 1057], [1937, 1123], [1761, 1123]], '싸도 돼', 0.3740874313331999), ([[1833, 1714], [1960, 1714], [1960, 1802], [1833, 1802]], '올텔', 0.0495100422404209), ([[119, 1753], [328, 1753], [328, 1887], [119, 1887]], '올', 0.09394942233089765), ([[554, 2123], [748, 2123], [748, 2244], [554, 2244]], '( 디)', 0.028933929279446602), ([[1261, 2156], [1414, 2156], [1414, 2260], [1261, 2260]], '저', 0.07477595491651812), ([[1715, 2363], [2004, 2363], [2004, 2663], [1715, 2663]], '퍽', 0.9998881848122352)]
[]
[([[212, 564], [365, 564], [365, 654], [212, 654]], '하두)', 0.01342410827118507), ([[258, 676], [347, 676], [347, 743], [258, 743]], "욕'", 0.690954845236334), ([[274, 773], [542, 773], [542, 857], [274, 857]], '나" \' 벌써', 0.5090689192237741), ([[1572, 794], [1701, 794], [1701, 886], [1572, 886]], '응', 0.3841115163570663), ([[238, 852], [576, 852], [576, 936], [238, 936]], '쌀거같아 &', 0.16927366984159653), ([[1633, 892], [1793, 892], [1793, 956], [1633, 956]], "좋아 '", 0.45063340601906754), ([[1704, 1013], [1972, 1013], [1972, 1086], [1704, 1086]], '안에 싸쥐다', 0.2745133084542816), ([[0, 1761], [335, 1761], [335, 2065], [0, 2065]], '퍽내', 0.03374309061239307), ([[1633, 1919], [1770, 1919], [1770, 2029], [1633, 2029]], '월', 0.6974342124263764), ([[1314, 2369], [1509, 2369], [1509, 2508], [1314, 2508]], '세주)', 0.008160970395869792), ([[586, 2454], [802, 2454], [802, 2581], [586, 2581]], '챔씬', 0.050875793814622525), ([[1691, 2573], [2136, 2573], [2136, 2831], [1691, 2831]], '퍽4', 0.09521965865887676)]
[]
[([[1522, 64], [1674, 64], [1674, 216], [1522, 216]], '부뱃', 0.21945424006275682), ([[1547, 810], [1778, 810], [1778, 992], [1547, 992]], '%', 0.32521739253073534), ([[1303, 2136], [1559, 2136], [1559, 2311], [1303, 2311]], '#얹', 0.03339753101576279), ([[600, 2385], [856, 2385], [856, 2558], [600, 2558]], '(봉', 0.030408224146896673), ([[431.532777680096, 797.3573328644607], [635.7336290174219, 732.817086508804], [669.4672223199041, 878.6426671355393], [465.2663709825781, 942.182913491196]], '옷)', 0.07535208667241954)]
[]
[([[351, 322], [426, 322], [426, 402], [351, 402]], '응', 0.9995768517951689), ([[412, 441], [676, 441], [676, 526], [412, 526]], '가간다  ', 0.5907300383486817), ([[1750, 747], [1919, 747], [1919, 886], [1750, 886]], '햇', 0.08060704082200587), ([[605, 1966], [877, 1966], [877, 2158], [605, 2158]], '#내', 0.36646489710517166), ([[1352, 1951], [1694, 1951], [1694, 2198], [1352, 2198]], '#옷7', 0.01834252460966194), ([[1691.2341972528468, 2088.3512958792703], [1770.8955977162068, 2015.028675627174], [1863.7658027471532, 2126.6487041207297], [1784.1044022837932, 2198.971324372826]], '부', 0.16124874107799858)]
[]
[]
[]
[]
[([[326, 2], [582, 2], [582, 225], [326, 225]], '#', 0.18709874034392726), ([[1931, 385], [1984, 385], [1984, 454], [1931, 454]], '9', 0.30590667576122144), ([[1977, 467], [2137, 467], [2137, 551], [1977, 551]], '전부.', 0.8130268934685667), ([[1895, 548], [2194, 548], [2194, 638], [1895, 638]], "'싸버리자?", 0.6338924288400771), ([[477, 567], [623, 567], [623, 704], [477, 704]], '왕', 0.14983670504342683), ([[2064, 675], [2298, 675], [2298, 753], [2064, 753]], '으욕: 끓', 0.08953007236099624), ([[596, 719], [785, 719], [785, 803], [596, 803]], '옮지:', 0.8628363121547904), ([[539, 798], [859, 798], [859, 889], [539, 889]], '잘하고있어', 0.9316952610406722), ([[833, 896], [973, 896], [973, 995], [833, 995]], '아락', 0.025741262412017202), ([[1731, 931], [1860, 931], [1860, 1023], [1731, 1023]], '@@', 0.13540409163808936), ([[907, 984], [1047, 984], [1047, 1063], [907, 1063]], '(닷', 0.03502640861051156), ([[544, 1588], [806, 1588], [806, 1656], [544, 1656]], '@짙데-_권너~', 0.00013553752613215052), ([[1997, 2482], [2218, 2482], [2218, 2559], [1997, 2559]], '이후에도', 0.5850242376327515), ([[1238, 2484], [1567, 2484], [1567, 2669], [1238, 2669]], '#유)', 0.20708584080548584), ([[2000, 2552], [2223, 2552], [2223, 2628], [2000, 2628]], '메차구차', 0.4024547338485718), ([[1971, 2618], [2260, 2618], [2260, 2702], [1971, 2702]], '착정당햇다', 0.5353653065612999), ([[301.85059385236406, 2248.0347985640074], [566.8123382716492, 2294.3878441264333], [531.1494061476359, 2450.9652014359926], [267.18766172835086, 2405.6121558735667]], '부최7', 0.0014168952915491109)]
[([[585, 1406], [717, 1406], [717, 1545], [585, 1545]], '~', 0.259043991427351), ([[544, 1588], [803, 1588], [803, 1656], [544, 1656]], '@짙데-_권너~', 0.00026485790699671055)]
[([[338, 417], [690, 417], [690, 498], [338, 498]], '나도 잘 하진', 0.9874195723305481), ([[323, 497], [639, 497], [639, 583], [323, 583]], '못하지만~', 0.9751992333008669), ([[361, 595], [496, 595], [496, 694], [361, 694]], '응좁', 0.0899907043239443), ([[555, 600], [1010, 600], [1010, 686], [555, 686]], '아저씨름 위해서', 0.6331467264789123), ([[555, 681], [945, 681], [945, 765], [555, 765]], '열심히 해불게', 0.47675020787358485), ([[504, 2061], [710, 2061], [710, 2186], [504, 2186]], '월', 0.16938796179601923), ([[1762, 2205], [1896, 2205], [1896, 2278], [1762, 2278]], "욕' ", 0.29051185062279367), ([[1291, 2247], [1509, 2247], [1509, 2362], [1291, 2362]], '활작-)', 0.3221374750137329), ([[1653, 2281], [2007, 2281], [2007, 2367], [1653, 2367]], '고 고마위:', 0.48487156422773015)]
[]
[([[151, 369], [345, 369], [345, 449], [151, 449]], '근데: .', 0.5743056564047849), ([[256, 472], [769, 472], [769, 556], [256, 556]], '트래블러는 어쩌다', 0.6653078852092277), ([[265, 550], [775, 550], [775, 641], [265, 641]], '이걸 하게 된거야?', 0.5691860387686651), ([[560, 1388], [686, 1388], [686, 1503], [560, 1503]], '월', 0.1449843614283033), ([[335, 2011], [522, 2011], [522, 2121], [335, 2121]], '원7', 0.00552672922854141), ([[1535, 2068], [1650, 2068], [1650, 2148], [1535, 2148]], '응?', 0.9969925186096739), ([[1473, 2148], [1651, 2148], [1651, 2232], [1473, 2232]], '이거?', 0.9999375066936251), ([[1660, 2240], [1993, 2240], [1993, 2326], [1660, 2326]], '그냥~ 여비', 0.9888205357267932), ([[1623, 2318], [2056, 2318], [2056, 2409], [1623, 2409]], '부족할때 기끔?', 0.7385184739295327)]
