2730001
124
[([[175, 465], [607, 465], [607, 558], [175, 558]], '빼주기만 하면', 0.9310185244765914), ([[233, 557], [553, 557], [553, 650], [233, 650]], '되는거지?', 0.9158483537586267), ([[457, 687], [784, 687], [784, 786], [457, 786]], '시작하다?', 0.8802628623608153), ([[288, 2254], [445, 2254], [445, 2362], [288, 2362]], '움', 0.45931992424573664), ([[1705, 2283], [1829, 2283], [1829, 2369], [1705, 2369]], '어?', 0.9999255694768557), ([[1692, 2376], [1842, 2376], [1842, 2454], [1692, 2454]], '어:', 0.6584528899158496), ([[1817, 2470], [2070, 2470], [2070, 2556], [1817, 2556]], '그그래', 0.8984251022338867), ([[1792, 2556], [2096, 2556], [2096, 2652], [1792, 2652]], '잘 부탁해', 0.4622314523545714)]
[([[463, 1253], [587, 1253], [587, 1370], [463, 1370]], '%', 0.19028673586598543), ([[2013, 1215], [2144, 1215], [2144, 1323], [2013, 1323]], '/', 0.17182606070269912), ([[1890, 1989], [2099, 1989], [2099, 2123], [1890, 2123]], '주권', 0.04816666179178172), ([[129, 2255], [507, 2255], [507, 2334], [129, 2334]], '자  잠깐만: .', 0.3737648940729388), ([[644, 2151], [883, 2151], [883, 2310], [644, 2310]], '축분내)', 0.009385675191879272), ([[178, 2331], [462, 2331], [462, 2421], [178, 2421]], '천천히: !', 0.565577258917982), ([[464, 2433], [624, 2433], [624, 2508], [464, 2508]], '웃!', 0.976917100078439)]
[]
[]
[]
[]
[([[1579.0440559000835, 2304.3277621102425], [1641.8779286970039, 2246.3014577470226], [1670.9559440999165, 2286.6722378897575], [1609.1220713029961, 2345.6985422529774]], '<', 0.9741490930439376)]
[]
[]
[]
[]
[]
[([[339, 638], [573, 638], [573, 731], [339, 731]], '응 !?', 0.8503553813919991), ([[1878, 1666], [2059, 1666], [2059, 1814], [1878, 1814]], '햇', 0.38883035851009495), ([[543, 1759], [821, 1759], [821, 1941], [543, 1941]], '겨최', 0.0008928099258002394), ([[1538, 1941], [1796, 1941], [1796, 2093], [1538, 2093]], '간', 0.029793121466692662), ([[206, 2229], [299, 2229], [299, 2320], [206, 2320]], '나', 0.9990716943815734), ([[105, 2337], [486, 2337], [486, 2452], [105, 2452]], '나온다 !', 0.7250653228967623), ([[378, 2511], [699, 2511], [699, 2621], [378, 2621]], '크웃 끓', 0.09609224257472763)]
[]
[([[939, 105], [990, 105], [990, 142], [939, 142]], '내신', 0.006660090224271124), ([[1072, 122], [1110, 122], [1110, 140], [1072, 140]], '<.', 0.21046539741986214)]
[]
[([[939, 105], [990, 105], [990, 142], [939, 142]], '내신', 0.009152402012882319), ([[1074, 122], [1110, 122], [1110, 140], [1074, 140]], '스', 0.21240884648420977)]
[]
[([[847.0095403537712, 1043.0213362074903], [1021.324864146593, 1113.2343185342247], [936.9904596462288, 1320.9786637925097], [761.675135853407, 1250.7656814657753]], '0', 0.6372751309729807)]
[]
[]
[]
[]
[([[270, 927], [350, 927], [350, 1009], [270, 1009]], '응', 0.9974590012858506), ([[1916, 1990], [2057, 1990], [2057, 2113], [1916, 2113]], '얇', 0.18615731419448256), ([[514, 2084], [705, 2084], [705, 2206], [514, 2206]], '원질', 0.30966011024244416), ([[679, 2335], [895, 2335], [895, 2472], [679, 2472]], '#%', 0.09156380756853814), ([[1858, 2286], [2085, 2286], [2085, 2420], [1858, 2420]], '부모%', 0.06013449564533547), ([[1609, 2417], [1828, 2417], [1828, 2496], [1609, 2496]], '크웃: !', 0.6815893239206672), ([[1714, 2526], [2070, 2526], [2070, 2612], [1714, 2612]], '미 미안:  %', 0.1952871019834377)]
[]
[]
[]
[]
[([[585, 1406], [717, 1406], [717, 1545], [585, 1545]], '~', 0.259043991427351), ([[544, 1588], [803, 1588], [803, 1656], [544, 1656]], '@짙데-_권너~', 0.00026485790699671055)]
[([[210, 602], [424, 602], [424, 723], [210, 723]], '푸 ,_', 0.08838514238595963), ([[322, 705], [642, 705], [642, 786], [322, 786]], '많이 셋네:', 0.46410016856030406), ([[373, 780], [614, 780], [614, 876], [373, 876]], '좋앞어?', 0.3466301061354696), ([[259, 1394], [435, 1394], [435, 1490], [259, 1490]], '(하의', 0.007975916845827815), ([[618, 1401], [749, 1401], [749, 1512], [618, 1512]], '월', 0.11348710929471295), ([[396, 2043], [598, 2043], [598, 2153], [396, 2153]], '월기', 0.028760447904446058), ([[1742, 2046], [1900, 2046], [1900, 2133], [1742, 2133]], '(라이', 0.06497492329070655), ([[1698, 2333], [1786, 2333], [1786, 2419], [1698, 2419]], '응:', 0.5651245081681208), ([[1779, 2456], [2047, 2456], [2047, 2542], [1779, 2542]], '최고엿어', 0.40473538637161255)]
[]
[([[117, 623], [177, 623], [177, 676], [117, 676]], '와', 0.9999470717758072), ([[226, 692], [340, 692], [340, 761], [226, 761]], '엄청', 0.9819843548976794), ([[177, 760], [353, 760], [353, 826], [177, 826]], '뜨겁네:', 0.9693474173545837), ([[1658, 1098], [1711, 1098], [1711, 1151], [1658, 1151]], '더', 0.999719877789417), ([[1580, 1155], [1824, 1155], [1824, 1232], [1580, 1232]], '하고싶어?', 0.8179473937938968)]
[([[1299, 562], [1591, 562], [1591, 642], [1299, 642]], '고고마위  !', 0.39042427385428474), ([[1570, 665], [1681, 665], [1681, 731], [1570, 731]], '대신', 0.9999518686382699), ([[73, 721], [200, 721], [200, 788], [73, 788]], '흐응;', 0.242072183139403), ([[1474, 729], [1779, 729], [1779, 802], [1474, 802]], '넣는건 안돼?', 0.43099487908623596), ([[98, 787], [214, 787], [214, 855], [98, 855]], '좋아', 0.9981669359702545), ([[229, 863], [403, 863], [403, 932], [229, 932]], '좀만 더', 0.5650190727316221), ([[1642, 835], [1838, 835], [1838, 914], [1642, 914]], '알켓지?', 0.44033886084653984), ([[181, 928], [448, 928], [448, 997], [181, 997]], '어울려줄게.', 0.32216421490580094), ([[1538, 2170], [1708, 2170], [1708, 2291], [1538, 2291]], '철본)', 0.0011871159438572496), ([[1549, 2421], [1771, 2421], [1771, 2542], [1549, 2542]], '빗어', 0.045373478233177715), ([[1014, 2488], [1163, 2488], [1163, 2596], [1014, 2596]], '저작', 0.046213828555034954)]
[([[161, 413], [293, 413], [293, 479], [161, 479]], '아잇:', 0.03819556485547378), ([[1351, 548], [1514, 548], [1514, 614], [1351, 614]], '거기에', 0.99816148411425), ([[1504, 622], [1685, 622], [1685, 691], [1504, 691]], '그렇게:', 0.7224512100219727), ([[1453, 685], [1698, 685], [1698, 761], [1453, 761]], '비버대면: ', 0.3496733518027735), ([[1635, 771], [1768, 771], [1768, 857], [1635, 857]], "'응돌", 0.0980445472148763), ([[1597, 1543], [1806, 1543], [1806, 1682], [1597, 1682]], '오랫', 0.05907040707687348), ([[374, 2080], [550, 2080], [550, 2201], [374, 2201]], '오흙', 0.08543967985186421), ([[1540, 2168], [1708, 2168], [1708, 2293], [1540, 2293]], '\'절꺼"', 0.043119724839925766), ([[1011, 2483], [1164, 2483], [1164, 2606], [1011, 2606]], '저끗', 0.01849653491848584), ([[270.2755570137922, 745.1360091868909], [414.4731610889882, 729.9853338525589], [419.7244429862078, 829.8639908131091], [275.5268389110118, 845.0146661474411]], '아내', 0.03807676068514037)]
[([[936, 103], [990, 103], [990, 141], [936, 141]], '1시', 0.006426218017110142), ([[1074, 122], [1110, 122], [1110, 140], [1074, 140]], '스', 0.2477974148516502), ([[1501, 754], [1691, 754], [1691, 827], [1501, 827]], '으웃; !', 0.365703208367066), ([[1136, 2069], [1334, 2069], [1334, 2202], [1136, 2202]], '#', 0.045544695202331065)]
[([[157, 620], [333, 620], [333, 684], [157, 684]], '으웃: !', 0.31928064699918), ([[239, 698], [379, 698], [379, 773], [239, 773]], "'이%", 0.08048609477485456), ([[496, 715], [587, 715], [587, 776], [496, 776]], '하아', 0.17476223414981865), ([[1490, 813], [1812, 813], [1812, 885], [1490, 885]], '나도 움직이고', 0.634711917447762), ([[1472, 878], [1779, 878], [1779, 953], [1472, 953]], '싶어지집아~', 0.3907560103975694), ([[1768, 1995], [1845, 1995], [1845, 2061], [1768, 2061]], '~큰', 0.0010589392152220616), ([[1708, 2061], [1846, 2061], [1846, 2136], [1708, 2136]], '않침-0', 0.009235267527401447), ([[881, 2092], [1125, 2092], [1125, 2249], [881, 2249]], '젊목', 0.051489734655201506), ([[1681.8600472001935, 2196.0406608027083], [1892.9607710224514, 2236.3276697545207], [1862.1399527998065, 2367.9593391972917], [1652.0392289775486, 2327.6723302454793]], '유리', 0.04570649320679944)]
[([[517, 193], [792, 193], [792, 277], [517, 277]], '왜 이렇게', 0.5506620349485974), ([[92, 218], [299, 218], [299, 353], [92, 353]], '8?', 0.8018609001777821), ([[548, 272], [783, 272], [783, 358], [548, 358]], '당황해?', 0.9992515444755554), ([[140, 345], [334, 345], [334, 426], [140, 426]], '뭐야~', 0.6963405636636734), ([[641, 376], [976, 376], [976, 469], [641, 469]], '혹시 이런거', 0.9952920294680513), ([[720, 462], [892, 462], [892, 543], [720, 543]], '처음?', 0.9998796251442416), ([[1574, 2283], [1820, 2283], [1820, 2367], [1574, 2367]], "어? '응", 0.7118202258310995), ([[1732, 2391], [2065, 2391], [2065, 2477], [1732, 2477]], '엄청 적극적', 0.9743789591513786), ([[1766, 2472], [2029, 2472], [2029, 2558], [1766, 2558]], "이라서:'", 0.9100048600417517), ([[570.9443614300254, 2425.7554891440204], [761.5911534948805, 2316.679019986007], [836.0556385699746, 2456.2445108559796], [646.4088465051195, 2564.320980013993]], '월 ', 0.45237157145758067)]
[([[937, 105], [990, 105], [990, 142], [937, 142]], '내내', 0.0051451815904177975), ([[1074, 122], [1110, 122], [1110, 140], [1074, 140]], '스', 0.22908437213502797), ([[87, 339], [234, 339], [234, 413], [87, 413]], '어때?', 0.9997484469804561), ([[206, 420], [362, 420], [362, 486], [206, 486]], '이렇게', 0.34885717013689393), ([[128, 478], [438, 478], [438, 558], [128, 558]], '움직여주논거', 0.7964467164575736), ([[495, 716], [584, 716], [584, 773], [495, 773]], '(하의', 0.19836824136010445), ([[1482, 728], [1743, 728], [1743, 804], [1482, 804]], '기분 쫓지?', 0.8906870172542084), ([[1675, 841], [1802, 841], [1802, 902], [1675, 902]], '응 !', 0.5188137784386314), ([[1646, 906], [1836, 906], [1836, 974], [1646, 974]], '좋아  끓', 0.04589435043338055), ([[1608, 1122], [1755, 1122], [1755, 1208], [1608, 1208]], '허룻', 0.11613966721993887), ([[1673, 1212], [1744, 1212], [1744, 1278], [1673, 1278]], '응', 0.9995794738463246), ([[1145, 1991], [1358, 1991], [1358, 2130], [1145, 2130]], '잘목', 0.016691118949454756), ([[1681, 2131], [1885, 2131], [1885, 2265], [1681, 2265]], '챔렉', 0.00040931380242523684), ([[1088, 2390], [1362, 2390], [1362, 2571], [1088, 2571]], '스욕%', 0.0067884906370578165)]
[([[188, 314], [297, 314], [297, 380], [188, 380]], '잇사', 0.04934089519048432), ([[132, 402], [207, 402], [207, 464], [132, 464]], '아', 0.19406602632504022), ([[153, 492], [422, 492], [422, 569], [153, 569]], "'씨려고햇지", 0.8483403665500197), ([[224, 559], [344, 559], [344, 633], [224, 633]], '방금', 0.9920413501446783), ([[1546, 892], [1677, 892], [1677, 972], [1546, 972]], '안돼', 0.751967396581846), ([[1524, 2232], [1875, 2232], [1875, 2436], [1524, 2436]], '꾸육내', 0.0017169130476584642)]
[([[118, 1606], [185, 1606], [185, 1683], [118, 1683]], '음', 0.9777551231983104), ([[274, 1694], [484, 1694], [484, 1786], [274, 1786]], '아저씬', 0.3206440261042166), ([[177, 1778], [580, 1778], [580, 1876], [177, 1876]], '처음이니까', 0.8846920990418271), ([[1462, 1977], [1667, 1977], [1667, 2063], [1462, 2063]], '특별히', 0.9975183583694933), ([[1343, 2060], [1723, 2060], [1723, 2153], [1343, 2153]], '해주는거다?', 0.3688700396630684), ([[702.3202333156396, 1066.150076509192], [827.7449824452646, 950.0115652624802], [1026.6797666843604, 1202.849923490808], [902.2550175547354, 1319.9884347375198]], '<', 0.2415834314712706)]
[([[615, 66], [750, 66], [750, 190], [615, 190]], '맞', 0.023017236395389773), ([[152, 289], [297, 289], [297, 358], [152, 358]], '웃:!', 0.5186018398576183), ([[129, 363], [301, 363], [301, 440], [129, 440]], '아까', 0.989031936524913), ([[250, 464], [431, 464], [431, 543], [250, 543]], '넣느건', 0.47447233037965886), ([[199, 541], [500, 541], [500, 625], [199, 625]], '안되다고: .', 0.5837330792541405), ([[1796, 535], [2012, 535], [2012, 667], [1796, 667]], '허앗', 0.26677401116423244), ([[430, 664], [561, 664], [561, 739], [430, 739]], '응 ', 0.662790657291987), ([[1861, 693], [1954, 693], [1954, 768], [1861, 768]], '응:', 0.5326086752916839), ([[1745, 764], [2050, 764], [2050, 848], [1745, 848]], '그쨌어논데', 0.06354847500451387), ([[779, 903], [883, 903], [883, 982], [779, 982]], "'해밤", 0.02272865649908351), ([[1728, 986], [1830, 986], [1830, 1059], [1728, 1059]], '희쨌', 0.010849933269116575), ([[962, 1999], [1231, 1999], [1231, 2169], [962, 2169]], '~사', 0.03359180131014984), ([[572, 2521], [775, 2521], [775, 2642], [572, 2642]], '세꾸히', 0.01545837250981601), ([[1444, 2506], [1653, 2506], [1653, 2653], [1444, 2653]], '(꺼)', 0.14363794039470587)]
[([[1569, 604], [1702, 604], [1702, 703], [1569, 703]], '앗', 0.06747022178206308), ([[1662, 699], [1888, 699], [1888, 785], [1662, 785]], '알켓지?', 0.3305031955242157), ([[302, 770], [489, 770], [489, 849], [302, 849]], '오늘만', 0.5357280969619751), ([[183, 849], [528, 849], [528, 928], [183, 928]], '해주느거야 ', 0.23497090674396684), ([[1884, 1761], [1931, 1761], [1931, 1803], [1884, 1803]], '왜.', 0.003374653199068909), ([[1925, 1749], [1967, 1749], [1967, 1812], [1925, 1812]], '(', 0.5936260772205628), ([[1761, 1799], [1959, 1799], [1959, 1920], [1761, 1920]], '월요', 0.12777275968997748), ([[184, 1856], [386, 1856], [386, 1968], [184, 1968]], '운린결', 0.005775896417930387), ([[1358, 2487], [1551, 2487], [1551, 2608], [1358, 2608]], '세', 0.03425089684469995), ([[585.2418773901741, 2488.110831382375], [785.5977664310295, 2474.1583283790196], [786.7581226098259, 2594.889168617625], [586.4022335689705, 2608.8416716209804]], '절패빗', 0.009545390679360277)]
[([[229, 537], [380, 537], [380, 648], [229, 648]], '엉,', 0.014162662381364217), ([[1540, 478], [1727, 478], [1727, 615], [1540, 615]], '잇', 0.20279696495947874), ([[275, 648], [480, 648], [480, 721], [275, 721]], '오옥:!', 0.46803224086761475), ([[291, 734], [613, 734], [613, 811], [291, 811]], '자  잠깐  !', 0.7750696424961283), ([[499, 816], [599, 816], [599, 884], [499, 884]], '아니)', 0.1822667880979389), ([[1511, 1012], [1616, 1012], [1616, 1078], [1511, 1078]], '희', 0.4061507006999818), ([[183, 1914], [390, 1914], [390, 2055], [183, 2055]], '월', 0.21648569690828268), ([[1245.991231559979, 2529.1351135438454], [1455.9680098588335, 2503.9575036622145], [1463.008768440021, 2632.8648864561546], [1252.0319901411665, 2658.0424963377855]], '절_', 0.047671343913165964)]
[([[617, 206], [795, 206], [795, 334], [617, 334]], '옛', 0.4575340622602688), ([[291, 642], [458, 642], [458, 746], [291, 746]], '허', 0.007429882348805927), ([[324, 780], [557, 780], [557, 854], [324, 854]], '좋아:?~', 0.3768980363659575), ([[1551, 882], [1833, 882], [1833, 955], [1551, 955]], "'싸고싶올때:", 0.2649249598557419), ([[1770, 989], [1982, 989], [1982, 1058], [1770, 1058]], '아무때나', 0.9998372793197632), ([[527, 1067], [607, 1067], [607, 1120], [527, 1120]], '패닮', 0.028826812528788815), ([[1761, 1057], [1937, 1057], [1937, 1123], [1761, 1123]], '싸도 돼', 0.3740874313331999), ([[1833, 1714], [1960, 1714], [1960, 1802], [1833, 1802]], '올텔', 0.0495100422404209), ([[119, 1753], [328, 1753], [328, 1887], [119, 1887]], '올', 0.09394942233089765), ([[554, 2123], [748, 2123], [748, 2244], [554, 2244]], '( 디)', 0.028933929279446602), ([[1261, 2156], [1414, 2156], [1414, 2260], [1261, 2260]], '저', 0.07477595491651812), ([[1715, 2363], [2004, 2363], [2004, 2663], [1715, 2663]], '퍽', 0.9998881848122352)]
[([[212, 564], [365, 564], [365, 654], [212, 654]], '하두)', 0.01342410827118507), ([[258, 676], [347, 676], [347, 743], [258, 743]], "욕'", 0.690954845236334), ([[274, 773], [542, 773], [542, 857], [274, 857]], '나" \' 벌써', 0.5090689192237741), ([[1572, 794], [1701, 794], [1701, 886], [1572, 886]], '응', 0.3841115163570663), ([[238, 852], [576, 852], [576, 936], [238, 936]], '쌀거같아 &', 0.16927366984159653), ([[1633, 892], [1793, 892], [1793, 956], [1633, 956]], "좋아 '", 0.45063340601906754), ([[1704, 1013], [1972, 1013], [1972, 1086], [1704, 1086]], '안에 싸쥐다', 0.2745133084542816), ([[0, 1761], [335, 1761], [335, 2065], [0, 2065]], '퍽내', 0.03374309061239307), ([[1633, 1919], [1770, 1919], [1770, 2029], [1633, 2029]], '월', 0.6974342124263764), ([[1314, 2369], [1509, 2369], [1509, 2508], [1314, 2508]], '세주)', 0.008160970395869792), ([[586, 2454], [802, 2454], [802, 2581], [586, 2581]], '챔씬', 0.050875793814622525), ([[1691, 2573], [2136, 2573], [2136, 2831], [1691, 2831]], '퍽4', 0.09521965865887676)]
[([[1522, 64], [1674, 64], [1674, 216], [1522, 216]], '부뱃', 0.21945424006275682), ([[1547, 810], [1778, 810], [1778, 992], [1547, 992]], '%', 0.32521739253073534), ([[1303, 2136], [1559, 2136], [1559, 2311], [1303, 2311]], '#얹', 0.03339753101576279), ([[600, 2385], [856, 2385], [856, 2558], [600, 2558]], '(봉', 0.030408224146896673), ([[431.532777680096, 797.3573328644607], [635.7336290174219, 732.817086508804], [669.4672223199041, 878.6426671355393], [465.2663709825781, 942.182913491196]], '옷)', 0.07535208667241954)]
[([[351, 322], [426, 322], [426, 402], [351, 402]], '응', 0.9995768517951689), ([[412, 441], [676, 441], [676, 526], [412, 526]], '가간다  ', 0.5907300383486817), ([[1750, 747], [1919, 747], [1919, 886], [1750, 886]], '햇', 0.08060704082200587), ([[605, 1966], [877, 1966], [877, 2158], [605, 2158]], '#내', 0.36646489710517166), ([[1352, 1951], [1694, 1951], [1694, 2198], [1352, 2198]], '#옷7', 0.01834252460966194), ([[1691.2341972528468, 2088.3512958792703], [1770.8955977162068, 2015.028675627174], [1863.7658027471532, 2126.6487041207297], [1784.1044022837932, 2198.971324372826]], '부', 0.16124874107799858)]
[([[162, 450], [303, 450], [303, 530], [162, 530]], '흐응', 0.6567863454044087), ([[294, 539], [553, 539], [553, 625], [294, 625]], '그렇구나', 0.9851033687591553), ([[186, 617], [658, 617], [658, 709], [186, 709]], '아저씨 귀엽네~', 0.8705101370791355), ([[603, 2268], [830, 2268], [830, 2378], [603, 2378]], '부)', 0.1588844358502548), ([[1290, 2269], [1432, 2269], [1432, 2390], [1290, 2390]], '월', 0.982321415682236), ([[1854, 2293], [1974, 2293], [1974, 2368], [1854, 2368]], '웃"', 0.2885150212921013)]
[]
[([[326, 2], [582, 2], [582, 225], [326, 225]], '#', 0.18709874034392726), ([[1931, 385], [1984, 385], [1984, 454], [1931, 454]], '9', 0.30590667576122144), ([[1977, 467], [2137, 467], [2137, 551], [1977, 551]], '전부.', 0.8130268934685667), ([[1895, 548], [2194, 548], [2194, 638], [1895, 638]], "'싸버리자?", 0.6338924288400771), ([[477, 567], [623, 567], [623, 704], [477, 704]], '왕', 0.14983670504342683), ([[2064, 675], [2298, 675], [2298, 753], [2064, 753]], '으욕: 끓', 0.08953007236099624), ([[596, 719], [785, 719], [785, 803], [596, 803]], '옮지:', 0.8628363121547904), ([[539, 798], [859, 798], [859, 889], [539, 889]], '잘하고있어', 0.9316952610406722), ([[833, 896], [973, 896], [973, 995], [833, 995]], '아락', 0.025741262412017202), ([[1731, 931], [1860, 931], [1860, 1023], [1731, 1023]], '@@', 0.13540409163808936), ([[907, 984], [1047, 984], [1047, 1063], [907, 1063]], '(닷', 0.03502640861051156), ([[544, 1588], [806, 1588], [806, 1656], [544, 1656]], '@짙데-_권너~', 0.00013553752613215052), ([[1997, 2482], [2218, 2482], [2218, 2559], [1997, 2559]], '이후에도', 0.5850242376327515), ([[1238, 2484], [1567, 2484], [1567, 2669], [1238, 2669]], '#유)', 0.20708584080548584), ([[2000, 2552], [2223, 2552], [2223, 2628], [2000, 2628]], '메차구차', 0.4024547338485718), ([[1971, 2618], [2260, 2618], [2260, 2702], [1971, 2702]], '착정당햇다', 0.5353653065612999), ([[301.85059385236406, 2248.0347985640074], [566.8123382716492, 2294.3878441264333], [531.1494061476359, 2450.9652014359926], [267.18766172835086, 2405.6121558735667]], '부최7', 0.0014168952915491109)]
[([[175, 465], [607, 465], [607, 558], [175, 558]], '빼주기만 하면', 0.9061761677846862), ([[233, 557], [553, 557], [553, 650], [233, 650]], '되는거지?', 0.9410360352700249), ([[457, 686], [782, 686], [782, 789], [457, 789]], '시작하다?', 0.9340089280210059), ([[288, 2254], [447, 2254], [447, 2362], [288, 2362]], '움집', 0.7871267499645217), ([[1703, 2279], [1831, 2279], [1831, 2370], [1703, 2370]], '어?', 0.9999602136068284), ([[1692, 2374], [1842, 2374], [1842, 2454], [1692, 2454]], '어: ', 0.369403443337626), ([[1817, 2470], [2070, 2470], [2070, 2556], [1817, 2556]], '그그래', 0.9430051445960999), ([[1792, 2556], [2096, 2556], [2096, 2652], [1792, 2652]], '잘 부탁해', 0.5374680288419392)]
[([[517, 193], [792, 193], [792, 277], [517, 277]], '왜 이렇계', 0.530494212008946), ([[92, 218], [299, 218], [299, 353], [92, 353]], '8?', 0.7230757135674587), ([[548, 272], [783, 272], [783, 358], [548, 358]], '당황해?', 0.9993757009506226), ([[140, 345], [334, 345], [334, 426], [140, 426]], '뭐야~', 0.7314638267870807), ([[641, 376], [976, 376], [976, 469], [641, 469]], '혹시 이런거', 0.9940652268671124), ([[720, 462], [894, 462], [894, 543], [720, 543]], '처음?', 0.7183397343677013), ([[1574, 2283], [1820, 2283], [1820, 2367], [1574, 2367]], "어? '응", 0.7905685962073499), ([[1732, 2391], [2065, 2391], [2065, 2477], [1732, 2477]], '엄청 적극적', 0.9687936462645187), ([[1766, 2472], [2029, 2472], [2029, 2558], [1766, 2558]], "이라서:'", 0.8733745775502726), ([[568.8774112213039, 2423.2896700991732], [769.1895287617019, 2311.855565956811], [846.1225887786961, 2457.7103299008268], [645.8104712382981, 2570.144434043189]], '콤', 0.07330019730824588)]
[([[162, 450], [303, 450], [303, 530], [162, 530]], '흐응', 0.6047480681858429), ([[294, 539], [553, 539], [553, 625], [294, 625]], '그렇구나', 0.9869867563247681), ([[186, 617], [658, 617], [658, 709], [186, 709]], '아저씨 귀엽네~', 0.8323585040906241), ([[600, 2268], [834, 2268], [834, 2380], [600, 2380]], '스-0', 0.47248923778533936), ([[1283, 2267], [1445, 2267], [1445, 2390], [1283, 2390]], '월', 0.8814895480947058), ([[1854, 2293], [1974, 2293], [1974, 2368], [1854, 2368]], '웃"', 0.18108748533804445)]
[([[338, 417], [690, 417], [690, 498], [338, 498]], '나도 잘 하진', 0.988954584435174), ([[323, 497], [639, 497], [639, 583], [323, 583]], '못하지만~', 0.9926219694269246), ([[363, 595], [498, 595], [498, 698], [363, 698]], '응', 0.36156520373154777), ([[555, 600], [1010, 600], [1010, 686], [555, 686]], '아저씨름 위해서', 0.6281020261411996), ([[555, 679], [947, 679], [947, 765], [555, 765]], '열심히 해불게', 0.5431036867491198), ([[1762, 2205], [1896, 2205], [1896, 2278], [1762, 2278]], "욕' ", 0.26852913262575057), ([[1289, 2250], [1509, 2250], [1509, 2362], [1289, 2362]], '활작)', 0.2258503709717136), ([[1653, 2281], [2007, 2281], [2007, 2367], [1653, 2367]], '고 고마위:', 0.4542686651870288), ([[508.161522368915, 2074.1306565824048], [700.8363426870773, 2058.8185184559015], [702.838477631085, 2169.8693434175952], [510.16365731292274, 2185.1814815440985]], '월-신', 0.07140287209594141)]
[([[151, 369], [345, 369], [345, 449], [151, 449]], '근데: .', 0.6141743064782212), ([[256, 472], [769, 472], [769, 556], [256, 556]], '트래블러는 어쩌다', 0.6791951061846213), ([[265, 550], [775, 550], [775, 641], [265, 641]], '이걸 하게 된거야?', 0.5701944884638074), ([[560, 1388], [686, 1388], [686, 1503], [560, 1503]], '월', 0.17220597167124652), ([[339, 2011], [508, 2011], [508, 2121], [339, 2121]], '월레', 0.03991641486680897), ([[1537, 2068], [1650, 2068], [1650, 2148], [1537, 2148]], '응?', 0.536779722677511), ([[1472, 2147], [1652, 2147], [1652, 2234], [1472, 2234]], '이거?', 0.9999692350580138), ([[1660, 2240], [1993, 2240], [1993, 2326], [1660, 2326]], '그냥~ 여비', 0.9813140406823594), ([[1623, 2318], [2054, 2318], [2054, 2409], [1623, 2409]], '부족할때 기끔?', 0.8704172605922698)]
[([[219, 396], [431, 396], [431, 474], [219, 474]], '그리고:', 0.5951498746871948), ([[339, 503], [673, 503], [673, 589], [339, 589]], "'원래 그런건", 0.7300878632735963), ([[332, 584], [679, 584], [679, 670], [332, 670]], '문느거 아냐', 0.8645766210397619), ([[641, 702], [840, 702], [840, 782], [641, 782]], '바보야', 0.9999095638206364), ([[618, 1401], [747, 1401], [747, 1512], [618, 1512]], '월', 0.06554445986772439), ([[393, 2031], [602, 2031], [602, 2157], [393, 2157]], '월내', 0.021897040807314513), ([[1600, 2286], [1758, 2286], [1758, 2359], [1600, 2359]], '아!', 0.9407172782341244), ([[1692, 2399], [2010, 2399], [2010, 2478], [1692, 2478]], '미: 미안: .', 0.4251454050855636), ([[1895, 2565], [1970, 2565], [1970, 2645], [1895, 2645]], '흥', 0.6453413940200825)]
[([[1417, 1431], [1851, 1431], [1851, 1673], [1417, 1673]], '(로자', 0.0011399704063922292), ([[1544, 2114], [1796, 2114], [1796, 2237], [1544, 2237]], '올-', 0.09575333345792679), ([[239.91446426107325, 1379.122249689523], [605.463481941112, 1251.7999110415983], [689.0855357389268, 1582.877750310477], [323.536518058888, 1709.2000889584017]], '월', 0.11014390133870311)]
[([[386, 536], [568, 536], [568, 660], [386, 660]], '응내', 0.06458885419563547), ([[786, 1961], [986, 1961], [986, 2109], [786, 2109]], '초0', 0.04249229404864866), ([[1744, 2156], [1972, 2156], [1972, 2255], [1744, 2255]], '웃-', 0.23193432404804903)]
[([[338, 417], [690, 417], [690, 498], [338, 498]], '나도 잘 하진', 0.9874195723305481), ([[323, 497], [639, 497], [639, 583], [323, 583]], '못하지만~', 0.9751992333008669), ([[361, 595], [496, 595], [496, 694], [361, 694]], '응좁', 0.0899907043239443), ([[555, 600], [1010, 600], [1010, 686], [555, 686]], '아저씨름 위해서', 0.6331467264789123), ([[555, 681], [945, 681], [945, 765], [555, 765]], '열심히 해불게', 0.47675020787358485), ([[504, 2061], [710, 2061], [710, 2186], [504, 2186]], '월', 0.16938796179601923), ([[1762, 2205], [1896, 2205], [1896, 2278], [1762, 2278]], "욕' ", 0.29051185062279367), ([[1291, 2247], [1509, 2247], [1509, 2362], [1291, 2362]], '활작-)', 0.3221374750137329), ([[1653, 2281], [2007, 2281], [2007, 2367], [1653, 2367]], '고 고마위:', 0.48487156422773015)]
[([[329, 867], [428, 867], [428, 1002], [329, 1002]], '응', 0.9108198631548134), ([[757, 2206], [970, 2206], [970, 2332], [757, 2332]], '주비', 0.032230457359694174), ([[1550, 2200], [1703, 2200], [1703, 2308], [1550, 2308]], '초', 0.19880524997981652), ([[1738, 2372], [1974, 2372], [1974, 2476], [1738, 2476]], '웃 끓', 0.04115214781134634)]
[([[463, 1253], [587, 1253], [587, 1370], [463, 1370]], '%', 0.2854235307311548), ([[2013, 1215], [2144, 1215], [2144, 1323], [2013, 1323]], '/', 0.10583589818685368), ([[1890, 1989], [2099, 1989], [2099, 2123], [1890, 2123]], '주빛', 0.059337613801371675), ([[127, 2253], [509, 2253], [509, 2339], [127, 2339]], '자  잠깐만  .', 0.5174975174294768), ([[646, 2151], [879, 2151], [879, 2310], [646, 2310]], '축분', 0.10000396604244075), ([[179, 2332], [461, 2332], [461, 2416], [179, 2416]], '천천히:  !', 0.7912235236699386), ([[464, 2433], [624, 2433], [624, 2508], [464, 2508]], '웃!', 0.9674851368130016)]
[([[341, 640], [573, 640], [573, 731], [341, 731]], '응 !?', 0.8881563748961705), ([[1880, 1668], [2061, 1668], [2061, 1816], [1880, 1816]], '햇', 0.17116493856070747), ([[545, 1758], [821, 1758], [821, 1940], [545, 1940]], '부너우', 0.011834614740898697), ([[1538, 1936], [1794, 1936], [1794, 2084], [1538, 2084]], '뜻', 0.19018828410651967), ([[204, 2229], [333, 2229], [333, 2322], [204, 2322]], '나:', 0.9731286223140719), ([[105, 2337], [486, 2337], [486, 2452], [105, 2452]], '나온다 !', 0.6923185288654518), ([[377, 2510], [699, 2510], [699, 2621], [377, 2621]], '크웃: ', 0.3034912943840027)]
[([[270, 927], [350, 927], [350, 1009], [270, 1009]], '응', 0.997572466536667), ([[1913, 1990], [2059, 1990], [2059, 2113], [1913, 2113]], '월', 0.2910337514194907), ([[512, 2084], [676, 2084], [676, 2206], [512, 2206]], '월질', 0.2179040449547505), ([[679, 2333], [904, 2333], [904, 2474], [679, 2474]], '듯아', 0.003934440561929391), ([[1858, 2288], [2085, 2288], [2085, 2420], [1858, 2420]], '#모%', 0.005345656933568952), ([[1609, 2417], [1828, 2417], [1828, 2496], [1609, 2496]], '크웃: !', 0.6213875367225019), ([[1714, 2526], [2070, 2526], [2070, 2612], [1714, 2612]], '미: 미안:  #', 0.10260008063785513)]
[([[212, 602], [417, 602], [417, 723], [212, 723]], '푸 ,', 0.07607150485625504), ([[322, 705], [642, 705], [642, 786], [322, 786]], '많이 셋네:', 0.4777320391657448), ([[375, 782], [612, 782], [612, 871], [375, 871]], '중앉어?', 0.20259332656860352), ([[259, 1394], [429, 1394], [429, 1490], [259, 1490]], '(하번내', 0.010741735808551311), ([[618, 1401], [749, 1401], [749, 1512], [618, 1512]], '월', 0.09407334879303253), ([[1742, 2046], [1900, 2046], [1900, 2133], [1742, 2133]], '(라이', 0.09064634113819729), ([[1698, 2333], [1789, 2333], [1789, 2419], [1698, 2419]], '응:', 0.7038897941253074), ([[1779, 2456], [2047, 2456], [2047, 2542], [1779, 2542]], '최고엿어', 0.4108043909072876), ([[398.1869092160034, 2044.127055433624], [601.0652213064119, 2030.176446861046], [600.8130907839966, 2140.8729445663757], [398.93477869358816, 2154.823553138954]], '얇씬', 0.002933477176747905)]
[]
[([[117, 623], [179, 623], [179, 676], [117, 676]], '와', 0.9999543433632461), ([[226, 692], [340, 692], [340, 761], [226, 761]], '엄청', 0.9856429577881209), ([[177, 760], [353, 760], [353, 828], [177, 828]], '뜨겁네:', 0.9283913969993591), ([[1658, 1098], [1709, 1098], [1709, 1149], [1658, 1149]], '더', 0.9994768588652256), ([[1580, 1155], [1824, 1155], [1824, 1232], [1580, 1232]], '하고싶어?', 0.8841607182409128)]
[([[1300, 562], [1591, 562], [1591, 642], [1300, 642]], '고고마위: !', 0.51426290442952), ([[1570, 665], [1681, 665], [1681, 731], [1570, 731]], '대신', 0.9999597921432808), ([[73, 721], [216, 721], [216, 785], [73, 785]], '흐응: ', 0.18584288656711578), ([[1474, 729], [1779, 729], [1779, 802], [1474, 802]], '넣는건 안돼?', 0.43447164961915863), ([[98, 787], [214, 787], [214, 855], [98, 855]], '좋아', 0.9980468840991523), ([[226, 860], [404, 860], [404, 934], [226, 934]], '좀만 더', 0.7147883702570593), ([[1643, 835], [1837, 835], [1837, 912], [1643, 912]], '알켓지?', 0.38156259059906006), ([[180, 927], [449, 927], [449, 1001], [180, 1001]], '어울려줄게', 0.2695641306903362), ([[1538, 2170], [1708, 2170], [1708, 2291], [1538, 2291]], '훨본)', 0.0024293301726906963), ([[1549, 2421], [1771, 2421], [1771, 2542], [1549, 2542]], '빗어', 0.04949382500708621), ([[1014, 2488], [1163, 2488], [1163, 2596], [1014, 2596]], '저작', 0.053019442458887206)]
[([[161, 413], [295, 413], [295, 479], [161, 479]], '아잇:', 0.06244317516226487), ([[1351, 548], [1514, 548], [1514, 614], [1351, 614]], '거기에', 0.9981907966138646), ([[1504, 622], [1683, 622], [1683, 691], [1504, 691]], '그렇게:', 0.8209861516952515), ([[1453, 685], [1698, 685], [1698, 761], [1453, 761]], '비버대면: ', 0.336974691750036), ([[1635, 771], [1768, 771], [1768, 857], [1635, 857]], "'응돌", 0.08312035938310239), ([[1597, 1543], [1806, 1543], [1806, 1682], [1597, 1682]], '오랫', 0.030714532616237623), ([[373, 2083], [526, 2083], [526, 2200], [373, 2200]], '오', 0.4316562124086296), ([[1540, 2170], [1708, 2170], [1708, 2293], [1540, 2293]], '\'절적"', 0.06499821692705154), ([[1011, 2483], [1164, 2483], [1164, 2608], [1011, 2608]], '저끗', 0.0753315132145223), ([[270.2755570137922, 745.1360091868909], [414.4731610889882, 729.9853338525589], [418.7244429862078, 829.8639908131091], [275.5268389110118, 845.0146661474411]], '아내', 0.060247367823034116)]
[([[940, 108], [987, 108], [987, 139], [940, 139]], '_|', 0.0026659154322443406), ([[1072, 122], [1110, 122], [1110, 140], [1072, 140]], '<.', 0.18002137703534254), ([[1501, 754], [1691, 754], [1691, 827], [1501, 827]], '으웃; !', 0.4955473477647592), ([[1136, 2069], [1335, 2069], [1335, 2202], [1136, 2202]], '#%', 0.03283657370383284)]
[([[151, 369], [345, 369], [345, 449], [151, 449]], '근데: .', 0.5743056564047849), ([[256, 472], [769, 472], [769, 556], [256, 556]], '트래블러는 어쩌다', 0.6653078852092277), ([[265, 550], [775, 550], [775, 641], [265, 641]], '이걸 하게 된거야?', 0.5691860387686651), ([[560, 1388], [686, 1388], [686, 1503], [560, 1503]], '월', 0.1449843614283033), ([[335, 2011], [522, 2011], [522, 2121], [335, 2121]], '원7', 0.00552672922854141), ([[1535, 2068], [1650, 2068], [1650, 2148], [1535, 2148]], '응?', 0.9969925186096739), ([[1473, 2148], [1651, 2148], [1651, 2232], [1473, 2232]], '이거?', 0.9999375066936251), ([[1660, 2240], [1993, 2240], [1993, 2326], [1660, 2326]], '그냥~ 여비', 0.9888205357267932), ([[1623, 2318], [2056, 2318], [2056, 2409], [1623, 2409]], '부족할때 기끔?', 0.7385184739295327)]
[([[157, 620], [333, 620], [333, 684], [157, 684]], '으웃:!', 0.3690520226955414), ([[239, 698], [379, 698], [379, 773], [239, 773]], "'이애", 0.07656853181818035), ([[496, 715], [587, 715], [587, 776], [496, 776]], '하아', 0.1147967838688572), ([[1490, 813], [1812, 813], [1812, 885], [1490, 885]], '나도 움직이고', 0.7741030346463577), ([[1472, 878], [1797, 878], [1797, 953], [1472, 953]], '싶어지잡아`', 0.6492864231818317), ([[1770, 1995], [1845, 1995], [1845, 2061], [1770, 2061]], '다리', 0.0021240823209450516), ([[1707, 2058], [1850, 2058], [1850, 2134], [1707, 2134]], '않계 0', 0.0047192657366395), ([[883, 2093], [1125, 2093], [1125, 2249], [883, 2249]], '젊', 0.03347026266813291), ([[1682.9080146377473, 2198.0398005371376], [1893.047671794901, 2236.7404451573593], [1864.0919853622527, 2364.9601994628624], [1653.952328205099, 2326.2595548426407]], '유)', 0.010573722049229272)]
[([[937, 105], [990, 105], [990, 142], [937, 142]], '내신', 0.003171469241586205), ([[1074, 122], [1103, 122], [1103, 140], [1074, 140]], '스', 0.27390695200301707), ([[89, 341], [232, 341], [232, 410], [89, 410]], '어때?', 0.9999247052659209), ([[206, 420], [362, 420], [362, 486], [206, 486]], '이렇게', 0.41053433932789857), ([[128, 478], [438, 478], [438, 558], [128, 558]], '움직여주논거', 0.8178084194227389), ([[497, 716], [584, 716], [584, 773], [497, 773]], '스의', 0.0010510081684053042), ([[1482, 728], [1743, 728], [1743, 804], [1482, 804]], '기분 쫓지?', 0.9208253059161117), ([[1675, 841], [1802, 841], [1802, 902], [1675, 902]], '응 !', 0.5891315994002353), ([[1646, 906], [1836, 906], [1836, 974], [1646, 974]], '좋아 끓', 0.06124433875083923), ([[1608, 1122], [1755, 1122], [1755, 1208], [1608, 1208]], '허룻', 0.1108000615366359), ([[1673, 1212], [1744, 1212], [1744, 1278], [1673, 1278]], '응', 0.9994826986008434), ([[1144, 1992], [1362, 1992], [1362, 2136], [1144, 2136]], '(0목', 0.023186448323542518), ([[1673, 2123], [1892, 2123], [1892, 2272], [1673, 2272]], '발&)', 0.0006115905209794912), ([[1089, 2390], [1362, 2390], [1362, 2571], [1089, 2571]], '스욕%', 0.023465706607453642)]
[([[188, 314], [297, 314], [297, 380], [188, 380]], '잇사', 0.04568920033588965), ([[132, 402], [207, 402], [207, 464], [132, 464]], '아', 0.1865850789109027), ([[153, 493], [422, 493], [422, 566], [153, 566]], "'씨려고햇지", 0.82967119464019), ([[224, 559], [344, 559], [344, 632], [224, 632]], '방금.', 0.4853726149795435), ([[1546, 892], [1677, 892], [1677, 972], [1546, 972]], '안돼', 0.780234401544398), ([[1530, 2233], [1871, 2233], [1871, 2430], [1530, 2430]], '(거훨', 0.17603564262390137)]
[([[804, 1062], [991, 1062], [991, 1299], [804, 1299]], '<', 0.8106551922537619), ([[115, 1602], [188, 1602], [188, 1684], [115, 1684]], '음', 0.9988612795940846), ([[274, 1694], [484, 1694], [484, 1786], [274, 1786]], '아저씬', 0.3473375993323198), ([[179, 1781], [578, 1781], [578, 1872], [179, 1872]], '처음이니까', 0.7731759118232949), ([[1462, 1977], [1667, 1977], [1667, 2063], [1462, 2063]], '특별히', 0.9975560622940798), ([[1343, 2060], [1726, 2060], [1726, 2153], [1343, 2153]], '해주는거다?<', 0.24776060279792156)]
[([[615, 68], [750, 68], [750, 190], [615, 190]], '맞', 0.011444297097341016), ([[152, 289], [297, 289], [297, 358], [152, 358]], '웃!', 0.9664200842369169), ([[129, 363], [301, 363], [301, 440], [129, 440]], '아까', 0.9902678330401891), ([[250, 464], [431, 464], [431, 543], [250, 543]], '넣느건', 0.4598478038066614), ([[199, 541], [500, 541], [500, 625], [199, 625]], '안되다고: .', 0.5830370890822343), ([[1796, 535], [2011, 535], [2011, 667], [1796, 667]], '허앗', 0.13748436369140743), ([[430, 664], [561, 664], [561, 739], [430, 739]], '응 ', 0.603414014274736), ([[1863, 693], [1952, 693], [1952, 768], [1863, 768]], "응'", 0.7424883964878812), ([[1745, 764], [2047, 764], [2047, 848], [1745, 848]], '그쨌어는데', 0.06935623547389032), ([[781, 903], [883, 903], [883, 981], [781, 981]], "'직원대", 0.013365067541599274), ([[1728, 986], [1830, 986], [1830, 1059], [1728, 1059]], '해쨌', 0.004411644463718094), ([[567, 2516], [794, 2516], [794, 2650], [567, 2650]], '저작 ', 0.07602747239550163), ([[1444, 2507], [1653, 2507], [1653, 2654], [1444, 2654]], '(꺼)', 0.09286560465561637)]
[([[1571, 604], [1702, 604], [1702, 703], [1571, 703]], '%', 0.053697549432707214), ([[1662, 699], [1888, 699], [1888, 785], [1662, 785]], '알켓지?', 0.3372209668159485), ([[302, 770], [489, 770], [489, 849], [302, 849]], '오늘만', 0.9999765305361424), ([[183, 849], [528, 849], [528, 928], [183, 928]], '해주느거야 ', 0.2107596600051697), ([[1884, 1761], [1931, 1761], [1931, 1803], [1884, 1803]], '왜.', 0.0021349656061907707), ([[1925, 1749], [1967, 1749], [1967, 1812], [1925, 1812]], '(', 0.5715233562825439), ([[1765, 1801], [1958, 1801], [1958, 1918], [1765, 1918]], '월요', 0.04515266165368377), ([[577, 2473], [796, 2473], [796, 2611], [577, 2611]], '텅패씬', 0.022170359447631762), ([[1354, 2488], [1555, 2488], [1555, 2615], [1354, 2615]], '휴랫', 0.014002827154396366), ([[183.28943030212767, 1835.0917018097873], [385.86077549365535, 1822.481572939724], [385.7105696978723, 1959.9082981902127], [183.13922450634465, 1972.518427060276]], '운@자', 0.01048356597108172)]
[([[229, 537], [380, 537], [380, 648], [229, 648]], '엉,', 0.014571973994425407), ([[1540, 478], [1727, 478], [1727, 615], [1540, 615]], '잇', 0.20938062932742696), ([[275, 648], [480, 648], [480, 721], [275, 721]], '오옥:!', 0.49431362748146057), ([[291, 734], [613, 734], [613, 811], [291, 811]], '자  잠깐  !', 0.7571061555679665), ([[499, 816], [599, 816], [599, 884], [499, 884]], '아니)', 0.1780036978141534), ([[1509, 1012], [1616, 1012], [1616, 1078], [1509, 1078]], '@외', 0.04032931782413359), ([[184, 1917], [391, 1917], [391, 2056], [184, 2056]], '원', 0.2936125010707116), ([[1244.0431823114293, 2529.1281855668617], [1457.9763987542206, 2503.968617332883], [1464.9568176885707, 2634.8718144331383], [1251.0236012457794, 2660.031382667117]], '질_', 0.045097288048708856)]
[([[617, 206], [795, 206], [795, 334], [617, 334]], '옛', 0.5708571040997867), ([[291, 642], [458, 642], [458, 746], [291, 746]], '침', 0.005342032936973773), ([[324, 780], [557, 780], [557, 855], [324, 855]], '좋아 .?~', 0.726382559983672), ([[1551, 882], [1833, 882], [1833, 955], [1551, 955]], "'싸고싶올때:", 0.34047733741631925), ([[1770, 989], [1982, 989], [1982, 1058], [1770, 1058]], '아무때나', 0.9998460412025452), ([[527, 1067], [607, 1067], [607, 1120], [527, 1120]], '패닮', 0.02607065099625514), ([[1761, 1057], [1937, 1057], [1937, 1123], [1761, 1123]], '싸도 돼', 0.5923609161664461), ([[1821, 1711], [1963, 1711], [1963, 1814], [1821, 1814]], '월', 0.5509517349648583), ([[117, 1753], [328, 1753], [328, 1887], [117, 1887]], '원}', 0.003377832333672375), ([[558, 2124], [744, 2124], [744, 2241], [558, 2241]], " 대'", 0.028403151780366898), ([[1258, 2156], [1412, 2156], [1412, 2260], [1258, 2260]], '저', 0.02072859597888077), ([[1712, 2342], [2115, 2342], [2115, 2673], [1712, 2673]], '퍽내', 0.13798505161176505)]
[([[215, 566], [362, 566], [362, 650], [215, 650]], '히사요', 0.008559891472665533), ([[258, 676], [349, 676], [349, 745], [258, 745]], "욕'", 0.36112238253847645), ([[274, 773], [542, 773], [542, 857], [274, 857]], '나" \' 벌써', 0.45764717861411724), ([[1572, 794], [1701, 794], [1701, 884], [1572, 884]], '용', 0.182845248588265), ([[239, 853], [575, 853], [575, 933], [239, 933]], '쌀거같아  @', 0.09294339189212429), ([[1633, 892], [1793, 892], [1793, 956], [1633, 956]], "좋아 '", 0.47603032620758745), ([[1704, 1013], [1965, 1013], [1965, 1086], [1704, 1086]], '안에 싸쥐~', 0.08592001547789739), ([[0, 1761], [340, 1761], [340, 2065], [0, 2065]], '떡내', 0.027272577276546178), ([[1624, 1912], [1820, 1912], [1820, 2029], [1624, 2029]], '월', 0.011492086893606646), ([[1312, 2369], [1509, 2369], [1509, 2508], [1312, 2508]], '쥐력', 0.003093323538082462), ([[588, 2461], [800, 2461], [800, 2577], [588, 2577]], '절싸', 0.014535878285974824), ([[1691, 2573], [2136, 2573], [2136, 2831], [1691, 2831]], '퍽몹', 0.08857138034524448)]
[([[1519, 65], [1678, 65], [1678, 222], [1519, 222]], '"뱃', 0.20464986920251763), ([[1547, 807], [1778, 807], [1778, 992], [1547, 992]], '옛', 0.08453128022944156), ([[1306, 2142], [1557, 2142], [1557, 2312], [1306, 2312]], '#얹', 0.08484899313846846), ([[431.532777680096, 797.3573328644607], [635.7336290174219, 732.817086508804], [669.4672223199041, 878.6426671355393], [465.2663709825781, 942.182913491196]], '옷)', 0.08214805682259585), ([[620.8336252904619, 2379.0378294731136], [878.6577550999526, 2415.1795018488383], [849.1663747095381, 2568.9621705268864], [591.3422449000474, 2532.8204981511617]], '적', 0.02012197055833642)]
[([[219, 396], [431, 396], [431, 474], [219, 474]], '그리고:', 0.7236568927764893), ([[339, 503], [673, 503], [673, 589], [339, 589]], "'원래 그런건", 0.665980351566398), ([[332, 584], [679, 584], [679, 670], [332, 670]], '문느거 아냐', 0.5938727796923303), ([[642, 702], [840, 702], [840, 782], [642, 782]], '바보야', 0.9618670344352722), ([[618, 1401], [747, 1401], [747, 1512], [618, 1512]], '월', 0.048868080455322094), ([[390, 2032], [598, 2032], [598, 2156], [390, 2156]], '엷기', 0.009134802460617548), ([[1600, 2286], [1758, 2286], [1758, 2359], [1600, 2359]], '아!', 0.9076572991621532), ([[1692, 2399], [2010, 2399], [2010, 2478], [1692, 2478]], '미: 미안: .', 0.5284523179708666), ([[1895, 2565], [1970, 2565], [1970, 2645], [1895, 2645]], '흥', 0.5190687061096924)]
[([[354, 324], [444, 324], [444, 402], [354, 402]], '응', 0.9993617361321618), ([[412, 441], [676, 441], [676, 526], [412, 526]], '가간다  ', 0.6986480270735169), ([[1747, 741], [1924, 741], [1924, 888], [1747, 888]], '옛', 0.260081082831082), ([[601, 1949], [923, 1949], [923, 2159], [601, 2159]], '#%', 0.017338805530668168), ([[1340, 1963], [1847, 1963], [1847, 2187], [1340, 2187]], '#월 )', 0.013237222489268063)]
[]
[([[324, 2], [582, 2], [582, 225], [324, 225]], '#%', 0.0035724728938413847), ([[1931, 385], [1984, 385], [1984, 454], [1931, 454]], '9', 0.23520313083697975), ([[1975, 467], [2137, 467], [2137, 551], [1975, 551]], '전부.', 0.852170287488588), ([[1895, 548], [2196, 548], [2196, 638], [1895, 638]], "'씨버리자?", 0.7073288335730142), ([[477, 567], [620, 567], [620, 701], [477, 701]], '왕', 0.17139583101658218), ([[2064, 675], [2298, 675], [2298, 753], [2064, 753]], '으욕:  끓', 0.06329475430139987), ([[599, 723], [784, 723], [784, 802], [599, 802]], '옮지', 0.8113325414039666), ([[537, 793], [861, 793], [861, 892], [537, 892]], '질하고있어', 0.7975570186781221), ([[833, 898], [973, 898], [973, 995], [833, 995]], '아내', 0.06562436441802902), ([[1731, 931], [1859, 931], [1859, 1023], [1731, 1023]], '@영', 0.2075860919577044), ([[907, 984], [1047, 984], [1047, 1063], [907, 1063]], '(닷', 0.03803688058128916), ([[544, 1588], [803, 1588], [803, 1656], [544, 1656]], '@짙데-권너~', 0.0002689686525961682), ([[1997, 2482], [2218, 2482], [2218, 2559], [1997, 2559]], '이후에도', 0.5466448068618774), ([[1234, 2480], [1576, 2480], [1576, 2673], [1234, 2673]], '#유7', 0.01874699671528777), ([[2001, 2554], [2222, 2554], [2222, 2627], [2001, 2627]], '메차구차', 0.7472843527793884), ([[1975, 2621], [2259, 2621], [2259, 2701], [1975, 2701]], '착정당햇다.', 0.6393841542736541), ([[307.8771908492067, 2252.035053587308], [557.7722889468282, 2295.4662167556535], [525.1228091507933, 2447.964946412692], [275.22771105317184, 2405.5337832443465]], '빗릇%', 0.0006092436618237707)]
[]
[]
[]
[]
[]
[]
[]
[([[512, 1307], [605, 1307], [605, 1420], [512, 1420]], '4', 0.11209315862794611), ([[302, 1409], [613, 1409], [613, 1643], [302, 1643]], '옆', 0.5426900910334211), ([[1413, 1429], [1854, 1429], [1854, 1681], [1413, 1681]], '( ', 0.40031399773756104), ([[1544, 2114], [1796, 2114], [1796, 2237], [1544, 2237]], '올-', 0.146931314723424)]
[]
[]
[]
[]
[]
[]
[]
[]
[]
[]
[([[386, 536], [568, 536], [568, 660], [386, 660]], '응내', 0.04628330311935498), ([[787, 1966], [994, 1966], [994, 2103], [787, 2103]], '#훨', 0.023654018057518544), ([[1744, 2156], [1972, 2156], [1972, 2258], [1744, 2258]], '웃끓', 0.04440006369662879)]
[([[939, 105], [990, 105], [990, 142], [939, 142]], '내대', 0.005902390854313295), ([[1072, 122], [1110, 122], [1110, 140], [1072, 140]], '시.', 0.10892155353310863)]
[]
[([[937, 105], [990, 105], [990, 142], [937, 142]], '내애', 0.002982849138547946), ([[1072, 122], [1110, 122], [1110, 140], [1072, 140]], '시.', 0.11393534565305742)]
[]
[([[844.9915494042823, 1055.0242276090726], [1007.2166992561549, 1101.975638614749], [947.0084505957177, 1304.9757723909274], [783.7833007438451, 1258.024361385251]], '2', 0.34468147492777135)]
[([[965, 2003], [1214, 2003], [1214, 2168], [965, 2168]], '~', 0.04989040943213752)]
[]
[]
[]
[]
[([[331, 871], [428, 871], [428, 1002], [331, 1002]], '응', 0.7448669007342836), ([[758, 2203], [974, 2203], [974, 2335], [758, 2335]], '초비', 0.03171877022777333), ([[1552, 2200], [1694, 2200], [1694, 2310], [1552, 2310]], '조', 0.09993682798199988), ([[1734, 2371], [1975, 2371], [1975, 2479], [1734, 2479]], '웃끓', 0.039747195130348835)]
[]
[]
[]
[([[579, 1405], [723, 1405], [723, 1555], [579, 1555]], "'0", 0.13965519019860814), ([[544, 1588], [801, 1588], [801, 1656], [544, 1656]], '@간데--권너~', 6.502678233613989e-05)]
[]
[]
[]
[]
[]
[]
