2730872
12
[([[1839, 3], [1924, 3], [1924, 36], [1839, 36]], "'", 0.5195130896078446), ([[336, 199], [440, 199], [440, 307], [336, 307]], '0', 0.11513596170988549), ([[1644, 490], [1737, 490], [1737, 589], [1644, 589]], '0', 0.8777584160311704), ([[1491, 1493], [1857, 1493], [1857, 1721], [1491, 1721]], '계퍼@', 0.05113690473352788), ([[70, 2418], [335, 2418], [335, 2593], [70, 2593]], '데택?', 0.04554212193612795), ([[1298, 2319], [1627, 2319], [1627, 2583], [1298, 2583]], '떼', 0.6914650966653113), ([[1597.9077304820128, 1874.0284252546435], [1879.8231856927816, 1934.0688161913351], [1836.0922695179872, 2107.9715747453565], [1554.1768143072184, 2047.9311838086649]], '가대?', 0.11977066435624688), ([[445.9604446036219, 2331.045112941652], [589.1053758483712, 2365.453503847311], [561.0395553963781, 2469.954887058348], [417.8946241516288, 2435.546496152689]], '영 |', 0.039585821145149344)]
[([[1877, 10], [1920, 10], [1920, 30], [1877, 30]], '불다', 0.0007972058250119859)]
[([[1839, 3], [1924, 3], [1924, 36], [1839, 36]], '데디적', 0.00034711435200408195)]
[([[1839, 3], [1924, 3], [1924, 36], [1839, 36]], '어터다:', 0.00012963665358256549)]
[([[1839, 3], [1924, 3], [1924, 36], [1839, 36]], "' '", 0.0485551655292511), ([[1704, 363], [1742, 363], [1742, 408], [1704, 408]], '0', 0.9998020031717125), ([[1703, 385], [1783, 385], [1783, 436], [1703, 436]], '물', 0.11887008231075047), ([[1675, 739], [1823, 739], [1823, 921], [1675, 921]], '0', 0.8517844960183005), ([[21, 1295], [401, 1295], [401, 1526], [21, 1526]], '(직6', 0.022235931610127265), ([[1587, 1238], [1930, 1238], [1930, 1443], [1587, 1443]], '~}', 0.11130219532328282), ([[1589, 1612], [1776, 1612], [1776, 1738], [1589, 1738]], '간0', 0.00294909228838471), ([[109, 1999], [500, 1999], [500, 2204], [109, 2204]], '구객0', 0.04082446277904797), ([[1530, 2218], [1833, 2218], [1833, 2390], [1530, 2390]], '(계', 0.01145352326197808), ([[860, 2316], [1006, 2316], [1006, 2437], [860, 2437]], '결^', 0.05231153290623434), ([[1264, 2393], [1621, 2393], [1621, 2591], [1264, 2591]], '갈날', 0.009664376276007088), ([[912.2218128139505, 2446.0275606767013], [1056.9906865819999, 2523.547442317212], [1009.7781871860495, 2608.9724393232987], [865.0093134180003, 2531.452557682788]], '된어 "', 0.005098311230540276)]
[([[1862, 10], [1918, 10], [1918, 30], [1862, 30]], '7터시;', 0.0001983342954190448), ([[620, 184], [794, 184], [794, 356], [620, 356]], '옆', 0.2137304683699961), ([[286, 182], [415, 182], [415, 606], [286, 606]], '&', 0.06490525277769521), ([[1708, 979], [1783, 979], [1783, 1083], [1708, 1083]], '부', 0.09831032907524762), ([[293, 1049], [633, 1049], [633, 1616], [293, 1616]], '유', 0.062168361280262596), ([[362, 1588], [470, 1588], [470, 1748], [362, 1748]], '1@', 0.19210599749168522), ([[460, 1585], [632, 1585], [632, 1888], [460, 1888]], '9', 0.9945601496974668), ([[1147, 2083], [1388, 2083], [1388, 2389], [1147, 2389]], '옆', 0.10490905691945418), ([[1662, 2306], [1766, 2306], [1766, 2398], [1662, 2398]], '원', 0.5517268655934373), ([[52, 2325], [292, 2325], [292, 2757], [52, 2757]], '잎', 0.011049164041499415), ([[932.0506043880225, 2594.037615289084], [1007.5818391262666, 2554.014113998909], [1097.9493956119775, 2743.962384710916], [1022.4181608737334, 2783.985886001091]], '음', 0.015461087241167348)]
[([[1862, 10], [1918, 10], [1918, 30], [1862, 30]], '7터시;', 0.0001983342954190448), ([[620, 184], [794, 184], [794, 356], [620, 356]], '옆', 0.2137304683699961), ([[286, 182], [415, 182], [415, 606], [286, 606]], '&', 0.06490525277769521), ([[1708, 979], [1783, 979], [1783, 1083], [1708, 1083]], '부', 0.09831032907524762), ([[293, 1049], [633, 1049], [633, 1616], [293, 1616]], '유', 0.062168361280262596), ([[362, 1588], [470, 1588], [470, 1748], [362, 1748]], '1@', 0.19210599749168522), ([[458, 1585], [632, 1585], [632, 1892], [458, 1892]], '9', 0.9033497699720137), ([[1147, 2083], [1388, 2083], [1388, 2389], [1147, 2389]], '옆', 0.08183402670596607), ([[1662, 2306], [1766, 2306], [1766, 2398], [1662, 2398]], '원', 0.7390278687146292), ([[52, 2326], [292, 2326], [292, 2755], [52, 2755]], '잎', 0.0016315642413912285), ([[932.0275986508948, 2596.0394634060067], [1006.5846706445609, 2555.014251786501], [1098.9724013491052, 2742.9605365939933], [1024.415329355439, 2783.985748213499]], '용', 0.03686454423723817)]
[([[1839, 3], [1924, 3], [1924, 36], [1839, 36]], ';', 0.18461447014861054), ([[203, 651], [276, 651], [276, 744], [203, 744]], '부', 0.5083742690995372), ([[1678, 609], [1768, 609], [1768, 731], [1678, 731]], '0', 0.9906854395204654), ([[351, 707], [426, 707], [426, 840], [351, 840]], '0', 0.2887996646737889), ([[1490, 1094], [1587, 1094], [1587, 1218], [1490, 1218]], '0', 0.9981545387418009), ([[1522, 1262], [1607, 1262], [1607, 1375], [1522, 1375]], '아', 0.4969018617614438), ([[1110, 1314], [1182, 1314], [1182, 1473], [1110, 1473]], '위', 0.08858587707515486), ([[109, 2017], [235, 2017], [235, 2248], [109, 2248]], '낮', 0.13917555579344398), ([[213, 2168], [281, 2168], [281, 2273], [213, 2273]], '로', 0.2528156197804634), ([[905, 2292], [1032, 2292], [1032, 2389], [905, 2389]], '@', 0.018532761753818017), ([[1518, 2200], [1739, 2200], [1739, 2484], [1518, 2484]], '유', 0.20953772957661077), ([[893, 2425], [1006, 2425], [1006, 2509], [893, 2509]], '일 ;', 0.013324923813343048), ([[727.862290888464, 103.05405432887258], [858.6347053275421, 127.44094948787576], [836.137709111536, 231.94594567112742], [705.3652946724579, 207.55905051212426]], '잃마', 0.08445846144095932), ([[373.5168349130363, 846.0233996042741], [413.1817578957375, 842.1416619841903], [423.4831650869637, 958.9766003957259], [383.8182421042625, 962.8583380158097]], '부', 0.4480075970901112)]
[([[1839, 3], [1924, 3], [1924, 36], [1839, 36]], "'", 0.1495684723124322), ([[473, 158], [526, 158], [526, 224], [473, 224]], '0', 0.9895185957148556), ([[203, 651], [276, 651], [276, 744], [203, 744]], '부', 0.4366150223686418), ([[1678, 611], [1771, 611], [1771, 733], [1678, 733]], '0', 0.9970659113712976), ([[351, 707], [426, 707], [426, 840], [351, 840]], '0', 0.2810866371123808), ([[1491, 1095], [1582, 1095], [1582, 1213], [1491, 1213]], '0', 0.9190398648509337), ([[1523, 1262], [1607, 1262], [1607, 1373], [1523, 1373]], '아', 0.6902066482706495), ([[1110, 1314], [1182, 1314], [1182, 1473], [1110, 1473]], '위', 0.11238118621551862), ([[102, 2017], [236, 2017], [236, 2252], [102, 2252]], '낮', 0.10140190160569862), ([[215, 2168], [281, 2168], [281, 2273], [215, 2273]], '로', 0.1309344903525158), ([[908, 2294], [1028, 2294], [1028, 2387], [908, 2387]], '@', 0.136087386679268), ([[1522, 2201], [1733, 2201], [1733, 2480], [1522, 2480]], '유%', 0.01881888809404656), ([[893, 2425], [1006, 2425], [1006, 2509], [893, 2509]], '움  ', 0.0127446623519063), ([[727.862290888464, 103.05405432887258], [858.6347053275421, 127.44094948787576], [836.137709111536, 231.94594567112742], [705.3652946724579, 207.55905051212426]], '양마', 0.09269777971013922), ([[373.5214379667787, 846.0229548544986], [414.2229523137449, 842.1518676133684], [424.4785620332213, 959.9770451455014], [383.7770476862551, 962.8481323866316]], '부', 0.6182398567858058)]
[([[1839, 3], [1924, 3], [1924, 36], [1839, 36]], "'", 0.014243602934928268)]
[([[1839, 3], [1924, 3], [1924, 36], [1839, 36]], '칸홀적', 0.00012983693716962682)]
[([[1877, 10], [1918, 10], [1918, 30], [1877, 30]], "' ;", 0.051101121164780966)]
