2731047
110
[([[1253, 463], [1385, 463], [1385, 629], [1253, 629]], '[', 0.904117101563827)]
[([[15.095655950998903, 2703.058271067697], [238.8963609764794, 2621.9512714232283], [277.9043440490011, 2761.941728932303], [55.10363902352059, 2842.0487285767717]], '[시,_', 0.024383971467614174)]
[([[2075, 2781], [2370, 2781], [2370, 2854], [2075, 2854]], '70-꼴어사-', 0.08298869553109041), ([[2141.0029455144986, 260.03829168847943], [2319.607876536349, 311.8311754159978], [2285.9970544855014, 415.96170831152057], [2107.392123463651, 365.1688245840022]], '[./', 0.020987846409828304), ([[51.26787114705526, 318.3446974735155], [231.5616436512026, 281.0936074546966], [244.73212885294475, 378.6553025264845], [64.43835634879741, 415.9063925453034]], '[티니', 0.02024971015244874)]
[([[780, 1239], [866, 1239], [866, 1339], [780, 1339]], '1', 0.11244111855984418), ([[1124, 2355], [1150, 2355], [1150, 2410], [1124, 2410]], '용', 0.9965230699456242), ([[1067.0196811266567, 172.04010974521225], [1149.715529151863, 143.12325971787254], [1203.9803188733433, 317.95989025478775], [1120.284470848137, 346.87674028212746]], '오', 0.09016052841364885), ([[1129.7906304309638, 2406.010989094157], [1150.2009974119237, 2404.010125621955], [1160.2093695690362, 2504.989010905843], [1139.7990025880763, 2506.989874378045]], '8', 0.1919599262132019)]
[]
[([[1296, 429], [1476, 429], [1476, 540], [1296, 540]], '쓰과', 0.026619651782550578), ([[589, 1870], [629, 1870], [629, 1903], [589, 1903]], '0', 0.29779260320630385), ([[520, 1967], [577, 1967], [577, 2015], [520, 2015]], '0', 0.9892081700235309), ([[553.6004994817496, 1953.8808990671491], [623.2775474012166, 1898.3808778652142], [656.3995005182504, 1948.1191009328509], [586.7224525987834, 2004.6191221347858]], '9', 0.016216656855164935)]
[([[380.20552140300424, 69.69049066570811], [524.482359507601, 9.011459760185561], [542.7944785969958, 61.309509334291896], [397.51764049239904, 121.98854023981444]], '베;(어', 0.001200728234834969)]
[]
[([[552, 2665], [786, 2665], [786, 2880], [552, 2880]], '-', 0.5260836283986556)]
[]
[([[7.221825406947977, 586.221825406948], [185.66296110997393, 522.1082937822656], [214.77817459305203, 611.778174593052], [36.337038890026065, 675.8917062177344]], '(외@', 0.012588767429136232), ([[24.03436466838579, 658.0756022704487], [252.4965249346146, 599.6640601034194], [272.9656353316142, 701.9243977295513], [44.50347506538539, 760.3359398965806]], '+5. ?', 0.1132426054158136)]
[([[203.71913669814586, 1380.0432231325585], [322.6458849910403, 1307.0109812634157], [459.28086330185414, 1565.9567768674415], [340.3541150089597, 1638.9890187365843]], '8', 0.4889639590773278), ([[198.18056396842945, 1455.0209973843746], [401.9930840714296, 1564.5296151743696], [336.81943603157055, 1681.9790026156254], [132.00691592857035, 1572.4703848256304]], '=?)', 0.015464932390279419), ([[323.70837420122643, 1590.0464013970475], [445.26864885081653, 1538.1435380774442], [530.2916257987736, 1764.9535986029525], [409.73135114918347, 1817.8564619225558]], '옷', 0.7090486308423785), ([[149.04305733260531, 1594.0382166575664], [313.6801250646472, 1645.247786622698], [279.9569426673947, 1742.9617833424336], [116.31987493535277, 1691.752213377302]], '히:>', 0.002829021189716138), ([[169.22782928376586, 1660.0198881050578], [403.99825215566875, 1769.7710190510586], [346.77217071623414, 1883.9801118949422], [112.00174784433126, 1774.2289809489414]], '기@야5;', 0.02431843273605942)]
[]
[([[594, 118], [692, 118], [692, 220], [594, 220]], '??', 0.5019087211661583), ([[729.1736368240006, 402.2424562488021], [858.1615764470696, 392.6781066111451], [858.8263631759994, 452.7575437511979], [730.8384235529304, 461.3218933888549]], '*]화여', 0.00021067552734166384)]
[([[868, 845], [1235, 845], [1235, 1039], [868, 1039]], '(서이', 0.010398143824177761), ([[342.0, 783.0], [386.3514492570347, 763.5256917195985], [395.0, 783.0], [350.6485507429653, 802.4743082804015]], '예사0', 0.006200000110536791), ([[644.043064939372, 835.0574389967882], [743.8245335233818, 871.3336641570576], [718.956935060628, 933.9425610032118], [620.1754664766182, 897.6663358429424]], "'65", 0.07277152823376737)]
[]
[([[910.1566017533804, 668.0586475280722], [1218.871102285287, 632.8655248541937], [1230.8433982466197, 882.9413524719278], [922.128897714713, 919.1344751458063]], '7', 0.6719549010873358)]
[([[902, 645], [1236, 645], [1236, 899], [902, 899]], '7', 0.8890186005609202), ([[523, 1803], [862, 1803], [862, 2152], [523, 2152]], '30', 0.3000816572344734)]
[]
[([[1294.5174709419791, 762.0116484989682], [1374.712051180208, 781.7919264553316], [1324.4825290580209, 988.9883515010318], [1244.287948819792, 969.2080735446684]], '{', 0.7781478108437376)]
[([[1008, 1239], [1149, 1239], [1149, 1292], [1008, 1292]], '이름서꼴/톤', 0.0002751425231158039), ([[1024, 1339], [1068, 1339], [1068, 1367], [1024, 1367]], '1/', 0.24966563101737893), ([[1006, 1357], [1073, 1357], [1073, 1390], [1006, 1390]], '<떤떠 시다', 8.143118114759742e-05), ([[754.23520835187, 121.24068760565898], [1212.8363344482946, 74.00974289881066], [1215.76479164813, 209.759312394341], [757.1636655517054, 257.99025710118934]], '스즈_', 0.0016096496773721236), ([[988.8200063599809, 210.91201017596947], [1188.6352138273683, 187.93981429967178], [1192.1799936400191, 237.08798982403053], [991.3647861726316, 260.0601857003282]], '키`고59', 7.756756706951346e-05), ([[1048.9719194937463, 1284.552263139369], [1153.5072496346852, 1269.0766695551727], [1158.0280805062537, 1308.447736860631], [1053.4927503653148, 1323.9233304448273]], "'시-.", 0.004340411629527807)]
[([[535, 373], [619, 373], [619, 459], [535, 459]], '0', 0.15152280931352013), ([[615.043064939372, 433.05743899678816], [738.8398985566564, 468.40752060567917], [718.956935060628, 531.9425610032118], [595.1601014433436, 497.59247939432083]], '0 0', 0.9987096190452576)]
[([[0, 0], [156, 0], [156, 42], [0, 42]], '깨목 의쓰트', 0.011425467657402502)]
[]
[([[377, 1694], [463, 1694], [463, 1795], [377, 1795]], "8 '", 0.03912814955963615)]
[([[377, 1694], [463, 1694], [463, 1795], [377, 1795]], "8 '", 0.03912814955963615)]
[]
[]
[]
[]
[([[828, 2061], [985, 2061], [985, 2267], [828, 2267]], '예', 0.052960126404514085)]
[([[-15.293601526915989, 281.0334905305215], [529.551942820084, -52.73587971995625], [610.293601526916, 137.96650946947852], [64.44805717991595, 473.73587971995624]], '0023"', 0.5751092810495748), ([[1093.5278640450003, 927.7639320225002], [1219.3014576681708, 897.4509880484914], [1228.4721359549997, 937.2360679774998], [1102.6985423318292, 966.5490119515086]], '지명수배', 0.9961795210838318), ([[563.3103526837755, 1120.9793174153979], [805.7432198425296, 1064.4127844534778], [821.6896473162245, 1142.0206825846021], [579.2567801574704, 1198.5872155465222]], '공무집행', 0.8824809567830321), ([[1108.5700282971497, 1129.94201697829], [1194.3282011773513, 1108.7811992150992], [1201.4299717028503, 1140.05798302171], [1115.6717988226487, 1161.2188007849008]], '100원', 0.755042314529419), ([[629.2931816306534, 1192.2811361198494], [913.6139155366624, 1132.6546629616157], [928.7068183693466, 1222.7188638801506], [644.3860844633376, 1282.3453370383843]], '탁-네<:', 0.000841669594114358)]
[]
[([[504.4002652655213, 1306.5006631638032], [668.1834431448646, 1282.7189893517045], [673.5997347344787, 1344.4993368361968], [508.8165568551355, 1367.2810106482955]], '시현|', 0.0007573363209548685)]
[([[130.8229299945399, 560.4927389874417], [432.129278126173, 427.7003529318278], [482.1770700054601, 570.5072610125583], [179.87072187382697, 704.2996470681721]], '꼴{이`', 0.021505597978830338)]
[([[130.07692307692307, 561.3846153846154], [433.1318230253352, 426.7026743259426], [482.9230769230769, 570.6153846153846], [179.86817697466478, 704.2973256740574]], '꼴{이:', 0.0054152728989720345)]
[([[1129.4199806390907, 164.54190125936245], [1487.9199042797375, 32.19918793978934], [1553.5800193609093, 272.4580987406376], [1195.0800957202625, 404.80081206021066]], '다', 0.015646360659449243)]
[]
[([[1504, 402], [1568, 402], [1568, 491], [1504, 491]], '우육', 0.4590390386879002), ([[1519, 488], [1594, 488], [1594, 570], [1519, 570]], '우육', 0.5674962204651877)]
[([[582.4449805264796, 267.0933383697808], [717.4352286771226, 258.05704412342294], [719.5550194735204, 375.9066616302192], [583.5647713228774, 384.94295587657706]], '헤히', 0.4281540021480176)]
[]
[([[1972.7943680216915, 770.0096909492108], [2758.6399274855667, 916.5889543210551], [2616.2056319783087, 1541.9903090507892], [1831.3600725144336, 1395.411045678945]], '실카', 0.11341925118544255)]
[]
[]
[([[3, 1], [71, 1], [71, 19], [3, 19]], '"본-스모', 0.008358460036299038), ([[395, 437], [423, 437], [423, 449], [395, 449]], '사다^', 0.11377504321284906)]
[]
[([[267.08691552695075, 814.0298075623463], [435.63537168039517, 878.8256277569451], [387.91308447304925, 994.9701924376537], [219.36462831960483, 929.1743722430549]], '움절', 0.7855634932074854)]
[([[358, 417], [473, 417], [473, 521], [358, 521]], '0?', 0.18452134804988174), ([[1293.5414612313684, 55.137068585873536], [1590.7353509873203, -63.18546284669458], [1649.4585387686316, 115.86293141412646], [1352.2646490126797, 235.18546284669458]], '프유원_', 0.0028769858181476593), ([[2586.275666532826, 88.01049538249444], [2882.7108019907373, 310.2083954617387], [2751.724333467174, 482.98950461750553], [2455.2891980092627, 259.7916045382613]], '히곡뒤', 0.03572766616985986), ([[1753.2788897449072, 409.02001540832964], [1887.7174686149124, 529.3044495870566], [1812.7211102550928, 614.9799845916704], [1678.2825313850876, 495.69555041294336]], '@울!', 0.28077079666578564), ([[2405.8373632820476, 514.0483593845717], [2532.866884311808, 539.5718739422271], [2506.1626367179524, 661.9516406154283], [2378.133115688192, 636.4281260577729]], '울겪', 0.014768300986669381), ([[1965.200573707924, 647.3621800901109], [2072.889519276182, 611.709490719262], [2097.799426292076, 706.6378199098891], [1990.1104807238178, 742.290509280738]], '울직', 0.14596247377376423), ([[1009.266873708001, 863.6334368540005], [1199.8238049125835, 783.9012046572178], [1238.733126291999, 879.3665631459995], [1049.1761950874165, 959.0987953427822]], '주_움', 0.5296063780156222), ([[1600.1314476955624, 1212.0209672981428], [1831.9255179920362, 1319.364211285898], [1764.8685523044376, 1454.9790327018572], [1533.0744820079638, 1346.635788714102]], '대엇', 0.10947203472379287)]
[([[5, 83], [278, 83], [278, 391], [5, 391]], '%!', 0.07384608239552232), ([[1217, 178], [1486, 178], [1486, 568], [1217, 568]], '특', 0.6311408346381455), ([[2118, 1726], [2258, 1726], [2258, 1826], [2118, 1826]], '움직', 0.13950058143130872), ([[2001.2810405304133, 1067.0129267454915], [2141.3064674022035, 1033.2752117040977], [2216.7189594695865, 1384.9870732545085], [2076.6935325977965, 1418.7247882959023]], '%', 0.9643815830014688), ([[874.2057333280745, 1625.01314650785], [1169.9839241213258, 1806.121715454712], [1061.7942666719255, 1974.98685349215], [767.0160758786743, 1794.878284545288]], '하하"', 0.1714376581488992), ([[711.4849133742932, 2161.809266110592], [822.1965409100039, 2109.0837941201635], [863.5150866257068, 2213.190733889408], [753.8034590899961, 2265.9162058798365]], '움질', 0.5982591707583353)]
[]
[]
[]
[]
[]
[([[2080, 1144], [2186, 1144], [2186, 1243], [2080, 1243]], '오', 0.9988822485900393), ([[997.5106483148601, 75.11500180048935], [1440.021325627551, 5.377541243281806], [1457.4893516851398, 236.88499819951065], [1013.978674372449, 307.6224587567182]], '서애)-', 0.010876920074224472)]
[([[232, 2000], [258, 2000], [258, 2047], [232, 2047]], '11', 0.4101356698108549), ([[26, 2776], [270, 2776], [270, 2842], [26, 2842]], '[모탈|]외]스--4', 1.187286646602573e-05), ([[1020.4710935662174, 886.0233572982565], [1180.938316164884, 960.1418618258838], [1155.5289064337826, 1010.9766427017435], [996.0616838351158, 936.8581381741162]], '장:7:시2 .', 0.0004025479730318162), ([[1173.484669947082, 951.0221713861504], [1328.8900526877308, 1029.8566368312052], [1302.515330052918, 1078.9778286138496], [1147.1099473122692, 999.1433631687947]], '^시/[.:', 0.00013631135628791236), ([[540.5223026835262, 1257.038276637862], [565.3706594035842, 1270.1615294421183], [536.4776973164738, 1324.961723362138], [511.6293405964158, 1311.8384705578817]], '기', 0.07407227879774414), ([[1816.4001892853898, 1391.0225174956859], [1987.9309183731223, 1476.950936723132], [1954.5998107146102, 1539.9774825043141], [1783.0690816268777, 1454.049063276868]], '사^디:', 0.000868984175604579), ([[291.13600260995935, 1655.0752148767685], [345.8324256346325, 1678.7163869408007], [326.86399739004065, 1721.9247851232315], [272.1675743653675, 1698.2836130591993]], "'", 0.5768610242840033)]
[]
[([[1451, 391], [1619, 391], [1619, 526], [1451, 526]], '러', 0.004572884820164269), ([[1301, 1337], [1321, 1337], [1321, 1366], [1301, 1366]], '다', 0.014886640102863835), ([[1082.042944404222, 423.04171342834155], [1160.6337251884543, 458.0800101169787], [1063.957055595778, 673.9582865716585], [985.3662748115457, 639.9199898830212]], '@', 0.19190542865888816), ([[1652.7837889641103, 1281.2486714420854], [1774.2058164603034, 1183.9274530642028], [1817.2162110358897, 1256.7513285579146], [1695.7941835396966, 1353.0725469357972]], '버', 0.003816573019515046), ([[2000.2788511321733, 1602.1240728119958], [2269.2902932585557, 1458.3241117061625], [2306.7211488678267, 1556.8759271880042], [2037.7097067414443, 1700.6758882938375]], '울기  돌', 0.0013773717445010436)]
[([[209, 628], [301, 628], [301, 1126], [209, 1126]], '!', 0.05647143502681562), ([[1370, 1966], [1456, 1966], [1456, 2276], [1370, 2276]], '"', 0.35369124745858826)]
[]
[([[1178, 604], [1242, 604], [1242, 675], [1178, 675]], '(', 0.08067923178472913), ([[1331, 577], [1391, 577], [1391, 668], [1331, 668]], '4', 0.6349226582867438), ([[1253.3641784200731, 561.0405916765708], [1291.0732851534517, 555.1165525517949], [1305.6358215799269, 648.9594083234292], [1268.9267148465483, 655.8834474482051]], '(', 0.07305543674229753)]
[([[1258, 10], [1625, 10], [1625, 82], [1258, 82]], '마|~마 ,라용어7', 2.667080659101869e-05), ([[1924.5368693591793, 575.0359638987467], [1952.027173885552, 583.7885375793978], [1931.4631306408207, 644.9640361012533], [1903.972826114448, 636.2114624206022]], '=', 0.07009344822114372), ([[2565.138696631303, 854.2960058056062], [2603.5954085896446, 887.8340353846537], [2537.861303368697, 960.7039941943938], [2499.4045914103554, 928.1659646153463]], '9', 0.05690794733853388), ([[2468.316718427, 1467.6583592135], [2529.963130233317, 1438.7314939526116], [2542.683281573, 1465.3416407865], [2481.036869766683, 1495.2685060473884]], '7 <', 0.021048643075688052)]
[([[1730, 137], [1779, 137], [1779, 217], [1730, 217]], '2', 0.8970164436992469), ([[917, 667], [1045, 667], [1045, 793], [917, 793]], '드럭', 0.117308830972566), ([[788.1492874992733, 85.59714999709337], [1504.8762937125784, 0.3904965635481732], [1509.8507125007266, 164.40285000290663], [793.1237062874214, 249.60950343645183]], '왜굳디 철도끼로', 0.3734224224496656), ([[880.4191206129664, 287.59265832927235], [1714.8828392770663, 134.75742537531602], [1728.5808793870335, 284.40734167072765], [894.1171607229337, 438.242574624684]], '엔터드래로올집은거다_', 0.6303820194964755)]
[]
[]
[]
[]
[]
[([[1900.5116820441494, 1010.017053231336], [2107.867595165007, 1109.6449588015232], [2079.4883179558506, 1166.9829467686639], [1871.1324048349927, 1068.3550411984768]], '[장시/설:', 0.0001871368964393569), ([[1841.5611015693692, 1035.0120485625168], [2128.747414578817, 1171.0056160490174], [2097.438898430631, 1232.9879514374832], [1810.252585421183, 1096.9943839509826]], '(:어-어악네설', 0.0007027233186444785), ([[1875.0737387183583, 1243.0719277974933], [1942.9032194605995, 1272.9266873708002], [1921.9262612816417, 1318.9280722025067], [1854.0967805394005, 1289.0733126291998]], "'히0", 0.21892896661927672), ([[1791.5326739962425, 1252.0182271519045], [1988.8712987099204, 1342.7639371137009], [1964.4673260037575, 1391.9817728480955], [1768.1287012900796, 1301.2360628862991]], '5어-', 0.007391823986338245)]
[([[1091.4013283921531, 811.9427896235214], [1406.9188448293235, 667.7322742926177], [1465.5986716078469, 827.0572103764786], [1150.0811551706765, 971.2677257073823]], '{어0', 0.0068181835604186345)]
[]
[([[1271, 2275], [1407, 2275], [1407, 2314], [1271, 2314]], '르식568', 0.07411558731138851)]
[([[913.0129971978583, 105.25068907164764], [1034.2648867799865, 87.0249428511873], [1040.9870028021417, 159.74931092835237], [919.7351132200137, 177.97505714881268]], '3', 0.9911298440818115)]
[([[622.3569264806375, 171.02588835990525], [683.1192895849364, 195.84691403373776], [636.6430735193625, 310.97411164009475], [575.8807104150636, 286.1530859662622]], '털', 0.018740184163882567)]
[]
[]
[]
[([[1592.5830439972965, 2536.172135573235], [1952.0072036276335, 2417.5097871415587], [2018.4169560027035, 2702.827864426765], [1657.9927963723665, 2821.4902128584413]], '듯사', 0.0022485454858923817)]
[([[1484, 1908], [2044, 1908], [2044, 2263], [1484, 2263]], '의 0', 0.06079110875725746)]
[]
[]
[]
[([[1031, 0], [1133, 0], [1133, 89], [1031, 89]], "'", 0.37327853905685515)]
[]
[([[983, 47], [1034, 47], [1034, 123], [983, 123]], '2', 0.9815851193640732), ([[1758, 57], [1798, 57], [1798, 99], [1758, 99]], '내', 0.2976337650675873), ([[152, 15], [371, 15], [371, 209], [152, 209]], '흉육', 0.18151481783421583), ([[1978, 270], [2053, 270], [2053, 345], [1978, 345]], '욕', 0.013368150293541214), ([[727, 934], [1024, 934], [1024, 1092], [727, 1092]], '꾸육@ ', 0.12691839371860006), ([[28, 1326], [143, 1326], [143, 1423], [28, 1423]], '움@', 0.22041188208343823), ([[798, 1707], [911, 1707], [911, 1856], [798, 1856]], '통출', 0.07104744783137838), ([[1340, 1932], [1460, 1932], [1460, 2016], [1340, 2016]], '하아', 0.8102541358395621), ([[29, 1970], [189, 1970], [189, 2063], [29, 2063]], '하아@', 0.7815871829949002), ([[785, 2051], [936, 2051], [936, 2144], [785, 2144]], '움직0', 0.039686878096151366), ([[1162, 2373], [1253, 2373], [1253, 2439], [1162, 2439]], '[찌경', 0.023851682130492786), ([[749, 2587], [871, 2587], [871, 2677], [749, 2677]], '제계', 0.07376395966823972), ([[1127, 2801], [1178, 2801], [1178, 2850], [1127, 2850]], '초', 0.022746129125260417), ([[1180.0, 1453.0], [1346.5674472579763, 1387.8462502070931], [1373.0, 1453.0], [1206.4325527420237, 1519.1537497929069]], '하점-0', 0.14906874299049377), ([[1888.6910264713479, 2140.224235003874], [2035.2288784646453, 2108.265839524368], [2051.308973528652, 2214.775764996126], [1904.7711215353547, 2246.734160475632]], '제체', 0.2102917276903817), ([[1939.6390978012655, 2430.0714291120216], [2016.627287775427, 2374.0151430486585], [2129.3609021987345, 2550.9285708879784], [2051.3727122245728, 2606.9848569513415]], '흙', 0.04503739089969572)]
[([[1758, 57], [1796, 57], [1796, 99], [1758, 99]], '내', 0.2342360923171194), ([[1978, 270], [2053, 270], [2053, 345], [1978, 345]], '욕', 0.007538388842578181), ([[515, 1505], [682, 1505], [682, 1618], [515, 1618]], '`같이젠', 8.783971861703321e-05), ([[64, 1976], [188, 1976], [188, 2078], [64, 2078]], "'예화0", 0.004392561037093401), ([[1127, 2801], [1178, 2801], [1178, 2850], [1127, 2850]], '초', 0.03740176577401422), ([[190.1160673988381, 29.074055965243936], [479.22743054187316, -3.6128400952930075], [487.8839326011619, 203.92594403475607], [198.77256945812684, 236.612840095293]], '어이용', 0.005662451523655849), ([[750.6927800380445, 969.157294277725], [1027.1176470588234, 932.5294117647059], [1035.3072199619555, 1075.842705722275], [758.8823529411765, 1112.4705882352941]], '[공@-!~', 0.0003442673185521802), ([[417.0147185498715, 1174.0486573537019], [543.6844384167015, 1214.5076812898194], [515.9852814501286, 1294.9513426462981], [388.3155615832985, 1254.4923187101806]], "@튿화0'", 0.0034305023183685023), ([[-12.10170215847752, 1352.8474467622837], [221.22391553202257, 1263.6947133305969], [251.1017021584775, 1356.1525532377163], [16.77608446797742, 1445.3052866694031]], '7름어퍼영', 0.0001183271965132613), ([[1180.3968345061762, 1388.2857552777925], [1365.4294836028666, 1354.5780838738726], [1377.6031654938238, 1456.7142447222075], [1191.5705163971334, 1491.4219161261274]], '(응:어', 0.00867755338549614), ([[1864.5700966641712, 2008.8551449962567], [2091.1674761724503, 1886.6836673471325], [2153.429903335829, 2022.1448550037433], [1926.8325238275497, 2143.3163326528675]], '오어@퍽랜', 3.5436641094563007e-05), ([[1302.4104430961268, 1976.1283544769012], [1453.569046119081, 1909.1768694282932], [1489.5895569038732, 1997.8716455230988], [1338.430953880919, 2063.8231305717068]], '=0세', 0.0010796789106449513), ([[771.8149288778123, 2041.2006159401865], [980.1353246432269, 2015.5754226305228], [985.1850711221877, 2118.7993840598137], [776.8646753567731, 2144.424577369477]], '껴어', 0.0025861080581773867), ([[1901.9679686257693, 2281.035545073655], [2138.3789333450068, 2328.7284340272154], [2107.032031374231, 2455.964454926345], [1870.6210666549932, 2408.2715659727846]], "(통4:)'", 0.0009796328277640357), ([[1154.9226786698487, 2348.197929083213], [1295.9854795229642, 2323.434808872981], [1307.0773213301513, 2421.802070916787], [1166.0145204770358, 2446.565191127019]], '(-@익', 0.00406361510977149), ([[793.9236451676887, 2562.038667830873], [1032.2362197611926, 2602.274532096075], [1004.0763548323113, 2730.961332169127], [765.7637802388074, 2690.725467903925]], '왜@애', 0.1147928238887346)]
[([[1758, 57], [1796, 57], [1796, 99], [1758, 99]], '내', 0.23739473105618547), ([[1978, 270], [2053, 270], [2053, 345], [1978, 345]], '욕', 0.009740952062572639), ([[1127, 2801], [1178, 2801], [1178, 2850], [1127, 2850]], '초', 0.05192033747816205)]
[]
[([[0, 6], [723, 6], [723, 558], [0, 558]], '9', 0.028469060520262213), ([[1584.09656766449, 922.0090696916017], [1951.9945504911927, 1211.2996957121993], [1714.90343233551, 1509.9909303083982], [1348.0054495088073, 1220.7003042878007]], '5시', 0.3494911577049169), ([[1761.5460331569757, 2250.011456508119], [1924.9521560997252, 2406.7853572671456], [1872.4539668430243, 2465.988543491881], [1709.0478439002748, 2309.2146427328544]], '>형|카어|-땅떠', 6.233567119450732e-06), ([[59.2058263393181, 2662.0225435719985], [164.823640057224, 2688.025227018819], [120.7941736606819, 2865.9774564280015], [15.176359942776006, 2839.974772981181]], '미', 0.4333418380119838)]
[]
[]
[([[1154, 116], [1618, 116], [1618, 308], [1154, 308]], '"줄)', 0.0019488654277726354), ([[1260, 291], [1636, 291], [1636, 440], [1260, 440]], '(어커즐교', 0.0017971518595673443), ([[1083.9796468010045, 605.0216998236051], [1380.9575235552861, 691.0034213926747], [1317.0203531989955, 887.9783001763949], [1020.0424764447139, 800.9965786073253]], '9', 0.5159405685711569)]
[([[1232, 91], [1400, 91], [1400, 317], [1232, 317]], '베', 0.021057243993713115), ([[710, 1851], [880, 1851], [880, 2115], [710, 2115]], '9', 0.7027194913162162)]
[([[183.11064913883277, 2393.675791296981], [915.5165027111456, 2271.9106312065705], [931.8893508611673, 2487.324208703019], [200.4834972888545, 2609.0893687934295]], '-최굽와냐', 4.4595199742260535e-05), ([[356.5892012439137, 2619.569245846394], [1217.165280624071, 2500.406293085575], [1228.4107987560863, 2717.430754153606], [367.83471937592884, 2837.593706914425]], ' 여(여+어<', 6.212113426988672e-05), ([[1223.41827669826, 2684.186109217994], [1437.1228199313066, 2633.694465929054], [1462.58172330174, 2788.813890782006], [1248.8771800686934, 2840.305534070946]], '벼후#', 0.0008811270959315717), ([[1382.3318377881099, 2773.5282484795734], [1588.870335830749, 2722.5397121450724], [1607.6681622118901, 2832.4717515204266], [1401.129664169251, 2883.4602878549276]], '차권!?', 0.012417896650731564)]
[([[22, 902], [344, 902], [344, 1210], [22, 1210]], '0?', 0.9832031947502579)]
[([[1491, 978], [1604, 978], [1604, 1104], [1491, 1104]], '1', 0.13345295178382433), ([[2167, 1197], [2209, 1197], [2209, 1226], [2167, 1226]], "'", 0.5533199943207343), ([[1946.0322601798002, 1185.177430988901], [2159.7979632741894, 1169.0000084322435], [2159.9677398201998, 1261.822569011099], [1946.2020367258106, 1277.9999915677565]], '사_', 0.16748588055339628)]
[([[1494, 985], [1602, 985], [1602, 1102], [1494, 1102]], '[1', 0.14413634466878145), ([[2506.852567421449, 1440.0827152079971], [2570.3004587100922, 1436.2541824155414], [2574.147432578551, 1524.9172847920029], [2510.6995412899078, 1529.7458175844586]], '릇', 0.11792525991760616)]
[]
[([[22, 902], [344, 902], [344, 1210], [22, 1210]], '0?', 0.9840931586063877)]
[]
[([[1494, 981], [1604, 981], [1604, 1104], [1494, 1104]], '[1', 0.43233987066973695), ([[1943, 1165], [2167, 1165], [2167, 1282], [1943, 1282]], '시_', 0.5599588907502235), ([[2169, 1197], [2209, 1197], [2209, 1226], [2169, 1226]], "'", 0.5496336637434638)]
[([[1494, 983], [1602, 983], [1602, 1102], [1494, 1102]], '"', 0.04738276909687844), ([[2505.7835425259686, 1442.093026418795], [2567.914007794266, 1434.022855671091], [2576.2164574740314, 1522.906973581205], [2514.085992205734, 1529.977144328909]], '릇', 0.14091791548773713)]
[([[1168, 961], [1221, 961], [1221, 1025], [1168, 1025]], '{', 0.07394659440507567)]
[]
[([[14.814309127931189, 197.19590393624264], [615.1259353701063, 112.11761331812218], [626.1856908720688, 329.80409606375736], [25.874064629893716, 414.8823866818778]], '너무야하게', 0.35807953332904485), ([[40.95562432333797, 404.32930837236165], [664.1681367786074, 301.44259061186483], [680.0443756766621, 514.6706916276383], [57.831863221392624, 617.5574093881352]], '입운거아니야? ', 0.5593120884733499), ([[1336.3917712629843, 2081.0465132093977], [1397.8743322745893, 2126.0052390105784], [1377.6082287370157, 2153.9534867906023], [1316.1256677254107, 2108.9947609894216]], '<<', 0.0648557645777177)]
[([[445, 611], [560, 611], [560, 695], [445, 695]], "'", 0.650829981944586), ([[87.17842146820911, 166.30621310289646], [503.0351346513314, 72.3827619296366], [530.8215785317909, 275.6937868971035], [115.96486534866855, 369.6172380703634]], '그래서', 0.9969276426164556), ([[192.66543844185136, 365.08268203010437], [548.5673912437703, 286.0230579346042], [589.3345615581486, 571.9173179698956], [233.43260875622966, 650.9769420653959]], '싫어?', 0.7338465434774235), ([[1338.3729298231972, 2086.049457886142], [1397.8929584071598, 2129.0808292649763], [1377.6270701768028, 2156.950542113858], [1318.1070415928402, 2113.9191707350237]], '<<', 0.14093861581867467)]
[([[117, 218], [551, 218], [551, 434], [117, 434]], '[@@~(', 0.5514876510404557)]
[([[159, 1235], [250, 1235], [250, 1323], [159, 1323]], '', 0.0), ([[1059, 1477], [1130, 1477], [1130, 1541], [1059, 1541]], '새', 0.044025321320479094), ([[1212.460684314232, 1296.1494900025828], [1260.6231013383433, 1258.024302869206], [1335.539315685768, 1362.8505099974172], [1286.3768986616567, 1401.975697130794]], '^', 0.05527173726150303)]
[]
[([[1103, 94], [1472, 94], [1472, 266], [1103, 266]], '어무에', 0.2835196583916266), ([[1150.2930485399816, 289.216900947885], [1553.2549494240498, 239.49756585702468], [1559.7069514600184, 384.783099052115], [1156.7450505759502, 434.50243414297535]], '어쨌보논거야', 0.15175226878385922)]
