2734599
107
[([[289, 38], [619, 38], [619, 266], [289, 266]], '@퍽', 0.12090109507817492), ([[1329, 2674], [1689, 2674], [1689, 2763], [1329, 2763]], '@요실금렉고', 0.0009377137481645029), ([[218.01378342099284, 187.02115370913302], [694.5958488903157, 276.70726044046194], [647.9862165790072, 465.97884629086695], [170.4041511096844, 376.29273955953806]], '[완', 0.008281303664601643)]
[]
[([[1041, 15], [1137, 15], [1137, 53], [1041, 53]], '하이고-', 0.9707742929458618), ([[1022, 46], [1156, 46], [1156, 94], [1022, 94]], '이모 갑자기', 0.9854245193567959), ([[1050, 76], [1128, 76], [1128, 124], [1050, 124]], "억수로'", 0.4827055037021637), ([[801, 79], [885, 79], [885, 183], [801, 183]], '잠수', 0.05942378372988524), ([[1041, 115], [1139, 115], [1139, 159], [1041, 159]], '쏟아저서', 0.9822198748588562), ([[1039, 146], [1139, 146], [1139, 196], [1039, 196]], '큰일이엇', 0.14558428525924683), ([[784, 172], [908, 172], [908, 228], [784, 228]], '뒷으니관', 0.1589537411928177), ([[967, 195], [1037, 195], [1037, 237], [967, 237]], '자자', 0.8330654176630996), ([[1059, 185], [1117, 185], [1117, 229], [1059, 229]], '켓네;', 0.5492570452158685), ([[792, 216], [898, 216], [898, 270], [792, 270]], '너 혼자', 0.8946046233177185), ([[952, 228], [1057, 228], [1057, 281], [952, 281]], '욕탕으로', 0.9444756507873535), ([[792, 258], [896, 258], [896, 314], [792, 314]], '들어가', 0.996821282986045), ([[949, 269], [1041, 269], [1041, 313], [949, 313]], '레즈고', 0.725763543101856), ([[645, 439], [757, 439], [757, 481], [645, 481]], '아니 아니,', 0.8453258503651556), ([[639, 475], [771, 475], [771, 519], [639, 519]], '그럼 이모가', 0.9981300705312806), ([[663, 513], [745, 513], [745, 555], [663, 555]], '감기에', 0.9828081812827384), ([[52, 508], [126, 508], [126, 612], [52, 612]], '원량', 0.8006838385039396), ([[649, 549], [757, 549], [757, 593], [649, 593]], '걸리장아', 0.252989798784256), ([[35, 589], [145, 589], [145, 703], [35, 703]], '통전', 0.030494454384333288), ([[581, 645], [651, 645], [651, 685], [581, 685]], '자 자;', 0.638760507106781), ([[32, 690], [64, 690], [64, 736], [32, 736]], '들', 0.9994790040722457), ([[569, 683], [667, 683], [667, 727], [569, 727]], '가자 가', 0.8153787381823406), ([[24, 728], [118, 728], [118, 782], [24, 782]], '제대로', 0.9999425309158744), ([[51, 679], [159, 679], [159, 789], [51, 789]], '어갈런', 0.012017132690876372), ([[56, 772], [124, 772], [124, 826], [56, 826]], '일이', 0.9967908476675209), ([[27, 813], [127, 813], [127, 873], [27, 873]], '없는데:', 0.4842681884765625)]
[]
[]
[]
[([[151, 79], [271, 79], [271, 139], [151, 139]], '장장갈은', 0.6465044617652893), ([[148, 126], [268, 126], [268, 174], [148, 174]], '소리하네,', 0.5251872762589088), ([[1008, 134], [1078, 134], [1078, 188], [1008, 188]], '우옷', 0.08115400344400142), ([[164, 168], [256, 168], [256, 216], [164, 216]], '억지로', 0.8414337492483819), ([[1004, 176], [1078, 176], [1078, 232], [1004, 232]], '이모', 0.7225911365161848), ([[148, 210], [268, 210], [268, 264], [148, 264]], '입허농고', 0.47694671154022217), ([[1008, 220], [1076, 220], [1076, 274], [1008, 274]], '장장', 0.969786605319717), ([[146, 252], [276, 252], [276, 302], [146, 302]], '주먹 맛 좀', 0.9199991980294775), ([[990, 264], [1094, 264], [1094, 316], [990, 316]], '귀여워', 0.7174857258796692), ([[154, 292], [272, 292], [272, 348], [154, 348]], '보고심은', 0.9270829558372498), ([[172, 336], [250, 336], [250, 384], [172, 384]], '거지?', 0.9997573940012505)]
[([[1148, 76], [1214, 76], [1214, 132], [1148, 132]], '이모', 0.9992058771720636), ([[238, 128], [336, 128], [336, 178], [238, 178]], '그만 좀', 0.9996292591094971), ([[1138, 118], [1234, 118], [1234, 170], [1138, 170]], '뭐 보고', 0.9537653534137553), ([[36, 174], [134, 174], [134, 224], [36, 224]], '어? 맛', 0.7667291311040216), ([[236, 168], [340, 168], [340, 220], [236, 220]], '비빌래?', 0.8878848552703857), ([[956, 180], [1060, 180], [1060, 230], [956, 230]], '아이거;', 0.9711495041847229), ([[1138, 162], [1236, 162], [1236, 218], [1138, 218]], '있어?', 0.9691054657273706), ([[18, 214], [152, 214], [152, 266], [18, 266]], '미안 미안', 0.9774093032890495), ([[947, 221], [1074, 221], [1074, 273], [947, 273]], '그드라마', 0.9327630996704102), ([[34, 252], [136, 252], [136, 354], [34, 354]], '.양출', 0.0006137655596403236), ([[44, 260], [74, 260], [74, 306], [44, 306]], '무', 0.999984383644037), ([[961, 259], [1062, 259], [1062, 322], [961, 322]], '재방송', 0.9995693711742932), ([[962, 308], [1058, 308], [1058, 362], [962, 362]], '이잡아', 0.8740761839612136), ([[28, 342], [144, 342], [144, 392], [28, 392]], '주무르고', 0.972878634929657), ([[950, 348], [1074, 348], [1074, 400], [950, 400]], '이거 재미', 0.9486513727456289), ([[36, 384], [138, 384], [138, 438], [36, 438]], '있없어', 0.9080175905182294), ([[958, 390], [1064, 390], [1064, 444], [958, 444]], '있,자~', 0.19467563927173615), ([[59, 751], [135, 751], [135, 793], [59, 793]], '무의식', 0.999806878102299), ([[59, 787], [137, 787], [137, 829], [59, 829]], '적으로', 0.9345625263437676), ([[59, 825], [139, 825], [139, 869], [59, 869]], '비비지', 0.9693791270256042), ([[79, 865], [115, 865], [115, 903], [79, 903]], '마', 0.999525364941988), ([[41, 1043], [135, 1043], [135, 1085], [41, 1085]], '아니이~', 0.3025612533092499), ([[34, 1076], [144, 1076], [144, 1126], [34, 1126]], '이 가슴을', 0.7850720610059454), ([[39, 1117], [139, 1117], [139, 1161], [39, 1161]], '달고있는', 0.45248809456825256), ([[45, 1155], [131, 1155], [131, 1197], [45, 1197]], '이모가', 0.9992143980964276), ([[14, 1188], [162, 1188], [162, 1236], [14, 1236]], '나별 거리구~', 0.29016482737442845), ([[184, 1326], [246, 1326], [246, 1374], [184, 1374]], '어째', 0.9766252681024195), ([[181, 1369], [249, 1369], [249, 1413], [181, 1413]], '선데,', 0.795467425879179)]
[([[272, 1053], [774, 1053], [774, 1491], [272, 1491]], '1', 0.8199739584081414), ([[735.8921069720443, 1153.0529287436812], [1304.0348417437672, 1078.0635540028275], [1323.1078930279557, 1435.9470712563188], [753.9651582562327, 1509.9364459971725]], '(@))', 0.09924717247486115)]
[]
[([[1105, 45], [1161, 45], [1161, 87], [1105, 87]], '하아;', 0.6510404887723168), ([[1099, 83], [1159, 83], [1159, 123], [1099, 123]], '하아', 0.9997034676527835), ([[1013, 113], [1073, 113], [1073, 151], [1013, 151]], '하하', 0.9987146788980054), ([[1106, 116], [1162, 116], [1162, 164], [1106, 164]], '엄청', 0.7734712506963951), ([[87, 175], [141, 175], [141, 213], [87, 213]], '바보:', 0.7318294881471792), ([[1005, 141], [1155, 141], [1155, 227], [1005, 227]], '회물 씻다', 0.22869639767026795), ([[1011, 215], [1083, 215], [1083, 255], [1011, 255]], '크리스', 0.5774660895506866), ([[1007, 249], [1085, 249], [1085, 293], [1007, 293]], '마스네;', 0.5462087988853455)]
[]
[([[1012, 102], [1142, 102], [1142, 154], [1012, 154]], '이 이모', 0.552165608933403), ([[1030, 146], [1132, 146], [1132, 202], [1030, 202]], '빨아쥐', 0.823269824940738), ([[26, 220], [126, 220], [126, 270], [26, 270]], '자 잠깐 ', 0.8793341298641615), ([[48, 260], [108, 260], [108, 310], [48, 310]], '빨리', 0.9999809496776212), ([[16, 300], [108, 300], [108, 352], [16, 352]], '끝내쥐:', 0.9704099297523499), ([[1062, 452], [1212, 452], [1212, 707], [1062, 707]], '물', 0.01899918855899707), ([[0, 749], [97, 749], [97, 937], [0, 937]], '문', 0.10281847476613848), ([[789, 689], [879, 689], [879, 857], [789, 857]], '물', 0.17653404621340574), ([[473.31497009166014, 303.0261082007481], [542.3824528360306, 292.3210646687459], [564.6850299083399, 451.9738917992519], [495.61754716396945, 462.6789353312541]], '쉬', 0.0015613727978622954), ([[439.9068247069081, 611.0271766088522], [771.7882043050753, 668.7992665810733], [730.0931752930919, 855.9728233911478], [398.21179569492466, 798.2007334189267]], '간%', 0.000476523579417353), ([[-2.448571936680298, 1132.0657086965168], [94.67167627631227, 1068.014104623768], [211.4485719366803, 1273.9342913034832], [113.32832372368773, 1337.985895376232]], '정', 0.32070605794232065)]
[([[39, 107], [93, 107], [93, 147], [39, 147]], '아-', 0.6427523184847403), ([[282, 90], [368, 90], [368, 140], [282, 140]], '밖에다', 0.7334680702484024), ([[932, 104], [964, 104], [964, 138], [932, 138]], '에:', 0.5686466209480828), ([[1122, 88], [1190, 88], [1190, 136], [1122, 136]], '잠깐', 0.999834451192911), ([[61, 143], [97, 143], [97, 183], [61, 183]], "'가", 0.9992707688349509), ([[278, 125], [367, 125], [367, 175], [278, 175]], '싸라고', 0.7571030413203682), ([[923, 137], [997, 137], [997, 175], [923, 175]], '그치만', 0.9997532646057047), ([[1112, 126], [1200, 126], [1200, 174], [1112, 174]], '정말 !', 0.549120746066665), ([[39, 177], [95, 177], [95, 221], [39, 221]], '아니', 0.9997581699485947), ([[282, 164], [366, 164], [366, 214], [282, 214]], '말햇없', 0.7641470302274336), ([[919, 169], [993, 169], [993, 211], [919, 211]], '안전일', 0.699442446231842), ([[1113, 163], [1201, 163], [1201, 205], [1113, 205]], '왜안에', 0.986734854356696), ([[288, 204], [358, 204], [358, 252], [288, 252]], '잡아', 0.5414546995550997), ([[919, 201], [997, 201], [997, 245], [919, 245]], '이니하', 0.1558222472667694), ([[1099, 199], [1213, 199], [1213, 243], [1099, 243]], '싸느거야', 0.3359811007976532), ([[32, 210], [104, 210], [104, 302], [32, 302]], '종', 0.20990076654367673), ([[907, 239], [1007, 239], [1007, 281], [907, 281]], '생이어도', 0.9826775193214417), ([[929, 273], [985, 273], [985, 315], [929, 315]], '상관', 0.999947485430632), ([[919, 307], [997, 307], [997, 351], [919, 351]], '없장아', 0.25272793153453765)]
[([[70, 162], [156, 162], [156, 216], [70, 216]], '응?', 0.9996205308673037), ([[46, 206], [174, 206], [174, 262], [46, 262]], '고기만두', 0.9996757507324219), ([[1076, 198], [1149, 198], [1149, 253], [1076, 253]], '이모', 0.9975895462849937), ([[53, 248], [166, 248], [166, 304], [53, 304]], '아직 좀', 0.9054968218229087), ([[1068, 244], [1170, 244], [1170, 296], [1068, 296]], '뭐 먹고', 0.9919620156288147), ([[50, 295], [177, 295], [177, 349], [50, 349]], '있으니', 0.72482092223506), ([[1074, 288], [1162, 288], [1162, 344], [1074, 344]], '있어?', 0.9694039494531803), ([[76, 342], [146, 342], [146, 390], [76, 390]], '너도', 0.9997430824789927), ([[58, 384], [172, 384], [172, 438], [58, 438]], '먹울래?', 0.875084400177002)]
[([[988, 212], [1056, 212], [1056, 264], [988, 264]], '나는', 0.9930421757137698), ([[104, 232], [174, 232], [174, 288], [104, 288]], '뒷?', 0.5433718087689091), ([[990, 256], [1088, 256], [1088, 308], [990, 308]], '만두가', 0.9982853405322374), ([[1052, 210], [1124, 210], [1124, 310], [1052, 310]], '이품', 0.03765674976617242), ([[103, 279], [145, 279], [145, 323], [103, 323]], '이', 0.9877119804610999), ([[86, 322], [194, 322], [194, 376], [86, 376]], '이 녀석', 0.6019089910777536), ([[1000, 300], [1112, 300], [1112, 356], [1000, 356]], '좋은데~', 0.8809966444969177), ([[108, 366], [168, 366], [168, 414], [108, 414]], '이', 0.9925641285474605)]
[([[286, 108], [354, 108], [354, 158], [286, 158]], '바보', 0.9409934652505337), ([[258, 148], [390, 148], [390, 204], [258, 204]], '이제 저녁', 0.9911755450842165), ([[1132, 178], [1196, 178], [1196, 230], [1132, 230]], '한번', 0.9998883126783176), ([[1153, 133], [1237, 133], [1237, 229], [1153, 229]], "'엔터", 0.2764714113474464), ([[264, 194], [388, 194], [388, 248], [264, 248]], '준비해야', 0.9987741112709045), ([[276, 236], [376, 236], [376, 290], [276, 290]], '되니깐', 0.6068193347482846), ([[264, 282], [386, 282], [386, 336], [264, 336]], '무리인게', 0.9845346212387085), ([[246, 324], [406, 324], [406, 380], [246, 380]], '당연하잡아', 0.5966217967072659), ([[1078.7701175612585, 1588.9931058051327], [1136.357213634938, 1575.1443211810063], [1142.2298824387415, 1602.0068941948673], [1084.642786365062, 1615.8556788189937]], '오', 0.003255925174752164)]
[([[403, 49], [503, 49], [503, 91], [403, 91]], '있지 이모', 0.5280061937305711), ([[1155, 47], [1219, 47], [1219, 87], [1155, 87]], "하아'", 0.5765689841220267), ([[417, 85], [495, 85], [495, 121], [417, 121]], '아직더', 0.9986404070067604), ([[1155, 83], [1221, 83], [1221, 125], [1155, 125]], '하아 ', 0.747171068895912), ([[395, 113], [517, 113], [517, 157], [395, 157]], '하고 싶은데', 0.6890758573395597), ([[1140, 120], [1228, 120], [1228, 168], [1140, 168]], '미처다:', 0.4381800889968872), ([[431, 151], [483, 151], [483, 187], [431, 187]], '해도', 0.9999860915683209), ([[1166, 164], [1198, 164], [1198, 202], [1166, 202]], '기', 0.9992783180050004), ([[415, 181], [499, 181], [499, 223], [415, 223]], '괜찮지?', 0.9851520657539368), ([[1192, 162], [1222, 162], [1222, 246], [1192, 246]], '붕', 0.2087527630125443), ([[1152, 238], [1182, 238], [1182, 284], [1152, 284]], '종', 0.44472298746436323), ([[21, 1085], [57, 1085], [57, 1135], [21, 1135]], '흙', 0.5758387255043864), ([[1157, 1085], [1211, 1085], [1211, 1127], [1157, 1127]], '이모', 0.9993108842984435), ([[1128, 1110], [1247, 1110], [1247, 1164], [1128, 1164]], '듣고있어?', 0.8838271189273026), ([[902, 1170], [982, 1170], [982, 1218], [902, 1218]], '다음은', 0.9991148187259624), ([[1117, 1147], [1261, 1147], [1261, 1235], [1117, 1235]], '및함미금곁', 0.001956754043073356), ([[887, 1207], [995, 1207], [995, 1251], [887, 1251]], '안에 싸도', 0.8687007117966061), ([[1192, 1186], [1248, 1186], [1248, 1234], [1192, 1234]], '[라는', 0.8124340074096004), ([[1155, 1225], [1221, 1225], [1221, 1267], [1155, 1267]], '거지?', 0.9987474807592592), ([[919, 1243], [967, 1243], [967, 1285], [919, 1285]], '돼?', 0.6703804148414123), ([[893, 1281], [991, 1281], [991, 1319], [893, 1319]], '저기요-', 0.6419535875320435), ([[903, 1317], [979, 1317], [979, 1355], [903, 1355]], '이모', 0.9996367134964591), ([[1164.5697127830433, 200.03101820299892], [1192.5665421809504, 195.05398065905806], [1205.4302872169567, 274.96898179700105], [1176.4334578190496, 278.9460193409419]], '양', 0.29154286273496055)]
[]
[]
[]
[([[957, 21], [1007, 21], [1007, 61], [957, 61]], '잠깐', 0.9997950038835723), ([[953, 53], [1001, 53], [1001, 89], [953, 89]], '이제:', 0.9605772041579699), ([[494, 40], [526, 40], [526, 160], [494, 160]], '꽃', 0.03164217055042773), ([[954, 82], [1002, 82], [1002, 150], [954, 150]], '꽃', 0.8348667231433957), ([[1068, 132], [1096, 132], [1096, 176], [1068, 176]], '옷', 0.9795287808870832), ([[779, 1151], [889, 1151], [889, 1293], [779, 1293]], '', 0.0), ([[0, 2102], [80, 2102], [80, 2134], [0, 2134]], '한 적 없어', 0.5664605036462153), ([[6, 2128], [70, 2128], [70, 2160], [6, 2160]], '바보야', 0.959814306639319), ([[400, 2136], [466, 2136], [466, 2164], [400, 2164]], '그치만 ', 0.8839296102523804), ([[725, 2135], [777, 2135], [777, 2173], [725, 2173]], '잠깐', 0.9692046357440124), ([[18, 2154], [62, 2154], [62, 2184], [18, 2184]], '이제', 0.9990205634918705), ([[408, 2162], [464, 2162], [464, 2190], [408, 2190]], '이모가', 0.9994737786622289), ([[711, 2161], [793, 2161], [793, 2199], [711, 2199]], '다짜고짜', 0.9451338052749634), ([[2, 2180], [76, 2180], [76, 2212], [2, 2212]], '의심받기', 0.9698366522789001), ([[415, 2185], [455, 2185], [455, 2221], [415, 2221]], '그런', 0.8295665422552102), ([[711, 2193], [791, 2193], [791, 2229], [711, 2229]], '암벽으로', 0.49776411056518555), ([[0, 2206], [76, 2206], [76, 2238], [0, 2238]], '전에 빨리', 0.23860371714655618), ([[392, 2212], [478, 2212], [478, 2244], [392, 2244]], '수영복으로', 0.9863668605704023), ([[712, 2222], [792, 2222], [792, 2254], [712, 2254]], '데려와서', 0.6869940757751465), ([[5, 2231], [71, 2231], [71, 2267], [5, 2267]], '돌아가', 0.911977561139494), ([[424, 2236], [462, 2236], [462, 2266], [424, 2266]], "'혹해", 0.5980524678643172), ([[401, 2233], [465, 2233], [465, 2297], [401, 2297]], '유려', 0.03021929593273511), ([[709, 2249], [797, 2249], [797, 2285], [709, 2285]], '박기 시작', 0.9777411962330582), ([[651, 2271], [783, 2271], [783, 2313], [651, 2313]], '제다가   하다니', 0.611603311470624), ([[652, 2296], [706, 2296], [706, 2326], [652, 2326]], '혼잡한', 0.5922890718415763), ([[640, 2306], [786, 2306], [786, 2354], [640, 2354]], '틈출 대체 뭐', 0.050211190023690865), ([[649, 2333], [795, 2333], [795, 2377], [649, 2377]], "'못하-생각이야", 0.6282740497456363), ([[642, 2368], [714, 2368], [714, 2400], [642, 2400]], '안예 사정', 0.7755369277547873), ([[638, 2392], [714, 2392], [714, 2424], [638, 2424]], '하고 말야', 0.5709350750859765), ([[63.29220859719191, -49.99217140692565], [558.8921442074338, 228.3749023156753], [418.7077914028081, 465.99217140692565], [-75.8921442074338, 186.6250976843247]], ')', 0.1310177555408245), ([[1111.2716429592708, 113.06687198006216], [1144.8912992060086, 105.10056597371253], [1160.7283570407292, 174.93312801993784], [1127.1087007939914, 182.89943402628748]], '초', 0.05459257266704132)]
[([[1121, 93], [1179, 93], [1179, 137], [1121, 137]], '우엇', 0.29342225020554236), ([[1039, 125], [1113, 125], [1113, 161], [1039, 161]], '그녀석', 0.9823516365942477), ([[1130, 128], [1188, 128], [1188, 176], [1130, 176]], '엄청', 0.9163698714030056), ([[1041, 153], [1175, 153], [1175, 213], [1041, 213]], "'학고의 탓데'", 0.24512831478950176), ([[1031, 187], [1121, 187], [1121, 223], [1031, 223]], '여러 가지', 0.9988003947040239), ([[1031, 219], [1125, 219], [1125, 257], [1031, 257]], '일 때문에', 0.9597164994638938), ([[1043, 251], [1111, 251], [1111, 289], [1043, 289]], '선크림', 0.6136025190353394), ([[1029, 283], [1123, 283], [1123, 321], [1029, 321]], '바르는 걸', 0.6316674499124603), ([[1025, 305], [1127, 305], [1127, 392], [1025, 392]], '알로', 0.12130534277121803)]
[([[1185, 53], [1273, 53], [1273, 93], [1185, 93]], '조 좋아', 0.9571081399917603), ([[1185, 81], [1271, 81], [1271, 123], [1185, 123]], '오늘부터', 0.9994197487831116), ([[1175, 117], [1263, 117], [1263, 155], [1175, 155]], '다이어트', 0.9974772930145264), ([[1195, 147], [1263, 147], [1263, 187], [1195, 187]], '열심히', 0.9996133482704507), ([[1191, 181], [1269, 181], [1269, 217], [1191, 217]], '해보자!', 0.6309322118759155), ([[131, 455], [191, 455], [191, 499], [131, 499]], '나아', 0.9962119230847698)]
[([[450, 56], [510, 56], [510, 86], [450, 86]], '작깐', 0.6339565476895122), ([[157, 109], [255, 109], [255, 149], [157, 149]], '날 위해서', 0.9473719391124809), ([[444, 86], [514, 86], [514, 134], [444, 134]], '그만', 0.9873722608425604), ([[1163, 93], [1221, 93], [1221, 137], [1163, 137]], '이모', 0.9994435383702666), ([[163, 141], [245, 141], [245, 183], [163, 183]], '하는 건', 0.4222699871787599), ([[1145, 129], [1245, 129], [1245, 173], [1145, 173]], '다이어트', 0.9916446805000305), ([[29, 159], [99, 159], [99, 199], [29, 199]], '딱히; -', 0.17938560647834287), ([[157, 175], [251, 175], [251, 217], [157, 217]], '기쁘지만', 0.9602428078651428), ([[1157, 167], [1233, 167], [1233, 211], [1157, 211]], '할거면', 0.8253134119484146), ([[37, 195], [93, 195], [93, 239], [37, 239]], '너름', 0.7029630853171147), ([[157, 207], [253, 207], [253, 251], [157, 251]], '딱히 지금', 0.9151426497930941), ([[1156, 202], [1232, 202], [1232, 252], [1156, 252]], '말해어', 0.3599478431721562), ([[25, 231], [105, 231], [105, 275], [25, 275]], '위해서', 0.9999781135181873), ([[157, 241], [249, 241], [249, 281], [157, 281]], '이대로도', 0.9989759922027588), ([[1163, 239], [1227, 239], [1227, 283], [1163, 283]], '아지', 0.5768289783297847), ([[37, 273], [87, 273], [87, 309], [37, 309]], '가"', 0.40699855488131137), ([[151, 275], [255, 275], [255, 319], [151, 319]], '충분한걸~', 0.8734237103233736), ([[13, 305], [109, 305], [109, 349], [13, 349]], '[아니라 ', 0.6891950059435951), ([[1117, 307], [1177, 307], [1177, 351], [1117, 351]], '내가', 0.9996602290162107), ([[39, 343], [87, 343], [87, 385], [39, 385]], '맛 ', 0.14321140181880895), ([[1088, 346], [1204, 346], [1204, 394], [1088, 394]], '도와줄게;', 0.5057218785765217)]
[]
[]
[]
[]
[]
[([[530, 8], [608, 8], [608, 100], [530, 100]], '야', 0.7560886787864582), ([[493, 99], [559, 99], [559, 205], [493, 205]], '안', 0.11952377670628156), ([[518, 1094], [720, 1094], [720, 1268], [518, 1268]], '16', 0.04933721578928369), ([[545, 1287], [737, 1287], [737, 1467], [545, 1467]], '9', 0.7512912132341718), ([[449, 1501], [559, 1501], [559, 1617], [449, 1617]], '(', 0.16731194509935676), ([[1107.106499836913, 1194.0234969013472], [1236.7990557522692, 1180.4188305677162], [1256.893500163087, 1417.9765030986528], [1127.2009442477308, 1431.5811694322838]], '자', 0.0651036162985017)]
[([[1191, 53], [1249, 53], [1249, 93], [1191, 93]], '산타', 0.9672227647762522), ([[1172, 89], [1271, 89], [1271, 131], [1172, 131]], '코스프레', 0.9985082745552063), ([[578, 124], [688, 124], [688, 172], [578, 172]], '그냥 야한', 0.8613903760030519), ([[1191, 125], [1247, 125], [1247, 165], [1191, 165]], '라고', 0.9998563665617382), ([[580, 160], [686, 160], [686, 208], [580, 208]], '옷이않아', 0.31140822172164917), ([[1170, 160], [1274, 160], [1274, 208], [1170, 208]], '전달발있', 0.22773116827011108), ([[1177, 201], [1233, 201], [1233, 243], [1177, 243]], '논데', 0.4856224108785907)]
[([[52, 70], [120, 70], [120, 118], [52, 118]], '아니', 0.9991139353839088), ([[723, 81], [815, 81], [815, 125], [723, 125]], '시끄러', 0.9922613594147016), ([[1127, 63], [1189, 63], [1189, 105], [1127, 105]], '이모', 0.9832535210354781), ([[1187, 61], [1247, 61], [1247, 143], [1187, 143]], '향', 0.013873939673026747), ([[1186, 102], [1212, 102], [1212, 138], [1186, 138]], '의', 0.17923537193119987), ([[32, 112], [110, 112], [110, 212], [32, 212]], '름럼튿', 0.012876317438139839), ([[94, 115], [138, 115], [138, 210], [94, 210]], '군', 0.9908186910948302), ([[722, 112], [820, 112], [820, 210], [722, 210]], '존질츠', 0.0007603868465912465), ([[734, 160], [762, 160], [762, 198], [734, 198]], '드', 0.9993388553850515), ([[914, 146], [1052, 146], [1052, 196], [914, 196]], '자 자 잠깐', 0.9893946946875561), ([[1182, 132], [1240, 132], [1240, 182], [1182, 182]], '유록', 0.9080077559830179), ([[26, 202], [148, 202], [148, 258], [26, 258]], '움직여도', 0.9793877601623535), ([[739, 193], [829, 193], [829, 287], [739, 287]], '슬교고', 0.04228515858971878), ([[922, 182], [1042, 182], [1042, 280], [922, 280]], '연녕각고', 0.1021406278014183), ([[1136, 166], [1236, 166], [1236, 262], [1136, 262]], '현날', 0.18771042049583964), ([[1147, 209], [1203, 209], [1203, 253], [1147, 253]], '음란악', 0.019849466627276494), ([[28, 244], [148, 244], [148, 300], [28, 300]], '빠뚫어저', 0.6702149510383606), ([[722, 238], [752, 238], [752, 282], [722, 282]], '유', 0.9998949793733836), ([[1117, 240], [1254, 240], [1254, 291], [1117, 291]], '아줌마구나] ', 0.43875064776529643), ([[27, 291], [63, 291], [63, 337], [27, 337]], '버듬', 0.03386406828722817), ([[80, 292], [144, 292], [144, 340], [80, 340]], "'서 ", 0.4302558502494047), ([[724, 274], [818, 274], [818, 324], [724, 324]], '있장아', 0.653590375261395), ([[922, 266], [1044, 266], [1044, 318], [922, 318]], '햇없잡아', 0.5541089773178101), ([[976, 290], [1004, 290], [1004, 314], [976, 314]], '내', 0.019411648799510184), ([[1130, 280], [1244, 280], [1244, 328], [1130, 328]], '지금 당장', 0.9940480309412357), ([[1119, 319], [1253, 319], [1253, 363], [1119, 363]], '범해주적어', 0.1442079955962916), ([[10, 283], [98, 283], [98, 482], [10, 482]], '뼈', 0.0595946043767448), ([[79, 417], [157, 417], [157, 479], [79, 479]], '넣에', 0.7407308597993819), ([[85, 333], [151, 333], [151, 431], [85, 431]], '별', 0.7580168805718621), ([[1105, 1255], [1269, 1255], [1269, 1437], [1105, 1437]], '빵)', 0.13973725584448704), ([[840, 1606], [942, 1606], [942, 1798], [840, 1798]], '@', 0.010558080702166572), ([[1139.20963218369, 87.04476321647196], [1196.4248870923025, 94.57594485459687], [1183.79036781631, 188.95523678352802], [1125.5751129076975, 181.42405514540314]], '몹출', 0.1455275145753629)]
[([[282, 7], [527, 7], [527, 181], [282, 181]], '아', 0.998581674304674), ([[1179, 115], [1280, 115], [1280, 239], [1179, 239]], '아', 0.9909214539938063), ([[242, 162], [550, 162], [550, 454], [242, 454]], '양', 0.5347134693768432), ([[1171, 265], [1280, 265], [1280, 417], [1171, 417]], '양', 0.979903766108098), ([[255, 407], [395, 407], [395, 539], [255, 539]], '아', 0.942146760833694), ([[254, 1202], [470, 1202], [470, 1462], [254, 1462]], '독', 0.5316646730012167), ([[735, 1051], [1012, 1051], [1012, 1503], [735, 1503]], '곳', 0.33804603319598314), ([[1065, 1471], [1247, 1471], [1247, 1665], [1065, 1665]], '천', 0.00275670476047285), ([[34.37941625984562, 1194.010137551276], [181.89879598805572, 1229.1872131577265], [108.62058374015437, 1537.989862448724], [-37.89879598805572, 1502.8127868422735]], '즈', 0.27489559334048863)]
[([[1026, 96], [1110, 96], [1110, 146], [1026, 146]], '청바지', 0.9982452933985256), ([[988, 136], [1138, 136], [1138, 186], [988, 186]], '줄어들없나 ', 0.6191477399534088), ([[1066, 180], [1124, 180], [1124, 228], [1066, 228]], '줄어', 0.9979843745537346), ([[1013, 177], [1103, 177], [1103, 271], [1013, 271]], '올어줄', 0.05094905970285455), ([[1035, 259], [1097, 259], [1097, 303], [1035, 303]], '그래,', 0.9867703049272579), ([[992, 292], [1150, 292], [1150, 392], [992, 392]], '줄용결저야', 0.021653895179827066), ([[1185, 1466], [1271, 1466], [1271, 1701], [1185, 1701]], '"', 0.02319363793020912), ([[256.3424950994306, 1230.0196681604914], [341.2271237576544, 1219.4840277552296], [361.6575049005694, 1418.9803318395086], [276.7728762423456, 1429.5159722447704]], '>', 0.08740517218799315)]
[]
[([[1127, 93], [1211, 93], [1211, 137], [1127, 137]], '아냐', 0.9205627524597783), ([[1132, 130], [1204, 130], [1204, 222], [1132, 222]], '알표', 0.13179557982535217), ([[1114, 208], [1228, 208], [1228, 258], [1114, 258]], '몇 번이나', 0.8911324755930999), ([[1047, 263], [1103, 263], [1103, 307], [1047, 307]], '너무', 0.8867346593980837), ([[1139, 249], [1199, 249], [1199, 293], [1139, 293]], '사과', 0.9999805282115137), ([[1021, 285], [1215, 285], [1215, 349], [1021, 349]], '흥분해서 햇장아', 0.581834756045635), ([[1018, 338], [1128, 338], [1128, 386], [1018, 386]], '그런거야', 0.9573543667793274), ([[1026, 370], [1124, 370], [1124, 508], [1026, 508]], '@뼈려', 0.001074502441170993), ([[1042, 492], [1104, 492], [1104, 540], [1042, 540]], '나깐', 0.44289646001763755)]
[([[109, 32], [221, 32], [221, 107], [109, 107]], '잠깐', 0.9993988702860526), ([[95, 99], [233, 99], [233, 174], [95, 174]], '때리지', 0.9998980012831046), ([[1490, 98], [1636, 98], [1636, 214], [1490, 214]], ' 니른', 0.02458128841492358), ([[2254, 69], [2335, 69], [2335, 184], [2254, 184]], '원적', 0.026945167854633672), ([[2470, 34], [2593, 34], [2593, 263], [2470, 263]], '뿐', 0.0057149215223396), ([[133, 169], [195, 169], [195, 236], [133, 236]], '마', 0.9994536192700707), ([[1479, 199], [1650, 199], [1650, 262], [1479, 262]], '여자애들도', 0.9923190470014641), ([[2251, 173], [2338, 173], [2338, 238], [2251, 238]], '(잡아', 0.3697474024352378), ([[1494, 248], [1607, 248], [1607, 311], [1494, 311]], '입엇고:', 0.527137279510498), ([[2492, 247], [2571, 247], [2571, 304], [2492, 304]], '그런', 0.9988973636973125), ([[1509, 302], [1618, 302], [1618, 357], [1509, 357]], '것보다', 0.9796081612118753), ([[2460, 297], [2600, 297], [2600, 358], [2460, 358]], '모습으로', 0.9996037483215332), ([[1494, 348], [1636, 348], [1636, 409], [1494, 409]], '옛날보다', 0.9954037666320801), ([[2476, 349], [2587, 349], [2587, 406], [2476, 406]], '축제에', 0.9910921538586628), ([[1511, 400], [1586, 400], [1586, 452], [1511, 452]], '조여', 0.9975971273655283), ([[2460, 399], [2600, 399], [2600, 462], [2460, 462]], '#어요?', 0.14559632539749146), ([[1526, 449], [1569, 449], [1569, 502], [1526, 502]], '옷', 0.8504232023619842), ([[365, 597], [467, 597], [467, 674], [365, 674]], '이거', 0.9984329185823875), ([[362, 657], [471, 657], [471, 741], [362, 741]], '완전', 0.9999530487335955), ([[344, 724], [488, 724], [488, 808], [344, 808]], '티쩐티', 0.29067352324387), ([[359, 798], [475, 798], [475, 873], [359, 873]], '아', 0.9999647143615675), ([[412.2663979980015, 931.0112145346484], [748.9014369552249, 1134.8271420949795], [641.7336020019985, 1305.9887854653516], [305.0985630447751, 1103.1728579050205]], '말:)', 0.03528119937931606)]
[]
[([[1877, 31], [2068, 31], [2068, 94], [1877, 94]], '후-후-"', 0.6187153567035252), ([[441, 64], [600, 64], [600, 128], [441, 128]], '아 아니', 0.9801607131958008), ([[1887, 85], [2055, 85], [2055, 158], [1887, 158]], '정말이지,', 0.51430703425396), ([[434, 115], [607, 115], [607, 188], [434, 188]], '너가 입어', 0.9451758120117604), ([[1853, 143], [2095, 143], [2095, 212], [1853, 212]], '이모가 에로한', 0.7497323369008423), ([[443, 175], [567, 175], [567, 240], [443, 240]], "달라고'", 0.775904655456543), ([[1865, 200], [2082, 200], [2082, 269], [1865, 269]], '옷입은 탓에', 0.9483086983188486), ([[470, 230], [608, 230], [608, 299], [470, 299]], "'왜 항상", 0.5708187707599608), ([[1877, 259], [2072, 259], [2072, 323], [1877, 323]], '평소보다도', 0.9993214174918905), ([[440, 284], [601, 284], [601, 357], [440, 357]], '마지막엔', 0.8617583513259888), ([[1869, 313], [2078, 313], [2078, 382], [1869, 382]], '잔뜩 싸버려', 0.1929893227591437), ([[415, 340], [625, 340], [625, 416], [415, 416]], '이렇게 되는', 0.4171610327242456), ([[1914, 372], [2001, 372], [2001, 435], [1914, 435]], '다고', 0.99993054270018), ([[460, 403], [551, 403], [551, 468], [460, 468]], '거야:', 0.9566497491801171)]
[([[1924, 37], [2052, 37], [2052, 122], [1924, 122]], '우왕', 0.051311165676983), ([[1909, 109], [2065, 109], [2065, 188], [1909, 188]], '쩐다', 0.3780486454396817), ([[1910, 175], [2066, 175], [2066, 262], [1910, 262]], '짐은이', 0.09406027281816826), ([[1790, 263], [1879, 263], [1879, 332], [1790, 332]], "'근데", 0.999762142808953), ([[1903, 247], [2073, 247], [2073, 326], [1903, 326]], '세 개나', 0.9190094953761754), ([[683, 261], [770, 261], [770, 399], [683, 399]], '하', 0.984955462208692), ([[1766, 322], [1857, 322], [1857, 388], [1766, 388]], '이모', 0.9996842504133485), ([[1914, 315], [2058, 315], [2058, 401], [1914, 401]], '있어]', 0.9192971376821532), ([[394, 359], [446, 359], [446, 430], [394, 430]], '안', 0.9999657872265324), ([[1758, 378], [1879, 378], [1879, 447], [1758, 447]], '안해?', 0.9998558119379668), ([[327, 420], [428, 420], [428, 497], [327, 497]], '들려', 0.9597877888832993), ([[759, 621], [840, 621], [840, 757], [759, 757]], '하', 0.8922896279401016), ([[1554, 575], [1761, 575], [1761, 735], [1554, 735]], '45', 0.570980298331287), ([[1797, 1567], [2094, 1567], [2094, 1851], [1797, 1851]], '솜다', 0.012659905989791954)]
[]
[]
[([[1764, 125], [1894, 125], [1894, 209], [1764, 209]], '하아?', 0.9992007720916103), ([[2021, 112], [2250, 112], [2250, 187], [2021, 187]], '이모 이모', 0.9256513331197072), ([[510, 190], [750, 190], [750, 267], [510, 267]], '어디 보자', 0.996190467721563), ([[2025, 175], [2244, 175], [2244, 250], [2025, 250]], '유*브에서', 0.4941428065226969), ([[145, 255], [294, 255], [294, 330], [145, 330]], '또그런', 0.9930965603354828), ([[517, 252], [745, 252], [745, 333], [517, 333]], '이 5엔짜리', 0.4217829389279303), ([[2014, 236], [2256, 236], [2256, 313], [2014, 313]], '최면술 쓰는', 0.936230190804773), ([[105, 323], [326, 323], [326, 398], [105, 398]], '고전적인  ', 0.8007453355512717), ([[510, 316], [750, 316], [750, 396], [510, 396]], '동전올 보고', 0.9366067030699428), ([[2030, 292], [2242, 292], [2242, 455], [2030, 455]], '방)영', 0.017498851299974683), ([[97, 386], [339, 386], [339, 463], [97, 463]], '그런 바보짓', 0.9894969625568105), ([[116, 453], [320, 453], [320, 531], [116, 531]], '하지 말고', 0.841049246286043), ([[548, 375], [713, 375], [713, 601], [548, 601]], '키열', 0.0008751004091626385), ([[2001, 422], [2274, 422], [2274, 578], [2001, 578]], '잠깐덧택 좀', 0.02942742277194175), ([[78, 518], [361, 518], [361, 598], [78, 598]], '공부나 제대로', 0.7482590977341516), ([[135, 586], [309, 586], [309, 664], [135, 664]], '하시지?', 0.9905967712402344), ([[510, 574], [747, 574], [747, 655], [510, 655]], '드러냄니다,', 0.22897498875409922), ([[2027, 561], [2241, 561], [2241, 636], [2027, 636]], '하게 해쥐]', 0.593340109606624), ([[99, 650], [339, 650], [339, 727], [99, 727]], '언니가 자꾸', 0.9992521908434858), ([[126, 717], [311, 717], [311, 794], [126, 794]], '불평불만', 0.9991985559463501), ([[150, 785], [288, 785], [288, 860], [150, 860]], '한다고', 0.9991373908509683), ([[283, 985], [387, 985], [387, 1104], [283, 1104]], '0)', 0.8093247993459173), ([[3, 1368], [315, 1368], [315, 1656], [3, 1656]], '0', 0.009190406076831303), ([[187.25501755473542, 1023.0115652624802], [357.14558417873013, 1119.6481600724712], [199.74498244526458, 1392.9884347375198], [29.854415821269853, 1295.3518399275288]], '시', 0.5861725136992959)]
[([[150, 19], [268, 19], [268, 79], [150, 79]], '너 말아', 0.8598904013633728), ([[155, 66], [265, 66], [265, 126], [155, 126]], '아직도', 0.9972921388316743), ([[1278, 88], [1383, 88], [1383, 143], [1278, 143]], '이모는', 0.9422991244435357), ([[173, 117], [249, 117], [249, 168], [173, 168]], '그거', 0.9998508877063413), ([[52, 137], [125, 137], [125, 193], [52, 193]], '전혀', 0.9999117456399096), ([[1261, 136], [1402, 136], [1402, 196], [1261, 196]], '부엌에서', 0.9772061705589294), ([[31, 161], [283, 161], [283, 245], [31, 245]], '안 떡히 하고입는', 0.27694555028692364), ([[1240, 185], [1417, 185], [1417, 242], [1240, 242]], '야한 포즈틀', 0.3119513230403466), ([[32, 234], [139, 234], [139, 289], [32, 289]], '다니깐', 0.8323201004141951), ([[167, 214], [256, 214], [256, 267], [167, 267]], '거야?', 0.9994868545994849), ([[1268, 233], [1395, 233], [1395, 293], [1268, 293]], '합니다~', 0.9445151686668396), ([[46, 280], [131, 280], [131, 342], [46, 342]], '정말!', 0.254388470193574), ([[1374, 467], [1548, 467], [1548, 584], [1374, 584]], '모다', 0.11125632397202118), ([[0, 753], [43, 753], [43, 795], [0, 795]], ')', 0.5130568440176972), ([[73, 2497], [176, 2497], [176, 2561], [73, 2561]], '이게', 0.9355551532601443), ([[67, 2553], [162, 2553], [162, 2617], [67, 2617]], '야한', 0.9981687894358016), ([[63, 2610], [166, 2610], [166, 2665], [63, 2665]], '포스?', 0.5135327389970882)]
[([[1373, 466], [1551, 466], [1551, 588], [1373, 588]], '몰페[', 0.02661160152000613)]
[([[152, 114], [277, 114], [277, 176], [152, 176]], '너도 참', 0.9997879862785339), ([[458, 114], [572, 114], [572, 178], [458, 178]], '이모는', 0.8941889700449114), ([[107, 166], [293, 166], [293, 230], [107, 230]], "끈질기구나'", 0.4399804580724955), ([[458, 163], [569, 163], [569, 230], [458, 230]], '저에게', 0.45015256375948254), ([[139, 217], [286, 217], [286, 279], [139, 279]], '지금부터', 0.9998846650123596), ([[458, 215], [572, 215], [572, 281], [458, 281]], '애널올', 0.5596801613009496), ([[118, 269], [308, 269], [308, 331], [118, 331]], '일일 드라마', 0.6946628398945728), ([[427, 269], [608, 269], [608, 333], [427, 333]], '보여중니다', 0.6672628689889583), ([[134, 321], [295, 321], [295, 383], [134, 383]], '볼 거니깐', 0.5957584817314041), ([[118, 373], [308, 373], [308, 437], [118, 437]], '방해하지 마', 0.9998754107646589), ([[1360, 2170], [1447, 2170], [1447, 2237], [1360, 2237]], '우엇:', 0.3169741491104417), ([[1360, 2227], [1445, 2227], [1445, 2291], [1360, 2291]], '대박:', 0.9547126858771029)]
[([[171, 153], [265, 153], [265, 208], [171, 208]], '하아?', 0.9997745998406208), ([[161, 202], [279, 202], [279, 263], [161, 263]], '너 지금', 0.9860947909697717), ([[145, 251], [293, 251], [293, 315], [145, 315]], '무슨 소길', 0.41752481080657416), ([[169, 306], [202, 306], [202, 350], [169, 350]], '하', 0.9995903196399105), ([[1523, 365], [1633, 365], [1633, 422], [1523, 422]], '이모는', 0.8341305610654387), ([[0, 358], [170, 358], [170, 541], [0, 541]], '거', 0.9999762774920704), ([[335, 358], [499, 358], [499, 600], [335, 600]], '돈', 0.012173044402203681), ([[1441, 410], [1635, 410], [1635, 534], [1441, 534]], '[애불렉-계', 0.006871726686810025), ([[1516, 519], [1631, 519], [1631, 581], [1516, 581]], '%니다', 0.2430204447442084), ([[16, 534], [222, 534], [222, 723], [16, 723]], '8', 0.48662306732143534), ([[25, 720], [260, 720], [260, 908], [25, 908]], '아', 0.9985526080843243), ([[19, 921], [300, 921], [300, 1130], [19, 1130]], '아', 0.9977902474089753), ([[0, 1121], [344, 1121], [344, 1391], [0, 1391]], '아', 0.8987881829587907), ([[42, 1394], [274, 1394], [274, 1595], [42, 1595]], '58', 0.03519480706644435), ([[0, 1751], [386, 1751], [386, 2125], [0, 2125]], '0', 0.7908132315354557), ([[1006, 1812], [1603, 1812], [1603, 2215], [1006, 2215]], '굶응', 0.14377546229871607), ([[1363, 2119], [1635, 2119], [1635, 2452], [1363, 2452]], '야', 0.812120502788062), ([[20, 2144], [303, 2144], [303, 2836], [20, 2836]], '올', 0.2871431949757266), ([[350.02738219147506, 1747.0131410845772], [618.2888014246768, 1712.9571467054348], [664.9726178085249, 2188.9868589154225], [397.7111985753232, 2223.0428532945652]], '탓', 0.01981732234531819)]
[([[1835, 169], [1946, 169], [1946, 254], [1835, 254]], '더위', 0.48215533531657423)]
[([[607, 93], [737, 93], [737, 174], [607, 174]], '이모', 0.4213291908590211), ([[534, 163], [818, 163], [818, 259], [534, 259]], '더우면 옷올', 0.26065058961344223), ([[590, 242], [756, 242], [756, 327], [590, 327]], '빗으면', 0.43377406872143726), ([[582, 320], [764, 320], [764, 405], [582, 405]], '되잡아', 0.6329644300968381), ([[603, 396], [739, 396], [739, 473], [603, 473]], '자!', 0.9954846808466051), ([[165, 529], [281, 529], [281, 620], [165, 620]], '화벌', 0.15489487770832153), ([[141, 606], [258, 606], [258, 697], [141, 697]], '힘도', 0.9996907404338645), ([[116, 685], [269, 685], [269, 774], [116, 774]], '없네:', 0.39662451857827397)]
[([[771, 57], [815, 57], [815, 115], [771, 115]], '에', 0.9724844682584468), ([[1867, 36], [2004, 36], [2004, 128], [1867, 128]], '잠깐', 0.9997782304863199), ([[743, 120], [892, 120], [892, 195], [743, 195]], '이모의', 0.9986761210244708), ([[1860, 112], [2018, 112], [2018, 200], [1860, 200]], '명하니', 0.9631670060287469), ([[710, 184], [922, 184], [922, 268], [710, 268]], '야한 모습', 0.9966138239916119), ([[1856, 188], [2023, 188], [2023, 274], [1856, 274]], '쳐다만', 0.997274663520806), ([[734, 257], [903, 257], [903, 336], [734, 336]], '구경 중', 0.8373158574104309), ([[1829, 265], [2045, 265], [2045, 349], [1829, 349]], '보지말고', 0.9998195767402649), ([[719, 323], [913, 323], [913, 409], [719, 409]], '이엎는데', 0.45761609077453613), ([[1825, 338], [1936, 338], [1936, 417], [1825, 417]], '너도', 0.9999669570306657), ([[1813, 411], [1930, 411], [1930, 499], [1813, 499]], '검는', 0.6846212123267758), ([[1997, 415], [2059, 415], [2059, 495], [1997, 495]], '좀', 0.9999483830437192), ([[130, 2229], [254, 2229], [254, 2321], [130, 2321]], '투덜', 0.6878793024789689), ([[110, 2308], [279, 2308], [279, 2401], [110, 2401]], '거리지', 0.9999431503407694), ([[134, 2381], [255, 2381], [255, 2554], [134, 2554]], '말0', 0.15301912193528297), ([[142, 2468], [195, 2468], [195, 2548], [142, 2548]], '빨', 0.9100998437492223), ([[148, 2542], [238, 2542], [238, 2632], [148, 2632]], '와', 0.9952679956650314), ([[1951.401779182893, 294.01052879416255], [2079.139238265458, 341.09878601425703], [1978.598220817107, 611.9894712058375], [1850.8607617345422, 564.901213985743]], '택', 0.004672789221074114)]
[]
[([[136, 160], [212, 160], [212, 217], [136, 217]], '잠깐', 0.9999310484521103), ([[1055, 163], [1203, 163], [1203, 213], [1055, 213]], '크리스마스', 0.7315547284863614), ([[121, 199], [265, 199], [265, 311], [121, 311]], "'뚜움곳", 0.005158934276551008), ([[1024, 206], [1238, 206], [1238, 260], [1024, 260]], '선물이라고 해서', 0.9984325782076886), ([[148, 250], [214, 250], [214, 306], [148, 306]], '입는', 0.9783431408237694), ([[1056, 250], [1206, 250], [1206, 306], [1056, 306]], '입어월는데', 0.1440673570012677), ([[128, 294], [220, 294], [220, 344], [128, 344]], '만으로', 0.5656113086681481), ([[1046, 294], [1178, 294], [1178, 348], [1046, 348]], '이거논 좀', 0.5973922049696909), ([[124, 336], [230, 336], [230, 392], [124, 392]], '끝이야', 0.8247236925548183), ([[87.37209906791931, 213.0395826365625], [124.70710678118655, 203.05025253169416], [146.6279009320807, 301.9604173634375], [109.29289321881345, 310.9497474683058]], '헤', 0.004042441841717315)]
[]
[]
[([[1412, 30], [1485, 30], [1485, 66], [1412, 66]], '잠깐:  !', 0.3592319828109235), ([[1398, 60], [1497, 60], [1497, 97], [1398, 97]], '너 그런 건', 0.7936162202588942), ([[1681, 47], [1725, 47], [1725, 80], [1681, 80]], '이모', 0.9990455073572336), ([[1687, 76], [1727, 76], [1727, 105], [1687, 105]], '이거', 0.9995521769625973), ([[1404, 90], [1491, 90], [1491, 121], [1404, 121]], '어디서" !', 0.486065367785003), ([[1687, 106], [1727, 106], [1727, 134], [1687, 134]], '이모', 0.9989057060873882), ([[1686, 132], [1728, 132], [1728, 169], [1686, 169]], '옛날', 0.9998155703725894), ([[1668, 159], [1728, 159], [1728, 196], [1668, 196]], '수영복', 0.9951032972500441), ([[1676, 189], [1727, 189], [1727, 222], [1676, 222]], '이지?', 0.9979747400523058), ([[1180, 240], [1224, 240], [1224, 277], [1180, 277]], '무슨', 0.9999211020112331), ([[1461, 237], [1535, 237], [1535, 275], [1461, 275]], '입어화!', 0.265997052192688), ([[1197, 268], [1250, 268], [1250, 301], [1197, 301]], '리야]', 0.2904393293207258), ([[1475, 267], [1521, 267], [1521, 304], [1475, 304]], '여름', 0.5274906432353209), ([[1173, 261], [1248, 261], [1248, 363], [1173, 363]], '#', 0.015696977078294205), ([[1459, 296], [1535, 296], [1535, 336], [1459, 336]], '이니깐', 0.22301920744675036), ([[1178, 352], [1251, 352], [1251, 390], [1178, 390]], '맛내 (', 0.758911669254303), ([[69, 649], [194, 649], [194, 713], [69, 713]], '그니깐', 0.41746392846107483), ([[53, 703], [209, 703], [209, 770], [53, 770]], '무리라고', 0.9999610781669617), ([[51, 757], [189, 757], [189, 826], [51, 826]], '햇잡아', 0.7528436302053615), ([[1442, 733], [1586, 733], [1586, 872], [1442, 872]], '얻', 0.4381747146393913), ([[1428, 852], [1595, 852], [1595, 925], [1428, 925]], '꺼보이네', 0.2687232494354248)]
[([[1771, 61], [1869, 61], [1869, 138], [1771, 138]], '헤에', 0.9780196951993949), ([[1738, 126], [1933, 126], [1933, 212], [1738, 212]], '촌스러운', 0.30399036407470703), ([[1736, 193], [1933, 193], [1933, 281], [1736, 281]], '너치고는', 0.5931299328804016), ([[65, 243], [226, 243], [226, 404], [65, 404]], '및', 0.017528846183517466), ([[1780, 268], [1889, 268], [1889, 345], [1780, 345]], '꽤냐', 0.5094387457769931), ([[1350, 336], [1448, 336], [1448, 415], [1350, 415]], '존스', 0.13150264514589738), ([[1736, 335], [1930, 335], [1930, 421], [1736, 421]], '공격적인', 0.9997066855430603), ([[65, 387], [116, 387], [116, 456], [65, 456]], '너', 0.9999110718471371), ([[112, 387], [175, 387], [175, 523], [112, 523]], '쌀', 0.33094798223523014), ([[176, 389], [231, 389], [231, 460], [176, 460]], '좀', 0.9999452836845855), ([[1321, 401], [1423, 401], [1423, 478], [1321, 478]], '러운', 0.9072958219834818), ([[1760, 408], [1909, 408], [1909, 489], [1760, 489]], '수영복', 0.9988624697729375), ([[1325, 470], [1374, 470], [1374, 537], [1325, 537]], '또', 0.6877952983642339), ([[1378, 403], [1479, 403], [1479, 550], [1378, 550]], '원려', 0.18156148212816142), ([[1769, 480], [1900, 480], [1900, 555], [1769, 555]], '이네~', 0.9174223028587344), ([[1344, 534], [1448, 534], [1448, 609], [1344, 609]], '언니,', 0.5650449718299476), ([[56, 720], [112, 720], [112, 924], [56, 924]], '꿈', 0.014389138458676065)]
[([[1499, 77], [1653, 77], [1653, 154], [1499, 154]], '이모가', 0.9993038623827049), ([[1416, 141], [1732, 141], [1732, 232], [1416, 232]], '그런 수영복올', 0.8253608962134641), ([[1848, 134], [1963, 134], [1963, 219], [1848, 219]], '하아:', 0.7039127946042227), ([[1475, 213], [1681, 213], [1681, 300], [1475, 300]], '입으니진', 0.35540375113487244), ([[1846, 209], [2008, 209], [2008, 284], [1846, 284]], '진짜 왜', 0.999505877494812), ([[170, 260], [276, 260], [276, 337], [170, 337]], '너가', 0.9998475161073909), ([[1442, 286], [1708, 286], [1708, 365], [1442, 365]], '자지 발기가', 0.9998263459302614), ([[1824, 276], [1988, 276], [1988, 355], [1824, 355]], '이런 걸', 0.7905957027174078), ([[146, 329], [296, 329], [296, 408], [146, 408]], '선물한', 0.9820348391637476), ([[1421, 357], [1730, 357], [1730, 438], [1421, 438]], '풀리질 않아서', 0.9795048970164401), ([[143, 395], [295, 395], [295, 480], [143, 480]], '수영복', 0.9895505452621156), ([[1440, 423], [1711, 423], [1711, 512], [1440, 512]], '큰일이잡아', 0.3441972273742637), ([[135, 464], [307, 464], [307, 555], [135, 555]], '이잡아', 0.46873506117373864), ([[1497, 494], [1653, 494], [1653, 578], [1497, 578]], '책임저', 0.5430495738983154), ([[1490, 564], [1661, 564], [1661, 648], [1490, 648]], '달라고', 0.9991940967346992)]
[([[1877, 137], [1940, 137], [1940, 210], [1877, 210]], '아', 0.9985097242694252), ([[1860, 201], [1966, 201], [1966, 280], [1860, 280]], '센다', 0.16844818006949835), ([[43, 158], [308, 158], [308, 446], [43, 446]], '잠', 0.9977996545540577), ([[80, 436], [317, 436], [317, 683], [80, 683]], '까', 0.71949737595709), ([[104, 679], [317, 679], [317, 902], [104, 902]], '%', 0.12125359201951369), ([[1243, 1014], [1511, 1014], [1511, 1543], [1243, 1543]], '북', 0.9213604495285068), ([[551.3649050723109, 1227.0051714398842], [828.6549127151083, 1182.972477257993], [929.6350949276891, 1918.9948285601158], [651.3450872848917, 1962.027522742007]], '명', 0.04045283443577219)]
[([[176, 57], [325, 57], [325, 136], [176, 136]], '괜찮아!', 0.29286566376686096), ([[1505, 34], [1556, 34], [1556, 103], [1505, 103]], '후', 0.9775538445127874), ([[219, 120], [318, 120], [318, 195], [219, 195]], "'마의", 0.09733674186653841), ([[1156, 105], [1287, 105], [1287, 173], [1156, 173]], '아니', 0.998110405755307), ([[1482, 94], [1618, 94], [1618, 170], [1482, 170]], '확실히', 0.9998090267181396), ([[130, 106], [336, 106], [336, 329], [130, 329]], '떠올', 0.046582097303739696), ([[1122, 156], [1321, 156], [1321, 306], [1122, 306]], '보불', 0.04806759871324904), ([[1459, 159], [1550, 159], [1550, 227], [1459, 227]], '이제', 0.9983315613413718), ([[1457, 150], [1650, 150], [1650, 300], [1457, 300]], '열술', 0.01831377449024294), ([[2547, 30], [2880, 30], [2880, 325], [2547, 325]], '꼴', 0.09616680903079189), ([[1194, 289], [1287, 289], [1287, 358], [1194, 358]], '태로', 0.9998347883513659), ([[1483, 279], [1619, 279], [1619, 352], [1483, 352]], '않으면', 0.9025150726486594), ([[192, 302], [313, 302], [313, 446], [192, 446]], '가', 0.40922096480358405), ([[1146, 282], [1294, 282], [1294, 428], [1146, 428]], '쓸물', 0.2395617345738492), ([[1463, 338], [1635, 338], [1635, 413], [1463, 413]], '수상하게', 0.8512477278709412), ([[174, 430], [330, 430], [330, 505], [174, 505]], '앉앉어', 0.25561894792766016), ([[1121, 405], [1320, 405], [1320, 483], [1121, 483]], '생각이야?', 0.9990405426341905), ([[1465, 399], [1635, 399], [1635, 476], [1465, 476]], '보이켓네', 0.9863697290420532), ([[2717, 447], [2880, 447], [2880, 623], [2717, 623]], '아', 0.4276248792752919), ([[0, 785], [143, 785], [143, 922], [0, 922]], '년말야', 0.08401411306649596), ([[0, 908], [191, 908], [191, 974], [0, 974]], '때려도 돼?', 0.9725519675531735), ([[1748, 1278], [2015, 1278], [2015, 1525], [1748, 1525]], '사?', 0.01390033905736925), ([[2596, 1555], [2880, 1555], [2880, 1802], [2596, 1802]], ')', 0.016449687686830083), ([[1787, 1763], [2129, 1763], [2129, 2237], [1787, 2237]], '스', 0.01771642398030182), ([[2221.949287553481, 1768.0149218825386], [2484.5913779093717, 1704.5483044977977], [2583.050712446519, 2193.9850781174614], [2319.4086220906283, 2257.4516955022023]], '@', 0.015696585025360754), ([[950.2895901820684, 1956.0157790965407], [1068.1701062028635, 1937.5529868823503], [1106.7104098179316, 2212.984220903459], [988.8298937971364, 2231.4470131176495]], '#', 0.017726068535290018)]
[([[142, 162], [289, 162], [289, 240], [142, 240]], '잇차차', 0.6525567014261179), ([[158, 230], [314, 230], [314, 305], [158, 305]], '또 엄청', 0.7929913497670508), ([[131, 293], [341, 293], [341, 370], [131, 370]], '타버력네~', 0.24414450981620156)]
[([[1671, 195], [1827, 195], [1827, 279], [1671, 279]], '에아', 0.9978209453119573), ([[1688, 268], [1806, 268], [1806, 345], [1688, 345]], '이모', 0.9996872847071187), ([[1670, 334], [1828, 334], [1828, 420], [1670, 420]], '그렇계', 0.43493558352890355), ([[1650, 408], [1848, 408], [1848, 489], [1650, 489]], '째려보지', 0.753362238407135), ([[1709, 485], [1796, 485], [1796, 549], [1709, 549]], '마~', 0.999664443284182), ([[153, 770], [291, 770], [291, 849], [153, 849]], '아니~', 0.6275950662732253), ([[112, 837], [328, 837], [328, 924], [112, 924]], '진짜 미안', 0.9985831679926115), ([[111, 912], [334, 912], [334, 993], [111, 993]], '하다니깐~', 0.8196142915531106), ([[519, 932], [684, 932], [684, 1181], [519, 1181]], '못', 0.0495869409491414)]
[([[151, 189], [208, 189], [208, 260], [151, 260]], '옷', 0.4895469735602411), ([[1454, 162], [1556, 162], [1556, 242], [1454, 242]], '하아', 0.9999477383078429), ([[112, 249], [290, 249], [290, 337], [112, 337]], '살 빨까', 0.77575018684598), ([[1470, 230], [1576, 230], [1576, 309], [1470, 309]], '이거', 0.9990537658393387), ([[1452, 297], [1599, 297], [1599, 377], [1452, 377]], '위험할', 0.9899121359262271), ([[1450, 365], [1592, 365], [1592, 450], [1450, 450]], '려나  ', 0.5061967706431346), ([[1554.1441309976683, 1994.0130836237565], [1876.9313981630587, 2170.041174674279], [1759.8558690023317, 2376.9869163762437], [1436.0686018369413, 2200.958825325721]], '8쇼', 0.08812208597591299), ([[63.396124248710905, 2428.006753917378], [436.58721487527845, 2749.3805780398957], [285.6038757512891, 2928.993246082622], [-86.58721487527843, 2607.6194219601043]], '%*9', 0.05386691165530945)]
[]
[([[1282, 89], [1370, 89], [1370, 153], [1282, 153]], '이모', 0.9996303921478129), ([[226, 125], [356, 125], [356, 191], [226, 191]], '아니:', 0.8867570090017158), ([[1284, 148], [1409, 148], [1409, 214], [1284, 214]], '느려요', 0.9599682092666626), ([[1536, 136], [1631, 136], [1631, 205], [1536, 205]], '하악,', 0.9722263424665545), ([[202, 186], [385, 186], [385, 254], [202, 254]], '조금만 더', 0.6826821325761746), ([[1519, 195], [1618, 195], [1618, 268], [1519, 268]], '하악:', 0.40904641024820776), ([[181, 247], [407, 247], [407, 315], [181, 315]], '폐이스 조절', 0.9878295008956837), ([[208, 307], [383, 307], [383, 376], [208, 376]], '이라고나', 0.9998221397399902), ([[229, 366], [356, 366], [356, 432], [229, 432]], '활까" \'', 0.38166061182859584), ([[201, 426], [370, 426], [370, 498], [201, 498]], '휴식 좀 ', 0.9985024593195145), ([[28, 530], [124, 530], [124, 590], [28, 590]], '에~~', 0.8992444140397394), ([[8, 589], [144, 589], [144, 655], [8, 655]], '이제 막', 0.7882638986992767), ([[17, 645], [140, 645], [140, 713], [17, 713]], '달리기', 0.9999777693916273), ([[12, 702], [141, 702], [141, 775], [12, 775]], '시작행', 0.44531985481211006), ([[13, 764], [104, 764], [104, 833], [13, 833]], '눈데', 0.4764423082594661)]
[]
[([[978, 45], [1097, 45], [1097, 137], [978, 137]], '잠깐', 0.9999335772128858), ([[980, 118], [1107, 118], [1107, 204], [980, 204]], '너!', 0.9933515886730828), ([[966, 199], [1115, 199], [1115, 278], [966, 278]], '여긴 ', 0.7515128857381114), ([[996, 265], [1081, 265], [1081, 354], [996, 354]], '%', 0.10004633398761431), ([[885, 312], [997, 312], [997, 393], [885, 393]], '밖; ', 0.40151014517225797), ([[1898, 492], [2068, 492], [2068, 581], [1898, 581]], '거보요', 0.12513437867164612), ([[1908, 553], [2090, 553], [2090, 738], [1908, 738]], '잡말교', 0.05284361187537717), ([[1948, 715], [2075, 715], [2075, 790], [1948, 790]], '이모', 0.9573019660035414), ([[1794, 917], [1908, 917], [1908, 1006], [1794, 1006]], '역시', 0.9983901173183037), ([[1848, 766], [2095, 766], [2095, 1035], [1848, 1035]], '똑물', 0.0006057934389474653), ([[1921, 861], [2027, 861], [2027, 942], [1921, 942]], '걸로', 0.8068666820671926), ([[1794, 990], [1906, 990], [1906, 1077], [1794, 1077]], '이게', 0.9832858141325408), ([[1964, 1007], [2075, 1007], [2075, 1088], [1964, 1088]], '무리', 0.9999956167305686), ([[1793, 1066], [1905, 1066], [1905, 1147], [1793, 1147]], '제일', 0.9995375118149311), ([[1947, 1080], [2078, 1080], [2078, 1164], [1947, 1164]], '라고', 0.9982441926388411), ([[1767, 1141], [1927, 1141], [1927, 1222], [1767, 1222]], '재방계', 0.09624985056493358), ([[1751, 1209], [1949, 1209], [1949, 1300], [1751, 1300]], '살 빨 수', 0.8597332645951379), ([[1782, 1284], [1918, 1284], [1918, 1374], [1782, 1374]], '있어!', 0.5641455694906318)]
[([[49, 373], [198, 373], [198, 441], [49, 441]], "하나도 '", 0.545774418489926), ([[41, 428], [219, 428], [219, 505], [41, 505]], '(안 빠져어', 0.48353153664950643)]
[]
[([[1561, 22], [1586, 22], [1586, 60], [1561, 60]], '히', 0.8561259353004722), ([[906, 53], [1017, 53], [1017, 115], [906, 115]], '이모는', 0.6241744477608181), ([[1557, 63], [1626, 63], [1626, 112], [1557, 112]], '어깨', 0.9996749789768757), ([[919, 100], [1006, 100], [1006, 164], [919, 164]], '가슴', 0.9986611729800526), ([[1544, 104], [1612, 104], [1612, 157], [1544, 157]], '결려', 0.9405435720830859), ([[904, 154], [1019, 154], [1019, 216], [904, 216]], '크니깐', 0.3098925599285395), ([[919, 206], [1004, 206], [1004, 268], [919, 268]], '어깨', 0.9624476203750011), ([[700, 243], [1032, 243], [1032, 323], [700, 323]], '라는 이유로 결리자~', 0.5985256272373031), ([[717, 296], [875, 296], [875, 358], [717, 358]], '그런 어깨', 0.9987250828539472), ([[739, 348], [853, 348], [853, 412], [739, 412]], '결림에', 0.9207104919856368), ([[708, 397], [887, 397], [887, 461], [708, 461]], '힘들어하는', 0.9178999165489168), ([[701, 449], [891, 449], [891, 513], [701, 513]], '이모름 위해', 0.4895412439785284), ([[683, 501], [909, 501], [909, 567], [683, 567]], '지금부터 내가', 0.9995712441809981), ([[701, 553], [891, 553], [891, 617], [701, 617]], '이모의 가슴', 0.9989311931919734), ([[721, 604], [873, 604], [873, 666], [721, 666]], '서포터가', 0.94300776720047), ([[719, 656], [875, 656], [875, 720], [719, 720]], '되어줄게:', 0.08277560635325791), ([[114, 879], [158, 879], [158, 925], [114, 925]], '너', 0.9994523083265996), ([[96, 924], [207, 924], [207, 992], [96, 992]], '기분은', 0.9932721109540007), ([[60, 976], [245, 976], [245, 1040], [60, 1040]], '종기 때문에', 0.7258913450131128), ([[59, 1020], [251, 1020], [251, 1096], [59, 1096]], '딱히 말하고', 0.9714271148120088), ([[58, 1079], [248, 1079], [248, 1145], [58, 1145]], '싶진 않지만', 0.6800957111363607), ([[80, 1131], [194, 1131], [194, 1195], [80, 1195]], '말할게:', 0.248315691947937), ([[76, 1192], [230, 1192], [230, 1253], [76, 1253]], '바보나 "', 0.8061367256024287), ([[610, 1452], [820, 1452], [820, 1664], [610, 1664]], '군', 0.5459422135590195), ([[727, 1636], [908, 1636], [908, 1824], [727, 1824]], "'", 0.17982095810979004)]
[([[1937, 10], [2047, 10], [2047, 66], [1937, 66]], '작년엔', 0.8172473131037729), ([[1918, 60], [2066, 60], [2066, 120], [1918, 120]], '그냥저냥', 0.9765223860740662), ([[1930, 104], [2052, 104], [2052, 165], [1930, 165]], '야한 옷', 0.9868518647416799), ([[992, 163], [1189, 163], [1189, 228], [992, 228]], '아니  뭐  ', 0.49085301405734594), ([[1953, 155], [2032, 155], [2032, 216], [1953, 216]], '밖에', 0.9347549739283194), ([[978, 214], [1202, 214], [1202, 291], [978, 291]], '야한 옷인 건', 0.8264941997058182), ([[1915, 195], [2069, 195], [2069, 322], [1915, 322]], '머안다', 0.015573972893369155), ([[1920, 250], [1999, 250], [1999, 311], [1920, 311]], '불평', 0.9991285144388974), ([[975, 274], [1178, 274], [1178, 347], [975, 347]], '변함없는데:', 0.6045570567826183), ([[591, 359], [702, 359], [702, 432], [591, 432]], '정말]', 0.7891710728651083), ([[1921, 292], [2055, 292], [2055, 414], [1921, 414]], "햇갈'", 0.058351033665864104), ([[564, 418], [734, 418], [734, 499], [564, 499]], '또불평', 0.9930542032686568), ([[1927, 388], [2053, 388], [2053, 511], [1927, 511]], '올', 0.8171037918310873), ([[552, 479], [747, 479], [747, 560], [552, 560]], '꽤 애먹없', 0.7277395713453252), ([[1923, 497], [2061, 497], [2061, 552], [1923, 552]], '코스프레', 0.9549214396736508), ([[1929, 544], [2055, 544], [2055, 607], [1929, 607]], '풍이야', 0.8894977095258625), ([[578, 539], [715, 539], [715, 689], [578, 689]], '심횟', 0.004878300560076001), ([[113, 1096], [211, 1096], [211, 1169], [113, 1169]], '아니', 0.9991625605671864), ([[65, 1284], [166, 1284], [166, 1362], [65, 1362]], '갖고', 0.9983370377570058), ([[75, 1145], [267, 1145], [267, 1372], [75, 1372]], '표철', 0.014066009022584649), ([[115, 1352], [166, 1352], [166, 1423], [115, 1423]], '않', 0.593156738268906), ([[20, 1432], [117, 1432], [117, 1507], [20, 1507]], '활까', 0.5931771258709211), ([[18, 1495], [117, 1495], [117, 1570], [18, 1570]], '잡아', 0.9998844352973044), ([[0, 1559], [137, 1559], [137, 1637], [0, 1637]], '당기지', 0.999836541190826), ([[30, 1623], [103, 1623], [103, 1696], [30, 1696]], '마!', 0.4163376867334759)]
[([[0, 603], [204, 603], [204, 877], [0, 877]], '[', 0.07724874127747228), ([[1408, 574], [1649, 574], [1649, 870], [1408, 870]], '사0', 0.09362215262768597), ([[0, 857], [159, 857], [159, 1063], [0, 1063]], '9', 0.9609102803747795), ([[1199.2484865209337, -20.99144173101233], [1448.0458535498362, 18.786191511752527], [1370.7515134790663, 483.99144173101234], [1121.9541464501638, 445.2138084882475]], '흥', 0.7903275680478181), ([[1193.3751120638037, 1632.0059169688382], [1427.3948741834042, 1576.293959565364], [1565.6248879361963, 2225.9940830311616], [1332.6051258165958, 2281.706040434636]], "'0", 0.055548785131099475), ([[-13.099389397677072, 1868.018318069688], [214.75493331907694, 1787.5056813813094], [350.0993893976771, 2233.981681930312], [121.24506668092306, 2315.4943186186906]], '4', 0.039518044251965145), ([[259.8206898898382, 2457.0165600782393], [550.1504600751608, 2360.0089146226537], [699.1793101101619, 2896.9834399217607], [408.84953992483923, 2992.9910853773463]], '걸0', 0.05859844344797765)]
[]
[]
[]
[]
[([[1507, 227], [1595, 227], [1595, 290], [1507, 290]], '이모', 0.9993681086435386), ([[531, 270], [564, 270], [564, 308], [531, 308]], '음', 0.8829951047810027), ([[519, 303], [574, 303], [574, 342], [519, 342]], '추위:', 0.9056459640814385), ([[1493, 283], [1649, 283], [1649, 351], [1493, 351]], '일어나지', 0.9987830125067632), ([[1507, 337], [1634, 337], [1634, 409], [1507, 409]], '않으면', 0.8786124777509966), ([[1511, 395], [1631, 395], [1631, 464], [1511, 464]], '장난처', 0.9851933318800996), ([[1500, 454], [1645, 454], [1645, 520], [1500, 520]], '버린다~', 0.8765948414802551), ([[79, 1665], [130, 1665], [130, 1727], [79, 1727]], '어', 0.9998333523566458), ([[31, 1656], [175, 1656], [175, 1797], [31, 1797]], '절어만', 0.07272850152628255), ([[60, 1781], [151, 1781], [151, 1850], [60, 1850]], '완전', 0.9999511100057761), ([[24, 1840], [189, 1840], [189, 1908], [24, 1908]], '열대지방', 0.9955981373786926), ([[21, 1895], [154, 1895], [154, 1970], [21, 1970]], '이잡아', 0.7572097778320312), ([[751.221225194135, 1344.008196721412], [1442.995912839487, 1612.4500607550888], [1319.778774805865, 1892.991803278588], [629.0040871605132, 1624.5499392449112]], '본- *', 0.010686780358082968), ([[464.21894455471244, 2206.0087160511166], [780.2363296005653, 2505.728567164482], [576.7810554452876, 2723.9912839488834], [259.76367039943466, 2424.271432835518]], '자', 0.010641109687823447)]
[([[1299, 0], [1427, 0], [1427, 138], [1299, 138]], '(}', 0.46523282781603503), ([[74, 236], [274, 236], [274, 580], [74, 580]], '값', 0.20887911622701072), ([[721, 1133], [1006, 1133], [1006, 1935], [721, 1935]], ';', 0.027867735952346928), ([[582, 2258], [731, 2258], [731, 2324], [582, 2324]], '뭐, 뛰야', 0.8315749995064394), ([[575, 2314], [736, 2314], [736, 2376], [575, 2376]], '원데  !?', 0.383305630570903)]
[([[370, 0], [519, 0], [519, 138], [370, 138]], '영', 0.1378597373597792), ([[564, 116], [726, 116], [726, 277], [564, 277]], '@', 0.15057356612971162), ([[0, 760], [138, 760], [138, 913], [0, 913]], '(던', 0.024333982345524814), ([[1784, 1961], [1914, 1961], [1914, 2050], [1784, 2050]], '아', 0.9970197266071388), ([[1781, 2050], [1922, 2050], [1922, 2153], [1781, 2153]], '기분', 0.9993791508520289), ([[1721, 2145], [1975, 2145], [1975, 2257], [1721, 2257]], '좋앉다 ', 0.8805564045906067), ([[488, 2324], [887, 2324], [887, 2600], [488, 2600]], '*', 0.023483427799932066)]
[([[273, 212], [506, 212], [506, 344], [273, 344]], '무서워', 0.6785180556198465), ([[309, 330], [468, 330], [468, 443], [309, 443]], '다고', 0.9995696235134542), ([[266, 436], [519, 436], [519, 558], [266, 558]], '바보야', 0.9963263798415417), ([[1450, 532], [1697, 532], [1697, 749], [1450, 749]], '1', 0.10961735381898396), ([[744, 1446], [917, 1446], [917, 1756], [744, 1756]], '1', 0.5965172693664158)]
[([[1579, 94], [1741, 94], [1741, 163], [1579, 163]], '옛 이모', 0.8899950300105488), ([[433, 141], [529, 141], [529, 210], [433, 210]], '네가', 0.9989364635604411), ([[1579, 147], [1741, 147], [1741, 231], [1579, 231]], '고마위', 0.23019354077028142), ([[411, 198], [549, 198], [549, 274], [411, 274]], '갑자기', 0.9982393757990818), ([[1916, 194], [2046, 194], [2046, 258], [1916, 258]], "여기'", 0.5300076373689534), ([[416, 260], [548, 260], [548, 333], [416, 333]], '덮처서', 0.6345246074531308), ([[1585, 236], [1762, 236], [1762, 303], [1585, 303]], "'근데 이미", 0.9990985059637054), ([[1938, 257], [1983, 257], [1983, 319], [1938, 319]], '발', 0.9916174390500743), ([[410, 321], [550, 321], [550, 393], [410, 393]], '건내줄', 0.814791033398655), ([[1557, 293], [1755, 293], [1755, 362], [1557, 362]], '씨 넘어서', 0.516548205887226), ([[1931, 249], [2029, 249], [2029, 385], [1931, 385]], '발:', 0.02326901199187227), ([[391, 381], [569, 381], [569, 458], [391, 458]], '타이망이', 0.8203420585853902), ([[1574, 351], [1738, 351], [1738, 424], [1574, 424]], '발런타인', 0.44763869047164917), ([[1918, 376], [2011, 376], [2011, 439], [1918, 439]], '초코', 0.9975935895258456), ([[1589, 411], [1719, 411], [1719, 480], [1589, 480]], '데이는', 0.82633341362983), ([[373, 434], [588, 434], [588, 584], [373, 584]], '(@어도해', 0.016712682777081427), ([[1436, 406], [1513, 406], [1513, 588], [1436, 588]], '몇', 0.008443828204577564), ([[1564, 467], [1752, 467], [1752, 542], [1564, 542]], '끝늑는데?', 0.34751542838559374), ([[903, 584], [970, 584], [970, 779], [903, 779]], '"', 0.47951084063265625), ([[68, 909], [158, 909], [158, 969], [68, 969]], '아-', 0.5357216188750517), ([[68, 965], [193, 965], [193, 1034], [68, 1034]], '이번엔', 0.8925546006953937), ([[35, 1024], [228, 1024], [228, 1093], [35, 1093]], '6시간이나', 0.9954983620795809), ([[33, 1083], [234, 1083], [234, 1152], [33, 1152]], '힘새버로네', 0.07160814054759929)]
[([[1428, 71], [1510, 71], [1510, 133], [1428, 133]], '이모', 0.9996972304667211), ([[1407, 118], [1535, 118], [1535, 304], [1407, 304]], '2', 0.33486361955155886), ([[2474, 177], [2610, 177], [2610, 263], [2474, 263]], '잠깐', 0.9996352806564065), ([[1297, 269], [1418, 269], [1418, 335], [1297, 335]], '어디서', 0.9995094278503656), ([[2452, 251], [2639, 251], [2639, 340], [2452, 340]], '돌려쥐:', 0.3132975995540619), ([[1293, 322], [1422, 322], [1422, 396], [1293, 396]], '산거야', 0.9372805191031668), ([[1306, 379], [1400, 379], [1400, 446], [1306, 446]], '이거;', 0.6983210925376682)]
[([[693, 90], [847, 90], [847, 155], [693, 155]], '아 그래?', 0.8476513650811994), ([[697, 149], [841, 149], [841, 214], [697, 214]], '그래서?', 0.9997999668121338), ([[1941, 117], [2097, 117], [2097, 201], [1941, 201]], "'그래서;", 0.4382260256756928), ([[1911, 186], [2096, 186], [2096, 263], [1911, 263]], '요리중에', 0.9070113897323608), ([[1606, 278], [1821, 278], [1821, 351], [1606, 351]], "'아니그게~", 0.5302946264922457), ([[1933, 254], [2075, 254], [2075, 328], [1933, 328]], '갑자기', 0.9950345173009876), ([[1623, 339], [1805, 339], [1805, 416], [1623, 416]], '가슴이량', 0.34551528096199036), ([[1904, 318], [2105, 318], [2105, 399], [1904, 399]], '이건 무슨', 0.9627275509438329), ([[511, 386], [643, 386], [643, 467], [511, 467]], '히야~', 0.6944402933783566), ([[1600, 402], [1828, 402], [1828, 479], [1600, 479]], '팔뜩은 같은', 0.26200425149129736), ([[1941, 386], [2067, 386], [2067, 463], [1941, 463]], '이유?', 0.9996595279415056), ([[499, 455], [653, 455], [653, 530], [499, 530]], '잘 모르', 0.990067183971405), ([[1606, 467], [1823, 467], [1823, 542], [1606, 542]], '축감이라고', 0.4580665607478769), ([[518, 520], [637, 520], [637, 597], [518, 597]], '켓어!', 0.40550382720534006), ([[1610, 530], [1817, 530], [1817, 607], [1610, 607]], '해서 말아', 0.680385481037995), ([[1646, 596], [1782, 596], [1782, 665], [1646, 665]], '그래서', 0.999900823091207), ([[326, 669], [417, 669], [417, 736], [326, 736]], '그럼', 0.9968593988599975), ([[1626, 653], [1802, 653], [1802, 730], [1626, 730]], '확인하고', 0.9994955062866211), ([[257, 725], [446, 725], [446, 801], [257, 801]], '이제 다시', 0.6426836557827007), ([[1647, 717], [1781, 717], [1781, 792], [1647, 792]], '싶어서', 0.9998044004482679), ([[265, 787], [437, 787], [437, 865], [265, 865]], '요리하러', 0.9916428881866851), ([[299, 852], [399, 852], [399, 921], [299, 921]], '간다', 0.9906675014068396), ([[175, 1256], [396, 1256], [396, 1341], [175, 1341]], '아니; 원가', 0.41508268796085085), ([[210, 1323], [358, 1323], [358, 1407], [210, 1407]], '비비고', 0.9998529213227234), ([[211, 1391], [355, 1391], [355, 1470], [211, 1470]], '있터니', 0.24022897284769026), ([[193, 1460], [381, 1460], [381, 1537], [193, 1537]], '불근불끈', 0.23503030836582184), ([[162, 1525], [393, 1525], [393, 1604], [162, 1604]], '[해져버력어', 0.2198310710435216), ([[174, 1591], [391, 1591], [391, 1671], [174, 1671]], '이모; 좀만', 0.8231395599209744), ([[194, 1656], [373, 1656], [373, 1737], [194, 1737]], '덮칠7 ', 0.5389047265052795), ([[71, 1722], [172, 1722], [172, 1797], [71, 1797]], '저녁', 0.9999008720513995), ([[51, 1786], [196, 1786], [196, 1867], [51, 1867]], '굶어도', 0.9918075287079333), ([[52, 1856], [194, 1856], [194, 1933], [52, 1933]], '괜찮단', 0.5279484864812042), ([[40, 1921], [209, 1921], [209, 1998], [40, 1998]], '소리지?', 0.9959637522697449), ([[31, 2205], [157, 2205], [157, 2296], [31, 2296]], '이모', 0.9991984610606114), ([[36, 2277], [164, 2277], [164, 2374], [36, 2374]], '요리', 0.9993776320813084), ([[3, 2367], [206, 2367], [206, 2460], [3, 2460]], '파이팅]', 0.6742279529571533)]
[([[1217, 112], [1443, 112], [1443, 173], [1217, 173]], '매일 매일 네가', 0.8926494561027211), ([[1207, 161], [1453, 161], [1453, 222], [1207, 222]], '덮쳐오는 바람에', 0.9179393288019654), ([[1254, 210], [1404, 210], [1404, 273], [1254, 273]], '더 이상은', 0.5635151152787551), ([[1994, 197], [2073, 197], [2073, 253], [1994, 253]], '이모', 0.999752269812877), ([[1169, 259], [1487, 259], [1487, 321], [1169, 321]], '체력적으로도 한계야', 0.6881993955593829), ([[1593, 238], [1739, 238], [1739, 339], [1593, 339]], '규칙', 0.9998387499657042), ([[1986, 247], [2092, 247], [2092, 304], [1986, 304]], '갑자기', 0.9962423169968349), ([[1228, 305], [1319, 305], [1319, 419], [1228, 419]], '꼴', 0.03978256767112853), ([[1312, 310], [1417, 310], [1417, 367], [1312, 367]], '이유로', 0.9959225841876317), ([[1571, 285], [1898, 285], [1898, 418], [1571, 418]], '(7주38 증', 0.015623206221238034), ([[2006, 300], [2071, 300], [2071, 355], [2006, 355]], '왜?', 0.9997406381466194), ([[1305, 354], [1424, 354], [1424, 417], [1305, 417]], '정캠에', 0.44985380117569446), ([[1187, 405], [1471, 405], [1471, 466], [1187, 466]], '일주일 단위로 횟수', 0.9893443708000612), ([[1615, 395], [1806, 395], [1806, 488], [1615, 488]], '엄수:', 0.7611068793730459), ([[808, 436], [863, 436], [863, 501], [808, 501]], '너', 0.9999214426210621), ([[1185, 452], [1466, 452], [1466, 517], [1185, 517]], '제한율 마련할테나', 0.24283005532992097), ([[377, 495], [574, 495], [574, 572], [377, 572]], '미안 이모', 0.9959438484414068), ([[782, 501], [926, 501], [926, 576], [782, 576]], '갑자기', 0.9947677259062149), ([[1181, 500], [1477, 500], [1477, 565], [1181, 565]], '이제 이번주논 없에', 0.2119407374056786), ([[367, 556], [601, 556], [601, 637], [367, 637]], '내 좌우명이', 0.9248289972222635), ([[759, 566], [947, 566], [947, 645], [759, 645]], '어기논계', 0.5549212694168091), ([[402, 623], [562, 623], [562, 700], [402, 700]], '[규칙은', 0.9898115992546082), ([[757, 633], [944, 633], [944, 712], [757, 712]], '어뒷어', 0.08870785249844103), ([[398, 688], [560, 688], [560, 765], [398, 765]], '깨능거]', 0.6005904674530029), ([[391, 751], [571, 751], [571, 832], [391, 832]], '여가지고', 0.9996761083602905), ([[92, 945], [183, 945], [183, 1040], [92, 1040]], '가', 0.0163327873663468), ([[259, 1569], [325, 1569], [325, 1676], [259, 1676]], '축', 0.045071151898690154), ([[69, 1761], [170, 1761], [170, 1838], [69, 1838]], '뭐야', 0.4186661236691284), ([[46, 1830], [146, 1830], [146, 1905], [46, 1905]], '그게', 0.9911006192466857), ([[48, 1895], [146, 1895], [146, 1968], [48, 1968]], '오혹', 0.5763293913972709), ([[409, 2308], [514, 2308], [514, 2399], [409, 2399]], '뇌', 0.45631849670149904), ([[283, 2316], [465, 2316], [465, 2566], [283, 2566]], '국국', 0.4088170432630366), ([[439, 2497], [730, 2497], [730, 2600], [439, 2600]], '어스', 0.9880770990965326), ([[445.24651888150316, 1076.047499163875], [493.59368248571855, 1067.2155228296142], [510.75348111849684, 1166.952500836125], [463.40631751428145, 1176.7844771703858]], "'축", 0.14430134553387583), ([[439.96762561520285, 2390.115105413785], [652.063179245565, 2357.616408114031], [665.0323743847972, 2513.884894586215], [452.936820754435, 2546.383591885969]], "전'", 0.3474597406973835)]
[([[400, 153], [496, 153], [496, 213], [400, 213]], '아-', 0.5005909255965597), ([[1938, 50], [2078, 50], [2078, 224], [1938, 224]], '원양', 0.1279376949621717), ([[335, 215], [564, 215], [564, 294], [335, 294]], '그거 아냐?', 0.9962373106069139), ([[1649, 178], [1787, 178], [1787, 312], [1649, 312]], '아자되', 0.1307282343715353), ([[1946, 201], [2069, 201], [2069, 289], [1946, 289]], '그거,', 0.5703795250370244), ([[352, 282], [543, 282], [543, 360], [352, 360]], '야채한데', 0.46026527881622314), ([[1947, 278], [2071, 278], [2071, 356], [1947, 356]], '이모', 0.15566546196231845), ([[373, 350], [527, 350], [527, 427], [373, 427]], '말 결면', 0.791113484866302), ([[120, 420], [204, 420], [204, 499], [120, 499]], '뭐?', 0.9999824669560387), ([[376, 414], [523, 414], [523, 500], [376, 500]], '맛있어', 0.9926393781022531), ([[365, 473], [535, 473], [535, 714], [365, 714]], '스병', 0.004365251869481807), ([[699, 621], [798, 621], [798, 688], [699, 688]], '올라]', 0.21223274270095188), ([[664, 677], [834, 677], [834, 750], [664, 750]], '마당에서', 0.9092932939529419), ([[38, 740], [212, 740], [212, 818], [38, 818]], '그니깐~', 0.43821924924850464), ([[681, 738], [813, 738], [813, 811], [681, 811]], '키원긴', 0.7732029839133132), ([[48, 810], [195, 810], [195, 883], [48, 883]], '이모의', 0.9988260667155834), ([[683, 797], [813, 797], [813, 870], [683, 870]], '햇는데', 0.6520946386986133), ([[1005, 750], [1116, 750], [1116, 901], [1005, 901]], '옷짓', 0.000918673178632436), ([[8, 875], [242, 875], [242, 953], [8, 953]], '신음소리가', 0.9998057821030829), ([[1003, 881], [1124, 881], [1124, 968], [1003, 968]], '잡아', 0.3364439640252334), ([[23, 943], [225, 943], [225, 1020], [23, 1020]], '너무 커서', 0.89125203613493), ([[993, 947], [1130, 947], [1130, 1026], [993, 1026]], '어떻계', 0.705543197559399), ([[2, 1010], [246, 1010], [246, 1090], [2, 1090]], '마당에 앞는', 0.31534370598817213), ([[987, 1014], [1142, 1014], [1142, 1092], [987, 1092]], '된 거야', 0.7908067776295583), ([[50, 1080], [200, 1080], [200, 1155], [50, 1155]], '가지가', 0.9998722609364977), ([[1011, 1083], [1108, 1083], [1108, 1152], [1011, 1152]], '그거', 0.999655003331153), ([[21, 1145], [227, 1145], [227, 1225], [21, 1225]], '그걸 듣곧', 0.42979813183153176), ([[2, 1213], [246, 1213], [246, 1290], [2, 1290]], '이런 형태로', 0.9939997680172221), ([[6, 1280], [248, 1280], [248, 1360], [6, 1360]], '된 거 아냐?', 0.9692839531312896), ([[46, 1981], [166, 1981], [166, 2060], [46, 2060]], '무슨', 0.9510255724205058), ([[27, 2046], [189, 2046], [189, 2125], [27, 2125]], '시신음', 0.9971910715579689), ([[31, 2116], [185, 2116], [185, 2191], [31, 2191]], '소리가', 0.9999410855913192), ([[12, 2185], [204, 2185], [204, 2260], [12, 2260]], '크다니 ', 0.3845990002155304), ([[36, 2249], [189, 2249], [189, 2329], [36, 2329]], '"활까', 0.5223623049828597), ([[2, 2318], [214, 2318], [214, 2398], [2, 2398]], '그런 거랑', 0.7830134205347392), ([[55, 2386], [159, 2386], [159, 2465], [55, 2465]], '관계', 0.999967631373782), ([[3, 2448], [218, 2448], [218, 2537], [3, 2537]], "있' 리가", 0.3238102303951908), ([[34, 2521], [178, 2521], [178, 2600], [34, 2600]], "없집'", 0.5555689366827553), ([[25, 2590], [197, 2590], [197, 2668], [25, 2668]], '""정말?', 0.5423162161850063)]
[([[951, 127], [987, 127], [987, 171], [951, 171]], '보', 0.9861511532999816), ([[916, 168], [1044, 168], [1044, 218], [916, 218]], '보기만 할', 0.9828321069647491), ([[923, 203], [1035, 203], [1035, 315], [923, 315]], '본입', 0.0032655230339885214), ([[944, 298], [1014, 298], [1014, 352], [944, 352]], '끝내.', 0.8022248438326558), ([[66, 1876], [136, 1876], [136, 1926], [66, 1926]], '우와', 0.959686680694376), ([[70, 1914], [148, 1914], [148, 2018], [70, 2018]], '인모', 0.006509244358636741), ([[60, 2006], [130, 2006], [130, 2056], [60, 2056]], '아해:', 0.7529524913295889), ([[151.90368662641373, 2137.05018422791], [230.7360416791177, 2102.0225944943572], [296.09631337358627, 2269.94981577209], [218.2639583208823, 2304.9774055056428]], '뜰', 0.10260160593870271), ([[145.27081273326235, 2209.02046665207], [292.915490548649, 2320.520100041301], [221.72918726673765, 2412.97953334793], [75.084509451351, 2301.479899958699]], '=', 0.9995241731323858)]
[([[2474, 24], [2549, 24], [2549, 92], [2474, 92]], '어?', 0.9984452198325111), ([[2728, 35], [2878, 35], [2878, 104], [2728, 104]], '맛그래!', 0.22941896319389343), ([[2760, 94], [2842, 94], [2842, 160], [2760, 160]], '좋은', 0.8827491831000319), ([[2241, 124], [2465, 124], [2465, 204], [2241, 204]], '활까 잠깐', 0.8705569099746322), ([[2740, 152], [2862, 152], [2862, 218], [2740, 218]], '생각이', 0.6566883325576782), ([[1260, 171], [1367, 171], [1367, 246], [1260, 246]], '뭐가', 0.8504159624411972), ([[2186, 188], [2485, 188], [2485, 274], [2186, 274]], '뭐하는 거야:?', 0.4737717667155821), ([[2752, 205], [2856, 205], [2856, 278], [2752, 278]], '낫어!', 0.37030579101945965), ([[1230, 233], [1395, 233], [1395, 317], [1230, 317]], '좋아야', 0.1905919609304407), ([[2232, 259], [2424, 259], [2424, 332], [2232, 332]], '그만드', 0.5835519588639753), ([[2205, 322], [2458, 322], [2458, 402], [2205, 402]], '까아아아악', 0.816539253955017), ([[998, 416], [1246, 416], [1246, 506], [998, 506]], '너; 너말야', 0.7609663100469388), ([[1900, 412], [2048, 412], [2048, 516], [1900, 516]], '좋아', 0.9435760011806446), ([[1038, 485], [1247, 485], [1247, 578], [1038, 578]], '먹는걸로', 0.20925642549991608), ([[1030, 564], [1253, 564], [1253, 648], [1030, 648]], '대체 월"', 0.4323557363175161), ([[52, 1436], [183, 1436], [183, 1538], [52, 1538]], '그럴', 0.17571229796349935), ([[52, 1522], [188, 1522], [188, 1621], [52, 1621]], '리가', 0.9997986192587276), ([[15, 1607], [226, 1607], [226, 1718], [15, 1718]], '없잡아]', 0.3554666042327881), ([[1078, 1744], [1216, 1744], [1216, 1824], [1078, 1824]], '에아', 0.593757860678854), ([[1071, 1816], [1223, 1816], [1223, 1896], [1071, 1896]], '애초에', 0.9777039030917777), ([[1016, 1885], [1276, 1885], [1276, 1969], [1016, 1969]], '이모 때문에', 0.9858290296655449), ([[1017, 1958], [1277, 1958], [1277, 2037], [1017, 2037]], '가지가 이런', 0.8949943820932889), ([[981, 2028], [1308, 2028], [1308, 2109], [981, 2109]], '모양이 된 건데,', 0.8525123924652566), ([[1071, 2097], [1223, 2097], [1223, 2177], [1071, 2177]], '소원올', 0.8891101668587147), ([[1016, 2168], [1280, 2168], [1280, 2254], [1016, 2254]], '이뤄쥐야지]', 0.3232403204646207)]
[([[1744, 93], [1907, 93], [1907, 174], [1744, 174]], '네 가지,', 0.6209057048660521), ([[1730, 160], [1927, 160], [1927, 239], [1730, 239]], '내 거기랑', 0.8365296597488187), ([[1734, 225], [1917, 225], [1917, 306], [1734, 306]], '엉덩이에', 0.98831707239151), ([[1735, 290], [1919, 290], [1919, 376], [1735, 376]], '들어갖던', 0.06662380695343018), ([[1390, 326], [1589, 326], [1589, 411], [1390, 411]], '옛 이모', 0.9958375692367554), ([[1732, 357], [1921, 357], [1921, 438], [1732, 438]], '것들이야', 0.9872191548347473), ([[1417, 394], [1563, 394], [1563, 471], [1417, 471]], '그거랑', 0.9373685374392531), ([[1422, 466], [1558, 466], [1558, 535], [1422, 535]], '교환  ', 0.5518331330534795), ([[1291, 638], [1430, 638], [1430, 752], [1291, 752]], '먹어', 0.9984989751312636)]
[([[1504, 69], [1589, 69], [1589, 131], [1504, 131]], '이모', 0.999602578352863), ([[1471, 118], [1634, 118], [1634, 185], [1471, 185]], '이거 요즘', 0.973938977960254), ([[1475, 174], [1627, 174], [1627, 241], [1475, 241]], '유행하는', 0.9417883855709558), ([[1493, 229], [1611, 229], [1611, 295], [1493, 295]], '수영복', 0.999157485605103), ([[1504, 283], [1595, 283], [1595, 349], [1504, 349]], '인데;', 0.8245933072656354), ([[259, 311], [411, 311], [411, 388], [259, 388]], '바보나', 0.9457313556503587), ([[1378, 316], [1420, 316], [1420, 376], [1378, 376]], '올', 0.9999495751062035), ([[1403, 310], [1494, 310], [1494, 434], [1403, 434]], '(헬둘', 0.024742533432230436), ([[1378, 372], [1416, 372], [1416, 419], [1378, 419]], '이', 0.989884339179298), ([[1356, 420], [1514, 420], [1514, 488], [1356, 488]], '하는 걸로', 0.5072668933216968), ([[1355, 469], [1517, 469], [1517, 542], [1355, 542]], '결정이내', 0.3086813688278198)]
[([[1894, 137], [2014, 137], [2014, 214], [1894, 214]], '좋아!', 0.7701445312484362), ([[860, 190], [967, 190], [967, 269], [860, 269]], '잠깐', 0.9999658612233858), ([[1871, 202], [2043, 202], [2043, 280], [1871, 280]], '다 씻다]', 0.6526612885786478), ([[247, 238], [411, 238], [411, 318], [247, 318]], '아니 뭐', 0.6052234447198731), ([[614, 236], [695, 236], [695, 318], [614, 318]], '응?', 0.9989598899862785), ([[882, 259], [986, 259], [986, 335], [882, 335]], '이거', 0.9989880356171625), ([[278, 308], [425, 308], [425, 387], [278, 387]], '알기는', 0.7628407710810589), ([[597, 304], [699, 304], [699, 385], [597, 385]], '이모', 0.9995125643521984), ([[873, 327], [999, 327], [999, 404], [873, 404]], '뛰야?', 0.8195029999575293), ([[275, 374], [382, 374], [382, 458], [275, 458]], '한데', 0.9898207615843059), ([[593, 371], [718, 371], [718, 451], [593, 451]], '몰라?', 0.9041617856831848), ([[234, 445], [465, 445], [465, 522], [234, 522]], '이거;그 ', 0.8276761732048092), ([[251, 512], [453, 512], [453, 592], [251, 592]], '한 횟수틀', 0.5991598565095317), ([[270, 584], [432, 584], [432, 662], [270, 662]], '적는 거', 0.8527451041540106), ([[264, 652], [438, 652], [438, 731], [264, 731]], '아니야?', 0.9993353486061096), ([[69, 924], [246, 924], [246, 1003], [69, 1003]], '응 맞아', 0.41722402863844327), ([[63, 987], [250, 987], [250, 1064], [63, 1064]], '그러니깐', 0.5744184851646423), ([[86, 1052], [229, 1052], [229, 1128], [86, 1128]], '앞으로', 0.4902453281771816), ([[63, 1120], [246, 1120], [246, 1195], [63, 1195]], ')번만 더', 0.745191938722127), ([[40, 1183], [282, 1183], [282, 1261], [40, 1261]], "'힘내보자고", 0.8284494742215374), ([[78, 1848], [168, 1848], [168, 1929], [78, 1929]], '뭐?', 0.9999876088490234), ([[222.92787831481087, 1980.1076318221844], [555.9534837083523, 1945.3896564546367], [561.0721216851891, 2115.8923681778156], [228.04651629164772, 2150.6103435453633]], '소포', 0.08119400856423395)]
[([[286, 120], [386, 120], [386, 192], [286, 192]], '음~~', 0.9958156198480846), ([[1821, 115], [1934, 115], [1934, 188], [1821, 188]], '이모', 0.6965118528948315), ([[286, 183], [386, 183], [386, 255], [286, 255]], '개가', 0.9989084026218776), ([[1539, 169], [1680, 169], [1680, 246], [1539, 246]], '갑자기', 0.9935423556357857), ([[1861, 176], [1965, 176], [1965, 253], [1861, 253]], '애완', 0.8817052047310621), ([[239, 243], [433, 243], [433, 323], [239, 323]], '종올려나]', 0.15959911533622387), ([[1544, 237], [1677, 237], [1677, 312], [1544, 312]], '뛰야 ', 0.5587901912175435), ([[1784, 169], [1959, 169], [1959, 328], [1784, 328]], '낭월%', 0.005450921680015344), ([[1560, 300], [1662, 300], [1662, 377], [1560, 377]], '갖고', 0.9985378176536507), ([[6, 375], [200, 375], [200, 443], [6, 443]], '라고 해도', 0.9997454846171107), ([[1530, 365], [1695, 365], [1695, 442], [1530, 442]], '싶다고?', 0.9999147057533264), ([[1812, 298], [1940, 298], [1940, 453], [1812, 453]], '갚규', 0.0462461465708483), ([[0, 435], [206, 435], [206, 514], [0, 514]], '개 같은 건', 0.5594856287566011), ([[1562, 432], [1668, 432], [1668, 505], [1562, 505]], '개나', 0.8358595484825821), ([[32, 504], [172, 504], [172, 577], [32, 577]], '그렇계', 0.7204274260625317), ([[1542, 495], [1682, 495], [1682, 570], [1542, 570]], '고양이', 0.9998276628990657), ([[12, 567], [174, 567], [174, 642], [12, 642]], '간단히 ', 0.5866619348526001), ([[1521, 558], [1700, 558], [1700, 638], [1521, 638]], '같은 거?', 0.9711150397382697), ([[683, 928], [860, 928], [860, 1107], [683, 1107]], '탁교', 0.023981939539280246), ([[690, 1084], [850, 1084], [850, 1174], [690, 1174]], '되라는', 0.7360449383810331), ([[681, 1163], [859, 1163], [859, 1251], [681, 1251]], '거워내', 0.16259581083856095), ([[12, 1765], [161, 1765], [161, 1851], [12, 1851]], '완벽해', 0.9946865005249901), ([[27, 1837], [151, 1837], [151, 1916], [27, 1916]], '이모', 0.45209268609799796)]
[([[1868, 184], [2016, 184], [2016, 263], [1868, 263]], '뭐하고', 0.9964634827390371), ([[411, 287], [575, 287], [575, 372], [411, 372]], '잠깐  ', 0.6955116391181946), ([[1890, 253], [1997, 253], [1997, 340], [1890, 340]], '있어', 0.8324812218062135), ([[1879, 325], [2008, 325], [2008, 402], [1879, 402]], '이모?', 0.9995502388096207), ([[407, 364], [589, 364], [589, 455], [407, 455]], '말 걸지', 0.9916598581919563), ([[440, 444], [550, 444], [550, 519], [440, 519]], '맛:', 0.8758185746786635), ([[728, 527], [965, 527], [965, 689], [728, 689]], '꾸국', 0.9606302562808164)]
[]
[]
[]
[([[284, 113], [334, 113], [334, 172], [284, 172]], '저', 0.999994277962287), ([[259, 162], [400, 162], [400, 303], [259, 303]], '정', 0.2299397953119673), ([[1404, 87], [1521, 87], [1521, 344], [1404, 344]], '"', 0.0230350136041777), ([[253, 287], [401, 287], [401, 353], [253, 353]], '대지 마!', 0.7363037912296796), ([[1393, 327], [1527, 327], [1527, 399], [1393, 399]], '옷으로', 0.4576472746621256), ([[1413, 385], [1513, 385], [1513, 460], [1413, 460]], '갈아', 0.9988859877437324), ([[1410, 447], [1514, 447], [1514, 515], [1410, 515]], '입어', 0.9997966053680224), ([[54, 720], [147, 720], [147, 793], [54, 793]], '활까', 0.396759450209118), ([[55, 782], [155, 782], [155, 851], [55, 851]], '앉마]', 0.1243019551038742)]
[([[461, 43], [521, 43], [521, 87], [461, 87]], '사과', 0.9999418378444723), ([[644, 54], [670, 54], [670, 82], [644, 82]], '미', 0.9999676945434466), ([[800, 46], [864, 46], [864, 100], [800, 100]], '아응:', 0.9308196617079276), ([[450, 80], [534, 80], [534, 128], [450, 128]], '할거면', 0.8717368489633278), ([[633, 83], [683, 83], [683, 119], [633, 119]], '미안', 0.9983256636728369), ([[816, 88], [898, 88], [898, 136], [816, 136]], '활까?', 0.1601961758356805), ([[460, 120], [522, 120], [522, 168], [460, 168]], '빨리', 0.9999069410267625), ([[786, 126], [898, 126], [898, 176], [786, 176]], '자; 잠깐', 0.8048377124184093), ([[441, 159], [541, 159], [541, 203], [441, 203]], '빼고해', 0.8836830226474248), ([[826, 166], [886, 166], [886, 214], [826, 214]], '내내는', 0.6937256514920288), ([[793, 153], [891, 153], [891, 262], [793, 262]], '핸문', 0.1476353428503453), ([[459, 985], [595, 985], [595, 1280], [459, 1280]], '늑', 0.1226823525244578), ([[998, 903], [1166, 903], [1166, 1280], [998, 1280]], '"', 0.340143210419356), ([[1151.5558600738814, 23.008221994798795], [1237.4995665365461, 2.010403122891777], [1309.4441399261186, 316.9917780052012], [1223.5004334634539, 337.9895968771082]], '육', 0.07984319685853425)]
[]
[([[89, 205], [251, 205], [251, 363], [89, 363]], '모자는', 0.15912759275354718), ([[1000, 167], [1151, 167], [1151, 377], [1000, 377]], '올', 0.2186026769555207), ([[1613, 185], [1781, 185], [1781, 370], [1613, 370]], '옷', 0.9276747328033395), ([[87, 347], [243, 347], [243, 431], [87, 431]], '있찮아', 0.05431104686679606), ([[124, 415], [234, 415], [234, 499], [124, 499]], '분해', 0.9789537695846511), ([[75, 408], [265, 408], [265, 576], [75, 576]], '통분례-', 0.009875232353806496), ([[651, 668], [851, 668], [851, 880], [651, 880]], '및', 0.13640589553107763), ([[61, 893], [421, 893], [421, 1272], [61, 1272]], '옷', 0.8293629159127249), ([[0, 1682], [433, 1682], [433, 2800], [0, 2800]], '옷', 0.5094443446296282), ([[1274, 1891], [1558, 1891], [1558, 2295], [1274, 2295]], '잔', 0.08980661658693467), ([[1303, 2475], [1520, 2475], [1520, 2800], [1303, 2800]], '벼', 0.03409197555329002), ([[537.2321604156749, 25.006408898926544], [878.16022811786, 152.5669575587781], [665.7678395843251, 715.9935911010734], [323.83977188214, 588.4330424412219]], '@%', 0.1495567115434911), ([[286.05482917911246, 594.0135383510243], [490.5601909151432, 474.00475509806614], [767.9451708208876, 1008.9864616489757], [564.4398090848568, 1128.9952449019338]], '물', 0.24652274143557307), ([[160.4571760579691, 1309.0047529100354], [383.81177526091994, 1282.757650260029], [452.5428239420309, 1941.9952470899646], [229.18822473908003, 1969.242349739971]], '옷', 0.4533891940411685), ([[673.2725008813635, 2150.008537546086], [893.2807737251145, 2102.6429269952796], [993.7274991186365, 2637.991462453914], [772.7192262748855, 2685.3570730047204]], ' ', 0.04579572642271845)]
[([[1419, 130], [1564, 130], [1564, 194], [1419, 194]], '자; 이모', 0.5104733974906823), ([[309, 219], [345, 219], [345, 264], [309, 264]], '아', 0.9650850498810684), ([[1423, 184], [1559, 184], [1559, 252], [1423, 252]], '찍-게]', 0.13361309468746185), ([[1446, 242], [1537, 242], [1537, 304], [1446, 304]], '포즈', 0.7651989681478234), ([[287, 269], [410, 269], [410, 333], [287, 333]], '그치만', 0.9995646224892755), ([[287, 323], [407, 323], [407, 389], [287, 389]], '이모의', 0.9980565518157162), ([[1426, 298], [1550, 298], [1550, 365], [1426, 365]], '취해쥐', 0.48393458127975464), ([[287, 377], [405, 377], [405, 446], [287, 446]], '가슴에', 0.9400732182786162), ([[1444, 355], [1539, 355], [1539, 416], [1444, 416]], '포직', 0.4193363933045223), ([[306, 434], [355, 434], [355, 501], [306, 501]], '맛', 0.18772119484819516), ([[269, 492], [351, 492], [351, 556], [269, 556]], '사이', 0.9997751118235559), ([[339, 434], [430, 434], [430, 560], [339, 560]], "'숫가", 0.308908252240522), ([[1270, 499], [1386, 499], [1386, 560], [1270, 560]], '아니 ', 0.8421784727991344), ([[265, 546], [351, 546], [351, 614], [265, 614]], '없엇', 0.26486298734197655), ([[334, 545], [431, 545], [431, 671], [334, 671]], '거듯', 0.02727820192251324), ([[1288, 553], [1370, 553], [1370, 617], [1288, 617]], '근데', 0.9997523541004584), ([[277, 598], [418, 598], [418, 733], [277, 733]], '엉즘:', 0.002695100503427843), ([[1268, 660], [1312, 660], [1312, 716], [1268, 716]], '다', 0.9999930858731574), ([[1262, 596], [1401, 596], [1401, 731], [1262, 731]], '정]어', 0.0004659790222123621), ([[297, 691], [332, 691], [332, 722], [297, 722]], '비', 0.9881809585940573), ([[1286, 710], [1373, 710], [1373, 774], [1286, 774]], '나와', 0.9973215238160648), ([[1255, 766], [1370, 766], [1370, 833], [1255, 833]], '엎는데', 0.0842663187616989), ([[53, 856], [167, 856], [167, 918], [53, 918]], "아니'", 0.2702869022085131), ([[43, 900], [179, 900], [179, 1037], [43, 1037]], '글륭!', 0.002703247910901478), ([[42, 1021], [189, 1021], [189, 1085], [42, 1085]], '느낌으로', 0.8161306492449142), ([[37, 1072], [158, 1072], [158, 1141], [37, 1141]], '말해도:', 0.32313913106918335)]
[([[1132, 92], [1256, 92], [1256, 142], [1132, 142]], '도깨비야', 0.38076305389404297), ([[1132, 131], [1249, 131], [1249, 186], [1132, 186]], '[나가라~', 0.33530577546500256), ([[239, 259], [353, 259], [353, 459], [239, 459]], '팩', 0.09155355563443468)]
[]
[]
[([[36, 4], [60, 4], [60, 28], [36, 28]], '8', 0.717499073152922), ([[1004, 156], [1116, 156], [1116, 204], [1004, 204]], '(도깨비야', 0.7301919767455647), ([[1007, 197], [1107, 197], [1107, 239], [1007, 239]], '나가라~', 0.9762696027755737), ([[152, 252], [228, 252], [228, 308], [152, 308]], '하아:', 0.9147194517081149), ([[149, 299], [232, 299], [232, 359], [149, 359]], '하아:', 0.8567528335639886), ([[146, 352], [226, 352], [226, 406], [146, 406]], '바보', 0.9999490869866166), ([[65.27253004752585, 27.053204323175734], [169.99271136638754, 62.730123709924996], [153.72746995247417, 104.94679567682427], [49.00728863361246, 69.269876290075]], '7 6 3', 0.35625467446937426)]
[([[857, 63], [911, 63], [911, 107], [857, 107]], '으음', 0.9932609827708285), ([[547, 103], [607, 103], [607, 141], [547, 141]], '아니', 0.9934538071510235), ([[863, 99], [919, 99], [919, 141], [863, 141]], '잠깐', 0.9999730261235074), ([[557, 135], [607, 135], [607, 175], [557, 175]], '조금', 0.9999595392651772), ([[855, 131], [935, 131], [935, 175], [855, 175]], '뭐 하는', 0.5967163732301113), ([[676, 156], [708, 156], [708, 188], [676, 188]], '아', 0.995127666863155), ([[545, 167], [617, 167], [617, 209], [545, 209]], '추운데', 0.8850228364548713), ([[863, 169], [929, 169], [929, 207], [863, 207]], '거야?', 0.9996408082788518), ([[655, 185], [749, 185], [749, 229], [655, 229]], '깨워어?', 0.45451855659484863), ([[647, 221], [755, 221], [755, 265], [647, 265]], '신경 쓰지', 0.9971537794559067), ([[671, 257], [727, 257], [727, 299], [671, 299]], '말고', 0.9996576161726817), ([[673, 289], [729, 289], [729, 333], [673, 333]], '낮잠', 0.46405027457781023), ([[657, 323], [747, 323], [747, 367], [657, 367]], '계속 자', 0.7733439089769693), ([[37, 911], [98, 911], [98, 952], [37, 952]], '하아', 0.9996838289838715), ([[47, 945], [101, 945], [101, 987], [47, 987]], '절대', 0.9999300369483246), ([[35, 979], [113, 979], [113, 1019], [35, 1019]], '안 재우', 0.9863598653687609), ([[283, 983], [341, 983], [341, 1023], [283, 1023]], '에이', 0.9975657081083752), ([[37, 1011], [111, 1011], [111, 1053], [37, 1053]], '켓다는', 0.4352577496574243), ([[268, 1016], [366, 1016], [366, 1064], [268, 1064]], '괜찮아~', 0.9446625709533691), ([[25, 1045], [103, 1045], [103, 1087], [25, 1087]], '거찮아:', 0.4900587201118469), ([[271, 1055], [359, 1055], [359, 1097], [271, 1097]], '아마 곧', 0.977505801384703), ([[265, 1091], [367, 1091], [367, 1133], [265, 1133]], '따뜻해질', 0.9971830248832703), ([[275, 1127], [357, 1127], [357, 1169], [275, 1169]], '거니깐', 0.4284099436483246)]
[([[334, 54], [364, 54], [364, 88], [334, 88]], '에', 0.2433112451783339), ([[950, 44], [1018, 44], [1018, 94], [950, 94]], '이모', 0.9995888401074747), ([[82, 82], [114, 82], [114, 120], [82, 120]], '에', 0.9987139071220099), ([[215, 71], [269, 71], [269, 111], [215, 111]], '이미', 0.9993638104635163), ([[941, 87], [1003, 87], [1003, 131], [941, 131]], '셈스', 0.43049372941281977), ([[75, 119], [143, 119], [143, 161], [75, 161]], '하자', 0.9890333797268845), ([[180, 102], [308, 102], [308, 150], [180, 150]], '일주일 동안', 0.9995697630173032), ([[335, 97], [389, 97], [389, 141], [335, 141]], '왜?', 0.9996597233044038), ([[193, 137], [291, 137], [291, 181], [193, 181]], '매일같이', 0.9951593279838562), ([[75, 157], [143, 157], [143, 199], [75, 199]], '하자]', 0.4734992290423399), ([[203, 173], [281, 173], [281, 213], [203, 213]], '해대서', 0.9972582202539481), ([[896, 156], [964, 156], [964, 210], [896, 210]], '안돼', 0.6716258899797198), ([[1, 183], [67, 183], [67, 277], [1, 277]], "안때'", 0.059888101614879216), ([[74, 194], [144, 194], [144, 242], [74, 242]], "'하자", 0.9837038439583501), ([[193, 205], [289, 205], [289, 249], [193, 249]], '지곳지국', 0.1579781323671341), ([[201, 241], [283, 241], [283, 281], [201, 281]], '하다고', 0.9958895660922222), ([[0, 263], [65, 263], [65, 307], [0, 307]], '안돼', 0.44171577945898477), ([[195, 273], [291, 273], [291, 315], [195, 315]], '그러니깐', 0.4305068254470825), ([[187, 307], [297, 307], [297, 351], [187, 351]], '절대 안해', 0.997492992021831), ([[1061, 603], [1101, 603], [1101, 639], [1061, 639]], '왜 .', 0.27911216020584106), ([[1049, 633], [1125, 633], [1125, 677], [1049, 677]], '이렇계', 0.378102003966961), ([[1061, 669], [1113, 669], [1113, 711], [1061, 711]], '되는', 0.9897594118669618), ([[1051, 701], [1107, 701], [1107, 745], [1051, 745]], '거지', 0.7840768171751237), ([[1207, 1497], [1267, 1497], [1267, 1639], [1207, 1639]], '출', 0.030395675576500913), ([[1149, 1657], [1213, 1657], [1213, 1753], [1149, 1753]], '꿀', 0.5778477098869104)]
[([[1165, 75], [1225, 75], [1225, 119], [1165, 119]], '이모', 0.9998634469417369), ([[1148, 114], [1252, 114], [1252, 166], [1148, 166]], '괜찮아?', 0.8785314559936523), ([[315, 235], [405, 235], [405, 279], [315, 279]], '끄러', 0.9974690093716397), ([[162, 310], [224, 310], [224, 360], [162, 360]], '그럼', 0.9980312144827632), ([[502, 314], [590, 314], [590, 364], [502, 364]], '이모의', 0.9887356737517308), ([[1096, 318], [1190, 318], [1190, 366], [1096, 366]], '아아야', 0.9855171347188925), ([[118, 352], [268, 352], [268, 404], [118, 404]], '허리에 별로', 0.9892763719420816), ([[476, 356], [618, 356], [618, 410], [476, 410]], '기승위만큼', 0.9398976026352616), ([[1110, 360], [1198, 360], [1198, 410], [1110, 410]], '허리름', 0.21328176644716312), ([[124, 392], [262, 392], [262, 444], [124, 444]], '부담스럽지', 0.975644978224879), ([[490, 398], [610, 398], [610, 450], [490, 450]], '겪렬햇나', 0.3260534405708313), ([[1124, 402], [1186, 402], [1186, 450], [1124, 450]], '조금', 0.999916887426382), ([[118, 433], [270, 433], [270, 486], [118, 486]], '않은 셋스가', 0.4159806754499486), ([[512, 440], [582, 440], [582, 488], [512, 488]], '보네;', 0.6353446245193481), ([[1106, 444], [1204, 444], [1204, 496], [1106, 496]], '다친 것', 0.8218514323234558), ([[129, 469], [257, 469], [257, 530], [129, 530]], "'엎논지 좀", 0.1347631849631779), ([[1110, 484], [1176, 484], [1176, 534], [1110, 534]], '같아:', 0.8599308712176095), ([[132, 516], [256, 516], [256, 568], [132, 568]], '알아불계;', 0.5533005610621973), ([[114, 560], [268, 560], [268, 610], [114, 610]], '절만 기다려.', 0.20606137668884025), ([[92, 798], [184, 798], [184, 846], [92, 846]], '것보다', 0.7632337808609009), ([[74, 838], [198, 838], [198, 886], [74, 886]], '너 아직도', 0.6383053777176921), ([[90, 880], [182, 880], [182, 930], [90, 930]], '계속할', 0.9120102601405167), ([[68, 920], [206, 920], [206, 972], [68, 972]], '생각이야?', 0.9989777337314726), ([[86, 962], [186, 962], [186, 1012], [86, 1012]], '하켓내', 0.6688826747639234), ([[90, 1002], [186, 1002], [186, 1054], [90, 1054]], '이 성욕', 0.8998989462852478), ([[76, 1042], [198, 1042], [198, 1092], [76, 1092]], '도깨비야', 0.7656297087669373)]
