2736051
66
[]
[([[1910, 2824], [2011, 2824], [2011, 2872], [1910, 2872]], '히7', 0.02976070148093541)]
[([[1910, 2824], [2011, 2824], [2011, 2872], [1910, 2872]], '히7', 0.061420146550667305)]
[([[1910, 2824], [2011, 2824], [2011, 2872], [1910, 2872]], '꼴7', 0.02200198955822952)]
[([[1910, 2824], [2011, 2824], [2011, 2872], [1910, 2872]], '꼴7', 0.02200198955822952)]
[([[1910, 2824], [2011, 2824], [2011, 2872], [1910, 2872]], '히7', 0.028966382574077867)]
[([[1910, 2824], [2011, 2824], [2011, 2872], [1910, 2872]], '꼴7', 0.0196799751634468)]
[([[1910, 2824], [2011, 2824], [2011, 2872], [1910, 2872]], '꼴7', 0.030355242999857153)]
[([[1910, 2824], [2011, 2824], [2011, 2872], [1910, 2872]], '꼴7', 0.02897723492452313)]
[([[1910, 2824], [2011, 2824], [2011, 2872], [1910, 2872]], '히7', 0.033689190873904214)]
[([[1910, 2824], [2011, 2824], [2011, 2872], [1910, 2872]], '히7', 0.033689190873904214)]
[([[1910, 2824], [2011, 2824], [2011, 2872], [1910, 2872]], '꼴7', 0.02273980403788795)]
[([[1910, 2824], [2011, 2824], [2011, 2872], [1910, 2872]], '히7', 0.033689190873904214)]
[([[1910, 2824], [2011, 2824], [2011, 2872], [1910, 2872]], '히7', 0.033689190873904214)]
[([[1910, 2824], [2011, 2824], [2011, 2872], [1910, 2872]], '꼴7', 0.01800639855770971)]
[([[1910, 2824], [2011, 2824], [2011, 2872], [1910, 2872]], '꼴7', 0.018881199660145415)]
[([[1910, 2824], [2011, 2824], [2011, 2872], [1910, 2872]], '히7', 0.024571270655021727)]
[([[1910, 2824], [2011, 2824], [2011, 2872], [1910, 2872]], '꼴7', 0.015136825527139628)]
[([[956, 1944], [1009, 1944], [1009, 2071], [956, 2071]], '{', 0.665425312037371), ([[1910, 2824], [2011, 2824], [2011, 2872], [1910, 2872]], '히7', 0.019453617680006904)]
[([[1910, 2824], [2011, 2824], [2011, 2872], [1910, 2872]], '꼴7', 0.019452913151638003)]
[([[1910, 2824], [2011, 2824], [2011, 2872], [1910, 2872]], '꼴7', 0.019452913151638003)]
[([[1910, 2824], [2011, 2824], [2011, 2872], [1910, 2872]], '꼴7', 0.023096218052332966)]
[([[1910, 2824], [2011, 2824], [2011, 2872], [1910, 2872]], '히7', 0.033689190873904214)]
[([[1910, 2824], [2011, 2824], [2011, 2872], [1910, 2872]], '꼴7', 0.02037821265126499)]
[([[1910, 2824], [2011, 2824], [2011, 2872], [1910, 2872]], '꼴7', 0.02071422776539974)]
[([[1910, 2824], [2011, 2824], [2011, 2872], [1910, 2872]], '꼴7', 0.020119321916058766)]
[([[666, 1848], [791, 1848], [791, 1932], [666, 1932]], '쇼4', 0.00905728082143541), ([[688, 1903], [794, 1903], [794, 1971], [688, 1971]], '쇼 쇼', 0.7016584762628739), ([[1910, 2824], [2011, 2824], [2011, 2872], [1910, 2872]], '꼴7', 0.028349453490919073)]
[([[49, 85], [652, 85], [652, 195], [49, 195]], '화장실가고심어요요', 0.2697213390535558), ([[692, 1011], [853, 1011], [853, 1135], [692, 1135]], '용싹', 0.22177340898734937), ([[959, 1838], [1007, 1838], [1007, 1896], [959, 1896]], '%', 0.7565398590863914), ([[179, 1867], [243, 1867], [243, 1935], [179, 1935]], '사', 0.10600858582126094), ([[1910, 2824], [2011, 2824], [2011, 2872], [1910, 2872]], '히7', 0.05404264555199469)]
[([[196, 215], [536, 215], [536, 323], [196, 323]], '언비들하고', 0.19133394295157533), ([[196, 300], [597, 300], [597, 401], [196, 401]], '지휘관오빠가', 0.39603550754196853), ([[193, 374], [818, 374], [818, 488], [193, 488]], '가만두지않흘건에요', 0.3433424503462162), ([[686, 1005], [859, 1005], [859, 1139], [686, 1139]], '용색', 0.09431907610135959), ([[522, 1390], [711, 1390], [711, 1507], [522, 1507]], '부들?', 0.2254728186997853), ([[956, 1838], [1007, 1838], [1007, 1896], [956, 1896]], '%', 0.9066006081949105), ([[1910, 2824], [2011, 2824], [2011, 2872], [1910, 2872]], '히7', 0.07836712483724796), ([[996.8038311742151, 607.0717987459852], [1129.2096725106856, 627.103600091633], [1113.196168825785, 709.9282012540148], [980.7903274893144, 689.896399908367]], '하/', 0.43738989591736077), ([[1707.9010393159888, 851.043199313059], [1906.2345183700136, 889.4340911623453], [1878.0989606840112, 1005.956800686941], [1679.7654816299864, 967.5659088376547]], '부들<', 0.47654341080667717), ([[166.17363682400057, 1706.1196398624045], [368.21545059430235, 1684.6206403605786], [373.8263631759994, 1809.8803601375955], [171.78454940569765, 1831.3793596394214]], '부반', 0.17929468736645188)]
[([[163, 274], [831, 274], [831, 435], [163, 435]], '발로문지루지마세요', 0.16178530926406362), ([[1038, 660], [1176, 660], [1176, 732], [1038, 732]], '싫어7', 0.17136543989181519), ([[1500, 640], [1609, 640], [1609, 707], [1500, 707]], "하룻'", 0.17302545274319608), ([[524, 1390], [708, 1390], [708, 1505], [524, 1505]], '부들~', 0.5815857295163795), ([[689, 1769], [813, 1769], [813, 1871], [689, 1871]], '', 0.0), ([[1910, 2824], [2011, 2824], [2011, 2872], [1910, 2872]], '꼴7', 0.08363083965774884), ([[186.92624901561368, 171.04123720297787], [477.62284384420843, 212.7722878696649], [455.0737509843863, 328.95876279702213], [163.37715615579157, 287.2277121303351]], '하/하앗드', 0.2526720177592226), ([[1708.9424244217885, 848.0400023676087], [1907.3461571590155, 891.7715145634802], [1877.0575755782115, 1007.9599976323913], [1678.6538428409845, 964.2284854365198]], '부들<', 0.5526313431243984)]
[([[96, 195], [211, 195], [211, 324], [96, 324]], '양', 0.9931567368075775), ([[153, 257], [354, 257], [354, 444], [153, 444]], '잃어', 0.4694956192618907), ([[1500, 640], [1609, 640], [1609, 707], [1500, 707]], "하룻'", 0.14094728122704475), ([[521, 1387], [712, 1387], [712, 1510], [521, 1510]], '부들?', 0.40270912226751054), ([[1493, 1585], [1557, 1585], [1557, 1661], [1493, 1661]], '4', 0.6259392186871651), ([[16, 1603], [701, 1603], [701, 2074], [16, 2074]], '표국?', 0.04764666482282743), ([[689, 1769], [813, 1769], [813, 1871], [689, 1871]], '', 0.0), ([[1910, 2824], [2011, 2824], [2011, 2872], [1910, 2872]], '꼴7', 0.07321801206853944), ([[226.89692464813575, 172.17124035362806], [451.87573966473934, 143.87832275760724], [459.1030753518643, 258.82875964637196], [233.12426033526066, 287.12167724239276]], '진하응', 0.023648087711129903), ([[340.237235296059, 257.1609588256649], [749.7640364685349, 160.84210198072793], [774.762764703941, 291.8390411743351], [366.23596353146513, 388.15789801927207]], "'쌀거같아씩", 0.020239384286919064), ([[184.92098455285785, 428.12046715457745], [779.304160686801, 228.5246284678343], [810.0790154471422, 377.87953284542255], [215.69583931319903, 577.4753715321657]], '그만해주세요진품', 0.06801889988158386), ([[957.0077221232864, 623.0617769862906], [1118.7639683777531, 649.07106375708], [1103.9922778767136, 718.9382230137094], [942.236031622247, 692.92893624292]], '아양', 0.4173417322987098), ([[1707.8923717860264, 851.0438845039313], [1904.240896762835, 889.4526213137739], [1877.1076282139736, 1004.9561154960687], [1679.759103237165, 966.5473786862261]], '부들<', 0.5782023401472245), ([[1016.588439495091, 1786.5306369705463], [1683.714293033013, 1596.740134807402], [1744.411560504909, 1923.4693630294537], [1077.285706966987, 2112.259865192598]], "'유르르릇", 0.4445908002614473), ([[691.164793371856, 2216.037437610474], [1260.3141893849877, 2162.108997363285], [1268.8352066281439, 2550.962562389526], [699.6858106150123, 2604.891002636715]], '품]', 0.008846737306081324)]
[([[179, 301], [527, 301], [527, 460], [179, 460]], '안되요3', 0.6781046986579895), ([[161, 411], [631, 411], [631, 585], [161, 585]], '무서워요뉴', 0.8487268428767538), ([[1495, 638], [1604, 638], [1604, 698], [1495, 698]], '아양-', 0.3244285063848803), ([[522, 1390], [711, 1390], [711, 1507], [522, 1507]], '부들~', 0.18832273605898706), ([[892, 1754], [1047, 1754], [1047, 1845], [892, 1845]], '문)', 0.1815215679585615), ([[1910, 2824], [2011, 2824], [2011, 2872], [1910, 2872]], '히7', 0.07836712483724796), ([[204.891558421147, 173.03844126451713], [410.72465445358563, 210.74024351731626], [380.108441578853, 348.96155873548287], [174.27534554641437, 311.25975648268377]], '주사', 0.39382076063467103), ([[401.95901240152835, 205.0319021449124], [765.6353463447747, 262.4978218221527], [735.0409875984716, 401.9680978550876], [371.36465365522525, 345.5021781778473]], '안맞으면', 0.8957999348640442), ([[953.0675452416649, 590.048434319983], [1128.8401765294514, 628.3114269550487], [1108.932454758335, 703.951565680017], [933.1598234705486, 665.6885730449513]], '하아 .', 0.29461100697517395), ([[1707.9010393159888, 851.043199313059], [1906.2345183700136, 889.4340911623453], [1878.0989606840112, 1005.956800686941], [1679.7654816299864, 967.5659088376547]], '부들<', 0.4858937387435378), ([[666.8573136639777, 1011.1441211134348], [852.0080963114519, 975.3887203290165], [869.1426863360223, 1116.8558788865653], [683.9919036885481, 1152.6112796709835]], '움질', 0.6393250754472456)]
[([[1002, 705], [1042, 705], [1042, 756], [1002, 756]], '0', 0.5402327315130293), ([[1048, 710], [1195, 710], [1195, 796], [1048, 796]], '8옛', 0.022012787815302293), ([[678, 989], [858, 989], [858, 1141], [678, 1141]], '음빵', 0.008506179642375218), ([[522, 1390], [711, 1390], [711, 1507], [522, 1507]], '부들~', 0.23893013587607836), ([[1910, 2824], [2011, 2824], [2011, 2872], [1910, 2872]], '히7', 0.07759056314677769), ([[295.81834396677147, 157.03882829492645], [524.4724589487336, 193.74341015474292], [493.18165603322853, 344.9611717050735], [264.52754105126644, 308.25658984525705]], '@', 0.3885431832058863), ([[518.8977778369124, 204.03377874167197], [744.9711233048117, 257.0015857284717], [705.1022221630876, 402.96622125832806], [479.0288766951882, 350.9984142715283]], '아앗드', 0.2725073816201184), ([[290.17893771475417, 279.01873595311645], [787.9433535566808, 384.5730931565264], [746.8210622852458, 533.9812640468836], [249.05664644331924, 427.4269068434736]], '싫어오{', 0.20794521272182465), ([[282.88413793434336, 419.0346207429281], [557.155950161101, 468.55267275906647], [523.1158620656566, 615.9653792570718], [248.84404983889894, 566.4473272409335]], '아파?', 0.21904464426810294), ([[1707.9010393159888, 851.043199313059], [1906.254818427476, 889.4933617346582], [1878.0989606840112, 1005.956800686941], [1679.745181572524, 966.5066382653418]], '부들<', 0.3095640578390266), ([[523.9469916639138, 2178.418339980179], [1193.64442116373, 1970.4282710791083], [1269.0530083360864, 2337.581660019821], [599.3555788362701, 2544.5717289208915]], '품습양', 0.03421890626416451)]
[([[1910, 2824], [2011, 2824], [2011, 2872], [1910, 2872]], '히7', 0.033689190873904214)]
[([[1002, 703], [1042, 703], [1042, 756], [1002, 756]], '0', 0.7363814331232597), ([[1048, 710], [1195, 710], [1195, 796], [1048, 796]], '8옛', 0.020384862920531824), ([[522, 1390], [711, 1390], [711, 1507], [522, 1507]], '부들?', 0.2113432375860282), ([[1910, 2824], [2011, 2824], [2011, 2872], [1910, 2872]], '히7', 0.07737195592520583), ([[164.92565123446425, 133.0174928980529], [682.7689648223998, 237.07067336731785], [614.0743487655358, 505.98250710194714], [96.23103517760025, 401.92932663268215]], '@아아양-', 0.0017504885115337085), ([[1707.9633121103225, 852.0414013790304], [1903.3076648203821, 889.8141444519513], [1877.0366878896775, 1002.9585986209696], [1681.6923351796179, 965.1858555480487]], '부들<', 0.36415962062215146), ([[669.7685036504657, 1013.1563759183066], [850.9198510518253, 977.3056914267687], [869.2314963495343, 1115.8436240816934], [688.0801489481747, 1151.6943085732314]], '움질', 0.24232748171320626), ([[771.1172659940559, 2095.1189185280764], [1210.606096859158, 1991.1094395933371], [1253.882734005944, 2285.8810814719236], [815.3939031408419, 2390.8905604066626]], '유육', 0.2590161186330075), ([[437.37426979681436, 2262.3070234761076], [793.4497811468749, 2117.257680392538], [880.6257302031856, 2406.6929765238924], [524.5502188531251, 2550.742319607462]], ' 우', 0.16062591353054545)]
[([[137, 189], [388, 189], [388, 378], [137, 378]], '야양', 0.565618092572031), ([[1085, 720], [1225, 720], [1225, 775], [1085, 775]], '공아 ;', 0.11871116608381271), ([[522, 1390], [711, 1390], [711, 1507], [522, 1507]], '부들~', 0.23998823632571997), ([[904, 2020], [1204, 2020], [1204, 2331], [904, 2331]], '심', 0.05257225435484347), ([[1910, 2824], [2011, 2824], [2011, 2872], [1910, 2872]], '꼴7', 0.024370337001748), ([[139.70685734261968, 214.20994489472088], [752.0803735169293, 36.85501032191281], [821.2931426573803, 403.7900551052791], [208.91962648307066, 581.1449896780872]], '@내하훨', 0.003702748566865921), ([[1506.067545241665, 665.048434319983], [1630.7794262848809, 705.0196782816058], [1603.932454758335, 778.951565680017], [1480.2205737151191, 738.9803217183942]], '하웃', 0.7111806023578887), ([[1707.8835668880395, 852.0445861004943], [1904.1919448354995, 888.3125069112439], [1877.1164331119605, 1004.9554138995057], [1680.8080551645005, 967.6874930887561]], '부들<', 0.3568302023521151), ([[669.7685036504657, 1013.1563759183066], [852.0788964284664, 978.4562547703392], [869.2314963495343, 1115.8436240816934], [686.9211035715336, 1150.5437452296608]], '움질', 0.5053484452891426), ([[1672.1423139959816, 1745.05274336745], [1764.9611705350515, 1786.263722347254], [1739.8576860040184, 1839.94725663255], [1647.0388294649485, 1798.736277652746]], '제', 0.20046519949232788), ([[1655.3700465834029, 1822.2731350918687], [1688.5980844128924, 1795.0358993729926], [1736.6299534165971, 1860.7268649081313], [1703.4019155871076, 1887.9641006270074]], '9', 0.3684955932335612), ([[520.6672505809238, 2182.075658946227], [947.4558441227157, 2099.544155877284], [982.3327494190762, 2407.924341053773], [555.5441558772843, 2491.455844122716]], '쭉숲', 0.10973242158206438)]
[([[86, 169], [577, 169], [577, 294], [86, 294]], '토사-맛있퍼게', 0.015040036859263233), ([[91, 262], [656, 262], [656, 389], [91, 389]], '몸미두근거리곡', 0.16403007489740343), ([[86, 361], [822, 361], [822, 484], [86, 484]], '기분이터문이상해요 ', 0.21409992272004555), ([[90, 461], [465, 461], [465, 578], [90, 578]], '하아하아', 0.9998994469642639), ([[1666, 1806], [1708, 1806], [1708, 1854], [1666, 1854]], '2', 0.9723580977329362), ([[1910, 2824], [2011, 2824], [2011, 2872], [1910, 2872]], '히7', 0.046456364138392416), ([[1504.0242857596863, 662.0477147488002], [1632.7415270370386, 704.7410951798171], [1603.9757142403137, 783.9522852511998], [1475.2584729629614, 741.2589048201829]], '하황', 0.058495944033510716), ([[1043.2270311712882, 692.1989371536683], [1195.9956655089868, 680.1191928563285], [1197.7729688287118, 751.8010628463317], [1045.0043344910132, 763.8808071436715]], "@양'", 0.050669540207959454), ([[1708.9462716354556, 843.0370572234685], [1912.3426072824088, 892.6080054254825], [1878.0537283645444, 1014.9629427765315], [1674.6573927175912, 965.3919945745175]], '분들', 0.8350848747848743), ([[648.736731934208, 1023.3363132841984], [846.2082858360052, 962.679655025511], [877.263268065792, 1102.6636867158018], [680.7917141639948, 1162.320344974489]], '움질', 0.0474651122605382), ([[1672.1317568578756, 1746.0540548630042], [1762.902901394663, 1782.8381255078289], [1738.8682431421244, 1839.9459451369958], [1648.097098605337, 1802.1618744921711]], '찌', 0.3879609089216416), ([[714.5746437496367, 2053.298574998547], [864.7228967500911, 2025.647294608796], [875.4253562503633, 2112.701425001453], [725.2771032499089, 2140.352705391204]], '두공?', 0.05792089179158211)]
[([[956, 1942], [1010, 1942], [1010, 2071], [956, 2071]], '{', 0.5181128914788502), ([[1910, 2824], [2011, 2824], [2011, 2872], [1910, 2872]], '히7', 0.058802533854708475), ([[146.09626216110647, 42.021505383235684], [588.8634618640824, 136.72627915031148], [545.9037378388936, 289.9784946167643], [103.13653813591759, 195.27372084968852]], '하용이양-', 0.06188697980063004), ([[128.06734083490923, 179.02560319534822], [603.890743502607, 258.07573808198146], [570.9326591650907, 394.97439680465175], [96.1092564973929, 315.92426191801854]], '죄송해오배', 0.14065209526106945), ([[116.91108891276598, 300.03296706063855], [427.1796435840548, 347.62786389553986], [395.088911087234, 500.96703293936145], [85.82035641594518, 454.37213610446014]], '자궁이', 0.8430190073372783), ([[420.0416255536154, 336.02418596158475], [828.7536415033624, 417.9502573283367], [788.9583744463846, 571.9758140384153], [379.24635849663764, 491.0497426716633]], '권립순가', 0.34324952960014343), ([[120.0336536724291, 424.02595830718116], [599.8504687385556, 501.684667234748], [565.9663463275709, 645.9740416928189], [86.1495312614444, 568.315332765252]], '없없어요규', 0.4118356094602841), ([[104.01785871360299, 551.0268144589348], [553.8134815661308, 625.4154546834855], [519.982141286397, 769.9731855410652], [70.18651843386917, 695.5845453165145]], '아아아양]!', 0.1830393749836844), ([[1534.9950129403812, 629.0506281097751], [1697.6476382123774, 663.368825942079], [1677.0049870596188, 747.9493718902249], [1513.3523617876226, 713.631174057921]], '아양!', 0.18379985772551705), ([[1053.268269853511, 718.1681762529056], [1180.2237881080255, 706.631863883027], [1183.731730146489, 786.8318237470944], [1056.7762118919745, 798.368136116973]], '@아', 0.17103486742137117), ([[1711.9881603519013, 847.0366128562395], [1908.4311170219978, 896.0496714641183], [1875.0118396480987, 1012.9633871437605], [1677.5688829780022, 963.9503285358817]], '분들어', 0.19891139558959037), ([[654.334951748588, 1015.2101960161041], [848.8017638403122, 962.8728564440651], [877.665048251412, 1111.7898039838958], [683.1982361596878, 1164.127143555935]], '운유', 0.014403943223476368), ([[1672.120938695087, 1746.0554156911876], [1763.934981057231, 1784.0481398548898], [1739.879061304913, 1838.9445843088124], [1648.065018942769, 1799.9518601451102]], '제', 0.4160480427117932), ([[1655.464986100386, 1821.2414569111972], [1689.6052718765552, 1795.0367706122474], [1734.535013899614, 1861.7585430888028], [1700.3947281234448, 1886.9632293877526]], '9', 0.11542770792516777), ([[1229.9841418227427, 1687.0073715869758], [1830.3239551195973, 1977.8300999727578], [1561.0158581772573, 2515.9926284130242], [961.6760448804027, 2225.1699000272424]], '품', 0.9100114818388683), ([[-62.80643892119888, 2381.0645859334063], [627.1231683777482, 2035.3449737371075], [829.8064389211988, 2565.9354140665937], [138.8768316222517, 2911.6550262628925]], '꼭', 0.10507814680751437)]
[([[43, 335], [566, 335], [566, 563], [43, 563]], '찢어지논계', 0.08206247565295048), ([[1052, 690], [1210, 690], [1210, 783], [1052, 783]], '하원', 0.0196547357399064), ([[1666, 1806], [1708, 1806], [1708, 1854], [1666, 1854]], '2', 0.9674686483851112), ([[1910, 2824], [2011, 2824], [2011, 2872], [1910, 2872]], '꼴', 0.0615291964067064), ([[163.1504934998755, 13.017189446924746], [632.8778450063195, 128.73823345764873], [580.8495065001246, 301.98281055307524], [111.1221549936805, 185.26176654235127]], '@약되하아째', 0.00305826055134774), ([[115.05074503958434, 171.02146537481403], [610.8124863623416, 266.19992653358054], [566.9492549604156, 433.97853462518594], [71.18751363765843, 338.80007346641946]], '처녀막이쇄', 0.2644922003079161), ([[551.8505938523641, 384.03479856400736], [861.0661503121166, 430.11661552335676], [829.1494061476359, 586.9652014359926], [520.9338496878834, 540.8833844766433]], '같아요 ', 0.518505871295929), ([[1548.1261625228515, 620.0382527605078], [1697.9246523322145, 675.7747342799736], [1665.8738374771485, 753.9617472394922], [1516.0753476677855, 698.2252657200264]], '하양!', 0.5706348860820676), ([[1710.9881603519013, 847.0366128562395], [1908.4131818811566, 894.9891956139679], [1875.0118396480987, 1012.9633871437605], [1677.5868181188434, 964.0108043860321]], '분들어', 0.13359126763287849), ([[1190.0020189038348, 1180.009222697467], [1638.668044358216, 1428.0803899610353], [1411.9979810961652, 1828.990777302533], [963.3319556417839, 1580.9196100389647]], '푹', 0.27558260663454703), ([[24.55691341032339, 1432.0533170964056], [654.2567992114415, 1298.1048008429418], [714.4430865896766, 1772.9466829035944], [84.74320078855851, 1906.8951991570582]], '교빛', 0.005022566849522401), ([[1673.1317568578756, 1746.0540548630042], [1763.95205423026, 1786.1821112670282], [1738.8682431421244, 1839.9459451369958], [1648.04794576974, 1799.8178887329718]], '찌', 0.07943905863518896), ([[208.7802854755674, 2027.208198161869], [735.6861321887535, 1943.561685375747], [750.2197145244326, 2153.791801838131], [223.31386781124647, 2237.438314624253]], '또워워움', 0.018360484391450882), ([[277.2334447033825, 2332.7874239830007], [1442.8695774597868, 1938.2234823571187], [1582.7665552966175, 2547.2125760169993], [418.13042254021326, 2941.7765176428816]], '뚜다', 0.024799518867022318)]
[([[1494, 1586], [1549, 1586], [1549, 1673], [1494, 1673]], '4', 0.5533965229779483), ([[1668, 1810], [1710, 1810], [1710, 1854], [1668, 1854]], '2', 0.8238652999366991), ([[1910, 2824], [2011, 2824], [2011, 2872], [1910, 2872]], '꼴7', 0.09431256457141982), ([[46.213895867412035, 255.13895867412032], [822.8820688112362, 173.31737326073628], [825.786104132588, 410.8610413258797], [49.117931188763755, 492.6826267392637]], '하아아이양-', 0.04051357617016943), ([[986.1565258377079, 748.3417559346025], [1243.4245403337827, 709.0561831430186], [1251.843474162292, 812.6582440653975], [994.5754596662173, 850.9438168569814]], '가버]', 0.008002019854455008), ([[1710.9462716354556, 843.0370572234685], [1910.344192039822, 892.6131839878215], [1875.0537283645444, 1014.9629427765315], [1675.655807960178, 964.3868160121785]], '분들?', 0.1193930819035559), ([[67.4192203752802, 1463.0617058433563], [681.6589668190062, 1323.3500296120792], [744.5807796247198, 1779.9382941566437], [130.34103318099383, 1919.6499703879208]], '쓸록}', 0.00151051272633837), ([[482.40057407183843, 1733.0578536341754], [1583.4225780681509, 1337.344957938924], [1814.5994259281615, 2267.9421463658246], [713.5774219318491, 2663.655042061076]], '월록', 0.012273241882513728), ([[1674.2907226612892, 1746.0420703548302], [1763.9989118607093, 1792.885735012177], [1736.7092773387108, 1841.9579296451698], [1647.0010881392907, 1795.114264987823]], '제', 0.3244657372093229), ([[173.95525475544414, 2047.3046813859312], [721.7473640328518, 1815.5869173207193], [786.0447452445559, 2034.6953186140688], [238.25263596714817, 2266.4130826792807]], '33록이', 0.0010312653612345457)]
[([[1494, 1586], [1549, 1586], [1549, 1671], [1494, 1671]], '5', 0.18874716548926163), ([[1666, 1806], [1710, 1806], [1710, 1854], [1666, 1854]], '2', 0.9690633763818965), ([[1910, 2824], [2011, 2824], [2011, 2872], [1910, 2872]], '히7', 0.03458070625682466), ([[43.964141248976766, 256.1593418652792], [822.7085615228096, 168.70164873168247], [827.0358587510233, 408.8406581347208], [48.291438477190354, 496.2983512683175]], '하아아악양-', 0.04009249743793735), ([[986.1565258377079, 748.3417559346025], [1243.4245403337827, 709.0561831430186], [1251.843474162292, 812.6582440653975], [994.5754596662173, 850.9438168569814]], '가버]', 0.010268275095378943), ([[1708.9312942501813, 844.038119502539], [1910.2911640156701, 891.443396980511], [1876.0687057498187, 1013.961880497461], [1674.7088359843299, 966.556603019489]], '분들', 0.8737433332726653), ([[70.5479863103929, 1459.055698828644], [678.7651357453018, 1328.4484539666332], [737.4520136896072, 1786.944301171356], [130.2348642546982, 1918.5515460333668]], '옆', 0.003873312722218414), ([[482.3418221633005, 1737.0597581969957], [1581.1920400645483, 1339.1941673842255], [1814.6581778366995, 2266.9402418030045], [715.8079599354517, 2665.8058326157748]], '낮록록', 0.05098372612728425), ([[1674.2907226612892, 1746.0420703548302], [1763.9989118607093, 1792.885735012177], [1736.7092773387108, 1841.9579296451698], [1647.0010881392907, 1795.114264987823]], '제', 0.32631814287967487)]
[([[114, 128], [602, 128], [602, 245], [114, 245]], '이#로망간제', 0.07661995398743791), ([[118, 224], [891, 224], [891, 345], [118, 345]], '버리늄것되중음지도0', 0.07714313586541562), ([[116, 326], [294, 326], [294, 442], [116, 442]], '아웃드', 0.9053823126947999), ([[1002, 705], [1040, 705], [1040, 756], [1002, 756]], '(', 0.46280914064243817), ([[1050, 704], [1187, 704], [1187, 797], [1050, 797]], '@3', 0.38988765941231), ([[1668, 1808], [1708, 1808], [1708, 1854], [1668, 1854]], '2', 0.9627668517089241), ([[666, 1848], [791, 1848], [791, 1933], [666, 1933]], '쇼슈', 0.003860000508266913), ([[688, 1903], [794, 1903], [794, 1971], [688, 1971]], '쇼 쇼', 0.5778846875650909), ([[1910, 2824], [2011, 2824], [2011, 2872], [1910, 2872]], '히7', 0.07737195592520583), ([[1534.9421394540648, 633.0561108682089], [1696.5500621680821, 662.0341421838253], [1678.0578605459352, 746.9438891317911], [1516.4499378319179, 717.9658578161747]], '아양?', 0.16552817189881433), ([[1707.9010393159888, 851.043199313059], [1906.2345183700136, 889.4340911623453], [1878.0989606840112, 1005.956800686941], [1679.7654816299864, 967.5659088376547]], '부들<', 0.43829964433429053), ([[656.0395748479576, 991.120556268457], [835.4313457577448, 965.8051648441395], [846.9604251520424, 1103.879443731543], [667.5686542422552, 1130.1948351558603]], '움필', 0.35426253332088237), ([[779.0075539897035, 1257.2581657207174], [1279.0364858884325, 1138.423295830626], [1315.9924460102964, 1395.7418342792826], [815.9635141115675, 1515.576704169374]], '부2옷', 0.06215122542477687), ([[639.6304381980899, 1575.2847966121687], [791.7122302500212, 1546.6343496349032], [802.3695618019101, 1635.7152033878313], [650.2877697499788, 1663.3656503650968]], '두금)', 0.07119065664932671), ([[1672.1317568578756, 1746.0540548630042], [1763.904757466825, 1782.8492070888624], [1738.8682431421244, 1839.9459451369958], [1648.095242533175, 1802.1507929111376]], '게', 0.234230524797713), ([[578.3244968359152, 2329.451644621056], [1086.9846673355476, 2149.734010753766], [1145.6755031640848, 2355.548355378944], [637.0153326644524, 2535.265989246234]], '소온놀큼어', 0.0002555988356978808)]
[]
[]
[([[685, 1903], [794, 1903], [794, 1971], [685, 1971]], '쇼 &', 0.16825327296513917), ([[1910, 2824], [2011, 2824], [2011, 2872], [1910, 2872]], '히7', 0.02976070148093541), ([[667.802230976821, 1860.3078084188735], [785.1405781537749, 1839.8723007169508], [793.197769023179, 1910.6921915811265], [675.8594218462251, 1931.1276992830492]], '1규', 0.03633716498560485)]
[]
[]
[([[0, 1785], [111, 1785], [111, 1936], [0, 1936]], '7 )', 0.19856094625858828)]
[]
[([[959, 1838], [1009, 1838], [1009, 1896], [959, 1896]], '%', 0.7331716975768501), ([[179, 1867], [243, 1867], [243, 1935], [179, 1935]], '사', 0.11107684770496817), ([[1910, 2824], [2011, 2824], [2011, 2872], [1910, 2872]], '꼴7', 0.030355242999857153), ([[693.401330583257, 1014.0915760743364], [850.6184802454683, 1003.8759725298199], [851.598669416743, 1128.9084239256636], [694.3815197545317, 1138.1240274701802]], '용싹', 0.12163523321887255)]
[([[49, 85], [652, 85], [652, 195], [49, 195]], '화장실가고심어요요', 0.2697213390535558), ([[692, 1011], [853, 1011], [853, 1135], [692, 1135]], '용싹', 0.22177340898734937), ([[959, 1838], [1007, 1838], [1007, 1896], [959, 1896]], '%', 0.8057160331920841), ([[179, 1867], [243, 1867], [243, 1935], [179, 1935]], '사', 0.10600858582126094), ([[563, 2162], [631, 2162], [631, 2211], [563, 2211]], '(', 0.4551083277959975), ([[569, 2198], [618, 2198], [618, 2260], [569, 2260]], '2', 0.7264120187419145), ([[1910, 2824], [2011, 2824], [2011, 2872], [1910, 2872]], '히7', 0.05404264555199469)]
[([[196, 215], [536, 215], [536, 323], [196, 323]], '언비들하고', 0.19133394295157533), ([[196, 300], [597, 300], [597, 401], [196, 401]], '지휘관오빠가', 0.39603550754196853), ([[193, 374], [818, 374], [818, 488], [193, 488]], '가만두지않흘건에요', 0.3433424503462162), ([[686, 1005], [859, 1005], [859, 1139], [686, 1139]], '용색', 0.09431907610135959), ([[522, 1390], [711, 1390], [711, 1507], [522, 1507]], '부들?', 0.2254728186997853), ([[956, 1838], [1007, 1838], [1007, 1896], [956, 1896]], '%', 0.8486024799895517), ([[1910, 2824], [2011, 2824], [2011, 2872], [1910, 2872]], '꼴7', 0.08363083965774884), ([[996.8038311742151, 607.0717987459852], [1129.2096725106856, 627.103600091633], [1113.196168825785, 709.9282012540148], [980.7903274893144, 689.896399908367]], '하/', 0.43738989591736077), ([[1707.9010393159888, 851.043199313059], [1906.2345183700136, 889.4340911623453], [1878.0989606840112, 1005.956800686941], [1679.7654816299864, 967.5659088376547]], '부들<', 0.47654341080667717), ([[166.17363682400057, 1706.1196398624045], [368.21545059430235, 1684.6206403605786], [373.8263631759994, 1809.8803601375955], [171.78454940569765, 1831.3793596394214]], '부반', 0.17929468736645188)]
[([[163, 274], [831, 274], [831, 435], [163, 435]], '발로문지루지마세요', 0.16178530926406362), ([[1038, 660], [1176, 660], [1176, 732], [1038, 732]], '싫어7', 0.17136543989181519), ([[1500, 640], [1609, 640], [1609, 707], [1500, 707]], "하룻'", 0.17302545274319608), ([[524, 1390], [708, 1390], [708, 1505], [524, 1505]], '부들~', 0.5815857295163795), ([[689, 1769], [813, 1769], [813, 1871], [689, 1871]], '', 0.0), ([[964, 1792], [1026, 1792], [1026, 1863], [964, 1863]], '유', 0.24973640837103606), ([[1910, 2824], [2011, 2824], [2011, 2872], [1910, 2872]], '꼴7', 0.08363083965774884), ([[186.92624901561368, 171.04123720297787], [477.62284384420843, 212.7722878696649], [455.0737509843863, 328.95876279702213], [163.37715615579157, 287.2277121303351]], '하/하앗드', 0.2526720177592226), ([[1708.9424244217885, 848.0400023676087], [1907.3461571590155, 891.7715145634802], [1877.0575755782115, 1007.9599976323913], [1678.6538428409845, 964.2284854365198]], '부들<', 0.5526313431243984)]
[([[96, 195], [211, 195], [211, 324], [96, 324]], '양', 0.9941111732186982), ([[153, 257], [354, 257], [354, 444], [153, 444]], '잃어', 0.4732440868850346), ([[1500, 640], [1609, 640], [1609, 707], [1500, 707]], "하룻'", 0.21301563419852593), ([[521, 1387], [712, 1387], [712, 1510], [521, 1510]], '부들?', 0.32829061393081804), ([[1493, 1585], [1555, 1585], [1555, 1661], [1493, 1661]], '4', 0.5288595031089507), ([[16, 1605], [701, 1605], [701, 2075], [16, 2075]], '표국?', 0.17245852043849627), ([[689, 1769], [815, 1769], [815, 1868], [689, 1868]], '', 0.0), ([[1910, 2824], [2011, 2824], [2011, 2872], [1910, 2872]], '꼴7', 0.01869334906447124), ([[226.89692464813575, 172.17124035362806], [449.8422474575548, 143.82743629730993], [457.1030753518643, 258.82875964637196], [233.15775254244522, 287.17256370269007]], '진하응', 0.023464343159417506), ([[338.89228927169535, 261.82460249018675], [748.7096247085525, 159.75098852282008], [778.1077107283046, 287.17539750981325], [367.29037529144745, 389.2490114771799]], "'쌀거같아씨", 0.10108045433937618), ([[184.89685754378687, 427.1232891221882], [781.4374086281678, 231.74330432351954], [810.1031424562132, 377.8767108778118], [213.56259137183227, 572.2566956764805]], '그만해주세요히뉴', 0.10978550641241694), ([[957.0077221232864, 623.0617769862906], [1118.7860670041675, 650.162294744358], [1103.9922778767136, 718.9382230137094], [942.2139329958325, 691.837705255642]], '아양%', 0.06816609360612023), ([[1707.8923717860264, 851.0438845039313], [1904.2337933243068, 889.4319901215591], [1877.1076282139736, 1004.9561154960687], [1680.7662066756932, 966.5680098784409]], '부들<', 0.3103523764840203), ([[1015.482779025806, 1786.548396252256], [1681.5649234370835, 1594.5654702783913], [1743.5172209741938, 1922.451603747744], [1078.4350765629165, 2113.4345297216087]], "'유르르릇", 0.5749894287344239), ([[682.9931788727656, 2217.043796186333], [1256.2066559516525, 2144.3944029497466], [1276.0068211272344, 2537.956203813667], [701.7933440483474, 2610.6055970502534]], '대탕', 0.019615669283907997)]
[([[1508, 613], [1643, 613], [1643, 689], [1508, 689]], '으응~', 0.15530651739562257), ([[1677, 730], [1715, 730], [1715, 788], [1677, 788]], '(', 0.20033939007790824), ([[522, 1390], [711, 1390], [711, 1505], [522, 1505]], '부들~', 0.8113686049351194), ([[814, 2211], [922, 2211], [922, 2337], [814, 2337]], '급', 0.4660036576047446), ([[904, 2195], [1076, 2195], [1076, 2390], [904, 2390]], '짧', 0.008667845180809763), ([[1910, 2824], [2011, 2824], [2011, 2872], [1910, 2872]], '히7', 0.07836712483724796), ([[163.5237693170556, 203.17113908280047], [690.890176102708, 159.77730354110759], [689.4762306829443, 310.8288609171995], [163.10982389729202, 354.2226964588924]], '흔웃어아윗', 0.06283880052737745), ([[1707.8923717860264, 851.0438845039313], [1904.1919448354995, 888.3125069112439], [1877.1076282139736, 1004.9561154960687], [1680.8080551645005, 967.6874930887561]], '부들<', 0.5264247388211416), ([[667.7051348428977, 1014.1654304159944], [851.0017802027699, 977.3827355900822], [869.2948651571023, 1114.8345695840057], [685.9982197972301, 1151.6172644099179]], '움질', 0.8112401739956075)]
[([[685, 1902], [802, 1902], [802, 1976], [685, 1976]], "쇼 ;'", 0.13878737780718492), ([[1910, 2824], [2011, 2824], [2011, 2872], [1910, 2872]], '히7', 0.05404264555199469), ([[666.8171793746731, 1858.268717498692], [785.8333094212877, 1839.1428776388964], [793.1828206253269, 1915.731282501308], [674.1666905787123, 1934.8571223611036]], '파양', 0.005435035163960734)]
[([[145, 195], [676, 195], [676, 365], [145, 365]], '웃음-싫어오:', 0.10421479228242042), ([[139, 300], [747, 300], [747, 469], [139, 469]], '괜티다 짓없어히', 0.08415322181369758), ([[1506, 613], [1646, 613], [1646, 693], [1506, 693]], '으응~', 0.0452981365609556), ([[1675, 730], [1717, 730], [1717, 790], [1675, 790]], '(', 0.02150995549058643), ([[522, 1390], [711, 1390], [711, 1507], [522, 1507]], '부들~', 0.21353129360159134), ([[893, 1755], [1046, 1755], [1046, 1844], [893, 1844]], '문료)', 0.014870008131900413), ([[1910, 2824], [2011, 2824], [2011, 2872], [1910, 2872]], '히7', 0.07836712483724796), ([[1707.9010393159888, 851.043199313059], [1906.2345183700136, 889.4340911623453], [1878.0989606840112, 1005.956800686941], [1679.7654816299864, 967.5659088376547]], '부들<', 0.4398487664421685), ([[669.798906059605, 1013.152123629156], [851.0402648475174, 978.4193026074993], [868.201093940395, 1116.847876370844], [685.9597351524826, 1151.5806973925007]], '움질', 0.38660514036358323)]
[([[86, 169], [577, 169], [577, 294], [86, 294]], '토사-맛있퍼게', 0.015040036859263233), ([[91, 262], [656, 262], [656, 389], [91, 389]], '몸미두근거리곡', 0.16403007489740343), ([[86, 361], [822, 361], [822, 484], [86, 484]], '기분이터문이상해요 ', 0.21409992272004555), ([[90, 461], [465, 461], [465, 578], [90, 578]], '하아하아', 0.9998994469642639), ([[1666, 1806], [1708, 1806], [1708, 1854], [1666, 1854]], '2', 0.9723580977329362), ([[1910, 2824], [2011, 2824], [2011, 2872], [1910, 2872]], '꼴7', 0.02870712925370119), ([[1504.0242857596863, 662.0477147488002], [1632.7415270370386, 704.7410951798171], [1603.9757142403137, 783.9522852511998], [1475.2584729629614, 741.2589048201829]], '하황', 0.058495944033510716), ([[1043.2270311712882, 692.1989371536683], [1195.9956655089868, 680.1191928563285], [1197.7729688287118, 751.8010628463317], [1045.0043344910132, 763.8808071436715]], "@양'", 0.050669540207959454), ([[1708.9462716354556, 843.0370572234685], [1912.3426072824088, 892.6080054254825], [1878.0537283645444, 1014.9629427765315], [1674.6573927175912, 965.3919945745175]], '분들', 0.8350848747848743), ([[648.736731934208, 1023.3363132841984], [846.2082858360052, 962.679655025511], [877.263268065792, 1102.6636867158018], [680.7917141639948, 1162.320344974489]], '움질', 0.0474651122605382), ([[1672.1317568578756, 1746.0540548630042], [1762.902901394663, 1782.8381255078289], [1738.8682431421244, 1839.9459451369958], [1648.097098605337, 1802.1618744921711]], '찌', 0.3879609089216416), ([[714.5746437496367, 2053.298574998547], [865.7175198626682, 2024.6407636331614], [875.4253562503633, 2112.701425001453], [725.2824801373318, 2140.3592363668386]], '두금?', 0.10792070339229128)]
[([[111, 307], [208, 307], [208, 406], [111, 406]], '제', 0.7963288718385684), ([[96, 391], [622, 391], [622, 567], [96, 567]], '넣어주세요피0', 0.13931097262297606), ([[1000, 1745], [1184, 1745], [1184, 1865], [1000, 1865]], '댐네', 0.0012845799863685544), ([[1668, 1808], [1708, 1808], [1708, 1854], [1668, 1854]], '2', 0.9700472607005963), ([[1910, 2824], [2011, 2824], [2011, 2872], [1910, 2872]], '꼴7', 0.06766731638881177), ([[146.08197461452582, 76.02635829274911], [619.91790139665, 153.38123036644237], [589.9180253854742, 281.97364170725086], [116.08209860335, 204.61876963355763]], '하아 (하이이', 0.020686642753504986), ([[135.91588609132293, 183.03922806025662], [453.5975793482535, 226.54881510616372], [429.08411390867707, 350.9607719397434], [111.40242065174652, 307.4511848938363]], '아전)의', 0.1042143851518631), ([[444.0019474215171, 213.0311587442738], [862.8243773478373, 275.63587615526285], [834.9980525784829, 404.9688412557262], [416.1756226521627, 342.36412384473715]], '터대한자지', 0.29543803502436505), ([[215.93439792036025, 296.0406127567193], [465.4448471745507, 336.09665727190463], [440.06560207963975, 454.9593872432807], [190.55515282544926, 415.90334272809537]], '(보지에', 0.39872447223775626), ([[1529.0542968817192, 638.0560938064405], [1653.8670574430978, 674.5476201643512], [1632.9457031182808, 737.9439061935595], [1508.1329425569022, 701.4523798356488]], '히약 <', 0.08216733181876469), ([[1707.9236451676886, 844.0386678308728], [1911.2775688700633, 890.4009754120469], [1878.0763548323114, 1012.9613321691272], [1674.7224311299367, 966.5990245879531]], '분들?', 0.5107659101486206), ([[649.4621700440974, 1022.3721992072578], [845.6834697156461, 960.7764046176967], [877.5378299559026, 1102.6278007927422], [681.3165302843539, 1164.2235953823033]], '움질', 0.11000081677032576), ([[797.1630303860264, 1644.0269709834101], [960.9820317813226, 1729.3167351694042], [908.8369696139736, 1824.9730290165899], [745.0179682186774, 1740.6832648305958]], '(비', 0.08689012937970865), ([[1672.1423139959816, 1745.05274336745], [1763.9065611749784, 1782.8600821361686], [1738.8576860040184, 1839.94725663255], [1647.0934388250216, 1802.1399178638314]], '게', 0.3798962804640418)]
[([[1910, 2824], [2011, 2824], [2011, 2872], [1910, 2872]], '꼴7', 0.10363667267137483), ([[147.09194790982082, 42.021711315254976], [588.8678368382693, 136.7628739319278], [546.9080520901792, 288.97828868474505], [104.1321631617307, 194.2371260680722]], '하용영양-', 0.09848728397492403), ([[128.07242211840284, 179.02532476677177], [603.8867002366, 258.04057275735653], [570.9275778815971, 395.97467523322825], [96.1132997634, 316.95942724264347]], '죄송해왜교', 0.059488655005657996), ([[117.85749287355002, 299.0343817009302], [430.1444981856013, 347.36287435010445], [397.14250712644997, 502.9656182990698], [84.85550181439868, 454.63712564989555]], '자궁이', 0.6637826962882855), ([[420.0416255536154, 336.02418596158475], [828.7536415033624, 417.9502573283367], [788.9583744463846, 571.9758140384153], [379.24635849663764, 491.0497426716633]], '권립순가', 0.3472568094730377), ([[120.07242211840283, 426.02532476677175], [598.8536386711909, 500.7740477226729], [566.9275778815971, 642.9746752332283], [88.14636132880908, 568.2259522773271]], '없없어요유', 0.5119711565835114), ([[104.00703916891193, 552.027408957306], [553.8077906978567, 625.3765308346908], [519.9929608310881, 768.972591042694], [70.1922093021433, 696.6234691653092]], '아아아양]', 0.30811073357233676), ([[1536.9531521548195, 632.0549454707859], [1697.6653137172857, 665.4345154947946], [1677.0468478451805, 746.9450545292141], [1516.3346862827143, 713.5654845052054]], '아양?', 0.12795505084264955), ([[1053.3313292672196, 716.1560451162637], [1180.1842948414765, 704.5791229832495], [1183.6686707327804, 786.8439548837363], [1055.8157051585235, 798.4208770167505]], '@%', 0.3044536789727692), ([[1711.9881603519013, 847.0366128562395], [1908.4311170219978, 896.0496714641183], [1875.0118396480987, 1012.9633871437605], [1677.5688829780022, 963.9503285358817]], '분들어', 0.25646386375173935), ([[653.3755930353486, 1015.2037954262313], [849.9709780358596, 964.0139443657173], [876.6244069646514, 1112.7962045737688], [681.0290219641404, 1163.9860556342828]], '움출', 0.004548255903681469), ([[1671.120938695087, 1746.0554156911876], [1762.9137848368875, 1782.9047469565326], [1739.879061304913, 1838.9445843088124], [1648.0862151631125, 1801.0952530434674]], '찌', 0.18734057565915752), ([[1655.5086250343202, 1820.2276001098248], [1689.6052718765552, 1795.0367706122474], [1734.4913749656798, 1861.7723998901752], [1700.3947281234448, 1886.9632293877526]], '9', 0.12824288643419468), ([[1239.98266559634, 1691.0073930281837], [1830.7036080730345, 1991.217383378902], [1555.01733440366, 2518.9926069718163], [964.2963919269656, 2218.782616621098]], '품', 0.8661514622652966), ([[-62.664935025504064, 2384.4083118775807], [625.9431237053184, 2031.1048656683192], [834.6649350255041, 2563.5916881224193], [146.05687629468162, 2915.8951343316808]], '곡', 0.05327666178704149)]
[([[42, 334], [864, 334], [864, 587], [42, 587]], '찢어지논체같아요여', 0.08894345708608827), ([[1052, 690], [1210, 690], [1210, 783], [1052, 783]], '하원', 0.016256947555096685), ([[1910, 2824], [2011, 2824], [2011, 2872], [1910, 2872]], '꼴7', 0.05338196634460805), ([[163.1504934998755, 13.017189446924746], [632.8778450063195, 128.73823345764873], [580.8495065001246, 301.98281055307524], [111.1221549936805, 185.26176654235127]], '@약되하아째', 0.0038861817551322435), ([[115.091846781627, 172.02062919579402], [610.8161187659518, 265.2941845861753], [567.908153218373, 431.979370804206], [73.18388123404816, 338.7058154138247]], '처녀막이베', 0.1257200024994361), ([[1544.05190907372, 628.0450452740605], [1695.7661868141797, 670.8502104497088], [1668.94809092628, 752.9549547259395], [1517.2338131858203, 710.1497895502912]], '하입', 0.34379992982765806), ([[1709.9954021565095, 845.0360899754813], [1909.3452289277905, 891.768585949725], [1876.0045978434905, 1011.9639100245187], [1677.6547710722095, 965.231414050275]], '분들?', 0.4824966490268707), ([[1208.0503317005275, 1178.0085088894361], [1631.8262420643807, 1482.7118594524595], [1370.9496682994725, 1841.9914911105639], [947.1737579356194, 1538.2881405475405]], '푹:', 0.030110676130589768), ([[24.525032174372598, 1435.0557142710718], [653.6879041766289, 1298.9422681773763], [713.4749678256275, 1766.9442857289282], [85.31209582337117, 1903.0577318226237]], '교셋', 0.003698795392852943), ([[1672.1317568578756, 1746.0540548630042], [1763.9529713813217, 1786.1899450817878], [1738.8682431421244, 1839.9459451369958], [1647.0470286186783, 1799.8100549182122]], '제', 0.14538469182954206), ([[1656.4188611699158, 1822.2565835097475], [1690.620173672946, 1797.0386106164317], [1734.5811388300842, 1861.7434164902525], [1700.379826327054, 1886.9613893835683]], '9', 0.2614011437175101), ([[278.3886695777174, 2310.2919662282065], [1454.7460581688754, 1948.7372541218272], [1578.6113304222827, 2572.7080337717935], [402.2539418311247, 2934.2627458781726]], '곡셈', 0.010209387513869501)]
[([[1492, 1586], [1549, 1586], [1549, 1671], [1492, 1671]], '5', 0.3353094690794478), ([[1666, 1806], [1710, 1806], [1710, 1854], [1666, 1854]], '2', 0.9724621324053864), ([[1910, 2824], [2011, 2824], [2011, 2875], [1910, 2875]], '히레7', 0.02313951951511487), ([[44.97434293848426, 258.1639550340552], [821.7637803931408, 168.03516439457428], [827.0256570615157, 405.8360449659448], [51.236219606859166, 495.9648356054257]], '하아아야양-', 0.016619753216599812), ([[986.1565258377079, 748.3417559346025], [1243.4245403337827, 709.0561831430186], [1251.843474162292, 812.6582440653975], [994.5754596662173, 850.9438168569814]], '가버]', 0.015123812765046003), ([[1708.9954021565095, 845.0360899754813], [1909.3569662814275, 891.8057835348175], [1876.0045978434905, 1011.9639100245187], [1675.6430337185725, 965.1942164651825]], '분들?', 0.555102610676115), ([[70.5479863103929, 1460.055698828644], [676.7205309956279, 1329.4070384613738], [735.4520136896072, 1787.944301171356], [130.27946900437215, 1918.5929615386262]], '및:}', 0.0029784527140972214), ([[481.31778113276215, 1738.0605464359694], [1580.001073698948, 1337.06987167274], [1814.682218867238, 2265.9394535640304], [716.998926301052, 2665.93012832726]], '표로록', 0.012052060176240057), ([[1671.246518881503, 1747.047499163875], [1763.9667176014725, 1786.368904869075], [1740.753481118497, 1837.952500836125], [1648.0332823985275, 1798.631095130925]], '제', 0.11283958749322665)]
[([[81, 232], [431, 232], [431, 356], [81, 356]], '유웃아응', 0.13624407351016998), ([[89, 325], [891, 325], [891, 448], [89, 448]], '보지에감각이없어요규', 0.19471159538356153), ([[695, 1807], [746, 1807], [746, 1862], [695, 1862]], '4', 0.9602405777338028), ([[1666, 1806], [1708, 1806], [1708, 1854], [1666, 1854]], '2', 0.9785428108967267), ([[1910, 2824], [2011, 2824], [2011, 2872], [1910, 2872]], '꼴7', 0.02318836146491149), ([[1544.102732951038, 620.0403357565203], [1700.9053739080973, 672.6275686753842], [1671.897267048962, 750.9596642434797], [1515.0946260919027, 698.3724313246158]], '아입', 0.08968227199259977), ([[1053.268269853511, 718.1681762529056], [1180.2237881080255, 706.631863883027], [1182.731730146489, 786.8318237470944], [1056.7762118919745, 798.368136116973]], '@아', 0.10444811038006069), ([[1708.9462716354556, 843.0370572234685], [1912.3426072824088, 892.6080054254825], [1877.0537283645444, 1014.9629427765315], [1674.6573927175912, 965.3919945745175]], '분들?', 0.8888399844155677), ([[1672.120938695087, 1746.0554156911876], [1762.902901394663, 1782.8381255078289], [1738.879061304913, 1838.9445843088124], [1648.097098605337, 1802.1618744921711]], '찌', 0.5062212930070586), ([[728.9286568319889, 1764.0720605567174], [810.1045646588216, 1783.3223430001394], [791.0713431680111, 1853.9279394432826], [710.8954353411784, 1834.6776569998606]], '%', 0.8761741996132777), ([[997.2640269676124, 1776.0453091015906], [1038.4060100185545, 1804.3971062873627], [987.7359730323876, 1876.9546908984094], [946.5939899814454, 1848.6028937126373]], '울', 0.35956935894265385), ([[650.6331211032243, 2347.156178537416], [1165.5436938304583, 2159.852287865103], [1225.3668788967757, 2371.843821462584], [710.4563061695417, 2559.147712134897]], '3화@록어', 0.0012953599288045583)]
[([[1910, 2824], [2011, 2824], [2011, 2872], [1910, 2872]], '히7', 0.02976070148093541)]
[([[1910, 2824], [2011, 2824], [2011, 2872], [1910, 2872]], '히7', 0.02976070148093541)]
[([[1910, 2824], [2011, 2824], [2011, 2872], [1910, 2872]], '히7', 0.02976070148093541)]
