2736052
64
[([[2782, 1871], [2871, 1871], [2871, 1913], [2782, 1913]], '히7', 0.07174632293224444)]
[([[2780, 1869], [2871, 1869], [2871, 1913], [2780, 1913]], '꼴87', 0.011438791131339134)]
[([[2782, 1871], [2871, 1871], [2871, 1913], [2782, 1913]], '히7', 0.08065334342534654)]
[([[2780, 1869], [2871, 1869], [2871, 1913], [2780, 1913]], '꼴87', 0.011438791131339134)]
[([[2780, 1869], [2871, 1869], [2871, 1913], [2780, 1913]], '꼴87', 0.011438791131339134)]
[([[2780, 1869], [2871, 1869], [2871, 1913], [2780, 1913]], '꼴87', 0.014776261362678048)]
[([[2780, 1869], [2871, 1869], [2871, 1913], [2780, 1913]], '꼴87', 0.011438791131339134)]
[([[2779, 1868], [2872, 1868], [2872, 1916], [2779, 1916]], '히7', 0.07996174924894596)]
[([[2782, 1871], [2871, 1871], [2871, 1913], [2782, 1913]], '히7', 0.04889654607687388)]
[([[2780, 1869], [2871, 1869], [2871, 1913], [2780, 1913]], '꼴87', 0.01212946188103517)]
[([[2780, 1869], [2871, 1869], [2871, 1913], [2780, 1913]], '꼴87', 0.017181850129231048)]
[([[2782, 1871], [2871, 1871], [2871, 1913], [2782, 1913]], '히7', 0.08065334342534654)]
[([[2780, 1869], [2871, 1869], [2871, 1913], [2780, 1913]], '꼴87', 0.0160085466886142)]
[([[2780, 1869], [2871, 1869], [2871, 1913], [2780, 1913]], '꼴87', 0.018083185043781744)]
[([[2780, 1869], [2871, 1869], [2871, 1913], [2780, 1913]], '꼴87', 0.010619968792731468)]
[([[2780, 1869], [2871, 1869], [2871, 1913], [2780, 1913]], '꼴87', 0.01212946188103517)]
[([[2780, 1869], [2871, 1869], [2871, 1913], [2780, 1913]], '꼴87', 0.011438791131339134)]
[([[2780, 1869], [2871, 1869], [2871, 1913], [2780, 1913]], '꼴87', 0.011438791131339134)]
[([[2782, 1871], [2871, 1871], [2871, 1913], [2782, 1913]], '히87', 0.011286747303050794)]
[([[2780, 1869], [2873, 1869], [2873, 1917], [2780, 1917]], '꼴87', 0.016252712468551277)]
[([[2779, 1868], [2872, 1868], [2872, 1916], [2779, 1916]], '히7', 0.08259476150751395)]
[([[2782, 1871], [2871, 1871], [2871, 1913], [2782, 1913]], '히7', 0.06230048467878745)]
[([[2782, 1871], [2871, 1871], [2871, 1913], [2782, 1913]], '히87', 0.014085944051282044)]
[([[2780, 1869], [2871, 1869], [2871, 1913], [2780, 1913]], '꼴87', 0.011438791131339134)]
[([[2780, 1869], [2873, 1869], [2873, 1917], [2780, 1917]], '히87', 0.021982137823744897)]
[([[2780, 1869], [2871, 1869], [2871, 1913], [2780, 1913]], '꼴87', 0.011438791131339134)]
[([[74, 119], [438, 119], [438, 231], [74, 231]], '시 싫어 .', 0.4681054426002053), ([[2406, 163], [2448, 163], [2448, 234], [2406, 234]], '?', 0.9706597699747022), ([[64, 217], [680, 217], [680, 340], [64, 340]], '뭐하려는 거야 ?', 0.36142362064191125), ([[1757, 355], [1906, 355], [1906, 443], [1757, 443]], '두근?', 0.25379243062003565), ([[1378, 451], [1508, 451], [1508, 493], [1378, 493]], '.', 0.04611215753561737), ([[260, 674], [344, 674], [344, 763], [260, 763]], '질', 0.09845233987932378), ([[1099, 744], [1496, 744], [1496, 1039], [1099, 1039]], '원?', 0.13255739835465183), ([[839, 1214], [979, 1214], [979, 1305], [839, 1305]], '흉질', 0.0968708830678812), ([[133, 1442], [195, 1442], [195, 1498], [133, 1498]], '스', 0.03798384002278965), ([[2782, 1871], [2871, 1871], [2871, 1913], [2782, 1913]], '히불7', 0.013370815585076797), ([[546.295216003452, 590.9885648010356], [694.1896904270374, 534.3024353893196], [715.704783996548, 592.0114351989644], [567.8103095729626, 648.6975646106804]], '고', 0.08492921943457077), ([[2455.549963023586, 775.2148779778327], [2487.5709533631225, 748.0327057408344], [2543.450036976414, 817.7851220221673], [2512.4290466368775, 844.9672942591656]], '양', 0.2562088278157262)]
[([[109, 104], [433, 104], [433, 263], [109, 263]], '으으응', 0.9927926399915361), ([[1380, 451], [1506, 451], [1506, 491], [1380, 491]], '.', 0.10087993341179047), ([[668, 468], [805, 468], [805, 580], [668, 580]], '부들', 0.9993543713420767), ([[1411, 1112], [1565, 1112], [1565, 1204], [1411, 1204]], '쓰옥애', 0.041036682840864924), ([[793, 1326], [995, 1326], [995, 1447], [793, 1447]], '부물', 0.19355308611844024), ([[2780, 1869], [2873, 1869], [2873, 1917], [2780, 1917]], '꼴87', 0.021599539057757473), ([[122.95261086969435, 217.03229608904854], [526.6585074644255, 270.60970074216465], [498.04738913030565, 412.96770391095146], [95.34149253557447, 358.39029925783535]], '하지마유', 0.17744502934808493), ([[2171.2584475620843, 277.0250239188497], [2291.831236079224, 374.0805404416565], [2232.7415524379157, 446.9749760811503], [2112.168763920776, 349.9194595583435]], '하애', 0.03648060324346008), ([[1754.2720052199188, 358.15042975353686], [1904.3495820461683, 347.49686637866176], [1905.7279947800812, 434.84957024646314], [1755.6504179538317, 445.50313362133824]], '두금)', 0.5041588024628371), ([[547.0, 591.0], [693.2822386551445, 536.4067489955265], [714.0, 591.0], [567.7177613448555, 645.5932510044735]], '새', 0.062116482921369176), ([[2353.5689164944, 829.1290407192007], [2406.653545915562, 795.0267398301415], [2466.4310835056, 899.8709592807993], [2413.346454084438, 932.9732601698585]], '해', 0.008058917170257696)]
[([[190, 146], [768, 146], [768, 338], [190, 338]], '구그만해', 0.9941907525062561), ([[170, 277], [827, 277], [827, 450], [170, 450]], '보지 이상해;!', 0.5884118193003787), ([[1757, 355], [1906, 355], [1906, 443], [1757, 443]], '두근?', 0.27667011072097963), ([[668, 470], [855, 470], [855, 580], [668, 580]], '부들~', 0.937431310882527), ([[2364, 809], [2450, 809], [2450, 907], [2364, 907]], '팬', 0.019516729914102804), ([[793, 1326], [995, 1326], [995, 1447], [793, 1447]], '부물', 0.17033868705976005), ([[2782, 1871], [2871, 1871], [2871, 1913], [2782, 1913]], '히불7', 0.011175651812880176), ([[242.017858713603, 0.026814458934822483], [693.8151104231912, 74.42670627220572], [659.982141286397, 218.97318554106516], [208.18488957680884, 144.5732937277943]], '아 아양..=', 0.1414452098240089), ([[2170.2778768685826, 273.02372840245505], [2292.7863874326, 373.84272251348], [2232.7221231314174, 446.97627159754495], [2111.2136125674, 346.15727748652]], '하웃', 0.0013435254025701828), ([[1116.319499510739, 1343.070490704042], [2389.131629512265, 840.5285476552117], [2492.680500489261, 1254.929509295958], [1219.8683704877349, 1757.4714523447883]], '웨이베하임', 0.08721957473194157)]
[([[1396, 82], [1683, 82], [1683, 229], [1396, 229]], '| 올', 0.14563628067138118), ([[1757, 355], [1903, 355], [1903, 443], [1757, 443]], '두근?', 0.31010326229961477), ([[1965, 325], [2111, 325], [2111, 446], [1965, 446]], '유유', 0.09432440573357624), ([[796, 1329], [992, 1329], [992, 1446], [796, 1446]], '부들', 0.44881354811395524), ([[260, 1799], [302, 1799], [302, 1839], [260, 1839]], '1', 0.1645671471452781), ([[2782, 1871], [2871, 1871], [2871, 1913], [2782, 1913]], '히7', 0.08478959463699942), ([[274.01175615039244, 7.025718087534571], [566.4218564911383, 79.34863424144015], [519.9882438496076, 236.97428191246541], [228.57814350886161, 164.65136575855985]], '안돼: .', 0.27910417397802073), ([[543.0605564022143, 74.02323932472723], [878.7296487820847, 161.80621595912427], [831.9394435977857, 313.97676067527277], [495.2703512179153, 227.19378404087573]], '싫어 !', 0.8508059978485107), ([[241.13725444254564, 153.0195977360043], [739.9280063798934, 258.34755499858073], [696.8627455574543, 410.9804022639957], [198.0719936201066, 305.65244500141927]], '쌀거같아]!', 0.5802860658255837), ([[213.03957086122128, 296.02307391340236], [751.8170530510343, 381.3010356852136], [714.9604291387787, 543.9769260865976], [176.18294694896565, 459.6989643147864]], '아아아아양', 0.9390642419644191), ([[2226.3201299854354, 342.02571580774844], [2329.7945872753053, 430.0881332010206], [2277.6798700145646, 491.97428419225156], [2174.2054127246947, 403.9118667989794]], '이양?', 0.4374136914261118), ([[112.95812105249725, 626.0388221034631], [299.329118242879, 671.7181070929612], [266.04187894750277, 787.9611778965369], [79.67088175712098, 742.2818929070388]], '부들어', 0.3341495638858575), ([[941.614012774441, 1410.1751596805132], [1862.9205803320724, 1184.6077947209237], [1928.385987225559, 1644.8248403194868], [1007.0794196679276, 1870.3922052790763]], '유리로릇', 0.014511026442050934)]
[([[1398, 87], [1681, 87], [1681, 226], [1398, 226]], '|올관', 0.030273463657978377), ([[609, 407], [1123, 407], [1123, 613], [609, 613]], "'마세요0", 0.8138087937243654), ([[93, 640], [284, 640], [284, 763], [93, 763]], '부들~', 0.10813526055286105), ([[2782, 1871], [2871, 1871], [2871, 1915], [2782, 1915]], '히7', 0.029319643700284677), ([[442.0015396467946, -25.972286357697424], [751.6061487487864, 44.255200107401], [710.9984603532054, 189.9722863576974], [401.3938512512137, 118.74479989259899]], '하옥!', 0.3910363273474958), ([[394.0318714849337, 107.02468110470036], [923.8565702090541, 189.6698154684629], [888.9681285150663, 340.97531889529967], [360.14342979094596, 259.3301845315371]], '아아아양!0', 0.5657190315195997), ([[358.9240828899774, 234.03218426262222], [675.4229515835874, 289.47885433590454], [641.0759171100226, 436.9678157373778], [324.5770484164126, 380.52114566409546]], '아파]', 0.07787293317374633), ([[1751.96045745888, 363.21019580262396], [1899.930954815256, 342.9090267018835], [1907.03954254112, 430.78980419737604], [1759.069045184744, 451.0909732981165]], '두금', 0.45421749824761004), ([[2224.261283144847, 339.0273224554329], [2330.794973784402, 428.9854309237755], [2276.738716855153, 493.9726775445671], [2170.205026215598, 404.0145690762245]], "'이양!", 0.2297658622264862), ([[313.911088912766, 361.03296706063855], [638.4336164462494, 415.5201542878059], [605.088911087234, 561.9670329393614], [280.56638355375065, 507.4798457121941]], '때리지', 0.9999162398177258), ([[123.14006571980283, 903.4241051516846], [875.6245076143192, 512.2776944460579], [1088.8599342801972, 992.5758948483154], [336.3754923856808, 1383.722305553942]], "친문'", 0.015377670540477631), ([[2354.6848081015573, 823.1088486093429], [2407.6699077422622, 794.0280978670799], [2460.3151918984427, 898.8911513906571], [2407.3300922577378, 928.9719021329201]], '땅', 0.013894296614586077), ([[1426.5896067000429, 1250.9329774201112], [1961.142611332291, 1046.1508190080376], [2029.4103932999571, 1279.0670225798888], [1493.857388667709, 1484.8491809919624]], '"므로탕 <', 0.004665387902547973), ([[2022.7455382933808, 1119.011744866532], [2759.8003964092995, 1222.8828179612653], [2655.254461706619, 1786.988255133468], [1917.1996035907005, 1683.1171820387347]], '철색', 0.022418043047765224)]
[([[1398, 87], [1681, 87], [1681, 226], [1398, 226]], '|올관', 0.03896832079585109), ([[1965, 323], [2109, 323], [2109, 446], [1965, 446]], '북유', 0.0185662207060623), ([[611, 408], [1123, 408], [1123, 613], [611, 613]], '\'마세요"0', 0.7848899709732565), ([[93, 640], [284, 640], [284, 763], [93, 763]], '부들~', 0.07127911274852493), ([[2782, 1871], [2871, 1871], [2871, 1915], [2782, 1915]], '히7', 0.0371188758755798), ([[442.00703916891194, -25.972591042694006], [751.5947013442269, 44.20177875743673], [710.9929608310881, 190.972591042694], [401.4052986557731, 119.79822124256327]], '하옥,!', 0.030452018603682518), ([[395.0781344644831, 109.0236220574214], [922.8641191454196, 189.79245675959643], [888.9218655355169, 339.9763779425786], [361.13588085458036, 259.2075432404036]], '아아아양!0', 0.7152398376000705), ([[357.8977778369124, 234.03377874167197], [675.3504056174053, 285.20798321043094], [643.1022221630876, 432.96622125832806], [325.6495943825947, 381.79201678956906]], '아파]!', 0.12902818620204926), ([[1752.00039988004, 362.20195941219595], [1898.876390207143, 341.8386302411865], [1905.99960011996, 430.79804058780405], [1759.123609792857, 451.1613697588135]], '두근어', 0.14723123109098107), ([[2224.261283144847, 339.0273224554329], [2330.794973784402, 428.9854309237755], [2276.738716855153, 493.9726775445671], [2170.205026215598, 404.0145690762245]], "'이양!", 0.30740368366241455), ([[313.911088912766, 361.03296706063855], [638.4336164462494, 415.5201542878059], [605.088911087234, 561.9670329393614], [280.56638355375065, 507.4798457121941]], '때리지', 0.9999136933026677), ([[187.36408756926156, 822.0560578776465], [994.5418406503647, 655.9293362284741], [1054.6359124307385, 1180.9439421223535], [247.45815934963525, 1346.070663771526]], '챙', 0.31538542129788993), ([[1427.2462444870534, 1251.6894845637498], [1962.1177997880914, 1045.1244237288552], [2029.7537555129466, 1278.3105154362502], [1494.8822002119086, 1484.8755762711448]], '"므로등 소', 0.003617923818246735), ([[2021.7478822619255, 1118.0117010130127], [2758.7817300366387, 1222.8486669965346], [2653.2521177380745, 1786.9882989869873], [1917.2182699633613, 1683.1513330034654]], '책색', 0.12864614902988483), ([[193.0315370638607, 1367.1131355365753], [1009.9155972898161, 1244.7455911418965], [1028.9684629361393, 1575.8868644634247], [211.08440271018387, 1698.2544088581035]], '초]무림', 0.02071688137948513)]
[([[663, 154], [925, 154], [925, 306], [663, 306]], '아앗]', 0.14168515200650073), ([[653, 262], [1119, 262], [1119, 424], [653, 424]], '뭐 뭐야?3', 0.2355065578976069), ([[1754, 355], [1903, 355], [1903, 443], [1754, 443]], '두근?', 0.44815412163734436), ([[655, 383], [1421, 383], [1421, 543], [655, 543]], '이 이상한 녀석은', 0.5578341141432742), ([[798, 1329], [994, 1329], [994, 1444], [798, 1444]], '부들)', 0.13565092774408027), ([[1270, 1281], [1474, 1281], [1474, 1409], [1270, 1409]], "품품'", 0.010132332858693593), ([[647, 1551], [689, 1551], [689, 1611], [647, 1611]], '1"', 0.11308231053557123), ([[258, 1797], [304, 1797], [304, 1841], [258, 1841]], '1', 0.016167577008761924), ([[2782, 1871], [2871, 1871], [2871, 1913], [2782, 1913]], '히7', 0.08876009348558339), ([[692.0436292355355, 31.028608233441975], [1181.8872635391288, 99.10398912495994], [1153.9563707644645, 229.971391766558], [664.1127364608712, 160.89601087504005]], '하아 하아.디', 0.257962926079797), ([[2172.2825764854615, 274.02342022755784], [2293.788957124921, 375.85561100622687], [2232.7174235145385, 448.97657977244216], [2111.211042875079, 348.14438899377313]], '하룻', 0.027033703351995567), ([[396.91588609132293, 592.0392280602566], [592.2015911722957, 637.1714590014194], [559.0841139086771, 759.9607719397434], [363.7984088277043, 714.8285409985806]], '부들어', 0.2942231076264023), ([[2354.5689164944, 826.1290407192007], [2405.6699077422622, 794.0280978670799], [2464.4310835056, 896.8709592807993], [2413.3300922577378, 928.9719021329201]], '뜻', 0.01640695117779445)]
[([[2780, 1869], [2871, 1869], [2871, 1913], [2780, 1913]], '꼴87', 0.014598265582662159)]
[([[1757, 355], [1903, 355], [1903, 443], [1757, 443]], '두근?', 0.2713794712815663), ([[109, 348], [433, 348], [433, 544], [109, 544]], '같아]', 0.5901755192165761), ([[1014, 782], [1348, 782], [1348, 1062], [1014, 1062]], "['", 0.022798863780762298), ([[796, 1327], [940, 1327], [940, 1442], [796, 1442]], '부물', 0.2287146104641992), ([[1270, 1281], [1477, 1281], [1477, 1409], [1270, 1409]], '충품)', 0.050229271206176256), ([[644, 1548], [692, 1548], [692, 1612], [644, 1612]], '"', 0.5208862619826232), ([[258, 1797], [304, 1797], [304, 1841], [258, 1841]], '1', 0.04871275693499322), ([[2782, 1871], [2871, 1871], [2871, 1913], [2782, 1913]], '히7', 0.09652721635302063), ([[197.81162720031568, 31.03533696530366], [421.74303314353403, 67.77044015852042], [387.1883727996843, 238.96466303469634], [163.25696685646597, 202.22955984147958]], '으옷-', 0.7235064190717814), ([[403.9543117959851, 62.027355303315886], [883.672743037374, 130.3967818015757], [849.0456882040148, 292.97264469668414], [369.32725696262605, 224.6032181984243]], '@아아양', 0.4072163999080658), ([[167.1159092904688, 184.0195499645949], [1020.9516540332219, 285.61021536250286], [986.8840907095312, 449.9804500354051], [134.04834596677816, 347.38978463749714]], '흘리토리스 뽑헬거', 0.4489652053692161), ([[1988.0536126860477, 308.0344937988527], [2133.7324931053276, 369.37633475405374], [2088.9463873139525, 470.9655062011473], [1943.2675068946724, 408.62366524594626]], '(보류', 0.019460870147420317), ([[2132.336336351604, 356.03153169184236], [2284.993554023609, 418.6996633241395], [2260.663663648396, 474.96846830815764], [2108.006445976391, 412.3003366758605]], '항어규', 0.053960923153156246), ([[402.0367707173847, 591.0331754020782], [590.6618039646653, 651.9413871720899], [550.9632292826153, 763.9668245979218], [362.33819603533476, 703.0586128279101]], '부들어', 0.5072300562932748), ([[1502.0201309365984, 898.0160066599095], [1898.1640922904735, 1022.9675238448503], [1812.9798690634016, 1263.9839933400904], [1416.8359077095265, 1139.0324761551497]], '죄', 0.011866009300143254)]
[([[1404, 99], [1541, 99], [1541, 209], [1404, 209]], "'소", 0.09152800730696647), ([[1228, 191], [1370, 191], [1370, 279], [1228, 279]], '음질:', 0.12748993563631816), ([[2481, 768], [2527, 768], [2527, 810], [2481, 810]], '10', 0.9746722591279217), ([[2477, 817], [2501, 817], [2501, 843], [2477, 843]], '0', 0.9893467765469701), ([[2509, 810], [2533, 810], [2533, 836], [2509, 836]], '0', 0.9997910370329386), ([[1370, 1130], [1545, 1130], [1545, 1254], [1370, 1254]], '품바', 0.04438844764190151), ([[796, 1329], [996, 1329], [996, 1446], [796, 1446]], '부들', 0.48181028734380277), ([[2782, 1871], [2871, 1871], [2871, 1913], [2782, 1913]], '히87', 0.010177025532379674), ([[361.8616213225893, 36.038157706581025], [608.893473922457, 74.9669670416796], [580.1383786774106, 218.96184229341898], [332.10652607754304, 180.0330329583204]], '싫어]', 0.1758648049906929), ([[611.9140743953177, 75.03689361117031], [887.2394367547529, 116.1256213321195], [859.0859256046823, 253.9631063888297], [584.7605632452471, 212.8743786678805]], '모기가', 0.9999445268407203), ([[1269.930985278494, 189.44816761268697], [1349.956425006961, 175.94276249462118], [1356.069014721506, 220.55183238731303], [1276.043574993039, 233.05723750537882]], '', 0.0), ([[346.13639587176, 159.02332362755988], [971.9507397278935, 241.74544743713196], [943.86360412824, 375.9766763724401], [317.04926027210644, 293.254552562868]], '플리토리스에 !', 0.3938113015446216), ([[335.8838446723414, 287.03897881448245], [602.1731536412664, 325.92305125311236], [575.1161553276586, 461.96102118551755], [308.8268463587336, 424.07694874688764]], '아웃이', 0.47719408500135296), ([[2137.2483364234995, 322.02571178309216], [2261.9222939775846, 413.69482021651504], [2205.7516635765005, 489.97428821690784], [2081.0777060224154, 397.30517978348496]], '하황', 0.06630781115135696), ([[398.00254130016924, 592.0355782023697], [592.420489546999, 642.0137159761389], [557.9974586998308, 759.9644217976303], [363.579510453001, 709.9862840238611]], '부들', 0.9908077206001075)]
[([[193, 42], [704, 42], [704, 222], [193, 222]], '아아 . 싫어!', 0.4600343733258771), ([[1404, 99], [1536, 99], [1536, 209], [1404, 209]], '소', 0.2591992167055004), ([[189, 167], [1105, 167], [1105, 361], [189, 361]], '봉지에 피빨리고 있어 드', 0.12692293617845266), ([[1228, 193], [1370, 193], [1370, 279], [1228, 279]], '움철:', 0.3385674319588237), ([[175, 286], [644, 286], [644, 456], [175, 456]], '부끄러워규', 0.38952147873125653), ([[1228, 1278], [1255, 1278], [1255, 1307], [1228, 1307]], '0', 0.9972924464639163), ([[1591, 1233], [1671, 1233], [1671, 1320], [1591, 1320]], '0', 0.5289112930027865), ([[793, 1324], [995, 1324], [995, 1445], [793, 1445]], '분득)', 0.05221276939380345), ([[644, 1546], [694, 1546], [694, 1615], [644, 1615]], '1"', 0.09126356664845581), ([[2782, 1871], [2871, 1871], [2871, 1913], [2782, 1913]], '히87', 0.010177025532379674), ([[1270.930985278494, 189.44816761268697], [1349.956425006961, 175.94276249462118], [1356.069014721506, 220.55183238731303], [1276.043574993039, 233.05723750537882]], '체', 0.11108282719597984), ([[2136.253426146781, 321.02536435767956], [2262.924192783751, 413.7108095472592], [2206.746573853219, 489.97463564232044], [2080.075807216249, 397.2891904527408]], '하황', 0.07092653917925668), ([[396.98081366189746, 593.0371471679952], [591.3144769622332, 638.6727949872742], [559.0191863381026, 757.9628528320048], [364.6855230377667, 712.3272050127258]], '부들', 0.994469344626757), ([[1375.259067351982, 1139.1170984046657], [1537.3287455656173, 1128.105887317707], [1538.740932648018, 1238.8829015953343], [1376.6712544343827, 1250.894112682293]], '품', 0.30752959407641356), ([[1040.1896384819747, 1331.467156258071], [1615.7711949052714, 1224.7111810007355], [1635.8103615180253, 1431.532843741929], [1060.2288050947286, 1538.2888189992645]], '손`갖움-다', 0.010522460791927968)]
[([[249, 61], [803, 61], [803, 236], [249, 236]], '양양0하응', 0.3588361745722003), ([[1228, 191], [1372, 191], [1372, 277], [1228, 277]], '움및:', 0.017853252589702606), ([[243, 189], [780, 189], [780, 358], [243, 358]], '입안에도 !', 0.1866280718079595), ([[230, 325], [659, 325], [659, 482], [230, 482]], '으으으음-', 0.39058432172088836), ([[2203, 435], [2305, 435], [2305, 532], [2203, 532]], '@', 0.004100699536009389), ([[2521, 600], [2788, 600], [2788, 776], [2521, 776]], "'푸수", 0.07537947428260827), ([[2509, 810], [2535, 810], [2535, 836], [2509, 836]], '0', 0.9991722628421975), ([[795, 1324], [995, 1324], [995, 1445], [795, 1445]], '분물', 0.08388074667137833), ([[644, 1537], [697, 1537], [697, 1612], [644, 1612]], '1', 0.013585074473687675), ([[2779, 1868], [2870, 1868], [2870, 1916], [2779, 1916]], '히이7', 0.023070755890346264), ([[1271.1430466182294, 186.3576165455737], [1350.0645643131936, 177.08807332786128], [1352.8569533817706, 220.6423834544263], [1274.9354356868064, 230.91192667213872]], '체', 0.01605093007978642), ([[1765.0025413001692, 286.0355782023697], [1987.535173760643, 336.4224210324292], [1954.9974586998308, 453.9644217976303], [1733.464826239357, 403.5775789675708]], '두근분', 0.048762649562749734), ([[403.0737883501572, 592.0330369022005], [580.634973608633, 648.9410063894888], [542.9262116498428, 757.9669630977995], [365.365026391367, 701.0589936105112]], '부들어', 0.5722207014123013), ([[124.67006465980602, 906.2721034556896], [880.6397879767986, 517.4670567420254], [1090.329935340194, 993.7278965443104], [333.36021202320137, 1381.5329432579747]], "친요'", 0.01419915731106857), ([[2266.453871721716, 878.0748787336771], [2361.7104098179316, 817.0157790965407], [2469.546128278284, 1012.9251212663229], [2374.2895901820684, 1073.9842209034593]], '끊', 0.0032403155243466153), ([[976.8302125828915, 996.8943826492047], [1251.790882913001, 872.8847360911261], [1321.1697874171086, 1055.1056173507955], [1046.209117086999, 1180.1152639088739]], '표수8', 0.003300655696308675), ([[1433.9752942493303, 1107.0218854343268], [1731.8044513570062, 1188.5195589497719], [1670.0247057506697, 1388.9781145656732], [1372.1955486429938, 1306.4804410502281]], '품', 0.03428887065503283), ([[2027.7644818138485, 1135.0117434084304], [2827.6942129843187, 1248.0717103611512], [2725.2355181861517, 1790.9882565915696], [1924.3057870156813, 1677.9282896388488]], '잘색)', 0.039404912770631496)]
[([[85, 106], [586, 106], [586, 300], [85, 300]], '음발으응-', 0.11595094926912741), ([[1226, 191], [1370, 191], [1370, 277], [1226, 277]], '움질:', 0.03992492393649694), ([[85, 244], [930, 244], [930, 488], [85, 488]], '흐구으으으움드', 0.827314682568959), ([[2204, 438], [2297, 438], [2297, 529], [2204, 529]], '입', 0.002927483914184903), ([[745, 667], [1272, 667], [1272, 1063], [745, 1063]], '3', 0.011675944856194553), ([[2389, 674], [2872, 674], [2872, 1019], [2389, 1019]], '애위', 0.007678201943582934), ([[209, 1180], [1064, 1180], [1064, 1565], [209, 1565]], '남8몸', 0.015508661320180982), ([[2782, 1871], [2871, 1871], [2871, 1915], [2782, 1915]], '히7', 0.046380928315197016), ([[1271.076923076923, 187.3846153846154], [1351.0565399066488, 177.07690506726772], [1354.923076923077, 220.6153846153846], [1274.9434600933512, 231.92309493273228]], '체', 0.041447901405691434), ([[1991.0931237962775, 306.031670286767], [2134.837201881011, 374.949086090016], [2083.9068762037227, 474.968329713233], [1940.162798118989, 406.050913909984]], '(보옷)', 0.05705522000789642), ([[403.09939121718196, 591.0312335274201], [587.7197892117821, 652.3154213723877], [548.900608782818, 760.9687664725799], [363.2802107882179, 699.6845786276123]], '부들', 0.5193490016533853), ([[1461.0277336941913, 693.0121211370689], [1907.8220898214327, 860.4874019563802], [1781.9722663058087, 1171.987878862931], [1335.1779101785673, 1004.5125980436198]], '표', 0.18393402064099806), ([[961.6210945486249, 1269.0840004273612], [2432.4001604541327, 1036.8998347734744], [2465.378905451375, 1605.9159995726388], [994.5998395458674, 1838.1001652265256]], "'넘새로릇-", 0.01568618984394408)]
[([[1228, 191], [1370, 191], [1370, 279], [1228, 279]], '음질:', 0.15726705442511582), ([[204, 260], [766, 260], [766, 454], [204, 454]], '같아요 붙', 0.15235571360387412), ([[201, 396], [875, 396], [875, 582], [201, 582]], '아아아양훨0', 0.08653781372006225), ([[2478, 771], [2527, 771], [2527, 810], [2478, 810]], '10', 0.9323235979875009), ([[2509, 810], [2535, 810], [2535, 836], [2509, 836]], '0', 0.9993181199342338), ([[793, 1324], [995, 1324], [995, 1447], [793, 1447]], '분득)', 0.17163405321907127), ([[1268, 1329], [1361, 1329], [1361, 1489], [1268, 1489]], '공', 0.1579762155322948), ([[644, 1544], [694, 1544], [694, 1615], [644, 1615]], '1', 0.020922125876787767), ([[2782, 1871], [2871, 1871], [2871, 1913], [2782, 1913]], '히87', 0.017183975143966804), ([[241.1826621034643, -11.981433723785393], [969.9741555807933, 95.03577432235085], [936.8173378965357, 243.9814337237854], [207.02584441920672, 135.96422567764915]], '하아.. 아양. !', 0.4491853772893338), ([[240.03788873562107, 128.02895301130965], [660.8436976251602, 194.7690258713975], [631.9621112643789, 325.9710469886904], [210.1563023748398, 258.2309741286025]], '보 보지', 0.656863808631897), ([[1269.930985278494, 189.44816761268697], [1349.956425006961, 175.94276249462118], [1355.069014721506, 220.55183238731303], [1276.043574993039, 233.05723750537882]], '체', 0.5041912987081929), ([[676.9898831202684, 184.0300364205081], [1140.783284433076, 245.2941981524017], [1112.0101168797316, 385.9699635794919], [648.2167155669239, 324.7058018475983]], '찢어질거', 0.9468596577644348), ([[2067.334554335579, 357.0201465370569], [2269.9333097612457, 461.7905630795082], [2223.665445664421, 543.9798534629431], [2022.0666902387543, 439.2094369204918]], '&하음', 0.08156198830877444), ([[395.8582834861003, 595.0435136679135], [591.9854196342521, 632.5770821826369], [563.1417165138997, 755.9564863320865], [368.01458036574786, 719.4229178173631]], '부들', 0.9977682115697899), ([[2529.2320034619397, 616.082437042753], [2770.2173735965703, 598.6232016444691], [2770.7679965380603, 760.917562957247], [2529.7826264034297, 778.3767983555309]], '포수', 0.012878103148504601), ([[1120.3425356716739, 1013.1508177761801], [1372.7654618003103, 965.1868223150083], [1383.6574643283261, 1049.8491822238198], [1131.2345381996897, 1097.8131776849918]], '#영워움', 0.000732314994348896), ([[1373.4315172140298, 1344.0179719816706], [1444.958312033666, 1365.254741093963], [1398.5684827859702, 1519.9820280183294], [1327.041687966334, 1498.745258906037]], '통', 0.029597069625148187), ([[949.2641704918218, 1425.0794583608572], [1121.8720393402841, 1409.0246430019774], [1128.7358295081783, 1571.9205416391428], [956.127960659716, 1588.9753569980226]], '깜', 0.05455675221924339)]
[([[1228, 191], [1370, 191], [1370, 277], [1228, 277]], '음철:', 0.1408111538960401), ([[206, 262], [764, 262], [764, 450], [206, 450]], '같아요  붙', 0.053378177905102756), ([[201, 396], [875, 396], [875, 582], [201, 582]], '아아아양훨!0', 0.04715430439435174), ([[2478, 771], [2527, 771], [2527, 810], [2478, 810]], '10', 0.9317926449214246), ([[2497, 810], [2535, 810], [2535, 839], [2497, 839]], '10', 0.3723758101802833), ([[2781, 1868], [2872, 1868], [2872, 1916], [2781, 1916]], '히7', 0.0477171131508803), ([[241.1826621034643, -11.981433723785393], [969.9741555807933, 95.03577432235085], [936.8173378965357, 243.9814337237854], [207.02584441920672, 135.96422567764915]], '하아.. 아양 !', 0.7916620004227886), ([[240.03788873562107, 127.02895301130965], [661.854657733142, 195.84829645050218], [631.9621112643789, 324.9710469886904], [210.14534226685802, 257.1517035494978]], '보. 보지', 0.33624822977323154), ([[1270.0063694429277, 188.4146497187338], [1348.956425006961, 175.94276249462118], [1353.9936305570723, 220.5853502812662], [1275.043574993039, 233.05723750537882]], '', 0.0), ([[679.0075435337362, 182.0289944268888], [1139.80401558455, 247.4260807638545], [1109.9924564662638, 386.9710055731112], [649.19598441545, 322.5739192361455]], '찢어질거', 0.8453407287597656), ([[2067.342495099431, 356.01966816049134], [2268.8979547124627, 464.5051478049277], [2222.657504900569, 544.9803318395086], [2021.1020452875373, 436.4948521950723]], '&하음0', 0.03864675387740135), ([[401.01051235462023, 596.0377118455251], [576.4178084777403, 642.1531788954826], [543.9894876453798, 752.9622881544749], [367.5821915222597, 706.8468211045174]], '부들', 0.993833935478975), ([[2529.2320034619397, 616.082437042753], [2767.1383483316404, 598.5182575455674], [2767.7679965380603, 760.917562957247], [2529.8616516683596, 778.4817424544326]], '포수', 0.008001409527563745), ([[126.07177227963298, 903.422012875376], [888.96240994798, 514.6728187952883], [1094.928227720367, 991.577987124624], [333.03759005202, 1380.3271812047117]], "친요'", 0.007150229851256498), ([[1116.161300899001, 1020.0806504495005], [1402.5459335290623, 951.5341832212628], [1421.838699100999, 1034.9193495504996], [1135.4540664709377, 1104.4658167787372]], '좀앞육육-0', 0.019943193462823895), ([[1974.8097234259105, 913.0108990547094], [2708.682997774716, 1047.048152616103], [2586.1902765740897, 1588.9891009452906], [1852.317002225284, 1454.951847383897]], '잘색', 0.07716878416890026), ([[294.39034122224564, 1362.6297743556775], [1002.6108747041728, 1189.8401922463997], [1047.6096587777542, 1483.3702256443225], [339.38912529582717, 1657.1598077536003]], '초2놀림', 0.017292290925979614), ([[1381.4380115389097, 1355.0197638525165], [1440.220185082879, 1373.9378495811727], [1395.5619884610903, 1512.9802361474835], [1336.779814917121, 1494.0621504188273]], '물', 0.33164305018686946), ([[947.2771766804034, 1431.082637476195], [1120.1945635855323, 1411.7601881071364], [1129.7228233195967, 1570.917362523805], [955.8054364144677, 1590.2398118928636]], '평', 0.020804749696454516), ([[691.1526193728228, 1490.0514788571463], [741.8156509271035, 1520.1040785051441], [677.8473806271772, 1626.9485211428537], [627.1843490728965, 1596.8959214948559]], '{', 0.7730352655749506)]
[([[47, 78], [886, 78], [886, 164], [47, 164]], '[오리에는 숨이 맞올때까지 계속', 0.26135144234842983), ([[51, 152], [1010, 152], [1010, 241], [51, 241]], '벌레들과 성교임신올 반복햇습니다 ]', 0.5815104160721475), ([[1228, 191], [1370, 191], [1370, 277], [1228, 277]], '음철:', 0.1539305787581164), ([[114, 240], [250, 240], [250, 304], [114, 304]], '드꼴)', 0.004984314066022618), ([[2492, 762], [2561, 762], [2561, 851], [2492, 851]], '%8', 0.029493000983518994), ([[742, 665], [1277, 665], [1277, 1063], [742, 1063]], '꿀?', 0.2149140720501363), ([[2782, 1871], [2871, 1871], [2871, 1915], [2782, 1915]], '히7', 0.09810340383754589), ([[1271.076923076923, 187.3846153846154], [1350.0071655663794, 176.00957793553772], [1354.923076923077, 220.6153846153846], [1274.9928344336206, 231.99042206446228]], '게', 0.03324123940490886), ([[2107.055228236317, 337.0406475412757], [2261.7736480122003, 386.7799755611224], [2230.944771763683, 474.9593524587243], [2075.2263519877997, 425.2200244388776]], '으응상', 0.015393079491291458), ([[403.09939121718196, 591.0312335274201], [588.7224954558257, 652.3282759542766], [548.900608782818, 760.9687664725799], [363.2775045441744, 699.6717240457234]], '부들', 0.45743021877197304), ([[2529.2320034619397, 616.082437042753], [2770.1912732888263, 598.5883736538481], [2771.7679965380603, 760.917562957247], [2530.8087267111737, 778.4116263461519]], '포교', 0.060037076320489456), ([[1455.9925843290553, 703.0130135344377], [1908.4705595495254, 853.1853263088768], [1793.0074156709447, 1167.9869864655623], [1341.5294404504746, 1016.8146736911232]], '표', 0.5734088028465614), ([[1122.614012774441, 1010.9122293812144], [1374.566545067598, 964.5703392859577], [1385.385987225559, 1054.0877706187855], [1133.433454932402, 1101.4296607140423]], '쪽앞운육-(', 0.07079177049601153), ([[337.53380620804336, 1482.1921520133033], [1399.8587547823392, 1268.0641873405723], [1443.4661937919566, 1701.8078479866967], [381.1412452176608, 1916.9358126594277]], '부3로"', 0.000900543003808707)]
[]
[]
[([[2780, 1869], [2871, 1869], [2871, 1913], [2780, 1913]], '꼴87', 0.011438791131339134)]
[]
[]
[]
[([[71, 134], [297, 134], [297, 236], [71, 236]], '흐웃  !', 0.2711039255482833), ([[68, 218], [933, 218], [933, 328], [68, 328]], '어둡고 습한건 딱 질색이야 .', 0.7160494528290743), ([[1380, 449], [1508, 449], [1508, 493], [1380, 493]], '.', 0.16044064300985283), ([[260, 674], [344, 674], [344, 763], [260, 763]], '질', 0.08501809203311783), ([[839, 1214], [979, 1214], [979, 1305], [839, 1305]], '흉질', 0.10380406736073615), ([[2780, 1869], [2871, 1869], [2871, 1913], [2780, 1913]], '꼴87', 0.01430248325986294), ([[1754.2720052199188, 358.15042975353686], [1902.3106547704028, 347.4382541151919], [1903.7279947800812, 434.84957024646314], [1755.6893452295972, 445.5617458848081]], '두금)', 0.3704550912814822), ([[2171.7426694080677, 408.32507598742984], [2222.7730641391418, 374.03743936683856], [2274.2573305919323, 457.67492401257016], [2223.2269358608582, 492.96256063316144]], '%', 0.1318349818849498), ([[547.1359352701636, 590.6271870540327], [694.1918198690518, 534.304788987988], [715.8640647298364, 591.3728129459673], [568.8081801309482, 647.695211012012]], '부새', 0.0028969909955811183), ([[2400.104466528811, 792.0446652881101], [2520.9186911730394, 840.7929590893631], [2491.895533471189, 909.9553347118899], [2370.0813088269606, 861.2070409106369]], '두근~', 0.5213853120803833)]
[([[74, 119], [438, 119], [438, 231], [74, 231]], '시 싫어 .', 0.3399716927006336), ([[64, 217], [680, 217], [680, 338], [64, 338]], '뭐하려는 거야. ?', 0.401831163551752), ([[1378, 449], [1508, 449], [1508, 493], [1378, 493]], '', 0.0), ([[260, 674], [344, 674], [344, 763], [260, 763]], '질', 0.0833167442184255), ([[1099, 743], [1497, 743], [1497, 1039], [1099, 1039]], '원?', 0.09961829623555915), ([[839, 1214], [979, 1214], [979, 1305], [839, 1305]], '흉질', 0.1502032412366668), ([[2782, 1871], [2871, 1871], [2871, 1913], [2782, 1913]], '히불7', 0.01039357555326797), ([[1754.2111456180003, 359.16130089900093], [1903.2515154091159, 346.3508856045284], [1905.7888543819997, 433.83869910099907], [1756.7484845908841, 446.6491143954716]], '두금)', 0.5101918547560474), ([[547.7390096630006, 590.8695048315003], [694.2119860845254, 534.3271848897358], [715.2609903369994, 592.1304951684997], [567.7880139154746, 647.6728151102642]], '새', 0.025232706851234576), ([[2451.1579833204632, 773.2897482934367], [2484.655395311213, 743.0359026679606], [2545.8420166795368, 815.7102517065633], [2513.344604688787, 845.9640973320394]], '양', 0.9086104332155287)]
[([[109, 104], [433, 104], [433, 262], [109, 262]], '으으응', 0.9942701398322372), ([[2139, 305], [2203, 305], [2203, 383], [2139, 383]], '&', 0.18191736973136585), ([[2182, 335], [2268, 335], [2268, 432], [2182, 432]], "'", 0.7232252235259331), ([[1380, 451], [1508, 451], [1508, 493], [1380, 493]], ':', 0.07449877060495069), ([[670, 468], [803, 468], [803, 578], [670, 578]], '부들', 0.9997353280512886), ([[1411, 1112], [1565, 1112], [1565, 1204], [1411, 1204]], '쓰옥애', 0.030911262747205178), ([[793, 1326], [995, 1326], [995, 1447], [793, 1447]], '부물', 0.16212012750730798), ([[2780, 1869], [2871, 1869], [2871, 1913], [2780, 1913]], '꼴87', 0.01430248325986294), ([[122.95261086969435, 217.03229608904854], [525.6568367389494, 270.60150182404305], [497.04738913030565, 412.96770391095146], [95.34316326105052, 358.39849817595695]], '하지마-', 0.1635841727256775), ([[1754.2111456180003, 359.16130089900093], [1903.2716131295685, 346.3803544386901], [1905.7888543819997, 433.83869910099907], [1755.7283868704315, 446.6196455613099]], '두금', 0.6691347927732457), ([[548.03473966853, 591.3034739668531], [694.3018697312041, 536.4294226455138], [713.96526033147, 591.6965260331469], [567.6981302687959, 645.5705773544862]], '새', 0.08339091282836364)]
[([[190, 146], [768, 146], [768, 339], [190, 339]], '구그만해] ', 0.10449238214951188), ([[170, 277], [827, 277], [827, 450], [170, 450]], '보지 이상해;!', 0.5440467558388451), ([[1757, 355], [1906, 355], [1906, 443], [1757, 443]], '두근?', 0.3084320558325335), ([[668, 470], [855, 470], [855, 580], [668, 580]], '부들~', 0.9449919751299892), ([[793, 1326], [995, 1326], [995, 1447], [793, 1447]], '부물', 0.19527851270861363), ([[2782, 1871], [2871, 1871], [2871, 1913], [2782, 1913]], '히불7', 0.011175651812880176), ([[242.017858713603, 0.026814458934822483], [693.8151104231912, 74.42670627220572], [659.982141286397, 218.97318554106516], [208.18488957680884, 144.5732937277943]], '아 아양..=', 0.1414452098240089), ([[2170.273115410169, 274.0240426935476], [2292.773244516262, 374.77801831852094], [2232.726884589831, 446.9759573064524], [2111.226755483738, 346.22198168147906]], '상웃', 0.00813389272456874), ([[1113.1780775073782, 1338.07662613576], [2381.711512645487, 835.649223531477], [2487.8219224926215, 1257.92337386424], [1219.2884873545129, 1759.350776468523]], '웨이베히입', 0.08965140626095026)]
[([[1396, 83], [1683, 83], [1683, 228], [1396, 228]], '내올과', 0.004002311260274867), ([[1757, 355], [1906, 355], [1906, 443], [1757, 443]], '두근?', 0.2851938882879257), ([[796, 1329], [992, 1329], [992, 1446], [796, 1446]], '부들', 0.48552929267706), ([[2782, 1871], [2871, 1871], [2871, 1913], [2782, 1913]], '히87', 0.023412982211196132), ([[271.90873190400333, 3.0297938432609115], [508.80700417536724, 63.19583995281428], [461.09126809599667, 225.9702061567391], [225.19299582463273, 165.80416004718572]], '안돼_', 0.5119705947404917), ([[542.0605564022143, 74.02323932472723], [878.7296487820847, 161.80621595912427], [831.9394435977857, 313.97676067527277], [495.2703512179153, 227.19378404087573]], '싫어 !', 0.9055066108703613), ([[241.13725444254564, 153.0195977360043], [739.9244185506043, 258.30696056704335], [696.8627455574543, 410.9804022639957], [199.07558144939577, 306.69303943295665]], '쌀거같아]', 0.33893168241059307), ([[213.03957086122128, 296.02307391340236], [751.8274482790614, 382.37849380295467], [714.9604291387787, 543.9769260865976], [175.17255172093866, 458.62150619704533]], '아아아아양-', 0.7540466890376105), ([[2182.7646218475907, 388.2820252056036], [2233.669779323395, 340.024957066512], [2321.2353781524093, 444.7179747943964], [2271.330220676605, 491.975042933488]], '움', 0.7904963992189096), ([[110.97335979749523, 625.0376932459353], [299.32198760027745, 671.6959732368334], [266.0266402025048, 788.9623067540647], [77.67801239972256, 743.3040267631666]], '부들~', 0.31722128094457064), ([[2354.264556337451, 827.1905035185284], [2402.71781363917, 794.0322686052162], [2460.735443662549, 887.8094964814716], [2412.28218636083, 920.9677313947838]], '!', 0.00281658992360391), ([[942.543160483268, 1411.1808739441963], [1859.8109528646225, 1184.47142755886], [1926.456839516732, 1643.8191260558037], [1009.1890471353773, 1870.52857244114]], '유리말릇', 0.017465051263570786)]
[([[663, 154], [925, 154], [925, 306], [663, 306]], '아앗]', 0.14168515200650073), ([[653, 262], [1119, 262], [1119, 424], [653, 424]], '뭐 뭐야?3', 0.2355065578976069), ([[1754, 355], [1903, 355], [1903, 443], [1754, 443]], '두근?', 0.44815412163734436), ([[655, 383], [1421, 383], [1421, 543], [655, 543]], '이 이상한 녀석은', 0.5578341141432742), ([[798, 1329], [994, 1329], [994, 1442], [798, 1442]], '부물)', 0.3655294162964968), ([[1270, 1281], [1438, 1281], [1438, 1409], [1270, 1409]], '품품', 0.030614593132470426), ([[647, 1551], [689, 1551], [689, 1611], [647, 1611]], '1"', 0.11170845516105289), ([[260, 1799], [302, 1799], [302, 1841], [260, 1841]], '1', 0.16237140751819457), ([[2782, 1871], [2871, 1871], [2871, 1913], [2782, 1913]], '히7', 0.09403373727854977), ([[692.0436292355355, 31.028608233441975], [1181.8872635391288, 99.10398912495994], [1153.9563707644645, 229.971391766558], [664.1127364608712, 160.89601087504005]], '하아 하아.디', 0.257962926079797), ([[2172.2825764854615, 274.02342022755784], [2293.788957124921, 375.85561100622687], [2232.7174235145385, 448.97657977244216], [2111.211042875079, 348.14438899377313]], '하룻', 0.027033703351995567), ([[396.91588609132293, 592.0392280602566], [592.2015911722957, 637.1714590014194], [559.0841139086771, 759.9607719397434], [363.7984088277043, 714.8285409985806]], '부들~', 0.28022703327220494)]
[([[133, 182], [1022, 182], [1022, 450], [133, 450]], '플리토리스 음헬거', 0.013657391721985625), ([[1757, 355], [1906, 355], [1906, 443], [1757, 443]], '두근?', 0.2875984013080597), ([[109, 348], [433, 348], [433, 543], [109, 543]], '같아]', 0.8373401224385943), ([[2366, 809], [2450, 809], [2450, 909], [2366, 909]], '평', 0.015598563493218143), ([[798, 1329], [994, 1329], [994, 1442], [798, 1442]], '부물)', 0.35941695768407544), ([[1270, 1281], [1443, 1281], [1443, 1409], [1270, 1409]], '품품_', 0.07588618993759155), ([[646, 1541], [697, 1541], [697, 1615], [646, 1615]], '1"', 0.05524312333891705), ([[2782, 1871], [2871, 1871], [2871, 1913], [2782, 1913]], '히7', 0.10296710634613031), ([[197.81162720031568, 31.03533696530366], [421.74303314353403, 67.77044015852042], [387.1883727996843, 238.96466303469634], [163.25696685646597, 202.22955984147958]], '으옷-', 0.6691653919427833), ([[403.9543117959851, 62.027355303315886], [883.672743037374, 130.3967818015757], [849.0456882040148, 292.97264469668414], [369.32725696262605, 224.6032181984243]], '@아아양', 0.4170997142791748), ([[2132.34254183783, 356.03094348100143], [2285.9871794764185, 420.57653457718675], [2260.65745816217, 475.96905651899857], [2107.0128205235815, 411.42346542281325]], '싫어7', 0.0843479122300562), ([[395.9000283544592, 593.040385620645], [591.1500980857554, 636.0225785627996], [559.0999716455408, 758.959614379355], [363.84990191424464, 715.9774214372004]], '부들어', 0.5145194295022676), ([[1054.8077512354764, 750.0209102110799], [1366.7816620492943, 820.597176902081], [1294.1922487645236, 1102.97908978892], [982.2183379507057, 1032.402823097919]], "업'", 0.1515649543872626), ([[1503.0108148593745, 912.0168753796702], [1892.1017416066907, 1027.8381483769356], [1812.9891851406255, 1262.9831246203298], [1423.8982583933093, 1147.1618516230644]], '330', 0.06630207922064657)]
[([[2780, 1869], [2871, 1869], [2871, 1913], [2780, 1913]], '꼴87', 0.014776261362678048)]
[([[1404, 99], [1541, 99], [1541, 209], [1404, 209]], '소', 0.7708231225741571), ([[61, 143], [561, 143], [561, 283], [61, 283]], '하아. 하아.', 0.5505145532884725), ([[1228, 191], [1370, 191], [1370, 279], [1228, 279]], '음질:', 0.11880144339045429), ([[59, 262], [561, 262], [561, 390], [59, 390]], '누가 제발..', 0.7328972767001034), ([[65, 369], [902, 369], [902, 504], [65, 504]], '살려주세요. 혹록..7', 0.2527084900374665), ([[2481, 768], [2527, 768], [2527, 810], [2481, 810]], '10', 0.9842897391122393), ([[2477, 817], [2501, 817], [2501, 841], [2477, 841]], '0', 0.9784838500818296), ([[2509, 810], [2533, 810], [2533, 836], [2509, 836]], '0', 0.9998287035871591), ([[793, 1326], [995, 1326], [995, 1447], [793, 1447]], '부물', 0.16199349302751798), ([[2782, 1871], [2871, 1871], [2871, 1913], [2782, 1913]], '히불7', 0.01039357555326797), ([[1269.930985278494, 189.44816761268697], [1349.9274583611377, 175.90563886698243], [1356.069014721506, 220.55183238731303], [1276.0725416388623, 234.09436113301757]], '체', 0.33418661487303325), ([[2109.346454084438, 359.0267398301415], [2252.913627698831, 438.8276107112843], [2218.653545915562, 496.9732601698585], [2075.086372301169, 417.1723892887157]], '하아8', 0.3989767066420542), ([[402.03011361850366, 592.0336361064525], [591.5205670912557, 647.3676088411552], [553.9698863814964, 763.9663638935475], [363.47943290874434, 708.6323911588448]], '부들어', 0.4979100416564909)]
[([[191, 14], [963, 14], [963, 208], [191, 208]], '음림해진 제보지안에', 0.30126908012254083), ([[1404, 99], [1539, 99], [1539, 209], [1404, 209]], '소', 0.5705464094351242), ([[182, 135], [1053, 135], [1053, 317], [182, 317]], '육붕음 넣어주시켓어요?', 0.2568754663704073), ([[1228, 191], [1370, 191], [1370, 279], [1228, 279]], '음질:', 0.2000026271166417), ([[170, 249], [1080, 249], [1080, 422], [170, 422]], '보지간 넘문 가려워요_{', 0.0590874035528728), ([[155, 365], [833, 365], [833, 503], [155, 503]], '제발 부탁드려요 !', 0.40489014847869764), ([[2481, 771], [2525, 771], [2525, 810], [2481, 810]], '10', 0.9891716035824714), ([[2477, 817], [2501, 817], [2501, 841], [2477, 841]], '0', 0.9901316456664269), ([[796, 1329], [994, 1329], [994, 1446], [796, 1446]], '부들', 0.370539899098958), ([[2780, 1869], [2873, 1869], [2873, 1917], [2780, 1917]], '히87', 0.016670058685611815), ([[1269.930985278494, 189.44816761268697], [1349.8697864960166, 174.8338110487137], [1356.069014721506, 220.55183238731303], [1276.1302135039834, 235.1661889512863]], '찌', 0.1004558247519336), ([[1767.0498150959029, 283.03228190977404], [1989.6454481530077, 340.8692261813446], [1954.9501849040971, 457.96771809022596], [1731.3545518469923, 400.1307738186554]], '두근~', 0.23621149102847377), ([[2110.346454084438, 359.0267398301415], [2252.944867479092, 437.0624069434612], [2218.653545915562, 496.9732601698585], [2076.055132520908, 419.9375930565388]], '하아', 0.8969587321644131), ([[401.0165201930918, 592.034586741904], [591.4095679930962, 642.9771296020712], [555.9834798069081, 761.965413258096], [364.5904320069039, 711.0228703979288]], '부들', 0.9892309259824396), ([[2266.629608283017, 874.0627302848873], [2358.6689765589367, 816.0149250798138], [2465.370391716983, 1012.9372697151127], [2372.3310234410633, 1069.9850749201862]], '빵', 0.019496309359542607)]
[([[1409, 109], [1535, 109], [1535, 206], [1409, 206]], '서', 0.020628296464588525), ([[1226, 191], [1370, 191], [1370, 277], [1226, 277]], '움및:', 0.044528456941709704), ([[167, 237], [597, 237], [597, 412], [167, 412]], '미전한 제_', 0.45636639684730557), ([[146, 353], [639, 353], [639, 536], [146, 536]], '선추서서', 0.21001389622688293), ([[128, 473], [929, 473], [929, 679], [128, 679]], '정말 감사합니다 ', 0.759328302051636), ([[2481, 768], [2527, 768], [2527, 810], [2481, 810]], '10', 0.9824943453248529), ([[793, 1326], [995, 1326], [995, 1447], [793, 1447]], '부물', 0.13927533383298302), ([[2782, 1871], [2871, 1871], [2871, 1913], [2782, 1913]], '히7', 0.1353516848814499), ([[225.97775678159738, -5.969237425483499], [695.7934351128505, 55.3579293895731], [667.0222432184027, 193.9692374254835], [198.20656488714954, 133.6420706104269]], '아웃~하양', 0.3440466981190205), ([[209.01422199500647, 115.03039631910451], [698.8488663023379, 176.80604536723834], [672.9857780049936, 308.9696036808955], [183.15113369766203, 248.19395463276166]], '너무 좋아요', 0.9965400407224433), ([[1271.076923076923, 187.3846153846154], [1351.0565399066488, 177.07690506726772], [1354.923076923077, 220.6153846153846], [1274.9434600933512, 231.92309493273228]], '체', 0.025407172763760366), ([[593.8760230778192, 273.03952770503315], [890.3295633400016, 311.4169346715459], [865.1239769221808, 446.96047229496685], [568.6704366599984, 407.5830653284541]], '보지에', 0.9965370226652208), ([[1766.0301136185037, 284.0336361064525], [1988.5992816347798, 338.6744114779578], [1953.9698863814963, 455.9663638935475], [1732.4007183652202, 401.3255885220422]], '두근~', 0.12040170282125473), ([[2154.261283144847, 395.0273224554329], [2300.9993080303075, 473.8823610819964], [2258.738716855153, 549.9726775445671], [2111.0006919696925, 472.1176389180036]], '@워믿', 0.015405074404197602), ([[390.9010393159889, 601.043199313059], [589.1933176613791, 638.3163722302104], [562.0989606840111, 755.956800686941], [362.806682338621, 718.6836277697896]], '부들', 0.9969865675048244), ([[2266.6892437842776, 871.0573791407617], [2360.663068032148, 815.0146624734462], [2464.3107562157224, 1014.9426208592383], [2371.336931967852, 1070.9853375265538]], '향', 0.00937472062900313), ([[985.0105994701709, 982.547697615769], [1259.9713524741283, 881.7297698415244], [1311.989400529829, 1072.452302384231], [1037.0286475258717, 1173.2702301584754]], '휴미심', 0.0016560511081135096), ([[1421.840440631176, 1104.0258701383439], [1737.850970288498, 1162.6495789314065], [1688.159559368824, 1379.9741298616561], [1372.149029711502, 1321.3504210685935]], '품', 0.03858175847156886)]
[([[248, 60], [808, 60], [808, 240], [248, 240]], '양양0하용드', 0.2666706560367393), ([[1226, 191], [1370, 191], [1370, 277], [1226, 277]], '움및:', 0.03688135113278793), ([[243, 189], [780, 189], [780, 358], [243, 358]], '입안에도 !', 0.19257816515491222), ([[230, 325], [659, 325], [659, 482], [230, 482]], '으으으음-', 0.43508138468227797), ([[2186, 438], [2306, 438], [2306, 529], [2186, 529]], '연', 0.0879668127714126), ([[793, 1326], [995, 1326], [995, 1447], [793, 1447]], '부물', 0.16677818021610807), ([[2782, 1871], [2871, 1871], [2871, 1913], [2782, 1913]], '히7', 0.06980693918084588), ([[1272.3700465834029, 185.27313509186865], [1352.1511056544555, 178.2128290605799], [1353.6299534165971, 223.72686490813135], [1273.8488943455445, 230.7871709394201]], '체', 0.021821702961521083), ([[1766.0367707173848, 284.03317540207826], [1988.6128824514371, 339.7305304155937], [1954.9632292826152, 456.96682459792174], [1732.3871175485629, 401.2694695844063]], '두근어', 0.148188321371733), ([[397.00254130016924, 593.0355782023697], [591.3591669949585, 640.8127984045652], [556.9974586998308, 760.9644217976303], [363.6408330050415, 712.1872015954348]], '부들', 0.9937031826828113), ([[2531.260605686931, 617.0842385753867], [2776.4892951055463, 597.3200970348792], [2778.739394313069, 755.9157614246133], [2534.5107048944537, 775.6799029651208]], '푸탤?', 0.020903228503817112), ([[2266.617026841589, 874.0638898891607], [2358.6689765589367, 816.0149250798138], [2465.382973158411, 1011.9361101108393], [2372.3310234410633, 1069.9850749201862]], '빵', 0.027350889763945396), ([[986.9568153148758, 977.3581657633049], [1262.4030880917585, 885.0681553257607], [1309.043184685124, 1078.641834236695], [1033.5969119082415, 1169.9318446742393]], '골쎄_', 0.09518664881311316), ([[1420.8455840458612, 1105.0256410318786], [1737.9822239108676, 1166.9574437373242], [1687.1544159541388, 1381.9743589681214], [1370.0177760891324, 1321.0425562626758]], '품', 0.1144408136722399)]
[([[85, 106], [586, 106], [586, 300], [85, 300]], '음발으응-', 0.13412068407026012), ([[1226, 191], [1370, 191], [1370, 277], [1226, 277]], '움질:', 0.04840849894565543), ([[85, 247], [930, 247], [930, 490], [85, 490]], '흐구으으으움', 0.7486544313348492), ([[2208, 441], [2285, 441], [2285, 525], [2208, 525]], '@', 0.9841835278908242), ([[752, 674], [1261, 674], [1261, 1053], [752, 1053]], '동', 0.01042299053032375), ([[2390, 676], [2871, 676], [2871, 1018], [2390, 1018]], '뒷잎', 0.01937458437873761), ([[794, 1327], [994, 1327], [994, 1444], [794, 1444]], '부물)', 0.29412061115958826), ([[2782, 1871], [2871, 1871], [2871, 1913], [2782, 1913]], '히8불7', 0.00295903068035841), ([[1272.3700465834029, 185.27313509186865], [1352.1324033603075, 178.18517452268907], [1353.6299534165971, 223.72686490813135], [1274.8675966396925, 230.81482547731093]], '체', 0.17724424029543773), ([[1991.105572809, 305.03080573050124], [2133.891230283147, 378.321851679117], [2082.894427191, 475.96919426949876], [1939.1087697168534, 403.678148320883]], '(보류)', 0.015162082388997078), ([[402.03011361850366, 591.0336361064525], [592.5537748921362, 647.4935507741737], [553.9698863814964, 762.9663638935475], [364.44622510786377, 706.5064492258263]], '부들', 0.9842574363615869), ([[1452.9491687217046, 701.0141595752438], [1895.951608338743, 833.5268832611838], [1791.0508312782954, 1149.9858404247561], [1348.048391661257, 1018.4731167388162]], '퍽', 0.08430879329996888), ([[1082.1393910045908, 1237.059323210637], [2436.5038793802364, 1037.0673742941894], [2465.860608995409, 1615.940676789363], [1111.4961206197634, 1814.9326257058106]], '털근로릇', 0.013200290501117706)]
[([[2782, 1871], [2871, 1871], [2871, 1913], [2782, 1913]], '히7', 0.08065334342534654)]
[([[2782, 1871], [2871, 1871], [2871, 1913], [2782, 1913]], '히불7', 0.010031125618021467)]
[([[2782, 1871], [2871, 1871], [2871, 1913], [2782, 1913]], '히7', 0.08065334342534654)]
