2736055
60
[([[1737, 2824], [1831, 2824], [1831, 2872], [1737, 2872]], '꼴7', 0.051781347203820056)]
[([[1737, 2824], [1831, 2824], [1831, 2872], [1737, 2872]], '87', 0.09824647064637056)]
[([[1737, 2824], [1831, 2824], [1831, 2872], [1737, 2872]], '꼴7', 0.05247197620008473)]
[([[1737, 2824], [1831, 2824], [1831, 2872], [1737, 2872]], '꼴7', 0.067703619925596)]
[([[1737, 2824], [1831, 2824], [1831, 2872], [1737, 2872]], '87', 0.045700607782128484)]
[([[1737, 2824], [1831, 2824], [1831, 2872], [1737, 2872]], '꼴7', 0.047505073762212066)]
[([[1737, 2824], [1831, 2824], [1831, 2872], [1737, 2872]], '꼴7', 0.043009984456263944)]
[]
[]
[]
[([[1736, 2827], [1827, 2827], [1827, 2871], [1736, 2871]], '[37', 0.5455754487468096)]
[([[1737, 2824], [1831, 2824], [1831, 2872], [1737, 2872]], '87', 0.045700607782128484)]
[([[1736, 2827], [1827, 2827], [1827, 2871], [1736, 2871]], '[37', 0.5455754487468096)]
[([[1738, 2829], [1827, 2829], [1827, 2871], [1738, 2871]], "'", 0.623603451972091)]
[([[1738, 2829], [1827, 2829], [1827, 2871], [1738, 2871]], "'", 0.623603451972091)]
[([[1738, 2827], [1827, 2827], [1827, 2871], [1738, 2871]], "'", 0.623603451972091)]
[([[1736, 2827], [1827, 2827], [1827, 2871], [1736, 2871]], '[7', 0.27207056215876024)]
[([[1736, 2827], [1827, 2827], [1827, 2871], [1736, 2871]], '[7', 0.27207056215876024)]
[([[1015, 1112], [1101, 1112], [1101, 1189], [1015, 1189]], '품절', 0.9726259972759461), ([[1030, 1180], [1134, 1180], [1134, 1247], [1030, 1247]], '임밖!', 0.8993625651497603), ([[860, 1962], [1013, 1962], [1013, 2074], [860, 2074]], '1법주', 0.03725162598157816), ([[1136, 2271], [1370, 2271], [1370, 2386], [1136, 2386]], '또 -', 0.49315962195396423), ([[1738, 2827], [1830, 2827], [1830, 2871], [1738, 2871]], '꼴87', 0.044869386401123604), ([[712.0479255086583, 1030.050499781388], [813.5970611954118, 1066.3371934350494], [784.9520744913417, 1141.949500218612], [683.4029388045882, 1106.6628065649506]], '우유', 0.9995220881931384), ([[690.1303028434654, 1105.0421192876934], [834.8630520293615, 1150.4359319948185], [808.8696971565346, 1225.9578807123066], [664.1369479706385, 1180.5640680051815]], '공짜 ', 0.17697911448481277), ([[609.7902846626461, 2009.9337685891444], [799.9673581959562, 1936.9755878736041], [840.2097153373539, 2065.0662314108554], [650.0326418040438, 2138.024412126396]], '/*', 0.09601249908715598), ([[1127.2326432122347, 2158.026797934957], [1336.997260669649, 2237.754525431481], [1300.7673567877653, 2322.973202065043], [1091.002739330351, 2243.245474568519]], '또 또', 0.6780178546905518), ([[458.91575848123927, 2329.6567894181067], [680.0784153783021, 2264.1525561984167], [706.0842415187607, 2367.3432105818933], [484.92158462169783, 2432.8474438015833]], '꼬간', 0.09328410535765838)]
[([[1061, 1115], [1098, 1115], [1098, 1179], [1061, 1179]], '절', 0.9836922073038892), ([[1032, 1189], [1069, 1189], [1069, 1245], [1032, 1245]], '임', 0.9896018426639017), ([[864, 1964], [990, 1964], [990, 2072], [864, 2072]], '1법', 0.18994822014325785), ([[1136, 2271], [1370, 2271], [1370, 2386], [1136, 2386]], '또 -', 0.4542608857154846), ([[710.0378045449468, 1031.0515822680054], [812.5457491314813, 1065.17685073335], [785.9621954550532, 1141.9484177319946], [683.4542508685187, 1107.82314926665]], '우유', 0.9998391714143087), ([[691.1385883402016, 1106.0413187380975], [837.8775453144893, 1152.5204091142518], [810.8614116597984, 1227.9586812619025], [664.1224546855107, 1181.4795908857482]], '공짜+', 0.2837526321224245), ([[1006.2155354594472, 1129.0776772972363], [1037.528654880364, 1116.0350883972694], [1064.7844645405528, 1186.9223227027637], [1033.471345119636, 1198.9649116027306]], '글', 0.04813214423506906), ([[614.7675051401268, 2007.609517476431], [792.8735570157132, 1942.9062005189069], [830.2324948598732, 2070.390482523569], [651.1264429842868, 2136.093799481093]], "'사*", 0.018510857600360118), ([[1126.2272658660008, 2158.0271752972103], [1333.9928646712674, 2235.603860732567], [1297.7727341339992, 2321.9728247027897], [1090.0071353287326, 2244.396139267433]], '또 또', 0.6945999264717102), ([[459.6866418946778, 2328.63595541042], [679.7592757199958, 2263.4118373664037], [705.3133581053222, 2369.36404458958], [485.2407242800042, 2434.5881626335963]], '꼬간', 0.07059536234302213)]
[([[1061, 1115], [1098, 1115], [1098, 1177], [1061, 1177]], '절', 0.9959202976608736), ([[1032, 1189], [1069, 1189], [1069, 1245], [1032, 1245]], '임', 0.990768498221005), ([[1136, 2269], [1370, 2269], [1370, 2386], [1136, 2386]], '도 -', 0.2042954433555654), ([[712.0378045449468, 1031.0515822680054], [813.5970611954118, 1066.3371934350494], [784.9621954550532, 1141.9484177319946], [683.4029388045882, 1106.6628065649506]], '우유', 0.999701950498368), ([[690.1385883402016, 1106.0413187380975], [837.8775453144893, 1152.5204091142518], [810.8614116597984, 1227.9586812619025], [664.1224546855107, 1181.4795908857482]], '공짜+', 0.08873755460049004), ([[1013.3203723339694, 1124.0581595370227], [1045.805097193398, 1117.0818603254627], [1062.6796276660307, 1189.9418404629773], [1029.194902806602, 1197.9181396745373]], '글', 0.30809441490197287), ([[877.9581210524973, 1943.0388221034632], [1070.4170050445146, 1991.0020035473417], [1038.0418789475027, 2104.961177896537], [845.5829949554853, 2057.9979964526583]], '{다;;', 0.08842834085226059), ([[614.8791830815393, 2007.5771407853877], [792.9884905954372, 1943.991376564496], [829.1208169184607, 2071.4228592146123], [650.0115094045628, 2135.008623435504]], '/사*', 0.010315796519856845), ([[1127.2272658660008, 2159.0271752972103], [1335.9889567075204, 2235.5072216723083], [1300.7727341339992, 2322.9728247027897], [1091.0110432924796, 2246.4927783276917]], '또 또', 0.582652871720613), ([[463.6922510482936, 2326.799852725563], [669.0139787813985, 2271.078624707256], [691.3077489517065, 2375.200147274437], [485.9860212186015, 2431.921375292744]], '꼬월', 0.007939123616828468)]
[([[1015, 1112], [1101, 1112], [1101, 1189], [1015, 1189]], '품절', 0.9770800214045835), ([[1136, 2271], [1370, 2271], [1370, 2386], [1136, 2386]], '또 -', 0.564410388469696), ([[1737, 2824], [1828, 2824], [1828, 2872], [1737, 2872]], '87', 0.05988700795656073), ([[709.9745072926245, 1027.052720738457], [814.5030902780209, 1062.8869187020277], [785.0254927073755, 1143.947279261543], [679.4969097219791, 1107.1130812979723]], '우유', 0.9990268837107724), ([[704.347727437143, 1112.0427285222872], [744.6938301239198, 1125.630190062389], [719.652272562857, 1197.9572714777128], [680.3061698760802, 1184.369809937611]], '공', 0.5874082150332924), ([[742.3516449153894, 1127.0351332215832], [828.8940313985348, 1187.8773273526601], [798.6483550846106, 1230.9648667784168], [712.1059686014652, 1170.1226726473399]], '짜', 0.9591927958831015), ([[879.0604346124799, 1943.0339976522223], [1071.6785650881616, 1999.1270246598256], [1035.9395653875201, 2106.9660023477777], [843.3214349118384, 2050.8729753401744]], '{2만,', 0.0038769328966736794), ([[610.615313810367, 2010.9998159069542], [794.6856765805218, 1937.7705673746254], [835.384686189633, 2065.000184093046], [652.3143234194782, 2138.2294326253746]], '/청', 0.09317058767821572), ([[1127.2272658660008, 2159.0271752972103], [1334.9928646712674, 2236.603860732567], [1299.7727341339992, 2322.9728247027897], [1091.0071353287326, 2245.396139267433]], '또 또', 0.8011153340339661), ([[461.1722848258564, 2330.5101126865416], [673.001162211709, 2268.0640640855345], [697.8277151741436, 2369.4898873134584], [485.998837788291, 2432.9359359144655]], '꼬간', 0.057324546772935185)]
[([[1736, 2827], [1827, 2827], [1827, 2871], [1736, 2871]], '[37', 0.5716209148547101)]
[([[1015, 1112], [1101, 1112], [1101, 1189], [1015, 1189]], '품절', 0.9802693876046173), ([[1030, 1180], [1134, 1180], [1134, 1247], [1030, 1247]], '임밖!', 0.8696949605546946), ([[1135, 2269], [1370, 2269], [1370, 2386], [1135, 2386]], '도 =', 0.2737289568515533), ([[1737, 2824], [1831, 2824], [1831, 2872], [1737, 2872]], '꼴7', 0.051781347203820056), ([[712.0479255086583, 1030.050499781388], [813.639143232163, 1067.4770643658285], [784.9520744913417, 1141.949500218612], [683.360856767837, 1105.5229356341715]], '우유', 0.9996764961193024), ([[690.1385883402016, 1106.0413187380975], [837.8584408629449, 1151.410023434856], [811.8614116597984, 1227.9586812619025], [664.1415591370551, 1182.589976565144]], '공짜+', 0.17540987180303624), ([[879.0536126860476, 1944.0344937988527], [1070.6754931559856, 1999.113501558538], [1035.9463873139523, 2106.9655062011475], [843.3245068440144, 2050.886498441462]], '{2만,', 0.0034386394545435905), ([[610.615313810367, 2010.9998159069542], [797.912010350191, 1937.9345090643567], [837.384686189633, 2065.000184093046], [650.087989649809, 2138.065490935643]], '/청', 0.029747283832667438), ([[1128.243176992231, 2159.0260663873473], [1338.9845264068445, 2235.416750810256], [1302.756823007769, 2325.9739336126527], [1091.0154735931555, 2248.583249189744]], '또 또', 0.889988362789154), ([[460.6334368540005, 2329.266873708001], [672.0506800770711, 2268.120584403491], [696.3665631459995, 2370.733126291999], [483.9493199229289, 2431.879415596509]], '꼬간', 0.028452378548104205)]
[([[20, 104], [783, 104], [783, 279], [20, 279]], '제가당신음판결륭수-있앗', 0.0032653188411837916), ([[29, 189], [778, 189], [778, 357], [29, 357]], '진출코지발동록 해주세요보', 0.001977856080586778), ([[35, 305], [489, 305], [489, 461], [35, 461]], '@이옷?', 0.18812857568264008), ([[1127, 1447], [1352, 1447], [1352, 1611], [1127, 1611]], '움질', 0.03122552097436266), ([[1232, 1709], [1269, 1709], [1269, 1753], [1232, 1753]], '2', 0.6618266451522778), ([[117, 1757], [319, 1757], [319, 1918], [117, 1918]], '빛질', 0.003061050038078344), ([[1557, 1807], [1624, 1807], [1624, 1860], [1557, 1860]], '스', 0.03438088274324813), ([[1633, 2648], [1682, 2648], [1682, 2675], [1633, 2675]], "시'", 0.13623218231240583), ([[1737, 2824], [1828, 2824], [1828, 2872], [1737, 2872]], '꼴7', 0.03910748470388261), ([[1311.3321081246004, 1101.3284324984013], [1482.3518226260182, 1064.8412948919843], [1496.6678918753996, 1162.6715675015987], [1325.6481773739818, 1199.1587051080157]], '문금어)', 0.08368439227342606), ([[908.9526108696944, 2348.0322960890485], [1090.0782317834426, 2406.478183023868], [1041.0473891303056, 2543.9677039109515], [859.9217682165574, 2485.521816976132]], '꾸원', 0.27647184869053454)]
[([[15, 27], [549, 27], [549, 180], [15, 180]], '여정의신체일뷰름', 0.0762304711428271), ([[18, 105], [664, 105], [664, 267], [18, 267]], '통하든최유직데왜 ', 0.0011494388774258217), ([[35, 298], [408, 298], [408, 450], [35, 450]], '아룻하양드', 0.08852005132264454), ([[660, 728], [844, 728], [844, 818], [660, 818]], '&길', 0.01642396084788581), ([[1212, 1687], [1274, 1687], [1274, 1757], [1212, 1757]], "'2", 0.32012811573217737), ([[115, 1757], [316, 1757], [316, 1914], [115, 1914]], '@질', 0.04076930222645039), ([[554, 2336], [807, 2336], [807, 2516], [554, 2516]], '8장', 0.07854911729885121), ([[1633, 2648], [1682, 2648], [1682, 2675], [1633, 2675]], '시', 0.14036485674024846), ([[1737, 2824], [1831, 2824], [1831, 2872], [1737, 2872]], '8', 0.09949735424556039), ([[37.75360678589437, 239.19555867959792], [366.98125987679487, 211.95525899924428], [368.24639321410564, 321.8044413204021], [39.01874012320515, 350.0447410007557]], '더이상은꽤', 0.04895114132900074), ([[1150.0061162653265, 816.0550463879374], [1295.7482778781848, 849.8863221233917], [1275.9938837346735, 923.9449536120626], [1129.2517221218152, 890.1136778766083]], '으응2', 0.16996244823167975), ([[334.896170436093, 1080.446979482716], [474.3080022271291, 1040.7784974944798], [494.103829563907, 1135.553020517284], [355.6919977728709, 1174.2215025055202]], '원30', 0.023449772621977342), ([[1311.3321081246004, 1101.3284324984013], [1482.3518226260182, 1064.8412948919843], [1496.6678918753996, 1162.6715675015987], [1325.6481773739818, 1199.1587051080157]], '문금)', 0.06055709114913749), ([[1139.3250215347814, 1462.082717501293], [1340.3194605445221, 1449.4362899129653], [1340.6749784652186, 1596.917282498707], [1139.6805394554779, 1608.5637100870347]], '흉질', 0.08626888841915377), ([[991.151986269207, 2314.10708191518], [1238.48081233382, 2294.3821291016675], [1239.8480137307931, 2431.89291808482], [992.51918766618, 2451.6178708983325]], '운플 ', 0.007832742255080164)]
[([[36, 92], [150, 92], [150, 227], [36, 227]], '야', 0.392262114147357), ([[219, 20], [656, 20], [656, 216], [219, 216]], '양{야양', 0.3599088191986084), ([[32, 172], [518, 172], [518, 365], [32, 365]], '싫어하품', 0.10572129487991333), ([[44, 287], [474, 287], [474, 493], [44, 493]], '하아아양(', 0.160203784801523), ([[1137, 833], [1338, 833], [1338, 930], [1137, 930]], '안양', 0.14315965225726743), ([[1029, 2118], [1469, 2118], [1469, 2409], [1029, 2409]], '완', 0.13533879836319684), ([[991, 2446], [1257, 2446], [1257, 2585], [991, 2585]], '프소?', 0.002569588869628728), ([[1633, 2648], [1662, 2648], [1662, 2675], [1633, 2675]], '^', 0.40509067184224534), ([[1737, 2824], [1828, 2824], [1828, 2872], [1737, 2872]], '8', 0.05016027633273357), ([[726.8509805405407, 771.3380396756761], [816.2635677908235, 757.3853652244835], [822.1490194594593, 815.6619603243239], [732.7364322091765, 830.6146347755165]], '@유', 0.12481134019236192), ([[338.1300007234295, 1079.3810026766891], [475.4876968938595, 1043.9418119142274], [493.8699992765705, 1137.6189973233109], [355.5123031061405, 1173.0581880857726]], '930', 0.12741467761918215), ([[1312.3321081246004, 1101.3284324984013], [1483.3518226260182, 1064.8412948919843], [1497.6678918753996, 1162.6715675015987], [1326.6481773739818, 1199.1587051080157]], '듭금)', 0.02725666782803838), ([[1140.3412857914666, 1462.0811150729603], [1339.1161692273204, 1449.1849130932621], [1341.6587142085334, 1597.9188849270397], [1141.8838307726796, 1611.8150869067379]], '움?', 0.07756738074797181), ([[1190.2788511321733, 1659.1240728119958], [1261.7046642634177, 1608.0207075219], [1349.7211488678267, 1751.8759271880042], [1278.2953357365823, 1801.9792924781]], '도', 0.174609272103873), ([[132.98385606275642, 1738.030396248032], [340.2418448967093, 1798.9797933955626], [294.0161439372436, 1938.969603751968], [87.75815510329068, 1877.0202066044374]], '움질', 0.04285825611517338), ([[336.9135672673225, 2023.0168660077836], [827.3672986238194, 2129.434803241356], [752.0864327326775, 2414.9831339922166], [261.6327013761807, 2308.565196758644]], '연업0', 0.006505737333661844)]
[([[4, 30], [495, 30], [495, 219], [4, 219]], '아용 음웃드', 0.12529254509643117), ([[29, 296], [450, 296], [450, 464], [29, 464]], '마제요품', 0.3641810417175293), ([[672, 751], [857, 751], [857, 835], [672, 835]], '8이', 0.11718531495355097), ([[1010, 2286], [1167, 2286], [1167, 2398], [1010, 2398]], '숨3', 0.5275573264897435), ([[644, 2486], [834, 2486], [834, 2643], [644, 2643]], '응필', 0.541563446565049), ([[1737, 2824], [1831, 2824], [1831, 2872], [1737, 2872]], '87', 0.04823839238847795), ([[20.195247317198877, 189.20815702523248], [701.1579769563632, 136.40644363108933], [698.8047526828011, 293.7918429747675], [18.842023043636743, 346.59355636891064]], '젠-제발이런진', 0.16670702259538647), ([[1153.0984799331588, 800.0582954853234], [1299.8513184264827, 828.5649265458043], [1284.9015200668412, 890.9417045146766], [1138.1486815735173, 862.4350734541957]], '하아0', 0.01600543193896329), ([[339.3934820178989, 1076.3132762733856], [477.7422482622684, 1045.1860642538218], [492.6065179821011, 1138.6867237266144], [354.2577517377316, 1169.8139357461782]], '830', 0.07281045807787676), ([[1311.1783367600844, 1141.4063449842872], [1467.4740931868366, 1105.3563616117008], [1481.8216632399156, 1194.5936550157128], [1326.5259068131634, 1230.6436383882992]], '문공어', 0.07365324204048995), ([[1140.3572387043234, 1462.0795586545319], [1340.1776131395109, 1449.2598644354275], [1341.6427612956766, 1598.9204413454681], [1140.8223868604891, 1611.7401355645725]], '움질', 0.04629655309504975), ([[1190.0586996752022, 1662.1580680187335], [1259.7088193690531, 1608.0209526630013], [1352.9413003247978, 1746.8419319812665], [1283.2911806309469, 1800.9790473369987]], '2', 0.12302485118408502), ([[167.001725626825, 1712.029335656025], [393.5243138823233, 1781.0066241451052], [347.998274373175, 1915.970664343975], [120.47568611767667, 1846.9933758548948]], '부문', 0.3044269040090084), ([[878.1512181797873, 2549.2063290720216], [1563.7749563184207, 2409.7650802760145], [1596.8487818202127, 2713.7936709279784], [911.2250436815793, 2853.2349197239855]], '또문로 몸', 0.017110824501922375)]
[([[639, 740], [811, 740], [811, 839], [639, 839]], '@응)', 0.4648477043778141), ([[1135, 1453], [1352, 1453], [1352, 1609], [1135, 1609]], '움)', 0.08028708218207738), ([[1465, 2556], [1698, 2556], [1698, 2697], [1465, 2697]], '분말', 0.18737584059017362), ([[26.084367766430184, 264.308436776643], [709.8830891037101, 138.9396798332426], [733.9156322335698, 266.691563223357], [49.11691089628994, 391.06032016675744]], '붐분끄런워오(', 0.11952492041449726), ([[339.3321081246003, 1077.3284324984013], [476.596937604523, 1044.044716282056], [492.6678918753997, 1138.6715675015987], [355.403062395477, 1170.955283717944]], '830', 0.10438233223554635), ([[1312.3235613621391, 1140.3648209037005], [1468.642914835079, 1107.5512906079023], [1481.6764386378609, 1195.6351790962995], [1325.357085164921, 1228.4487093920977]], '문관어', 0.10788546227542395), ([[1197.831587524326, 1657.0684939567711], [1262.669634516124, 1625.0224457097536], [1321.168412475674, 1761.9315060432289], [1256.330365483876, 1793.9775542902464]], '도', 0.9555635076040403), ([[170.02024696614436, 1717.030025548153], [392.3943163994517, 1776.6393781872798], [350.9797530338557, 1911.969974451847], [128.60568360054828, 1851.3606218127202]], '붐문', 0.04961492821407097), ([[549.3909097485722, 2346.170914089149], [819.6702424329762, 2289.406472607976], [842.6090902514278, 2461.829085910851], [572.3297575670238, 2518.593527392024]], '(자', 0.02814649396791842), ([[233.2802656784306, 2724.3885579247044], [302.16034061927485, 2713.548011588494], [306.7197343215694, 2752.6114420752956], [237.83965938072515, 2763.451988411506]], '사', 0.6462114208787604)]
[([[26, 25], [526, 25], [526, 220], [26, 220]], '@미야간양드', 0.0049295645120672315), ([[34, 117], [757, 117], [757, 348], [34, 348]], '준의터다락이빼', 0.0007979797258834425), ([[628, 791], [818, 791], [818, 907], [628, 907]], '@/레', 0.0033233975248842017), ([[1114, 885], [1207, 885], [1207, 957], [1114, 957]], '8', 0.960175746277173), ([[893, 1484], [983, 1484], [983, 1570], [893, 1570]], '시', 0.21721374098605395), ([[1736, 2827], [1827, 2827], [1827, 2871], [1736, 2871]], '[37', 0.1543454787057209), ([[1365.07585539279, 1153.1868625032284], [1512.158982018418, 1138.2180442389163], [1515.92414460721, 1223.8131374967716], [1368.841017981582, 1239.7819557610837]], '980', 0.39129408902961244), ([[1602.9221928890745, 1684.0305948477123], [1783.2969630717894, 1738.1377440582776], [1732.0778071109255, 1897.9694051522877], [1550.7030369282106, 1843.8622559417224]], '4', 0.05005493192136634), ([[167.91248848746318, 1717.0348204044253], [387.91759601867375, 1764.0309014929974], [352.0875115125368, 1906.9651795955747], [132.08240398132625, 1859.9690985070026]], '분문', 0.03456346069550871), ([[915.6983590894075, 2028.228185443734], [1287.6045440589003, 1947.8385046792728], [1313.3016409105926, 2147.7718145562662], [942.3954559410996, 2229.161495320727]], '`경8', 0.04879307749666716), ([[1151.897537618511, 2134.0104787336763], [1717.1610206022442, 2297.80720179608], [1564.102462381489, 2775.9895212663237], [998.8389793977558, 2611.19279820392]], '퍽?', 0.1934733137178454), ([[182.67151725155122, 2266.060282954939], [691.8822256079343, 2162.269461637476], [738.3284827484488, 2548.939717045061], [229.1177743920657, 2652.730538362524]], '부숙', 0.033925308661879844)]
[([[19, 43], [577, 43], [577, 254], [19, 254]], '@황양@양늘', 0.00627859648721455), ([[61, 877], [476, 877], [476, 1220], [61, 1220]], '돕', 0.025825048213050872), ([[894, 1488], [978, 1488], [978, 1569], [894, 1569]], '시', 0.11386294716955092), ([[1738, 2829], [1827, 2829], [1827, 2871], [1738, 2871]], "'", 0.623603451972091), ([[52.68635850198024, 235.2158962549506], [643.786089634869, 147.6913254926345], [655.3136414980198, 291.78410374504944], [64.21391036513106, 379.3086745073655]], '보지속미덧문', 0.08789564733504752), ([[82.32974082574458, 358.654092890106], [594.6117171939103, 284.27138303532104], [604.6702591742554, 426.345907109894], [92.3882828060897, 500.72861696467896]], '뜨러워오이', 0.1590479407464502), ([[108.78001629621946, 475.13013851786536], [477.62790994156563, 435.8069259235453], [482.21998370378054, 597.8698614821346], [113.3720900584344, 637.1930740764546]], '아아흥드', 0.07379952818155289), ([[1112.2486192432345, 880.0353639782874], [1223.9978706729185, 939.8154337537019], [1188.7513807567655, 1001.9646360217126], [1078.0021293270815, 943.1845662462981]], '@8아', 0.005137578487902032), ([[1470.3102931784845, 984.0752835990252], [1728.4333250081502, 966.9179208091257], [1729.6897068215155, 1133.9247164009748], [1470.5666749918498, 1152.0820791908743]], '0', 0.08273240084207956), ([[1684.2274126640243, 1710.0248962923786], [1776.2002358181455, 1740.295737485618], [1726.7725873359757, 1888.9751037076214], [1634.7997641818545, 1858.704262514382]], '2', 0.46066132033730867), ([[168.91248848746318, 1717.0348204044253], [388.9723388376387, 1765.1789698458383], [352.0875115125368, 1906.9651795955747], [132.0276611623613, 1858.8210301541617]], '분문', 0.04288425517326231), ([[37.49873602404084, 2209.133441914935], [715.3979825503285, 2044.4585724553142], [771.5012639759592, 2431.866558085065], [93.60201744967151, 2596.541427544686]], '제사', 0.0743981589636201), ([[1194.2137900726864, 2123.0067192521537], [1801.989823764188, 2468.0324721508237], [1604.7862099273136, 2799.9932807478463], [997.0101762358121, 2454.9675278491763]], "'제력하", 0.010971851646900177)]
[([[58, 870], [480, 870], [480, 1226], [58, 1226]], '떼', 0.011061927095004587), ([[1738, 2827], [1827, 2827], [1827, 2871], [1738, 2871]], "'", 0.623603451972091), ([[31.45441558772843, 92.180909114099], [567.8786663846802, 45.74615149890337], [568.5455844122715, 197.819090885901], [32.121333615319855, 244.25384850109663]], '아용양-양다', 0.013643820384825913), ([[52.89735565174922, 234.13312469454797], [643.786089634869, 147.6913254926345], [655.1026443482508, 291.866875305452], [64.21391036513106, 379.3086745073655]], '보지속이닐다', 0.05808727073745644), ([[83.77761904544903, 356.5327142772512], [595.6168958634327, 284.2834113129728], [604.222380954551, 428.4672857227488], [92.38310413656738, 500.7165886870272]], '띄워오이', 0.22837698459625244), ([[108.72727923100867, 475.13641761737193], [475.62564680593727, 435.80283368182194], [480.27272076899135, 595.863582382628], [113.37435319406276, 636.197166318178]], '아아흥드', 0.04231081157922745), ([[1094.864011279707, 877.0497285886601], [1249.984131610028, 908.9620848008799], [1224.135988720293, 1016.9502714113399], [1069.015868389972, 985.0379151991201]], '@&)', 0.22729824483394623), ([[1683.2372145186403, 1711.0242679426506], [1778.4204767785195, 1743.5666550419494], [1726.7627854813597, 1891.9757320573494], [1631.5795232214805, 1859.4333449580506]], '4', 0.30004142008705514), ([[154.8205720327465, 1688.017391910106], [700.9230769230769, 1769.6153846153845], [633.1794279672536, 2106.9826080898943], [87.07692307692308, 2025.3846153846155]], '북다이', 0.007331616216137618), ([[34.39526455241736, 2206.138439181426], [705.4231251575218, 2034.9992429091187], [767.6047354475826, 2429.861560818574], [96.57687484247825, 2601.0007570908815]], '`', 0.003844968615149616), ([[1197.2083788652296, 2125.00681206984], [1802.99448026365, 2466.287409460704], [1606.7916211347704, 2797.99318793016], [1001.0055197363498, 2456.712590539296]], "'젓나", 0.054382557055886835)]
[([[1569, 1590], [1762, 1590], [1762, 1737], [1569, 1737]], '움질', 0.013349107081729147), ([[1735, 2824], [1828, 2824], [1828, 2872], [1735, 2872]], '[7', 0.010214354154834886), ([[20.901143647199973, 164.52548950655986], [612.8422138656995, 53.83785818841736], [634.0988563528, 261.4745104934401], [41.15778613430055, 372.16214181158267]], '하@으옛}', 0.008906100677474183), ([[88.89059274635181, 344.99212621806845], [761.6792943676187, 198.28585012724406], [794.1094072536482, 410.00787378193155], [122.32070563238132, 556.7141498727559]], '따지마제퍼}', 0.0127053874629776), ([[598.9665129961656, 560.1220578681749], [794.8677023142022, 526.8279976264593], [811.0334870038344, 676.8779421318251], [615.1322976857978, 711.1720023735407]], '엿량', 0.011476552771731832), ([[1171.9698835520326, 771.0331950565047], [1453.4660901329266, 822.9012128622986], [1422.0301164479674, 957.9668049434953], [1139.5339098670734, 906.0987871377014]], '유3', 0.10266560203722436), ([[692.5896978304282, 831.2253985012699], [875.8239580762677, 796.4859030005681], [889.4103021695718, 909.7746014987301], [706.1760419237323, 943.5140969994319]], '9구', 0.028354893656555084), ([[225.02691971251, 972.0249343939448], [453.47535873762985, 1054.5659139029688], [394.97308028749, 1204.975065606055], [166.52464126237015, 1123.4340860970312]], '넘새?', 0.0051775803733906875), ([[1376.7539550940828, 1069.133222790296], [1619.9883201393434, 1026.142049164846], [1637.2460449059172, 1190.866777209704], [1394.0116798606566, 1233.857950835154]], '#량어', 0.01719743106022051), ([[154.79817062593892, 1688.0176183445174], [705.6777644244835, 1766.8325614900466], [638.201829374061, 2110.9823816554826], [87.32223557551646, 2032.1674385099534]], '9이 ', 0.02032700553536415), ([[894.8465134222781, 1813.128866098677], [1659.979658611188, 1550.9937024485723], [1790.1534865777219, 2107.871133901323], [1026.020341388812, 2371.006297551428]], '못로옷', 0.07183735623902597), ([[27.176062113830312, 2221.2430149269203], [686.2185163170401, 2017.3513322955334], [768.8239378861697, 2415.7569850730797], [108.78148368295989, 2619.6486677044663]], '제겹', 0.40089561847346455), ([[1193.2742879376783, 2091.0058521360543], [1790.7133392075752, 2481.9287775725847], [1575.7257120623217, 2800.9941478639457], [978.2866607924248, 2410.0712224274153]], '"꿈)', 0.020121690106371378)]
[([[1736, 2827], [1827, 2827], [1827, 2871], [1736, 2871]], '[37', 0.5455754487468096)]
[([[22, 94], [348, 94], [348, 251], [22, 251]], '하웃이아', 0.069413922727108), ([[62, 236], [155, 236], [155, 358], [62, 358]], '앞', 0.97634112357159), ([[1062, 1116], [1093, 1116], [1093, 1174], [1062, 1174]], '저', 0.11987484161409956), ([[1032, 1189], [1069, 1189], [1069, 1245], [1032, 1245]], '임', 0.9907067971394987), ([[1163, 1377], [1570, 1377], [1570, 1685], [1163, 1685]], '되생', 0.021899001889580466), ([[1637, 1605], [1760, 1605], [1760, 1733], [1637, 1733]], '짧', 0.03543961293104303), ([[864, 1962], [983, 1962], [983, 2072], [864, 2072]], '1법', 0.16466552487992808), ([[1141, 2273], [1252, 2273], [1252, 2377], [1141, 2377]], '또', 0.35088657973007287), ([[1276, 2302], [1365, 2302], [1365, 2379], [1276, 2379]], '주', 0.3910939311804782), ([[134.92136862846382, 214.29898000516548], [603.8438311181844, 162.02834380302926], [607.0786313715362, 296.7010199948345], [139.15616888181555, 348.97165619697074]], '으지회관}', 0.14943509254252363), ([[79.72895416774281, 333.31766625548835], [680.0698288161557, 272.4537758953091], [682.2710458322572, 417.68233374451165], [82.93017118384438, 478.5462241046909]], '말씀집들음께요애', 0.07784758891299094), ([[101.87867965644035, 466.1507575950825], [341.28568985272466, 434.39408198722185], [349.12132034355966, 565.8492424049175], [109.71431014727537, 596.6059180127781]], '헤으응-', 0.27999117970466614), ([[717.9640536057628, 841.2634037018988], [809.1066869567562, 820.8419363168529], [822.0359463942372, 894.7365962981012], [730.8933130432438, 915.1580636831471]], '88', 0.9067081429303847), ([[1127.086474619004, 858.0523291853351], [1258.8700385288314, 895.56386158233], [1237.913525380996, 960.9476708146649], [1106.1299614711686, 923.43613841767]], '야양5', 0.030861987212797357), ([[711.0274673730843, 1031.0526998323749], [812.514857423867, 1064.0850037648022], [784.9725326269157, 1140.9473001676251], [684.485142576133, 1107.9149962351978]], '우유', 0.9997343166054955), ([[1323.00059982006, 1136.3029391182938], [1510.2804704850748, 1088.077000109608], [1532.99940017994, 1214.6970608817062], [1345.7195295149252, 1262.922999890392]], '위개어', 0.007741862263835323), ([[691.069475506284, 1102.0433879172383], [839.8336497257228, 1149.1835933627647], [810.930524493716, 1228.9566120827617], [663.1663502742772, 1181.8164066372353]], '공짜 +', 0.1293986737728119), ([[1008.200159952016, 1128.0807837648783], [1035.5578740873837, 1117.0390939795766], [1061.799840047984, 1184.9192162351217], [1033.4421259126163, 1195.9609060204234]], '글', 0.09067663651212232), ([[-32.58928517980072, 1317.2857185615942], [477.44296942455884, 1159.1363571557958], [542.5892851798008, 1470.7142814384058], [32.55703057544119, 1628.8636428442042]], '옳물터', 0.0017580531203463406), ([[1566.9421394540648, 1597.0561108682089], [1643.3819872616316, 1580.5892528371992], [1667.0578605459352, 1710.9438891317911], [1590.6180127383684, 1727.4107471628008]], '움', 0.7754069792089382), ([[170.02024696614436, 1717.030025548153], [391.36668825863364, 1776.5429951803962], [349.9797530338557, 1911.969974451847], [129.63331174136636, 1852.4570048196038]], '붐문', 0.08105964414285252), ([[605.3946981015491, 2021.0709867726334], [785.0440781630757, 1939.3393204563765], [833.6053018984509, 2063.9290132273663], [653.9559218369243, 2145.6606795436237]], "'스*", 0.018459615194770185), ([[392.9141999621841, 2113.099099602933], [670.4271643385997, 2070.366194213649], [685.0858000378159, 2261.900900397067], [408.57283566140023, 2303.633805786351]], '(0}', 0.3073918986330943), ([[1124.2379464145386, 2157.0264283693555], [1335.9931147790767, 2235.610863193661], [1299.7620535854614, 2322.9735716306445], [1088.0068852209233, 2244.389136806339]], '또 또', 0.5913041830062866), ([[466.3332719689847, 2323.8665071193604], [678.6911183851879, 2264.3350000320675], [702.6667280310153, 2374.1334928806396], [489.30888161481215, 2433.6649999679325]], '꼬준', 0.022796656629345234), ([[1176.9460854260437, 2330.022224597238], [1516.8302874487847, 2410.442394551957], [1459.0539145739563, 2616.977775402762], [1119.1697125512153, 2536.557605448043]], '48', 0.06797218053262706), ([[438.56672282090625, 2523.144001568784], [1119.4029167855365, 2375.8792718300283], [1161.4332771790937, 2723.855998431216], [480.5970832144636, 2871.1207281699717]], '넘로 ', 0.06121046209139455), ([[231.1370142686695, 2725.460327110472], [302.15452773054653, 2713.5405377016077], [307.86298573133047, 2751.539672889528], [236.84547226945344, 2764.4594622983923]], '사', 0.8277655277932503)]
[([[1059, 1113], [1098, 1113], [1098, 1179], [1059, 1179]], '절', 0.9769979169755203), ([[1032, 1189], [1069, 1189], [1069, 1245], [1032, 1245]], '임', 0.9923181809522816), ([[1174, 1381], [1557, 1381], [1557, 1665], [1174, 1665]], '출내', 0.00192385732108704), ([[590, 2286], [676, 2286], [676, 2366], [590, 2366]], '1', 0.23581375148396777), ([[1284, 2308], [1364, 2308], [1364, 2376], [1284, 2376]], '', 0.0), ([[477, 2313], [585, 2313], [585, 2421], [477, 2421]], '쇼', 0.006413583659894917), ([[547, 2335], [804, 2335], [804, 2511], [547, 2511]], "'움장", 0.043655960078288765), ([[21.75487727154258, 80.12035862534599], [341.07160875770984, 36.77052027174969], [351.24512272845743, 214.87964137465403], [31.928391242290175, 258.2294797282503]], '운은', 0.17420536407023549), ([[60.35257734216873, 226.89938148168685], [608.3142145736425, 107.72432267193145], [635.6474226578313, 280.1006185183132], [88.68578542635754, 399.2756773280685]], ' 의@으움-', 0.0155877946247856), ([[598.9665129961656, 560.1220578681749], [794.7904468026734, 525.753148804965], [811.0334870038344, 676.8779421318251], [616.2095531973266, 711.246851195035]], '엿량', 0.025897928601308302), ([[1172.9698835520326, 771.0331950565047], [1454.462485843144, 822.8876367438447], [1422.0301164479674, 957.9668049434953], [1141.537514156856, 906.1123632561553]], '뵙3', 0.10851191500809736), ([[711.0274673730843, 1031.0526998323749], [812.5228083028358, 1064.1083328972522], [784.9725326269157, 1140.9473001676251], [683.4771916971642, 1107.8916671027478]], '우유', 0.9997601085668422), ([[341.9179748946285, 1059.0418761407077], [514.2209498514329, 1102.394950051748], [482.0820251053715, 1215.9581238592923], [309.779050148567, 1173.605049948252]], '옆수 ', 0.023860848445177784), ([[1325.5340151904197, 1130.2040911425179], [1512.7860313668175, 1092.575915994485], [1529.4659848095803, 1219.7959088574821], [1342.2139686331825, 1257.424084005515]], '빗료', 0.010734085857707534), ([[691.069475506284, 1102.0433879172383], [838.8082175021174, 1148.0509311373999], [810.930524493716, 1228.9566120827617], [663.1917824978826, 1182.9490688626001]], '공짜 ', 0.263119308761126), ([[1013.3088020879675, 1124.0601719014148], [1045.815817016448, 1117.0840783210497], [1062.6911979120325, 1188.9398280985852], [1029.184182983552, 1196.9159216789503]], '글', 0.16646153759531845), ([[-29.980148760839953, 1312.1985123916004], [478.5489293241662, 1155.080869803077], [548.9801487608399, 1491.8014876083996], [39.45107067583384, 1649.919130196923]], '월씬0', 0.011842691465053972), ([[166.98385606275642, 1713.030396248032], [394.36394548966155, 1775.3933430764398], [352.0161439372436, 1913.969603751968], [123.63605451033844, 1851.6066569235602]], '분문', 0.16259528957702493), ([[876.9424244217886, 1945.0400023676086], [1069.334723773091, 1988.7355959507374], [1038.0575755782115, 2104.959997632391], [845.6652762269092, 2060.2644040492623]], '{다;;', 0.04333038255572319), ([[613.9853420432086, 2007.5472313555508], [794.1144152282878, 1945.0866698590883], [828.0146579567914, 2072.452768644449], [648.8855847717122, 2134.9133301409115]], '/*', 0.029924328255032634), ([[1125.216282450133, 2158.027954301862], [1332.9959482686684, 2235.701467467819], [1297.783717549867, 2319.972045698138], [1090.0040517313316, 2242.298532532181]], '또 또', 0.5900408625602722), ([[980.7168099178456, 2317.2858165317202], [1228.0880405521275, 2250.2267217226304], [1258.2831900821543, 2411.7141834682798], [1010.9119594478725, 2478.7732782773696]], '움려$', 0.02222089741422065), ([[946.650065767451, 2593.1606839814904], [1659.5283111203457, 2280.0562047422964], [1741.349934232549, 2558.8393160185096], [1028.4716888796543, 2871.9437952577036]], '조로]]하', 0.062051856086517865)]
[([[660, 781], [831, 781], [831, 883], [660, 883]], '9양*', 0.018695737779481653), ([[1061, 1115], [1098, 1115], [1098, 1179], [1061, 1179]], '절', 0.9969242656141297), ([[891, 1488], [980, 1488], [980, 1569], [891, 1569]], '시', 0.26376260459872825), ([[1141, 2273], [1259, 2273], [1259, 2372], [1141, 2372]], '도', 0.21786426660982272), ([[1416, 2561], [1607, 2561], [1607, 2707], [1416, 2707]], '분득', 0.13282893284563757), ([[1737, 2824], [1828, 2824], [1828, 2872], [1737, 2872]], '꼴7', 0.017011266835161312), ([[16.920984552857842, 65.12046715457744], [458.5194375853431, 29.85100133837231], [458.0790154471422, 186.87953284542257], [16.480562414656923, 221.1489986616277]], '지회관-', 0.12826301157474518), ([[55.945944854033186, 205.04864559129294], [680.7125804359347, 113.31496782562613], [692.0540551459668, 266.95135440870706], [67.28741956406533, 358.6850321743739]], '보짓물이멈춘질', 0.48690008603832413), ([[89.87832130144554, 330.4524458565049], [650.5072452285202, 254.61783470054658], [659.1216786985544, 412.5475541434951], [98.49275477147972, 487.38216529945345]], '@아요"엉엉쇼', 0.0827962079717152), ([[709.9745072926245, 1027.052720738457], [814.5030902780209, 1062.8869187020277], [785.0254927073755, 1143.947279261543], [679.4969097219791, 1107.1130812979723]], '우유', 0.9990030354793927), ([[344.0116340551049, 1059.040772066769], [475.3115267019345, 1101.9938342930648], [438.9883659448951, 1203.959227933231], [308.6884732980655, 1161.0061657069352]], '다월도', 0.013844324937549266), ([[1320.6115134176307, 1130.1913831893103], [1514.0543889590672, 1093.8609426107919], [1528.3884865823693, 1221.8086168106897], [1334.9456110409328, 1258.1390573892081]], '옆량', 0.0024785635329279817), ([[1018.1504654174618, 1120.0726994212782], [1057.9037490262715, 1115.3766095076264], [1065.8495345825381, 1187.9273005787218], [1026.0962509737285, 1192.6233904923736]], '품', 0.9987693045528125), ([[705.347727437143, 1112.0427285222872], [744.7870498080028, 1126.7353018896526], [718.652272562857, 1197.9572714777128], [679.2129501919972, 1183.2646981103474]], '공', 0.783774208015874), ([[740.3446046887868, 1127.0359026679605], [829.9075863624644, 1186.9509893375064], [799.6553953112132, 1229.9640973320395], [711.0924136375356, 1170.0490106624936]], '짜"', 0.15657399546590794), ([[1138.2915219986482, 1463.0860677866176], [1339.252319785435, 1449.352182368928], [1340.7084780013518, 1595.9139322133824], [1139.747680214565, 1609.647817631072]], '흉질', 0.12924978765219186), ([[1594.8314391911126, 1668.0310567929193], [1788.2270343499374, 1716.3078930932054], [1737.1685608088874, 1899.9689432070807], [1544.7729656500626, 1851.6921069067946]], '과', 0.025418465669702073), ([[166.99583922717466, 1713.0296829392519], [394.4761428549778, 1779.8123136910265], [350.00416077282534, 1915.9703170607481], [121.5238571450222, 1849.1876863089735]], '분문', 0.07071590176844168), ([[879.0671591453302, 1942.0335121200899], [1070.7151044004625, 2000.2933193602976], [1034.9328408546698, 2106.9664878799103], [843.2848955995375, 2048.7066806397024]], '{다병', 0.018382798649760827), ([[612.6794970566216, 2017.5192455849324], [795.1429967533376, 1934.402714424324], [844.3205029433784, 2057.4807544150676], [661.8570032466624, 2140.597285575676]], "'스청", 0.0304772606965898), ([[403.7946090995089, 2256.696280037839], [792.736558290779, 2043.8405368550798], [886.2053909004911, 2267.303719962161], [496.26344170922096, 2480.15946314492]], '주금', 0.06288786114724577), ([[1128.2218128139505, 2159.0275606767013], [1329.9857637102289, 2234.440539811053], [1293.7781871860495, 2321.9724393232987], [1092.0142362897711, 2246.559460188947]], '또 또', 0.6562851674080284), ([[895.5920338391211, 2495.1491857659803], [1501.5370282225947, 2155.903242894977], [1621.407966160879, 2458.8508142340197], [1015.4629717774053, 2798.096757105023]], '쪽로크9', 0.013650530017912388)]
[([[2, 22], [471, 22], [471, 230], [2, 230]], '젯회관관', 0.017151938751339912), ([[660, 781], [833, 781], [833, 883], [660, 883]], '9양찌', 0.006013368853789885), ([[1015, 1110], [1105, 1110], [1105, 1189], [1015, 1189]], '품절', 0.9688185223731085), ([[1027, 1180], [1134, 1180], [1134, 1247], [1027, 1247]], '(임밖!', 0.5422922372817993), ([[894, 1488], [980, 1488], [980, 1569], [894, 1569]], '시', 0.19418617338887145), ([[1098, 2164], [1327, 2164], [1327, 2385], [1098, 2385]], '표도', 0.09776066819170576), ([[1424, 2567], [1617, 2567], [1617, 2702], [1424, 2702]], '붐문', 0.09152255707160478), ([[1738, 2827], [1827, 2827], [1827, 2871], [1738, 2871]], '히87', 0.015275141251314952), ([[54.538376572440356, 206.19977908834494], [680.7165460460878, 113.32489039123514], [692.4616234275596, 265.80022091165506], [66.28345395391216, 358.67510960876484]], '보짓물이멈춘질', 0.2632702878889486), ([[89.87832130144554, 329.4524458565049], [650.4951067362995, 253.58911339410136], [659.1216786985544, 411.5475541434951], [98.5048932637005, 487.4108866058986]], '@아오엉엉쇼', 0.15420645535841795), ([[712.0479255086583, 1030.050499781388], [813.639143232163, 1067.4770643658285], [783.9520744913417, 1141.949500218612], [683.360856767837, 1105.5229356341715]], '우유', 0.9998437230625521), ([[338.9633121103224, 1056.0414013790303], [481.18206749282444, 1098.4615826987517], [446.0366878896776, 1206.9585986209697], [303.81793250717556, 1164.5384173012483]], '콤끄드', 0.008144709461014043), ([[1317.493376548387, 1131.2109216354831], [1513.9819949344956, 1091.782574333096], [1530.506623451613, 1219.7890783645169], [1334.0180050655044, 1259.217425666904]], '옆량', 0.00861408663218633), ([[690.104466528811, 1107.04466528811], [834.8711550976765, 1151.4825655753975], [808.895533471189, 1224.95533471189], [665.1288449023235, 1180.5174344246025]], '공짜나', 0.10870439559221268), ([[1138.3250215347814, 1462.082717501293], [1342.3700324982015, 1449.5003699590395], [1342.6749784652186, 1596.917282498707], [1138.6299675017985, 1609.4996300409605]], '흉질', 0.11215073070369248), ([[163.0549075079291, 1713.0279368840017], [393.5518101842309, 1780.2395213079114], [349.9450924920709, 1913.9720631159983], [118.44818981576911, 1846.7604786920886]], '분문', 0.22382781325103648), ([[1567.9657964027856, 1727.038251437606], [1765.2484087191397, 1769.4745534573235], [1734.0342035972144, 1889.961748562394], [1536.7515912808603, 1847.5254465426765]], '음_', 0.05548487212369056), ([[879.0536126860476, 1944.0344937988527], [1071.6919011541163, 2000.1865243747034], [1035.9463873139523, 2106.9655062011475], [843.3080988458836, 2050.8134756252966]], '{2만', 0.01297765268683182), ([[613.0191083287832, 2012.2439491562016], [798.7773107833564, 1936.8361677333014], [839.9808916712168, 2062.7560508437987], [654.2226892166436, 2137.1638322666986]], '1사*드', 0.05332707613706589), ([[405.7946090995089, 2256.696280037839], [792.7512077270333, 2044.8504977345117], [885.2053909004911, 2267.303719962161], [497.24879227296674, 2479.149502265488]], '주금', 0.20718841657395334), ([[1564.0251416753708, 2309.235198345519], [1698.305914568663, 2247.7904240316884], [1736.9748583246292, 2342.764801654481], [1601.694085431337, 2404.2095759683116]], '891', 0.17926215737085507), ([[893.142479855491, 2485.1963025838118], [1506.7192506249708, 2161.3116664362947], [1619.857520144509, 2462.8036974161882], [1006.2807493750292, 2787.6883335637053]], '포로호트', 0.005261339712888002)]
[]
[]
[]
[]
[]
[]
[([[1062, 1116], [1095, 1116], [1095, 1176], [1062, 1176]], '절', 0.35435798457956835), ([[1135, 2269], [1370, 2269], [1370, 2386], [1135, 2386]], '도 =', 0.21778216332289038), ([[709.9745072926245, 1027.052720738457], [814.5030902780209, 1062.8869187020277], [785.0254927073755, 1143.947279261543], [679.4969097219791, 1107.1130812979723]], '우유', 0.999087558408086), ([[704.347727437143, 1112.0427285222872], [744.6938301239198, 1125.630190062389], [719.652272562857, 1197.9572714777128], [680.3061698760802, 1184.369809937611]], '공', 0.585367068710184), ([[1011.3627110670069, 1130.0684709082316], [1037.4561715527618, 1121.034884907048], [1058.6372889329932, 1181.9315290917684], [1033.5438284472382, 1191.965115092952]], '', 0.0), ([[742.3516449153894, 1127.0351332215832], [828.8940313985348, 1187.8773273526601], [798.6483550846106, 1230.9648667784168], [712.1059686014652, 1170.1226726473399]], '짜', 0.9663101717544578), ([[1131.2534261467808, 2158.02536435768], [1337.9889567075204, 2236.5072216723083], [1300.7465738532192, 2326.97463564232], [1093.0110432924796, 2247.4927783276917]], '또 또', 0.9031127691268921), ([[462.3435976452972, 2332.0153964679457], [670.8011635594391, 2264.8428240180806], [698.6564023547028, 2366.9846035320543], [489.19883644056085, 2433.1571759819194]], '꼬간', 0.01946429120184298)]
[([[28, 68], [302, 68], [302, 158], [28, 158]], '지취관남?', 0.11435707152249963), ([[27, 137], [598, 137], [598, 239], [27, 239]], '저클 이렇제 묶어버리면', 0.10013573418806412), ([[33, 218], [612, 218], [612, 310], [33, 310]], '업무름 -제대로-이행활수', 0.1992124373510481), ([[36, 289], [287, 289], [287, 382], [36, 382]], '없습니다}', 0.760594763488114), ([[28, 356], [715, 356], [715, 455], [28, 455]], '제정신이신라면 풀어주세요', 0.3313920899149155), ([[311, 1061], [493, 1061], [493, 1182], [311, 1182]], '@89', 0.04375291858597594), ([[1013, 2327], [1124, 2327], [1124, 2406], [1013, 2406]], '930', 0.25192822025136896), ([[1737, 2824], [1828, 2824], [1828, 2872], [1737, 2872]], '꼴7', 0.03910748470388261)]
[([[20, 104], [783, 104], [783, 279], [20, 279]], '제가당신음판결륭수-있앗', 0.0032653188411837916), ([[29, 189], [778, 189], [778, 357], [29, 357]], '진출코지발동록 해주세요보', 0.001977856080586778), ([[35, 305], [489, 305], [489, 461], [35, 461]], '@이옷?', 0.18812857568264008), ([[1127, 1447], [1352, 1447], [1352, 1611], [1127, 1611]], '움질', 0.03122552097436266), ([[1232, 1709], [1269, 1709], [1269, 1753], [1232, 1753]], '2', 0.6618266451522778), ([[117, 1757], [319, 1757], [319, 1918], [117, 1918]], '빛질', 0.003061050038078344), ([[1557, 1807], [1624, 1807], [1624, 1860], [1557, 1860]], '스', 0.03438088274324813), ([[1737, 2824], [1831, 2824], [1831, 2872], [1737, 2872]], '꼴7', 0.03952133910158579), ([[1311.3321081246004, 1101.3284324984013], [1482.3518226260182, 1064.8412948919843], [1496.6678918753996, 1162.6715675015987], [1325.6481773739818, 1199.1587051080157]], '문금어)', 0.08368439227342606), ([[907.9764597529065, 2350.0327721453414], [1070.8839693810737, 2402.129100966354], [1024.0235402470935, 2537.9672278546586], [861.1160306189264, 2484.870899033646]], '꾸울', 0.5421004434455755)]
[([[15, 27], [549, 27], [549, 180], [15, 180]], '여정의신체일뷰름', 0.07804744238176206), ([[18, 105], [664, 105], [664, 267], [18, 267]], '통하든최유직데왜 ', 0.0012032793356752769), ([[35, 298], [408, 298], [408, 450], [35, 450]], '아룻하양드', 0.07761691129348783), ([[660, 728], [844, 728], [844, 818], [660, 818]], '&길', 0.01260620260822892), ([[1127, 1447], [1352, 1447], [1352, 1611], [1127, 1611]], '움질', 0.027336335807994258), ([[115, 1757], [316, 1757], [316, 1916], [115, 1916]], '@질', 0.003128793855976517), ([[1557, 1809], [1621, 1809], [1621, 1858], [1557, 1858]], '2', 0.016741857270440086), ([[557, 2338], [802, 2338], [802, 2510], [557, 2510]], '8간', 0.02258266291995415), ([[1633, 2648], [1664, 2648], [1664, 2677], [1633, 2677]], '^', 0.5306541654806871), ([[1737, 2824], [1831, 2824], [1831, 2872], [1737, 2872]], '8', 0.09949735424556039), ([[37.75360678589437, 239.19555867959792], [366.98125987679487, 211.95525899924428], [368.24639321410564, 321.8044413204021], [39.01874012320515, 350.0447410007557]], '더이상은꽤', 0.04895114132900074), ([[1150.0061162653265, 816.0550463879374], [1295.7482778781848, 849.8863221233917], [1275.9938837346735, 923.9449536120626], [1129.2517221218152, 890.1136778766083]], '으응2', 0.14433020295574264), ([[334.896170436093, 1080.446979482716], [474.3080022271291, 1040.7784974944798], [494.103829563907, 1135.553020517284], [355.6919977728709, 1174.2215025055202]], '원30', 0.030400262767237025), ([[1311.3321081246004, 1101.3284324984013], [1482.3518226260182, 1064.8412948919843], [1496.6678918753996, 1162.6715675015987], [1325.6481773739818, 1199.1587051080157]], '문금)', 0.06209321558349844), ([[994.213488877093, 2313.100051006128], [1236.5679728640814, 2297.5200169599493], [1236.7865111229069, 2433.899948993872], [993.4320271359186, 2449.4799830400507]], '운플9', 0.00323115992632497)]
[([[29, 19], [656, 19], [656, 236], [29, 236]], '@양교@양디', 0.014573707335805854), ([[44, 287], [472, 287], [472, 493], [44, 493]], '하아아양(', 0.08025826466569844), ([[1129, 1446], [1353, 1446], [1353, 1614], [1129, 1614]], '움질', 0.020647694156723063), ([[1557, 1807], [1626, 1807], [1626, 1860], [1557, 1860]], '스', 0.007133073380616806), ([[1002, 2103], [1478, 2103], [1478, 2419], [1002, 2419]], "'4", 0.053214531635405515), ([[991, 2446], [1257, 2446], [1257, 2583], [991, 2583]], '목수 !', 0.007406753487884998), ([[1548, 2621], [1635, 2621], [1635, 2677], [1548, 2677]], '[~', 0.011681462623580522), ([[1633, 2648], [1662, 2648], [1662, 2675], [1633, 2675]], '^', 0.31512505135596314), ([[1737, 2824], [1828, 2824], [1828, 2872], [1737, 2872]], '8', 0.03602947389274669), ([[44.661337688330306, 213.16163135597822], [504.80434745360617, 174.73720497176444], [505.3386623116697, 318.8383686440218], [44.19565254639382, 357.26279502823553]], '싫어오교', 0.4230857193470001), ([[726.9120750480483, 770.3186401537548], [816.2993930179179, 757.426551231112], [822.0879249519517, 815.6813598462452], [732.7006069820821, 829.573448768888]], '@유', 0.0784384771441161), ([[1149.9722839463795, 828.058870333502], [1339.6828743911396, 852.631943347871], [1325.0277160536205, 932.941129666498], [1135.3171256088604, 908.368056652129]], '야양', 0.1145148667847286), ([[338.3934820178989, 1077.3132762733856], [476.6341707955613, 1045.0804396419878], [492.6065179821011, 1139.6867237266144], [354.3658292044387, 1171.9195603580122]], '930', 0.10643224775477676), ([[1311.3321081246004, 1101.3284324984013], [1483.376933286654, 1064.870695075188], [1497.6678918753996, 1162.6715675015987], [1325.623066713346, 1199.129304924812]], '문금)', 0.014067004793146006), ([[1190.371374144502, 1658.1110312548647], [1265.700557505598, 1609.0204666542745], [1347.628625855498, 1754.8889687451353], [1272.299442494402, 1803.9795333457255]], '도', 0.12273290130346837), ([[133.97158397316787, 1739.0311355572699], [339.1571513339713, 1797.7135587801292], [294.02841602683213, 1937.9688644427301], [89.84284866602869, 1879.2864412198708]], '흉질', 0.03239414938644976), ([[334.9135672673225, 2020.0168660077836], [830.2368060728063, 2122.0311932244813], [757.0864327326775, 2411.9831339922166], [260.76319392719364, 2309.9688067755187]], "'랍", 0.009301719795382248)]
[([[4, 30], [495, 30], [495, 219], [4, 219]], '아용 음웃드', 0.13353053452361124), ([[5, 126], [714, 126], [714, 355], [5, 355]], '제발제발이런지', 0.029507487826959392), ([[29, 295], [448, 295], [448, 464], [29, 464]], '마제요품', 0.19356487691402435), ([[672, 751], [857, 751], [857, 835], [672, 835]], '8이', 0.09301547485508939), ([[1001, 2281], [1173, 2281], [1173, 2403], [1001, 2403]], '숨3', 0.405580770175527), ([[1737, 2824], [1831, 2824], [1831, 2872], [1737, 2872]], '꼴7', 0.038035262821478434), ([[1153.0984799331588, 800.0582954853234], [1299.8513184264827, 828.5649265458043], [1284.9015200668412, 890.9417045146766], [1138.1486815735173, 862.4350734541957]], '하아0', 0.03199389212183519), ([[339.3321081246003, 1077.3284324984013], [476.77817459305203, 1046.221825406948], [491.6678918753997, 1138.6715675015987], [353.22182540694797, 1169.778174593052]], '99', 0.027542589740848597), ([[1314.6837947269396, 1137.2719378531463], [1468.7019045577101, 1108.6218602881463], [1480.3162052730604, 1198.7280621468537], [1325.2980954422899, 1227.3781397118537]], '문공어', 0.3026417876759321), ([[1140.3250215347814, 1463.082717501293], [1338.0471713756879, 1448.1017744979547], [1340.6749784652186, 1597.917282498707], [1141.9528286243121, 1611.8982255020453]], '움?', 0.015565715017457729), ([[1190.0586996752022, 1662.1580680187335], [1259.7088193690531, 1608.0209526630013], [1352.9413003247978, 1746.8419319812665], [1283.2911806309469, 1800.9790473369987]], '2', 0.14259588279049584), ([[167.001725626825, 1712.029335656025], [393.5045369302665, 1780.9256582473402], [347.998274373175, 1915.970664343975], [121.49546306973346, 1848.0743417526598]], '부문', 0.09690602786988635), ([[881.1098694923369, 2549.2107993294994], [1565.6728321088503, 2407.6156178744613], [1599.8901305076631, 2712.7892006705006], [915.3271678911495, 2854.3843821255387]], '만화로 움', 0.00933616736161365), ([[642.3251296263551, 2485.0739647778123], [848.3040193982048, 2471.4942001832837], [850.6748703736449, 2635.9260352221877], [644.6959806017952, 2649.5057998167163]], '응필', 0.5231561555891312)]
[([[5, 51], [532, 51], [532, 243], [5, 243]], '하@하@드', 0.00608626754522103), ([[651, 741], [818, 741], [818, 842], [651, 842]], '&원', 0.03535511238205947), ([[1133, 1450], [1353, 1450], [1353, 1611], [1133, 1611]], '움질', 0.04609582792075504), ([[1003, 2281], [1173, 2281], [1173, 2403], [1003, 2403]], '숨3', 0.5128861211045074), ([[1425, 2570], [1578, 2570], [1578, 2696], [1425, 2696]], '부물', 0.12822426457109265), ([[339.3934820178989, 1077.3132762733856], [477.8139357461783, 1046.2577517377317], [491.6065179821011, 1139.6867237266144], [353.1860642538217, 1169.7422482622683]], '90', 0.07169065905378008), ([[1312.3909097485723, 1139.3463660697173], [1468.613519681382, 1106.516612146323], [1481.6090902514277, 1195.6536339302827], [1325.386480318618, 1228.483387853677]], '문근어', 0.06296642141211313), ([[1191.7852532131767, 1652.06727891859], [1266.6694882749562, 1615.0203922907192], [1331.2147467868233, 1763.93272108141], [1256.3305117250438, 1800.9796077092808]], '도', 0.8680980830894249), ([[167.89842388543624, 1718.0357278357183], [387.88516275958307, 1762.9451173337911], [352.1015761145637, 1905.9642721642817], [133.11483724041693, 1860.0548826662089]], '분문', 0.05345818080834795), ([[48.746620270071226, 2383.072614186104], [489.86554702408847, 2307.420910171411], [518.2533797299287, 2607.927385813896], [76.13445297591151, 2684.579089828589]], '움이', 0.10083406759150114), ([[644.109429338601, 2490.09429338601], [891.1229762682567, 2466.498018049495], [895.890570661399, 2627.90570661399], [647.8770237317433, 2651.501981950505]], "유필'", 0.11819931611749902)]
[([[639, 740], [811, 740], [811, 839], [639, 839]], '@응)', 0.4491132554956949), ([[1135, 1453], [1352, 1453], [1352, 1609], [1135, 1609]], '흉)', 0.08047950566072404), ([[1465, 2556], [1698, 2556], [1698, 2696], [1465, 2696]], '분말', 0.2901501818652384), ([[26.33012851325436, 262.66602570265087], [709.8746678769446, 138.91765507417546], [732.6698714867456, 267.33397429734913], [49.125332123055415, 392.08234492582454]], '분분끄런원오', 0.36428951291827044), ([[339.3321081246003, 1077.3284324984013], [476.596937604523, 1044.044716282056], [492.6678918753997, 1138.6715675015987], [355.403062395477, 1170.955283717944]], '930', 0.10573201196205301), ([[1312.3235613621391, 1140.3648209037005], [1468.642914835079, 1107.5512906079023], [1481.6764386378609, 1195.6351790962995], [1325.357085164921, 1228.4487093920977]], '문관어', 0.098452920728295), ([[1196.179107398177, 1664.1671799501553], [1255.7175698882074, 1622.0257785539152], [1328.820892601823, 1737.8328200498447], [1270.2824301117926, 1780.9742214460848]], '톤', 0.11228333840159621), ([[170.02024696614436, 1717.030025548153], [392.3943163994517, 1776.6393781872798], [350.9797530338557, 1911.969974451847], [128.60568360054828, 1851.3606218127202]], '붐문', 0.05025978928505378), ([[550.4269419879445, 2342.15823010235], [822.4335616168338, 2287.759031780831], [843.5730580120555, 2464.84176989765], [571.5664383831662, 2519.240968219169]], '(자', 0.03283297871621889), ([[233.2802656784306, 2724.3885579247044], [302.16034061927485, 2713.548011588494], [306.7197343215694, 2752.6114420752956], [237.83965938072515, 2763.451988411506]], '사', 0.7910393671483149)]
[([[27, 25], [527, 25], [527, 221], [27, 221]], '@하야켓양드', 0.004980871549503963), ([[34, 119], [757, 119], [757, 348], [34, 348]], '준의천되워이씩', 0.0008672392710413358), ([[633, 794], [812, 794], [812, 898], [633, 898]], '@80', 0.040293231234971305), ([[894, 1488], [984, 1488], [984, 1569], [894, 1569]], '시', 0.25339778583785133), ([[1735, 2824], [1828, 2824], [1828, 2872], [1735, 2872]], '[7', 0.12382350169156461), ([[1694.2135642147755, 1705.0238095437944], [1787.243357506073, 1752.4741351538178], [1714.7864357852245, 1895.9761904562056], [1621.756642493927, 1848.5258648461822]], '4', 0.012721620166007475), ([[168.91248848746318, 1717.0348204044253], [388.9263057503651, 1764.0541791865303], [352.0875115125368, 1906.9651795955747], [132.07369424963494, 1859.9458208134697]], '분%', 0.017092121961483853), ([[923.9903952519923, 2001.0809011247038], [1293.2787081435176, 1958.3789878589057], [1302.0096047480079, 2174.919098875296], [933.7212918564823, 2217.6210121410945]], '`경8', 0.0016101967802548385), ([[1155.9079149223235, 2134.0102823753805], [1719.7122283870638, 2310.1140108357904], [1559.0920850776765, 2780.9897176246195], [996.2877716129361, 2604.8859891642096]], '팩?', 0.15990999011310375), ([[177.58229367635286, 2266.0635798507046], [688.1683443535444, 2157.1690332644944], [738.4177063236472, 2547.9364201492954], [227.8316556464556, 2656.8309667355056]], '부렵', 0.07214983729592789)]
[([[61, 877], [478, 877], [478, 1215], [61, 1215]], '돕', 0.03458160736460414), ([[1601, 975], [1729, 975], [1729, 1112], [1601, 1112]], '0', 0.9967187186185242), ([[894, 1488], [980, 1488], [980, 1569], [894, 1569]], '시', 0.151622616095338), ([[1735, 2824], [1826, 2824], [1826, 2872], [1735, 2872]], "'", 0.5768610242840033), ([[31.52376931705562, 91.17113908280047], [570.8947319881206, 45.78968349843788], [570.4762306829443, 198.82886091719953], [31.105268011879403, 244.21031650156212]], '아용양텅양느', 0.017742488125291007), ([[52.68635850198024, 235.2158962549506], [643.786089634869, 147.6913254926345], [655.3136414980198, 291.78410374504944], [64.21391036513106, 379.3086745073655]], '보지속미덧문', 0.08234960207586955), ([[83.56454657257284, 357.5888223185195], [596.6220468300562, 284.29540062050444], [605.4354534274272, 427.4111776814805], [92.37795316994384, 500.70459937949556]], '뜨워오없이', 0.12440568057248969), ([[108.64334004280504, 478.1467203424403], [478.5759112611926, 434.71349549824754], [484.35665995719495, 595.8532796575597], [113.42408873880741, 639.2865045017525]], '아아흥드', 0.040797796100378036), ([[1112.2486192432345, 880.0353639782874], [1223.999053422466, 939.8769376396543], [1189.7513807567655, 1001.9646360217126], [1078.000946577534, 942.1230623603457]], '@8@', 0.0074720873745225125), ([[1687.2917949420223, 1711.022821601347], [1774.7162916065934, 1744.2898390012733], [1718.7082050579777, 1887.977178398653], [1631.2837083934066, 1854.7101609987267]], '4', 0.09583023566301563), ([[168.91248848746318, 1717.0348204044253], [388.9263057503651, 1764.0541791865303], [352.0875115125368, 1906.9651795955747], [132.07369424963494, 1859.9458208134697]], '분%', 0.013080505427357813), ([[37.6267536203415, 2207.1238492366447], [715.4288753133924, 2045.4934016210448], [770.3732463796584, 2434.8761507633553], [93.57112468660759, 2596.5065983789555]], '제경다', 0.0636184780862207), ([[1201.2070144064612, 2127.006835574746], [1801.9909583759504, 2469.087997992545], [1604.7929855935388, 2798.993164425254], [1004.0090416240497, 2456.912002007455]], "'젓하등", 0.0037121959030628204)]
[([[1151, 818], [1392, 818], [1392, 939], [1151, 939]], '태매)', 0.0017589569201424192), ([[1569, 1590], [1762, 1590], [1762, 1737], [1569, 1737]], '움질', 0.01792332612415244), ([[862, 1650], [1826, 1650], [1826, 2739], [862, 2739]], '@', 0.06994862719986727), ([[1735, 2824], [1828, 2824], [1828, 2872], [1735, 2872]], '[', 0.7026017772934665), ([[20.797308888378538, 164.54735177537913], [612.8597880068262, 53.86947370075741], [633.2026911116214, 260.4526482246209], [41.140211993173764, 371.1305262992426]], '하의으웃}', 0.011409461532086398), ([[88.89059274635181, 344.99212621806845], [761.6792943676187, 198.28585012724406], [795.1094072536482, 410.00787378193155], [122.32070563238132, 556.7141498727559]], '따지마제퍼빼', 0.007679617205766545), ([[224.00138217066748, 976.0262612426823], [467.39449445611194, 1051.2415786542103], [415.9986178293325, 1203.9737387573177], [171.60550554388803, 1127.7584213457897]], '숨*0', 0.003182950148565325), ([[1378.8054836946833, 1067.1271597742762], [1619.852387624687, 1023.9957177400897], [1638.1945163053167, 1190.8728402257238], [1396.147612375313, 1234.0042822599103]], '넘3어', 0.08290127204847478), ([[168.91248848746318, 1717.0348204044253], [387.96396645436414, 1765.1560479943846], [352.0875115125368, 1906.9651795955747], [132.03603354563586, 1858.8439520056154]], '분문', 0.050169259540800024), ([[36.603109752811896, 2207.122914588804], [714.9915041598665, 2043.6217489870762], [771.3968902471881, 2438.877085411196], [93.00849584013355, 2601.3782510129236]], '제려', 0.07415049657303172)]
[([[1015, 1112], [1101, 1112], [1101, 1189], [1015, 1189]], '품절', 0.9811629320073524), ([[1134, 2271], [1370, 2271], [1370, 2386], [1134, 2386]], '또 -', 0.6618789434432983), ([[1738, 2827], [1827, 2827], [1827, 2871], [1738, 2871]], '꼴87', 0.039850852123315454), ([[709.9950129403813, 1026.050628109775], [815.5805136144014, 1065.1340343888544], [785.0049870596187, 1144.949371890225], [679.4194863855986, 1105.8659656111456]], '우유', 0.9996807946931736), ([[704.347727437143, 1112.0427285222872], [743.6938301239198, 1125.630190062389], [719.652272562857, 1197.9572714777128], [679.3061698760802, 1184.369809937611]], '공', 0.883689419052164), ([[740.3446046887868, 1127.0359026679605], [829.9075863624644, 1186.9509893375064], [799.6553953112132, 1229.9640973320395], [711.0924136375356, 1170.0490106624936]], '짜"', 0.14827748043826658), ([[880.0671591453302, 1942.0335121200899], [1071.7178138371542, 2000.3060788423763], [1035.9328408546698, 2106.9664878799103], [843.282186162846, 2048.6939211576237]], '{2병', 0.008051865631905217), ([[613.615313810367, 2010.9998159069542], [794.6585372662867, 1938.7513375257408], [835.384686189633, 2065.000184093046], [654.3414627337133, 2137.248662474259]], '1사*', 0.027553726624171243), ([[1127.2379464145386, 2159.0264283693555], [1336.9995615695807, 2240.901789628843], [1300.7620535854614, 2324.9735716306445], [1091.0004384304193, 2243.098210371157]], '또 또', 0.386591382122962), ([[465.54331188375073, 2325.858279709377], [675.0806678156856, 2269.155162715443], [697.4566881162492, 2373.141720290623], [487.91933218431444, 2430.844837284557]], '꼬간', 0.008968735322257834)]
[([[24, 99], [347, 99], [347, 248], [24, 248]], '하웃0아_', 0.0455570498043923), ([[62, 236], [155, 236], [155, 358], [62, 358]], '앞', 0.974980526734953), ([[1015, 1112], [1101, 1112], [1101, 1191], [1015, 1191]], '품절', 0.9807850679829577), ([[1030, 1180], [1134, 1180], [1134, 1247], [1030, 1247]], '임밖!', 0.9098801229151614), ([[1149, 1366], [1584, 1366], [1584, 1704], [1149, 1704]], '틀생', 0.08413440329837193), ([[860, 1962], [1013, 1962], [1013, 2074], [860, 2074]], '1법주', 0.03487387747856629), ([[1141, 2273], [1250, 2273], [1250, 2377], [1141, 2377]], '또', 0.31804531938638547), ([[1276, 2300], [1365, 2300], [1365, 2379], [1276, 2379]], '주', 0.20454734524005946), ([[1738, 2827], [1830, 2827], [1830, 2871], [1738, 2871]], '꼴', 0.056859606176581146), ([[134.978441701598, 214.28789684830963], [602.8390635525186, 162.01650663204896], [606.0215582984019, 297.71210315169037], [139.1609364474814, 348.98349336795104]], '으지회관}', 0.07188316085046674), ([[79.83576850729416, 332.2803036408473], [646.9172116237064, 275.8511829691613], [649.1642314927059, 423.7196963591527], [82.08278837629356, 481.1488170308387]], '말씀집들음께요', 0.4028817489795), ([[101.87867965644035, 466.1507575950825], [341.3135780267823, 435.434032677021], [349.12132034355966, 565.8492424049175], [109.68642197321769, 596.565967322979]], '헤으응하', 0.39989110827445984), ([[716.9127277988578, 841.2770928557738], [810.1940990394277, 820.9154839823848], [823.0872722011422, 893.7229071442262], [729.8059009605723, 915.0845160176152]], '8%', 0.5093583560751098), ([[1127.0652700194607, 859.054795165417], [1257.833288468305, 893.3753179473144], [1237.9347299805393, 959.945204834583], [1107.166711531695, 924.6246820526856]], '985', 0.842886623767189), ([[711.0274673730843, 1031.0526998323749], [812.514857423867, 1064.0850037648022], [784.9725326269157, 1140.9473001676251], [684.485142576133, 1107.9149962351978]], '우유', 0.9996260093529579), ([[336.98746032519216, 1058.0394921624597], [520.4335859835161, 1102.204484278716], [489.01253967480784, 1211.9605078375403], [305.5664140164839, 1167.795515721284]], '옆*어', 0.012579464650739555), ([[1317.0259849793654, 1138.3195309050807], [1509.8994949366117, 1090.1005050633883], [1531.9740150206346, 1211.6804690949193], [1339.1005050633883, 1260.8994949366117]], '위휴', 0.011975171651271573), ([[691.1385883402016, 1104.0413187380975], [834.8510786973017, 1149.3695381347077], [808.8614116597984, 1225.9586812619025], [665.1489213026983, 1180.6304618652923]], '공짜+', 0.1320055661647087), ([[-28.99818968843151, 1313.2166548664302], [483.0331123449617, 1166.7078517113073], [541.9981896884315, 1478.7833451335698], [28.966887655038317, 1625.2921482886927]], '옆원', 0.008340889489091579), ([[1585.8912545684402, 1570.036194897135], [1785.8469650176396, 1616.845838828101], [1748.1087454315598, 1756.963805102865], [1548.1530349823604, 1709.154161171899]], '움?', 0.022201203338665806), ([[170.96533630234052, 1716.0315153583845], [393.3379453918708, 1776.301964200621], [351.0346636976595, 1913.9684846416155], [127.66205460812921, 1852.698035799379]], '러문', 0.020679601488314197), ([[1599.9698835520326, 1707.0331950565046], [1771.2189229251167, 1765.0619452211058], [1725.0301164479674, 1893.9668049434954], [1552.7810770748833, 1835.9380547788942]], '4', 0.047953617166940354), ([[602.2446278264049, 2020.3180161743264], [790.4216738338607, 1931.3957576529942], [843.7553721735951, 2058.681983825674], [656.5783261661393, 2147.6042423470058]], "'스*드", 0.03869470953941345), ([[394.0260124922833, 2110.088738664345], [671.5256277658973, 2071.477478629969], [683.9739875077166, 2264.911261335655], [407.4743722341027, 2303.522521370031]], '(05', 0.8254423367439164), ([[1125.2326432122347, 2157.026797934957], [1335.9946328369579, 2235.656417723845], [1299.7673567877653, 2321.973202065043], [1090.0053671630421, 2243.343582276155]], '또 또', 0.6954922080039978), ([[464.81656055161216, 2325.078089268708], [678.6911183851879, 2264.3350000320675], [702.1834394483878, 2371.921910731292], [489.30888161481215, 2433.6649999679325]], '꼬간', 0.033203128639236676), ([[1176.94162767316, 2330.0224130865736], [1515.7307246067253, 2407.1353506346586], [1460.05837232684, 2615.9775869134264], [1121.2692753932747, 2537.8646493653414]], '48', 0.048664336783175395), ([[434.25426264024696, 2528.171462778692], [1116.174423188367, 2372.5872769562984], [1161.745737359753, 2718.828537221308], [480.825576811633, 2874.4127230437016]], '빗로%', 0.013201874266976782), ([[233.9719194937464, 2725.5522631393687], [300.20698345512227, 2714.6093396061815], [305.02808050625356, 2749.4477368606313], [238.79301654487773, 2760.3906603938185]], '사', 0.23951810601880652)]
[([[1737, 2824], [1831, 2824], [1831, 2872], [1737, 2872]], '꼴7', 0.053007407346560474)]
[([[1737, 2824], [1831, 2824], [1831, 2872], [1737, 2872]], '87', 0.10085651813737881)]
[([[1737, 2824], [1831, 2824], [1831, 2872], [1737, 2872]], '87', 0.10085651813737881)]
