2737218
35
[([[243, 222], [293, 222], [293, 342], [243, 342]], '후', 0.677100349410594), ([[983, 219], [1021, 219], [1021, 363], [983, 363]], '륙', 0.2704936533944), ([[159, 401], [195, 401], [195, 545], [159, 545]], '륙', 0.11507177694069526)]
[]
[]
[([[720, 70], [824, 70], [824, 192], [720, 192]], '째', 0.007207726482845234)]
[([[651.0075188236086, 805.0864664714993], [1000.9348912606363, 766.9435880523064], [1007.9924811763914, 965.9135335285007], [657.0651087393637, 1004.0564119476936]], '수', 0.2676463540278782)]
[([[950, 156], [1058, 156], [1058, 208], [950, 208]], '잠깐 ', 0.9651966691017151), ([[948, 214], [1062, 214], [1062, 266], [948, 266]], '아무리', 0.9999660002728236), ([[928, 268], [1081, 268], [1081, 328], [928, 328]], '카스망이', 0.939044713973999), ([[892, 330], [1118, 330], [1118, 384], [892, 384]], '귀엽다곤 해도', 0.7981887789664394), ([[904, 386], [1066, 386], [1066, 442], [904, 442]], '야한 짓은', 0.998540821659925)]
[([[944, 228], [1092, 228], [1092, 280], [944, 280]], '안 되는"', 0.5241512701945668), ([[946, 286], [1096, 286], [1096, 340], [946, 340]], '하아양어', 0.3574323356151581), ([[1038, 1142], [1164, 1142], [1164, 1278], [1038, 1278]], '장진', 0.015316801157533073), ([[1087, 1281], [1173, 1281], [1173, 1401], [1087, 1401]], '9', 0.26158420444689057), ([[1188, 1502], [1212, 1502], [1212, 1530], [1188, 1530]], '0', 0.9996103427980394), ([[1149.3824924789055, 1401.0479518649956], [1178.4961389383568, 1393.0308884931453], [1199.6175075210945, 1472.9520481350044], [1170.5038610616432, 1480.9691115068547]], '0', 0.9169200174694971)]
[([[922, 192], [1002, 192], [1002, 246], [922, 246]], '움직', 0.998825316632177), ([[888, 252], [1030, 252], [1030, 304], [888, 304]], '이시면:', 0.8100106120109558), ([[900, 310], [1024, 310], [1024, 362], [900, 362]], '안 돼요', 0.6490176014566597), ([[648, 764], [1011, 764], [1011, 986], [648, 986]], '주', 0.9969295027571015), ([[1130, 1286], [1218, 1286], [1218, 1360], [1130, 1360]], '새', 0.013744853471413743), ([[305, 1315], [369, 1315], [369, 1409], [305, 1409]], '4', 0.12261150571826196), ([[433.6374463958007, 1578.0581228308683], [533.674505327332, 1518.0142237422326], [643.3625536041993, 1726.9418771691317], [543.325494672668, 1786.9857762577674]], '로', 0.1485871001519321)]
[([[1004, 214], [1106, 214], [1106, 264], [1004, 264]], '안돼:', 0.3987095407108966), ([[195, 843], [239, 843], [239, 1063], [195, 1063]], '물', 0.03968367540094975), ([[199, 1061], [239, 1061], [239, 1103], [199, 1103]], '0', 0.949521539537276), ([[1045, 1163], [1089, 1163], [1089, 1227], [1045, 1227]], '4', 0.4154305975562558), ([[1066, 1228], [1100, 1228], [1100, 1260], [1066, 1260]], '그', 0.7784484857966731), ([[608, 1284], [664, 1284], [664, 1346], [608, 1346]], "'4", 0.9156784487209692), ([[603, 1341], [641, 1341], [641, 1383], [603, 1383]], '0', 0.09989356984976272), ([[548, 1586], [572, 1586], [572, 1610], [548, 1610]], '"', 0.07390795871220135), ([[664.3718912928917, 256.0329672824716], [707.5024308066967, 244.02107340030986], [739.6281087071083, 362.9670327175284], [697.4975691933033, 374.9789265996901]], ';', 0.1667231129490796), ([[900.2818716388167, 1086.1140372911257], [979.717138378008, 1033.0197953580544], [1068.7181283611833, 1186.8859627088743], [989.282861621992, 1239.9802046419456]], '덜', 0.009847164921880314), ([[469.8838446723414, 1169.0389788144826], [585.2975860604113, 1137.5879672316285], [634.1161553276586, 1343.9610211855174], [518.7024139395887, 1376.4120327683715]], '술', 0.6764532885426888), ([[1057.8484673703015, 1347.0604400178645], [1132.6654456644208, 1312.020146537057], [1197.1515326296985, 1463.9395599821355], [1122.3345543355792, 1498.979853462943]], ':', 0.10100713562991714), ([[501.24001230982435, 1437.0321452559276], [570.9566856244714, 1427.4995288296445], [586.7599876901756, 1572.9678547440724], [517.0433143755286, 1582.5004711703555]], '낫', 0.12466818334620289)]
[([[660, 38], [714, 38], [714, 94], [660, 94]], '벼', 0.05543480773576448), ([[930, 208], [1081, 208], [1081, 268], [930, 268]], '와버려어', 0.9287233948707581), ([[251, 629], [315, 629], [315, 753], [251, 753]], '옷', 0.9503677327671198), ([[575, 1075], [637, 1075], [637, 1153], [575, 1153]], '4', 0.06980556222737633), ([[1039, 1279], [1187, 1279], [1187, 1413], [1039, 1413]], '("', 0.18547310006238626), ([[1142, 1382], [1190, 1382], [1190, 1448], [1142, 1448]], '다', 0.827324160371635), ([[551, 1421], [737, 1421], [737, 1619], [551, 1619]], '/"', 0.1861173350110846), ([[1161.1467181663481, 1451.0405407466544], [1248.9912025159324, 1509.602159180711], [1205.8532818336519, 1573.9594592533456], [1118.0087974840676, 1515.397840819289]], '~', 0.16285231305047976), ([[666.0034542417551, 1578.0414509010614], [820.6076401924192, 1625.9565333641829], [786.9965457582449, 1721.9585490989386], [633.3923598075808, 1675.0434666358171]], '나 ^', 0.07711846546002805)]
[([[840, 118], [894, 118], [894, 210], [840, 210]], '하', 0.880388235881302), ([[674, 256], [728, 256], [728, 350], [674, 350]], '하', 0.9958164431624006), ([[294, 666], [344, 666], [344, 714], [294, 714]], '하', 0.9998189292865653), ([[295, 711], [343, 711], [343, 751], [295, 751]], '아', 0.9995658868912329), ([[666, 1552], [748, 1552], [748, 1632], [666, 1632]], '(@', 0.042871893840124096), ([[705.3652836724389, 1620.0336665209254], [746.4244657378453, 1596.0150330963827], [815.6347163275611, 1725.9663334790746], [774.5755342621547, 1748.9849669036173]], '@', 0.9927222113891645)]
[([[1042, 176], [1156, 176], [1156, 228], [1042, 228]], '카스망', 0.9719819763455135), ([[168, 242], [248, 242], [248, 296], [168, 296]], '다들', 0.9802908412746819), ([[1041, 230], [1159, 230], [1159, 290], [1041, 290]], '최선올', 0.8825398939195276), ([[152, 302], [264, 302], [264, 356], [152, 356]], '칭찬해', 0.998519228349179), ([[1060, 292], [1138, 292], [1138, 346], [1060, 346]], '다해', 0.9999920764016744), ([[112, 359], [263, 359], [263, 413], [112, 413]], '짚거든요-', 0.12677497998236353), ([[888, 290], [942, 290], [942, 426], [888, 426]], '1 ', 0.00687158751824462), ([[1062, 348], [1136, 348], [1136, 398], [1062, 398]], '노력', 0.9998792092689938), ([[118, 418], [299, 418], [299, 472], [118, 472]], '선배한데도', 0.8423649643882628), ([[1042, 408], [1158, 408], [1158, 462], [1042, 462]], '햇어요', 0.5423772931098938), ([[134, 476], [284, 476], [284, 530], [134, 530]], '칭찬받고', 0.45399555563926697), ([[130, 534], [278, 534], [278, 588], [130, 588]], '싶어요9', 0.7314005494117737), ([[817, 522], [878, 522], [878, 629], [817, 629]], '[4', 0.027613631596718306), ([[336, 572], [418, 572], [418, 648], [336, 648]], '(1', 0.4908478288158208), ([[375, 653], [419, 653], [419, 707], [375, 707]], '숲', 0.08143212037055392), ([[364, 720], [392, 720], [392, 750], [364, 750]], '0', 0.7952795750971156), ([[439.2397140787303, 482.0581415117469], [482.9621934252389, 477.4011091595963], [490.7602859212697, 556.941858488253], [447.0378065747611, 561.5988908404037]], "'", 0.47794312430307073)]
[([[662, 778], [1010, 778], [1010, 976], [662, 976]], '주시', 0.2612145953815731)]
[([[652.2060752794812, 785.064446384788], [1005.480798012976, 756.6634413909168], [1007.7939247205188, 973.935553615212], [654.519201987024, 1002.3365586090832]], '주', 0.27676525919105543)]
[([[652.2060752794812, 785.064446384788], [1005.480798012976, 756.6634413909168], [1007.7939247205188, 973.935553615212], [654.519201987024, 1002.3365586090832]], '주', 0.27676525919105543)]
[]
[([[647, 770], [1015, 770], [1015, 991], [647, 991]], '주 스', 0.44641682548694517)]
[([[676, 22], [852, 22], [852, 330], [676, 330]], '주', 0.711875036893673), ([[415, 243], [619, 243], [619, 487], [415, 487]], '7', 0.9884614744509044), ([[157, 717], [227, 717], [227, 761], [157, 761]], '그냥', 0.9998888184239918), ([[985, 555], [1195, 555], [1195, 763], [985, 763]], '거', 0.23814609962544697), ([[142, 766], [242, 766], [242, 814], [142, 814]], '선배가', 0.9994155566093018), ([[155, 817], [227, 817], [227, 861], [155, 861]], '하고', 0.999984911461574), ([[121, 864], [262, 864], [262, 916], [121, 916]], '싶으신거', 0.9954224824905396), ([[124, 918], [258, 918], [258, 966], [124, 966]], '잡아요? !', 0.24559328035719594), ([[910, 1362], [988, 1362], [988, 1414], [910, 1414]], '이게', 0.978499263539433), ([[876, 1418], [1026, 1418], [1026, 1474], [876, 1474]], '준비운동', 0.9997554421424866), ([[876, 1478], [1016, 1478], [1016, 1530], [876, 1530]], '이라니:', 0.8995036971859771)]
[([[955, 65], [993, 65], [993, 101], [955, 101]], '9', 0.9967953648176717), ([[386, 70], [536, 70], [536, 280], [386, 280]], '(1"', 0.28181701261607556), ([[622, 86], [810, 86], [810, 254], [622, 254]], '110', 0.7878830231316044), ([[833, 209], [941, 209], [941, 341], [833, 341]], '죽;', 0.5966467837389595), ([[130, 366], [202, 366], [202, 520], [130, 520]], '후', 0.6522176019575596), ([[180, 704], [234, 704], [234, 794], [180, 794]], '응', 0.999330036833701), ([[192, 794], [224, 794], [224, 828], [192, 828]], '신', 0.070047944850117), ([[138, 924], [224, 924], [224, 1004], [138, 1004]], '후우', 0.9559135153774434), ([[361, 873], [449, 873], [449, 1005], [361, 1005]], '응', 0.9963342229289971), ([[93, 1107], [129, 1107], [129, 1151], [93, 1151]], '3', 0.24337693130778693), ([[100, 1148], [124, 1148], [124, 1190], [100, 1190]], '"', 0.26968844518491153), ([[536, 1424], [590, 1424], [590, 1486], [536, 1486]], '102', 0.6962040529950141), ([[558, 1476], [588, 1476], [588, 1518], [558, 1518]], '4', 0.10134455123964248), ([[773, 1460], [836, 1460], [836, 1551], [773, 1551]], '흐', 0.8092477185618954), ([[774, 1546], [830, 1546], [830, 1634], [774, 1634]], '옷', 0.9620638795996115), ([[777, 1633], [821, 1633], [821, 1679], [777, 1679]], '~', 0.231332881710423), ([[871.9471635269132, 80.05050067989691], [955.0500264134366, 58.431303823207955], [989.0528364730868, 205.9494993201031], [905.9499735865634, 228.56869617679206]], '두', 0.0037536091898096036), ([[869.145605799779, 464.02282845586774], [1048.9861291694776, 568.333911284605], [980.854394200221, 682.9771715441323], [801.0138708305224, 578.666088715395]], '[3무', 0.007682481943032377), ([[1045.9299782952799, 549.1658654307356], [1116.665791775651, 482.0170603748044], [1244.0700217047201, 636.8341345692644], [1173.334208224349, 702.9829396251956]], '톱', 0.041353831535212215), ([[541.1914939927781, 1597.0468483378913], [596.080743352893, 1587.3164001391922], [613.8085060072219, 1696.9531516621087], [558.919256647107, 1706.6835998608078]], '옷', 0.31558328060799923)]
[([[1050, 110], [1076, 110], [1076, 134], [1050, 134]], '0', 0.7157994827289698), ([[307, 175], [471, 175], [471, 307], [307, 307]], '139', 0.0444564227246929), ([[836, 42], [934, 42], [934, 252], [836, 252]], '법', 0.6971253284315395), ([[1198, 536], [1248, 536], [1248, 568], [1198, 568]], '9', 0.6054662528509915), ([[126, 678], [318, 678], [318, 732], [126, 732]], '그렇게 퍽퍽', 0.8772112454624327), ([[148, 736], [298, 736], [298, 790], [148, 790]], '박아대면', 0.9883002638816833), ([[182, 794], [264, 794], [264, 848], [182, 848]], '분수', 0.9962241321135648), ([[473, 801], [517, 801], [517, 853], [473, 853]], '0', 0.9999992847443906), ([[130, 848], [317, 848], [317, 910], [130, 910]], '#어버리게', 0.3643152624452132), ([[132, 910], [314, 910], [314, 966], [132, 966]], '된다구요9', 0.6736611574001805), ([[696, 924], [776, 924], [776, 976], [696, 976]], '싫어', 0.9979546365876418), ([[692, 982], [812, 982], [812, 1032], [692, 1032]], '안 돼어', 0.6629247665405273), ([[960, 948], [1107, 948], [1107, 1165], [960, 1165]], '빛', 0.26029530604341744), ([[866, 1346], [942, 1346], [942, 1420], [866, 1420]], '아', 0.4356154556691685), ([[1040, 1444], [1072, 1444], [1072, 1488], [1040, 1488]], '0', 0.9999147671742072), ([[687, 1545], [777, 1545], [777, 1765], [687, 1765]], '약', 0.04927129253151841), ([[466.29122563734524, 29.01256297313627], [606.5962294493604, -8.830773879157451], [693.7087743626547, 350.98743702686374], [554.4037705506396, 389.83077387915745]], '(', 0.29957863497435255), ([[1016.3044124322612, 54.026920376169215], [1084.5897347419193, 66.94628711138742], [1057.6955875677388, 200.97307962383078], [989.4102652580806, 187.05371288861258]], '@', 0.5061611599003903), ([[364.98081366189746, 268.03714716799516], [528.1637218993875, 314.23382482953207], [491.01918633810254, 432.96285283200484], [327.83627810061245, 386.76617517046793]], '히', 0.020850039025381628), ([[1091.805955371748, 449.0595537174801], [1185.274775419684, 440.77125650763844], [1192.194044628252, 572.9404462825198], [1099.725224580316, 580.2287434923616]], '%@', 0.5832296021430565), ([[1150.4262837107244, 552.0413576039986], [1182.3282011773513, 568.781199215099], [1150.5737162892756, 628.9586423960014], [1118.6717988226487, 611.218800784901]], '8', 0.9981144027011659), ([[528.6469146776478, 762.008910617426], [580.0314091422191, 771.6904391109626], [538.3530853223522, 973.991089382574], [487.9685908577809, 963.3095608890374]], '}', 0.017712116318842286), ([[1045.0818185494163, 1148.085028705699], [1082.3936171834614, 1173.6133437521937], [1029.9181814505837, 1248.914971294301], [992.6063828165386, 1222.3866562478063]], '3', 0.7080863113400007), ([[1083.4890423984252, 1407.0217960615755], [1131.3516022768745, 1418.0233784373684], [1105.5109576015748, 1535.9782039384245], [1058.6483977231255, 1525.9766215626316]], '5', 0.49805444189274795), ([[1067.4343145750508, 1527.0402020253553], [1103.4519884115064, 1533.8396593807252], [1089.5656854249492, 1604.9597979746447], [1053.5480115884936, 1598.1603406192748]], '~', 0.02454440229868049)]
[([[749, 27], [885, 27], [885, 141], [749, 141]], '스', 0.716364746729198), ([[900, 210], [932, 210], [932, 246], [900, 246]], '0', 0.8708915011763487), ([[250, 198], [346, 198], [346, 482], [250, 482]], '올', 0.10580349857463123), ([[874, 588], [924, 588], [924, 708], [874, 708]], '총', 0.03955693596276433), ([[1011, 613], [1169, 613], [1169, 777], [1011, 777]], '나', 0.31419869970514824), ([[64, 774], [158, 774], [158, 848], [64, 848]], "0'?", 0.615615199799068), ([[847, 889], [883, 889], [883, 937], [847, 937]], '7', 0.7366057094507527), ([[845, 932], [932, 932], [932, 1069], [845, 1069]], '옷', 0.8746217380403323), ([[851, 1087], [889, 1087], [889, 1127], [851, 1127]], '~', 0.026714403067561676), ([[971, 1251], [1073, 1251], [1073, 1315], [971, 1315]], '7"', 0.3206007375284025), ([[1019, 1299], [1083, 1299], [1083, 1371], [1019, 1371]], '7', 0.9891617726338342), ([[695, 1661], [773, 1661], [773, 1721], [695, 1721]], '1"?', 0.09470656427634723), ([[449.74274828900406, 37.22206250972945], [732.2056674103912, -47.56845924153549], [776.257251710996, 157.77793749027055], [493.79433258960876, 243.5684592415355]], '5', 0.17894161326081903), ([[805.5082600965459, 516.017293370952], [859.1719028975918, 507.0987940475149], [882.4917399034541, 671.982706629048], [829.8280971024082, 679.9012059524852]], '8', 0.13455092723064244), ([[594.5912052259251, 1044.3283388133304], [788.800196284676, 1017.5103521384714], [794.4087947740749, 1097.6716611866696], [601.199803715324, 1125.4896478615285]], '가지로', 0.4673374593257904), ([[579.7691882862201, 1132.5998895441724], [785.897759205856, 1099.684284586964], [793.2308117137799, 1175.4001104558276], [587.102240794144, 1208.315715413036]], '가버', 0.9538796247250995), ([[580.9809298745072, 1254.359952736465], [728.5926509154689, 1154.1655831555265], [787.0190701254928, 1258.640047263535], [639.4073490845311, 1358.8344168444735]], '(@옷', 0.07849179219504741), ([[990.0625116774265, 1395.031423993655], [1152.7367223908757, 1462.2976939558932], [1104.9374883225735, 1571.968576006345], [942.2632776091243, 1503.7023060441068]], '서"7', 0.3462546087377445)]
[([[1018, 1028], [1092, 1028], [1092, 1110], [1018, 1110]], '2', 0.023781441432157102), ([[829, 1423], [1051, 1423], [1051, 1635], [829, 1635]], '교"', 0.10134826791949811), ([[1157.3829424939204, 57.027250181299294], [1275.9203318613772, 129.94690602109475], [1241.6170575060796, 183.9727498187007], [1124.0796681386228, 111.05309397890524]], '-0', 0.09150787015437294), ([[1130.0868184120002, 473.0598199312022], [1176.5718526761168, 450.02339735137383], [1226.9131815879998, 562.9401800687978], [1180.4281473238832, 585.9766026486262]], '종', 0.6831793960454888)]
[([[992, 183], [1171, 183], [1171, 316], [992, 316]], '아', 0.9986952033901595), ([[197, 326], [265, 326], [265, 469], [197, 469]], '음', 0.32186252048815334), ([[204, 1374], [376, 1374], [376, 1520], [204, 1520]], '(', 0.8176421306780277), ([[703.84272251348, 93.21361256739988], [775.3437072147753, 53.082378879950056], [829.15727748652, 164.78638743260012], [756.6562927852247, 204.91762112004994]], '7', 0.3175292126480258)]
[([[340, 178], [418, 178], [418, 230], [340, 230]], '선배', 0.9999015463814626), ([[160, 222], [274, 222], [274, 278], [160, 278]], '눈빛이', 0.999415694249553), ([[178, 282], [258, 282], [258, 334], [178, 334]], '조금', 0.9999939308592087), ([[157, 336], [276, 336], [276, 396], [157, 396]], '무서운', 0.9992856941638888), ([[148, 398], [282, 398], [282, 448], [148, 448]], '데요:?', 0.9572646617889404), ([[216, 1480], [334, 1480], [334, 1582], [216, 1582]], '@4', 0.19311286890797846), ([[238, 1584], [312, 1584], [312, 1640], [238, 1640]], '@8', 0.4336072003803602)]
[([[172, 254], [290, 254], [290, 330], [172, 330]], '으응', 0.998962333759393), ([[965, 551], [1007, 551], [1007, 595], [965, 595]], '50', 0.04548654486412536), ([[904, 558], [978, 558], [978, 638], [904, 638]], '뭐', 0.11022553513679956), ([[954, 626], [992, 626], [992, 656], [954, 656]], '그', 0.3276952970593392), ([[175, 1349], [313, 1349], [313, 1497], [175, 1497]], '{', 0.4213373945240164), ([[188, 1484], [300, 1484], [300, 1664], [188, 1664]], '88', 0.2183811544191391)]
[([[318, 176], [418, 176], [418, 224], [318, 224]], '그렇게', 0.5658964187104663), ([[333, 227], [375, 227], [375, 271], [333, 271]], '꽉', 0.9999901056534419), ([[318, 278], [418, 278], [418, 326], [318, 326]], '붙잡지', 0.9996629690610741), ([[122, 308], [254, 308], [254, 358], [122, 358]], '카스망은', 0.5373029112815857), ([[318, 328], [418, 328], [418, 376], [318, 376]], '않아도', 0.9982757071814435), ([[155, 363], [221, 363], [221, 407], [155, 407]], '어디', 0.999946811091495), ([[134, 412], [246, 412], [246, 460], [134, 460]], '안 간다', 0.7604478009748413), ([[136, 460], [213, 460], [213, 509], [136, 509]], '구요', 0.9998484432967704), ([[90, 1294], [194, 1294], [194, 1412], [90, 1412]], "[('", 0.5078127780862436), ([[304, 1690], [358, 1690], [358, 1770], [304, 1770]], '동', 0.13455169246086385), ([[353, 1699], [377, 1699], [377, 1719], [353, 1719]], '@', 0.7125974856583674), ([[568, 1660], [644, 1660], [644, 1764], [568, 1764]], '돕', 0.07332164543772368), ([[300.43404568287303, 1457.02004412851], [360.96044562416847, 1483.6639820126493], [304.56595431712697, 1613.97995587149], [244.03955437583156, 1588.3360179873507]], '$', 0.1432399271246334)]
[([[322, 118], [354, 118], [354, 166], [322, 166]], '0', 0.9998819862853594), ([[195, 259], [287, 259], [287, 411], [195, 411]], '#', 0.1091579501213511), ([[1071, 343], [1107, 343], [1107, 387], [1071, 387]], '0', 0.9999122638873814), ([[456, 404], [516, 404], [516, 460], [456, 460]], '(1', 0.8367107564191241), ([[600, 578], [652, 578], [652, 638], [600, 638]], '41', 0.46433788519597596), ([[968, 574], [1028, 574], [1028, 628], [968, 628]], '여', 0.14184376522855846), ([[618, 658], [646, 658], [646, 684], [618, 684]], '~~', 0.9828560478143582), ([[1123, 639], [1143, 639], [1143, 675], [1123, 675]], '(', 0.9926695948910016), ([[925, 987], [1025, 987], [1025, 1079], [925, 1079]], '곰', 0.03626531036005631), ([[91, 1277], [247, 1277], [247, 1437], [91, 1437]], '유', 0.37097323888000133), ([[296, 1274], [394, 1274], [394, 1416], [296, 1416]], '%', 0.3167993156194484), ([[729, 1305], [845, 1305], [845, 1487], [729, 1487]], '수', 0.34743584575416264), ([[603, 1565], [713, 1565], [713, 1631], [603, 1631]], '@ @', 0.4885060489177704), ([[761, 1561], [845, 1561], [845, 1627], [761, 1627]], '6', 0.4047981590760088), ([[69, 1593], [181, 1593], [181, 1711], [69, 1711]], '유', 0.28606324874785116), ([[605, 1623], [835, 1623], [835, 1713], [605, 1713]], '대   중', 0.4019743009928369), ([[270, 1702], [344, 1702], [344, 1758], [270, 1758]], '8 3', 0.23311334519869814), ([[374.6396536657574, 85.00928111569361], [432.30156575236015, 96.82750750645715], [390.3603463342426, 292.9907188843064], [333.69843424763985, 281.17249249354285]], '5', 0.06682347227560115), ([[1111.598363893855, 302.01153175307775], [1163.1145131202247, 311.7310441041631], [1130.401636106145, 489.98846824692225], [1078.8854868797753, 481.2689558958369]], '}', 0.4400590627435328), ([[226.47569751371094, 413.02295165630466], [276.07954714519343, 419.85059329820115], [258.52430248628906, 538.9770483436953], [208.92045285480657, 532.1494067017989]], '5', 0.0062212535238175826), ([[1139.3917712629843, 630.0465132093975], [1172.2171825438293, 627.1896894280128], [1180.6082287370157, 702.9534867906025], [1146.7828174561707, 706.8103105719872]], '5', 0.8622968776420556)]
[([[1004, 38], [1114, 38], [1114, 118], [1004, 118]], '\'"7', 0.15225898783937378), ([[306, 110], [406, 110], [406, 262], [306, 262]], '약', 0.1278910631589989), ([[1008, 128], [1088, 128], [1088, 208], [1008, 208]], '43', 0.07117399498825216), ([[137, 169], [277, 169], [277, 305], [137, 305]], '봇-', 0.3588152848480886), ([[158, 297], [271, 297], [271, 371], [158, 371]], '하고', 0.9953114980376209), ([[140, 356], [196, 356], [196, 424], [140, 424]], '잎', 0.6003527288314991), ([[418, 364], [472, 364], [472, 428], [418, 428]], '벼', 0.06909160381163648), ([[1054, 282], [1206, 282], [1206, 472], [1054, 472]], '아', 0.9859645427917627), ([[168, 466], [224, 466], [224, 524], [168, 524]], '"', 0.00971616908959505), ([[70, 642], [126, 642], [126, 692], [70, 692]], "0'", 0.5545067393211558), ([[1032, 464], [1155, 464], [1155, 698], [1032, 698]], '맛', 0.12273720291938162), ([[88, 688], [120, 688], [120, 726], [88, 726]], '7', 0.9991064876365421), ([[138, 666], [216, 666], [216, 744], [138, 744]], '[', 0.18123790432588294), ([[104, 720], [134, 720], [134, 750], [104, 750]], '0', 0.7486183527420422), ([[1025, 785], [1139, 785], [1139, 851], [1025, 851]], "0'", 0.49806608316985557), ([[502, 1070], [592, 1070], [592, 1142], [502, 1142]], '다?', 0.05357537905250897), ([[589, 1077], [627, 1077], [627, 1113], [589, 1113]], '8', 0.20169200357464945), ([[214, 1262], [340, 1262], [340, 1388], [214, 1388]], '새', 0.1561768560534924), ([[283, 1345], [345, 1345], [345, 1435], [283, 1435]], '4', 0.16422100289958408), ([[763, 1421], [913, 1421], [913, 1533], [763, 1533]], '우"', 0.03987494621703968), ([[653, 1505], [769, 1505], [769, 1591], [653, 1591]], '4?', 0.01188731853025602), ([[847, 1525], [889, 1525], [889, 1597], [847, 1597]], '4', 0.9650446474550769), ([[193.02372034707875, 355.06841446425915], [293.6721634905544, 378.88287120011256], [276.9762796529212, 439.93158553574085], [176.3278365094456, 416.11712879988744]], '어', 0.9999769927394517), ([[1172.347727437143, 808.0427285222872], [1252.9597488980191, 856.3668405662103], [1229.652272562857, 893.9572714777128], [1149.0402511019809, 845.6331594337897]], '섞 ', 0.00860678378574138), ([[666.1385883402016, 1086.0413187380975], [785.8569524302067, 1133.4017529449252], [754.8614116597984, 1207.9586812619025], [635.1430475697933, 1160.5982470550748]], '43', 0.035221242880110096), ([[721.0745873203778, 1528.0357360705977], [804.5117803244456, 1581.2118677960332], [708.9254126796222, 1732.9642639294023], [625.4882196755544, 1679.7881322039668]], '국', 0.19321430018921149)]
[([[226, 248], [298, 248], [298, 362], [226, 362]], '(+', 0.9777471943843459), ([[447, 337], [487, 337], [487, 389], [447, 389]], '1', 0.4440556952784078), ([[237, 373], [273, 373], [273, 413], [237, 413]], '0', 0.8263018765757266), ([[1083, 367], [1125, 367], [1125, 431], [1083, 431]], '군', 0.07470407728750761), ([[401, 583], [441, 583], [441, 629], [401, 629]], '1', 0.14838773711833042), ([[928, 630], [988, 630], [988, 680], [928, 680]], '[{', 0.749885862342909), ([[180, 1385], [316, 1385], [316, 1607], [180, 1607]], '터"', 0.01490486087668845), ([[605, 1617], [659, 1617], [659, 1659], [605, 1659]], '("', 0.06715542423307495), ([[612, 1660], [644, 1660], [644, 1736], [612, 1736]], '모', 0.03724878285654243)]
[([[1067, 191], [1111, 191], [1111, 239], [1067, 239]], '땀', 0.9999376545133352), ([[172, 272], [286, 272], [286, 326], [172, 326]], '라이브', 0.9457054650938759), ([[1016, 248], [1164, 248], [1164, 304], [1016, 304]], '젖어서9', 0.7659842371940613), ([[1050, 306], [1130, 306], [1130, 358], [1050, 358]], '죄송', 0.9923646448233512), ([[138, 330], [322, 330], [322, 386], [138, 386]], '끝나자마자', 0.9987442490118774), ([[1032, 364], [1146, 364], [1146, 416], [1032, 416]], '해요9', 0.33980333272550056), ([[154, 388], [306, 388], [306, 442], [154, 442]], '하고심엇', 0.7752544283866882), ([[172, 446], [288, 446], [288, 500], [172, 500]], '어서9', 0.19417051521398296), ([[189, 1111], [335, 1111], [335, 1358], [189, 1358]], '{', 0.13880059417073287), ([[1023, 1247], [1163, 1247], [1163, 1363], [1023, 1363]], '(#이', 0.5929748193652818), ([[104, 1394], [190, 1394], [190, 1470], [104, 1470]], '다이', 0.15895895016371991), ([[1049, 1349], [1161, 1349], [1161, 1479], [1049, 1479]], '54', 0.3326661647215146), ([[888, 1498], [1010, 1498], [1010, 1628], [888, 1628]], '(', 0.9974745979104824), ([[918, 1622], [1016, 1622], [1016, 1748], [918, 1748]], '3', 0.08755519747636331)]
[([[1038, 176], [1134, 176], [1134, 254], [1038, 254]], '아', 0.9996991383860063), ([[210, 226], [406, 226], [406, 370], [210, 370]], '기(분', 0.46684127329236086), ([[1056, 228], [1132, 228], [1132, 332], [1056, 332]], '솜', 0.38168655823233166), ([[228, 377], [425, 377], [425, 514], [228, 514]], '좋아', 0.13020951549559265), ([[970, 370], [1044, 370], [1044, 458], [970, 458]], '0', 0.9999710323524234), ([[1007, 349], [1106, 349], [1106, 552], [1007, 552]], '', 0.0), ([[163, 931], [225, 931], [225, 1021], [163, 1021]], '응', 0.9995323966331036), ([[39, 1044], [225, 1044], [225, 1437], [39, 1437]], '"', 0.995963482740482), ([[1016, 1214], [1160, 1214], [1160, 1390], [1016, 1390]], '소', 0.05951348280611857), ([[127, 1593], [261, 1593], [261, 1769], [127, 1769]], '4', 0.04669734549003124), ([[319, 1663], [407, 1663], [407, 1729], [319, 1729]], '군4', 0.01679912354989021), ([[676, 1646], [736, 1646], [736, 1702], [676, 1702]], '$', 0.2234661117151413), ([[355, 1721], [441, 1721], [441, 1788], [355, 1788]], '30', 0.3381701869660572), ([[701, 1705], [741, 1705], [741, 1763], [701, 1763]], '8', 0.7735554286888977), ([[106.8149288778123, 485.2006159401865], [253.59475505773895, 458.62562327707485], [266.1850711221877, 562.7993840598135], [119.40524494226104, 589.3743767229251]], '요오', 0.9506653480657232), ([[880.2182845976921, 1478.0235243216891], [965.4958221827568, 1430.0094588117706], [1087.7817154023078, 1669.9764756783109], [1002.5041778172432, 1717.9905411882294]], '?', 0.09671244808647916)]
[([[239, 149], [299, 149], [299, 223], [239, 223]], '0', 0.9998829399036282), ([[271, 127], [355, 127], [355, 310], [271, 310]], '', 0.0), ([[991, 119], [1195, 119], [1195, 419], [991, 419]], '양', 0.073254519540634), ([[147, 281], [235, 281], [235, 627], [147, 627]], '흙', 0.054989239390724975), ([[376, 852], [426, 852], [426, 920], [376, 920]], '"', 0.011828356592592792), ([[825, 1239], [861, 1239], [861, 1287], [825, 1287]], '2', 0.5503531234868575), ([[1059, 1399], [1097, 1399], [1097, 1449], [1059, 1449]], '0', 0.9993367103284392), ([[866, 1364], [1084, 1364], [1084, 1536], [866, 1536]], '군4', 0.026157781503311307), ([[110, 1548], [242, 1548], [242, 1650], [110, 1650]], '쓰', 0.16719657183141923), ([[898, 1582], [1026, 1582], [1026, 1712], [898, 1712]], '느', 0.02540347235310847), ([[887.1626153221722, 48.035122333849785], [962.4400748750309, 30.302266522313406], [994.8373846778278, 186.96487766615022], [918.5599251249691, 204.6977334776866]], '낮', 0.08481720024253381), ([[553.2281155986319, 1145.0599398312445], [588.5582847259084, 1132.031265939415], [616.7718844013681, 1218.9400601687555], [581.4417152740916, 1230.968734060585]], '줄', 0.9361260889443344), ([[465.6409190320383, 1206.1559518377649], [506.5911688700771, 1177.0291944122212], [561.3590809679616, 1260.8440481622351], [520.4088311299229, 1289.9708055877788]], '중', 0.28062532619719605), ([[98.93909114856255, 1296.0234599575138], [283.5060640012996, 1326.582395936605], [239.06090885143743, 1569.9765400424862], [55.49393599870041, 1540.417604063395]], '사"', 0.10066967220719748)]
[([[715, 60], [979, 60], [979, 243], [715, 243]], '방"', 0.011232022977299708), ([[153, 315], [289, 315], [289, 377], [153, 377]], '온몸이', 0.9908523819559385), ([[1048, 188], [1098, 188], [1098, 380], [1048, 380]], '중', 0.006267075475662409), ([[177, 381], [267, 381], [267, 441], [177, 441]], '행복', 0.9998701901744363), ([[158, 448], [282, 448], [282, 504], [158, 504]], '해요0', 0.47833679188755335), ([[374, 460], [448, 460], [448, 566], [374, 566]], '{', 0.22305348951319104), ([[1121, 457], [1187, 457], [1187, 551], [1121, 551]], '[소', 0.01261260818136577), ([[389, 569], [429, 569], [429, 611], [389, 611]], '8', 0.025968965023128954), ([[281, 1567], [365, 1567], [365, 1653], [281, 1653]], '(;', 0.48977860634548154), ([[304, 1654], [352, 1654], [352, 1712], [304, 1712]], '5', 0.1893405290338004), ([[653.234300746846, 1627.0367277671978], [758.9989761965661, 1685.872016380855], [724.765699253154, 1746.9632722328022], [618.0010238034339, 1688.127983619145]], '073', 0.06976047884230843)]
[([[724, 74], [820, 74], [820, 190], [724, 190]], '째', 0.009803625952277406)]
[([[724, 74], [820, 74], [820, 186], [724, 186]], '사', 0.007975431997886473)]
