2742665
30
[([[90, 94], [193, 94], [193, 123], [90, 123]], '7 너 [', 0.16559365381845517), ([[234, 94], [418, 94], [418, 123], [234, 123]], '버 | - 0 거', 0.06040056928923743), ([[454, 97], [485, 97], [485, 123], [454, 123]], '5', 0.9416581825655079), ([[533, 97], [607, 97], [607, 123], [533, 123]], '0 씨', 0.5966980457305908), ([[648, 94], [917, 94], [917, 123], [648, 123]], '씨 [ 묘 0 0 상 니', 0.03563251911634106), ([[90, 162], [411, 162], [411, 191], [90, 191]], '0 꼴 0 5 5| 0 | ^', 0.22291897018822085), ([[551, 164], [787, 164], [787, 193], [551, 193]], '4 히 3 0 0 *', 0.20162902125586002), ([[101, 238], [265, 238], [265, 267], [101, 267]], '[,서도풍,+]컨 5거', 2.412544415007126e-05), ([[266, 221], [611, 221], [611, 276], [266, 276]], '`+라나;`라7', 0.0012380454244873623), ([[1540, 99], [1977, 99], [1977, 841], [1540, 841]], '5', 0.3204858128838737), ([[71, 1434], [379, 1434], [379, 1987], [71, 1987]], '7', 0.43056800007121865), ([[0, 2420], [601, 2420], [601, 2880], [0, 2880]], "'여", 0.09929454386985094), ([[1723, 2720], [1903, 2720], [1903, 2749], [1723, 2749]], '이:-3 어꼴내7', 0.001865772419399404), ([[1588.8416944367752, 1055.0191719906145], [1960.3868984182254, 1131.5125015679098], [1889.1583055632248, 1426.9808280093855], [1516.6131015817746, 1350.4874984320902]], '씨', 0.10308377317193163), ([[271.3846881982718, 1866.0047328876697], [564.1000147273334, 1969.5326648187147], [341.6153118017282, 2595.9952671123306], [48.89998527266667, 2491.4673351812853]], '묶', 0.003347697915659309), ([[1650.7108159108866, 2582.240834781167], [1804.594156277145, 2474.528705708992], [1847.2891840891134, 2556.759165218833], [1692.405843722855, 2664.471294291008]], '~-0오>', 0.0021016913597773196), ([[1863.3973289354885, 2497.0202011387782], [1985.5544579265809, 2603.203350293233], [1935.6026710645115, 2663.9797988612218], [1812.4455420734191, 2557.796649706767]], '04', 0.6301919585851146)]
[]
[]
[]
[]
[]
[]
[]
[([[1429.0597149997093, 2265.238859998837], [1532.0337867180474, 2250.747056268994], [1537.9402850002907, 2320.761140001163], [1434.9662132819526, 2335.252943731006]], '*+', 0.0934880717942123)]
[]
[([[1529, 411], [1631, 411], [1631, 477], [1529, 477]], '싫어', 0.9661485341262032), ([[1462, 472], [1706, 472], [1706, 540], [1462, 540]], '슬레타아 ', 0.7974812129726998), ([[1429, 534], [1734, 534], [1734, 606], [1429, 606]], '먼저 사위부터', 0.9496430767079344), ([[1453, 598], [1712, 598], [1712, 666], [1453, 666]], '하게 해쥐: ', 0.6431152936890897), ([[387, 1366], [449, 1366], [449, 1417], [387, 1417]], '낭', 0.07810402875572109), ([[226, 1900], [434, 1900], [434, 1967], [226, 1967]], '분명 냄새', 0.9970347535736079), ([[213, 1963], [450, 1963], [450, 2032], [213, 2032]], '난다니까  ', 0.5212028537065914), ([[279, 2297], [310, 2297], [310, 2330], [279, 2330]], '0', 0.9976289039123145), ([[1341, 2279], [1453, 2279], [1453, 2475], [1341, 2475]], '협', 0.0027294293223328325), ([[1419.5253021940114, 1471.018807644542], [1464.38382759266, 1456.012289554503], [1511.4746978059886, 1608.981192355458], [1466.61617240734, 1623.987710445497]], '5', 0.9352849931752303)]
[([[1582, 790], [1779, 790], [1779, 841], [1582, 841]], '미오리네 씨', 0.7447400938556519), ([[329, 848], [456, 848], [456, 901], [329, 901]], '아 진짜', 0.8618134740742067), ([[1638, 853], [1723, 853], [1723, 910], [1638, 910]], '벌써', 0.9997638172309053), ([[295, 900], [492, 900], [492, 953], [295, 953]], '시끄럽네: !', 0.2480900600077677), ([[1382, 887], [1531, 887], [1531, 937], [1382, 937]], '미오리네', 0.9978430271148682), ([[1555, 916], [1761, 916], [1761, 973], [1555, 973]], '잠드섞나요:', 0.28713553971015604), ([[1781, 921], [1801, 921], [1801, 957], [1781, 957]], '2', 0.9668911402154414), ([[333, 950], [451, 950], [451, 1010], [333, 1010]], '말걸지', 0.9858893813462152), ([[1423, 955], [1492, 955], [1492, 993], [1423, 993]], '씨~', 0.948650150521832), ([[308, 1006], [422, 1006], [422, 1059], [308, 1059]], '말라구', 0.947528761123053), ([[212, 1422], [310, 1422], [310, 1475], [212, 1475]], '잠들어', 0.9997630375121919), ([[195, 1464], [330, 1464], [330, 1525], [195, 1525]], '버린결까', 0.567011296749115), ([[350, 1563], [396, 1563], [396, 1605], [350, 1605]], '귀', 0.9999309790123654), ([[284, 1613], [422, 1613], [422, 1669], [284, 1669]], '귀여워어', 0.9201215505599976), ([[312, 1677], [354, 1677], [354, 1715], [312, 1715]], '미', 0.9999691250323259), ([[286, 1726], [422, 1726], [422, 1774], [286, 1774]], '미오리네', 0.9922193288803101), ([[294, 1788], [414, 1788], [414, 1830], [294, 1830]], '씨이///', 0.2550907349832123), ([[282, 2019], [561, 2019], [561, 2169], [282, 2169]], '워어?-', 0.030559193342924118), ([[358, 2203], [465, 2203], [465, 2283], [358, 2283]], "'", 0.030745326820014185)]
[([[505, 728], [567, 728], [567, 797], [505, 797]], '[', 0.9375885852100261), ([[1487, 774], [1543, 774], [1543, 829], [1487, 829]], '남', 0.5136683131620181), ([[840, 2097], [919, 2097], [919, 2199], [840, 2199]], '굶', 0.20532796442737666), ([[949, 2521], [1085, 2521], [1085, 2588], [949, 2588]], '논', 0.025360948865454702)]
[([[1119, 297], [1191, 297], [1191, 384], [1119, 384]], '벼', 0.02039886782405831), ([[1664, 323], [1758, 323], [1758, 363], [1664, 363]], '저기:', 0.5664593618897942), ([[621, 353], [818, 353], [818, 402], [621, 402]], '야한 거할 때', 0.5184697223747039), ([[1632, 363], [1789, 363], [1789, 408], [1632, 408]], '미오리네 씨', 0.9512554024293959), ([[653, 401], [787, 401], [787, 451], [653, 451]], '사용하면', 0.9997599124908447), ([[619, 448], [825, 448], [825, 496], [619, 496]], '미오리네 씨가', 0.986171625531256), ([[619, 495], [820, 495], [820, 544], [619, 544]], '기뻐할 거라고', 0.6869456910562168), ([[1664, 589], [1730, 589], [1730, 666], [1664, 666]], '꿀', 0.013451648855584752), ([[1108, 1119], [1184, 1119], [1184, 1159], [1108, 1159]], '이거:', 0.8720946491266728), ([[1107, 1159], [1207, 1159], [1207, 1207], [1107, 1207]], '저번에', 0.999400829117096), ([[1044, 1204], [1266, 1204], [1266, 1252], [1044, 1252]], '세실리아 씨한데', 0.850028077553265), ([[1073, 1247], [1239, 1247], [1239, 1295], [1073, 1295]], '받은 건데요', 0.9988570565593611), ([[750, 1385], [880, 1385], [880, 1427], [750, 1427]], '대"대체', 0.9972562790052467), ([[755, 1426], [871, 1426], [871, 1479], [755, 1479]], '월 틀고', 0.6028092565917246), ([[718, 1474], [910, 1474], [910, 1525], [718, 1525]], '다니논거야?!', 0.41345706008495137), ([[682, 1645], [825, 1645], [825, 1696], [682, 1696]], '지금 당장', 0.9998587752951645), ([[675, 1692], [832, 1692], [832, 1741], [675, 1741]], '버리고 와', 0.8646341381424006), ([[145, 1729], [239, 1729], [239, 1771], [145, 1771]], '그치만', 0.9993178844451904), ([[121, 1765], [253, 1765], [253, 1819], [121, 1819]], '엄청 기분', 0.9957817337238266), ([[128, 1811], [222, 1811], [222, 1860], [128, 1860]], '좋다고', 0.996575753526688), ([[1590, 2116], [1719, 2116], [1719, 2158], [1590, 2158]], "바보야  '", 0.6638499835373247), ([[182, 2133], [296, 2133], [296, 2186], [182, 2186]], '이후에', 0.9727789391838289), ([[1602, 2158], [1732, 2158], [1732, 2209], [1602, 2209]], '슬레타의', 0.776078462600708), ([[164, 2187], [312, 2187], [312, 2238], [164, 2238]], '마구마구', 0.9963360316873241), ([[1586, 2203], [1738, 2203], [1738, 2254], [1586, 2254]], '손가락이 ', 0.6189942350196727), ([[146, 2234], [328, 2234], [328, 2287], [146, 2287]], '손가락으로', 0.9251957949548487), ([[198, 2286], [280, 2286], [280, 2339], [198, 2339]], '햇다', 0.8818819925510102), ([[401, 2394], [571, 2394], [571, 2445], [401, 2445]], '굳이 말하게', 0.8464394174661156), ([[1483, 2383], [1660, 2383], [1660, 2434], [1483, 2434]], '분명 훨씬 더', 0.6560529164775524), ([[429, 2442], [540, 2442], [540, 2487], [429, 2487]], '해지 마', 0.999927818775177), ([[1509, 2433], [1634, 2433], [1634, 2478], [1509, 2478]], '기  기분', 0.5607704601120226), ([[422, 2487], [547, 2487], [547, 2532], [422, 2532]], '바보야 ', 0.9849025997598027), ([[1460, 2475], [1687, 2475], [1687, 2526], [1460, 2526]], '좋올 거라구  .?', 0.32877893754534276), ([[173.34130673866295, 304.1993576285181], [264.5140264332314, 296.68774855862677], [267.6586932613371, 358.8006423714819], [175.48597356676862, 366.31225144137323]], '이건', 0.8399713038311438), ([[158.18789204271778, 367.2079357836864], [308.9932582089723, 355.11485655057095], [309.81210795728225, 425.7920642163136], [160.0067417910277, 437.88514344942905]], '어떻게', 0.7097224464148489), ([[163.85884908971124, 432.29185672296046], [328.92555965748096, 411.99542468785114], [333.14115091028873, 483.70814327703954], [168.07444034251904, 505.00457531214886]], '사용하는', 0.7989708534364712), ([[175.4701778718653, 498.4105336155959], [337.91898923450634, 474.9840831715802], [343.5298221281347, 543.5894663844041], [181.08101076549363, 566.0159168284198]], '결까요?', 0.6428064703941345), ([[373.1537115632518, 1310.0448886945671], [525.9646360217126, 1356.2486192432345], [503.8462884367482, 1419.9551113054329], [351.03536397828736, 1372.7513807567655]], '숫립 !?', 0.10586028054478848)]
[]
[([[1543, 175], [1633, 175], [1633, 310], [1543, 310]], '[전', 0.0517039738828642), ([[649, 570], [691, 570], [691, 646], [649, 646]], '(굶', 0.11396339937078012), ([[726, 674], [934, 674], [934, 734], [726, 734]], '만질   게요:', 0.29623901764304045), ([[975, 586], [1073, 586], [1073, 730], [975, 730]], '(총', 0.07691708016241924), ([[125, 2627], [180, 2627], [180, 2667], [125, 2667]], '아', 0.9999567274960306), ([[200, 2626], [233, 2626], [233, 2666], [200, 2666]], '0', 0.4533856622296959), ([[-17.882901373576605, 750.175647939635], [72.51536453020726, 719.6510297103698], [88.8829013735766, 776.824352060365], [-1.515364530207271, 807.3489702896302]], '늬금', 0.024128137584446173), ([[657.2150280828492, 861.030856652185], [733.0681982373123, 849.4823238352761], [753.7849719171508, 1007.969143347815], [677.9318017626877, 1020.5176761647239]], '색', 0.02851705745519073), ([[-2.6551912173516348, 1385.0238803222826], [58.88522161817984, 1367.0436400984156], [101.65519121735163, 1539.9761196777174], [40.11477838182016, 1556.9563599015844]], '$', 0.04614398220227045)]
[([[35, 227], [124, 227], [124, 315], [35, 315]], '(흙', 0.5390982805925117), ([[372, 286], [447, 286], [447, 406], [372, 406]], '남', 0.021068974075152624), ([[1587, 1024], [1844, 1024], [1844, 1126], [1587, 1126]], '왜태운지', 0.10352204740047455), ([[263, 1100], [341, 1100], [341, 1153], [263, 1153]], '있지', 0.9227617377697501), ([[227, 1152], [373, 1152], [373, 1205], [227, 1205]], '슬레타  ', 0.3914048654206062), ([[1587, 1110], [1844, 1110], [1844, 1207], [1587, 1207]], '말리다소', 0.2916683554649353), ([[1698, 1215], [1792, 1215], [1792, 1259], [1698, 1259]], '~~', 0.11438640199188319), ([[921, 1510], [1023, 1510], [1023, 1583], [921, 1583]], '옷9', 0.4269181693526684), ([[1593, 1548], [1808, 1548], [1808, 1601], [1593, 1601]], '죄 죄송해요', 0.7135468846369777), ([[1645, 1602], [1756, 1602], [1756, 1651], [1645, 1651]], '키스" ', 0.3252556025981903), ([[113, 1665], [303, 1665], [303, 1716], [113, 1716]], '미오리네 씨', 0.9874691778677511), ([[842, 1654], [922, 1654], [922, 1705], [842, 1705]], '-아니', 0.407022517249932), ([[1591, 1649], [1806, 1649], [1806, 1705], [1591, 1705]], '깜빠(어요9', 0.21661361812236601), ([[117, 1715], [262, 1715], [262, 1770], [117, 1770]], '귀여워요', 0.9890914559364319), ([[765, 1708], [890, 1708], [890, 1759], [765, 1759]], '그그게', 0.995915636617873), ([[738, 1757], [917, 1757], [917, 1808], [738, 1808]], '아니라~~', 0.9976657848288929), ([[140, 2473], [285, 2473], [285, 2526], [140, 2526]], '너 일부러', 0.9966291657573569), ([[110, 2527], [314, 2527], [314, 2580], [110, 2580]], '그러느거지?!', 0.5434494500715391), ([[432.6631341591397, 28.11249153892429], [490.15151876571286, 2.083308485723909], [529.3368658408602, 102.88750846107571], [471.84848123428714, 127.9166915142761]], '유', 0.008553598466335188), ([[1544.9639391574055, 96.05381591109222], [1609.5577894651733, 54.0155685733968], [1700.0360608425945, 211.94618408890778], [1635.4422105348267, 252.9844314266032]], '초', 0.01833421246235667), ([[686.1423139959815, 286.0527433674499], [738.5626893294422, 264.0226523149171], [781.8576860040185, 380.9472566325501], [729.4373106705578, 401.9773476850829]], '0', 0.025733835545072248), ([[573.936083991934, 360.0631055322455], [638.0813503015835, 341.2439745933387], [670.063916008066, 461.9368944677545], [604.9186496984165, 480.7560254066613]], '춤', 0.016677144614973827), ([[1224.110680620255, 544.0396229468554], [1289.5147804774895, 503.01325873670515], [1386.889319379745, 675.9603770531446], [1321.4852195225105, 716.9867412632948]], '*', 0.05587063471868081), ([[227.7894562468896, 1461.0735412244946], [352.08829545720346, 1479.8283233966936], [337.2105437531104, 1562.9264587755054], [211.91170454279654, 1544.1716766033064]], '숫스', 0.009366004457153)]
[([[299, 350], [396, 350], [396, 443], [299, 443]], '사', 0.6006331855337557), ([[695, 725], [920, 725], [920, 874], [695, 874]], '주합"', 0.5491840654977911), ([[799, 1949], [910, 1949], [910, 1999], [799, 1999]], '제대로', 0.9999977287583369), ([[765, 2000], [982, 2000], [982, 2051], [765, 2051]], '미오리네 씨가', 0.7586760416824508), ([[1066, 2016], [1208, 2016], [1208, 2073], [1066, 2073]], '장난처서', 0.9987430572509766), ([[1845, 1942], [1898, 1942], [1898, 2071], [1845, 2071]], '뱀', 0.22713493894031345), ([[795, 2047], [949, 2047], [949, 2104], [795, 2104]], '원하는 거', 0.8088155336530546), ([[1049, 2070], [1194, 2070], [1194, 2123], [1049, 2123]], '죄송해요', 0.9981809854507446), ([[767, 2099], [958, 2099], [958, 2152], [767, 2152]], '해드컵게요', 0.22884388774220218), ([[209, 2356], [242, 2356], [242, 2396], [209, 2396]], '9', 0.08929837297186882), ([[158, 2372], [253, 2372], [253, 2425], [158, 2425]], '하갑', 0.08185494098359034), ([[536, 2511], [672, 2511], [672, 2562], [536, 2562]], '해끗으면', 0.19479380548000336), ([[529, 2561], [679, 2561], [679, 2614], [529, 2614]], '하는 건  ', 0.49679197362646155), ([[993, 2534], [1070, 2534], [1070, 2609], [993, 2609]], '@00', 0.007128898714734484), ([[551, 2612], [656, 2612], [656, 2661], [551, 2661]], '딱히; .', 0.5532428195077032), ([[290.19094619035764, 2500.016370901833], [546.999006707483, 2641.8006743517526], [463.80905380964236, 2786.983629098167], [206.00099329251697, 2645.1993256482474]], '삼6)', 0.008289028303284039), ([[419.89726085197617, 2721.067812901007], [484.55168395826706, 2704.3693042588025], [510.10273914802383, 2819.932187098993], [445.44831604173294, 2836.6306957411975]], '쇼', 0.6908177458120832)]
[([[419, 200], [519, 200], [519, 249], [419, 249]], '쇼', 0.009343798598217212), ([[1131, 276], [1168, 276], [1168, 322], [1131, 322]], '9', 0.2832412585050861), ([[943, 367], [1090, 367], [1090, 431], [943, 431]], "슬레타 '", 0.4496453247592617), ([[156, 370], [257, 370], [257, 494], [156, 494]], '년', 0.05585621583193423), ([[1791, 952], [1864, 952], [1864, 1003], [1791, 1003]], '그럼', 0.9997993026066894), ([[1697, 1130], [1772, 1130], [1772, 1178], [1697, 1178]], '제가', 0.9982963439864484), ([[1622, 1179], [1824, 1179], [1824, 1232], [1622, 1232]], '하고싶은 거;', 0.3796453412049796), ([[1697, 1231], [1772, 1231], [1772, 1282], [1697, 1282]], '잔뜩', 0.9983687168877952), ([[1663, 1280], [1788, 1280], [1788, 1333], [1663, 1333]], '활게요', 0.5479503397697502), ([[189, 1527], [452, 1527], [452, 1619], [189, 1619]], '그#; :', 6.0906752277531626e-05), ([[304, 1827], [330, 1827], [330, 1853], [304, 1853]], '7', 0.9127432429259876), ([[297, 1858], [330, 1858], [330, 1894], [297, 1894]], '9', 0.7364938614592234), ([[45, 2435], [123, 2435], [123, 2485], [45, 2485]], '아', 0.9761901217720528), ([[83, 2491], [154, 2491], [154, 2539], [83, 2539]], '아', 0.9997751839168956), ([[1891, 2487], [1933, 2487], [1933, 2536], [1891, 2536]], '~', 0.1464605873293614), ([[307.26128314484686, 116.02732245543291], [429.95165992037596, 200.0179282973313], [380.73871685515314, 270.9726775445671], [258.04834007962404, 186.9820717026687]], '(컵', 0.010807231847020702), ([[195.27164295927076, 183.06687198006216], [269.9691115068547, 208.50386106164316], [256.72835704072924, 244.93312801993784], [182.03088849314534, 219.49613893835684]], '66', 0.008078977280658858), ([[202.01299719785837, 1756.2506890716477], [245.66436383882993, 1715.027633934041], [326.9870028021416, 1810.7493109283523], [283.3356361611701, 1850.972366065959]], '잎', 0.2346443745572948), ([[190.4606843142319, 1893.1494900025828], [236.5909734841225, 1851.0218579643463], [326.5393156857681, 1959.8505099974172], [280.4090265158775, 2001.9781420356537]], '앞', 0.027665121899877798), ([[271.5573214532254, 2583.0416611407995], [421.7039461192103, 2492.0099127680346], [585.4426785467746, 2805.9583388592005], [435.2960538807897, 2896.9900872319654]], '개"', 0.024940844223090192)]
[([[974, 42], [1060, 42], [1060, 142], [974, 142]], '<', 0.9882267011755772), ([[1468, 430], [1604, 430], [1604, 594], [1468, 594]], '팀', 0.06503569823395594), ([[1688, 1458], [1833, 1458], [1833, 1513], [1688, 1513]], '귀여워9', 0.749375581741333), ([[1420, 1598], [1471, 1598], [1471, 1657], [1420, 1657]], '4', 0.9442194484476865), ([[153, 2500], [211, 2500], [211, 2555], [153, 2555]], '하', 0.32857100354550894), ([[1808, 2485], [1870, 2485], [1870, 2545], [1808, 2545]], '하', 0.7411319531139817), ([[-75.990229253769, 117.33224346256232], [414.05143432472966, -106.6419115454113], [501.990229253769, 143.6677565374377], [10.94856567527032, 368.6419115454113]], '4소*서', 0.0011714644497260451), ([[91.92893218813452, 294.9289321881345], [259.4018439966448, 217.31778720402625], [294.0710678118655, 299.0710678118655], [126.5981560033552, 376.6822127959738]], '54', 0.10989736476385417), ([[21.325861420076762, 566.0227490171361], [97.5558711146795, 553.3321396966471], [122.67413857992324, 733.9772509828639], [46.444128885320495, 746.6678603033529]], '습', 0.007752784196426943), ([[882.1626153221722, 1034.0351223338498], [1019.97491262129, 1097.2921029752633], [982.8373846778278, 1172.9648776661502], [845.02508737871, 1109.7078970247367]], '음안', 0.09085762204324306), ([[1235.0158572873286, 1370.0186323854748], [1499.209051771259, 1482.6357475856166], [1407.9841427126714, 1685.9813676145252], [1143.790948228741, 1572.3642524143834]], '공구', 0.07147061130036197), ([[64.31788424801226, 1864.0166270842515], [160.50147010627194, 1827.008984035013], [254.68211575198774, 2096.9833729157485], [157.49852989372806, 2133.9910159649867]], '움', 0.3516291298583383), ([[634.9483794199402, 2188.023050774638], [965.9123107117152, 2265.856750189877], [910.0516205800598, 2463.976949225362], [580.0876892882848, 2386.143249810123]], '(3 ,', 0.14850244468045184)]
[([[1044, 198], [1133, 198], [1133, 249], [1044, 249]], '하아', 0.8634187506457344), ([[1665, 277], [1844, 277], [1844, 330], [1665, 330]], '죄송   해요', 0.4778335543882025), ([[1386, 324], [1560, 324], [1560, 372], [1386, 372]], '저: 지금; ', 0.3826465425911231), ([[1379, 371], [1567, 371], [1567, 424], [1379, 424]], "아주 조금; '", 0.34396795076879966), ([[1336, 421], [1612, 421], [1612, 474], [1336, 474]], "이상: '해적올지도", 0.23142250027936487), ([[1898, 335], [1983, 335], [1983, 504], [1898, 504]], '#', 0.6553904832814261), ([[1383, 468], [1498, 468], [1498, 528], [1383, 528]], '몰라요', 0.6870325225599684), ([[1071, 479], [1217, 479], [1217, 614], [1071, 614]], '"', 0.012778728900841863), ([[190, 1021], [284, 1021], [284, 1087], [190, 1087]], '후아', 0.4183575224262613), ([[516, 1036], [680, 1036], [680, 1184], [516, 1184]], '-', 0.3710142632428415), ([[1181, 1420], [1241, 1420], [1241, 1468], [1181, 1468]], '낭', 0.0661768781461527), ([[1702, 1402], [1801, 1402], [1801, 1619], [1702, 1619]], '@', 0.06490426574455999), ([[189, 2498], [418, 2498], [418, 2553], [189, 2553]], '미오리네 씨틀', 0.868091997594583), ([[257, 2554], [350, 2554], [350, 2605], [257, 2605]], '좀 더', 0.5591285228729248), ([[216, 2605], [397, 2605], [397, 2658], [216, 2658]], '괴롭혀주고', 0.7350122053670192), ([[174, 2656], [389, 2656], [389, 2716], [174, 2716]], '싶어적어요 ', 0.23463130676067226), ([[1370.185687072251, 1167.0555156274324], [1410.4941829724476, 1143.0203860333845], [1471.814312927749, 1251.9444843725676], [1431.5058170275524, 1275.9796139666155]], '{', 0.014441198902304164), ([[449.01528663897625, 2312.032356912439], [554.3801714307564, 2276.1900444308494], [618.9847133610238, 2493.967643087561], [513.6198285692436, 2529.8099555691506]], '(', 0.003826656692614297), ([[1317.2081107920947, 2401.01493599051], [1456.0827968841454, 2349.0279340333936], [1573.7918892079053, 2707.98506400949], [1434.9172031158546, 2758.9720659666064]], '입', 0.14517041109699225), ([[1097.2234197252847, 2597.0215550551243], [1194.0796718794738, 2571.1553272023593], [1251.7765802747153, 2804.9784449448757], [1154.9203281205262, 2831.8446727976407]], '3', 0.012812926328721552)]
[([[633, 1108], [768, 1108], [768, 1205], [633, 1205]], '뭐?', 0.999997049721879), ([[1514, 1141], [1763, 1141], [1763, 1189], [1514, 1189]], '미오리네 씨한데도', 0.6909904560749212), ([[1555, 1186], [1720, 1186], [1720, 1237], [1555, 1237]], '엉덩이 구멍', 0.9972012884132204), ([[1562, 1231], [1689, 1231], [1689, 1284], [1562, 1284]], '있없네요', 0.6992185711860657), ([[481, 2034], [1444, 2034], [1444, 2148], [481, 2148]], '1?:@하그1  :초-', 0.0009679211866445811), ([[195, 2147], [1271, 2147], [1271, 2239], [195, 2239]], '4{71:2023.10.01(0어--1423)', 0.02388580028800964), ([[194, 2235], [838, 2235], [838, 2316], [194, 2316]], '- 주:류속위품록/한소 <', 0.0007174674811008877), ([[193, 2315], [966, 2315], [966, 2414], [193, 2414]], '예리;|:슷-;슷89@9가3;.<어값', 3.276221645343282e-06), ([[1018, 2321], [1717, 2321], [1717, 2406], [1018, 2406]], '7 ++~할(,):@*+^_~518', 0.0008234921718784068), ([[193, 2400], [772, 2400], [772, 2484], [193, 2484]], '테]: < "초0차 #', 0.12970912155864472), ([[315, 2558], [1457, 2558], [1457, 2611], [315, 2611]], '#[ 부등축 - #:.축^.요@6소-07 " 77-} 손속내 * 화 .', 0.0006670534269094557), ([[1732.297514423637, 993.0247048156457], [1879.9626216598645, 1081.1361888734223], [1834.702485576363, 1154.9752951843543], [1687.0373783401355, 1067.8638111265777]], '5유3?', 0.002091402653604746), ([[1217.24434638779, 1061.020408174115], [1323.4514776312656, 1040.4321224150249], [1364.75565361221, 1273.979591825885], [1258.5485223687344, 1295.5678775849751]], '떼', 0.061402406667412146), ([[1508.8503320980383, 1324.4856974058803], [1630.4219237642349, 1308.6662069022093], [1634.1496679019617, 1354.5143025941197], [1513.5780762357651, 1370.3337930977907]], "'예버요", 0.6192123889923096), ([[1655.3351548303622, 1416.0245902098895], [1716.5048219538953, 1394.014169220664], [1772.6648451696378, 1568.9754097901105], [1711.4951780461047, 1589.985830779336]], '국', 0.005886789442795026)]
[([[1623, 251], [1722, 251], [1722, 293], [1623, 293]], '너 잘도', 0.6508950720681254), ([[127, 271], [273, 271], [273, 315], [127, 315]], '저래보여도', 0.9950341276813525), ([[1468, 276], [1530, 276], [1530, 318], [1468, 318]], '항상', 0.9994341833079957), ([[926, 291], [988, 291], [988, 336], [926, 336]], '후후', 0.9998230721145889), ([[1610, 291], [1733, 291], [1733, 336], [1610, 336]], '저렇게나', 0.46608880162239075), ([[168, 314], [232, 314], [232, 358], [168, 358]], '엄청', 0.9936638063800974), ([[912, 339], [1004, 339], [1004, 378], [912, 378]], '그치만', 0.999984651925843), ([[1424, 315], [1570, 315], [1570, 364], [1424, 364]], '(취둘리기만', 0.4114686462981026), ([[1596, 334], [1744, 334], [1744, 378], [1596, 378]], '제멋대로인', 0.14814838267499617), ([[126, 356], [274, 356], [274, 404], [126, 404]], '어리광적이', 0.38255117137014594), ([[881, 377], [1035, 377], [1035, 421], [881, 421]], '미오리네 씨', 0.9972147725861717), ([[1450, 359], [1544, 359], [1544, 403], [1450, 403]], '하면서', 0.9981749706020964), ([[1595, 376], [1745, 376], [1745, 424], [1595, 424]], '공주님하고', 0.8823497521211523), ([[125, 399], [243, 399], [243, 444], [125, 444]], '이거튼요', 0.822895348072052), ([[1592, 420], [1749, 420], [1749, 464], [1592, 464]], '같이 지내네', 0.9987264758270835), ([[131, 851], [292, 851], [292, 904], [131, 904]], '어리광쟁이', 0.7174646874075256), ([[183, 903], [239, 903], [239, 941], [183, 941]], '~?', 0.9979202655507563), ([[307, 1187], [464, 1187], [464, 1231], [307, 1231]], '미오리네 씨', 0.7562278508321091), ([[598, 1106], [662, 1106], [662, 1231], [598, 1231]], '%', 0.03317721339977098), ([[1725, 1158], [1789, 1158], [1789, 1202], [1725, 1202]], '싫어', 0.9053433297216372), ([[1700, 1198], [1803, 1198], [1803, 1242], [1700, 1242]], '슬레타:', 0.76856929063797), ([[323, 1227], [421, 1227], [421, 1278], [323, 1278]], '귀여워:', 0.9184072613716125), ([[187, 1350], [307, 1350], [307, 1399], [187, 1399]], '귀여워요', 0.9962292313575745), ([[1657, 1353], [1773, 1353], [1773, 1395], [1657, 1395]], '떨어지기', 0.9992597699165344), ([[1671, 1394], [1735, 1394], [1735, 1436], [1671, 1436]], '싫어', 0.9600446543575437), ([[1672, 1595], [1795, 1595], [1795, 1644], [1672, 1644]], '떨어지지', 0.999555230140686), ([[206, 1612], [275, 1612], [275, 1688], [206, 1688]], '', 0.0), ([[1685, 1638], [1779, 1638], [1779, 1689], [1685, 1689]], '않아요', 0.9988048030081746), ([[270, 1672], [303, 1672], [303, 1727], [270, 1727]], '5', 0.10958110507112906), ([[1725, 1880], [1764, 1880], [1764, 1926], [1725, 1926]], '~', 0.3475001424413371), ([[1501, 2153], [1588, 2153], [1588, 2206], [1501, 2206]], '히앗', 0.40667138469025693), ([[1506, 2213], [1582, 2213], [1582, 2253], [1506, 2253]], '0 0', 0.31968629360198975), ([[1122, 2233], [1211, 2233], [1211, 2297], [1122, 2297]], ',', 0.1605244540292574), ([[1482, 2409], [1641, 2409], [1641, 2451], [1482, 2451]], '미오리네 씨', 0.9919285177774572), ([[1307, 2434], [1336, 2434], [1336, 2474], [1307, 2474]], '응', 0.985053188004489), ([[1529, 2454], [1593, 2454], [1593, 2493], [1529, 2493]], '여기', 0.9999549031699311), ([[1261, 2478], [1371, 2478], [1371, 2523], [1261, 2523]], '좋아해 .', 0.2677375368636771), ([[1472, 2493], [1646, 2493], [1646, 2542], [1472, 2542]], '좋아햇없조~', 0.06719128582926258), ([[1287, 2518], [1358, 2518], [1358, 2566], [1287, 2566]], '정말', 0.9999858386882693), ([[1256, 2561], [1358, 2561], [1358, 2609], [1256, 2609]], '좋아해', 0.9604821883579387), ([[1152, 2599], [1190, 2599], [1190, 2627], [1152, 2627]], ')', 0.3272531083509058), ([[1302.930985278494, 293.448167612687], [1387.1068498283664, 281.14802095252327], [1391.069014721506, 324.551832387313], [1306.8931501716336, 336.85197904747673]], '나라면', 0.9999834818945785), ([[1308.7639320225003, 330.5278640450004], [1394.0801224055083, 317.1099132960983], [1399.2360679774997, 359.4721359549996], [1313.9198775944917, 373.8900867039017]], '진작에', 0.9973782087763272), ([[1304.671267835837, 368.57540888809007], [1412.2955077195438, 351.4409741245271], [1417.328732164163, 396.42459111190993], [1309.7044922804562, 412.5590258754729]], '백처올걸', 0.07924912124872208), ([[105.85033209803827, 494.48569740588033], [191.09879568939522, 481.13645780603895], [195.14966790196175, 524.5143025941196], [109.90120431060478, 537.863542193961]], '정말로', 0.9999858907826757), ([[100.3500052999841, 532.7600084799745], [208.31556045631427, 515.4749380308799], [213.6499947000159, 557.2399915200255], [105.68443954368571, 575.5250619691201]], '귀여워요', 0.9637463688850403), ([[1386.072960704011, 773.0866917312577], [1489.9100322349032, 793.0557630317494], [1478.927039295989, 835.9133082687423], [1376.0899677650968, 814.9442369682506]], '제덧대로', 0.2366294115781784), ([[1396.037927696395, 816.0934312516142], [1466.8583380158097, 836.8182421042625], [1453.962072303605, 876.9065687483858], [1383.1416619841903, 857.1817578957375]], '공주님', 0.9701464768412027), ([[1545.802230976821, 1175.3078084188735], [1590.65891062993, 1132.027181377846], [1670.197769023179, 1225.6921915811265], [1624.34108937007, 1268.972818622154]], '8', 0.03194427300996083)]
[([[54, 85], [1709, 85], [1709, 319], [54, 319]], ' @[-다@', 0.0064869285394736536), ([[85, 307], [1762, 307], [1762, 535], [85, 535]], '3-다_[요피국', 0.051025030463339296), ([[79, 536], [541, 536], [541, 734], [79, 734]], '빗로', 0.014492434960855564), ([[56, 744], [583, 744], [583, 962], [56, 962]], '_@33', 0.005279405042529106), ([[1031, 759], [1468, 759], [1468, 963], [1031, 963]], '<스', 0.06328611864441756), ([[83, 966], [616, 966], [616, 1197], [83, 1197]], '스7스', 0.04750996343962337), ([[52, 1204], [168, 1204], [168, 1237], [52, 1237]], '74긋', 0.01058310902546437), ([[198, 1204], [400, 1204], [400, 1237], [198, 1237]], '내패어오', 0.004498606082051992), ([[425, 1204], [596, 1204], [596, 1237], [425, 1237]], '4', 0.09676687809926054), ([[48, 1254], [430, 1254], [430, 1292], [48, 1292]], '[오-꼬격꼬오다', 0.00011298781311697076), ([[479, 1255], [602, 1255], [602, 1288], [479, 1288]], '[ 고대', 0.011947035258663363), ([[689, 1598], [1654, 1598], [1654, 1940], [689, 1940]], '털난보리', 0.9910333752632141), ([[1619, 2722], [1850, 2722], [1850, 2788], [1619, 2788]], '기금술 짓축[', 0.001752425807382266), ([[381.96083100292935, 1618.0207750732334], [572.3688871094233, 1584.7466712731864], [620.0391689970706, 1919.9792249267666], [429.6311128905767, 1954.2533287268136]], '팀', 0.9998899728524044)]
[([[1321, 254], [1583, 254], [1583, 303], [1321, 303]], '그런 기분이어터 신부', 0.2580606693817393), ([[820, 340], [1119, 340], [1119, 550], [820, 550]], '반보', 0.8231156663271932), ([[1426, 328], [1514, 328], [1514, 484], [1426, 484]], '%', 0.7822125084249478), ([[1243, 512], [1452, 512], [1452, 556], [1243, 556]], '잠들어버린 신랑', 0.9682851230945838), ([[681, 479], [1149, 479], [1149, 697], [681, 697]], '반보바보', 0.7688978910446167), ([[1607, 556], [1776, 556], [1776, 656], [1607, 656]], '*꿈-', 0.019940950267212737), ([[1790, 485], [1850, 485], [1850, 626], [1790, 626]], '흙', 0.11012926347761098), ([[1109, 1827], [1196, 1827], [1196, 1882], [1109, 1882]], '찌격', 0.7597156703532145), ([[1116, 1881], [1207, 1881], [1207, 1932], [1116, 1932]], '찌격', 0.8853690080254081), ([[335, 2027], [402, 2027], [402, 2080], [335, 2080]], '음나', 0.11722401576375355), ([[367, 2311], [400, 2311], [400, 2346], [367, 2346]], '0', 0.8078730759480699), ([[172.7529193085801, 367.1692674366285], [255.68735061294075, 291.01575663789157], [391.2470806914199, 462.8307325633715], [307.31264938705925, 538.9842433621084]], '?', 0.056180741208138096), ([[444.0201010126777, 353.1407070887437], [522.6922215983685, 287.0171237129569], [641.9798989873224, 450.8592929112563], [562.3077784016315, 516.9828762870432]], '7', 0.006456145913624534), ([[1103.31030298491, 558.0340601475913], [1151.4816146413077, 536.0165877010392], [1208.68969701509, 672.9659398524087], [1160.5183853586923, 694.9834122989608]], '클', 0.09169619637374726), ([[1167.206640349326, 794.0350359473848], [1236.6204545420442, 781.3899350761403], [1258.793359650674, 924.9649640526152], [1189.3795454579558, 936.6100649238597]], '댁', 0.03592886824088115), ([[247.85504244572473, 2288.9130254674346], [389.9923017660271, 2251.6717988226487], [402.14495755427527, 2301.0869745325654], [260.0076982339729, 2338.3282011773513]], '미오리네', 0.9893105626106262), ([[262.7125353714373, 2342.427521222862], [368.83740334579056, 2308.794639558222], [382.2874646285627, 2353.572478777138], [276.16259665420944, 2386.205360441778]], '씨이: ', 0.3742789924144745)]
[([[672, 301], [758, 301], [758, 385], [672, 385]], '임', 0.015916679168192838), ([[1428, 321], [1708, 321], [1708, 405], [1428, 405]], '처음햇올 때', 0.9114244145627001), ([[261, 396], [310, 396], [310, 447], [261, 447]], '앗:', 0.38015212207957627), ([[212, 446], [386, 446], [386, 496], [212, 496]], '죄죄송해요', 0.9987957025806743), ([[1523, 621], [1696, 621], [1696, 672], [1523, 672]], '어;어떤가요', 0.6467545720483336), ([[1521, 671], [1700, 671], [1700, 719], [1521, 719]], '미오리네 씨', 0.9764657518743963), ([[1637, 951], [1733, 951], [1733, 993], [1637, 993]], '"미안', 0.6738695787395306), ([[1616, 990], [1747, 990], [1747, 1039], [1616, 1039]], '아무것도', 0.9885234832763672), ([[1614, 1036], [1751, 1036], [1751, 1080], [1614, 1080]], '안 느껴저', 0.8097664601518979), ([[1560, 1191], [1654, 1191], [1654, 1231], [1560, 1231]], '오히려', 0.9998239464079766), ([[1522, 1234], [1690, 1234], [1690, 1278], [1522, 1278]], '조금 아파  ', 0.8973383790500541), ([[1494, 1542], [1610, 1542], [1610, 1621], [1494, 1621]], '현재', 0.9998963203269576), ([[1632, 1776], [1731, 1776], [1731, 1821], [1632, 1821]], '정말 .', 0.42039501667022705), ([[1620, 1816], [1743, 1816], [1743, 1864], [1620, 1864]], '슬레타!!', 0.2854825798564712), ([[1465, 1951], [1637, 1951], [1637, 2002], [1465, 2002]], '똑같은 곳만', 0.9734179245126134), ([[1492, 1996], [1612, 1996], [1612, 2044], [1492, 2044]], '계속  !', 0.6560422592931041), ([[605, 2189], [693, 2189], [693, 2275], [605, 2275]], '7', 0.3916577361115401), ([[198, 2250], [348, 2250], [348, 2301], [198, 2301]], '너가 항상', 0.9995833910712174), ([[203, 2297], [341, 2297], [341, 2346], [203, 2346]], '만지니까', 0.9932064414024353), ([[1541, 2306], [1680, 2306], [1680, 2357], [1541, 2357]], '에해켓9', 0.09499888867139816), ([[174, 2340], [373, 2340], [373, 2397], [174, 2397]], '그렇잖아   ?!', 0.26639078551498674), ([[1521, 2356], [1705, 2356], [1705, 2404], [1521, 2404]], '미오리네 씨', 0.9905597286238779), ([[1557, 2405], [1664, 2405], [1664, 2456], [1557, 2456]], '끝부분', 0.9994602210041172), ([[1526, 2455], [1696, 2455], [1696, 2503], [1526, 2503]], '약하네요0', 0.4434456787959879), ([[1007.0876568944764, 2398.069769814096], [1112.807981388995, 2421.4942270472975], [1099.9123431055236, 2474.930230185904], [993.1920186110052, 2452.5057729527025]], '쇼")', 0.0708887319006259), ([[1387.5296973673978, 2459.0370934146067], [1414.6641005886756, 2463.5038491169867], [1403.4703026326022, 2527.9629065853933], [1375.3358994113244, 2522.4961508830133]], '2', 0.3999583025095177), ([[1043.0737387183583, 2463.0719277974936], [1133.715955267312, 2484.1757589572408], [1118.9262612816417, 2538.9280722025064], [1028.284044732688, 2517.8242410427592]], ',"', 0.22575571957657053)]
[([[1614, 282], [1859, 282], [1859, 375], [1614, 375]], '어떡하조', 0.9856712222099304), ([[1646, 373], [1829, 373], [1829, 457], [1646, 457]], '엄마:', 0.8611903842897562), ([[180, 294], [506, 294], [506, 623], [180, 623]], '제', 0.9999574427364202), ([[551, 413], [646, 413], [646, 506], [551, 506]], '(하', 0.06677181925273329), ([[1615, 452], [1858, 452], [1858, 538], [1615, 538]], '에리크트', 0.9957562685012817), ([[584, 719], [621, 719], [621, 761], [584, 761]], '앗', 0.5480363235478514), ([[464, 745], [568, 745], [568, 793], [464, 793]], '슬레타', 0.8002222857949717), ([[517, 794], [548, 794], [548, 830], [517, 830]], '0', 0.998457311968437), ([[1364, 869], [1500, 869], [1500, 917], [1364, 917]], '미오리네', 0.9963991045951843), ([[1396, 919], [1447, 919], [1447, 959], [1396, 959]], '씨:', 0.7273908865750722), ([[1314, 1312], [1437, 1312], [1437, 1392], [1314, 1392]], '답물%', 0.0012072636202880857), ([[1449, 793], [1858, 793], [1858, 1826], [1449, 1826]], '솜', 0.007136787742329176), ([[224, 1722], [615, 1722], [615, 1954], [224, 1954]], '너무', 0.999962236632581), ([[1264, 1891], [1732, 1891], [1732, 2015], [1264, 2015]], '미오리네씨이', 0.9963474045472291), ([[121, 1942], [708, 1942], [708, 2184], [121, 2184]], '귀여운', 0.9797653388905453), ([[723, 2080], [808, 2080], [808, 2118], [723, 2118]], '"나도', 0.9447609687599978), ([[886, 2022], [1041, 2022], [1041, 2133], [886, 2133]], '우슨움데:', 0.0676614803257252), ([[1165, 1991], [1823, 1991], [1823, 2130], [1165, 2130]], '@1디탈어어1_(영영)', 0.00014842707795643283), ([[732, 2116], [797, 2116], [797, 2156], [732, 2156]], '정말', 0.9999926664562352), ([[718, 2151], [809, 2151], [809, 2196], [718, 2196]], '좋아해', 0.9950777110345965), ([[226, 2179], [606, 2179], [606, 2408], [226, 2408]], '데요', 0.9997812648636358), ([[1558, 2483], [1823, 2483], [1823, 2570], [1558, 2570]], '~~~', 0.9512164151395183), ([[1310.1200226835674, 1064.032308496516], [1490.9101321309636, 1130.5341375838814], [1452.8799773164326, 1223.967691503484], [1272.0898678690364, 1157.4658624161186]], '주건 %', 2.144507561752107e-05), ([[1552.1618094688172, 2205.154675866021], [1747.4180642717217, 2187.3166853532716], [1750.8381905311828, 2285.845324133979], [1554.5819357282783, 2303.6833146467284]], '정말로', 0.9999604254335516), ([[1475.1300007234295, 2314.381002676689], [1845.3490009243985, 2277.271973730404], [1847.8699992765705, 2372.618997323311], [1477.6509990756015, 2409.728026269596]], '좋아해요~~', 0.9891431768392833), ([[1555.9038403974048, 2429.132688278183], [1793.807619738204, 2401.626394360513], [1798.0961596025952, 2441.867311721817], [1560.192380261796, 2468.373605639487]], '걸<걸낯', 3.3392865589121357e-05)]
[([[573, 289], [698, 289], [698, 331], [573, 331]], '그그치만', 0.999855101108551), ([[557, 330], [714, 330], [714, 374], [557, 374]], '미오리네 씨', 0.9891278855778932), ([[1015, 317], [1212, 317], [1212, 366], [1015, 366]], '미오리네 씨의', 0.9085895129718946), ([[1689, 336], [1780, 336], [1780, 378], [1689, 378]], '저기:.', 0.3014684319496155), ([[515, 371], [755, 371], [755, 420], [515, 420]], '분명 기뻐활거라고', 0.9520993363378856), ([[1028, 362], [1201, 362], [1201, 413], [1028, 413]], '소중한 곳에', 0.6655557028868535), ([[1685, 378], [1788, 378], [1788, 427], [1685, 427]], '부탁이', 0.9886160999397916), ([[88, 414], [247, 414], [247, 467], [88, 467]], '야한 젓만', 0.854953013595598), ([[548, 417], [696, 417], [696, 459], [548, 459]], '에리크트가:', 0.6806331858758244), ([[1015, 410], [1212, 410], [1212, 458], [1015, 458]], '키 키스해화도', 0.5617735564760195), ([[1656, 425], [1788, 425], [1788, 474], [1656, 474]], '있는데요', 0.1876780390739441), ([[79, 466], [256, 466], [256, 519], [79, 519]], '찾아다니는', 0.8753076277062598), ([[1043, 458], [1188, 458], [1188, 502], [1043, 502]], '월 "까요?', 0.16712249341435584), ([[83, 518], [253, 518], [253, 568], [83, 568]], '시누이가]', 0.6544527502935933), ([[875, 625], [1069, 625], [1069, 713], [875, 713]], '뛰어?!', 0.7128258347511292), ([[923, 707], [1030, 707], [1030, 760], [923, 760]], '당연히', 0.9999141750757201), ([[1690, 695], [1754, 695], [1754, 746], [1690, 746]], '응?', 0.9983367007465588), ([[79, 754], [229, 754], [229, 802], [79, 802]], '슬레타한데', 0.9151787450602819), ([[909, 761], [1043, 761], [1043, 811], [909, 811]], '안 되지', 0.5411347583372578), ([[1674, 745], [1770, 745], [1770, 793], [1674, 793]], '원데?', 0.9950649179599254), ([[89, 800], [219, 800], [219, 844], [89, 844]], '이상한 걸', 0.6416342697489376), ([[80, 843], [230, 843], [230, 887], [80, 887]], '가르처주지', 0.5299730810934977), ([[784, 834], [905, 834], [905, 878], [784, 878]], '배설하는', 0.8239398002624512), ([[80, 885], [228, 885], [228, 930], [80, 930]], '말라고오오', 0.9859302633265065), ([[800, 879], [894, 879], [894, 921], [800, 921]], '장소에', 0.978531276157264), ([[1482, 874], [1571, 874], [1571, 936], [1482, 936]], '손나', 0.024332186852488287), ([[793, 921], [903, 921], [903, 963], [793, 963]], '라니: 컨', 0.09300800713654914), ([[1437, 1147], [1679, 1147], [1679, 1208], [1437, 1208]], '미오리네 씨의', 0.9695921909150838), ([[1473, 1203], [1643, 1203], [1643, 1265], [1473, 1265]], '소중한 곳', 0.9722769716810066), ([[731, 1258], [758, 1258], [758, 1289], [731, 1289]], '농', 0.35221715545194243), ([[1496, 1255], [1617, 1255], [1617, 1320], [1496, 1320]], '정말로', 0.999971162164751), ([[1462, 1316], [1650, 1316], [1650, 1371], [1462, 1371]], '기뻐해주고', 0.9989840786248131), ([[1478, 1373], [1599, 1373], [1599, 1430], [1478, 1430]], '있어요', 0.9758328640120569), ([[140, 1711], [244, 1711], [244, 1821], [140, 1821]], '댐', 0.46927342792527327), ([[1657, 1799], [1733, 1799], [1733, 1843], [1657, 1843]], '이제-', 0.8723851442337036), ([[1659, 1848], [1744, 1848], [1744, 1893], [1659, 1893]], '그만:', 0.4589534958483227), ([[1609, 1892], [1806, 1892], [1806, 1943], [1609, 1943]], '더럽다니까: ', 0.5990994938758012), ([[234, 2036], [330, 2036], [330, 2085], [234, 2085]], '싫어:', 0.7070266683925213), ([[1123, 2073], [1232, 2073], [1232, 2177], [1123, 2177]], '4', 0.1593876890705168), ([[1517, 2331], [1781, 2331], [1781, 2386], [1517, 2386]], '미오리네 씨한데', 0.5063761960657799), ([[1550, 2383], [1747, 2383], [1747, 2440], [1550, 2440]], '더러운 곳은', 0.9909961012374446), ([[1573, 2439], [1687, 2439], [1687, 2492], [1573, 2492]], '없어요', 0.9971462143649672), ([[1208.3070020560508, 864.2438069905724], [1306.8474795139794, 852.4641914133327], [1311.6929979439492, 909.7561930094276], [1212.1525204860206, 921.5358085866673]], '눈(', 0.12145133232873584), ([[1467.867394378281, 1582.256316950952], [1582.539174706181, 1561.8162152235027], [1592.132605621719, 1640.743683049048], [1477.460825293819, 1661.1837847764973]], '@', 0.26431096025882894), ([[1011.2211233270709, 2071.0303785865076], [1138.9980528541728, 2143.802670009457], [1095.778876672929, 2218.9696214134924], [967.0019471458272, 2147.197329990543]], '(~', 0.052983482137545265)]
[([[213, 310], [330, 310], [330, 447], [213, 447]], '0', 0.024043042356334476), ([[1094, 335], [1241, 335], [1241, 386], [1094, 386]], '너가 너무', 0.9990893961079409), ([[1716, 332], [1861, 332], [1861, 401], [1716, 401]], '참울 수가', 0.8636959180301624), ([[1055, 383], [1282, 383], [1282, 436], [1055, 436]], '조심성 없는 게', 0.8373459684392774), ([[1719, 394], [1799, 394], [1799, 445], [1719, 445]], '없어', 0.9999812025573106), ([[1082, 432], [1257, 432], [1257, 483], [1082, 483]], '잘못하거야', 0.763712729361927), ([[1818, 439], [1873, 439], [1873, 539], [1818, 539]], '욕', 0.027993433723224825), ([[811, 541], [914, 541], [914, 730], [811, 730]], '{"', 0.047136076335095776), ([[1486, 951], [1546, 951], [1546, 1015], [1486, 1015]], '0', 0.9740960298432242), ([[1678, 1154], [1739, 1154], [1739, 1187], [1678, 1187]], '미 .', 0.7597088813781738), ([[1619, 1191], [1800, 1191], [1800, 1236], [1619, 1236]], '미오리네 씨?!', 0.7440093578786836), ([[1228, 1201], [1417, 1201], [1417, 1294], [1228, 1294]], "'오미,미안해", 0.16836152801575274), ([[1637, 1236], [1782, 1236], [1782, 1281], [1637, 1281]], '무서:   워요', 0.20831508942090837), ([[1289, 1287], [1394, 1287], [1394, 1338], [1289, 1338]], '슬레타', 0.9261787939550502), ([[1252, 1482], [1326, 1482], [1326, 1526], [1252, 1526]], '미안-', 0.5422212369367702), ([[277, 1521], [400, 1521], [400, 1574], [277, 1574]], '이런 거', 0.9969456834132008), ([[300, 1578], [376, 1578], [376, 1620], [300, 1620]], '저:', 0.6913718284585679), ([[234, 1624], [445, 1624], [445, 1677], [234, 1677]], "몰라  '요오오", 0.7051264878550013), ([[318, 1900], [515, 1900], [515, 2011], [318, 2011]], '떼안해', 0.24216570247518074), ([[368, 2250], [481, 2250], [481, 2328], [368, 2328]], '조금은', 0.998884628242699), ([[948, 2257], [1049, 2257], [1049, 2413], [948, 2413]], '#"', 0.5061728173911529), ([[592, 2460], [676, 2460], [676, 2535], [592, 2535]], '저클', 0.22285435577042584), ([[1211, 2446], [1315, 2446], [1315, 2564], [1211, 2564]], '"', 0.20888396520415942), ([[579.0588806163867, 216.0246197729843], [1052.8424314896047, 295.6235239242176], [1018.9411193836133, 442.9753802270157], [544.1575685103954, 363.3764760757824]], '우와~양', 0.8525261282920837), ([[1759.945256169098, 278.0934345469491], [1843.6504514695691, 294.98198161801105], [1832.054743830902, 345.9065654530509], [1748.3495485304309, 329.01801838198895]], '이젠', 0.4965277580467888), ([[1198.622294436353, 1214.0142865598602], [1236.332595052619, 1205.011074210717], [1272.377705563647, 1355.9857134401398], [1234.667404947381, 1364.988925789283]], '"', 0.22730055226490098), ([[169.52968113596825, 1271.0904172013427], [244.66564023547028, 1221.018475761535], [333.47031886403175, 1375.9095827986573], [258.3343597645297, 1424.981524238465]], '@', 0.014312916705539414), ([[949.8363533994712, 1782.0617219550297], [1113.3489418577722, 1807.2718097655231], [1095.1636466005286, 1897.9382780449703], [931.6510581422277, 1872.7281902344769]], '프르록', 0.2150957416110412), ([[321.8757035566896, 1998.228236360772], [534.8311571945741, 1975.3084477403825], [538.1242964433104, 2063.771763639228], [325.16884280542587, 2086.6915522596173]], '미안해때', 0.15261149406433105), ([[354.96667006423115, 2176.076689430349], [478.82808701447397, 2201.4581738999573], [465.03332993576885, 2256.923310569651], [341.17191298552603, 2232.5418261000427]], '그치만', 0.9992789499121064), ([[343.9815420665362, 2308.074486052446], [493.8016732221336, 2329.3455389459673], [482.0184579334638, 2389.925513947554], [332.1983267778664, 2368.6544610540327]], '기뻐어요', 0.619750440120697), ([[498.2736737481338, 2359.0441247346967], [651.9924197529842, 2401.6984946036237], [635.7263262518662, 2452.9558752653033], [481.00758024701577, 2410.3015053963763]], '미오리네', 0.996468186378479), ([[1729.194099619248, 2353.0250038698923], [1864.9743942191358, 2451.184466649083], [1800.805900380752, 2539.9749961301077], [1664.0256057808642, 2441.815533350917]], '와<', 0.008285439267926584), ([[649.101167723432, 2399.0677069746516], [738.9166716619778, 2429.0035079306144], [720.898832276568, 2476.9322930253484], [632.0833283380222, 2446.9964920693856]], '씨가', 0.9982599474852569), ([[519.8525674214488, 2433.0827152079974], [610.2022747159815, 2450.517581456009], [595.1474325785512, 2517.9172847920026], [504.79772528401844, 2501.482418543991]], '잔뜩', 0.9991682911370409), ([[505.0542968817191, 2493.0560938064405], [668.887241331094, 2527.6615590468446], [651.9457031182809, 2592.9439061935595], [488.11275866890605, 2558.3384409531554]], '원한다고', 0.9856077432632446), ([[484.29072266128935, 2552.0420703548302], [612.9985619748671, 2597.8686446282877], [592.7092773387106, 2647.9579296451698], [464.0014380251328, 2601.1313553717123]], '해취서:', 0.32016655802726746)]
[([[1630, 300], [1724, 300], [1724, 338], [1630, 338]], "아:' 0", 0.4830830398331239), ([[1459, 345], [1530, 345], [1530, 387], [1459, 387]], '좀 더', 0.5522036552429199), ([[1648, 343], [1710, 343], [1710, 381], [1648, 381]], '거기', 0.9998482747168644), ([[1448, 386], [1539, 386], [1539, 430], [1448, 430]], '만저쥐', 0.4691867776910842), ([[1613, 380], [1745, 380], [1745, 429], [1613, 429]], '기분 좋아', 0.9991756021578093), ([[1434, 431], [1553, 431], [1553, 475], [1434, 475]], '슬레타이', 0.22515416145324707), ([[264, 489], [309, 489], [309, 567], [264, 567]], '손', 0.1388009272650983), ([[1708, 500], [1783, 500], [1783, 579], [1708, 579]], '신', 0.014489030314734919), ([[1738, 575], [1807, 575], [1807, 659], [1738, 659]], '2"', 0.16425725095502666), ([[488, 934], [571, 934], [571, 985], [488, 985]], '저기', 0.9999552403402822), ([[681, 969], [774, 969], [774, 1013], [681, 1013]], '슬레타', 0.6214010786184323), ([[473, 988], [625, 988], [625, 1039], [473, 1039]], '미오리네', 0.985120952129364), ([[504, 1040], [555, 1040], [555, 1088], [504, 1088]], '씨', 0.9999614957701262), ([[275, 1244], [343, 1244], [343, 1295], [275, 1295]], '넘어', 0.9994372173794356), ([[998, 1255], [1116, 1255], [1116, 1319], [998, 1319]], '너너', 0.9996899818594011), ([[139, 1321], [249, 1321], [249, 1345], [139, 1345]], '~권내', 0.0004950911399560284), ([[279, 1301], [355, 1301], [355, 1349], [279, 1349]], '젓다', 0.6192384680513908), ([[1313, 1308], [1460, 1308], [1460, 1372], [1313, 1372]], '스"스,', 0.9537239670753479), ([[138, 1358], [255, 1358], [255, 1400], [138, 1400]], '~~웃?', 0.5632542929348568), ([[684, 1298], [852, 1298], [852, 1408], [684, 1408]], '까앗', 0.44998186943108825), ([[960, 1318], [1152, 1318], [1152, 1386], [960, 1386]], '언제부터', 0.9999539852142334), ([[958, 1387], [1143, 1387], [1143, 1454], [958, 1454]], '거기에 ', 0.5683819651603699), ([[1300, 1372], [1478, 1372], [1478, 1440], [1300, 1440]], '스스스,', 0.9324178037651939), ([[1300, 1437], [1483, 1437], [1483, 1503], [1300, 1503]], '슬레타?!', 0.8122053817038547), ([[478, 2334], [516, 2334], [516, 2370], [478, 2370]], '2', 0.972657756169216), ([[881.0578369393376, 980.0494509237074], [946.0551724137931, 956.0620689655173], [991.9421630606624, 1092.9505490762926], [926.9448275862069, 1117.9379310344827]], '댐', 0.03510181665553369), ([[368.5360365143792, 1228.0382974246422], [539.6963020116062, 1123.0086591334277], [726.4639634856209, 1474.9617025753578], [555.3036979883938, 1580.9913408665723]], '[', 0.9381247157384145), ([[1285.072960704011, 1709.0866917312576], [1320.9805806756908, 1698.0970966215455], [1340.927039295989, 1771.9133082687424], [1304.0194193243092, 1782.9029033784545]], '돈', 0.02242088817110166), ([[417.2185469050425, 2278.2304782391616], [459.7178448951629, 2249.03690451692], [509.7814530949575, 2329.7695217608384], [467.2821551048371, 2359.96309548308]], '3', 0.7142422427407382)]
