2745810
12
[([[1729, 175], [2396, 175], [2396, 325], [1729, 325]], '미타가 아사', 0.559605981084854), ([[1846, 340], [2372, 340], [2372, 532], [1846, 532]], '잦날 청소', 0.19306498748030365), ([[126, 1390], [432, 1390], [432, 1466], [126, 1466]], '@찍요집름엇째', 0.0009000821114345368)]
[([[1700, 298], [1884, 298], [1884, 419], [1700, 419]], '(잠깐:', 0.967279851436615), ([[1696, 396], [1863, 396], [1863, 513], [1696, 513]], '무슨:', 0.5766400117418307), ([[1690, 488], [1932, 488], [1932, 620], [1690, 620]], '그만햇:', 0.34382596611976624), ([[1594, 588], [1972, 588], [1972, 714], [1594, 714]], '괴로윗6%   ', 0.002758679705871862), ([[1877, 1510], [1974, 1510], [1974, 1637], [1877, 1637]], '0', 0.9881832101471311), ([[571, 1471], [1005, 1471], [1005, 2112], [571, 2112]], '(', 0.059903609473153985), ([[1802.245819801995, 1321.0142247528665], [1954.887075345288, 1350.7054490407572], [1899.754180198005, 1625.9857752471335], [1747.112924654712, 1597.2945509592428]], '씨', 0.1326705971501987)]
[([[1723, 535], [1791, 535], [1791, 621], [1723, 621]], '0', 0.999712011093834), ([[488.97158397316787, 566.0311355572697], [610.9584515516219, 537.739195646887], [656.0284160268321, 764.9688644427303], [533.0415484483781, 793.260804353113]], '(', 0.8331084382360956)]
[([[640, 176], [1031, 176], [1031, 300], [640, 300]], '하? 뭐라고?', 0.8282104531846873), ([[1564, 133], [2000, 133], [2000, 267], [1564, 267]], '클루! 오월]!', 0.10755651202069107), ([[642, 282], [1247, 282], [1247, 411], [642, 411]], '별로 잘하지 않아서', 0.8483900180948125), ([[1515, 325], [1598, 325], [1598, 367], [1515, 367]], '0괴', 0.017711556622376484), ([[1571, 287], [1998, 287], [1998, 414], [1571, 414]], '아아 하아 ', 0.31917625650189047), ([[638, 392], [1128, 392], [1128, 518], [638, 518]], '그만 그런다고?', 0.2873151823157579), ([[1623, 388], [1996, 388], [1996, 521], [1623, 521]], '가갑자기', 0.29824812860508787), ([[638, 503], [842, 503], [842, 624], [638, 624]], '죽어!', 0.8034739673759115), ([[1541, 497], [2000, 497], [2000, 636], [1541, 636]], '떡립하게 한지', 0.06211302643333304), ([[1694, 601], [1925, 601], [1925, 739], [1694, 739]], '말리교', 0.30955873466016043), ([[1914, 638], [1985, 638], [1985, 698], [1914, 698]], "''", 0.677372343630043), ([[1746, 711], [1993, 711], [1993, 845], [1746, 845]], '죽줄', 0.34886957848663597), ([[1601, 817], [1923, 817], [1923, 963], [1601, 963]], '알앞장0:', 0.1122553115542701), ([[898, 1639], [1261, 1639], [1261, 1821], [898, 1821]], '0 * -', 0.31609369433925694), ([[1140.3044124322612, 986.0269203761692], [1234.7273495482298, 1073.8015073657132], [1180.6955875677388, 1132.9730796238307], [1086.2726504517702, 1045.1984926342868]], '건4', 0.03730754786316607), ([[695.0377091418829, 1556.0220592930482], [841.274909864627, 1514.4397192225078], [915.9622908581171, 1815.9779407069518], [769.725090135373, 1858.5602807774922]], '"', 0.09412578763134949)]
[([[182, 263], [330, 263], [330, 375], [182, 375]], '조금', 0.9999843214083535), ([[1540, 237], [1900, 237], [1900, 358], [1540, 358]], '난 그력저력', 0.706258522727725), ([[175, 358], [524, 358], [524, 486], [175, 486]], '상대해주면', 0.9992569578558976), ([[1534, 337], [1907, 337], [1907, 465], [1534, 465]], '귀여우니깐', 0.5937318886225802), ([[180, 468], [335, 468], [335, 580], [180, 580]], '금방', 0.9992178441131756), ([[179, 568], [547, 568], [547, 691], [179, 691]], '가버리켓지.', 0.4112028847229392)]
[([[843, 105], [1046, 105], [1046, 218], [843, 218]], '뛰어!?', 0.5881471037864685), ([[1727, 105], [2000, 105], [2000, 221], [1727, 221]], '욕 "뛰야', 0.6883908100227402), ([[845, 222], [1135, 222], [1135, 342], [845, 342]], '껍질 안을', 0.5924674255238767), ([[1497, 201], [1996, 201], [1996, 321], [1497, 321]], '이아저씨 자지; ', 0.43655458781507595), ([[846, 326], [1201, 326], [1201, 438], [846, 438]], '까보라니" .', 0.7543168235030108), ([[1636, 296], [1994, 296], [1994, 421], [1636, 421]], '껍질로 엄청', 0.8408051096709511), ([[1722, 397], [1996, 397], [1996, 518], [1722, 518]], '뒤덮어저', 0.42923402786254883), ([[1723, 499], [1991, 499], [1991, 614], [1723, 614]], '있잡아 ', 0.08591409772634506), ([[1619, 590], [1994, 590], [1994, 714], [1619, 714]], '기분나마 " .', 0.2094737200076182)]
[([[1773, 105], [1995, 105], [1995, 222], [1773, 222]], '우엇?', 0.32641427134478995), ([[1719, 205], [1997, 205], [1997, 340], [1719, 340]], '드러워', 0.9683304936278323), ([[1682, 404], [1992, 404], [1992, 527], [1682, 527]], '뛰야 이거;', 0.33963815494324745), ([[1779, 502], [1995, 502], [1995, 624], [1779, 624]], '쫓밥들', 0.07472604065339532), ([[1594, 599], [1992, 599], [1992, 721], [1594, 721]], "특성이찮아  '", 0.3367024654541991), ([[1634, 695], [2001, 695], [2001, 829], [1634, 829]], '"취약이야 !', 0.2353244076708267), ([[276.80267469317704, 658.0247275748848], [438.5798840347884, 529.0057982605798], [739.1973253068229, 957.9752724251152], [577.4201159652116, 1086.9942017394203]], '통', 0.5456593332576212)]
[([[1662, 141], [1993, 141], [1993, 249], [1662, 249]], "냄새도' ", 0.36754282788673953), ([[1703, 267], [1962, 267], [1962, 378], [1703, 378]], '활까 "', 0.445117712020874), ([[1686, 338], [2003, 338], [2003, 482], [1686, 482]], '후책 """!', 0.07316752091755066), ([[1786, 461], [1991, 461], [1991, 571], [1786, 571]], '냄새 "', 0.24441639329503514), ([[1619, 552], [1994, 552], [1994, 676], [1619, 676]], '기분나마  .', 0.21955827766915792), ([[1202.740093166806, 1160.5462701837373], [1255.778876672929, 1110.0303785865076], [1337.259906833194, 1208.4537298162627], [1283.221123327071, 1257.9696214134924]], '조', 0.9996588521137397)]
[([[792, 166], [1104, 166], [1104, 279], [792, 279]], '게, 게다가', 0.927843369483866), ([[1585, 143], [1994, 143], [1994, 266], [1585, 266]], '우왕]! 잠깐]', 0.04104521541191732), ([[794, 263], [1140, 263], [1140, 375], [794, 375]], '무슨 준까지', 0.36827953159360766), ([[1495, 307], [1994, 307], [1994, 430], [1495, 430]], '전% 다 까지 마사', 0.05923603853742479), ([[790, 356], [1335, 356], [1335, 479], [790, 479]], '흘러내리고 잇고하', 0.13298549285389893), ([[1700, 408], [1996, 408], [1996, 525], [1700, 525]], '전부 개밥', 0.09510250648586424), ([[794, 560], [994, 560], [994, 672], [794, 672]], '뛰어?', 0.9643944838805452), ([[1621, 503], [1996, 503], [1996, 628], [1621, 628]], '범범이장아!', 0.03397843808437271), ([[794, 654], [1120, 654], [1120, 769], [794, 769]], '흙으라고?', 0.28185669969330085), ([[792, 758], [978, 758], [978, 868], [792, 868]], '죽어', 0.990042806446045), ([[48.703826367456124, 571.0221125664644], [267.62388962395283, 413.005121901273], [598.2961736325439, 939.9778874335356], [379.37611037604717, 1097.994878098727]], '구', 0.14211592526322736), ([[701.4162020786683, 1255.0170555452287], [774.4142135623731, 1239.1005050633883], [814.5837979213317, 1445.9829444547713], [742.5857864376269, 1461.8994949366117]], "'", 0.290439440400192)]
[([[762, 148], [1005, 148], [1005, 258], [762, 258]], '갑"#"위', 0.0001753158340581487), ([[1260, 50], [1446, 50], [1446, 296], [1260, 296]], '1', 0.2345241935145035), ([[760, 237], [1023, 237], [1023, 375], [760, 375]], '알걀에]', 0.030423058196902275), ([[1499, 262], [1992, 262], [1992, 385], [1499, 385]], '자하잠깐잠깐]]', 0.2852657071716424), ([[766, 354], [1083, 354], [1083, 482], [766, 482]], '알계다고', 0.1295328438282013), ([[1458, 367], [1991, 367], [1991, 501], [1458, 501]], '가까이오지 마기', 0.31876114041772224), ([[761, 454], [1141, 454], [1141, 600], [761, 600]], '콤플테니깐', 0.0743987863380678), ([[1672, 477], [1995, 477], [1995, 611], [1672, 611]], '입에 당고', 0.4350358709356595), ([[757, 569], [1188, 569], [1188, 708], [757, 708]], '친정하라고', 0.901233861204319), ([[1712, 587], [2006, 587], [2006, 724], [1712, 724]], '있)페', 0.015036559434857459), ([[1127.299010994364, 876.0273407278568], [1247.9792473437167, 953.3891668473663], [1202.700989005636, 1021.9726592721432], [1083.0207526562833, 944.6108331526337]], '', 0.0), ([[1898.4587843525799, 906.0133223573736], [1976.857465212987, 886.0334712233762], [2034.5412156474201, 1130.9866776426265], [1956.142534787013, 1150.9665287766238]], '2', 0.018289012149541373), ([[1320.7351496210692, 1232.1844126885226], [1403.739706070523, 1168.0195552671157], [1505.2648503789308, 1320.8155873114774], [1422.260293929477, 1384.9804447328843]], '소', 0.08430604154270682)]
[([[1726, 109], [1877, 109], [1877, 212], [1726, 212]], '으움;', 0.5652939542878402), ([[757, 199], [1283, 199], [1283, 320], [757, 320]], '"알앉어 알앉어', 0.288125529790739), ([[1649, 200], [1998, 200], [1998, 315], [1649, 315]], '이제 목지:?', 0.22938712837796654), ([[757, 294], [1150, 294], [1150, 418], [757, 418]], '발편 되찮아?', 0.2145724608553769), ([[1715, 301], [1992, 301], [1992, 418], [1715, 418]], '운웬액"', 0.1486528366804123), ([[758, 396], [1055, 396], [1055, 513], [758, 513]], '이제네가', 0.9254223704338074), ([[1651, 393], [1999, 393], [1999, 529], [1651, 529]], '꼼직해"""', 0.3400145048761985), ([[760, 497], [1176, 497], [1176, 614], [760, 614]], '하교 싶은대로', 0.6555090476069426), ([[760, 594], [1050, 594], [1050, 706], [760, 706]], '해도 돼:', 0.6357792912120318), ([[1640, 591], [1993, 591], [1993, 706], [1640, 706]], '기분나분고', 0.18689526882391042), ([[1580, 689], [1994, 689], [1994, 811], [1580, 811]], '머리가 이상해', 0.37278235622488753), ([[1534, 787], [1978, 787], [1978, 912], [1534, 912]], '지눈 것 같아  ', 0.3309442751094515), ([[1179, 983], [1241, 983], [1241, 1034], [1179, 1034]], '50', 0.1519849950927027), ([[1369, 1223], [1445, 1223], [1445, 1287], [1369, 1287]], '12', 0.019261807806048897)]
[([[1602, 171], [1775, 171], [1775, 283], [1602, 283]], '입안', 0.9998270337153303), ([[1750, 153], [2004, 153], [2004, 398], [1750, 398]], "'가득히", 0.1837848573923111), ([[1539, 356], [1995, 356], [1995, 491], [1539, 491]], '쫓밟이량 줍이', 0.0976562421544028), ([[1759, 455], [1995, 455], [1995, 590], [1759, 590]], '퍼저서', 0.807184309196565), ([[1607, 557], [1987, 557], [1987, 685], [1607, 685]], '기분내빠 ', 0.3826782419544791), ([[1540, 655], [1996, 655], [1996, 781], [1540, 781]], '당분하음 밥도', 0.07844982579461082), ([[1603, 753], [1933, 753], [1933, 885], [1603, 885]], '못먹젠어:', 0.3393446780424017), ([[1578, 856], [1938, 856], [1938, 982], [1578, 982]], '취약이야 .', 0.4605843859322713), ([[1059, 1795], [1134, 1795], [1134, 1859], [1059, 1859]], '7', 0.43196508796781075), ([[1063, 1896], [1132, 1896], [1132, 1958], [1063, 1958]], '1', 0.08893796427997813), ([[592, 2550], [657, 2550], [657, 2774], [592, 2774]], '(', 0.6661835395527227), ([[300.27164295927076, 2107.066871980062], [323.4276424244681, 2087.022925452447], [387.72835704072924, 2168.933128019938], [364.5723575755319, 2187.977074547553]], '8', 0.3638130153085264), ([[390.46334368540005, 2200.0483902697], [409.34257201787347, 2184.0196234445007], [471.53665631459995, 2260.9516097303], [452.65742798212653, 2276.9803765554993]], '(', 0.04742637341319611), ([[578.5483612478229, 2440.025578980841], [607.6575959492214, 2436.0544243046716], [619.4516387521771, 2535.974421019159], [590.3424040507786, 2539.9455756953284]], '1', 0.18343771869943826), ([[622.3204595160191, 2810.077975918882], [646.9833181062817, 2807.165730164247], [652.6795404839809, 2858.922024081118], [628.0166818937183, 2861.834269835753]], '8', 0.9338207242274308)]
