2746100
20
[([[2269, 131], [2361, 131], [2361, 191], [2269, 191]], '여기', 0.999996375372952), ([[2267, 185], [2361, 185], [2361, 247], [2267, 247]], '우리', 0.9999939308592087), ([[2267, 241], [2361, 241], [2361, 301], [2267, 301]], '비밀', 0.9405912476693569), ([[2245, 297], [2383, 297], [2383, 357], [2245, 357]], '기지로', 0.9961328716239081), ([[2252, 354], [2378, 354], [2378, 410], [2252, 410]], '하자~', 0.9415905475616455), ([[162, 566], [382, 566], [382, 644], [162, 644]], '이 근처에', 0.9934162199129501), ([[163, 634], [382, 634], [382, 711], [163, 711]], '화장실은', 0.9996611475944519), ([[154, 704], [396, 704], [396, 782], [154, 782]], '없으려나~', 0.9927979977206104), ([[2127, 895], [2287, 895], [2287, 963], [2127, 963]], '음식물', 0.9999937368807252), ([[2105, 965], [2313, 965], [2313, 1033], [2105, 1033]], '쓰레기가', 0.9998732209205627), ([[2098, 1030], [2314, 1030], [2314, 1102], [2098, 1102]], '버려진 걸', 0.9117367568263314), ([[1497, 1117], [1657, 1117], [1657, 1201], [1497, 1201]], '턱키~', 0.5575246924011316), ([[2126, 1094], [2289, 1094], [2289, 1171], [2126, 1171]], '보니까', 0.9982159806845096), ([[129, 1215], [243, 1215], [243, 1281], [129, 1281]], '아까', 0.9999562518515352), ([[1486, 1196], [1660, 1196], [1660, 1274], [1486, 1274]], '편의점', 0.999984651925843), ([[2130, 1170], [2286, 1170], [2286, 1242], [2130, 1242]], '쓰레기', 0.9999099767687368), ([[2129, 1237], [2287, 1237], [2287, 1305], [2129, 1305]], '버리는', 0.5352169275283813), ([[16, 1276], [350, 1276], [350, 1354], [16, 1354]], '다녀오라니까~', 0.9834466226439847), ([[1483, 1267], [1671, 1267], [1671, 1353], [1483, 1353]], '멀잖아', 0.7007834404698267), ([[2106, 1302], [2330, 1302], [2330, 1378], [2106, 1378]], '곳인가 화', 0.6593902860628036), ([[20, 1348], [344, 1348], [344, 1420], [20, 1420]], '근처 풀숙에서', 0.5838964757066372), ([[46, 1416], [322, 1416], [322, 1490], [46, 1490]], '하는 수밖에', 0.85821700786981), ([[66, 1484], [304, 1484], [304, 1556], [66, 1556]], '없젯는데?', 0.26639260235024653), ([[1324.6960372667224, 1681.2185080734948], [1353.599221517712, 1663.0451379831009], [1387.3039627332776, 1717.7814919265052], [1358.400778482288, 1736.9548620168991]], '"', 0.02264583658595498)]
[([[1354, 123], [1715, 123], [1715, 213], [1354, 213]], '거짓말하니까', 0.989509576864064), ([[642, 242], [670, 242], [670, 266], [642, 266]], '3', 0.3280151522666621), ([[1442, 206], [1620, 206], [1620, 282], [1442, 282]], '이렇게', 0.7581887899075863), ([[784, 230], [1038, 230], [1038, 330], [784, 330]], '최약이야', 0.6498039364814758), ([[1404, 280], [1666, 280], [1666, 360], [1404, 360]], '되는 거야', 0.947214612604852), ([[162, 336], [194, 336], [194, 370], [162, 370]], '3', 0.7667737587671617), ([[100, 353], [161, 353], [161, 386], [100, 386]], '3 `', 0.1167350827495975), ([[97, 695], [339, 695], [339, 787], [97, 787]], '솔직하제', 0.7441455721855164), ([[92, 771], [341, 771], [341, 864], [92, 864]], '말햇는데', 0.6586003303527832), ([[696, 1108], [1090, 1108], [1090, 1188], [696, 1188]], '종은 걸 뵙으니', 0.21918898870799683), ([[115, 1150], [518, 1150], [518, 1242], [115, 1242]], '아니야 오는 건', 0.8791144353719903), ([[644, 1182], [1142, 1182], [1142, 1262], [644, 1262]], '이번엔 용서해 줄게', 0.9256173352100586), ([[21, 1229], [535, 1229], [535, 1317], [21, 1317]], '종은데 오중은 우리', 0.6379819443574508), ([[696, 1253], [1090, 1253], [1090, 1340], [696, 1340]], '이젠 산에 오지', 0.6355287430538809), ([[119, 1303], [437, 1303], [437, 1393], [119, 1393]], '집에서 싸람', 0.7606782584010103), ([[803, 1333], [990, 1333], [990, 1414], [803, 1414]], '말도록', 0.9986132947453393), ([[1619, 1445], [1761, 1445], [1761, 1504], [1619, 1504]], '구시', 0.10301372536674751), ([[1855.0578369393377, 1081.0494509237074], [2011.7564289564762, 1115.920348122837], [1990.9421630606623, 1193.9505490762926], [1834.2435710435238, 1158.079651877163]], '[궁 속', 0.1366719414822251)]
[([[1324.2111456180003, 1684.4222912360003], [1350.6175075210945, 1662.0479518649956], [1391.7888543819997, 1711.5777087639997], [1365.3824924789055, 1733.9520481350044]], '뜰', 0.051506345213729654)]
[([[651.9764230569124, 1056.0477267089623], [860.709601506528, 1093.4891364889002], [840.0235769430876, 1184.9522732910377], [630.290398493472, 1147.5108635110998]], '8', 0.22541468367942574)]
[]
[]
[]
[]
[]
[]
[]
[([[1267, 113], [1655, 113], [1655, 223], [1267, 223]], '우왕! 리카', 0.3228157149130985), ([[1272, 206], [1647, 206], [1647, 329], [1272, 329]], '응가한다!', 0.5732996326502626), ([[56, 688], [364, 688], [364, 816], [56, 816]], '아니야', 0.7153384920669419), ([[62, 798], [364, 798], [364, 926], [62, 926]], '따보다', 0.18321608529964523), ([[54, 908], [370, 908], [370, 1036], [54, 1036]], '보페마', 0.5248191327859197), ([[60, 1022], [364, 1022], [364, 1148], [60, 1148]], '변태얘}', 0.206990048289299), ([[122, 1630], [314, 1630], [314, 1704], [122, 1704]], '조금 더', 0.5354079857322045), ([[72, 1700], [366, 1700], [366, 1774], [72, 1774]], '안보일만한', 0.6927569096024035), ([[126, 1772], [308, 1772], [308, 1844], [126, 1844]], '으로', 0.9969173400109275), ([[101, 1837], [330, 1837], [330, 1918], [101, 1918]], '가아켓어', 0.5226443409919739), ([[1017, 2233], [1055, 2233], [1055, 2279], [1017, 2279]], '3', 0.818375614924637), ([[650.0041067935323, 1056.0451747288553], [860.6804403087106, 1093.3678535732088], [839.9958932064677, 1187.9548252711447], [628.3195596912894, 1150.6321464267912]], '  ', 0.059714296973484036), ([[988.3026573907705, 2149.0488674744706], [1026.4740454631399, 2132.0225226370303], [1065.6973426092295, 2229.9511325255294], [1028.5259545368601, 2246.9774773629697]], '5', 0.4111567864925405)]
[]
[([[1355, 375], [1599, 375], [1599, 464], [1355, 464]], '여기라면', 0.9997919201850891), ([[1347, 454], [1609, 454], [1609, 540], [1347, 540]], '안 오켓지', 0.6326751921561545), ([[136, 585], [398, 585], [398, 662], [136, 662]], '재는 뭐람', 0.7012038915841871), ([[110, 662], [372, 662], [372, 736], [110, 736]], '내 산에서', 0.9838195861469249), ([[348, 2178], [553, 2178], [553, 2351], [348, 2351]], '8', 0.1598519572495185), ([[442, 2506], [493, 2506], [493, 2556], [442, 2556]], '(70', 0.07773430270468291), ([[125.08113395947612, 2018.017596342327], [405.6407312117369, 2140.862872037946], [319.9188660405239, 2326.982403657673], [38.3592687882631, 2205.137127962054]], '(', 0.7940482497498493), ([[312.6076433315133, 2522.497579662481], [455.31580184407176, 2503.2175099722435], [459.3923566684867, 2556.502420337519], [316.68419815592824, 2575.7824900277565]], '+해하이', 0.012794747948646545)]
[([[73, 183], [237, 183], [237, 245], [73, 245]], '싸는 중', 0.6163492266430759), ([[37, 238], [225, 238], [225, 307], [37, 307]], '이어는데', 0.12936642596979986), ([[963, 259], [1173, 259], [1173, 345], [963, 345]], '왜 남의', 0.6122000333316104), ([[60, 298], [254, 298], [254, 370], [60, 370]], '최약이야', 0.8001766204833984), ([[917, 327], [1224, 327], [1224, 427], [917, 427]], '사유지에서', 0.9856590873565724), ([[935, 405], [1205, 405], [1205, 493], [935, 493]], '놀고 있어', 0.9694278153407072), ([[991, 825], [1206, 825], [1206, 914], [991, 914]], '그러니켓', 0.17129601538181305), ([[476, 902], [564, 902], [564, 978], [476, 978]], '강', 0.04426863037219064), ([[991, 896], [1208, 896], [1208, 972], [991, 972]], '올찾다고', 0.18536093831062317), ([[1012, 958], [1183, 958], [1183, 1039], [1012, 1039]], '사과햇', 0.6444822417524739), ([[1020, 1030], [1184, 1030], [1184, 1102], [1020, 1102]], '잠아요', 0.8918628872049497), ([[102, 1260], [266, 1260], [266, 1334], [102, 1334]], '안 햇다', 0.8128496408462524), ([[113, 1311], [251, 1311], [251, 1445], [113, 1445]], '호용', 0.21020801813202655), ([[86, 1422], [276, 1422], [276, 1498], [86, 1498]], '물움덩이', 0.527971088886261), ([[932, 1416], [1152, 1416], [1152, 1516], [932, 1516]], '태도가', 0.992367859999588), ([[133, 1485], [231, 1485], [231, 1545], [133, 1545]], '인데', 0.9997358337742975), ([[880, 1502], [1204, 1502], [1204, 1600], [880, 1600]], '그게 뒷내', 0.1555774404510072), ([[895, 1609], [961, 1609], [961, 1653], [895, 1653]], '..', 0.032548218873189844), ([[977, 1591], [1199, 1591], [1199, 1681], [977, 1681]], '소변모', 0.6656174915553259), ([[32, 1688], [405, 1688], [405, 1790], [32, 1790]], '건짓말하권', 0.3392985570335152), ([[892, 1670], [1188, 1670], [1188, 1770], [892, 1770]], '진료장나', 0.04940703138709068), ([[20, 1774], [420, 1774], [420, 1878], [20, 1878]], '확인해뽑다', 0.2344534795021573), ([[836, 1755], [1246, 1755], [1246, 1859], [836, 1859]], '망할 모맺야', 0.02244444542476927)]
[([[1045, 41], [1201, 41], [1201, 133], [1045, 133]], '누가', 0.9822025294057254), ([[901, 120], [1354, 120], [1354, 221], [901, 221]], '변태라는 거야!', 0.7835314371857478), ([[1434, 93], [1885, 93], [1885, 209], [1434, 209]], '무슨 짓이야', 0.4277307402490967), ([[954, 208], [1304, 208], [1304, 306], [954, 306]], '확인하다고', 0.5463194060590433), ([[1454, 188], [1868, 188], [1868, 310], [1454, 310]], '아저씨역신', 0.7337652943760766), ([[1009, 297], [1245, 297], [1245, 389], [1009, 389]], '햇장나!', 0.5179958343505859), ([[1492, 281], [1837, 281], [1837, 405], [1492, 405]], '변태없어', 0.7684902548789978), ([[721, 825], [931, 825], [931, 913], [721, 913]], '괜티도', 0.5274560876122966), ([[196, 896], [597, 896], [597, 1001], [196, 1001]], '무슨 소리야]', 0.4766975031334886), ([[687, 909], [965, 909], [965, 999], [687, 999]], '증거니까', 0.9956461191177368), ([[201, 981], [604, 981], [604, 1089], [201, 1089]], '출도 풀어쥐]', 0.19746894907173282), ([[679, 997], [971, 997], [971, 1087], [679, 1087]], '벌주는 경', 0.8799323065300355), ([[674, 1074], [979, 1074], [979, 1179], [674, 1179]], '돌수한다!', 0.8662488125371576), ([[131, 1131], [339, 1131], [339, 1223], [131, 1223]], '질문에', 0.9707407355308533), ([[132, 1214], [342, 1214], [342, 1312], [132, 1312]], '솔직히', 0.9997986880823863), ([[96, 1296], [380, 1296], [380, 1398], [96, 1398]], '답한다면', 0.9372866153717041), ([[122, 1382], [362, 1382], [362, 1482], [122, 1482]], '말이지!', 0.9623289108276367)]
[([[805, 85], [1001, 85], [1001, 193], [805, 193]], '싫엇!', 0.8715470437943612), ([[1561, 69], [1885, 69], [1885, 185], [1561, 185]], '보지에서', 0.9838908910751343), ([[801, 181], [1002, 181], [1002, 296], [801, 296]], '아핏!', 0.22247371834435664), ([[1497, 176], [1947, 176], [1947, 290], [1497, 290]], '오중 냄새가', 0.9140167042979976), ([[1581, 281], [1863, 281], [1863, 397], [1581, 397]], '나장나', 0.5444819395472343), ([[1447, 419], [1569, 419], [1569, 483], [1447, 483]], '> "', 0.3587800157582184), ([[1, 651], [382, 651], [382, 777], [1, 777]], '안몰제문}', 0.03809465044867038), ([[783, 935], [909, 935], [909, 1001], [783, 1001]], '오?', 0.9997683687786718), ([[798, 1002], [922, 1002], [922, 1078], [798, 1078]], '방금', 0.9999910648798075), ([[744, 1070], [962, 1070], [962, 1146], [744, 1146]], '지렇네', 0.570333625512975), ([[622, 1142], [796, 1142], [796, 1220], [622, 1220]], '귀여운', 0.9801602884544716), ([[178, 1218], [428, 1218], [428, 1296], [178, 1296]], '조금만 더', 0.9897606590450666), ([[624, 1214], [794, 1214], [794, 1292], [624, 1292]], '악동의', 0.997187149982766), ([[160, 1286], [449, 1286], [449, 1374], [160, 1374]], '괴롭혀불까', 0.36773850375676187), ([[623, 1277], [793, 1277], [793, 1361], [623, 1361]], '물이~', 0.5130954732331202), ([[1351.043064939372, 400.05743899678816], [1472.659256049595, 427.69006563583645], [1453.956935060628, 498.94256100321184], [1331.340743950405, 470.30993436416355]], '5엽', 0.02466199131820874)]
[([[717, 121], [789, 121], [789, 161], [717, 161]], '@3', 0.19543915482056834), ([[786, 104], [872, 104], [872, 182], [786, 182]], '안', 0.9996344185275099), ([[956, 124], [1156, 124], [1156, 204], [956, 204]], '으아 ;', 0.41034144163131714), ([[1623, 119], [1925, 119], [1925, 203], [1623, 203]], '지금이라도', 0.999780778157898), ([[697, 177], [887, 177], [887, 265], [697, 265]], '햇어:하이', 0.23070234100319367), ([[966, 202], [1110, 202], [1110, 276], [966, 276]], '으으', 0.994047660678717), ([[1651, 193], [1895, 193], [1895, 277], [1651, 277]], '솔직하게', 0.9865336757053611), ([[643, 249], [721, 249], [721, 293], [643, 293]], '꿀@', 0.06152865514637825), ([[176, 304], [204, 304], [204, 334], [176, 334]], '0', 0.04204246807381651), ([[748, 254], [834, 254], [834, 328], [748, 328]], '요', 0.999857192369987), ([[1644, 270], [1904, 270], [1904, 350], [1644, 350]], '말하면 화', 0.966490063422381), ([[103, 349], [181, 349], [181, 393], [103, 393]], '꿀@', 0.14582317640408407), ([[1654, 344], [1890, 344], [1890, 424], [1654, 424]], '안 벌게~', 0.49707689361724533), ([[136, 792], [206, 792], [206, 840], [136, 840]], '9', 0.03558188394494821), ([[207, 777], [337, 777], [337, 865], [207, 865]], '이제', 0.9985579552743737), ([[137, 853], [341, 853], [341, 941], [137, 941]], '돼장안', 0.11926768796963401), ([[104, 920], [375, 920], [375, 1022], [104, 1022]], '풀어쥐:  !', 0.3966641864833411), ([[832, 1024], [1020, 1024], [1020, 1102], [832, 1102]], '조숙한', 0.9242924806791958), ([[37, 1067], [211, 1067], [211, 1151], [37, 1151]], '으~음', 0.9982902260220425), ([[512, 1070], [818, 1070], [818, 1158], [512, 1158]], '거짓말하는', 0.8735410967857495), ([[854, 1100], [1004, 1100], [1004, 1180], [854, 1180]], '녀석,', 0.8565885463473122), ([[54, 1144], [190, 1144], [190, 1220], [54, 1220]], '그래', 0.9999925821627202), ([[530, 1146], [799, 1146], [799, 1231], [530, 1231]], '애는 벌올', 0.2807398860165323), ([[831, 1168], [1018, 1168], [1018, 1258], [831, 1258]], '표정이', 0.9987020636841255), ([[533, 1217], [1045, 1217], [1045, 1334], [533, 1334]], '줄 거야  풀렉군{', 0.24342267777285262), ([[1329.393275278069, 375.0204741154225], [1521.8853835314962, 473.5682320375788], [1484.606724721931, 540.9795258845776], [1293.1146164685038, 442.4317679624212]], '거다-=', 0.025994159281253815), ([[156.33041051999302, 565.0450378479484], [242.9736396307714, 611.4872536463122], [222.66958948000698, 648.9549621520516], [136.0263603692286, 602.5127463536878]], '0 9', 0.19881151810307227), ([[1136.1780050634732, 662.0680303808393], [1206.951008980751, 691.3017807847659], [1189.8219949365268, 731.9319696191607], [1119.048991019249, 703.6982192152341]], '? ~', 0.16282387347272786), ([[1085.3633013932322, 698.0225496445739], [1201.7104025610945, 794.7352953341154], [1151.6366986067678, 856.9774503554261], [1034.2895974389055, 760.2647046658846]], '0*? 9', 0.23620107469273802)]
[([[781, 11], [979, 11], [979, 101], [781, 101]], '아직도', 0.8850975192712188), ([[814, 90], [946, 90], [946, 170], [814, 170]], '말을', 0.3635712755207032), ([[785, 164], [971, 164], [971, 248], [785, 248]], '않다니', 0.9996094254203576), ([[1153, 167], [1419, 167], [1419, 255], [1153, 255]], '아앗 시컷', 0.9267637844723208), ([[1655, 147], [1829, 147], [1829, 239], [1655, 239]], '옷차!', 0.36317495582621784), ([[643, 249], [721, 249], [721, 293], [643, 293]], '꿀@', 0.026344184104103198), ([[767, 239], [985, 239], [985, 327], [767, 327]], '이 녀석!', 0.936671337251827), ([[1113, 245], [1457, 245], [1457, 333], [1113, 333]], '짧어요! 오중', 0.5482410415402208), ([[1636, 226], [1854, 226], [1854, 322], [1636, 322]], '햇잖아', 0.4373306754984781), ([[1150, 320], [1422, 320], [1422, 408], [1150, 408]], '짧으니까!', 0.22162936421129467), ([[1583, 315], [1905, 315], [1905, 407], [1583, 407]], '얼른 말해!', 0.9862285619651802), ([[1496, 452], [1522, 452], [1522, 482], [1496, 482]], '0', 0.9755293612872862), ([[75, 865], [408, 865], [408, 957], [75, 957]], '짧다니까요!', 0.6939766558164668), ([[35, 943], [445, 943], [445, 1031], [35, 1031]], '오중삶으니까!', 0.5542037781026299), ([[109, 1091], [241, 1091], [241, 1183], [109, 1183]], '싫엇', 0.8653829575268468), ([[47, 1164], [302, 1164], [302, 1262], [47, 1262]], '나외버럿', 0.305050790309906), ([[1385.9722839463795, 386.058870333502], [1505.5587951183386, 415.2166519940362], [1485.0277160536205, 490.941129666498], [1365.4412048816614, 460.7833480059638]], '숨험', 0.0018470423310378472), ([[812.0586996752022, 984.1580680187336], [878.7088193690532, 930.0209526630014], [976.9413003247978, 1068.8419319812665], [910.2911806309468, 1122.9790473369987]], '9', 0.05327486641085977)]
[([[694, 184], [962, 184], [962, 280], [694, 280]], '보지마~!', 0.8937247630441929), ([[1010, 129], [1375, 129], [1375, 253], [1010, 253]], '으의욕-!', 0.22758454918913376), ([[1300, 257], [1720, 257], [1720, 442], [1300, 442]], '(*나 ;', 0.32996090353552787), ([[21, 658], [335, 658], [335, 757], [21, 757]], '말햇눈데;', 0.1034266666898028), ([[586, 764], [852, 764], [852, 862], [586, 862]], '오오~여', 0.1856407896228429), ([[606, 870], [886, 870], [886, 994], [606, 994]], '삶다"', 0.26005665927489824), ([[82, 1038], [378, 1038], [378, 1160], [82, 1160]], '오중발', 0.7965960340939923), ([[131, 1153], [338, 1153], [338, 1266], [131, 1266]], '보소', 0.999993087923841)]
