2750015
13
[([[1676, 228], [1760, 228], [1760, 280], [1676, 280]], '각청', 0.9084356177449077), ([[1917, 253], [1977, 253], [1977, 321], [1917, 321]], '01', 0.7645939997432404), ([[1672, 412], [1756, 412], [1756, 466], [1672, 466]], '신학', 0.999822903535936), ([[1941, 437], [1961, 437], [1961, 467], [1941, 467]], '2', 1.0), ([[1636, 575], [1758, 575], [1758, 625], [1636, 625]], '아야카', 0.7548242648358654), ([[1941, 599], [1961, 599], [1961, 629], [1941, 629]], '3', 0.7898708921897216), ([[1674, 736], [1758, 736], [1758, 788], [1674, 788]], '감우', 0.9992057928979792), ([[1939, 763], [1959, 763], [1959, 789], [1939, 789]], '4', 0.9999780656110033)]
[([[1676, 228], [1760, 228], [1760, 280], [1676, 280]], '감청', 0.4396043853190127), ([[1672, 412], [1758, 412], [1758, 466], [1672, 466]], '신학', 0.9988885999963834), ([[1941, 437], [1961, 437], [1961, 467], [1941, 467]], '2', 1.0), ([[1636, 576], [1760, 576], [1760, 628], [1636, 628]], '아야카', 0.623115353240573), ([[1941, 599], [1961, 599], [1961, 629], [1941, 629]], '3', 0.7231844153775749), ([[1674, 736], [1758, 736], [1758, 790], [1674, 790]], '감운', 0.8406152705869385), ([[1938, 762], [1962, 762], [1962, 792], [1938, 792]], '4', 1.0)]
[([[1678, 228], [1760, 228], [1760, 280], [1678, 280]], '각청', 0.6371577243314666), ([[1674, 414], [1758, 414], [1758, 468], [1674, 468]], '신학', 0.9985818846519746), ([[1941, 437], [1961, 437], [1961, 467], [1941, 467]], '2', 1.0), ([[1634, 573], [1762, 573], [1762, 633], [1634, 633]], '아야카}', 0.46521177887916565), ([[1941, 599], [1961, 599], [1961, 629], [1941, 629]], '3', 0.7008267158235499), ([[1669, 731], [1762, 731], [1762, 794], [1669, 794]], '감운', 0.06950693146157551), ([[1939, 763], [1959, 763], [1959, 791], [1939, 791]], '4', 0.9999996423721633)]
[([[1676, 228], [1758, 228], [1758, 276], [1676, 276]], '각정', 0.4794837019907276), ([[1674, 414], [1756, 414], [1756, 462], [1674, 462]], '신학', 0.9702808979987144), ([[1938, 436], [1962, 436], [1962, 468], [1938, 468]], '2', 0.9999592308385132), ([[620, 525], [1440, 525], [1440, 673], [620, 673]], '적올 주의하세요', 0.7839550420656265), ([[1638, 576], [1762, 576], [1762, 630], [1638, 630]], '아아카', 0.6605004235236392), ([[1938, 598], [1962, 598], [1962, 630], [1938, 630]], '3', 0.9999645951543847), ([[357, 753], [1583, 753], [1583, 818], [357, 818]], '적의 수와 특징올 자세히 관찰한 뒤 신중하게 공격 전락올 세위보세요', 0.8384154915425717), ([[1672, 736], [1758, 736], [1758, 790], [1672, 790]], '감은', 0.11677948026293457)]
[]
[([[1678, 228], [1760, 228], [1760, 280], [1678, 280]], '각청', 0.9006021301481354), ([[1925, 259], [1969, 259], [1969, 315], [1925, 315]], '1', 0.9999984502798362), ([[1672, 412], [1756, 412], [1756, 466], [1672, 466]], '신학', 0.9998162446858027), ([[1941, 437], [1961, 437], [1961, 467], [1941, 467]], '2', 0.999999880790714), ([[1636, 575], [1758, 575], [1758, 625], [1636, 625]], '아야카', 0.7583719679421581), ([[1941, 599], [1961, 599], [1961, 629], [1941, 629]], '3', 0.6853322636268486), ([[1674, 736], [1758, 736], [1758, 788], [1674, 788]], '감우', 0.9988248953087873), ([[1939, 765], [1959, 765], [1959, 789], [1939, 789]], '4', 0.9999994039536411)]
[([[1676, 226], [1760, 226], [1760, 280], [1676, 280]], '각청', 0.8437222608535176), ([[1920, 254], [1976, 254], [1976, 320], [1920, 320]], '01', 0.9355210128090854), ([[1672, 412], [1756, 412], [1756, 466], [1672, 466]], '신학', 0.689286062307158), ([[1941, 437], [1961, 437], [1961, 467], [1941, 467]], '2', 0.999999880790714), ([[1636, 575], [1758, 575], [1758, 625], [1636, 625]], '아야카', 0.8456053502271997), ([[1941, 599], [1961, 599], [1961, 629], [1941, 629]], '3', 0.6501082588947634), ([[1674, 736], [1758, 736], [1758, 788], [1674, 788]], '감우', 0.9988930661103891), ([[1939, 763], [1959, 763], [1959, 789], [1939, 789]], '4', 0.9999822378947307)]
[([[1676, 226], [1760, 226], [1760, 280], [1676, 280]], '각청', 0.8402922678243566), ([[1672, 412], [1756, 412], [1756, 466], [1672, 466]], '신학', 0.9997723303159272), ([[1941, 437], [1961, 437], [1961, 467], [1941, 467]], '2', 1.0), ([[1636, 575], [1758, 575], [1758, 625], [1636, 625]], '아야카', 0.7934624010300754), ([[1941, 599], [1961, 599], [1961, 629], [1941, 629]], '3', 0.6715686524323818), ([[1674, 736], [1758, 736], [1758, 788], [1674, 788]], '감우', 0.9993022880879879), ([[1939, 763], [1959, 763], [1959, 789], [1939, 789]], '4', 0.9999916553671397)]
[([[1675, 227], [1765, 227], [1765, 291], [1675, 291]], '각청', 0.9113854607332631), ([[1756, 214], [1984, 214], [1984, 340], [1756, 340]], '없 [', 0.016134506091475487), ([[1674, 412], [1766, 412], [1766, 466], [1674, 466]], '신학', 0.9931563304982851), ([[1941, 437], [1961, 437], [1961, 467], [1941, 467]], '2', 0.999999880790714), ([[1636, 576], [1760, 576], [1760, 628], [1636, 628]], '아야3}', 0.3403131365776062), ([[1941, 599], [1961, 599], [1961, 629], [1941, 629]], '3', 0.7595883562151006), ([[1674, 736], [1756, 736], [1756, 786], [1674, 786]], '감우', 0.7467437878206514), ([[1939, 763], [1959, 763], [1959, 789], [1939, 789]], '4', 0.9999941587533421)]
[([[1676, 228], [1760, 228], [1760, 280], [1676, 280]], '감정', 0.2678444388335414), ([[1674, 412], [1758, 412], [1758, 466], [1674, 466]], '신학', 0.7945961930402643), ([[1941, 437], [1961, 437], [1961, 467], [1941, 467]], '2', 0.999999880790714), ([[1636, 576], [1760, 576], [1760, 628], [1636, 628]], '아야카', 0.6674954295158386), ([[1941, 599], [1961, 599], [1961, 629], [1941, 629]], '3', 0.8068978707229004), ([[1674, 736], [1756, 736], [1756, 786], [1674, 786]], '감우', 0.40687806748653893), ([[1939, 765], [1959, 765], [1959, 789], [1939, 789]], '4', 0.9999991655351472)]
[([[1676, 228], [1760, 228], [1760, 282], [1676, 282]], '각청', 0.9727603632153105), ([[1915, 253], [1977, 253], [1977, 321], [1915, 321]], '01', 0.9905859617432284), ([[1676, 412], [1758, 412], [1758, 464], [1676, 464]], '신학', 0.9977443721427776), ([[1941, 437], [1961, 437], [1961, 467], [1941, 467]], '2', 0.999999880790714), ([[1636, 576], [1760, 576], [1760, 628], [1636, 628]], '아야3}', 0.4065118432044983), ([[1941, 599], [1961, 599], [1961, 629], [1941, 629]], '3', 0.7381316249863359), ([[1672, 736], [1756, 736], [1756, 786], [1672, 786]], '감운', 0.960742390569582), ([[1941, 765], [1959, 765], [1959, 789], [1941, 789]], '4', 0.9999921322023653)]
[([[1676, 228], [1760, 228], [1760, 280], [1676, 280]], '각청', 0.9093525928728858), ([[1915, 253], [1977, 253], [1977, 321], [1915, 321]], '01', 0.9731701836359776), ([[1674, 412], [1758, 412], [1758, 464], [1674, 464]], '신학', 0.99984970764633), ([[1941, 437], [1961, 437], [1961, 467], [1941, 467]], '2', 1.0), ([[1636, 576], [1760, 576], [1760, 628], [1636, 628]], '아야카', 0.956270928342495), ([[1941, 599], [1961, 599], [1961, 629], [1941, 629]], '3', 0.6980351307478254), ([[1674, 736], [1758, 736], [1758, 786], [1674, 786]], '감운', 0.8920927672790921), ([[1941, 765], [1959, 765], [1959, 789], [1941, 789]], '4', 0.9999980926522767)]
[([[1676, 228], [1762, 228], [1762, 280], [1676, 280]], '감정', 0.28180558023046465), ([[1674, 412], [1758, 412], [1758, 466], [1674, 466]], '신학', 0.8046278801143564), ([[1941, 437], [1961, 437], [1961, 467], [1941, 467]], '2', 1.0), ([[1638, 576], [1760, 576], [1760, 628], [1638, 628]], '아야카', 0.5163556138411276), ([[1941, 599], [1961, 599], [1961, 629], [1941, 629]], '3', 0.7463757788326852), ([[1674, 736], [1754, 736], [1754, 786], [1674, 786]], '감운', 0.7517908404813944), ([[1939, 763], [1959, 763], [1959, 791], [1939, 791]], '4', 0.9999997615814351)]
