2752035
17
[]
[([[1204, 534], [1296, 534], [1296, 753], [1204, 753]], '하', 0.33433369256853496)]
[([[1119.0370214010773, 544.0665540877558], [1216.6341853494237, 567.7667098823723], [1198.9629785989227, 629.9334459122442], [1102.3658146505763, 606.2332901176277]], '슬쩍', 0.625058513789896)]
[]
[([[64, 137], [267, 137], [267, 202], [64, 202]], '왜-내-구는', 0.34121140216618684), ([[67, 227], [165, 227], [165, 287], [67, 287]], '이딴', 0.8021741312571391), ([[67, 313], [267, 313], [267, 375], [67, 375]], '구제 불능', 0.9730753940765227), ([[1268, 298], [1382, 298], [1382, 374], [1268, 374]], '자자,', 0.4482690913942554), ([[69, 401], [209, 401], [209, 463], [69, 463]], '로리붙', 0.07907064825975843), ([[1142, 386], [1390, 386], [1390, 458], [1142, 458]], '이제 횟째-?', 0.056011560688858014), ([[67, 487], [283, 487], [283, 551], [67, 551]], '인 건지:!', 0.7150140574963386), ([[1187, 479], [1387, 479], [1387, 545], [1187, 545]], '아까 걸로', 0.6294294755458333), ([[1157, 565], [1387, 565], [1387, 633], [1157, 633]], '화장실에서', 0.9937551771443985), ([[1173, 655], [1387, 655], [1387, 717], [1173, 717]], '한 발 뿐고', 0.3638060487126858), ([[1221, 743], [1389, 743], [1389, 805], [1221, 805]], '오든가?', 0.9932555556297302), ([[1263, 831], [1389, 831], [1389, 897], [1263, 897]], '하아~', 0.9999249117403871), ([[1187, 917], [1385, 917], [1385, 983], [1187, 983]], '싫다 싫어', 0.7941779660935179)]
[([[1193, 457], [1232, 457], [1232, 541], [1193, 541]], ';', 0.9643884899678632), ([[1200, 593], [1286, 593], [1286, 890], [1200, 890]], '', 0.0)]
[([[265, 203], [451, 203], [451, 265], [265, 265]], '화장실:.', 0.9382920285620561), ([[267, 289], [553, 289], [553, 353], [267, 353]], '안-갈 거야::?', 0.33534982625995996), ([[1196, 460], [1228, 460], [1228, 540], [1196, 540]], '>', 0.6748958460401724)]
[([[1212, 566], [1236, 566], [1236, 600], [1212, 600]], '>', 0.6623370523336725), ([[1178.6279003758918, 412.01386503695113], [1218.332595052619, 404.01107421071697], [1250.3720996241082, 555.9861349630489], [1210.667404947381, 563.988925789283]], ';', 0.55679668677897)]
[([[129, 337], [237, 337], [237, 399], [129, 399]], '같이,', 0.9042250713727038), ([[127, 423], [355, 423], [355, 485], [127, 485]], '가 줄까  ?', 0.8353655499500471)]
[([[969, 203], [1007, 203], [1007, 247], [969, 247]], '너', 0.9998176181035348), ([[965, 288], [1009, 288], [1009, 470], [965, 470]], '틀', 0.013962154050105369), ([[972, 480], [1004, 480], [1004, 526], [972, 526]], '?', 0.5650484751934073)]
[([[619, 749], [763, 749], [763, 887], [619, 887]], '6,', 0.13506229364034666), ([[471.200159952016, 572.0807837648783], [581.94265790205, 590.3251306293788], [573.799840047984, 628.9192162351217], [463.05734209794997, 610.6748693706212]], '새덕스', 0.005933306638840614)]
[([[1878, 526], [1962, 526], [1962, 837], [1878, 837]], '물', 0.017469741786535486)]
[]
[]
[([[1238, 184], [1314, 184], [1314, 240], [1238, 240]], '하?', 0.9997276579281725), ([[1115, 269], [1313, 269], [1313, 333], [1115, 333]], '어디-보고', 0.999815964925281), ([[129, 335], [311, 335], [311, 399], [129, 399]], '여초당의', 0.3344453081978234), ([[1087, 353], [1317, 353], [1317, 421], [1087, 421]], '있는 거야?', 0.3043639293259707), ([[126, 425], [268, 425], [268, 485], [126, 485]], '가슴을', 0.6323472219288164), ([[1159, 443], [1313, 443], [1313, 507], [1159, 507]], '이 변태', 0.9406004428993773), ([[129, 511], [313, 511], [313, 575], [129, 575]], '힘끔렉곰', 0.041382428258657455), ([[1169, 524], [1320, 524], [1320, 605], [1169, 605]], '로리롬', 0.22055386263695365), ([[129, 599], [281, 599], [281, 661], [129, 661]], '보다니,', 0.6593661286188021), ([[128, 683], [327, 683], [327, 749], [128, 749]], '진심 기분', 0.91152329053421), ([[129, 773], [315, 773], [315, 835], [129, 835]], '나별데요', 0.6023918986320496)]
[([[1131, 745], [1223, 745], [1223, 833], [1131, 833]], '흥', 0.3442998700209934), ([[38.3500052999841, 818.7600084799745], [148.17386339578667, 797.2470262708641], [155.6499947000159, 843.2399915200255], [45.826136604213346, 864.7529737291359]], '조오움:', 0.7989736795425415)]
[]
