2752547
20
[([[1087, 853], [1696, 853], [1696, 1046], [1087, 1046]], '@물물물', 0.03255659341812134), ([[1150, 1031], [1637, 1031], [1637, 1214], [1150, 1214]], '논화', 0.0011406566981284085), ([[148, 1703], [504, 1703], [504, 1791], [148, 1791]], '@적요집금렉', 0.015782219949161513)]
[([[1248, 34], [1500, 34], [1500, 142], [1248, 142]], '@현훨', 0.008611577038831695), ([[1366, 126], [1500, 126], [1500, 228], [1366, 228]], '또뜩', 0.6074602101006376), ([[1259, 199], [1500, 199], [1500, 303], [1259, 303]], '키주 전', 0.0004700849240180105), ([[1138, 282], [1446, 282], [1446, 386], [1138, 386]], '콤어업기-', 0.005832776556707779), ([[300, 990], [498, 990], [498, 1118], [300, 1118]], '장', 0.010771751675289432), ([[0, 1495], [319, 1495], [319, 1615], [0, 1615]], '@@', 0.06564432256040346), ([[2, 1594], [306, 1594], [306, 1718], [2, 1718]], '&품리:', 0.003913640510290861), ([[1, 1701], [291, 1701], [291, 1815], [1, 1815]], '@이 $"?', 0.0014776555578225267)]
[([[394, 546], [1113, 546], [1113, 747], [394, 747]], '여대롭@판', 0.002125817536188737)]
[([[1240, 24], [1411, 24], [1411, 122], [1240, 122]], '동', 0.017784527518484916), ([[1083, 101], [1477, 101], [1477, 214], [1083, 214]], '@_예스교고', 0.0047424723081198), ([[1171, 195], [1423, 195], [1423, 303], [1171, 303]], '샌', 0.008804563276454902), ([[1090, 300], [1482, 300], [1482, 420], [1090, 420]], '%양고속용콩', 0.0035945070677962277), ([[1315, 389], [1481, 389], [1481, 499], [1315, 499]], '팬7', 0.020912052097695817), ([[1209, 475], [1423, 475], [1423, 588], [1209, 588]], '때출증', 0.093979421576071), ([[3, 1189], [281, 1189], [281, 1301], [3, 1301]], '@인안교', 0.0003157363389618695), ([[428, 1232], [646, 1232], [646, 1458], [428, 1458]], "'0", 0.2679356512799499), ([[870, 1222], [1068, 1222], [1068, 1456], [870, 1456]], '0', 0.9757721869788349), ([[0, 1299], [403, 1299], [403, 1655], [0, 1655]], '똑똑질맛}', 0.003879033245462059), ([[4, 1512], [164, 1512], [164, 1632], [4, 1632]], '대륙', 0.005179314498676767)]
[([[1067, 16], [1465, 16], [1465, 132], [1067, 132]], '_장애*서', 0.004768293568326776), ([[1190, 98], [1492, 98], [1492, 318], [1190, 318]], '?', 0.018014541490801728), ([[1195, 347], [1481, 347], [1481, 457], [1195, 457]], '내얼굴', 0.038968125847955185), ([[1089, 435], [1485, 435], [1485, 551], [1089, 551]], '싣쓸옆매움', 0.001229416489353737), ([[1209, 523], [1477, 523], [1477, 635], [1209, 635]], '표이', 0.007947251672339414), ([[0, 1215], [329, 1215], [329, 1447], [0, 1447]], '옆안움빵', 0.0009890273213386536), ([[441, 1235], [647, 1235], [647, 1457], [441, 1457]], ')', 0.18425203338381735), ([[873, 1225], [1061, 1225], [1061, 1453], [873, 1453]], '0', 0.9948034024755579), ([[1, 1453], [319, 1453], [319, 1569], [1, 1569]], '대표빵', 0.02513659668676972), ([[3, 1553], [379, 1553], [379, 1667], [3, 1667]], '매무양히', 0.0014748271787539124)]
[([[1185, 9], [1488, 9], [1488, 133], [1185, 133]], '델', 0.015171194764340479), ([[1155, 96], [1497, 96], [1497, 313], [1155, 313]], '(불손교', 0.0014622743474319577), ([[1121, 327], [1453, 327], [1453, 443], [1121, 443]], '도내로교', 0.0011706928489729762), ([[1194, 419], [1481, 419], [1481, 531], [1194, 531]], '중동액', 0.2478298395681136), ([[1139, 507], [1483, 507], [1483, 617], [1139, 617]], '된습등한계', 0.0006983838336297132), ([[1213, 593], [1474, 593], [1474, 704], [1213, 704]], '빗로', 0.02645330536787114), ([[0, 1302], [226, 1302], [226, 1417], [0, 1417]], '마모장', 0.0030949264100596794), ([[426, 1230], [646, 1230], [646, 1456], [426, 1456]], '0', 0.10128165908918163), ([[872, 1222], [1064, 1222], [1064, 1456], [872, 1456]], '0', 0.9962242786555784), ([[0, 1392], [237, 1392], [237, 1516], [0, 1516]], '연레걸', 0.004531951483306076), ([[2, 1482], [244, 1482], [244, 1610], [2, 1610]], '@초째', 0.05194615171949944), ([[0, 1578], [286, 1578], [286, 1710], [0, 1710]], '업질교', 0.007595314404270046)]
[([[0, 1300], [295, 1300], [295, 1422], [0, 1422]], '@@만 ', 0.013659429736435413), ([[460, 1228], [654, 1228], [654, 1478], [460, 1478]], '0', 0.930297292394787), ([[873, 1223], [1061, 1223], [1061, 1455], [873, 1455]], '0', 0.9894015578500479), ([[0, 1398], [303, 1398], [303, 1519], [0, 1519]], '더결0상)', 0.0008748801614601541), ([[0, 1553], [224, 1553], [224, 1670], [0, 1670]], '@|', 0.05575498413672671), ([[0, 1651], [285, 1651], [285, 1765], [0, 1765]], '@@빵', 0.12904415560810556), ([[302.1464477920328, 346.01518295612254], [533.9967330136981, 512.6040143067047], [414.8535522079672, 674.9848170438775], [183.00326698630195, 508.39598569329536]], '80', 0.7728981416827324), ([[927.1345287495654, 652.0170302389629], [1187.886499469623, 783.7681530146108], [1100.8654712504344, 949.9829697610371], [840.113500530377, 819.2318469853892]], '@@', 0.9935692378105848)]
[([[1271, 19], [1485, 19], [1485, 131], [1271, 131]], '된장팬', 0.06531613553821441), ([[1209, 105], [1421, 105], [1421, 217], [1209, 217]], '양입하', 0.03031301225228195), ([[1147, 245], [1480, 245], [1480, 360], [1147, 360]], '(맛위교고', 0.0007581389108410581), ([[1212, 336], [1483, 336], [1483, 448], [1212, 448]], '퍼진편', 0.22495343868426887), ([[1087, 423], [1479, 423], [1479, 533], [1087, 533]], '@대표소록', 0.014918473794957057), ([[1273, 513], [1475, 513], [1475, 621], [1273, 621]], '입교', 0.45400370851651795), ([[5, 1397], [193, 1397], [193, 1507], [5, 1507]], '유@양', 0.08397211435784226), ([[180, 1428], [260, 1428], [260, 1476], [180, 1476]], '4', 0.35606129051160806), ([[456, 1229], [654, 1229], [654, 1485], [456, 1485]], '0', 0.6231964662589782), ([[4, 1500], [290, 1500], [290, 1596], [4, 1596]], '마모장상)', 0.01901147794351638), ([[1, 1585], [298, 1585], [298, 1697], [1, 1697]], '(중이해 ', 0.2935505647733911), ([[0, 1687], [287, 1687], [287, 1795], [0, 1795]], '@@@ 전', 0.02234992284240526), ([[908.3152469360142, 1145.0078157974222], [1139.1865857468563, 1178.410952227344], [1068.6847530639857, 1642.9921842025778], [837.8134142531436, 1609.589047772656]], '"', 0.25039957025356685)]
[([[1288, 16], [1482, 16], [1482, 114], [1288, 114]], '이찌', 0.04377636572921886), ([[1220, 100], [1480, 100], [1480, 198], [1220, 198]], '켓제면길', 0.0034557050094008446), ([[1266, 174], [1487, 174], [1487, 287], [1266, 287]], '또뜩교', 0.05495999046346327), ([[1203, 263], [1385, 263], [1385, 359], [1203, 359]], '문세요', 0.11242661792339931), ([[0, 1532], [291, 1532], [291, 1660], [0, 1660]], '@주', 0.08321314868110415), ([[2, 1628], [380, 1628], [380, 1748], [2, 1748]], '{발껍교', 0.0008406068081967533)]
[([[1080, 11], [1485, 11], [1485, 120], [1080, 120]], '습슬말교동배', 0.0007251082477069156), ([[1143, 99], [1386, 99], [1386, 198], [1143, 198]], '액페요', 0.009071965937874992), ([[1170, 172], [1483, 172], [1483, 284], [1170, 284]], '압장실히리', 0.0032714931360339427), ([[1236, 264], [1478, 264], [1478, 362], [1236, 362]], '생각히교', 0.015920888632535934), ([[1101, 335], [1481, 335], [1481, 448], [1101, 448]], '@양비체말관', 0.0032592687656430113), ([[1186, 426], [1422, 426], [1422, 522], [1186, 522]], '빗중세요', 0.005948988720774651), ([[0, 1494], [282, 1494], [282, 1623], [0, 1623]], '@주안', 0.0313842010240167), ([[694, 1418], [816, 1418], [816, 1580], [694, 1580]], '0', 0.999795685714858), ([[1, 1591], [351, 1591], [351, 1707], [1, 1707]], '진료리장:', 0.009177725793536876), ([[1, 1689], [273, 1689], [273, 1799], [1, 1799]], '@@-', 0.014721099665867182)]
[([[1209, 33], [1410, 33], [1410, 142], [1209, 142]], '이주양', 0.030269732101289314), ([[1156, 124], [1430, 124], [1430, 224], [1156, 224]], '냉장해하', 0.020902862772345543), ([[0, 1537], [327, 1537], [327, 1659], [0, 1659]], '@', 0.9816089770375847), ([[830, 1496], [980, 1496], [980, 1670], [830, 1670]], '여', 0.6814333429488784), ([[0, 1641], [287, 1641], [287, 1757], [0, 1757]], '@@의|', 0.003716658568009734), ([[0, 1737], [281, 1737], [281, 1851], [0, 1851]], '@)뼈', 0.0018415858623006636), ([[212.28259958642428, 742.0083021335294], [551.2363460450449, 1033.1616246195242], [378.7174004135757, 1235.9916978664708], [39.763653954955096, 944.8383753804758]], ';예9', 0.0640544391470566)]
[([[1240, 24], [1413, 24], [1413, 122], [1240, 122]], '{`', 0.004419524399885591), ([[1082, 101], [1477, 101], [1477, 216], [1082, 216]], '@_텍스교고', 0.034533992190171156), ([[195, 143], [335, 143], [335, 297], [195, 297]], '9', 0.07072662543439279), ([[1167, 195], [1423, 195], [1423, 303], [1167, 303]], '젊없', 0.11672997069044863), ([[1091, 301], [1481, 301], [1481, 417], [1091, 417]], '내-고속@물', 0.001446870123255557), ([[1315, 389], [1481, 389], [1481, 499], [1315, 499]], '핸7', 0.016103661827119226), ([[1208, 475], [1422, 475], [1422, 590], [1208, 590]], '[줄등', 0.00920749639989215), ([[3, 1189], [281, 1189], [281, 1301], [3, 1301]], '@간그오씹', 0.0002591100314585859), ([[488, 1240], [638, 1240], [638, 1448], [488, 1448]], '0', 0.5783737792529706), ([[870, 1222], [1066, 1222], [1066, 1454], [870, 1454]], '0', 0.9072224993694351), ([[0, 1296], [404, 1296], [404, 1658], [0, 1658]], '%똑렉', 0.0026154644338682027)]
[([[1248, 34], [1500, 34], [1500, 142], [1248, 142]], '@현훨', 0.008611577038831695), ([[1366, 126], [1500, 126], [1500, 228], [1366, 228]], '또뜩', 0.6074602101006376), ([[1259, 199], [1500, 199], [1500, 303], [1259, 303]], '키주 전', 0.0004700849240180105), ([[1138, 282], [1446, 282], [1446, 386], [1138, 386]], '콤어업기-', 0.005832776556707779), ([[300, 990], [498, 990], [498, 1118], [300, 1118]], '장', 0.010771751675289432), ([[0, 1495], [319, 1495], [319, 1615], [0, 1615]], '@@', 0.06564432256040346), ([[2, 1594], [306, 1594], [306, 1718], [2, 1718]], '&품리:', 0.003913640510290861), ([[1, 1701], [291, 1701], [291, 1815], [1, 1815]], '@이 $"?', 0.0014776555578225267)]
[([[1065, 16], [1465, 16], [1465, 133], [1065, 133]], '된장애*서', 0.0037158172835165025), ([[1199, 106], [1481, 106], [1481, 222], [1199, 222]], '미릇합다', 0.003574297996237874), ([[195, 143], [335, 143], [335, 295], [195, 295]], '9', 0.37921040251518434), ([[1218, 188], [1416, 188], [1416, 305], [1218, 305]], '면없', 0.025622368683630492), ([[1195, 347], [1481, 347], [1481, 457], [1195, 457]], '내얼굴', 0.05652105154638752), ([[1089, 435], [1485, 435], [1485, 551], [1089, 551]], '싣쓸옆매물', 0.001394153803626416), ([[1209, 523], [1475, 523], [1475, 635], [1209, 635]], '표이', 0.012220655717052255), ([[0, 1215], [327, 1215], [327, 1447], [0, 1447]], '옆양품교', 0.0026904132682830095), ([[488, 1242], [640, 1242], [640, 1450], [488, 1450]], '0', 0.6597285963507602), ([[870, 1222], [1066, 1222], [1066, 1452], [870, 1452]], '0', 0.9781048923716895), ([[3, 1453], [319, 1453], [319, 1569], [3, 1569]], '대표장히0', 0.009429239313313204), ([[3, 1553], [379, 1553], [379, 1667], [3, 1667]], '매무양히', 0.0007544553373008966)]
[([[1187, 14], [1483, 14], [1483, 129], [1187, 129]], '당하}', 0.020599474207831755), ([[195, 143], [335, 143], [335, 295], [195, 295]], '9', 0.39869341983589734), ([[1156, 94], [1498, 94], [1498, 314], [1156, 314]], '"붙', 0.00043450912639400623), ([[1121, 329], [1454, 329], [1454, 443], [1121, 443]], '매물리과', 0.0008658368024043739), ([[1194, 419], [1481, 419], [1481, 531], [1194, 531]], '중동액', 0.32960811864275896), ([[1139, 507], [1485, 507], [1485, 615], [1139, 615]], '된쿠대인켓', 0.0004113525906403341), ([[1213, 593], [1472, 593], [1472, 704], [1213, 704]], '빗로', 0.014888472370287797), ([[0, 1303], [225, 1303], [225, 1417], [0, 1417]], '대모장', 0.023242349872009432), ([[426, 1230], [650, 1230], [650, 1460], [426, 1460]], '9)', 0.12022095918655396), ([[870, 1222], [1066, 1222], [1066, 1454], [870, 1454]], '0', 0.9564787424887214), ([[1, 1397], [235, 1397], [235, 1511], [1, 1511]], '깥전로', 0.023277612320641006), ([[2, 1484], [244, 1484], [244, 1608], [2, 1608]], '@초째', 0.11390575712920678), ([[0, 1578], [286, 1578], [286, 1710], [0, 1710]], '젓질교', 0.011818386367277545)]
[([[0, 1300], [295, 1300], [295, 1422], [0, 1422]], '@@안전 ', 0.00456447035768975), ([[458, 1230], [650, 1230], [650, 1480], [458, 1480]], '0', 0.41682424590887024), ([[875, 1219], [1059, 1219], [1059, 1471], [875, 1471]], '0', 0.9541409660871523), ([[0, 1398], [301, 1398], [301, 1520], [0, 1520]], '대모08', 0.08764683455228806), ([[0, 1554], [223, 1554], [223, 1669], [0, 1669]], '@입', 0.25334628940685583), ([[0, 1651], [285, 1651], [285, 1765], [0, 1765]], '@@빵', 0.09522959096924331), ([[302.1877860633545, 347.014345592933], [528.9675745766319, 517.7791322484183], [408.8122139366455, 675.985654407067], [182.0324254233681, 504.22086775158175]], '80', 0.4428293926656226), ([[923.0878182901976, 664.0198206745438], [1190.6081041028845, 766.9619255474078], [1120.9121817098026, 935.9801793254562], [853.3918958971155, 833.0380744525922]], '@@', 0.12079347971662169)]
[([[1273, 17], [1485, 17], [1485, 131], [1273, 131]], '및장팬', 0.0036233527307351766), ([[1211, 105], [1423, 105], [1423, 217], [1211, 217]], '양입형사', 0.0011123293079435825), ([[195, 143], [333, 143], [333, 297], [195, 297]], '오', 0.05250018809910273), ([[1147, 247], [1479, 247], [1479, 358], [1147, 358]], '도맛임히고', 0.003573835355921808), ([[1212, 336], [1483, 336], [1483, 448], [1212, 448]], '싶퍼진편', 0.03620803728699684), ([[1087, 423], [1479, 423], [1479, 533], [1087, 533]], '이대표소록', 0.009270715560689825), ([[1273, 513], [1475, 513], [1475, 621], [1273, 621]], '입교', 0.48359205340898825), ([[5, 1397], [269, 1397], [269, 1507], [5, 1507]], '유@양', 0.13196437616855292), ([[461, 1227], [649, 1227], [649, 1477], [461, 1477]], '0', 0.7024698853492737), ([[869, 1163], [1129, 1163], [1129, 1623], [869, 1623]], '4', 0.07964061269236655), ([[4, 1500], [290, 1500], [290, 1596], [4, 1596]], '마모장상)', 0.016533855220687867), ([[1, 1585], [298, 1585], [298, 1697], [1, 1697]], '(중이해  ', 0.22143324099057254), ([[0, 1685], [288, 1685], [288, 1800], [0, 1800]], '@@인하 ', 0.0007792220438601239)]
[([[1288, 16], [1482, 16], [1482, 114], [1288, 114]], '이찌', 0.04377636572921886), ([[1220, 100], [1480, 100], [1480, 198], [1220, 198]], '켓제면길', 0.0034557050094008446), ([[1266, 174], [1487, 174], [1487, 287], [1266, 287]], '또뜩교', 0.05495999046346327), ([[1203, 263], [1385, 263], [1385, 359], [1203, 359]], '문세요', 0.11242661792339931), ([[0, 1532], [291, 1532], [291, 1660], [0, 1660]], '@주', 0.08321314868110415), ([[2, 1628], [380, 1628], [380, 1748], [2, 1748]], '{발껍교', 0.0008406068081967533)]
[([[1080, 11], [1485, 11], [1485, 120], [1080, 120]], '습슬말교동배', 0.0007251082477069156), ([[1143, 99], [1386, 99], [1386, 198], [1143, 198]], '액페요', 0.009071965937874992), ([[1170, 172], [1483, 172], [1483, 284], [1170, 284]], '압장실히리', 0.0032714931360339427), ([[1236, 264], [1478, 264], [1478, 362], [1236, 362]], '생각히교', 0.015920888632535934), ([[1101, 335], [1481, 335], [1481, 448], [1101, 448]], '@양비체말관', 0.0032592687656430113), ([[1186, 426], [1422, 426], [1422, 522], [1186, 522]], '빗중세요', 0.005948988720774651), ([[0, 1494], [282, 1494], [282, 1623], [0, 1623]], '@주안', 0.0313842010240167), ([[694, 1418], [816, 1418], [816, 1580], [694, 1580]], '0', 0.999795685714858), ([[1, 1591], [351, 1591], [351, 1707], [1, 1707]], '진료리장:', 0.009177725793536876), ([[1, 1689], [273, 1689], [273, 1799], [1, 1799]], '@@-', 0.014721099665867182)]
[([[1209, 33], [1410, 33], [1410, 142], [1209, 142]], '이주양', 0.030269732101289314), ([[1156, 124], [1430, 124], [1430, 224], [1156, 224]], '냉장해하', 0.020902862772345543), ([[0, 1537], [327, 1537], [327, 1659], [0, 1659]], '@', 0.9816089770375847), ([[830, 1496], [980, 1496], [980, 1670], [830, 1670]], '여', 0.6814333429488784), ([[0, 1641], [287, 1641], [287, 1757], [0, 1757]], '@@의|', 0.003716658568009734), ([[0, 1737], [281, 1737], [281, 1851], [0, 1851]], '@)뼈', 0.0018415858623006636), ([[212.28259958642428, 742.0083021335294], [551.2363460450449, 1033.1616246195242], [378.7174004135757, 1235.9916978664708], [39.763653954955096, 944.8383753804758]], ';예9', 0.0640544391470566)]
