2753170
16
[([[486, 228], [530, 228], [530, 256], [486, 256]], '0산', 0.06468921020829346), ([[584, 570], [632, 570], [632, 628], [584, 628]], '문', 0.09398318743894052), ([[360.2356553232105, 50.12028385943678], [493.85538300804535, 32.482532281072764], [503.7643446767895, 148.8797161405632], [369.14461699195465, 166.51746771892724]], '08', 0.9988708198646528)]
[]
[([[482, 228], [524, 228], [524, 254], [482, 254]], '0어', 0.22351422261850673), ([[533, 559], [641, 559], [641, 649], [533, 649]], '도리', 0.3721669138605918), ([[804, 1652], [912, 1652], [912, 1752], [804, 1752]], '27', 0.47221155589043473), ([[358.30409133657196, 49.11109415794693], [490.85538300804535, 32.482532281072764], [498.69590866342804, 150.88890584205308], [366.14461699195465, 166.51746771892724]], '08', 0.9970189078384832), ([[489.4138307255206, 840.0245856336949], [624.9095466395697, 917.8783203507192], [592.5861692744794, 972.9754143663051], [457.0904533604303, 895.1216796492808]], '[', 0.05889809468575735), ([[2.5027082664216977, 1156.262728852182], [126.92957664752169, 1120.2030123259176], [150.4972917335783, 1226.737271147818], [26.070423352478315, 1262.7969876740824]], '14', 0.26939969917282625)]
[]
[([[1140, 1262], [1178, 1262], [1178, 1288], [1140, 1288]], '배', 0.03830738663455069), ([[906, 1332], [950, 1332], [950, 1356], [906, 1356]], '빼:', 0.008063333225122623), ([[1043.7701175612585, 1279.9931058051327], [1096.0676412979926, 1263.826325814931], [1104.2298824387415, 1293.0068941948673], [1052.9323587020074, 1309.173674185069]], '"-', 0.03732211879160809), ([[977.5423042384429, 1312.27961296691], [1029.9307998076251, 1292.7039137422835], [1040.457695761557, 1322.72038703309], [989.0692001923748, 1341.2960862577165]], '새씨', 0.13250100314572374)]
[([[814, 90], [842, 90], [842, 116], [814, 116]], '오다', 0.0008518750729588475)]
[]
[([[292, 1744], [384, 1744], [384, 1798], [292, 1798]], '구: 50', 0.6156631941139264), ([[100.27367374813376, 1354.0441247346969], [176.9986423803424, 1401.8723693110564], [147.72632625186623, 1447.9558752653031], [71.00135761965761, 1400.1276306889436]], '그"', 0.005604695845318698)]
[([[1158, 204], [1226, 204], [1226, 234], [1158, 234]], '있없다', 0.0718630701303482), ([[566, 282], [712, 282], [712, 326], [566, 326]], '# 금#로잎', 0.001058098774967243), ([[994, 304], [1121, 304], [1121, 342], [994, 342]], '난 입고없어', 0.13022938617685725), ([[239, 333], [607, 333], [607, 377], [239, 377]], '휴? #류#손#출표로{국꾸 촌 템', 0.0010439537976631257), ([[630, 330], [1042, 330], [1042, 378], [630, 378]], '#탤습;햇 #포서운^#또한쓸 독}]', 0.0001347302467767593), ([[319, 383], [983, 383], [983, 427], [319, 427]], '홍스야# 7 "[대다-스;#어7영#-솜"+:]_. ', 0.000287520953396787), ([[188, 430], [1114, 430], [1114, 478], [188, 478]], "또#끝제옆#습{보 {불도로[ 음{#[혼(#닭슬(가##숨증' ) __숲 ,", 2.2244938973801404e-05), ([[1179, 437], [1267, 437], [1267, 473], [1179, 473]], '돈 맘은', 0.1373074338453969), ([[1175, 467], [1275, 467], [1275, 503], [1175, 503]], '아저시람', 0.09493208676576614), ([[348, 480], [946, 480], [946, 528], [348, 528]], '{-[출구-+# 심##:묶비춤 포버룻: ..', 0.0004876453261955744), ([[1163, 487], [1287, 487], [1287, 597], [1163, 597]], '표리', 0.024272932538077434), ([[562, 734], [708, 734], [708, 788], [562, 788]], '지난화:', 0.9999039769172668), ([[418, 784], [864, 784], [864, 838], [418, 838]], '모두와 번드틀 하기 위해', 0.5470152266421195), ([[179, 831], [1095, 831], [1095, 891], [179, 891]], '멈버들의 경제적 부담올 덜어주고 싶없던 키타 장은', 0.3270893617339209), ([[184, 880], [1063, 880], [1063, 942], [184, 942]], '5아저씨와 노래방 데이트_라는 알바틀 시작한다:', 0.31946200958976906), ([[83, 931], [1039, 931], [1039, 1015], [83, 1015]], '키타 장 처음움 노래만 불러도 용돈올 잔뜩 주엇으나', 0.25483330376670993), ([[74, 1002], [249, 1002], [249, 1062], [74, 1062]], '대단해다', 0.8213930130004883), ([[274, 984], [958, 984], [958, 1040], [274, 1040]], '점점 이상한 리레스트들이 늘어나는데', 0.6724502240048601), ([[533, 1281], [768, 1281], [768, 1319], [533, 1319]], '[,연+어나- @+즌,+$', 3.192679764575868e-05), ([[327, 1326], [998, 1326], [998, 1369], [327, 1369]], '이7 기*튜~,+0 <기,+,4. +0 [따덕 조+^ +}. 하,핸 하/천', 3.718732209717177e-07), ([[321, 1372], [1001, 1372], [1001, 1415], [321, 1415]], '+기 리@+하+. +실. 자7하,-;3 명*안컨하나,즌 어, +찌 이하,천,', 8.034436763551416e-09), ([[142, 1416], [1190, 1416], [1190, 1464], [142, 1464]], '*;+운 $+라*+._ +0 담어,&라새 명라,+-+악. "*라태라어`. (?+형" {어< 가표술@-라용어_ 가찌7.', 5.7956823241806175e-09), ([[76, 1462], [1252, 1462], [1252, 1513], [76, 1513]], "4+뉴*도+ +}@ 이어@마 가라,;$ 8@,.<어나5 감+} 룹;도 명어-유@+ 가어7.딪 티쪽찌, `. :78$ >'+^ 낫목대,", 1.0778600260234573e-10), ([[222, 1511], [1087, 1511], [1087, 1556], [222, 1556]], '베어담서+~,라뉴+~대새 >^서, 룹. `+하*+:(0 가하니. `하마입뱀 (서,하,표도..', 3.986360871617469e-09), ([[414, 1550], [456, 1550], [456, 1576], [414, 1576]], "'`", 0.08691994796939659), ([[1034, 1566], [1114, 1566], [1114, 1590], [1034, 1590]], "'", 0.1883701894037273), ([[388, 1574], [456, 1574], [456, 1600], [388, 1600]], "'", 0.38543536487668817), ([[1048, 1588], [1134, 1588], [1134, 1612], [1048, 1612]], '다', 0.03498475357629616), ([[376, 1598], [468, 1598], [468, 1628], [376, 1628]], '다다', 0.6699321675521839), ([[960, 1604], [1002, 1604], [1002, 1628], [960, 1628]], "'", 0.640007839226886), ([[1028, 1607], [1152, 1607], [1152, 1635], [1028, 1635]], "'", 0.6788417299129925), ([[955, 1627], [1009, 1627], [1009, 1647], [955, 1647]], "';", 0.2362259179242441), ([[1040, 1632], [1144, 1632], [1144, 1658], [1040, 1658]], "'", 0.5634055202722834), ([[960, 1648], [1004, 1648], [1004, 1672], [960, 1672]], "'", 0.14812601243022883), ([[952, 1670], [1012, 1670], [1012, 1694], [952, 1694]], '토', 0.0010116021773889372), ([[1044, 1676], [1116, 1676], [1116, 1700], [1044, 1700]], "'", 0.8989097169292428), ([[940, 1692], [1024, 1692], [1024, 1716], [940, 1716]], '대', 0.003360268503215816), ([[960, 1714], [1006, 1714], [1006, 1738], [960, 1738]], '대', 0.06007567131141034), ([[948, 1734], [1018, 1734], [1018, 1760], [948, 1760]], "'", 0.6184890219522146), ([[44.765990779367065, 573.0346358727338], [253.2777600566112, 602.7556753018818], [219.23400922063294, 794.9653641272662], [10.722239943388779, 765.2443246981182]], '9', 0.2305085210764446)]
[([[1198, 29], [1283, 29], [1283, 65], [1198, 65]], '맨찮안;', 0.10421251505613327), ([[812, 56], [884, 56], [884, 86], [812, 86]], '이렇게', 0.4848176484304231), ([[1238, 60], [1290, 60], [1290, 90], [1238, 90]], "'장은", 0.9582727418581034), ([[798, 82], [894, 82], [894, 114], [798, 114]], '{여운데', 0.6274468302726746), ([[1183, 55], [1283, 55], [1283, 121], [1183, 121]], '넷퇴장장은', 0.005885350497791217), ([[676, 116], [724, 116], [724, 144], [676, 144]], '그럼', 0.999853247827588), ([[768, 103], [927, 103], [927, 145], [768, 145]], '@번포록모델', 0.2975395579076692), ([[1194, 104], [1288, 104], [1288, 176], [1194, 176]], '육출밖', 0.061794358389174284), ([[1248, 110], [1278, 110], [1278, 140], [1248, 140]], '한', 0.9999737741282502), ([[507, 133], [607, 133], [607, 169], [507, 169]], '마이크틀', 0.23024067282676697), ([[650, 142], [728, 142], [728, 174], [650, 174]], '몇 장만', 0.9992736459642426), ([[783, 135], [915, 135], [915, 173], [783, 173]], '[같은{경험등', 0.04085252722324817), ([[505, 159], [613, 159], [613, 197], [505, 197]], '이렇제든', 0.40780603885650635), ([[644, 170], [732, 170], [732, 196], [644, 196]], '찍어요: .', 0.6454103794885858), ([[783, 160], [915, 160], [915, 198], [783, 198]], '쌍으면 종치', 0.16135674896129926), ([[1195, 161], [1287, 161], [1287, 197], [1195, 197]], '훨야', 0.04563053750626245), ([[519, 187], [601, 187], [601, 225], [519, 225]], '다음교', 0.10946963543754931), ([[803, 189], [897, 189], [897, 227], [803, 227]], '@버까?', 0.020827770233154297), ([[269, 456], [407, 456], [407, 530], [269, 530]], '@실부', 0.09007739863291606), ([[304, 518], [378, 518], [378, 550], [304, 550]], '올리고', 0.9999214016752389), ([[300, 544], [378, 544], [378, 576], [300, 576]], '조금만', 0.9989468374662938), ([[280, 572], [370, 572], [370, 602], [280, 602]], '조여보럼', 0.9071726202964783), ([[294, 598], [372, 598], [372, 630], [294, 630]], '타 장', 0.7257375121116638), ([[275, 625], [351, 625], [351, 661], [275, 661]], '몸매가', 0.9833441972732544), ([[850, 604], [1004, 604], [1004, 678], [850, 678]], '부히소빗충움', 0.0009519714549260042), ([[877, 662], [955, 662], [955, 700], [877, 700]], '{귀여워', 0.3763415217399597), ([[847, 683], [1006, 683], [1006, 757], [847, 757]], '7최"장인', 0.0010867078927116552), ([[903, 745], [1009, 745], [1009, 781], [903, 781]], '{농담이야', 0.872333882834639), ([[891, 773], [961, 773], [961, 809], [891, 809]], "'농담?", 0.5198805928230286), ([[969, 847], [1129, 847], [1129, 883], [969, 883]], '비타 장울 위해', 0.31240955712377166), ([[965, 875], [1137, 875], [1137, 913], [965, 913]], '특별히고훈건데', 0.743249567949253), ([[997, 903], [1083, 903], [1083, 939], [997, 939]], '아주종;', 0.7671575546264648), ([[967, 909], [1133, 909], [1133, 972], [967, 972]], '전액하요어 0', 0.03172186271825814), ([[6, 1018], [149, 1018], [149, 1060], [6, 1060]], '잔 마지막은', 0.10006245151920974), ([[2, 1040], [154, 1040], [154, 1118], [2, 1118]], '탁플답출품 ', 0.0014184514012388861), ([[48, 1108], [108, 1108], [108, 1136], [48, 1136]], '한장', 0.9999892104238298), ([[26, 1134], [104, 1134], [104, 1166], [26, 1166]], '찍으럼', 0.7160683174084068), ([[812, 1338], [876, 1338], [876, 1368], [812, 1368]], '응 .?', 0.5409285957479802), ([[788, 1363], [867, 1363], [867, 1399], [788, 1399]], '아까는', 0.7135298899083283), ([[752, 1394], [906, 1394], [906, 1426], [752, 1426]], '팔에게 선물한', 0.8236269786056676), ([[562, 1426], [646, 1426], [646, 1456], [562, 1456]], '아저씨:', 0.9742780923843384), ([[778, 1419], [879, 1419], [879, 1455], [778, 1455]], '옷이라고', 0.619728117797174), ([[559, 1451], [665, 1451], [665, 1487], [559, 1487]], '옷올 일단', 0.7629274913452208), ([[780, 1449], [880, 1449], [880, 1479], [780, 1479]], '아저씨가', 0.9986159801483154), ([[564, 1482], [658, 1482], [658, 1510], [564, 1510]], '입기는: .', 0.48672754074504826), ([[768, 1478], [866, 1478], [866, 1510], [768, 1510]], '그랫는데', 0.4351467192173004), ([[417, 1603], [583, 1603], [583, 1639], [417, 1639]], '괜찮아 괜찮아', 0.5423844477809613), ([[717, 1597], [797, 1597], [797, 1633], [717, 1633]], '하하하', 0.9709607878399813), ([[433, 1633], [561, 1633], [561, 1669], [433, 1669]], '이전 기념일', 0.30541028410919163), ([[718, 1626], [792, 1626], [792, 1658], [718, 1658]], '으랫지', 0.6147980634436895), ([[159, 1653], [237, 1653], [237, 1691], [159, 1691]], '다음엔', 0.9906108306229185), ([[450, 1662], [552, 1662], [552, 1694], [450, 1694]], "'뿐이니까", 0.5170951585371578), ([[711, 1651], [803, 1651], [803, 1687], [711, 1687]], '나된참', 0.21588463344903175), ([[120, 1676], [278, 1676], [278, 1754], [120, 1754]], '@갈더록륙', 0.0004348246274075091), ([[411, 1685], [589, 1685], [589, 1725], [411, 1725]], '다른산람들에젠', 0.25938692392286156), ([[705, 1681], [805, 1681], [805, 1719], [705, 1719]], '기억력이', 0.4902372360229492), ([[714, 1708], [799, 1708], [799, 1752], [714, 1752]], '나발단', 0.17465149720841966), ([[442, 1710], [558, 1710], [558, 1788], [442, 1788]], '홍통춘하', 0.07734490185976028), ([[448, 1744], [480, 1744], [480, 1780], [448, 1780]], '암', 0.23480409581545647), ([[717, 1737], [799, 1737], [799, 1773], [717, 1773]], '말이야', 0.9334111964519023), ([[279.540235122517, 653.9862116102653], [375.03603676397785, 619.5603595596243], [392.459764877483, 671.0137883897347], [296.96396323602215, 705.4396404403757]], '중출나정률', 0.0018113765807758096), ([[846.9563638994289, 738.1385464278869], [916.7719613343315, 746.6687195290594], [911.0436361005711, 782.8614535721131], [841.2280386656685, 773.3312804709406]], '하하', 0.9472523878778542)]
[([[1178, 22], [1288, 22], [1288, 54], [1178, 54]], '그 뒤로: .', 0.28955129144588443), ([[1182, 52], [1284, 52], [1284, 84], [1182, 84]], '아저씨는', 0.5212123394012451), ([[360, 40], [496, 40], [496, 160], [360, 160]], '08', 0.9608878542812904), ([[1177, 77], [1289, 77], [1289, 143], [1177, 143]], '내칠 패볕', 0.04025127046688833), ([[1173, 133], [1295, 133], [1295, 169], [1173, 169]], '입어달라고', 0.9937280212129881), ([[1196, 164], [1270, 164], [1270, 196], [1196, 196]], '햇어요', 0.9413896297591327), ([[1078, 218], [1140, 218], [1140, 270], [1078, 270]], '[7', 0.05767768026042899), ([[37, 345], [59, 345], [59, 365], [37, 365]], '~', 0.00972085958773411), ([[535, 559], [641, 559], [641, 649], [535, 649]], '서리', 0.0639560384637833), ([[769, 585], [845, 585], [845, 621], [769, 621]], "'거7%6형형", 0.0035389196110073495), ([[414, 814], [446, 814], [446, 848], [414, 848]], '@', 0.8972514128351037), ([[1166, 966], [1294, 966], [1294, 998], [1166, 998]], '점점 수위논', 0.3261303315751633), ([[1170, 996], [1288, 996], [1288, 1024], [1170, 1024]], '높아지고: .', 0.4254244710184302), ([[1176, 1022], [1284, 1022], [1284, 1054], [1176, 1054]], '사진 찍는', 0.8398296943690259), ([[1190, 1050], [1272, 1050], [1272, 1080], [1190, 1080]], '시간이', 0.9999562959256643), ([[1172, 1078], [1290, 1078], [1290, 1110], [1172, 1110]], '늘어나면서', 0.9135597070814087), ([[1178, 1108], [1280, 1108], [1280, 1138], [1178, 1138]], '노래하는', 0.9903737306594849), ([[1190, 1134], [1270, 1134], [1270, 1166], [1190, 1166]], '시간은', 0.9996331001961156), ([[1156, 1159], [1281, 1159], [1281, 1197], [1156, 1197]], '(짧아지논데', 0.8980610267541961), ([[1112, 1236], [1190, 1236], [1190, 1266], [1112, 1266]], '알바가', 0.9605822563171387), ([[1221, 1221], [1273, 1221], [1273, 1261], [1221, 1261]], '(31', 0.7935095757900752), ([[1112, 1264], [1188, 1264], [1188, 1294], [1112, 1294]], '끝나면', 0.9984378931831716), ([[130, 1282], [180, 1282], [180, 1312], [130, 1312]], '배', 0.031136963387382366), ([[1070, 1292], [1228, 1292], [1228, 1324], [1070, 1324]], '아저씨가 주는', 0.5985612238510176), ([[1087, 1317], [1215, 1317], [1215, 1353], [1087, 1353]], '봉투도 점점', 0.9995296155444995), ([[379, 1355], [423, 1355], [423, 1395], [379, 1395]], '-', 0.0809155972692146), ([[1078, 1348], [1220, 1348], [1220, 1380], [1078, 1380]], '두꺼워젓어요', 0.35613231048808186), ([[579, 1455], [617, 1455], [617, 1491], [579, 1491]], '새', 0.07709405631416999), ([[987, 1563], [1046, 1563], [1046, 1600], [987, 1600]], '저논', 0.17667652076541754), ([[964, 1594], [1068, 1594], [1068, 1626], [964, 1626]], '이런 일에', 0.8276805391373943), ([[499, 1611], [595, 1611], [595, 1647], [499, 1647]], '괜찮아  .', 0.6178401485204652), ([[978, 1624], [1054, 1624], [1054, 1652], [978, 1652]], '빠르게', 0.959259280436954), ([[522, 1642], [598, 1642], [598, 1672], [522, 1672]], '배드틀', 0.24275055446875696), ([[956, 1650], [1076, 1650], [1076, 1682], [956, 1682]], '적응햇어요', 0.8374447927765757), ([[490, 1668], [610, 1668], [610, 1700], [490, 1700]], '위해서라면', 0.999867518606866), ([[512, 1698], [608, 1698], [608, 1730], [512, 1730]], '히토리블', 0.09624813497066498), ([[804, 1650], [912, 1650], [912, 1752], [804, 1752]], '27', 0.6627513512397872), ([[512, 1726], [606, 1726], [606, 1754], [512, 1754]], '위해서: .', 0.6343698826012847), ([[439.4419223361707, 815.0194894072413], [632.9039176396225, 909.7638422648931], [598.5580776638293, 973.9805105927587], [406.0960823603775, 879.2361577351069]], "'[밀논", 0.014656874351203442), ([[1.3968345061761256, 1157.2857552777925], [124.74772025688735, 1119.0768819751656], [150.60316549382387, 1225.7142447222075], [26.252279743112652, 1263.9231180248344]], '1무', 0.15845024333463378), ([[439.3729298231972, 1378.0494578861421], [496.93458995075906, 1419.279582121692], [475.6270701768028, 1448.9505421138579], [418.06541004924094, 1407.720417878308]], '깨', 0.33163288994751383)]
[([[1188, 62], [1278, 62], [1278, 136], [1188, 136]], '위해벼', 0.13029872005864673), ([[1204, 128], [1260, 128], [1260, 160], [1204, 160]], '라면', 0.999982635542571), ([[126, 224], [158, 224], [158, 256], [126, 256]], '여', 0.13133969687899683), ([[224, 214], [276, 214], [276, 244], [224, 244]], '하아', 0.9999733632956482), ([[1032, 60], [1135, 60], [1135, 278], [1032, 278]], '1', 0.120333790347261), ([[856, 143], [970, 143], [970, 378], [856, 378]], '독', 0.008390194355599512), ([[1183, 285], [1243, 285], [1243, 349], [1183, 349]], '창바', 0.005387657683191156), ([[1201, 433], [1239, 433], [1239, 475], [1201, 475]], '?!', 0.9891830310459128), ([[2, 466], [52, 466], [52, 494], [2, 494]], '내가', 0.9997394581247209), ([[480, 458], [594, 458], [594, 490], [480, 490]], '키타 장이:', 0.5792342696526893), ([[2, 490], [52, 490], [52, 522], [2, 522]], '항상:', 0.7022493541479714), ([[520, 486], [570, 486], [570, 516], [520, 516]], '너무', 0.9999677156666809), ([[1156, 470], [1289, 470], [1289, 526], [1156, 526]], '아저씨!', 0.29059359431266785), ([[0, 518], [66, 518], [66, 546], [0, 546]], '이렇게', 0.9030697936267279), ([[486, 514], [590, 514], [590, 546], [486, 546]], '귀여워서:.', 0.5982589985061739), ([[0, 541], [95, 541], [95, 603], [0, 603]], '탄당책관', 0.004073041491210461), ([[479, 539], [609, 539], [609, 605], [479, 605]], '옷번어레', 0.014126711525022984), ([[749, 531], [899, 531], [899, 599], [749, 599]], "'미약하지다논", 0.38114656071484704), ([[1183, 513], [1275, 513], [1275, 613], [1183, 613]], '무슨', 0.980630933832926), ([[496, 598], [570, 598], [570, 630], [496, 630]], '맺어:.', 0.17433127760887146), ([[772, 594], [884, 594], [884, 626], [772, 626]], '못 참젯어', 0.4145378268662442), ([[1162, 602], [1238, 602], [1238, 650], [1162, 650]], '짓율', 0.3446468161013576), ([[198, 680], [302, 680], [302, 712], [198, 712]], '키타 장도', 0.9331470340568564), ([[204, 708], [298, 708], [298, 740], [204, 740]], '눈치찾올', 0.28478387512622544), ([[434, 706], [557, 706], [557, 750], [434, 750]], '뛰야 뭐야', 0.25538028086651193), ([[220, 738], [284, 738], [284, 766], [220, 766]], '렌데?', 0.18027594685554504), ([[545, 747], [577, 747], [577, 767], [545, 767]], '3', 0.02837258553019617), ([[401, 732], [561, 732], [561, 846], [401, 846]], '출교증', 0.00954681848195845), ([[474, 766], [572, 766], [572, 842], [474, 842]], '요하은', 0.0022474237184673526), ([[854, 804], [892, 804], [892, 828], [854, 828]], '아:', 0.5151238995928242), ([[423, 827], [565, 827], [565, 869], [423, 869]], '제사람노3', 0.05479258104907033), ([[832, 830], [930, 830], [930, 862], [832, 862]], '미안해: .', 0.7012149603372293), ([[817, 855], [947, 855], [947, 893], [817, 893]], '많이 놀컷니', 0.24720774146774066), ([[1210, 1010], [1250, 1010], [1250, 1038], [1210, 1038]], "화'", 0.6986624272861549), ([[255, 1045], [343, 1045], [343, 1081], [255, 1081]], '하지만', 0.9999704739122878), ([[1197, 1037], [1277, 1037], [1277, 1073], [1197, 1073]], '이렇게', 0.7264048405657398), ([[209, 1075], [357, 1075], [357, 1115], [209, 1115]], '처음올 이런', 0.8631901810256469), ([[1210, 1068], [1264, 1068], [1264, 1100], [1210, 1100]], '액이', 0.9913574728793695), ([[214, 1111], [328, 1111], [328, 1143], [214, 1143]], '사람이량', 0.6477054357528687), ([[426, 1116], [538, 1116], [538, 1148], [426, 1148]], '두 배로?', 0.9987226001251011), ([[968, 1086], [1024, 1086], [1024, 1150], [968, 1150]], '~', 0.005313650303957973), ([[1185, 1095], [1289, 1095], [1289, 1135], [1185, 1135]], '흘러나오', 0.9720347583737732), ([[19, 1147], [105, 1147], [105, 1183], [19, 1183]], '피임만', 0.9963208765165837), ([[239, 1143], [331, 1143], [331, 1179], [239, 1179]], '잠깐만', 0.9999790082473178), ([[391, 1143], [571, 1143], [571, 1183], [391, 1183]], '방금 아저씨가', 0.9936753255608127), ([[1073, 1135], [1151, 1135], [1151, 1171], [1073, 1171]], '괜찮지', 0.9918249911534313), ([[1196, 1130], [1274, 1130], [1274, 1162], [1196, 1162]], '잠니"', 0.14824398595741123), ([[7, 1179], [117, 1179], [117, 1215], [7, 1215]], '한다면: .', 0.764451965179766), ([[227, 1173], [327, 1173], [327, 1211], [227, 1211]], '참으면::', 0.49244343954601416), ([[387, 1177], [575, 1177], [575, 1215], [387, 1215]], '세 배로 준다고', 0.8663297683873618), ([[1102, 1196], [1158, 1196], [1158, 1228], [1102, 1228]], '키타', 0.9992439692713134), ([[27, 1211], [99, 1211], [99, 1249], [27, 1249]], '할 수', 0.897401750087738), ([[429, 1209], [533, 1209], [533, 1247], [429, 1247]], '햇없나?', 0.9938632845878601), ([[1086, 1226], [1118, 1226], [1118, 1260], [1086, 1260]], '장', 0.9676075996463283), ([[1225, 1176], [1297, 1176], [1297, 1303], [1225, 1303]], '{', 0.05333103267145223), ([[19, 1243], [105, 1243], [105, 1281], [19, 1281]], '있어:', 0.4947588041962801), ([[183, 1245], [233, 1245], [233, 1285], [183, 1285]], '(31', 0.3507402439252123), ([[304, 1286], [402, 1286], [402, 1318], [304, 1318]], '아저씨: .', 0.829633807075258), ([[316, 1316], [390, 1316], [390, 1346], [316, 1346]], '근듬 .', 0.036596804010740225), ([[575, 1323], [617, 1323], [617, 1377], [575, 1377]], '*', 0.015883090917162557), ([[1166, 1342], [1224, 1342], [1224, 1372], [1166, 1372]], '저: ', 0.37823616330438575), ([[495, 1387], [587, 1387], [587, 1427], [495, 1427]], '5"4', 0.17788719170137393), ([[1111, 1373], [1277, 1373], [1277, 1411], [1111, 1411]], '저항해야해: .', 0.5227615672244627), ([[1119, 1405], [1269, 1405], [1269, 1443], [1119, 1443]], '하지만 그룹', 0.3868298216484015), ([[294, 1438], [428, 1438], [428, 1470], [294, 1470]], '아 문제없어', 0.6943580712038289), ([[1120, 1435], [1270, 1435], [1270, 1476], [1120, 1476]], '화나게 하면', 0.9922304973385541), ([[310, 1466], [412, 1466], [412, 1498], [310, 1498]], '걱정 말끔', 0.44015398882257956), ([[1123, 1469], [1267, 1469], [1267, 1507], [1123, 1507]], '더 위험하지', 0.5901653646115738), ([[296, 1490], [425, 1490], [425, 1527], [296, 1527]], '혹시나 싶어', 0.8848170372175633), ([[1143, 1501], [1249, 1501], [1249, 1539], [1143, 1539]], '않울까?', 0.5720867464692687), ([[286, 1522], [434, 1522], [434, 1554], [286, 1554]], '아저씨가 매번', 0.9991362986972914), ([[300, 1550], [422, 1550], [422, 1582], [300, 1582]], '가져오거든', 0.6002938198768125), ([[1024, 1640], [1112, 1640], [1112, 1672], [1024, 1672]], '한 번만', 0.8474627328800586), ([[82, 1676], [122, 1676], [122, 1700], [82, 1700]], '아~', 0.9999973026027609), ([[185, 1653], [305, 1653], [305, 1719], [185, 1719]], '처점인대 .', 0.5011973079719848), ([[997, 1667], [1131, 1667], [1131, 1703], [997, 1703]], '하면 돼: ~', 0.2701355962873023), ([[1185, 1600], [1290, 1600], [1290, 1761], [1185, 1761]], '오', 0.04622242575891633), ([[56, 1702], [150, 1702], [150, 1734], [56, 1734]], '걱정하지', 0.987186849117279), ([[975, 1699], [1164, 1699], [1164, 1735], [975, 1735]], '오늘은 아저씨가', 0.9987012698611909), ([[78, 1730], [128, 1730], [128, 1762], [78, 1762]], '말끔', 0.1253039013415692), ([[1009, 1729], [1121, 1729], [1121, 1765], [1009, 1765]], '더 줄게; .', 0.5603481468616401), ([[42, 1758], [158, 1758], [158, 1790], [42, 1790]], '괜찮으니: .', 0.8931349102539802), ([[1009, 1757], [1123, 1757], [1123, 1793], [1009, 1793]], '두 배로: .', 0.7411597028939535), ([[82, 1788], [124, 1788], [124, 1818], [82, 1818]], '뭐?', 0.8163987485138677), ([[991, 1789], [1143, 1789], [1143, 1825], [991, 1825]], '아니, 세 배로', 0.840590373461444), ([[102.33741084355093, 131.03669759195827], [144.62810870710825, 119.03296728247156], [173.6625891564491, 232.96330240804173], [131.37189129289175, 244.96703271752844]], '5', 0.16824844121652305), ([[16.28285463840554, 907.0516970049982], [54.762274949751856, 903.3208561679003], [61.71714536159446, 985.9483029950018], [22.237725050248148, 989.6791438320997]], '8', 0.29085756736554913)]
[([[1179, 15], [1267, 15], [1267, 57], [1179, 57]], '안돼:.', 0.2609992027282715), ([[57, 67], [133, 67], [133, 111], [57, 111]], '아파', 0.29956827362131494), ([[639, 37], [703, 37], [703, 75], [639, 75]], '그만', 0.9999990727694587), ([[770, 44], [846, 44], [846, 76], [770, 76]], '조임이', 0.986389426334508), ([[857, 9], [941, 9], [941, 113], [857, 113]], '%', 0.08422152044482178), ([[1002, 48], [1138, 48], [1138, 100], [1002, 100]], '키타 장의', 0.9898756456896731), ([[1199, 57], [1275, 57], [1275, 99], [1199, 99]], '장난', 0.999884772460696), ([[258, 86], [298, 86], [298, 116], [258, 116]], '-', 0.13887406225659849), ([[1008, 86], [1142, 86], [1142, 136], [1008, 136]], '처녀 보지', 0.6433650759108159), ([[1180, 90], [1291, 90], [1291, 141], [1180, 141]], '아니야', 0.9999799718018858), ([[1194, 132], [1275, 132], [1275, 183], [1194, 183]], '아앗', 0.7235498817251023), ([[1019, 273], [1161, 273], [1161, 309], [1019, 309]], '굵은 자지가 ', 0.3247442434116754), ([[1005, 303], [1173, 303], [1173, 339], [1005, 339]], '커칠게 비집고', 0.4698497511894952), ([[1049, 333], [1131, 333], [1131, 369], [1049, 369]], '들어와', 0.9960483982327398), ([[1031, 363], [1147, 363], [1147, 399], [1031, 399]], '제 처음올', 0.9350559920677215), ([[1047, 393], [1133, 393], [1133, 429], [1047, 429]], '빼앗앗', 0.9271805324748992), ([[1181, 403], [1253, 403], [1253, 445], [1181, 445]], "'아앗", 0.966877062537676), ([[1037, 423], [1121, 423], [1121, 459], [1037, 459]], '습니다:', 0.716530442237854), ([[48, 487], [155, 487], [155, 525], [48, 525]], '아저씨는', 0.5837138891220093), ([[33, 519], [171, 519], [171, 555], [33, 555]], '지금껏 쌍인', 0.4549686708892215), ([[595, 501], [769, 501], [769, 585], [595, 585]], '동}뇨로', 0.0025752645451575518), ([[55, 549], [147, 549], [147, 585], [55, 585]], '모든 겉', 0.8222875267832532), ([[174, 546], [278, 546], [278, 588], [174, 588]], '아으웃', 0.8947958929559228), ([[19, 579], [183, 579], [183, 615], [19, 615]], '쏟아내려는 듯', 0.9226083194713248), ([[957, 593], [1037, 593], [1037, 629], [957, 629]], '이렇제', 0.6079262513508624), ([[1184, 594], [1258, 594], [1258, 620], [1184, 620]], '아저씨:', 0.9345409870147705), ([[35, 609], [171, 609], [171, 645], [35, 645]], '거칠게 밀어', 0.9127490244172728), ([[934, 624], [1060, 624], [1060, 656], [934, 656]], '조여오다니', 0.9981815984794611), ([[1194, 620], [1242, 620], [1242, 646], [1194, 646]], '그만', 0.999997049721879), ([[39, 639], [169, 639], [169, 677], [39, 677]], '넣없습니다', 0.2330849134926017), ([[528, 646], [618, 646], [618, 678], [528, 678]], '미안해:.', 0.4634064785625685), ([[726, 653], [831, 653], [831, 692], [726, 692]], '오늘까지', 0.9932237863540649), ([[987, 653], [1067, 653], [1067, 689], [987, 689]], '철렁한', 0.29857177525482065), ([[534, 676], [624, 676], [624, 708], [534, 708]], '키타 장', 0.7321538745735462), ([[699, 685], [859, 685], [859, 721], [699, 721]], '견너내길 정말', 0.9001414836735417), ([[945, 683], [1049, 683], [1049, 719], [945, 719]], '년들이량', 0.6133684515953064), ([[489, 705], [655, 705], [655, 741], [489, 741]], '처음이라니까', 0.9952369757678146), ([[725, 715], [827, 715], [827, 751], [725, 751]], '잘햇어: .', 0.6038214939237981), ([[923, 713], [1069, 713], [1069, 749], [923, 749]], '~:는 비교할', 0.0726632819152679), ([[27, 745], [73, 745], [73, 789], [27, 789]], '상', 0.47476150797374217), ([[495, 733], [663, 733], [663, 771], [495, 771]], '나도 살살하고', 0.9894865499117551), ([[709, 745], [855, 745], [855, 781], [709, 781]], '키타 장 정말', 0.870795361139896), ([[937, 743], [1057, 743], [1057, 779], [937, 779]], '수 없어:!', 0.9973540304340208), ([[525, 765], [607, 765], [607, 801], [525, 801]], '싶은데', 0.9980041894313426), ([[717, 775], [825, 775], [825, 811], [717, 811]], '최고야앗', 0.8940906524658203), ([[1279, 815], [1293, 815], [1293, 849], [1279, 849]], '[', 0.02298870591756952), ([[422, 852], [460, 852], [460, 878], [422, 878]], '아:', 0.5128757230479982), ([[312, 884], [342, 884], [342, 922], [312, 922]], '네', 0.009097806466415115), ([[408, 880], [464, 880], [464, 912], [408, 912]], '아파', 0.5272473662297018), ([[870, 882], [969, 882], [969, 920], [870, 920]], '그 뒤로', 0.9940292924281124), ([[871, 915], [965, 915], [965, 953], [871, 953]], '두 번: .', 0.39308251423593055), ([[44, 938], [94, 938], [94, 986], [44, 986]], '(', 0.9625284837048333), ([[127, 963], [143, 963], [143, 993], [127, 993]], '<', 0.6396325257560456), ([[857, 949], [947, 949], [947, 985], [857, 985]], '세 번:.', 0.5604792705660012), ([[102, 974], [126, 974], [126, 998], [102, 998]], '7', 0.29117036291523846), ([[82, 1002], [134, 1002], [134, 1032], [82, 1032]], '몸이', 0.9897591597471337), ([[29, 1027], [157, 1027], [157, 1063], [29, 1063]], '통증에 점점', 0.9995695868074009), ([[16, 1054], [167, 1054], [167, 1091], [16, 1091]], '익숙해지는 것', 0.5916110190109906), ([[41, 1083], [145, 1083], [145, 1119], [41, 1119]], '같은데  .', 0.569677247259673), ([[20, 1114], [168, 1114], [168, 1144], [20, 1144]], '어쩌면 의식이', 0.7303869662639686), ([[1208, 1116], [1262, 1116], [1262, 1148], [1208, 1148]], '장난', 0.9999116613483926), ([[46, 1142], [142, 1142], [142, 1174], [46, 1174]], '흐려지기', 0.984605610370636), ([[1186, 1144], [1262, 1144], [1262, 1174], [1186, 1174]], '아니야', 0.999981967736744), ([[44, 1170], [142, 1170], [142, 1200], [44, 1200]], '시작해서', 0.9997887015342712), ([[1198, 1172], [1270, 1172], [1270, 1202], [1198, 1202]], '아저씨', 0.9999746722533008), ([[40, 1198], [144, 1198], [144, 1228], [40, 1228]], '그런 게: .', 0.9544789969494645), ([[1183, 1195], [1270, 1195], [1270, 1234], [1183, 1234]], '허리가 :', 0.43242052666541364), ([[1167, 1225], [1300, 1225], [1300, 1261], [1167, 1261]], '멈출 수 없어', 0.5186877438307944), ([[1210, 1256], [1258, 1256], [1258, 1284], [1210, 1284]], '으욕', 0.6288945260335526), ([[383, 1291], [489, 1291], [489, 1327], [383, 1327]], '다음에:', 0.9392821192741394), ([[27, 1303], [69, 1303], [69, 1379], [27, 1379]], '8', 0.07674284195951486), ([[376, 1324], [498, 1324], [498, 1356], [376, 1356]], '또 하면 잘', 0.7841481341075384), ([[372, 1354], [502, 1354], [502, 1386], [372, 1386]], '해보자꾸나', 0.9943791547136563), ([[385, 1381], [489, 1381], [489, 1417], [385, 1417]], '전희부터', 0.7832897901535034), ([[372, 1414], [478, 1414], [478, 1446], [372, 1446]], '시작해서', 0.9995493292808533), ([[60, 1464], [110, 1464], [110, 1540], [60, 1540]], '냉', 0.013471202522730208), ([[62, 1554], [114, 1554], [114, 1584], [62, 1584]], '결국', 0.9999750163797181), ([[20, 1582], [128, 1582], [128, 1612], [20, 1612]], '네 번이나', 0.949293947740205), ([[780, 1562], [852, 1562], [852, 1613], [780, 1613]], '싫엇', 0.982045479221903), ([[1, 1607], [123, 1607], [123, 1643], [1, 1643]], '햇습니다: .', 0.30449801852855013), ([[19, 1635], [125, 1635], [125, 1701], [19, 1701]], "'야직고", 0.1923491358757019), ([[153, 1643], [189, 1643], [189, 1703], [153, 1703]], '8', 0.15734657958808018), ([[521, 1657], [541, 1657], [541, 1679], [521, 1679]], '4', 0.8073673122200944), ([[596, 1664], [658, 1664], [658, 1692], [596, 1692]], '하아', 0.9999849957548995), ([[787, 1641], [885, 1641], [885, 1685], [787, 1685]], '시러어', 0.9998456259654211), ([[7, 1691], [135, 1691], [135, 1727], [7, 1727]], '제가 의식올', 0.9382628045752653), ([[572, 1692], [682, 1692], [682, 1724], [572, 1724]], '개운하다:', 0.9297959391560318), ([[771, 1677], [873, 1677], [873, 1726], [771, 1726]], '어어엇', 0.9224391595259418), ([[10, 1720], [136, 1720], [136, 1752], [10, 1752]], '잃은 사이에', 0.9941617874159782), ([[586, 1720], [670, 1720], [670, 1750], [586, 1750]], '미안해:.', 0.9811848528485531), ([[7, 1747], [137, 1747], [137, 1783], [7, 1783]], '누드 사진올', 0.8317841057824179), ([[586, 1748], [684, 1748], [684, 1778], [586, 1778]], '아저씨가', 0.9989922046661377), ([[46, 1778], [98, 1778], [98, 1804], [46, 1804]], '찍고', 0.8871177284960152), ([[588, 1776], [680, 1776], [680, 1808], [588, 1808]], '정신없이', 0.9999366402626038), ([[11, 1803], [135, 1803], [135, 1839], [11, 1839]], '떠낫습니다', 0.6988001377319184), ([[574, 1804], [666, 1804], [666, 1834], [574, 1834]], '박아서: .', 0.9780265012028424), ([[169.9729724270166, 23.524322795646462], [329.04340948758085, -11.602712092393848], [342.0270275729834, 68.47567720435353], [182.95659051241915, 104.60271209239384]], '[:|-입', 3.078534830657463e-05), ([[411.5326350097304, 1584.0273975827085], [446.6603510417008, 1595.0129391812484], [419.4673649902696, 1676.9726024172915], [384.3396489582992, 1664.9870608187516]], '꿀', 0.6793996287251645), ([[505.7390817457581, 1597.1339889911355], [548.2397319854516, 1627.0767811028534], [485.2609182542419, 1715.8660110088645], [442.7602680145484, 1685.9232188971466]], '@', 0.9786864468759546)]
[([[798, 18], [886, 18], [886, 50], [798, 50]], '그 뒤에', 0.9809788711937407), ([[182, 48], [268, 48], [268, 78], [182, 78]], '그래도:', 0.886256992816925), ([[764, 46], [921, 46], [921, 83], [764, 83]], '아저씨는 제게', 0.4412380673059088), ([[182, 78], [284, 78], [284, 110], [182, 110]], '그렇다고', 0.9998225569725037), ([[780, 78], [906, 78], [906, 110], [780, 110]], '사과하면서', 0.9998603746821257), ([[192, 110], [270, 110], [270, 136], [192, 136]], '해도: .', 0.7563967020415548), ([[794, 108], [892, 108], [892, 140], [794, 140]], '아이처럼', 0.9986714124679565), ([[943, 113], [1031, 113], [1031, 149], [943, 149]], '은퇴 후', 0.9530780882747422), ([[793, 137], [895, 137], [895, 173], [793, 173]], '울없어요', 0.997810423374176), ([[946, 146], [1028, 146], [1028, 178], [946, 178]], '아내가', 0.9998688885447231), ([[901, 173], [1063, 173], [1063, 209], [901, 209]], '(바람을 피우고', 0.6347110372002853), ([[936, 206], [1038, 206], [1038, 238], [936, 238]], '집에서는', 0.7438154816627502), ([[907, 235], [1071, 235], [1071, 271], [907, 271]], '딸에게 무시틀', 0.30978070604562574), ([[1220, 254], [1294, 254], [1294, 284], [1220, 284]], '아저씨,', 0.9710453152656555), ([[936, 266], [1016, 266], [1016, 298], [936, 298]], '당하고', 0.8074769973754883), ([[1230, 282], [1296, 282], [1296, 312], [1230, 312]], '열심히', 0.9998988271780485), ([[394, 298], [470, 298], [470, 330], [394, 330]], '어른이', 0.9991482640331271), ([[1176, 308], [1298, 308], [1298, 340], [1176, 340]], '일하는 것도', 0.9270505194027536), ([[52, 320], [118, 320], [118, 352], [52, 352]], '물론~', 0.9999721945435649), ([[392, 328], [468, 328], [468, 360], [392, 360]], '저렇게', 0.9323957398166347), ([[1202, 338], [1274, 338], [1274, 366], [1202, 366]], '종지만', 0.5235636724066175), ([[32, 350], [140, 350], [140, 382], [32, 382]], '그런 짓율', 0.6042380508172395), ([[366, 358], [498, 358], [498, 390], [366, 390]], '무너지는 건', 0.5220515846543632), ([[1222, 364], [1298, 364], [1298, 394], [1222, 394]], '가족도', 0.9988517346373553), ([[58, 380], [114, 380], [114, 410], [58, 410]], '해선', 0.9983468953273199), ([[375, 388], [487, 388], [487, 420], [375, 420]], '처음 횟조', 0.21279483816908235), ([[1172, 394], [1284, 394], [1284, 424], [1172, 424]], "'챙기는 게:", 0.4586455398748956), ([[32, 410], [140, 410], [140, 442], [32, 442]], '안 된다는', 0.8668440740960536), ([[44, 440], [128, 440], [128, 470], [44, 470]], '건 저도', 0.4596019838011086), ([[36, 470], [124, 470], [124, 502], [36, 502]], '알아요 ', 0.470104455947876), ([[608, 634], [734, 634], [734, 664], [608, 664]], '그리고 또:.', 0.3840070482395638), ([[33, 657], [85, 657], [85, 701], [33, 701]], '@~', 0.2136650464903711), ([[174, 664], [252, 664], [252, 696], [174, 696]], '아저씨', 0.9975278377532959), ([[626, 666], [724, 666], [724, 696], [626, 696]], '아저씨의', 0.9997610449790955), ([[133, 693], [255, 693], [255, 729], [133, 729]], '괜찮아요: .', 0.5041200749905147), ([[636, 696], [716, 696], [716, 728], [636, 728]], '애무는', 0.4410687554134113), ([[611, 723], [715, 723], [715, 759], [611, 759]], '굉장해요', 0.9993636012077332), ([[356, 780], [424, 780], [424, 810], [356, 810]], '미안해', 0.9997534022521861), ([[1190, 814], [1268, 814], [1268, 846], [1190, 846]], '그런데', 0.999979696500568), ([[352, 834], [430, 834], [430, 864], [352, 864]], '키타 장', 0.9055891132374425), ([[1176, 844], [1282, 844], [1282, 876], [1176, 876]], '사과하기', 0.99998539686203), ([[346, 860], [414, 860], [414, 888], [346, 888]], '미안해', 0.9995896735573664), ([[1178, 874], [1274, 874], [1274, 906], [1178, 906]], '위해서:.', 0.6057365987784332), ([[687, 856], [738, 856], [738, 961], [687, 961]], '통', 0.06929632250094997), ([[1176, 904], [1282, 904], [1282, 936], [1176, 936]], '아저씨가', 0.999068021774292), ([[1176, 934], [1280, 934], [1280, 966], [1176, 966]], '전희부터', 0.9078671932220459), ([[31, 963], [53, 963], [53, 981], [31, 981]], '으', 0.7408626866623855), ([[1163, 963], [1291, 963], [1291, 999], [1163, 999]], '시작햇어요', 0.3539115153586787), ([[4, 986], [72, 986], [72, 1014], [4, 1014]], '미안해', 0.9183304309844971), ([[485, 1137], [613, 1137], [613, 1173], [485, 1173]], '사과하면서', 0.9997089647108733), ([[1146, 1146], [1259, 1146], [1259, 1185], [1146, 1185]], '사람은 늘', 0.7949549733186135), ([[80, 1174], [132, 1174], [132, 1202], [80, 1202]], '아', 0.9973481616112281), ([[494, 1170], [604, 1170], [604, 1202], [494, 1202]], '끈기 핑게', 0.17153678438932443), ([[1133, 1179], [1271, 1179], [1271, 1215], [1133, 1215]], '실수름 하조.', 0.4773526613351158), ([[44, 1204], [136, 1204], [136, 1232], [44, 1232]], '아저씨::', 0.7873772872066569), ([[510, 1200], [588, 1200], [588, 1232], [510, 1232]], '전신을', 0.41535417430109317), ([[1148, 1212], [1262, 1212], [1262, 1242], [1148, 1242]], '마치 제가', 0.9996994225247148), ([[68, 1234], [132, 1234], [132, 1264], [68, 1264]], '혀는  .', 0.2389629594499488), ([[498, 1230], [600, 1230], [600, 1262], [498, 1262]], '찾아주시', 0.2429063320159912), ([[1126, 1240], [1282, 1240], [1282, 1272], [1126, 1272]], '니지카 선배와', 0.9351524063193731), ([[56, 1262], [134, 1262], [134, 1294], [56, 1294]], '안돼애', 0.8453547434295802), ([[485, 1259], [601, 1259], [601, 1295], [485, 1295]], '더라구요 ', 0.7927007830517034), ([[1148, 1272], [1258, 1272], [1258, 1304], [1148, 1304]], '료 선배틀', 0.5784342452986215), ([[1026, 1298], [1102, 1298], [1102, 1330], [1026, 1330]], '하지만', 0.9999525793705192), ([[1137, 1299], [1271, 1299], [1271, 1335], [1137, 1335]], '속이고 공연', 0.9894220693819521), ([[1013, 1327], [1117, 1327], [1117, 1363], [1013, 1363]], '나중에는', 0.5865862895947337), ([[1125, 1329], [1283, 1329], [1283, 1365], [1125, 1365]], '전에 도망첫단', 0.6900793798528683), ([[1009, 1357], [1119, 1357], [1119, 1393], [1009, 1393]], '다들 저클', 0.40661507763629035), ([[1151, 1359], [1231, 1359], [1231, 1395], [1151, 1395]], '것처럼', 0.9628270776644016), ([[818, 1388], [942, 1388], [942, 1418], [818, 1418]], '저도 그렇게', 0.7574439229000673), ([[1013, 1387], [1117, 1387], [1117, 1423], [1013, 1423]], '받아주석', 0.875010073184967), ([[844, 1416], [916, 1416], [916, 1446], [844, 1446]], '타인을', 0.5795402292335474), ([[1011, 1417], [1093, 1417], [1093, 1453], [1011, 1453]], '잠아요', 0.3904572507841072), ([[13, 1445], [109, 1445], [109, 1489], [13, 1489]], '럿디에', 0.0025135359445429936), ([[828, 1442], [932, 1442], [932, 1474], [828, 1474]], '배려할 수', 0.9941746691396317), ([[820, 1472], [944, 1472], [944, 1502], [820, 1502]], '있는 사람이', 0.5234552980859521), ([[162, 1512], [228, 1512], [228, 1538], [162, 1538]], '미안해', 0.9999077743791326), ([[816, 1498], [944, 1498], [944, 1530], [816, 1530]], '월 수 있으면', 0.7193308013133722), ([[152, 1538], [218, 1538], [218, 1564], [152, 1564]], '미안해', 0.9996930445136498), ([[824, 1526], [930, 1526], [930, 1558], [824, 1558]], '종계어요::', 0.13725225450088083), ([[186, 1562], [232, 1562], [232, 1590], [186, 1590]], '정말', 0.9999898847713415), ([[162, 1586], [226, 1586], [226, 1614], [162, 1614]], '미안해', 0.9998408082805464), ([[265, 1627], [356, 1627], [356, 1664], [265, 1664]], '붕 뜨는', 0.5851629607605344), ([[725, 1557], [802, 1557], [802, 1706], [725, 1706]], '8', 0.012343402734950937), ([[243, 1659], [377, 1659], [377, 1695], [243, 1695]], '듯한 기분이', 0.63464280355247), ([[244, 1692], [376, 1692], [376, 1724], [244, 1724]], '드는 데에는', 0.9738786667686261), ([[247, 1719], [375, 1719], [375, 1755], [247, 1755]], '얼마 걸리지', 0.9646908788367888), ([[736, 1706], [784, 1706], [784, 1782], [736, 1782]], '없', 0.023979535061775303), ([[247, 1749], [349, 1749], [349, 1785], [247, 1785]], '않있어요', 0.427856981754303), ([[174.20510460345565, 548.3332719689847], [267.31507234673467, 539.4741039921553], [269.79489539654435, 583.6667280310153], [176.68492765326533, 592.5258960078447]], '("77:', 0.17642759532252555), ([[392.5246508801263, 1577.0141347861215], [453.9922778767137, 1565.0617769862906], [489.4753491198737, 1760.9858652138785], [428.0077221232863, 1772.9382230137094]], '쇼', 0.17697887254644584)]
[([[1164, 2], [1262, 2], [1262, 28], [1164, 28]], '그리고: .', 0.4957130290979672), ([[526, 36], [626, 36], [626, 68], [526, 68]], '아저씨가', 0.9983845949172974), ([[1160, 30], [1268, 30], [1268, 62], [1160, 62]], '이번 셈스', 0.5206526607158388), ([[497, 61], [652, 61], [652, 100], [497, 100]], '부드럽게 밀에', 0.7054923496629476), ([[993, 33], [1029, 33], [1029, 121], [993, 121]], '육', 0.03322793925065093), ([[1038, 76], [1132, 76], [1132, 106], [1038, 106]], '키타 장:', 0.8761428421151973), ([[1176, 62], [1250, 62], [1250, 94], [1176, 94]], '에서의', 0.9987922787817062), ([[438, 98], [486, 98], [486, 124], [438, 124]], '키타', 0.9989665471654267), ([[514, 94], [612, 94], [612, 126], [514, 126]], '넣엎는데', 0.4345739483833313), ([[1174, 92], [1252, 92], [1252, 124], [1174, 124]], '느낌은', 0.9996553986001182), ([[438, 124], [480, 124], [480, 150], [438, 150]], '장:.', 0.7296358874905237), ([[500, 124], [648, 124], [648, 156], [500, 156]], '인번에는 전혀', 0.9074263703762169), ([[1055, 105], [1133, 105], [1133, 141], [1055, 141]], '넣울게', 0.4709542177518537), ([[1162, 122], [1266, 122], [1266, 152], [1162, 152]], '지난번과', 0.999966025352478), ([[429, 147], [643, 147], [643, 183], [429, 183]], '넣올제 안프지 않고', 0.4889498056692212), ([[1188, 152], [1240, 152], [1240, 184], [1188, 184]], '많이', 0.9996556776126463), ([[1163, 179], [1263, 179], [1263, 215], [1163, 215]], '달랍어요', 0.38428011536598206), ([[92, 276], [174, 276], [174, 304], [92, 304]], '아니요.', 0.7230539917945862), ([[22, 372], [74, 372], [74, 404], [22, 404]], '일단', 0.9999230407220117), ([[778, 368], [826, 368], [826, 394], [778, 394]], "'하아", 0.99958981120083), ([[594, 382], [646, 382], [646, 412], [594, 412]], '아아', 0.9996716075516754), ([[14, 402], [80, 402], [80, 432], [14, 432]], '빨까?', 0.8757547314050707), ([[1114, 512], [1152, 512], [1152, 536], [1114, 536]], '아', 0.9999064228969736), ([[1088, 540], [1170, 540], [1170, 570], [1088, 570]], '키타 장', 0.9762945209661655), ([[1116, 568], [1166, 568], [1166, 596], [1116, 596]], '나의', 0.9976547441290283), ([[904, 604], [994, 604], [994, 636], [904, 636]], '미안해~', 0.9994950890541077), ([[1098, 596], [1182, 596], [1182, 626], [1098, 626]], '키타 장', 0.6685727713150891), ([[218, 614], [310, 614], [310, 646], [218, 646]], '괜찮아요', 0.9997642636299133), ([[876, 630], [1024, 630], [1024, 662], [876, 662]], '아저씨 이번엔', 0.9471159087845832), ([[869, 657], [1031, 657], [1031, 693], [869, 693]], '절정올 느낌 수', 0.7036784976384177), ([[912, 688], [988, 688], [988, 718], [912, 718]], '있도록', 0.9055385191269023), ([[456, 700], [528, 700], [528, 732], [456, 732]], '이번엔', 0.9960356034868291), ([[440, 730], [544, 730], [544, 760], [440, 760]], '절 위해서', 0.9941218110698555), ([[887, 713], [987, 713], [987, 749], [887, 749]], '노력할게', 0.943030595779419), ([[808, 744], [884, 744], [884, 774], [808, 774]], '제발:..', 0.3777681167899957), ([[432, 760], [548, 760], [548, 788], [432, 788]], '아저씨가 .', 0.6600586147653155), ([[1166, 762], [1240, 762], [1240, 792], [1166, 792]], '쾌라이', 0.5960479657247397), ([[302, 784], [406, 784], [406, 816], [302, 816]], '절 기쁘게', 0.951388962706763), ([[428, 788], [556, 788], [556, 820], [428, 820]], '사정하는 걸', 0.709305808522868), ([[800, 772], [894, 772], [894, 804], [800, 804]], '아저씨틀', 0.27737995982170105), ([[1166, 792], [1240, 792], [1240, 824], [1166, 824]], '온몸에', 0.9977606162926969), ([[800, 802], [896, 802], [896, 832], [800, 832]], '미위하지', 0.8143332004547119), ([[304, 814], [404, 814], [404, 846], [304, 846]], '해주려고', 0.9985750913619995), ([[442, 816], [536, 816], [536, 848], [442, 848]], '참눈데:.', 0.1865475378798989), ([[788, 828], [886, 828], [886, 860], [788, 860]], '말아쥐: .', 0.5372668916836961), ([[1143, 820], [1261, 820], [1261, 852], [1143, 852]], '밀려앉어요', 0.5276197552267445), ([[282, 842], [426, 842], [426, 874], [282, 874]], '열심히 허리틀', 0.4240563308176414), ([[74, 856], [148, 856], [148, 888], [74, 888]], '그래서', 0.9999816924353525), ([[72, 886], [146, 886], [146, 912], [72, 912]], "저도' .", 0.36849361303057426), ([[289, 867], [419, 867], [419, 905], [289, 905]], '흔들고 있는', 0.4730464259483837), ([[72, 914], [148, 914], [148, 944], [72, 944]], '뭐라도', 0.8345602836403735), ([[290, 900], [402, 900], [402, 932], [290, 932]], '걸 보면서:', 0.5596232085284181), ([[48, 944], [172, 944], [172, 974], [48, 974]], '해야켓다고', 0.8219133062115147), ([[285, 926], [418, 926], [418, 963], [285, 963]], '저논 약간의', 0.5682900456743216), ([[304, 958], [402, 958], [402, 990], [304, 990]], '죄책감이', 0.9688329100608826), ([[35, 971], [187, 971], [187, 1007], [35, 1007]], '갑자기 생각이', 0.9972698722147243), ([[62, 1002], [158, 1002], [158, 1032], [62, 1032]], '들어서: .', 0.7276823692694009), ([[306, 988], [402, 988], [402, 1020], [306, 1020]], '들없어요', 0.994146466255188), ([[840, 1152], [868, 1152], [868, 1178], [840, 1178]], '?!', 0.9718087982457104), ([[308, 1166], [344, 1166], [344, 1196], [308, 1196]], '안', 0.4735696850366935), ([[816, 1180], [878, 1180], [878, 1210], [816, 1210]], '키타:', 0.9421682335304838), ([[562, 1206], [616, 1206], [616, 1236], [562, 1236]], '안돼', 0.38978601316097516), ([[828, 1210], [858, 1210], [858, 1236], [828, 1236]], '아', 0.9999648335687574), ([[535, 1229], [666, 1229], [666, 1266], [535, 1266]], '아저씨 참고', 0.9997045930301021), ([[804, 1234], [858, 1234], [858, 1266], [804, 1266]], '안돼', 0.4685993213068066), ([[136, 1260], [188, 1260], [188, 1290], [136, 1290]], '저클', 0.3833851896652566), ([[551, 1259], [649, 1259], [649, 1295], [551, 1295]], '있있는데', 0.2857205867767334), ([[6, 1290], [54, 1290], [54, 1316], [6, 1316]], '키:', 0.7811358155798438), ([[112, 1288], [186, 1288], [186, 1318], [112, 1318]], '위해서', 0.9999925668480367), ([[6, 1318], [58, 1318], [58, 1348], [6, 1348]], '키타', 0.9995054847000497), ([[108, 1316], [190, 1316], [190, 1348], [108, 1348]], '많은 겉', 0.5123772581375378), ([[4, 1346], [36, 1346], [36, 1378], [4, 1378]], '장', 0.9559459992090211), ([[98, 1346], [198, 1346], [198, 1378], [98, 1378]], '해주석장', 0.44368305802345276), ([[98, 1374], [172, 1374], [172, 1402], [98, 1402]], '아요:.', 0.4098125994205475), ([[694, 1484], [730, 1484], [730, 1514], [694, 1514]], '00', 0.8920154046484146), ([[834, 1494], [874, 1494], [874, 1522], [834, 1522]], '@~', 0.19959849807921584), ([[832, 1520], [874, 1520], [874, 1550], [832, 1550]], '(~', 0.14190399129468745), ([[828, 1548], [864, 1548], [864, 1578], [828, 1578]], '08', 0.22128240633129415), ([[396, 1566], [492, 1566], [492, 1598], [396, 1598]], '그렇지만', 0.9999601244926453), ([[600, 1568], [674, 1568], [674, 1598], [600, 1598]], '입으로', 0.9997849921868174), ([[394, 1596], [492, 1596], [492, 1626], [394, 1626]], '아저씨는', 0.6735368371009827), ([[588, 1596], [686, 1596], [686, 1628], [588, 1628]], '빨아드려', 0.8923845887184143), ([[394, 1624], [466, 1624], [466, 1652], [394, 1652]], '이미:.', 0.9193980097770691), ([[516, 1624], [552, 1624], [552, 1654], [516, 1654]], '그', 0.9883337145105919), ([[588, 1626], [684, 1626], [684, 1658], [588, 1658]], '주없어요', 0.9970591068267822), ([[724, 1650], [752, 1650], [752, 1676], [724, 1676]], '1', 0.06244053616561751), ([[680, 1642], [734, 1642], [734, 1820], [680, 1820]], "'", 0.012188900019281468), ([[1089, 1778], [1162, 1778], [1162, 1833], [1089, 1833]], "'4애0'", 0.02098316073087529), ([[1064, 1810], [1096, 1810], [1096, 1839], [1064, 1839]], '6', 0.686295469823083), ([[443.6923076923077, 1311.4615384615386], [544.5865999175827, 1290.1317832020386], [554.3076923076923, 1346.5384615384614], [452.4134000824173, 1367.8682167979614]], '아아;', 0.4452101158846214), ([[478.71806521676416, 1352.382389128616], [574.3099878407766, 1335.4388565983072], [581.2819347832358, 1394.617610871384], [485.69001215922344, 1411.5611434016928]], '아아', 0.9996914990084965), ([[460.91611386505843, 1410.3735074356578], [559.5953466191185, 1391.1421781469128], [567.0838861349415, 1448.6264925643422], [469.40465338088154, 1466.8578218530872]], '아아', 0.9985453165863798), ([[696.7873218748183, 1515.1492874992734], [731.6973426092295, 1499.0488674744709], [758.2126781251817, 1564.8507125007266], [723.3026573907705, 1579.9511325255291]], '@', 0.10032134303984108), ([[506.88537292822764, 1656.0893121550114], [560.938442544523, 1647.6466107145447], [571.1146270717724, 1731.9106878449886], [518.061557455477, 1740.3533892854553]], '"', 0.4932768803024068), ([[1164.0063694429277, 1716.414649718734], [1255.3110557330288, 1706.4672547568457], [1257.9936305570723, 1748.585350281266], [1166.6889442669712, 1758.5327452431543]], '@7외', 0.13757989946781668)]
[([[1244, 4], [1272, 4], [1272, 36], [1244, 36]], '곁', 0.9206311278840964), ([[272, 40], [352, 40], [352, 70], [272, 70]], '키타아', 0.9987866360052277), ([[402, 58], [470, 58], [470, 84], [402, 84]], '씨발..', 0.48040518164634705), ([[710, 19], [813, 19], [813, 87], [710, 87]], '저런지량', 0.20157679915428162), ([[1189, 0], [1300, 0], [1300, 103], [1189, 103]], '아쪽', 0.1261357007819417), ([[272, 70], [348, 70], [348, 102], [272, 102]], '아아"', 0.6716406160717425), ([[388, 86], [480, 86], [480, 114], [388, 114]], '난 분명:.', 0.8199433745800419), ([[734, 82], [790, 82], [790, 114], [734, 114]], '가장', 0.9999871030887143), ([[1194, 88], [1294, 88], [1294, 124], [1194, 124]], '흥분하는', 0.938953161239624), ([[386, 112], [489, 112], [489, 148], [386, 148]], '참앗는데!', 0.2627659560520715), ([[724, 110], [800, 110], [800, 142], [724, 142]], '달맞던', 0.10618691770239731), ([[1218, 120], [1294, 120], [1294, 150], [1218, 150]], '바람에', 0.998037010488618), ([[736, 140], [788, 140], [788, 172], [736, 172]], '점은', 0.999331869256114), ([[1195, 147], [1295, 147], [1295, 179], [1195, 179]], '폭주하석', 0.27862170338630676), ([[1010, 160], [1114, 160], [1114, 192], [1010, 192]], '굳통 없이', 0.10238675378902412), ([[1017, 185], [1104, 185], [1104, 222], [1017, 222]], '제 안에', 0.9662586651545816), ([[1218, 180], [1272, 180], [1272, 210], [1218, 210]], '눈데', 0.5741433631023989), ([[648, 208], [744, 208], [744, 240], [648, 240]], '이번에는', 0.9454418420791626), ([[1026, 218], [1098, 218], [1098, 250], [1026, 250]], '넣더니', 0.9951458035769968), ([[670, 238], [726, 238], [726, 268], [670, 268]], '제가', 0.999388841117339), ([[646, 266], [748, 266], [748, 298], [646, 298]], '몇 번이고', 0.748672246179681), ([[30, 310], [82, 310], [82, 340], [30, 340]], '키타', 0.9987912738701049), ([[637, 293], [757, 293], [757, 329], [637, 329]], '가버렇어요', 0.4134745715503406), ([[921, 309], [1039, 309], [1039, 345], [921, 345]], '지난번처럼', 0.9930244439786559), ([[928, 342], [1032, 342], [1032, 374], [928, 374]], '미친 듯이', 0.9045156341118529), ([[932, 370], [1028, 370], [1028, 402], [932, 402]], '적렬하게', 0.2100197970867157), ([[156, 408], [208, 408], [208, 438], [156, 438]], '안돼', 0.36140527113680265), ([[942, 400], [1018, 400], [1018, 432], [942, 432]], '씩스틀', 0.1408717983177893), ([[424, 432], [494, 432], [494, 462], [424, 462]], '아저씨', 0.9999077055544678), ([[920, 428], [1016, 428], [1016, 458], [920, 458]], '햇어요:.', 0.5619859179725821), ([[458, 684], [508, 684], [508, 714], [458, 714]], "'키타-", 0.5788699984550476), ([[15, 717], [117, 717], [117, 753], [15, 753]], '아저씨가', 0.9956165552139282), ([[10, 750], [120, 750], [120, 782], [10, 782]], '정말 오래', 0.8391945337901919), ([[398, 734], [464, 734], [464, 786], [398, 786]], '("', 0.695726248940235), ([[550, 748], [624, 748], [624, 776], [550, 776]], '물론: .', 0.8156374440008367), ([[14, 780], [118, 780], [118, 812], [14, 812]], '참으섞나', 0.73751300573349), ([[550, 776], [624, 776], [624, 808], [550, 808]], '정액도', 0.9998199546233127), ([[653, 755], [725, 755], [725, 817], [653, 817]], '(양', 0.11977049242977864), ([[14, 810], [86, 810], [86, 838], [14, 838]], '화요 ', 0.27664916512662624), ([[408, 786], [440, 786], [440, 864], [408, 864]], '곰', 0.6947446524962153), ([[546, 804], [628, 804], [628, 836], [546, 836]], '제 안에', 0.9851348671704103), ([[550, 834], [624, 834], [624, 862], [550, 862]], '싸버리', 0.9628748748393839), ([[550, 862], [624, 862], [624, 894], [550, 894]], '섞어요', 0.9514376505976097), ([[841, 957], [958, 957], [958, 1006], [841, 1006]], '("77:', 0.39569874784749304), ([[1135, 983], [1225, 983], [1225, 1023], [1135, 1023]], '0"7\'.', 0.3470821482002736), ([[116, 1026], [142, 1026], [142, 1054], [116, 1054]], '0', 0.6367456522441195), ([[481, 1131], [503, 1131], [503, 1151], [481, 1151]], '0', 0.9970363910894129), ([[455, 1147], [485, 1147], [485, 1163], [455, 1163]], '009', 0.5816871145715672), ([[809, 1163], [885, 1163], [885, 1201], [809, 1201]], '6 093', 0.4877879176885879), ([[873, 1187], [901, 1187], [901, 1201], [873, 1201]], '039', 0.13496793165383683), ([[1246, 1114], [1296, 1114], [1296, 1216], [1246, 1216]], '병', 0.06352815709542714), ([[1142, 1320], [1296, 1320], [1296, 1352], [1142, 1352]], '{희들은 노촌', 0.08121445230750261), ([[1173, 1349], [1293, 1349], [1293, 1381], [1173, 1381]], '질내사정올', 0.8753185673492292), ([[1131, 1377], [1273, 1377], [1273, 1413], [1131, 1413]], '맛 본 뒤로는', 0.9742014585966731), ([[1057, 1379], [1099, 1379], [1099, 1445], [1057, 1445]], '(향', 0.0059215986489252505), ([[1218, 1408], [1294, 1408], [1294, 1438], [1218, 1438]], '전으로', 0.9988857292863922), ([[1187, 1435], [1295, 1435], [1295, 1467], [1187, 1467]], '돌아갈 수', 0.5664513121879963), ([[723, 1461], [809, 1461], [809, 1505], [723, 1505]], '용어90', 0.03775465860962868), ([[1170, 1466], [1294, 1466], [1294, 1498], [1170, 1498]], '없제 뒷어요', 0.20619710460571303), ([[712, 1482], [746, 1482], [746, 1512], [712, 1512]], '@', 0.6777420800193098), ([[1132, 1536], [1213, 1536], [1213, 1572], [1132, 1572]], '그래서', 0.9999891944019018), ([[1124, 1568], [1220, 1568], [1220, 1600], [1124, 1600]], '피임약올', 0.7852487564086914), ([[956, 1604], [1054, 1604], [1054, 1634], [956, 1634]], '그 뒤로: ', 0.4049093427035317), ([[1148, 1598], [1200, 1598], [1200, 1628], [1148, 1628]], '먹기', 0.9866242453140581), ([[579, 1619], [711, 1619], [711, 1655], [579, 1655]], '니지카 선배,', 0.7182582960596208), ([[806, 1632], [854, 1632], [854, 1656], [806, 1656]], '아:', 0.6762615347371954), ([[960, 1634], [1056, 1634], [1056, 1664], [960, 1664]], '아저씨도', 0.9985156655311584), ([[1112, 1626], [1228, 1626], [1228, 1658], [1112, 1658]], '시작햇고: ', 0.6640745628960474), ([[594, 1652], [702, 1652], [702, 1682], [594, 1682]], '저 있다가', 0.7139080263269061), ([[748, 1658], [856, 1658], [856, 1690], [748, 1690]], '조금 오래', 0.9995785994222097), ([[968, 1659], [1049, 1659], [1049, 1695], [968, 1695]], '색스틀', 0.26594598574452244), ([[598, 1680], [696, 1680], [696, 1710], [598, 1710]], '아저씨틀', 0.32774829864501953), ([[742, 1688], [862, 1688], [862, 1720], [742, 1720]], '얘기햇네요', 0.7783500864997606), ([[956, 1690], [1064, 1690], [1064, 1722], [956, 1722]], '할 때마다', 0.9777690281088071), ([[574, 1708], [722, 1708], [722, 1738], [574, 1738]], '보기로 해서: .', 0.6745011653652137), ([[158, 1730], [202, 1730], [202, 1754], [158, 1754]], '키:;', 0.33148734971315924), ([[946, 1720], [1072, 1720], [1072, 1752], [946, 1752]], '근듬올 쓰지', 0.3615164816937304), ([[126, 1756], [240, 1756], [240, 1788], [126, 1788]], '키타 장 .!', 0.5816782025723796), ([[332, 1742], [384, 1742], [384, 1790], [332, 1790]], "50'", 0.8311296453195917), ([[606, 1738], [688, 1738], [688, 1768], [606, 1768]], '저 먼저', 0.9743055577464835), ([[936, 1750], [1056, 1750], [1056, 1780], [936, 1780]], '않앗어요:', 0.6576048183878613), ([[574, 1766], [720, 1766], [720, 1798], [574, 1798]], '가바야켓어요', 0.24143190070136433), ([[628.330410519993, 643.0450378479484], [663.5289302729676, 633.0280554341044], [687.669589480007, 726.9549621520516], [652.4710697270324, 736.9719445658956]], '흙', 0.12449792080846933), ([[1031.7805784783006, 874.4147520217908], [1070.5285829670158, 867.7102581215804], [1074.2194215216994, 890.5852479782092], [1035.4714170329842, 897.2897418784196]], '1', 0.26279524674636434), ([[20.43926240134208, 1043.9271148816106], [125.56242105963123, 1027.1808913738053], [130.5607375986579, 1062.0728851183894], [24.437578940368766, 1078.8191086261947]], '67/.', 0.28979867696762085), ([[382.7639320225002, 1142.5278640450003], [458.86144837504554, 1127.823647304398], [465.2360679774998, 1171.4721359549997], [389.13855162495446, 1185.176352695602]], '5020', 0.37831103801727295), ([[96.10116772343203, 1358.0677069746514], [177.7052285889203, 1381.1424837152354], [160.89883227656796, 1435.9322930253486], [80.29477141107968, 1412.8575162847646]], '"씨', 0.03739941719710304)]
