2755705
17
[]
[([[1002, 131], [1188, 131], [1188, 229], [1002, 229]], '엄청?', 0.14837723970413208), ([[68, 227], [387, 227], [387, 335], [68, 335]], '대손기분', 0.9859349727630615), ([[950, 211], [1223, 211], [1223, 320], [950, 320]], '라놔네9', 0.08177747577428818), ([[88, 316], [360, 316], [360, 420], [88, 420]], '종앉지9', 0.16332264244556427), ([[52, 504], [262, 504], [262, 606], [52, 606]], '쌓이면', 0.9954880640310603), ([[20, 591], [301, 591], [301, 691], [20, 691]], '알려쥐~?', 0.42022946606692274), ([[350, 1092], [476, 1092], [476, 1180], [350, 1180]], '딱', 0.005864681709440767), ([[254, 1800], [424, 1800], [424, 1896], [254, 1896]], '내몸', 0.4083465225305536), ([[199, 1887], [482, 1887], [482, 1977], [199, 1977]], '쓰제해출', 0.5253052115440369), ([[204, 1970], [466, 1970], [466, 2068], [204, 2068]], '테니짜9', 0.05761101469397545), ([[49, 2117], [399, 2117], [399, 2209], [49, 2209]], '네;. 네에)', 0.2212047961666147), ([[460.17960583409956, 1127.0421765907658], [551.9996753707873, 1182.9279308525154], [516.8203941659004, 1239.9578234092342], [425.0003246292127, 1184.0720691474846]], '@답드', 0.11225527374349067), ([[721.2584475620845, 1237.0250239188497], [882.9943422101641, 1324.6472403568932], [835.7415524379155, 1406.9749760811503], [674.0056577898359, 1319.3527596431068]], '대8@<', 0.04947467802631194)]
[]
[]
[]
[]
[]
[]
[]
[([[455, 119], [547, 119], [547, 215], [455, 215]], '뭐', 0.9637908362600491), ([[1395, 132], [1553, 132], [1553, 242], [1395, 242]], '역세_', 0.19395635648321743), ([[345, 201], [667, 201], [667, 311], [345, 311]], '놔눈 수영', 0.3746297502056816), ([[1302, 230], [1648, 230], [1648, 332], [1302, 332]], '모랫무과~', 0.3381259927439427), ([[346, 289], [675, 289], [675, 401], [346, 401]], '못화지만', 0.39403924345970154), ([[1259, 313], [1681, 313], [1681, 424], [1259, 424]], '수영 시간 때', 0.3303743662872974), ([[1911, 339], [2091, 339], [2091, 447], [1911, 447]], '저키', 0.12072181980688805), ([[391, 381], [623, 381], [623, 489], [391, 489]], "'처음에", 0.4014991619104664), ([[1248, 403], [1697, 403], [1697, 513], [1248, 513]], '유연체조하}', 0.32946475125955843), ([[1863, 459], [1907, 459], [1907, 503], [1863, 503]], '0', 0.8646861686327298), ([[1919, 428], [2154, 428], [2154, 536], [1919, 536]], '@문음', 0.22739813762879743), ([[344, 472], [676, 472], [676, 576], [344, 576]], '만 내님', 0.1795180098428378), ([[1261, 495], [1517, 495], [1517, 603], [1261, 603]], '전마량_', 0.03498305007815361), ([[1911, 515], [2078, 515], [2078, 627], [1911, 627]], '순영', 0.81031437088023), ([[356, 568], [664, 568], [664, 664], [356, 664]], '느낌으로', 0.8284171093537642), ([[1353, 587], [1588, 587], [1588, 691], [1353, 691]], '군밖에', 0.5742302675396984), ([[1874, 607], [2120, 607], [2120, 711], [1874, 711]], '잘합례', 0.03616395728475082), ([[395, 651], [633, 651], [633, 761], [395, 761]], '하거든', 0.22943554356275433), ([[1309, 679], [1647, 679], [1647, 779], [1309, 779]], '없으리까', 0.581079363822937), ([[1890, 702], [2122, 702], [2122, 802], [1890, 802]], '높은데', 0.1687229722738266), ([[53, 731], [379, 731], [379, 841], [53, 841]], '아니 뭐: :', 0.4911529133478888), ([[1671, 763], [1759, 763], [1759, 855], [1671, 855]], '어:', 0.9956450514153729), ([[48, 830], [394, 830], [394, 930], [48, 930]], '그 모것도', 0.4268168615820755), ([[1598, 779], [2109, 779], [2109, 967], [1598, 967]], "'아언네 ? 맞지?", 0.33102012192964053), ([[34, 920], [342, 920], [342, 1018], [34, 1018]], '중요하조', 0.9992114305496216), ([[1594, 944], [1892, 944], [1892, 1042], [1594, 1042]], '일단은 .', 0.8562801702193406)]
[([[314, 70], [639, 70], [639, 182], [314, 182]], '어랍 매번', 0.14694927975710556), ([[1586, 100], [2203, 100], [2203, 212], [1586, 212]], '어이어이멋다 돼어', 0.09403644907748865), ([[124, 159], [823, 159], [823, 273], [124, 273]], '육연체조화눈사람음', 0.26227727366326253), ([[1481, 189], [2303, 189], [2303, 303], [1481, 303]], '배려인지 호기심 때문인체', 0.8503649087069075), ([[167, 253], [786, 253], [786, 362], [167, 362]], '마량 얘분일지도:)', 0.09341451120730486), ([[1493, 280], [2297, 280], [2297, 394], [1493, 394]], '과 같은 밑바닥인 놈한례', 0.07168836491125824), ([[1497, 371], [2298, 371], [2298, 482], [1497, 482]], '전혀 흥미모 관심되 없충', 0.1592163660303481), ([[103, 423], [853, 423], [853, 535], [103, 535]], '왜8 순영되안 하면서?', 0.2484280030465866), ([[1497, 463], [2303, 463], [2303, 571], [1497, 571]], '환제 던지고 반응 보려늄', 0.6541599415070987), ([[233, 609], [317, 609], [317, 653], [233, 653]], '09', 0.39984011470118114), ([[319, 574], [698, 574], [698, 690], [319, 690]], '이처야말로', 0.37584745731158753), ([[1629, 552], [2165, 552], [2165, 664], [1629, 664]], '녀적이 다고::', 0.49613340546942475), ([[61, 667], [855, 667], [855, 779], [61, 779]], '마량 얘기하기 위한 화제', 0.6643116507068146), ([[1584, 686], [2210, 686], [2210, 811], [1584, 811]], '순영저; 저, 절대로', 0.5135766118520934), ([[133, 756], [792, 756], [792, 877], [133, 877]], '만큼기가 아날까:  ?', 0.18653832882265892), ([[1692, 792], [2102, 792], [2102, 892], [1692, 892]], '관심 없잖아:', 0.4398468526860991), ([[1608, 880], [2188, 880], [2188, 985], [1608, 985]], '뛰야; 수만 번다니', 0.08859720128293815), ([[169, 921], [741, 921], [741, 1033], [169, 1033]], '켓속 대화틀 나물', 0.14212490124522645), ([[1616, 970], [2190, 970], [2190, 1074], [1616, 1074]], '애초에 할 때마다', 0.8674331899301688), ([[104, 1008], [810, 1008], [810, 1128], [104, 1128]], '기회틀 찾기 위해서: ;', 0.3450556335117844), ([[1581, 1055], [2219, 1055], [2219, 1168], [1581, 1168]], '하는 게 당연하잔아', 0.2667085432029454), ([[204, 1168], [656, 1168], [656, 1296], [204, 1296]], '그 말은 날', 0.6393014188809043), ([[1663, 1147], [2133, 1147], [2133, 1257], [1663, 1257]], '빼먹늄애들이', 0.7084743207806111), ([[1627, 1236], [2177, 1236], [2177, 1349], [1627, 1349]], '이상한 터라고:)', 0.07837871477975791), ([[145, 1278], [708, 1278], [708, 1412], [145, 1412]], '좋아한다는:.', 0.7988009262232496)]
[([[946, 80], [1184, 80], [1184, 182], [946, 182]], '간슴 봄', 0.26677370860939187), ([[932, 164], [1203, 164], [1203, 267], [932, 267]], '첫만으로', 0.9421643018722534), ([[108, 264], [262, 264], [262, 364], [108, 364]], '정말', 0.9997027090754914), ([[964, 250], [1168, 250], [1168, 352], [964, 352]], '인렇제', 0.7905136244341989), ([[47, 345], [329, 345], [329, 453], [47, 453]], '좋아한다', 0.9095849990844727), ([[944, 338], [1202, 338], [1202, 438], [944, 438]], '커+네9', 0.11782728135585785), ([[78, 436], [284, 436], [284, 536], [78, 536]], '미까9', 0.2629656206570081), ([[16, 516], [360, 516], [360, 620], [16, 620]], '그만큼이나', 0.9769049946687135), ([[22, 605], [355, 605], [355, 705], [22, 705]], '날 좋아해?', 0.6914673350624309), ([[80, 692], [284, 692], [284, 792], [80, 792]], '아하9', 0.968759568995967), ([[859, 973], [1203, 973], [1203, 1063], [859, 1063]], '아앗 선의로', 0.5985439165064389), ([[820, 1053], [1244, 1053], [1244, 1149], [820, 1149]], '말 걸어온 거유', 0.9961742955365757), ([[851, 1143], [1201, 1143], [1201, 1235], [851, 1235]], '금발 가루의', 0.9950493796691546), ([[815, 1226], [1243, 1226], [1243, 1318], [815, 1318]], '대딸 기분 좋앗', 0.3684134545638951), ([[68, 1820], [419, 1820], [419, 1916], [68, 1916]], '쌀 거듭야?', 0.11018266866403809), ([[138, 1906], [290, 1906], [290, 2004], [138, 2004]], '좋아<', 0.09866615653659898), ([[104, 2048], [542, 2048], [542, 2146], [104, 2146]], '날 보현세만큼', 0.3152381564646031), ([[46, 2129], [529, 2129], [529, 2229], [46, 2229]], '자지밀크진보자<', 0.0734848734612273), ([[278.91936183808474, 1100.0839157637422], [380.5081867837571, 1116.4225002836606], [369.08063816191526, 1177.9160842362578], [266.4918132162429, 1161.5774997163394]], '그 ;', 0.13506358861923218), ([[827.0041067935323, 1627.0451747288553], [1008.6749531265293, 1667.345687330701], [983.9958932064677, 1758.9548252711447], [802.3250468734707, 1718.654312669299]], '팀처', 0.027051252287212085), ([[653.0147185498714, 1705.0486573537019], [830.6853020891579, 1740.511039686585], [809.9852814501286, 1825.9513426462981], [632.3146979108421, 1791.488960313415]], '상어', 0.012304183657333002)]
[([[1040, 0], [1200, 0], [1200, 142], [1040, 142]], '@', 0.998950399346942), ([[138, 20], [336, 20], [336, 270], [138, 270]], '(죄', 0.02252730985457259), ([[212, 252], [338, 252], [338, 410], [212, 410]], '약', 0.17113132906134698), ([[1096, 134], [1198, 134], [1198, 390], [1096, 390]], '움', 0.7534232251894082), ([[260, 404], [339, 404], [339, 559], [260, 559]], '7', 0.004406607294784648), ([[0, 719], [255, 719], [255, 971], [0, 971]], '050', 0.3446157575351319), ([[169, 935], [319, 935], [319, 1051], [169, 1051]], '7', 0.08759204473608762), ([[292, 992], [527, 992], [527, 1169], [292, 1169]], '군%0', 0.11319210436234338), ([[11.529541977280399, 266.00553403441694], [151.39596197957627, 226.0039200313979], [284.4704580227196, 730.994465965583], [144.60403802042373, 770.9960799686021]], '8', 0.02705920025150821), ([[993.52260070973, 264.0071237759542], [1106.45607379569, 240.06639246430663], [1181.4773992902701, 630.9928762240459], [1068.54392620431, 654.9336075356933]], '올', 0.05185102010255438), ([[273.0245980279337, 1479.0280056860458], [380.5778970972466, 1419.009825340951], [513.9754019720664, 1686.9719943139542], [405.4221029027534, 1746.990174659049]], '중', 0.025893009716529747), ([[572.3145485392434, 1593.0167902005674], [793.9048485447762, 1722.370525561159], [731.6854514607566, 1824.9832097994326], [510.09515145522386, 1695.629474438841]], "7'", 0.03226471872553998)]
[([[1002, 131], [1188, 131], [1188, 229], [1002, 229]], '엄청?', 0.14208142459392548), ([[69, 229], [386, 229], [386, 334], [69, 334]], '대손기분', 0.8490373492240906), ([[950, 211], [1225, 211], [1225, 320], [950, 320]], '라화네9', 0.061345163732767105), ([[88, 316], [360, 316], [360, 420], [88, 420]], '종앉지9', 0.15487627685070038), ([[52, 504], [262, 504], [262, 606], [52, 606]], '쌓이면', 0.9950112698222329), ([[20, 591], [301, 591], [301, 691], [20, 691]], '알려쥐~?', 0.4746729236249676), ([[356, 1100], [472, 1100], [472, 1172], [356, 1172]], '대,0', 0.003932676427337634), ([[536, 1182], [584, 1182], [584, 1230], [536, 1230]], '0', 0.6826119693587316), ([[698, 1271], [802, 1271], [802, 1347], [698, 1347]], '대', 0.8961843066228461), ([[254, 1800], [424, 1800], [424, 1896], [254, 1896]], '내몸', 0.5407764429623305), ([[199, 1887], [483, 1887], [483, 1977], [199, 1977]], '쓰제해출', 0.5788397192955017), ([[204, 1970], [466, 1970], [466, 2068], [204, 2068]], '테니짜9', 0.05385095253586769), ([[49, 2117], [399, 2117], [399, 2209], [49, 2209]], '네;. 네에)', 0.3181271134545266), ([[460.16252172385566, 1128.0439563766288], [553.997131645427, 1181.7857911166404], [519.8374782761443, 1238.9560436233712], [426.002868354573, 1185.2142088833596]], '65 ', 0.1912541687488556), ([[786.3446046887868, 1299.0359026679605], [858.820855000872, 1360.544786249782], [823.6553953112132, 1401.9640973320395], [751.179144999128, 1339.455213750218]], ' ?', 0.07899126259780334)]
[([[345, 93], [449, 93], [449, 183], [345, 183]], '92', 0.16697513302203051), ([[1467.1488374339874, 177.01907477791931], [1742.92550213209, 292.31911658695253], [1676.8511625660126, 437.9809252220807], [1401.07449786791, 322.68088341304747]], '0 0', 0.9905190467834473)]
[([[946, 80], [1184, 80], [1184, 182], [946, 182]], '간슴 봄', 0.2269748234495832), ([[932, 165], [1205, 165], [1205, 269], [932, 269]], '첫만으로', 0.835552453994751), ([[108, 264], [262, 264], [262, 364], [108, 364]], '정말', 0.9996233965356259), ([[964, 254], [1168, 254], [1168, 352], [964, 352]], '인렇제', 0.38071256193871467), ([[47, 345], [329, 345], [329, 453], [47, 453]], '좋아한다', 0.8976300358772278), ([[944, 337], [1204, 337], [1204, 437], [944, 437]], '커려네9', 0.04416033625602722), ([[78, 436], [284, 436], [284, 534], [78, 534]], '니까이', 0.11194857984231613), ([[12, 510], [362, 510], [362, 624], [12, 624]], '그만큼이나', 0.9655469736082897), ([[22, 606], [356, 606], [356, 706], [22, 706]], '날 좋아해?', 0.5847326004162361), ([[80, 692], [282, 692], [282, 792], [80, 792]], '아하9', 0.9617045517871807), ([[827, 951], [1176, 951], [1176, 1050], [827, 1050]], '아앗 선의로', 0.9678222188743216), ([[861, 1041], [1147, 1041], [1147, 1131], [861, 1131]], '말 걸어온', 0.9803977670217857), ([[750, 1122], [1248, 1122], [1248, 1221], [750, 1221]], '{유 금발 가루의', 0.343441742183881), ([[787, 1213], [1219, 1213], [1219, 1303], [787, 1303]], '대딸 기분 종앗', 0.734837395158669), ([[68, 1820], [420, 1820], [420, 1916], [68, 1916]], '쌀 거칠야3', 0.07988615408099083), ([[136, 1904], [290, 1904], [290, 2004], [136, 2004]], '좋아듣', 0.119399488611063), ([[104, 2048], [542, 2048], [542, 2146], [104, 2146]], '날 보현세만큼', 0.29951948328528927), ([[46, 2130], [530, 2130], [530, 2232], [46, 2232]], '자지밀크진보자트', 0.09745722894697365), ([[212.89568473925152, 1077.0611626532639], [388.54084337507396, 1102.0046189403838], [373.1043152607485, 1186.9388373467361], [197.45915662492607, 1161.9953810596162]], '2', 0.7138595555070459), ([[826.0607740540433, 1630.0442049728592], [1005.7348688842859, 1668.712571792217], [982.9392259459567, 1755.9557950271408], [803.2651311157141, 1716.287428207783]], '처', 0.01171878668062143), ([[655.0336698260726, 1704.0467992085482], [831.6551093661251, 1738.3963750023931], [810.9663301739274, 1826.9532007914518], [634.3448906338749, 1791.6036249976069]], '단어', 0.0039025006346983895)]
[([[1038, 0], [1200, 0], [1200, 142], [1038, 142]], '@', 0.3810024626368166), ([[138, 20], [336, 20], [336, 270], [138, 270]], '(죄', 0.02218222044846842), ([[1098, 134], [1198, 134], [1198, 322], [1098, 322]], '올', 0.42268634346962486), ([[212, 254], [338, 254], [338, 410], [212, 410]], '약', 0.035303472681072146), ([[1117, 313], [1181, 313], [1181, 385], [1117, 385]], '0', 0.9368715597893242), ([[260, 404], [339, 404], [339, 559], [260, 559]], '7', 0.004901980009981488), ([[0, 717], [255, 717], [255, 971], [0, 971]], '03', 0.5210309705452336), ([[167, 937], [315, 937], [315, 1047], [167, 1047]], ':_', 0.022607218398517467), ([[290, 999], [530, 999], [530, 1171], [290, 1171]], '70', 0.08173159113739813), ([[539, 1579], [775, 1579], [775, 1809], [539, 1809]], '월', 0.012309315720848923), ([[11.530645729911944, 268.0055080942488], [150.3928514994155, 226.00385867975007], [290.46935427008805, 733.9944919057511], [150.6071485005845, 774.99614132025]], '%', 0.16646555017450737), ([[993.52260070973, 264.0071237759542], [1106.45607379569, 240.06639246430663], [1181.4773992902701, 630.9928762240459], [1068.54392620431, 654.9336075356933]], '올', 0.05670175395933175), ([[343.71914223619086, 1600.1744245352406], [443.4867113761777, 1553.4108655575722], [498.28085776380914, 1694.8255754647594], [398.5132886238223, 1741.5891344424278]], '딴', 0.043127876174528845)]
