2757109
34
[([[720, 296], [1204, 296], [1204, 346], [720, 346]], '(남자() 누군가햇다니 사나에쌓이않아]', 0.1295747263032599), ([[862, 334], [1204, 334], [1204, 384], [862, 384]], '요즘 안보여세걱정해다구~', 0.26965186008059505), ([[720, 398], [1246, 398], [1246, 448], [720, 448]], '(사나에) 너네들 아침도 그려고다니논거야?', 0.18662601050178715), ([[718, 430], [1120, 430], [1120, 484], [718, 484]], '(남사2) 에이 드럽체 말하지말고', 0.09621867483889796), ([[714, 496], [1280, 496], [1280, 552], [714, 552]], '(남자3) 맞아맞아 옛날보다 양전해져다니7?', 0.28258437617740273), ([[127, 689], [538, 689], [538, 746], [127, 746]], '(남자0 그것보다 아까 그 애 대신', 0.7370847814726522), ([[220, 728], [377, 728], [377, 778], [220, 778]], "'상대종 해쥐", 0.17089743829655382), ([[127, 790], [554, 790], [554, 840], [127, 840]], '(사나에)하아? 무슨 소리 하느거야', 0.8652350158556006)]
[([[358, 275], [941, 275], [941, 343], [358, 343]], '(사나에) 웃기관 앉아앗네 진짜}]', 0.1229044469049793), ([[359, 323], [759, 323], [759, 387], [359, 387]], '(남자?) 따아아아아;', 0.09792480053719443)]
[([[108, 54], [334, 54], [334, 108], [108, 108]], '(사나에)너학들로', 0.11677661210868197), ([[202, 94], [470, 94], [470, 144], [202, 144]], '더네들답해없년 말울', 0.019058407781423207), ([[240, 131], [472, 131], [472, 182], [240, 182]], '일친 안앗켓지33', 0.05714839272823766), ([[40, 194], [344, 194], [344, 244], [40, 244]], '(남자2저지 사나에장', 0.2308219948827315), ([[152, 232], [392, 232], [392, 282], [152, 282]], '나머지논 호텔에서', 0.5337114589637288), ([[486, 1098], [826, 1098], [826, 1148], [486, 1148]], '(사나에) 한발 빼야되잡야', 0.5434848061975994), ([[487, 1143], [537, 1143], [537, 1181], [487, 1181]], '[쓰', 0.5324892306871013), ([[552, 1142], [582, 1142], [582, 1180], [552, 1180]], '욕', 0.17509506329020397), ([[656, 1146], [706, 1146], [706, 1178], [656, 1178]], '0]', 0.5925345108792166), ([[485, 1207], [808, 1207], [808, 1258], [485, 1258]], '(남사2) 으으 . 오오욕...!', 0.16475260663290162)]
[([[123, 45], [293, 45], [293, 129], [123, 129]], '[출렁6(', 0.03606366807801645), ([[328, 52], [499, 52], [499, 126], [328, 126]], '스@응하', 0.07872778177261353), ([[536, 48], [868, 48], [868, 125], [536, 125]], '스으음어 스우0]', 0.038609166094309505), ([[131, 177], [511, 177], [511, 241], [131, 241]], '(남자고)유오 3 유양 ', 0.01537590113219681), ([[292, 218], [469, 218], [469, 293], [292, 293]], "'엄청나]", 0.2547822867490244), ([[576, 932], [887, 932], [887, 995], [576, 995]], '(사과에)하? 이건든', 0.14557397140467343), ([[697, 977], [985, 977], [985, 1041], [697, 1041]], '옛갈이랑 틀리다고', 0.6466786664585645), ([[561, 1023], [979, 1023], [979, 1083], [561, 1083]], '(남사고)자지논 제발 살살.', 0.2607224560533304), ([[785, 1068], [1009, 1068], [1009, 1130], [785, 1130]], '부드럽게 해주', 0.7295908127479218), ([[580, 1158], [792, 1158], [792, 1212], [580, 1212]], '(사나에) 무리', 0.8358482171251429)]
[([[25, 67], [384, 67], [384, 224], [25, 224]], '[주움육유품울울드', 0.006268268635079275), ([[556, 968], [1020, 968], [1020, 1046], [556, 1046]], '(남사2) 오오오333.3330', 0.006203665420846462), ([[744, 1027], [934, 1027], [934, 1112], [744, 1112]], '크으음633', 0.0037447779798742134)]
[([[57, 58], [400, 58], [400, 108], [57, 108]], '(사나에) 뛰야 , 아까까지의', 0.5086588955671859), ([[129, 101], [421, 101], [421, 143], [129, 143]], '그 기세논 어디간건데?', 0.7243501571749571), ([[55, 157], [333, 157], [333, 217], [55, 217]], '[출렁어 스우어 스욕', 0.09038861866751144), ([[59, 204], [240, 204], [240, 254], [59, 254]], '[스으으으으욕', 0.6489526847188234), ([[60, 274], [236, 274], [236, 322], [60, 322]], '(남사?) 아아.', 0.6163519521452836), ([[58, 312], [300, 312], [300, 362], [58, 362]], '(남사2) 아니 진짜', 0.4457636435495004), ([[868, 312], [1116, 312], [1116, 364], [868, 364]], '(남사2) 그것보다 3', 0.21288897597815765), ([[142, 346], [330, 346], [330, 396], [142, 396]], '사나에장 가슴', 0.9807918150690954), ([[962, 350], [1192, 350], [1192, 399], [962, 399]], '전보다 커진거야?', 0.475277603209018), ([[136, 386], [410, 386], [410, 438], [136, 438]], '존나 위험하다니까 5', 0.6452500296023677), ([[868, 420], [1160, 420], [1160, 470], [868, 470]], '(사나에) 그거야 그렇지', 0.8896912816740755), ([[868, 460], [1294, 460], [1294, 510], [868, 510]], '(남자2) 키논 하나도 안컷으면서.', 0.2838312775839308), ([[871, 533], [1037, 533], [1037, 573], [871, 573]], '(사나에) 뭐?', 0.9702851371212), ([[865, 561], [1049, 561], [1049, 627], [865, 627]], '[출렁출령0', 0.28362738676032995), ([[1081, 563], [1267, 563], [1267, 623], [1081, 623]], '문질문질 ~ ]', 0.38595455379098376), ([[868, 638], [1038, 638], [1038, 688], [868, 688]], '(남자2) 크약', 0.5911845573076479), ([[928, 676], [1134, 676], [1134, 726], [928, 726]], '농담이야 농담.', 0.8211398937531658)]
[([[87, 47], [438, 47], [438, 102], [87, 102]], '(남자2) 하아요하아요훈:', 0.02334714921027318), ([[88, 90], [386, 90], [386, 140], [88, 140]], '(사나에)이제 한계야?', 0.8094706813052238), ([[84, 166], [341, 166], [341, 228], [84, 228]], '(남자2) 아다`?', 0.02359800876200594), ([[88, 247], [303, 247], [303, 291], [88, 291]], '(사나에) 아 그래', 0.2806188363651174), ([[86, 284], [398, 284], [398, 340], [86, 340]], '[속속속속속속000]', 0.4929696482273686), ([[823, 423], [1010, 423], [1010, 474], [823, 474]], '(남사?) 크욕}', 0.01943029956442158), ([[826, 468], [906, 468], [906, 522], [826, 522]], '[출령', 0.4452795900239528), ([[936, 468], [1076, 468], [1076, 518], [936, 518]], '쓰으음0]', 0.15192059538499939), ([[826, 512], [1000, 512], [1000, 568], [826, 568]], '[춤우으운운움', 0.012988631678978044), ([[826, 596], [1034, 596], [1034, 648], [826, 648]], '(남사2) @으올교', 0.05175457404544285)]
[([[65, 99], [441, 99], [441, 183], [65, 183]], '(남자2)간다 ', 0.05829315729374302), ([[83, 431], [251, 431], [251, 475], [83, 475]], '(사나에) 오오', 0.6322295936625616), ([[750, 268], [811, 268], [811, 541], [750, 541]], '물', 0.22939480946961854), ([[755, 541], [804, 541], [804, 688], [755, 688]], '틀', 0.4568316009398501)]
[([[101, 269], [399, 269], [399, 329], [101, 329]], '(남자고사나에장', 0.40619695700696395), ([[173, 315], [341, 315], [341, 375], [173, 375]], '미처논데.', 0.29871187074801514), ([[102, 370], [330, 370], [330, 426], [102, 426]], '(사나에) 흐양', 0.4410855706283083), ([[712, 740], [1069, 740], [1069, 808], [712, 808]], '(남자(, 3) 오오오요소', 0.13020019903206226), ([[735, 798], [1065, 798], [1065, 870], [735, 870]], '[짝짝짝짝짝짝]', 0.6279017803466943)]
[([[838, 134], [1282, 134], [1282, 212], [838, 212]], '(남자이)그럼 다음음 나', 0.24409241170067533), ([[842, 186], [1166, 186], [1166, 267], [842, 267]], '(사-나에) 워에?', 0.21626682706575412), ([[42, 324], [448, 324], [448, 376], [42, 376]], '(남사3) 할 많이 생겨나보네다', 0.20685930226517227)]
[([[39, 43], [211, 43], [211, 107], [39, 107]], '[스유  ]', 0.08346267126552617), ([[39, 93], [355, 93], [355, 155], [39, 155]], '(사나에) 야 잠깐해', 0.28523238775111454), ([[74, 1012], [462, 1012], [462, 1066], [74, 1066]], '(남사() 입구만 화도 앞켓네', 0.3501989170620417), ([[109, 1050], [526, 1050], [526, 1115], [109, 1115]], "'이거 무조건 기분 좋음건라-고:", 0.14817173323701344), ([[117, 1133], [509, 1133], [509, 1193], [117, 1193]], '(사나에) 멋대로 밀어넣', 0.5265603435316927), ([[266, 1180], [416, 1180], [416, 1232], [266, 1232]], '말라고심', 0.09613312780857086)]
[([[870, 328], [1198, 328], [1198, 378], [870, 378]], '(남자이)그런말 _하지말고~', 0.38945648765467167), ([[962, 364], [1188, 364], [1188, 416], [962, 416]], '좋은계 좋은거찮야', 0.49434986227364675), ([[878, 426], [1278, 426], [1278, 476], [878, 476]], '(사나에) 쓸데없는 소리하지 말고', 0.9534419680392268), ([[985, 467], [1247, 467], [1247, 511], [985, 511]], '빨리 집에가 집에가', 0.9887926486995519), ([[874, 536], [1196, 536], [1196, 584], [874, 584]], '(남사2) 에~ .. 안낮이네', 0.43069223211347635)]
[([[247, 61], [495, 61], [495, 129], [247, 129]], '[스으옥 . 주름', 0.18098567615797417), ([[638, 63], [724, 63], [724, 126], [638, 126]], '0값', 0.24124112066626774), ([[696, 258], [984, 258], [984, 310], [696, 310]], '[)림전림00]', 0.0055237871702462265), ([[701, 303], [858, 303], [858, 354], [701, 354]], '(사나에)양', 0.4418431443498026), ([[882, 324], [922, 324], [922, 350], [882, 350]], '63)', 0.061768319409569825), ([[917, 306], [1017, 306], [1017, 348], [917, 348]], '하아양-', 0.4111589193344116), ([[700, 390], [992, 390], [992, 442], [700, 442]], '(남잔이%:5 아아 3', 0.01802699364289375), ([[699, 473], [1147, 473], [1147, 533], [699, 533]], '(사나에)진차료 넘어버월 출운옷', 0.012420412173450664), ([[698, 564], [872, 564], [872, 618], [698, 618]], '[속울 30]', 0.08670872480256485), ([[700, 606], [872, 606], [872, 660], [700, 660]], '(남사이욕', 0.7405195835303134), ([[799, 648], [1032, 648], [1032, 704], [799, 704]], '여기까제 와-면', 0.23345277109842877), ([[802, 688], [1110, 688], [1110, 740], [802, 740]], '하눈순 방에 없잡아', 0.19114494003946084)]
[([[21, 125], [85, 125], [85, 311], [21, 311]], '팔', 0.003496626297394556), ([[483, 229], [613, 229], [613, 267], [483, 267]], '(산나에)앗-', 0.4675391151162017), ([[630, 232], [688, 232], [688, 262], [630, 262]], '아아', 0.9985050416131902), ([[479, 324], [761, 324], [761, 367], [479, 367]], '(남사()아아~~위험해', 0.3739789644572503), ([[24, 366], [74, 366], [74, 416], [24, 416]], '파', 0.9992391126879738), ([[569, 357], [743, 357], [743, 397], [569, 397]], '존나게 3 전이네', 0.04073630537912441), ([[481, 427], [551, 427], [551, 467], [481, 467]], '[수컷', 0.09154422942872727), ([[575, 425], [719, 425], [719, 469], [575, 469]], '땅} 땅)]', 0.07720370301182683), ([[481, 463], [645, 463], [645, 499], [481, 499]], '(사나에)소리._', 0.7638789502661358), ([[547, 492], [665, 492], [665, 535], [547, 535]], '숨길 생각', 0.8831901795731252), ([[545, 523], [681, 523], [681, 567], [545, 567]], '없논거지. (', 0.06803949071648228), ([[479, 595], [689, 595], [689, 635], [479, 635]], '(남사시)괜찮다니까', 0.32922299578629827), ([[548, 620], [836, 620], [836, 668], [548, 668]], '해초부터}  논컷이 무리라고', 0.18987091443096937)]
[([[1, 59], [197, 59], [197, 103], [1, 103]], '(사나에) 후우. ..', 0.40466314643444207), ([[107, 97], [231, 97], [231, 141], [107, 141]], '후우.. 하', 0.49339161362017503), ([[499, 333], [583, 333], [583, 373], [499, 373]], '[과악', 0.9095571159558796), ([[616, 330], [768, 330], [768, 378], [616, 378]], '과악히0]', 0.05210991504300643), ([[497, 365], [650, 365], [650, 416], [497, 416]], '(남자이) 크욕', 0.18325502150316844), ([[563, 411], [679, 411], [679, 451], [563, 451]], '조인다 .3', 0.07197479225667178), ([[498, 464], [858, 464], [858, 514], [498, 514]], '(사나에) 여유가 없는건 아냐', 0.26326232244596975), ([[496, 534], [694, 534], [694, 582], [496, 582]], '(남사이) 웬장 ', 0.18238640060278583), ([[498, 594], [548, 594], [548, 642], [498, 642]], '[속', 0.8872924333780404), ([[581, 599], [655, 599], [655, 641], [581, 641]], '땅판', 0.3096263554174061), ([[686, 596], [812, 596], [812, 644], [686, 644]], '땅땅0]', 0.22999033331871033), ([[499, 637], [693, 637], [693, 681], [499, 681]], '(사나에)하양]-', 0.03149614488796877), ([[56, 1000], [382, 1000], [382, 1050], [56, 1050]], '(남사() 사나에장이끌말로', 0.24660968436612266), ([[122, 1048], [154, 1048], [154, 1076], [122, 1076]], '이', 0.9997273869368009), ([[148, 1036], [466, 1036], [466, 1088], [148, 1088]], '려계나 자시름 초여오는데', 0.09821739524022137), ([[120, 1074], [274, 1074], [274, 1122], [120, 1122]], '천박하않아.', 0.27647919196289084), ([[58, 1132], [264, 1132], [264, 1184], [58, 1184]], '(사나에) 우후춧 .', 0.34685048359160997), ([[167, 1179], [317, 1179], [317, 1219], [167, 1219]], '건방지긴', 0.9524036645889282)]
[([[16, 102], [239, 102], [239, 152], [16, 152]], '(사나에) 후우 ..', 0.40895427714031213), ([[276, 102], [340, 102], [340, 152], [276, 152]], '후우', 0.8572787862324723), ([[14, 983], [304, 983], [304, 1039], [14, 1039]], '(사나에)허리 쓰눈법', 0.3297704234456747), ([[14, 1028], [398, 1028], [398, 1080], [14, 1080]], '아직 보현주지도 안앗논데.', 0.1593683775014262)]
[([[52, 44], [216, 44], [216, 100], [52, 100]], '[$모 7', 0.09658730569852944), ([[258, 44], [532, 44], [532, 100], [258, 100]], '5 그 9미77', 0.04856781176001704), ([[721, 533], [905, 533], [905, 585], [721, 585]], '(남잔이앗', 0.24067085213058093), ([[824, 574], [1038, 574], [1038, 626], [824, 626]], "'운2}3 찌발:", 0.007758732537997107), ([[716, 660], [852, 660], [852, 716], [716, 716]], '[묶운움(', 0.01982855822419133), ([[886, 660], [1032, 660], [1032, 716], [886, 716]], '주우움0]', 0.621222521242161), ([[719, 701], [1213, 701], [1213, 761], [719, 761]], '(사나에)그러숙 움집이지 양않아도', 0.04994135656645164), ([[849, 739], [1111, 739], [1111, 803], [849, 803]], '짓텔 잘음국나', 0.004839254223540886)]
[([[37, 51], [453, 51], [453, 95], [37, 95]], '[느고가:  05그 "05크', 0.0069825748863661065), ([[22, 288], [185, 288], [185, 327], [22, 327]], '(사나에)하아:', 0.43339049745653424), ([[234, 292], [298, 292], [298, 324], [234, 324]], '하아', 0.7961908677802847), ([[57, 321], [337, 321], [337, 361], [57, 361]], '뒷치기로 주도권 트기논거', 0.6155633199544198), ([[59, 353], [381, 353], [381, 397], [59, 397]], '보니 아직되 꼬맣이인 것 간데', 0.10924626626905591), ([[590, 642], [776, 642], [776, 690], [590, 690]], '(남장() 제장 .', 0.23835106556474425), ([[658, 686], [718, 686], [718, 718], [658, 718]], '허리', 0.9998175090234365), ([[718, 677], [871, 677], [871, 728], [718, 728]], '세우니까', 0.9839993715286255), ([[652, 714], [858, 714], [858, 766], [652, 766]], '존나 기분좋아 . ', 0.487018534917388), ([[13, 1035], [235, 1035], [235, 1073], [13, 1073]], '(남사()이런거 당하면_', 0.46040231724459274), ([[86, 1064], [245, 1064], [245, 1101], [86, 1101]], '이대로 안에 쌀', 0.7093903789130834), ([[267, 1063], [375, 1063], [375, 1101], [267, 1101]], '박에 없지', 0.9632130155779093), ([[19, 1112], [128, 1112], [128, 1148], [19, 1148]], '(사나에)', 0.9880077411293764), ([[262, 1118], [346, 1118], [346, 1148], [262, 1148]], '아 그래_', 0.869763205711519), ([[15, 1147], [85, 1147], [85, 1185], [15, 1185]], '[꽉:(', 0.5394263863563538), ([[106, 1146], [180, 1146], [180, 1185], [106, 1185]], '주아입', 0.8997681430476628), ([[207, 1147], [301, 1147], [301, 1185], [207, 1185]], '쪽아아입', 0.3327731788158417), ([[375, 1149], [393, 1149], [393, 1177], [375, 1177]], ']', 0.8635699276541722), ([[15, 1195], [105, 1195], [105, 1237], [15, 1237]], '(남사0).', 0.3932773607621576), ([[146, 1200], [220, 1200], [220, 1228], [146, 1228]], '진짜나', 0.9491095546178147), ([[95, 1227], [369, 1227], [369, 1265], [95, 1265]], '진짜 사나에장 너무 야하네', 0.6094641924196553)]
[([[79, 23], [263, 23], [263, 63], [79, 63]], '(남사이)아 산다!', 0.23324101670861716), ([[342, 300], [552, 300], [552, 377], [342, 377]], '[사라하하라켓리', 0.0028604664565633257), ([[738, 84], [792, 84], [792, 426], [738, 426]], '8', 0.8356504974128178), ([[484, 369], [595, 369], [595, 408], [484, 408]], '하아.3360', 0.11648714328096593), ([[740, 422], [788, 422], [788, 482], [740, 482]], '련', 0.004665652506141704), ([[743, 481], [787, 481], [787, 539], [743, 539]], '', 0.0), ([[743, 537], [787, 537], [787, 659], [743, 659]], '틀', 0.6890106947539607)]
[([[92, 40], [288, 40], [288, 94], [92, 94]], '[끈점_36363?', 0.00033543972242041145), ([[320, 40], [400, 40], [400, 90], [320, 90]], "'.]", 0.19459865123572276), ([[516, 175], [701, 175], [701, 239], [516, 239]], '[주록60]', 0.19865592491731338), ([[207, 943], [401, 943], [401, 985], [207, 985]], '(사나에) 후우...', 0.4177913308698436), ([[437, 945], [507, 945], [507, 981], [437, 981]], '하아', 0.9999323128322639), ([[203, 979], [370, 979], [370, 1030], [203, 1030]], '(남자()하아.', 0.31490676562896514), ([[395, 985], [491, 985], [491, 1023], [395, 1023]], '하아. .', 0.36408168007927005)]
[([[127, 27], [275, 27], [275, 89], [127, 89]], '(남자들)', 0.9710412419856181), ([[387, 27], [465, 27], [465, 91], [387, 91]], '꿀걸', 0.1739742061648624), ([[11, 247], [311, 247], [311, 296], [11, 296]], '(사나에)하아 6 후우?', 0.09163125803296734), ([[536, 578], [770, 578], [770, 626], [536, 626]], '(남사그)사나에장', 0.4278144269426542), ([[533, 613], [762, 613], [762, 666], [533, 666]], '(남잔3) 역시말야', 0.4965834402720521), ([[537, 685], [774, 685], [774, 737], [537, 737]], '(사나에) 알걸다고_', 0.2998828578759311), ([[618, 724], [888, 724], [888, 774], [618, 774]], '전부 상대해죽테니까', 0.7420802582033175), ([[152, 1088], [304, 1088], [304, 1140], [152, 1140]], '[찌이익]', 0.9112543099552863)]
[([[868, 72], [1132, 72], [1132, 122], [868, 122]], '[땅0 땅0 땅0]', 0.29959692819359773), ([[868, 110], [1190, 110], [1190, 160], [868, 160]], '(남잔이하아요 하애향', 0.017487593585676593), ([[866, 176], [1154, 176], [1154, 226], [866, 226]], '(사나에)하아0 아아-', 0.7189190358947902), ([[1025, 217], [1151, 217], [1151, 261], [1025, 261]], '하양 양', 0.780784965195838), ([[72, 632], [348, 632], [348, 688], [72, 688]], '[유릇! 부르릇어 0]', 0.3414791314002174), ([[24, 675], [228, 675], [228, 725], [24, 725]], '(남사2) 욕! 후우', 0.22124326473705314), ([[22, 736], [396, 736], [396, 786], [22, 786]], '(사나에) 두 발째가 더 빠른건', 0.6261732823154502), ([[137, 777], [359, 777], [359, 821], [137, 821]], '아직도 그런가보네', 0.9987347153477939), ([[28, 840], [578, 840], [578, 890], [28, 890]], '(남자2)이 상황에서 여유가 넘치네 아주35', 0.44115544263371326)]
[([[502, 80], [786, 80], [786, 130], [502, 130]], '(남사이다실옛날전럼', 0.164584865174658), ([[582, 116], [788, 116], [788, 168], [582, 168]], '사이증계 하사고', 0.12311276358158259), ([[499, 172], [834, 172], [834, 222], [499, 222]], '(사나에) 친행년 적없다고', 0.3414269851283698), ([[502, 212], [852, 212], [852, 262], [502, 262]], '(남사2) 아니 그렇젠나 몸의', 0.08894217996122672), ([[608, 248], [842, 248], [842, 302], [608, 302]], '상성애 좋앉없씩데', 0.049053548477143286), ([[618, 286], [694, 286], [694, 336], [618, 336]], '말안', 0.2017163347954812), ([[505, 339], [696, 339], [696, 392], [505, 392]], '(사나에)하3턱]', 0.015720238595418982), ([[602, 380], [826, 380], [826, 428], [602, 428]], '언제점 이야간데', 0.49990821732062884), ([[10, 730], [278, 730], [278, 784], [10, 784]], '(남사3) 외로워없다구', 0.2541959319744614), ([[42, 770], [432, 770], [432, 820], [42, 820]], "'사나에장과 관계청산행으리까", 0.21289286481046524), ([[8, 860], [357, 860], [357, 913], [8, 913]], '(남자이) 또 다깥이 엄청나게', 0.2507072018771449), ([[132, 898], [354, 898], [354, 952], [132, 952]], '기분좋은거 하자고', 0.21146845226566685), ([[9, 937], [248, 937], [248, 986], [9, 986]], '(사나에)저기말야', 0.38037186196316036), ([[13, 993], [319, 993], [319, 1057], [13, 1057]], '(남사이)다마인 뒷굴런걸', 0.04492808179057724), ([[114, 1039], [317, 1039], [317, 1083], [114, 1083]], '고억하고잇지?', 0.20915077962587045), ([[7, 1056], [158, 1056], [158, 1119], [7, 1119]], '(@사나에]든', 0.06324481480209303), ([[147, 1077], [237, 1077], [237, 1115], [147, 1115]], '때에논', 0.33688773498460167), ([[9, 1129], [202, 1129], [202, 1185], [9, 1185]], '(남잔이 한번만', 0.15049150689572613), ([[232, 1138], [256, 1138], [256, 1174], [232, 1174]], '응', 0.9994005863339659), ([[82, 1170], [454, 1170], [454, 1222], [82, 1222]], '우리들둑 점당히하고 갈데니까', 0.3153001856029641), ([[10, 1202], [174, 1202], [174, 1252], [10, 1252]], '(사나에)요요', 0.1326170350508023)]
[([[626, 46], [854, 46], [854, 96], [626, 96]], '(남사이사나에장', 0.1684233267138774), ([[740, 92], [770, 92], [770, 118], [740, 118]], '(', 0.3482744179285966), ([[773, 85], [880, 85], [880, 127], [773, 127]], '싸다-', 0.03242785157085764), ([[640, 112], [800, 112], [800, 166], [640, 166]], '[부르르르므릇', 0.022609720850776133), ([[27, 333], [321, 333], [321, 425], [27, 425]], '(사리예흙양하0 양', 0.002658714273160383), ([[1227, 175], [1271, 175], [1271, 479], [1227, 479]], '', 0.0), ([[26, 438], [330, 438], [330, 492], [26, 492]], '(남잔2) 오오. 반응 종고', 0.3320041849871789), ([[15, 509], [201, 509], [201, 553], [15, 553]], '[찌렇지렉지림', 0.004339644221415269), ([[33, 547], [213, 547], [213, 587], [33, 587]], '(사나에) 역시.', 0.9832878936078259), ([[253, 543], [273, 543], [273, 585], [253, 585]], '흙', 0.29730796084936983), ([[121, 585], [189, 585], [189, 625], [121, 625]], '안에_', 0.7679346669679609), ([[218, 580], [244, 580], [244, 626], [218, 626]], '종', 0.5893280818236803), ([[241.9563638994289, 581.1385464278869], [298.70007927351384, 590.4803245840925], [292.0436361005711, 625.8614535721131], [235.2999207264862, 616.5196754159075]], '아', 0.8371613398017566)]
[([[521, 27], [687, 27], [687, 69], [521, 69]], '(사나에) 후우', 0.9580748023426735), ([[733, 27], [791, 27], [791, 71], [733, 71]], '후우', 0.6138455954574413), ([[835, 27], [893, 27], [893, 71], [835, 71]], '휴운', 0.5502936512818741), ([[520, 63], [945, 63], [945, 113], [520, 113]], '(남사고 3)하아5 하아 하아6', 0.11027484436423302), ([[740, 150], [1052, 150], [1052, 204], [740, 204]], '(남자3) 참은울수가 없네_', 0.06100950896954393), ([[844, 188], [1172, 188], [1172, 242], [844, 242]], '사나에장 진짜 궁합증은건', 0.3711860430474593), ([[844, 228], [1042, 228], [1042, 276], [844, 276]], '알고 잇냐고...2', 0.21697749870722166), ([[742, 294], [1148, 294], [1148, 344], [742, 344]], '(사나에) 알고 있다고.. 뒷으니까', 0.21962367262643384), ([[857, 337], [1035, 337], [1035, 375], [857, 375]], '씩스나 하자고_', 0.23823532651774904), ([[742, 362], [1070, 362], [1070, 412], [742, 412]], '(남사2) 진짜 존나 야하네_', 0.5192669077699384), ([[745, 405], [947, 405], [947, 447], [745, 447]], '(남사3) 아~~_', 0.7291030258341024), ([[960, 398], [1148, 398], [1148, 448], [960, 448]], '존나 기분좋아 .', 0.8817907928012683), ([[209, 761], [297, 761], [297, 825], [209, 825]], '[주름', 0.21438229615760945), ([[377, 767], [503, 767], [503, 829], [377, 829]], '주우움:', 0.24120603501796722), ([[629, 763], [915, 763], [915, 831], [629, 831]], '주롭 . 꿀쩍꿀쩍 .', 0.013207306899424396)]
[([[40, 28], [178, 28], [178, 104], [40, 104]], '[#므류', 0.12851065397262573), ([[349, 27], [500, 27], [500, 106], [349, 106]], '#르르류', 0.056931715458631516), ([[768, 260], [818, 260], [818, 596], [768, 596]], '{', 0.004848702752662748), ([[339, 1061], [507, 1061], [507, 1099], [339, 1099]], '(사나에)하아 .', 0.713732089052972), ([[528, 1060], [752, 1060], [752, 1108], [528, 1108]], '아아0000', 0.11229116339351289), ([[333, 1095], [477, 1095], [477, 1139], [333, 1139]], '(남사3) 후우', 0.8908010117728028), ([[503, 1095], [553, 1095], [553, 1137], [503, 1137]], '후우', 0.9677694871515431), ([[412, 1124], [826, 1124], [826, 1179], [412, 1179]], '사나에장의 안에 . 엄청 쌓데:', 0.09390632908368211), ([[335, 1193], [746, 1193], [746, 1244], [335, 1244]], '(사나에) 너무 많이싸다고 . 정말(', 0.429186389923021), ([[449, 1235], [645, 1235], [645, 1275], [449, 1275]], '얼마나 싸논건데_', 0.6359770511143381)]
[([[58, 96], [412, 96], [412, 146], [58, 146]], '(남자2) 이제 할만큼 햇잡아.', 0.3866937839352547), ([[58, 134], [438, 134], [438, 182], [58, 182]], '(남자() 아무리 그래도 이제 슬슬', 0.5095312228997975), ([[417, 159], [455, 159], [455, 177], [417, 177]], '2:', 0.37534283393937684), ([[451, 262], [776, 262], [776, 314], [451, 314]], '(사나에) 월 꼴고 잇논건데.', 0.47913523132040375), ([[570, 312], [700, 312], [700, 340], [570, 340]], '자지 꺼내', 0.6557074764695555), ([[701, 305], [773, 305], [773, 349], [701, 349]], '빨리.', 0.9471890309372436), ([[453, 365], [613, 365], [613, 407], [453, 407]], '(남자3) 으앗', 0.3612494793849673), ([[625, 363], [809, 363], [809, 405], [625, 405]], '사나에장. !?', 0.10026427402789613), ([[452, 396], [846, 396], [846, 446], [452, 446]], '(남사( ) 완전히 스위치 들어가네.', 0.37842738443783197), ([[79, 571], [223, 571], [223, 615], [79, 615]], '(남자2) 뭐.', 0.8131658779285095), ([[246, 564], [350, 564], [350, 614], [246, 614]], '괜찮나.', 0.9293982982635498), ([[75, 601], [400, 601], [400, 651], [75, 651]], '(남자( )조금만 더하자고 .', 0.3336455607395121), ([[81, 671], [333, 671], [333, 713], [81, 713]], '(사나에)자 빨리...', 0.3528374736500836), ([[546, 824], [714, 824], [714, 876], [546, 876]], '(남사3) 좋아;', 0.6730822970336294), ([[587, 867], [775, 867], [775, 909], [587, 909]], '끝까지 해보자!', 0.6642613792592827)]
[([[213, 59], [389, 59], [389, 103], [213, 103]], '(사나에) 후..', 0.47369145327140944), ([[423, 59], [511, 59], [511, 103], [423, 103]], '후우. (', 0.2541587092153639), ([[287, 107], [661, 107], [661, 167], [287, 167]], '(이런 저절러버럽다  )', 0.27380431584539877), ([[510, 272], [702, 272], [702, 320], [510, 320]], '(남사이이런', 0.43342036564845093), ([[580, 306], [858, 306], [858, 360], [580, 360]], '조금 지나청올려다요3', 0.031452836341868615), ([[4, 418], [254, 418], [254, 466], [4, 466]], '(남사2) 오랜만이라', 0.3458430544224411), ([[538, 636], [772, 636], [772, 688], [538, 688]], '(남사3) 사나예장', 0.47648403627444075), ([[594, 674], [870, 674], [870, 726], [594, 726]], '이다음에 호텔 갈래?', 0.6503235110235822), ([[36, 996], [232, 996], [232, 1046], [36, 1046]], '(사나에) 너희들', 0.970989155361239), ([[133, 1035], [313, 1035], [313, 1079], [133, 1079]], '적당히 하라고.', 0.4124559256361481), ([[134, 1070], [382, 1070], [382, 1122], [134, 1122]], '빨리 가서 갈아입을', 0.4581708597125866), ([[142, 1108], [325, 1108], [325, 1158], [142, 1158]], '속용이나 사와', 0.7387811330482703), ([[98, 1194], [282, 1194], [282, 1248], [98, 1248]], '(남자들) 냄:', 0.13405398822914527), ([[255.9378517783448, 416.114118180386], [357.8507125007267, 430.78732187481836], [350.0621482216552, 471.885881819614], [248.14928749927333, 458.21267812518164]], '그만', 0.9999716774352768)]
[([[42, 12], [378, 12], [378, 64], [42, 64]], '(남사이 좋애] 그러면 결쟁', 0.09335016840705941), ([[39, 50], [366, 50], [366, 102], [39, 102]], '(사나에) 에3 잠깐만3', 0.49457262593908075), ([[831, 61], [951, 61], [951, 103], [831, 103]], '[찌지직]', 0.8528120308638787), ([[834, 100], [987, 100], [987, 141], [834, 141]], '(사나에)앗.', 0.9178219495158974), ([[40, 122], [472, 122], [472, 174], [40, 174]], '(남자3) 괜찮아; 여기 사람 없는거', 0.21995417037138354), ([[835, 133], [1067, 133], [1067, 177], [835, 177]], '(남자2) 사나에장', 0.15622410340117482), ([[148, 160], [454, 160], [454, 208], [148, 208]], '사나에장도 알고 잇잡야', 0.2595094499304678), ([[871, 169], [1163, 169], [1163, 213], [871, 213]], '할거라서 그러건 아니고', 0.9373880067044401), ([[835, 205], [1239, 205], [1239, 245], [835, 245]], '(남자3) 사나에장 매력적이니까', 0.3568643588333356), ([[42, 222], [542, 222], [542, 272], [42, 272]], '(남사이) 꽃되다 존나 흥분되기 시작햇논데', 0.17747847589158766), ([[834, 234], [916, 234], [916, 282], [834, 282]], '[질객.', 0.44924792647361755), ([[940, 232], [1038, 232], [1038, 282], [940, 282]], '축축 .]', 0.37505230005610984), ([[46, 258], [524, 258], [524, 308], [46, 308]], '(사나에) 진작에 장소 다 살펴방구만} !', 0.3346000934407354), ([[839, 277], [1025, 277], [1025, 313], [839, 313]], '(사나에) 아. !', 0.4901624376025916), ([[870, 308], [1182, 308], [1182, 356], [870, 356]], '멋대로 기어오르지 말라고', 0.7890310753334097), ([[894, 344], [1182, 344], [1182, 394], [894, 394]], '그럼 상황이 아니찮아]', 0.48972288144222476)]
[([[40, 202], [184, 202], [184, 250], [40, 250]], '[질적질껏;', 0.01276989937509189), ([[198, 198], [254, 198], [254, 250], [198, 250]], '축축', 0.2929400006996341), ([[308, 196], [416, 196], [416, 252], [308, 252]], '축죽0] ', 0.39180828770842063), ([[42, 240], [199, 240], [199, 281], [42, 281]], '(사나에)앗?', 0.4821264889068658), ([[227, 241], [247, 241], [247, 279], [227, 279]], '음', 0.995385261047943), ([[282, 234], [330, 234], [330, 282], [282, 282]], '위', 0.20060786683038234), ([[89, 275], [183, 275], [183, 319], [89, 319]], '알앗어', 0.3773331046104431), ([[208, 272], [468, 272], [468, 322], [208, 322]], '그러면 호텔로 가사고', 0.9878478222257782), ([[918, 272], [990, 272], [990, 320], [918, 320]], '[주록', 0.8445262102449841), ([[1016, 272], [1158, 272], [1158, 322], [1016, 322]], '속속속속속속', 0.7810328459978694), ([[921, 310], [1075, 310], [1075, 347], [921, 347]], '(사나에) 아.', 0.5907417195925484), ([[1140, 314], [1204, 314], [1204, 346], [1140, 346]], '하아', 0.9998785349433429), ([[34, 338], [414, 338], [414, 386], [34, 386]], '(남자() 한발 빼지않으면 이제', 0.3079795698239419), ([[1055, 345], [1215, 345], [1215, 387], [1055, 387]], '이상한 짓만.', 0.9122092245207813), ([[46, 372], [370, 372], [370, 426], [46, 426]], '멋대로 멈출수가 없다니까', 0.5965064791740434), ([[1004, 378], [1242, 378], [1242, 430], [1004, 430]], '늘어가지고는 .. 앗!', 0.703721253223884), ([[918, 442], [1264, 442], [1264, 490], [918, 490]], '(남사?) 사나에장 덕분이지', 0.5764287662871203), ([[921, 483], [1123, 483], [1123, 527], [921, 527]], '[참갑찬찬~~~', 0.1571796329299519), ([[921, 517], [1129, 517], [1129, 559], [921, 559]], '(사나에) 으으으옷', 0.7016553376185198), ([[916, 576], [1118, 576], [1118, 624], [916, 624]], '[속속속속속속속속', 0.758512618027475), ([[921, 617], [1069, 617], [1069, 655], [921, 655]], '(사나에)아', 0.6751256030042556), ([[1097, 619], [1163, 619], [1163, 655], [1097, 655]], '하아', 0.9998932015563068), ([[1188, 610], [1256, 610], [1256, 658], [1188, 658]], '으웃', 0.4323654545425579)]
[([[752, 44], [931, 44], [931, 83], [752, 83]], '(사나에)하아헤', 0.16766527394824893), ([[955, 45], [1023, 45], [1023, 81], [955, 81]], '하아', 0.9896749527768948), ([[1047, 45], [1115, 45], [1115, 83], [1047, 83]], "'하아", 0.9962732729256748), ([[748, 76], [884, 76], [884, 126], [748, 126]], '[질컴질적', 0.021113099214487195), ([[958, 74], [1060, 74], [1060, 124], [958, 124]], '속속속속', 0.6972245573997498), ([[1116, 64], [1142, 64], [1142, 114], [1116, 114]], '1', 0.20646178407458127), ([[747, 151], [1041, 151], [1041, 191], [747, 191]], '(사나에)하양:... 하아', 0.10844337116309614), ([[752, 218], [1050, 218], [1050, 272], [752, 272]], '(남자() 여기가 좋나보네', 0.6041177011795245), ([[751, 263], [870, 263], [870, 295], [751, 295]], '(사나에)', 0.7810668496758285), ([[863, 259], [978, 259], [978, 304], [863, 304]], '시끄러워.', 0.5503511717593548), ([[750, 327], [1162, 327], [1162, 376], [750, 376]], '((남사2) 좀 더 소리내도 되다니까', 0.35573372346628573), ([[753, 369], [933, 369], [933, 407], [753, 407]], '(사나에)하아', 0.9857738102882401), ([[995, 367], [1061, 367], [1061, 407], [995, 407]], '아앗', 0.9571320286248611), ([[800, 399], [1145, 399], [1145, 450], [800, 450]], '이런데서 소리대것 같아?', 0.39287307720311515), ([[106, 568], [218, 568], [218, 616], [106, 616]], '[푸슈우육', 0.26136211659401637), ([[109, 608], [314, 608], [314, 646], [109, 646]], '(사나에)하아양', 0.9820988111064033), ([[106, 676], [396, 676], [396, 726], [106, 726]], '(남사이 나앉다 나없어', 0.12412789988642889), ([[109, 719], [305, 719], [305, 763], [109, 763]], '(사나에) 크음 3', 0.17327520136852545), ([[104, 780], [321, 780], [321, 834], [104, 834]], '[문질문질문질문질', 0.9970343764523222), ([[344, 780], [466, 780], [466, 830], [344, 830]], '질적질적', 0.13722583651542664), ([[109, 825], [317, 825], [317, 867], [109, 867]], '(사나에) 잠깐', 0.7745640873226342), ([[353, 825], [389, 825], [389, 865], [353, 865]], '앞', 0.6124041507392555), ([[427, 825], [521, 825], [521, 863], [427, 863]], '하아양', 0.8332885503768921)]
[([[577, 79], [835, 79], [835, 123], [577, 123]], '(사나에)앗 안  돼', 0.6308019552797265), ([[51, 120], [115, 120], [115, 417], [51, 417]], "'", 0.4908003114502577), ([[55, 429], [115, 429], [115, 591], [55, 591]], '화', 0.005091424401748645), ([[275, 689], [421, 689], [421, 733], [275, 733]], '(사나에)극', 0.9774128253515458), ([[489, 693], [577, 693], [577, 735], [489, 735]], '후우..', 0.757903516292572), ([[379, 733], [447, 733], [447, 769], [379, 769]], '하아', 0.9834595311609701), ([[484, 734], [518, 734], [518, 766], [484, 766]], '앗', 0.5188311725345471), ([[273, 753], [540, 753], [540, 807], [273, 807]], '(남사() 예에에에에}', 0.2781484617078817), ([[345, 799], [625, 799], [625, 837], [345, 837]], '사나에장 [번째~~~', 0.3802524346339343), ([[274, 824], [688, 824], [688, 878], [274, 878]], '(남자3) 약한 곳은 변하 안앗네', 0.47650700964550236)]
[([[23, 179], [203, 179], [203, 217], [23, 217]], '(사나에)하아_', 0.7149907143196319), ([[230, 182], [296, 182], [296, 214], [230, 214]], '하아', 0.999351674455033), ([[113, 215], [155, 215], [155, 259], [113, 259]], '음', 0.9099556466016026), ([[173, 219], [243, 219], [243, 255], [173, 255]], '하아', 0.9709515330127595), ([[268, 215], [319, 215], [319, 245], [268, 245]], '저민', 0.492234338571644), ([[208, 686], [468, 686], [468, 738], [208, 738]], '(남자이) 어때? 우리들', 0.3498545888019265), ([[256, 724], [470, 724], [470, 774], [256, 774]], '옛날보다 잘하지', 0.9602467458244048), ([[204, 788], [575, 788], [575, 843], [204, 843]], '(남자3) 경험치가 생엿으니까', 0.4187263620058765), ([[204, 830], [556, 830], [556, 880], [204, 880]], '(남자?) 뭐 사나에장은 특히', 0.4234754153217536), ([[326, 870], [600, 870], [600, 918], [326, 918]], '잘 알기도 하고 말이지', 0.9600053623665612)]
[([[306, 292], [953, 292], [953, 359], [306, 359]], '(남자이뭐 나머지는 호텔에서 하눈결로', 0.07722291024576605), ([[308, 338], [774, 338], [774, 410], [308, 410]], '((남자고) 좋아 그렇데 하차고', 0.30165061889619743)]
