2758725
35
[([[206, 98], [593, 98], [593, 174], [206, 174]], '15 -관핵꿈', 0.0008704404689539239), ([[307, 543], [475, 543], [475, 585], [307, 585]], '왕자 * 공주', 0.7722545107434479), ([[3, 919], [800, 919], [800, 1057], [3, 1057]], ' ', 0.22350568949127833), ([[21, 1052], [800, 1052], [800, 1130], [21, 1130]], "'", 0.5294928060632174)]
[([[557, 343], [631, 343], [631, 363], [557, 363]], '이거 놔요', 0.9247210990519733), ([[536, 360], [650, 360], [650, 384], [536, 384]], '이제 그만 좀 .!!', 0.6514335984488167), ([[195, 599], [245, 599], [245, 619], [195, 619]], '나에컨', 0.20951563122269704), ([[429, 961], [531, 961], [531, 981], [429, 981]], '의미 없지 암소', 0.8126786081510049)]
[([[356, 318], [506, 318], [506, 342], [356, 342]], '살아갈 이유가 없다면', 0.6362406215263752), ([[380, 338], [482, 338], [482, 362], [380, 362]], '만들어 주객소', 0.38049564674313824), ([[315, 1015], [337, 1015], [337, 1035], [315, 1035]], '으', 0.9918354000127607), ([[354, 1012], [396, 1012], [396, 1040], [354, 1040]], '음', 0.9959835885101853), ([[308.0557630317494, 854.0899677650967], [344.5402959038421, 834.0292776846527], [386.9442369682506, 915.9100322349033], [350.4597040961579, 935.9707223153473]], '줄', 0.9934872678486641)]
[([[344, 190], [450, 190], [450, 214], [344, 214]], '대체 무슨 짓올', 0.6968380951094421), ([[379, 213], [423, 213], [423, 233], [379, 233]], '"설마', 0.2240935979982645), ([[549, 275], [633, 275], [633, 373], [549, 373]], '옆', 0.08008641488110957), ([[616, 350], [682, 350], [682, 378], [616, 378]], '히잇!!', 0.5687088370323181), ([[263, 541], [295, 541], [295, 561], [263, 561]], '지금', 0.9999121670975258), ([[230, 558], [328, 558], [328, 582], [230, 582]], '제정신으로 .!', 0.9381838630511424), ([[487, 699], [555, 699], [555, 719], [487, 719]], '그만뒤요!', 0.962489338541767), ([[469, 719], [575, 719], [575, 739], [469, 739]], '이래방자 전. !', 0.7648915413256132), ([[456, 912], [480, 912], [480, 938], [456, 938]], '옷.', 0.42614193909049514)]
[([[595, 219], [647, 219], [647, 237], [595, 237]], '어째서', 0.9997005461900463), ([[587, 237], [651, 237], [651, 257], [587, 257]], '이런짓올', 0.9514115452766418), ([[115, 463], [155, 463], [155, 481], [115, 481]], '으  옷', 0.32358455657958984), ([[111, 477], [143, 477], [143, 497], [111, 497]], '안돼', 0.6580899217814818), ([[472, 446], [548, 446], [548, 570], [472, 570]], '속', 0.9864211477881248), ([[541, 657], [583, 657], [583, 701], [541, 701]], '웃.', 0.9214040420825541), ([[591, 665], [605, 665], [605, 691], [591, 691]], '!', 0.9992789138364202), ([[215, 713], [273, 713], [273, 731], [215, 731]], '그. 그만', 0.32028967306072836), ([[658, 884], [716, 884], [716, 908], [658, 908]], '까악]!', 0.6857583522796631), ([[606.3183180150093, 650.2912904420258], [703.3006451451613, 641.449617413916], [704.6816819849907, 687.7087095579742], [608.6993548548387, 697.550382586084]], '싫어]', 0.3529890959970355)]
[([[304, 702], [342, 702], [342, 726], [304, 726]], '정말', 0.9999902219451473), ([[260, 719], [372, 719], [372, 744], [260, 744]], '하려는 건가요?', 0.6939961433913034), ([[533.0895536990885, 153.0835899750777], [567.5234239225903, 133.02747273539296], [613.9104463009115, 216.9164100249223], [579.4765760774097, 237.97252726460704]], '죽', 0.99852723504927), ([[143.44377642240653, 362.0520150387546], [169.80537471336496, 358.110126028514], [177.55622357759347, 420.9479849612454], [151.19462528663504, 424.889873971486]], '탑', 0.2874216479359717)]
[([[192, 184], [262, 184], [262, 212], [192, 212]], '으욕 !', 0.49519357688580673), ([[335, 897], [379, 897], [379, 941], [335, 941]], '알집', 0.025159328131078754)]
[([[627, 583], [663, 583], [663, 603], [627, 603]], '하아', 0.9998916000265392), ([[306, 814], [392, 814], [392, 838], [306, 838]], '당신 정말로', 0.8958698521822536), ([[576, 960], [628, 960], [628, 984], [576, 984]], '길리안', 0.5554142309840077), ([[197.41802403802066, 738.0425634585406], [229.4322367230737, 726.0234221477222], [260.5819759619793, 813.9574365414594], [228.5677632769263, 825.9765778522778]], '죽', 0.13037352999781238)]
[([[628, 196], [668, 196], [668, 226], [628, 226]], '아아', 0.9609157647229422), ([[593, 215], [631, 215], [631, 235], [593, 235]], '2;9,', 0.8448135852813721), ([[201, 629], [259, 629], [259, 669], [201, 669]], "아양운'", 0.13093212246894836), ([[300.33041051999305, 750.0450378479484], [336.4926407250643, 737.0243286768509], [370.66958948000695, 833.9549621520516], [333.5073592749357, 847.9756713231491]], '푹', 0.4058743614929341)]
[([[443, 189], [585, 189], [585, 209], [443, 209]], '전 .. 당신과 이런식으로', 0.571538192978037), ([[439, 205], [587, 205], [587, 225], [439, 225]], '이어지고 싶지 않앗어요', 0.4769089936887283), ([[179, 225], [229, 225], [229, 245], [179, 245]], '어째서', 0.9998825845942603), ([[145, 407], [185, 407], [185, 467], [145, 467]], '휴', 0.04722178235680574), ([[562, 596], [602, 596], [602, 620], [562, 620]], '알런.', 0.47968644243085856), ([[187, 773], [309, 773], [309, 793], [187, 793]], '나라와 가족올 일고', 0.34528764869153944), ([[187, 791], [323, 791], [323, 811], [187, 811]], '저는 이제 돌아갈긋이', 0.5439487170925507), ([[219, 807], [291, 807], [291, 827], [219, 827]], '없습니다 .', 0.5083744779348479), ([[272, 848], [418, 848], [418, 872], [272, 872]], '침각한 엘페고트국과', 0.49450349985912767), ([[270, 866], [422, 866], [422, 890], [270, 890]], '그것에 협력한 마론국', 0.30041555059963093), ([[246, 886], [444, 886], [444, 910], [246, 910]], '그것에 저항해보지도 못하고', 0.7093970506905326), ([[240, 904], [452, 904], [452, 928], [240, 928]], '우리논 그들에게 짓발횟습니다', 0.30772543737105923), ([[530, 918], [654, 918], [654, 942], [530, 942]], '그들에 대한 분노도.', 0.736018261757272), ([[525, 937], [671, 937], [671, 957], [525, 957]], '이제는 의미가 없다는길', 0.4195438886004724), ([[555, 953], [641, 953], [641, 973], [555, 973]], '알고있습니다', 0.9646790883776807), ([[412, 1020], [606, 1020], [606, 1044], [412, 1044]], '루시페니아는 저의 죽음으로', 0.5533506180199961), ([[422, 1038], [522, 1038], [522, 1062], [422, 1062]], '사라진다는길 ,', 0.1261174751120697), ([[561, 1041], [593, 1041], [593, 1059], [561, 1059]], '이미', 0.9999905591189865), ([[412, 1056], [608, 1056], [608, 1080], [412, 1080]], '그것올 받아들뒷단 말입니다', 0.6251419408783364), ([[523.202547777171, 1036.1658598874935], [562.8666912124061, 1041.2820418413824], [559.797452222829, 1062.8341401125065], [520.1333087875939, 1057.7179581586176]], '저논', 0.7558748144382111)]
[([[351, 163], [403, 163], [403, 183], [351, 183]], '그런데 .', 0.6977976369923268), ([[411, 163], [481, 163], [481, 183], [411, 183]], '왜 저에게', 0.5896738364659795), ([[364, 180], [466, 180], [466, 204], [364, 204]], '이토록 미련올', 0.9091666591800247), ([[363, 201], [467, 201], [467, 221], [363, 221]], '품으시논거조?', 0.6065565226336254), ([[451, 431], [551, 431], [551, 451], [451, 451]], '더이상 저에게', 0.9920570257288824), ([[426, 448], [568, 448], [568, 472], [426, 472]], '그럴 가치는 없는데.', 0.41489064397643216), ([[552, 720], [650, 720], [650, 744], [552, 744]], '나는 @ 이렇게', 0.4826947734375987), ([[568, 738], [636, 738], [636, 762], [568, 762]], '해서라도', 0.7140507764908742), ([[399, 915], [531, 915], [531, 935], [399, 935]], '그대틀 지키고 싶소', 0.35377594564623066)]
[([[212, 648], [264, 648], [264, 672], [212, 672]], '길리안', 0.4770723550094814)]
[([[153, 155], [281, 155], [281, 175], [153, 175]], '왕쪽으로 태어낫다는', 0.7381025526274976), ([[156, 168], [276, 168], [276, 192], [156, 192]], '이유만으로 왕국의', 0.9945431027503734), ([[157, 187], [279, 187], [279, 207], [157, 207]], '안위름 위한 부담한', 0.5901769122177827), ([[141, 203], [291, 203], [291, 223], [141, 223]], '기대: 반으머 자라창고', 0.08124377818633681), ([[561, 207], [661, 207], [661, 227], [561, 227]], '속에서 무엇하나', 0.8738234954654583), ([[553, 223], [597, 223], [597, 243], [553, 243]], '선태활', 0.3122166981627528), ([[615, 223], [649, 223], [649, 243], [615, 243]], '없이', 0.9999003663039396), ([[533, 241], [667, 241], [667, 261], [533, 261]], '나라의 부흥과 안념울', 0.4918349096536965), ([[549, 257], [649, 257], [649, 277], [549, 277]], '책임저야 한다는', 0.7572793637732264), ([[546, 270], [654, 270], [654, 294], [546, 294]], '밥박에 둘러싸여', 0.2482097363283868), ([[514, 564], [650, 564], [650, 588], [514, 588]], '그것에 순응한 채로', 0.687200744493262), ([[492, 582], [630, 582], [630, 606], [492, 606]], '살아야햇년 그대출 .', 0.13414922996433853), ([[135.51435706882137, 315.12584272387846], [175.9894610641341, 321.85520081988284], [173.48564293117863, 334.87415727612154], [133.0105389358659, 328.14479918011716]], "'7;", 0.012300652222204084), ([[485.06850713433477, 564.230163555236], [518.897366596101, 569.3675444679664], [515.9314928656653, 586.769836444764], [482.10263340389895, 581.6324555320336]], '그저', 0.9997709817069836)]
[([[170, 126], [306, 126], [306, 150], [170, 150]], '나라의 이익올 위해', 0.9948086364252676), ([[154, 144], [320, 144], [320, 168], [154, 168]], '맺어진 사이엿다 하여도', 0.8302589940438069)]
[([[201, 157], [283, 157], [283, 177], [201, 177]], '나는 그대륙', 0.29801527954099927), ([[176, 174], [304, 174], [304, 198], [176, 198]], '진심으로 사랑햇소', 0.968644959006622), ([[226, 910], [328, 910], [328, 934], [226, 934]], '하지만 그대는', 0.9913234152130815), ([[235, 931], [319, 931], [319, 951], [235, 951]], '내가 입컷지', 0.2735651643465083)]
[([[97, 189], [241, 189], [241, 209], [97, 209]], '사랑하는자의 고국올', 0.527633983578338), ([[96, 206], [242, 206], [242, 230], [96, 230]], '지켜주지 못할정도로', 0.8542091086030765), ([[118, 224], [204, 224], [204, 248], [118, 248]], '나약한 자출', 0.32513110659321354), ([[420, 276], [530, 276], [530, 300], [420, 300]], '날. 원망하시오', 0.5312599779629966), ([[166, 348], [268, 348], [268, 372], [166, 372]], '어찌 용서한단', 0.9983675219132044), ([[187, 371], [249, 371], [249, 389], [187, 389]], '말이오 .', 0.512671061205509), ([[178, 838], [328, 838], [328, 862], [178, 862]], '하지만 그대 만이라도', 0.967251919779288), ([[208, 856], [298, 856], [298, 880], [208, 880]], '구할 수 있어', 0.9428424345849575), ([[203, 877], [303, 877], [303, 897], [203, 897]], '나는 행복하오', 0.9009049201984126)]
[([[120, 204], [230, 204], [230, 228], [120, 228]], '난 그대률 다시는', 0.4398628439053591), ([[139, 223], [213, 223], [213, 243], [139, 243]], '못붙젓이라', 0.4497078654315287), ([[529, 227], [613, 227], [613, 247], [529, 247]], '그래서 제가', 0.9996774210225567), ([[127, 241], [227, 241], [227, 261], [127, 261]], '생각햇없으니. .', 0.48392788969213935), ([[522, 244], [618, 244], [618, 268], [522, 268]], '살아주없으면', 0.7156339992785375), ([[525, 265], [615, 265], [615, 285], [525, 285]], '하신건가요?', 0.99806360562553), ([[464, 918], [596, 918], [596, 942], [464, 942]], '이렇기 해서라도. ..', 0.7291068916729467)]
[([[86, 178], [280, 178], [280, 202], [86, 202]], '루시페니아는 이제 사라적소', 0.33201164091769675), ([[82, 196], [184, 196], [184, 220], [82, 220]], '그대도 더이상', 0.9990908477020188), ([[198, 196], [284, 196], [284, 220], [198, 220]], '주가 아니지', 0.9957486214088254), ([[582, 260], [728, 260], [728, 284], [582, 284]], '그러니 루시페니아의', 0.9071372029113235), ([[566, 280], [746, 280], [746, 304], [566, 304]], '공주가 아난 킬리안으로서', 0.32448656213243193), ([[220, 474], [292, 474], [292, 498], [220, 498]], '나와 함께', 0.9657446296463493), ([[202, 492], [308, 492], [308, 516], [202, 516]], '해주지않켓소?', 0.39502076039062434), ([[476, 988], [584, 988], [584, 1012], [476, 1012]], '잔인하시군요..', 0.5651120572356053)]
[([[161, 165], [315, 165], [315, 185], [161, 185]], '저클 존재할 수 잇도록', 0.501873030522475), ([[155, 183], [319, 183], [319, 203], [155, 203]], '해준 모든것올 빼앗기고', 0.722586485661366), ([[556, 264], [730, 264], [730, 288], [556, 288]], '이제 그것올 지길 수 엎는', 0.30719462264985853), ([[587, 285], [701, 285], [701, 305], [587, 305]], '기회마저 빼앗아', 0.9827931273438699), ([[585, 301], [698, 301], [698, 326], [585, 326]], '가시논 겁니까?', 0.5758106220111192), ([[126, 572], [276, 572], [276, 596], [126, 596]], '조국의 왼수인 당신의', 0.9072332078722392), ([[144, 590], [258, 590], [258, 614], [144, 614]], '곁에 붙잡인채로', 0.26776256432999523), ([[114, 608], [288, 608], [288, 632], [114, 632]], '여생올 보내라는 건가요?', 0.5270654579820548), ([[260, 800], [312, 800], [312, 824], [260, 824]], '당신은', 0.9999719192425338), ([[526, 940], [644, 940], [644, 964], [526, 964]], '정말 최약이에요', 0.8999328495627541), ([[308.2821863608303, 866.0322686052162], [392.75307290570015, 942.0277270678482], [347.7178136391697, 992.9677313947838], [263.24692709429985, 916.9722729321518]], '4아^', 0.0024241206433056753)]
[([[181, 123], [281, 123], [281, 141], [181, 141]], '당신올 불때마다', 0.9329420057650895), ([[141, 139], [317, 139], [317, 159], [141, 159]], '나라틀 지키지못한 죄책감과', 0.5304631905458764), ([[166, 152], [290, 152], [290, 176], [166, 176]], "'왕족의 금지루 버린", 0.17105072525520854), ([[163, 171], [295, 171], [295, 191], [163, 191]], '공주라는 사실이 저들', 0.6641249604227228), ([[187, 187], [271, 187], [271, 207], [187, 207]], '괴롭헬기에요', 0.8691222285951506), ([[526, 200], [686, 200], [686, 224], [526, 224]], '죽는것보다 고통스러운', 0.670897917235255), ([[532, 218], [682, 218], [682, 242], [532, 242]], '삶이 펼지도 모퉁니다', 0.6807095135999313), ([[490, 460], [608, 460], [608, 484], [490, 484]], '그럼에도 당신은.', 0.6786971787328233), ([[246, 902], [314, 902], [314, 926], [246, 926]], '나름위해', 0.8925478458404541), ([[241, 923], [319, 923], [319, 943], [241, 943]], '살아주시오', 0.9999406102071281)]
[([[115, 159], [151, 159], [151, 195], [115, 195]], '%', 0.1415641064554487), ([[508, 538], [556, 538], [556, 564], [508, 564]], '수우', 0.14776751347851194), ([[186, 798], [300, 798], [300, 848], [186, 848]], '안예 -치', 0.10583355561480356), ([[224, 876], [318, 876], [318, 956], [224, 956]], '때략', 0.011759732379863743), ([[537, 915], [581, 915], [581, 953], [537, 953]], '아;:', 0.5798761737609072), ([[453.30265739077055, 380.0488674744708], [487.44863352448107, 360.02016787826017], [543.6973426092295, 460.9511325255292], [508.55136647551893, 480.97983212173983]], '독', 0.7550737043948317), ([[199.47893962030983, 595.4141973545267], [262.5643625456652, 588.4430655972747], [265.5210603796902, 617.5858026454733], [201.43563745433482, 625.5569344027253]], '아.:응', 0.06871296465396881)]
[([[215, 151], [237, 151], [237, 171], [215, 171]], '유;', 0.48003269274242116), ([[257, 183], [301, 183], [301, 219], [257, 219]], '음질', 0.39673848878889906), ([[281, 455], [327, 455], [327, 491], [281, 491]], '%0', 0.0361531779350909), ([[222, 702], [272, 702], [272, 750], [222, 750]], '면', 0.02250950675274055), ([[518, 966], [566, 966], [566, 992], [518, 992]], '우용빛', 0.02999272497590864), ([[335.07373871835836, 220.0719277974934], [404.7490085590111, 245.2827636771785], [384.92626128164164, 295.9280722025066], [316.2509914409889, 271.71723632282146]], '사학', 0.06664247982636896), ([[302.34240405077855, 901.0544243046714], [357.9895391839316, 937.7109029576861], [337.65759594922145, 968.9455756953286], [281.0104608160684, 933.2890970423139]], '가~', 0.027755230595817353)]
[([[380, 102], [416, 102], [416, 126], [380, 126]], '날울', 0.9096382244360345), ([[93, 337], [171, 337], [171, 357], [93, 357]], '보고싶엎소', 0.3834589480108574), ([[655, 331], [705, 331], [705, 351], [655, 351]], '얼마나', 0.997988432622937), ([[631, 351], [713, 351], [713, 371], [631, 371]], '기다렇는지', 0.4089820849137281), ([[377, 619], [441, 619], [441, 639], [377, 639]], '이제와서', 0.9895456433296204), ([[360, 636], [462, 636], [462, 660], [360, 660]], '한다는 소리가', 0.9254967229934322), ([[361, 657], [459, 657], [459, 677], [361, 677]], '그것 입니까?!', 0.8472169523473272), ([[535, 933], [635, 933], [635, 953], [535, 953]], '당신 .  마혼국의', 0.1306749837082755), ([[555, 951], [613, 951], [613, 969], [555, 969]], '배신으로', 0.9998958110809326), ([[535, 967], [631, 967], [631, 987], [535, 987]], '루시폐니아는 .', 0.39271648762153843)]
[([[336, 670], [484, 670], [484, 694], [336, 694]], '그동안은 이 저택에서', 0.8505335947837401), ([[369, 691], [449, 691], [449, 711], [369, 711]], '지내주시오', 0.985121622387249), ([[146, 914], [246, 914], [246, 938], [146, 938]], '머지않아 궁올', 0.5792409015346667), ([[157, 935], [235, 935], [235, 955], [157, 955]], '나가러하오', 0.9803301692766199), ([[564, 952], [636, 952], [636, 976], [564, 976]], '곧 거처름', 0.5476075540883887), ([[559, 973], [639, 973], [639, 993], [559, 993]], '마련하켓소', 0.9939530553440359)]
[([[438, 74], [490, 74], [490, 98], [438, 98]], '길리안', 0.48365083476316406), ([[516, 284], [684, 284], [684, 312], [516, 312]], '나와 결혼해주시오', 0.9977239530332209), ([[203, 431], [251, 431], [251, 447], [203, 447]], '그리고', 0.9999782511688158), ([[160, 444], [290, 444], [290, 468], [160, 468]], '정식으로 청하켓소', 0.9559295979006466)]
[]
[([[374, 610], [410, 610], [410, 634], [374, 634]], '마님', 0.880846193012872), ([[271, 767], [365, 767], [365, 787], [271, 787]], '주인어른께서', 0.899973593854158), ([[252, 784], [384, 784], [384, 808], [252, 808]], '오늘저녁에 저택에', 0.9878925043707756), ([[244, 802], [390, 802], [390, 826], [244, 826]], '돌아오신다고 합니다', 0.862059048278093), ([[581, 825], [619, 825], [619, 877], [581, 877]], '탁', 0.2565726879698218), ([[305, 925], [347, 925], [347, 943], [305, 943]], '그래?', 0.9999966963759913)]
[([[502, 182], [586, 182], [586, 206], [502, 206]], '오늘 저녁은', 0.6652758512916329), ([[156, 198], [300, 198], [300, 222], [156, 222]], '부엌 좀 쓸수잇올까?', 0.6175326155936377), ([[485, 203], [601, 203], [601, 223], [485, 223]], '내가 만들고싶어', 0.9968400058405728), ([[599, 287], [665, 287], [665, 305], [599, 305]], '잇! 그런건', 0.5135413008806384), ([[325, 309], [353, 309], [353, 329], [325, 329]], '네?', 0.99951189009898), ([[595, 303], [669, 303], [669, 323], [595, 323]], '사용인에게', 0.975206312944669), ([[591, 321], [675, 321], [675, 339], [591, 339]], '맡기시지요 !', 0.9862720736617703), ([[322, 450], [380, 450], [380, 476], [322, 476]], '오늘은', 0.9989795938589996), ([[565, 485], [629, 485], [629, 505], [565, 505]], '레일리는', 0.569574773311615), ([[575, 503], [619, 503], [619, 523], [575, 523]], '어때?', 0.9966311454772949), ([[449, 578], [549, 578], [549, 598], [449, 598]], '아가씨논 방금', 0.6214941524634606), ([[452, 596], [548, 596], [548, 620], [452, 620]], '잠드섞습니다', 0.32706090798539983), ([[633, 637], [697, 637], [697, 655], [633, 655]], '그래 그럼', 0.8551828175858874), ([[621, 653], [707, 653], [707, 671], [621, 671]], '깨기전에 얼른', 0.9980942521281099), ([[617, 669], [711, 669], [711, 689], [617, 689]], '끝내야켓는걸?', 0.2770999865299896), ([[667, 723], [741, 723], [741, 743], [667, 743]], '미안하지만', 0.9503977529296656), ([[657, 741], [751, 741], [751, 761], [657, 761]], '좀 도와쥐 몰리', 0.5290775407271423), ([[62, 854], [179, 854], [179, 880], [62, 880]], '내가 하고싶어', 0.8398914390760811), ([[353, 859], [486, 859], [486, 884], [353, 884]], '아니요  무슨 말씀올', 0.6353431131152384), ([[354, 876], [484, 876], [484, 900], [354, 900]], '당연히 도와드려야조', 0.7895467173008515), ([[465, 951], [563, 951], [563, 971], [465, 971]], '언제나 고마위', 0.9409789594670888), ([[408, 1057], [520, 1057], [520, 1081], [408, 1081]], '아유-아법니다!', 0.35896859121003905)]
[([[232, 82], [560, 82], [560, 130], [232, 130]], '15 57어:꾸 왕자_공주', 0.01698006040991717), ([[361, 125], [433, 125], [433, 169], [361, 169]], '후기', 0.9999950266754979), ([[144, 186], [560, 186], [560, 210], [144, 210]], '웨당프로적트의 첫번째 [5스토리 왕자*공주 편 이엇습니다.', 0.36221798562671254), ([[144, 204], [346, 204], [346, 228], [144, 228]], '어떻게 재미있으석느지요 .?', 0.2371122341203584), ([[141, 224], [548, 224], [548, 248], [141, 248]], '5스토리는 제목그대로 본편의 설정과는 아무 연관이없는', 0.6982555337591024), ([[144, 242], [422, 242], [422, 266], [144, 266]], '세계관에서의 린과 렌의 이야기 입니다', 0.7119494462531426), ([[162, 278], [610, 278], [610, 304], [162, 304]], '번 스토리의 세계관은 멸망하 나라의 공주와 침락국의 왕자라는', 0.2478805684371683), ([[144, 298], [306, 298], [306, 322], [144, 322]], '컨섭 이엇답니다 . 혜햇', 0.08290214585009624), ([[146, 316], [570, 316], [570, 342], [146, 342]], '역시 만화을 그런다면 로판만화 하나픔은 그려보야하지않나', 0.4346583829467571), ([[146, 336], [384, 336], [384, 360], [146, 360]], '싶어서 도전해본 만화 엿습니다만', 0.5350928004522263), ([[144, 352], [542, 352], [542, 378], [144, 378]], '처음 기획과는 다르게 무난한 순애물로 완성이 되없네요', 0.5293974627902904), ([[144, 372], [550, 372], [550, 398], [144, 398]], '사실 처음어는 좀 피페한 분위기의 안데레 스토커 왕자와', 0.3714371224786147), ([[144, 392], [420, 392], [420, 416], [144, 416]], '이웃나라 공주 린 이라는 건.이엎논데', 0.19133580880013218), ([[144, 408], [494, 408], [494, 434], [144, 434]], '저희 애들로 도저히 그런 이야기틀 쓸수가 없어서', 0.5282558759696547), ([[146, 430], [460, 430], [460, 454], [146, 454]], '도중에 방향울 틀어서 완성한 이야기 탑니다', 0.47815177300231343), ([[144, 448], [510, 448], [510, 472], [144, 472]], '근데 저논 이런 순애물올 더 좋아해서 만족스럽네요', 0.6182935639728098), ([[515, 455], [545, 455], [545, 469], [515, 469]], '승승', 0.41263049240617833), ([[146, 486], [542, 486], [542, 510], [146, 510]], '로판만화 라고는 햇으나 흔히 불수앞는 로판물의 요소는', 0.3649967089439475), ([[144, 502], [300, 502], [300, 528], [144, 528]], '거의 없다시피 하네요', 0.9453594776130816), ([[144, 524], [478, 524], [478, 548], [144, 548]], '그냥 권섭만 로판일뿐 . 평범한 로맨스 만화네요', 0.2917087652455182), ([[146, 542], [532, 542], [532, 566], [146, 566]], '뭐 상관없습니다 물은 결혼해서 슬하에 딸도 하나 두고', 0.7183432717778799), ([[144, 559], [494, 559], [494, 586], [144, 586]], '행복하게 살게되없으니까요 (메데타시 메데타시)', 0.7524725289779329), ([[144, 598], [588, 598], [588, 622], [144, 622]], '맛 참고로 등장인물 이름이나 나라이름등은 약의딸 시리즈에서', 0.565297433916758), ([[144, 617], [621, 617], [621, 642], [144, 642]], '따오긴 햇지만 해당 시리즈와는 아무 연관이없다는점 알려드컵니다', 0.6666788765824553), ([[144, 636], [400, 636], [400, 660], [144, 660]], '(그냥 오마주 정도로 생각해주세요)', 0.8914387631731658), ([[144, 656], [664, 656], [664, 680], [144, 680]], "린 이름도 '킬리안느' 가 맞지만 여기서논 '킬리안' 으로 바꾸기도 햇구요 .", 0.37420391432642214), ([[146, 692], [556, 692], [556, 716], [146, 716]], '그외에 또 할말이 있다면 생각보다 수위가 낮다는것 정도?', 0.6789885912995496), ([[144, 712], [506, 712], [506, 736], [144, 736]], '본편에 비해서는 정말 수위가 낮은 만화네요 이거  ', 0.36936299996119043), ([[144, 730], [422, 730], [422, 754], [144, 754]], '성기노출도 없고 그런.연출도 별로없고', 0.884164930203795), ([[146, 748], [584, 748], [584, 772], [146, 772]], '스토리블 진중하게 풀다보니 씩스씬의 수위가 낮아진듯합니다', 0.2756033588345911), ([[144, 768], [458, 768], [458, 792], [144, 792]], '근데 또 행위논 너무 적나라하게 묘사되어서', 0.7389685009839561), ([[146, 786], [334, 786], [334, 810], [146, 810]], '성인으로 올림수밖에 없는;', 0.6124490999481134), ([[338, 786], [526, 786], [526, 810], [338, 810]], '그런 만화가 되어버럿지만', 0.8767589408455219), ([[146, 804], [436, 804], [436, 830], [146, 830]], '이런 저희 애들이라도 많이 사랑해주세요', 0.7358462233825191), ([[144, 842], [378, 842], [378, 866], [144, 866]], '15스토리는 앞으로도 계속되니다', 0.2749478084096433), ([[144, 862], [514, 862], [514, 886], [144, 886]], '다음 스토리는 서류버스 린장 만화가 되지않올까요?', 0.5568987961954921), ([[148, 880], [454, 880], [454, 904], [148, 904]], '그 누구보다 제가 기대하고있는 만화입니다', 0.42679573780086344), ([[145, 901], [279, 901], [279, 921], [145, 921]], '얼른 그리고싶네요', 0.9198040087167071), ([[146, 918], [418, 918], [418, 942], [146, 942]], '그럼 다음 에피소드에서 만나요 안녕~', 0.8085756061235726), ([[580, 1052], [638, 1052], [638, 1080], [580, 1080]], '2023', 0.6583815929329796), ([[649, 1053], [667, 1053], [667, 1075], [649, 1075]], '11', 0.8725662512469722), ([[682, 1052], [714, 1052], [714, 1080], [682, 1080]], '23', 1.0), ([[574.8384650161883, 821.0269978480484], [799.1530409597617, 879.4136815064007], [739.1615349838117, 1085.9730021519517], [515.8469590402383, 1027.5863184935993]], '(1', 0.27348230946786545)]
[([[517, 345], [613, 345], [613, 371], [517, 371]], '살아있어서', 0.9984934817000624), ([[506, 369], [626, 369], [626, 395], [506, 395]], '정말 다행이오', 0.7592046463458023), ([[356, 372], [432, 372], [432, 464], [356, 464]], '와', 0.9380988523504961)]
[([[244, 104], [350, 104], [350, 128], [244, 128]], '다행이라고요?', 0.9971895178997445), ([[544, 300], [696, 300], [696, 324], [544, 324]], '숲이 불티고 백성들은', 0.3397968234796876), ([[556, 318], [688, 318], [688, 342], [556, 342]], '포로로 끌려간데다', 0.7920840529343236), ([[552, 336], [688, 336], [688, 360], [552, 360]], '왕가 사람들은 모두', 0.7197426696273186), ([[562, 356], [680, 356], [680, 380], [562, 380]], '처형 당햇습니다', 0.852636633240259), ([[211, 411], [305, 411], [305, 431], [211, 431]], '루시페니아는', 0.3444816751035089), ([[207, 431], [307, 431], [307, 449], [207, 449]], '이제 지도에서', 0.9928802530619883), ([[213, 449], [301, 449], [301, 469], [213, 469]], '지위지켓조!', 0.6358046693244273), ([[269, 577], [327, 577], [327, 595], [269, 595]], '마치국이', 0.2604833245277405), ([[233, 593], [363, 593], [363, 613], [233, 613]], '배신 하지 않앗다면!', 0.4569304362926208), ([[605, 621], [719, 621], [719, 639], [605, 639]], '그런데 이제외서', 0.45932899499106233), ([[618, 638], [704, 638], [704, 662], [618, 662]], '저만 살려문', 0.6426657259951843), ([[612, 656], [712, 656], [712, 680], [612, 680]], '이유가 뭐조?!', 0.9923697407598545), ([[505, 919], [607, 919], [607, 939], [505, 939]], '설미 이런 일로', 0.8223256984593565), ([[474, 936], [642, 936], [642, 960], [474, 960]], '다시 돌아갈수 있율거라', 0.5087755607819702), ([[114, 956], [246, 956], [246, 980], [114, 980]], '이런일은 일이나지', 0.9655401307852498), ([[492, 954], [622, 954], [622, 978], [492, 978]], '생각하는 건가요?!', 0.908092535181582), ([[130, 976], [232, 976], [232, 1000], [130, 1000]], '않앞올템데.!!', 0.14514470883687755)]
[([[343, 119], [377, 119], [377, 139], [343, 139]], '이런', 0.9994640184609862), ([[631, 159], [715, 159], [715, 179], [631, 179]], '귀히 대하라', 0.9547857454909617), ([[618, 176], [714, 176], [714, 200], [618, 200]], '일러두엇거늘', 0.713167744036841), ([[614, 194], [730, 194], [730, 218], [614, 218]], '상처가 나버럿군', 0.7916013772758771), ([[300, 196], [348, 196], [348, 258], [300, 258]], '운', 0.058275846574354695), ([[568, 378], [634, 378], [634, 402], [568, 402]], '미안하오', 0.9998854994773865), ([[275, 771], [369, 771], [369, 791], [275, 791]], '그만두십시오', 0.9959365358978419), ([[597, 765], [731, 765], [731, 785], [597, 785]], '저클 동정하실 생각', 0.47399564928296595), ([[604, 782], [726, 782], [726, 806], [604, 806]], '이시라면 먼저 간', 0.997985499099522), ([[598, 800], [716, 800], [716, 824], [598, 824]], '아버지와 형제들', 0.8707174518642068), ([[599, 821], [729, 821], [729, 841], [599, 841]], '따르게 해주십시오', 0.8459273525188464), ([[365, 897], [399, 897], [399, 913], [365, 913]], '이제', 0.999921017719485), ([[395, 891], [448, 891], [448, 916], [395, 916]], '더이상', 0.9977811889701534), ([[355, 913], [439, 913], [439, 933], [355, 933]], '약혼 관계도', 0.9994442636793812), ([[340, 930], [456, 930], [456, 954], [340, 954]], '아니지 않습니까', 0.7004527742472737), ([[661, 981], [743, 981], [743, 997], [661, 997]], '무시페니아의', 0.2617136160792512), ([[641, 997], [759, 997], [759, 1017], [641, 1017]], '공주로서 명예롬게', 0.5731260649759213), ([[651, 1013], [737, 1013], [737, 1033], [651, 1033]], '죽운수있도록', 0.2824709198899708)]
[([[214, 174], [266, 174], [266, 198], [214, 198]], '길리안', 0.3590477223308485), ([[185, 451], [321, 451], [321, 471], [185, 471]], '그런소리 하지마오!', 0.9329853986824282), ([[603, 547], [667, 547], [667, 565], [603, 565]], '그대마저', 0.8879448175430298), ([[587, 565], [685, 565], [685, 585], [587, 585]], '없어지면 . 난!', 0.6180966145192343), ([[191, 787], [289, 787], [289, 807], [191, 807]], '당신 만이라도', 0.9459943236465395), ([[176, 804], [306, 804], [306, 828], [176, 828]], '무사하길 바라면서', 0.99900959568929), ([[203, 827], [277, 827], [277, 845], [203, 845]], '이때까지  ,', 0.17826752647945512), ([[595, 921], [665, 921], [665, 941], [595, 941]], '얼마나.. !', 0.5544951391593638)]
[([[107, 21], [349, 21], [349, 233], [107, 233]], '자', 0.9768557010004066), ([[270, 460], [318, 460], [318, 536], [270, 536]], '새', 0.9840950693065089), ([[236, 866], [344, 866], [344, 890], [236, 890]], '이제.. 아무것도', 0.7787952138738523), ([[238, 884], [340, 884], [340, 908], [238, 908]], '의미 없습니다', 0.9930825449762974), ([[527, 1001], [613, 1001], [613, 1021], [527, 1021]], '저에컨 이제', 0.5172374330680554), ([[504, 1018], [622, 1018], [622, 1042], [504, 1042]], '다 필요없다구요', 0.9572994802642822)]
[([[545, 253], [611, 253], [611, 273], [545, 273]], '.더이상', 0.6382942795753479), ([[490, 606], [592, 606], [592, 630], [490, 630]], '살아갈 이유가', 0.7833372675197576), ([[500, 626], [572, 626], [572, 650], [500, 650]], '없으니까', 0.9900382161140442), ([[233, 933], [307, 933], [307, 949], [233, 949]], '그러니 이제', 0.6205545651448295), ([[229, 949], [303, 949], [303, 967], [229, 967]], '그만두세요.', 0.9495938548292934), ([[201.57573593128808, 199.0301515190165], [223.3425720178735, 190.01962344450067], [253.42426406871192, 274.9698484809835], [231.6574279821265, 282.98037655549933]], '국', 0.12316004733384034)]
