2758126
57
[([[70, 23], [271, 23], [271, 554], [70, 554]], '#', 0.19942501249103373), ([[0, 510], [617, 510], [617, 707], [0, 707]], ' 육되장-록화장', 6.67052012101369e-05)]
[([[108, 428], [276, 428], [276, 482], [108, 482]], '씨9504 :', 0.13640848403642875), ([[109, 474], [690, 474], [690, 543], [109, 543]], '단지; 시비 걸어서 나도 좀 백져어,', 0.14388831720593384), ([[107, 529], [603, 529], [603, 593], [107, 593]], '그러니간 너에컨 자기 입장울', 0.2896438931982676), ([[107, 583], [405, 583], [405, 645], [107, 645]], '알게 해주려고 해', 0.8499914408780638)]
[([[108, 424], [259, 424], [259, 484], [108, 484]], '씨9504', 0.1117008864295243), ([[107, 473], [849, 473], [849, 540], [107, 540]], '사과하려면 지금볕이야 그력저력 이름 날린', 0.5228928096824331), ([[111, 529], [763, 529], [763, 593], [111, 593]], '불랑아라지만 이대로라면 활개름 치며', 0.23750456685362667), ([[109, 580], [691, 580], [691, 643], [109, 643]], '교정올 돌아다니게 되어버리잡아?', 0.9553932401734387)]
[([[101, 415], [263, 415], [263, 477], [101, 477]], '불량학생', 0.7394759733815338), ([[101, 519], [327, 519], [327, 581], [101, 581]], '^ : 사과한다', 0.4299438930377779), ([[103, 571], [449, 571], [449, 633], [103, 633]], '3 : 사과하지 안분다', 0.21212496129441905)]
[([[1433, 231], [1629, 231], [1629, 425], [1433, 425]], '((1', 0.31381865024154987), ([[2460, 592], [2840, 592], [2840, 942], [2460, 942]], '65', 0.18985549942933602), ([[293, 1209], [693, 1209], [693, 1359], [293, 1359]], '불량학생', 0.8154889988343643), ([[277, 1394], [861, 1394], [861, 1570], [277, 1570]], '4:사과하다', 0.7449869568045296), ([[291, 1531], [1168, 1531], [1168, 1682], [291, 1682]], '3 : 사과하지 안분다', 0.2942429743157341)]
[([[108, 442], [264, 442], [264, 494], [108, 494]], '씨9504:', 0.0731552808201893), ([[107, 487], [499, 487], [499, 547], [107, 547]], '헤에; 의외로 순순하네.', 0.8785317432977268), ([[107, 538], [645, 538], [645, 599], [107, 599]], "그럼 상낭하게 '체벌_ 해줄게0", 0.4510595540339551)]
[]
[([[104, 428], [272, 428], [272, 480], [104, 480]], '씨95어4 :', 0.14452770124605532), ([[103, 477], [563, 477], [563, 539], [103, 539]], '그렇게 긴장하지 않아도 돼', 0.6072618259029031)]
[]
[]
[([[110, 426], [254, 426], [254, 480], [110, 480]], '씨95어4', 0.04016829209814151), ([[107, 472], [677, 472], [677, 538], [107, 538]], '꽤 힘들어 보이논데 괜찮아? 설마', 0.6065637542271404), ([[109, 526], [717, 526], [717, 589], [109, 589]], '여자애한터 발길질 당해서 느끼거나', 0.7592771826882233), ([[108, 574], [431, 574], [431, 646], [108, 646]], '하는 건 아니켓지?', 0.620552679899075)]
[]
[([[159, 271], [179, 271], [179, 293], [159, 293]], '1', 0.40215011373706844), ([[104, 426], [250, 426], [250, 480], [104, 480]], '씨95어4', 0.11955531338060456), ([[101, 473], [476, 473], [476, 538], [101, 538]], '우와 부풀어오르잡아', 0.75909138756326), ([[511, 475], [599, 475], [599, 537], [511, 537]], '역겨', 0.7144895926796064), ([[103, 527], [553, 527], [553, 589], [103, 589]], '여자애 발로 흥분하눈구나:', 0.5562020431162109), ([[588, 528], [690, 528], [690, 584], [588, 584]], '흐-음', 0.7340801954269409)]
[([[159, 271], [179, 271], [179, 293], [159, 293]], '1', 0.8399383305006722), ([[106, 430], [276, 430], [276, 482], [106, 482]], '씨95어4 :', 0.15513464665818785), ([[105, 479], [661, 479], [661, 539], [105, 539]], '그럼 특별히 내 구두 냄새름 맡게', 0.43378829321507323), ([[105, 527], [721, 527], [721, 595], [105, 595]], '해줄게. 너 같은 변태에권 포상이지?', 0.5080346501613204)]
[]
[([[330, 82], [354, 82], [354, 110], [330, 110]], '~', 0.9723349404896773)]
[([[102, 428], [248, 428], [248, 480], [102, 480]], '씨95어4', 0.10468054315831442), ([[101, 475], [243, 475], [243, 537], [101, 537]], '너 말야', 0.9930920992180995), ([[101, 528], [505, 528], [505, 590], [101, 590]], '정말로 역겨워 죽죽어9', 0.4533403889565574)]
[([[108, 422], [276, 422], [276, 478], [108, 478]], '씨95-4 :', 0.06355309846561388), ([[105, 473], [663, 473], [663, 535], [105, 535]], '구두 냄새름 맡은 순간 순식간에', 0.4371629444956435), ([[105, 525], [431, 525], [431, 587], [105, 587]], '뱃맛해저 버리다니', 0.37889758720051264), ([[463, 523], [837, 523], [837, 586], [463, 586]], '평소 나대던 불량배인', 0.47251044791966107), ([[107, 576], [539, 576], [539, 639], [107, 639]], '주제에 부끄럽지도 않아?', 0.6588307453159049)]
[]
[([[333, 85], [353, 85], [353, 119], [333, 119]], '~', 0.35635057692690353), ([[100, 426], [244, 426], [244, 480], [100, 480]], '씨95어,', 0.04254045707378583), ([[99, 475], [325, 475], [325, 535], [99, 535]], '어절 수 없네.', 0.8857395625846384), ([[99, 523], [605, 523], [605, 590], [99, 590]], '바지틀 벗고 똑바로 누위 있어', 0.5000749338108819)]
[([[104, 426], [272, 426], [272, 480], [104, 480]], '씨95어4 :', 0.13974189094103437), ([[105, 473], [525, 473], [525, 537], [105, 537]], '너의 그 구제불능인 자지', 0.659960994705568), ([[103, 527], [437, 527], [437, 589], [103, 589]], '내가 귀여워 해줄게', 0.6432243428132043)]
[]
[]
[([[108, 426], [254, 426], [254, 480], [108, 480]], '씨95어4', 0.06577545222274585), ([[107, 475], [593, 475], [593, 539], [107, 539]], '이렇게나 운질움질 거리다니', 0.576293984097813), ([[107, 527], [491, 527], [491, 589], [107, 589]], '너 역시 존나 변태구나', 0.9481825956247633)]
[([[108, 428], [274, 428], [274, 480], [108, 480]], '씨95어4 :', 0.18821865984603015), ([[105, 475], [747, 475], [747, 537], [105, 537]], '자아; 이대로 문질러 줄게. 기분 증지?', 0.48520244144493224)]
[([[149.18555579648827, 209.02767020837774], [257.8856091563192, 303.347034488194], [192.81444420351173, 379.97232979162226], [83.11439084368075, 285.652965511806]], ')', 0.0052935666989137875), ([[275.891558421147, 381.03844126451713], [443.31083505599867, 417.8445824720007], [408.108441578853, 556.9615587354829], [240.68916494400133, 519.1554175279994]], '$7', 0.037535181754684926)]
[([[110, 426], [254, 426], [254, 480], [110, 480]], '씨95어4', 0.16536833832918926), ([[110, 474], [768, 474], [768, 538], [110, 538]], '월 망한 표정올 짓논 거야? 말해뒷지만', 0.4203268675097217), ([[109, 526], [445, 526], [445, 590], [109, 590]], '이건 "체벌"이라고', 0.8467947853139923), ([[129.2323448146799, 199.0245791090062], [256.9148593312491, 297.57307073877257], [193.7676551853201, 378.9754208909938], [66.08514066875094, 280.42692926122743]], '(시', 0.22209935688838714)]
[([[124, 240], [220, 240], [220, 362], [124, 362]], '기', 0.041894376467155325), ([[106, 422], [248, 422], [248, 476], [106, 476]], '씨95어4', 0.06654664261869542), ([[105, 471], [661, 471], [661, 533], [105, 533]], '너가 기분 좋아지기만 해선, 그냥', 0.6985926919257834), ([[105, 523], [747, 523], [747, 587], [105, 587]], '포상이 되어 버리잡아! 난 널 곤란하게', 0.6788057139847168), ([[103, 575], [399, 575], [399, 635], [103, 635]], '만들고 싶은 건데', 0.6702754181423545)]
[]
[([[110, 422], [254, 422], [254, 476], [110, 476]], '495어,', 0.044308459381928185), ([[109, 473], [679, 473], [679, 533], [109, 533]], '그렇지! 만일 너가 내 발로 해주다', 0.7218407101571058), ([[107, 524], [701, 524], [701, 587], [107, 587]], '사정하다면 네 추태흘 사진올 찍어', 0.25736151469394336), ([[109, 577], [455, 577], [455, 637], [109, 637]], '뿌러버리면 어떻까?', 0.6235490284805801)]
[([[106, 430], [274, 430], [274, 484], [106, 484]], '씨95어4 :', 0.20314545637569523), ([[105, 479], [875, 479], [875, 541], [105, 541]], '사진올 퍼뜨러 버리면 더는 이 학교에 있을 곳', 0.5093729925636159), ([[107, 531], [735, 531], [735, 593], [107, 593]], '없어지켓네. 아무리 위세틀 떨려 해도', 0.5038317276358948), ([[107, 582], [875, 582], [875, 646], [107, 646]], '근본은 마조변태라는 겉 모두가 알아버리잡아', 0.7422917857263918)]
[]
[([[106, 426], [254, 426], [254, 480], [106, 480]], '495어4', 0.12001079259234665), ([[107, 473], [681, 473], [681, 535], [107, 535]], '어; 어라  ? 설마 우는 거야? 에액', 0.4058327902719288), ([[107, 523], [762, 523], [762, 589], [107, 589]], '너무 한심한 거 아냐? 교내에서 유명한', 0.7622414322362231), ([[107, 578], [678, 578], [678, 641], [107, 641]], '불량 학생이라면서 이럼 곤란하지', 0.9843678584760831)]
[]
[([[108, 428], [276, 428], [276, 480], [108, 480]], '씨95어4 :', 0.21292474590894592), ([[107, 474], [613, 474], [613, 540], [107, 540]], '그럼 3분간 내 뜻잡올 견달 수', 0.4364745175268304), ([[107, 528], [621, 528], [621, 591], [107, 591]], '있다면 사진은 찍지 않아 줄게.', 0.729217179224184), ([[107, 580], [539, 580], [539, 643], [107, 643]], '참 다행이네. 내가 착해서', 0.9646335615033661)]
[([[68, 276], [190, 276], [190, 352], [68, 352]], '-내', 0.20657206037527792), ([[398.2185469050425, 571.2304782391615], [491.30998784077656, 559.4388565983073], [496.7814530949575, 622.7695217608385], [402.69001215922344, 635.5611434016927]], '8(', 0.06801755588607958)]
[([[68, 278], [190, 278], [190, 354], [68, 354]], '-내', 0.2428886569696855), ([[108, 428], [252, 428], [252, 482], [108, 482]], '씨95어,', 0.04145569119377225), ([[105, 477], [788, 477], [788, 539], [105, 539]], '자아 아직 30초밖에 지나지 않앞으니간', 0.31486794287749637), ([[107, 526], [873, 526], [873, 594], [107, 594]], '그런 한심한 표정 짓지 말아줄래? 이제부터가', 0.6826560356763308), ([[107, 583], [301, 583], [301, 643], [107, 643]], '진짜라고9', 0.9872372636057233)]
[([[10, 110], [128, 110], [128, 184], [10, 184]], '-내', 0.7203083450184873), ([[252, 216], [368, 216], [368, 290], [252, 290]], '30', 0.014270989337467194), ([[66, 276], [190, 276], [190, 354], [66, 354]], '-내', 0.12882042074545794), ([[443, 323], [556, 323], [556, 390], [443, 390]], '8고', 0.029869293340643154), ([[273.2185469050425, 385.23047823916147], [377.44791528874595, 370.60452289203454], [382.7814530949575, 436.76952176083853], [278.55208471125405, 450.39547710796546]], '끊0', 0.027076913770714577), ([[396.12649295349735, 571.2553746325904], [490.0816687873408, 555.1857874646245], [497.87350704650265, 620.7446253674096], [403.9183312126592, 636.8142125353755]], '8어', 0.08918628023752348)]
[([[8, 110], [128, 110], [128, 184], [8, 184]], '내', 0.9704193699184636), ([[252, 218], [366, 218], [366, 290], [252, 290]], '매', 0.07000644616710705), ([[66, 276], [190, 276], [190, 354], [66, 354]], '-내', 0.1337753519334132), ([[447, 327], [553, 327], [553, 389], [447, 389]], '8과', 0.030930612129700143), ([[106, 432], [249, 432], [249, 486], [106, 486]], '씨95어,', 0.04726110174478464), ([[115, 481], [709, 481], [709, 541], [115, 541]], "'1분 경과! 아직 3분의 1인데 벌써", 0.8206328116154766), ([[105, 531], [787, 531], [787, 593], [105, 593]], '쿠퍼액이 줄줄 흐르잡아! 근성올 보여보!', 0.3668794394766133), ([[105, 584], [635, 584], [635, 647], [105, 647]], '안 그러면 너 곧장나 버린다고?', 0.7375000192113151), ([[276.8509805405407, 386.33803967567616], [376.3560718294176, 369.49306150939253], [384.1490194594593, 430.66196032432384], [283.6439281705824, 447.50693849060747]], '50', 0.006773216056528909)]
[([[10, 110], [128, 110], [128, 182], [10, 182]], '-내', 0.34517043823192306), ([[252, 216], [368, 216], [368, 290], [252, 290]], ':0', 0.023287334302252723), ([[20, 292], [62, 292], [62, 324], [20, 324]], '꼴이', 0.0025286471494686807), ([[64, 278], [190, 278], [190, 354], [64, 354]], '-', 0.6102336627561868), ([[443, 323], [556, 323], [556, 390], [443, 390]], '8고', 0.035927137990730676), ([[275.3022506247457, 385.20900249898267], [378.5389950097452, 373.71986749246963], [382.6977493752543, 438.79099750101733], [279.4610049902548, 450.28013250753037]], "'0", 0.17420357043194415), ([[395.12649295349735, 571.2553746325904], [490.14618567316415, 556.2548158078616], [497.87350704650265, 620.7446253674096], [402.85381432683585, 636.7451841921384]], '8(', 0.0915385942162081)]
[([[13, 113], [127, 113], [127, 181], [13, 181]], '-내', 0.2876240923662649), ([[254, 218], [368, 218], [368, 290], [254, 290]], '매', 0.07326219873482476), ([[20, 294], [60, 294], [60, 322], [20, 322]], '시0', 0.004521933774361248), ([[66, 278], [192, 278], [192, 356], [66, 356]], '-내', 0.33833430469272713), ([[447, 325], [555, 325], [555, 389], [447, 389]], '8오', 0.055766221502586644), ([[106, 432], [250, 432], [250, 486], [106, 486]], '씨95어,', 0.033482249727834965), ([[103, 481], [699, 481], [699, 541], [103, 541]], '2분 경과! 쿠퍼액 튀고 허리도 벌써', 0.7838999168896983), ([[105, 533], [265, 533], [265, 593], [105, 593]], '부들부들', 0.9983859062194824), ([[276, 546], [306, 546], [306, 578], [276, 578]], '크', 0.30250768427960395), ([[315, 533], [829, 533], [829, 597], [315, 597]], '앞으로 1분 남있으니 힘내화9', 0.3284682721553159), ([[278.8509805405407, 386.33803967567616], [378.3560718294176, 369.49306150939253], [386.1490194594593, 430.66196032432384], [285.6439281705824, 447.50693849060747]], '~0', 0.016649253537129573), ([[400.20510460345565, 584.3332719689847], [494.2371210789932, 573.345418119185], [497.79489539654435, 619.6667280310153], [402.7628789210068, 630.654581880815]], '80', 0.9710845644840892)]
[([[10, 110], [128, 110], [128, 182], [10, 182]], '-내', 0.5469499570199167), ([[252, 216], [368, 216], [368, 290], [252, 290]], ':0', 0.02190373966370257), ([[20, 292], [62, 292], [62, 324], [20, 324]], '싣?', 0.004993072738273552), ([[64, 278], [190, 278], [190, 354], [64, 354]], '-', 0.5953952710574981), ([[443, 323], [556, 323], [556, 390], [443, 390]], '8오', 0.01743061731950511), ([[275.3786563088577, 384.19035649720246], [378.56227829370846, 373.75016939357107], [382.6213436911423, 439.80964350279754], [278.43772170629154, 450.24983060642893]], ',0', 0.05788510824254729), ([[395.1736368240006, 571.2424562488021], [490.14618567316415, 556.2548158078616], [496.8263631759994, 621.7575437511979], [402.85381432683585, 636.7451841921384]], '8(', 0.09745411562395942)]
[([[10, 108], [128, 108], [128, 182], [10, 182]], '-내', 0.19460081485813638), ([[252, 216], [368, 216], [368, 290], [252, 290]], ':0', 0.06670204846174166), ([[20, 292], [62, 292], [62, 324], [20, 324]], '쇼?', 0.0014413248295469113), ([[64, 278], [192, 278], [192, 354], [64, 354]], '-내', 0.31837111562839754), ([[447, 325], [553, 325], [553, 389], [447, 389]], '8고', 0.07316307414712198), ([[290, 379], [379, 379], [379, 433], [290, 433]], '', 0.0), ([[106, 428], [250, 428], [250, 480], [106, 480]], '95-4', 0.2338746339082718), ([[103, 477], [765, 477], [765, 537], [103, 537]], '자아 라스트 스퍼트 10! 91 8 7! 6! 5!', 0.2987775798531289), ([[104, 532], [250, 532], [250, 584], [104, 584]], '4! 3! 21', 0.25420884410705225), ([[299, 531], [363, 531], [363, 593], [299, 593]], '앗,', 0.24380525187506463), ([[353, 525], [501, 525], [501, 637], [353, 637]], '우와엇', 0.16502992234659672)]
[([[104, 70], [204, 70], [204, 204], [104, 204]], '%"', 0.11077589991272598)]
[([[104, 430], [246, 430], [246, 482], [104, 482]], '씨9504', 0.09140558984149118), ([[101, 477], [321, 477], [321, 539], [101, 539]], '아; 눈 멋어?', 0.266653794311193)]
[([[106, 428], [274, 428], [274, 482], [106, 482]], '씨95어4 :', 0.18919580459457588)]
[([[106, 428], [250, 428], [250, 482], [106, 482]], '씨95어4', 0.16277010854666282), ([[105, 479], [296, 479], [296, 536], [105, 536]], '아~ 아  0', 0.5640925210104698)]
[([[104, 428], [250, 428], [250, 482], [104, 482]], '씨95어4', 0.12163259830641861), ([[103, 472], [809, 472], [809, 541], [103, 541]], '아쉽계 뒷네~9 사정해버로네9 꼴사나운', 0.3053247195102421), ([[103, 528], [823, 528], [823, 593], [103, 593]], '아해가오 드러내면서 필사적으로 버티다가', 0.6956181194769759), ([[103, 580], [711, 580], [711, 643], [103, 643]], '마지막에 어이없이 뜻 #옷해버럿네', 0.22262068532232082), ([[732, 592], [762, 592], [762, 628], [732, 628]], '0', 0.4261609445856074)]
[([[106, 428], [250, 428], [250, 480], [106, 480]], '씨95어4', 0.08779115682371481), ([[107, 475], [850, 475], [850, 538], [107, 538]], '약속햇으니깐 너의 이 비참하고 처량한 모습', 0.47597503956610565), ([[105, 529], [439, 529], [439, 589], [105, 589]], '사진으로 찍어 줄게', 0.8199496630030988)]
[([[240.3201299854355, 466.02571580774844], [383.928836055044, 550.8704484508679], [343.67987001456453, 615.9742841922515], [200.07116394495603, 532.1295515491321]], "간'과9", 0.00584932416677475)]
[([[106, 428], [250, 428], [250, 482], [106, 482]], '씨95어4', 0.07796642424453148), ([[105, 476], [771, 476], [771, 542], [105, 542]], '그나저나 년 자존심 같은 거 없어? 잘도', 0.790722398130483), ([[105, 529], [811, 529], [811, 594], [105, 594]], '이런 약소한 자지 달고서 그렇게 건방지게', 0.5827982351195594), ([[105, 582], [342, 582], [342, 644], [105, 644]], '물어덧없구나', 0.0969311677158795)]
[([[104, 430], [248, 430], [248, 482], [104, 482]], '씨95어4', 0.0688219738447514), ([[105, 479], [733, 479], [733, 543], [105, 543]], '뭐 어찌쨌든; 너의 지금까지의 인생은', 0.36064937024997407), ([[103, 529], [599, 529], [599, 591], [103, 591]], '이걸로 끝 $ 앞으로는 암전히', 0.3444769496584655), ([[105, 583], [573, 583], [573, 643], [105, 643]], '분수에 맞는 학교 생활올 해', 0.7375031369366403)]
[([[789, 593], [989, 593], [989, 703], [789, 703]], '[물0)', 0.20894469320774078)]
[([[106, 419], [257, 419], [257, 480], [106, 480]], '물950,', 0.058650868287965355), ([[107, 471], [873, 471], [873, 535], [107, 535]], '어째서 손이 묶여 있고 거기에 앉아 앞는 건지', 0.4861993438797148), ([[105, 522], [699, 522], [699, 588], [105, 588]], '이해할 수 없젯단 표정올 하고 있네', 0.22264193397104767)]
[([[108, 426], [278, 426], [278, 478], [108, 478]], '씨950, :', 0.03555555180471388), ([[109, 475], [639, 475], [639, 537], [109, 537]], '너가 계속해서 프린트 제출하지', 0.9658251843107836), ([[107, 526], [637, 526], [637, 591], [107, 591]], '않아서 말 걸없던 건 기억하지?', 0.3658908993183448)]
[([[106, 424], [275, 424], [275, 484], [106, 484]], '씨9504 :', 0.1330369091300528), ([[107, 475], [677, 475], [677, 539], [107, 539]], '그렇터니 갑자기 너가 담겨드니깐', 0.15047144015857883), ([[107, 529], [431, 529], [431, 591], [107, 591]], '되갚아주려논 거지', 0.5839308598406118)]
[([[106, 426], [272, 426], [272, 480], [106, 480]], '씨95어, :', 0.08529953288834868), ([[105, 475], [795, 475], [795, 539], [105, 539]], '그나저나; 너 너무 약해 순식간에 기절해', 0.7639520754422456), ([[105, 527], [449, 527], [449, 591], [105, 591]], '버리다니. 좀 웃료어', 0.6588208957275893)]
