2761629
23
[([[670, 126], [736, 126], [736, 150], [670, 150]], '그래서', 0.9999912591646607), ([[671, 151], [738, 151], [738, 181], [671, 181]], '잇잡아', 0.5292294917459863), ([[576, 230], [640, 230], [640, 256], [576, 256]], '토모요', 0.6239120582726135), ([[574, 254], [642, 254], [642, 280], [574, 280]], '장이당', 0.03360226389558841), ([[576, 278], [640, 278], [640, 304], [576, 304]], '쿠키틀', 0.24767670035362244), ([[576, 302], [640, 302], [640, 328], [576, 328]], '만들고', 0.9995406038244041), ([[566, 326], [652, 326], [652, 354], [566, 354]], '잇어는데', 0.2559225559234619), ([[88, 628], [154, 628], [154, 654], [88, 654]], '그런데', 0.9998992401255548), ([[78, 652], [164, 652], [164, 678], [78, 678]], '켜로장이', 0.42455530166625977), ([[78, 676], [146, 676], [146, 702], [78, 702]], '갑자기', 0.9972074458767549)]
[([[120, 748], [176, 748], [176, 774], [120, 774]], '좀 더', 0.9941767454147339), ([[102, 772], [170, 772], [170, 798], [102, 798]], '벌려화', 0.7447613552778666)]
[([[311, 591], [405, 591], [405, 651], [311, 651]], '(우 하', 0.17027640342712402)]
[([[555, 171], [597, 171], [597, 207], [555, 207]], '허', 0.37672196392135504), ([[558, 212], [582, 212], [582, 240], [558, 240]], '0', 0.9999486214561593), ([[767, 223], [808, 223], [808, 298], [767, 298]], '울', 0.1567188615918278), ([[1008, 240], [1034, 240], [1034, 268], [1008, 268]], '9', 0.8057893327830676), ([[148, 448], [178, 448], [178, 492], [148, 492]], '옷', 0.14592215517245677), ([[464, 505], [514, 505], [514, 609], [464, 609]], '$', 0.19750752930036697)]
[([[154, 174], [184, 174], [184, 254], [154, 254]], '응', 0.9776549312205738), ([[94, 452], [132, 452], [132, 482], [94, 482]], '이', 0.3510499299214622), ([[624, 598], [730, 598], [730, 624], [624, 624]], '사오랑군의', 0.9951686585377624), ([[638, 622], [686, 622], [686, 646], [638, 646]], '자지', 0.9999877774358098), ([[504, 690], [594, 690], [594, 714], [504, 714]], '아까보다', 0.9999766945838928), ([[496, 714], [602, 714], [602, 738], [496, 738]], '더 커진 거', 0.843931489812521), ([[510, 738], [558, 738], [558, 764], [510, 764]], '같아', 0.9911670377935795), ([[406.6278957962324, 373.023166369859], [434.2826834466674, 376.28804071276033], [424.3721042037676, 458.976833630141], [396.7173165533326, 455.71195928723967]], '춤', 0.0031328004195144837)]
[([[698, 122], [784, 122], [784, 148], [698, 148]], '사구라의', 0.5830480456352234), ([[702, 146], [752, 146], [752, 170], [702, 170]], '거기 ', 0.918297089381641), ([[616, 222], [660, 222], [660, 248], [616, 248]], '엄청', 0.9877127350945835), ([[594, 246], [682, 246], [682, 272], [594, 272]], '질석질적', 0.5794711112976074), ([[577, 269], [668, 269], [668, 299], [577, 299]], '해려잡아', 0.19755640625953674), ([[77, 351], [125, 351], [125, 389], [77, 389]], '히', 0.07915689273319515), ([[83, 393], [127, 393], [127, 435], [83, 435]], '이', 0.22035702588294104), ([[355, 443], [443, 443], [443, 557], [355, 557]], '흙', 0.3034775906580798)]
[([[539, 161], [577, 161], [577, 257], [539, 257]], '응', 0.9616710474784327), ([[127, 493], [171, 493], [171, 539], [127, 539]], '야', 0.11296369890484304)]
[([[1108, 132], [1184, 132], [1184, 158], [1108, 158]], '사무라!', 0.3356459438800812), ([[710, 172], [758, 172], [758, 196], [710, 196]], '이제', 0.9998050342459329), ([[630, 244], [720, 244], [720, 270], [630, 270]], '살테니깐', 0.39904898405075073), ([[158, 492], [188, 492], [188, 536], [158, 536]], '응', 0.9705028665144368), ([[269, 469], [307, 469], [307, 535], [269, 535]], '움', 0.6702985067733067), ([[552, 656], [602, 656], [602, 680], [552, 680]], '나도', 0.9999806967979504)]
[([[204, 124], [236, 124], [236, 158], [204, 158]], '오', 0.9987029469521644), ([[1080, 128], [1158, 128], [1158, 156], [1080, 156]], '사루라]', 0.07126708328723907), ([[204, 164], [236, 164], [236, 212], [204, 212]], '옷', 0.9978265663785493), ([[672, 282], [744, 282], [744, 306], [672, 306]], '사구라]', 0.6041880249977112), ([[631, 529], [697, 529], [697, 681], [631, 681]], '철', 0.03590903732524908), ([[633, 683], [677, 683], [677, 729], [633, 729]], '이', 0.2980466891849609), ([[87, 705], [125, 705], [125, 803], [87, 803]], '호', 0.10325368455256356)]
[([[53, 77], [115, 77], [115, 251], [53, 251]], '응', 0.8974057798009518), ([[504, 358], [554, 358], [554, 428], [504, 428]], '우', 0.08342096825061063), ([[1046, 576], [1094, 576], [1094, 644], [1046, 644]], '우', 0.2245906070552941)]
[([[524, 380], [552, 380], [552, 442], [524, 442]], '헌', 0.8257585274225541), ([[1049, 369], [1094, 369], [1094, 450], [1049, 450]], '중', 0.01480653164671808), ([[986, 524], [1036, 524], [1036, 610], [986, 610]], "'호", 0.02858300543095428), ([[577.4224957091271, 188.03346309849374], [612.4785620332212, 179.0229548544986], [637.5775042908729, 283.9665369015063], [602.5214379667788, 292.9770451455014]], '쥐', 0.03835361536772752), ([[151.51683491303632, 396.02339960427406], [188.01448651019984, 392.10399988555736], [199.48316508696368, 508.97660039572594], [162.98551348980016, 512.8960001144427]], '군', 0.0059504674830714865), ([[71.59821929032564, 575.0134674258521], [113.3586390366742, 566.0107280875408], [146.40178070967434, 735.9865325741479], [104.6413609633258, 744.9892719124592]], "'", 0.34131877975420366)]
[]
[([[206, 252], [232, 252], [232, 276], [206, 276]], '앗', 0.472607569159905)]
[]
[([[626, 124], [650, 124], [650, 150], [626, 150]], '응', 0.9994104777636181), ([[1166, 148], [1230, 148], [1230, 174], [1166, 174]], '오늘도', 0.692912757396698), ([[1078, 244], [1166, 244], [1166, 270], [1078, 270]], '고마워어', 0.9062947630882263), ([[656, 262], [698, 262], [698, 286], [656, 286]], '나도', 0.9999833098887841), ([[552, 352], [598, 352], [598, 378], [552, 378]], '엄청', 0.6554397297964791), ([[516, 376], [634, 376], [634, 404], [516, 404]], '기분 중앙어', 0.4084552272497721), ([[515, 402], [605, 402], [605, 426], [515, 426]], '그러니까', 0.9979736877172384), ([[578, 638], [644, 638], [644, 664], [578, 664]], '나중에', 0.980679919158866), ([[50, 730], [130, 730], [130, 756], [50, 756]], '또 하자', 0.8072177172003164)]
[([[674, 218], [720, 218], [720, 248], [674, 248]], '중은', 0.630581682255825), ([[668, 242], [724, 242], [724, 270], [668, 270]], '꿈 뭐', 0.5180954376029705), ([[602, 316], [668, 316], [668, 342], [602, 342]], '사무라', 0.505334192109909), ([[607, 532], [674, 532], [674, 562], [607, 562]], '사오랑', 0.9950323851327454), ([[616, 560], [662, 560], [662, 586], [616, 586]], '군도', 0.9959742346567024), ([[556, 652], [612, 652], [612, 678], [556, 678]], '잘 자', 0.9959154725074768)]
[([[1122, 144], [1168, 144], [1168, 170], [1122, 170]], '지금', 0.9999818769032406), ([[1074, 168], [1182, 168], [1182, 194], [1074, 194]], '켜로베로스', 0.1818520614687635), ([[1101, 191], [1160, 191], [1160, 220], [1101, 220]], '있어?', 0.6605190437045838), ([[600, 248], [686, 248], [686, 274], [600, 274]], '켜로장은', 0.1947651719024463), ([[589, 273], [697, 273], [697, 299], [589, 299]], '스피빌이랑', 0.4474505945117822), ([[594, 298], [640, 298], [640, 322], [594, 322]], '같이', 0.9991462116413924), ([[646, 298], [690, 298], [690, 322], [646, 322]], '자고', 0.9999879460226044), ([[606, 322], [682, 322], [682, 348], [606, 348]], '잇는데?', 0.5147415399551392), ([[548, 720], [596, 720], [596, 746], [548, 746]], '그럼', 0.9995841202322523)]
[([[1152, 130], [1214, 130], [1214, 156], [1152, 156]], '오늘도', 0.9183751344680786), ([[1112, 234], [1156, 234], [1156, 258], [1112, 258]], '해도', 0.5718446754525257), ([[1092, 258], [1150, 258], [1150, 282], [1092, 282]], '돌까?', 0.18420132994651794)]
[([[152, 396], [200, 396], [200, 454], [152, 454]], '또', 0.025814709181815942), ([[335, 451], [474, 451], [474, 553], [335, 553]], '기0_', 0.006800545472586848)]
[([[605, 137], [705, 137], [705, 173], [605, 173]], '호에옛!-', 0.31899312564075666), ([[1118, 240], [1162, 240], [1162, 268], [1118, 268]], '가슴', 0.9995799903467872), ([[1118, 266], [1166, 266], [1166, 290], [1118, 290]], '진짜', 0.9982235513727348), ([[1102, 290], [1178, 290], [1178, 314], [1102, 314]], '예쁘다!', 0.7594725489616394), ([[614, 372], [640, 372], [640, 396], [614, 396]], '사', 0.9995431229892269), ([[86, 426], [194, 426], [194, 454], [86, 454]], '보여주으면', 0.40231428236984496), ([[106, 450], [172, 450], [172, 478], [106, 478]], '싶은데', 0.9784201720104866), ([[538, 476], [624, 476], [624, 502], [538, 502]], '사오랑군', 0.8504790081016187), ([[558, 500], [602, 500], [602, 526], [558, 526]], '것도', 0.9991212670396118), ([[98, 750], [126, 750], [126, 774], [98, 774]], '아', 0.9998728077327748), ([[65, 819], [83, 819], [83, 845], [65, 845]], '응', 0.9997167787844319)]
[([[598, 648], [654, 648], [654, 674], [598, 674]], '와앗|', 0.4591128554706311), ([[788.2525906813163, 218.03108817579607], [895.9512784356447, 293.06479180523115], [851.7474093186837, 355.96891182420393], [744.0487215643553, 280.93520819476885]], '[칭30', 0.13115254044532776)]
[([[582, 230], [690, 230], [690, 258], [582, 258]], '늘름하네에', 0.5122850390925361), ([[351, 454], [473, 454], [473, 551], [351, 551]], '(4', 0.11794602433866408)]
[]
