2761147
108
[([[177, 478], [324, 478], [324, 540], [177, 540]], '선생님', 0.9999082561518029), ([[175, 539], [277, 539], [277, 601], [175, 601]], '빨리', 0.9999814554370187), ([[448, 558], [553, 558], [553, 613], [448, 613]], '떼의`', 0.002220153616252726), ([[1349, 721], [1378, 721], [1378, 736], [1349, 736]], '000', 0.8516866168744712), ([[457, 1850], [1488, 1850], [1488, 1929], [457, 1929]], '리 리오: . 다른 애들 오면 어떻게 하려고', 0.8403892429864392)]
[]
[([[446, 497], [707, 497], [707, 618], [446, 618]], '9/', 0.5849483586609981), ([[636, 879], [733, 879], [733, 963], [636, 963]], '>', 0.4945302861708569)]
[([[111, 638], [444, 638], [444, 759], [111, 759]], '스뜰', 0.031080310416347248), ([[507, 1017], [618, 1017], [618, 1097], [507, 1097]], '>', 0.9899935772289759)]
[([[2181, 0], [2334, 0], [2334, 142], [2181, 142]], '내', 0.027180149528903463), ([[126, 641], [335, 641], [335, 753], [126, 753]], "스'", 0.022457788044945016), ([[2521, 898], [2683, 898], [2683, 998], [2521, 998]], '(내', 0.3189925278498337), ([[508, 1016], [619, 1016], [619, 1100], [508, 1100]], '>', 0.9995229813234943)]
[([[1826, 0], [2106, 0], [2106, 59], [1826, 59]], '근 ', 0.1793746054172516), ([[1950.0737387183583, 336.0719277974934], [1990.6029922357711, 319.03037686586504], [2028.9262612816417, 411.9280722025066], [1988.3970077642289, 429.96962313413496]], '9', 0.1671134244059127)]
[([[1828, 0], [2093, 0], [2093, 56], [1828, 56]], '늙수 ', 0.01679426245391369), ([[1967, 329], [2017, 329], [2017, 420], [1967, 420]], '>', 0.06439078490991879)]
[([[1967, 329], [2017, 329], [2017, 420], [1967, 420]], '>', 0.068185455414139)]
[]
[([[2318, 1036], [2352, 1036], [2352, 1051], [2318, 1051]], "보1'", 0.044607176638613015), ([[43.47657607740979, 1184.027472735393], [86.63177307308148, 1190.7486742665608], [72.52342392259021, 1288.972527264607], [29.368226926918524, 1283.2513257334392]], ')', 0.01763849915624527)]
[]
[([[173, 330], [317, 330], [317, 443], [173, 443]], '%', 0.16173627623743503), ([[1173, 295], [1310, 295], [1310, 397], [1173, 397]], '영', 0.2557700404868548), ([[669, 1659], [1432, 1659], [1432, 1734], [669, 1734]], '으웃  .! 어때 .? 기분 좋아 .?', 0.2913478379974671), ([[1705, 2248], [2029, 2248], [2029, 2634], [1705, 2634]], '퍽', 0.9776378318424828), ([[1794.4382623811139, 1634.7506099048912], [1897.9230478952816, 1625.4505577442053], [1899.5617376188861, 1645.2493900951088], [1796.0769521047184, 1654.5494422557947]], '(--토 시 시|신서', 0.013665901902249923), ([[93.85725067466818, 2582.0003773613385], [233.8661855860486, 2449.014432418542], [408.1427493253318, 2666.9996226386615], [267.13381441395137, 2800.985567581458]], '쪽', 0.14063505846366198)]
[([[1246, 265], [1401, 265], [1401, 375], [1246, 375]], '80', 0.25040904633943323), ([[1339, 378], [1399, 378], [1399, 433], [1339, 433]], '웃', 0.8290545166999017), ([[786, 383], [863, 383], [863, 487], [786, 487]], '9', 0.7364755490705797), ([[1437, 446], [1563, 446], [1563, 513], [1437, 513]], '정말', 0.9999809496776212), ([[1357, 510], [1678, 510], [1678, 584], [1357, 584]], '배려가 부족해', 0.9990801383446927), ([[1155, 568], [1299, 568], [1299, 667], [1155, 667]], '@초', 0.017477082062760135), ([[1652, 590], [1772, 590], [1772, 694], [1652, 694]], '%', 0.06154628902987036), ([[1778, 2135], [2029, 2135], [2029, 2404], [1778, 2404]], '퍽', 0.23740794501904716), ([[1547, 2340], [1761, 2340], [1761, 2484], [1547, 2484]], '제리', 0.02190720114668041), ([[1778.3615361589618, 1636.8530753112734], [1897.9299177823682, 1625.4751977960227], [1899.6384638410382, 1646.1469246887266], [1780.0700822176318, 1657.5248022039773]], '비너너토 시 꼴|신서', 0.0006117018727929176), ([[257.050116049732, 2349.0180521079515], [482.6036731086842, 2475.566122513983], [375.949883950268, 2661.9819478920485], [150.39632689131582, 2535.433877486017]], '셋', 0.2505663857413687), ([[1045.1430466182294, 2551.101724225888], [1267.1167700118642, 2525.1856417455374], [1274.8569533817706, 2675.898275774112], [1052.8832299881358, 2701.8143582544626]], '계째', 0.004883286713430904)]
[([[1235, 418], [1392, 418], [1392, 533], [1235, 533]], '%', 0.9026745022240448), ([[1300, 515], [1476, 515], [1476, 589], [1300, 589]], '그런건:', 0.9379392787395371), ([[1153, 565], [1304, 565], [1304, 667], [1153, 667]], '선', 0.06875548110372964), ([[1521, 524], [1678, 524], [1678, 656], [1521, 656]], "'양)", 0.20705984046744821), ([[1513, 712], [1688, 712], [1688, 779], [1513, 779]], '문느거:.', 0.4477861523522517), ([[1486, 775], [1674, 775], [1674, 842], [1486, 842]], '아니야-', 0.36513569951057434), ([[1684, 811], [1819, 811], [1819, 908], [1684, 908]], '잇', 0.07615982582507286), ([[180, 2421], [405, 2421], [405, 2639], [180, 2639]], '퍽', 0.9939535740625303), ([[1778.3615361589618, 1636.8530753112734], [1897.9341490745253, 1625.4910134014408], [1899.6384638410382, 1646.1469246887266], [1780.0658509254747, 1656.5089865985592]], '착너니토 꼴 꼴|신어', 0.0014183466039477588), ([[1820.9060015634448, 1694.026032832338], [2050.900438458594, 1755.399392090158], [1993.0939984365552, 1949.973967167662], [1763.0995615414058, 1887.600607909842]], '퍽', 0.5755894424614247)]
[([[1769, 280], [1942, 280], [1942, 401], [1769, 401]], '부옛', 0.17610068635162454), ([[1493, 631], [1555, 631], [1555, 713], [1493, 713]], '내', 0.0021266897547045915), ([[1842, 1358], [1935, 1358], [1935, 1420], [1842, 1420]], '기', 0.9979177834921416), ([[1588, 2020], [1829, 2020], [1829, 2189], [1588, 2189]], '#훨', 0.04004794620735098), ([[1022, 2174], [1252, 2174], [1252, 2337], [1022, 2337]], '문', 0.018996604791002625), ([[1053.2022222275532, 300.0557778636064], [1487.502614719015, 271.4880087696159], [1485.7977777724468, 518.9442221363936], [1051.497385280985, 547.5119912303841]], '웃소시', 0.035881141030476287), ([[1848.7805784783006, 1433.4147520217907], [1966.8207329549252, 1402.1723941113976], [1971.2194215216994, 1423.5852479782093], [1853.1792670450748, 1453.8276058886024]], '"너니토 시예신서', 0.0015022277874841426)]
[([[679, 287], [843, 287], [843, 360], [679, 360]], '옷 사', 0.04610212241430054), ([[1221, 454], [1375, 454], [1375, 544], [1221, 544]], '놀우벼', 0.007045579347173002), ([[1354, 521], [1537, 521], [1537, 585], [1354, 585]], "'이렇게,", 0.3914256496111713), ([[1297, 584], [1557, 584], [1557, 650], [1297, 650]], '말도 없이:', 0.9262165244395756), ([[891, 664], [1041, 664], [1041, 744], [891, 744]], '(하', 0.076108612225901), ([[1453, 672], [1760, 672], [1760, 738], [1453, 738]], '안에 싸는것도', 0.284391043842028), ([[1520, 732], [1687, 732], [1687, 805], [1520, 805]], '그렇고', 0.9928553483270878), ([[201, 1224], [285, 1224], [285, 1299], [201, 1299]], "'@", 0.8341029803240763), ([[900, 1661], [1200, 1661], [1200, 1734], [900, 1734]], '미 미안해 ', 0.5136496203142648), ([[371.0100505063388, 560.0703535443719], [452.7585765562876, 588.1774625016752], [432.9899494936612, 643.9296464556281], [350.2414234437124, 615.8225374983248]], '1미', 0.24090870765526612), ([[73.88344093206888, 1239.2055487535513], [217.42135923827365, 1218.9232275308625], [225.11655906793112, 1311.7944512464487], [81.57864076172635, 1333.0767724691375]], '{앗', 0.06294800186926448), ([[1849.7805784783006, 1432.4147520217907], [1967.8207329549252, 1402.1723941113976], [1972.2194215216994, 1422.5852479782093], [1854.1792670450748, 1453.8276058886024]], '서너니토 시예신서', 0.0018722013101727941)]
[([[676, 271], [842, 271], [842, 370], [676, 370]], '옷%', 0.6016517033055001), ([[1079, 449], [1206, 449], [1206, 535], [1079, 535]], '%보', 0.019646806309128673), ([[1152, 518], [1389, 518], [1389, 595], [1152, 595]], '그래도: ', 0.46828674560818045), ([[1325, 602], [1532, 602], [1532, 691], [1325, 691]], '중앉어', 0.2318212417091625), ([[891, 664], [1038, 664], [1038, 744], [891, 744]], '(@', 0.11263085653478465), ([[1543, 980], [1800, 980], [1800, 1066], [1543, 1066]], '더 할래?', 0.93574513135032), ([[201, 1224], [285, 1224], [285, 1299], [201, 1299]], "'@", 0.8341897878387626), ([[1842, 1358], [1937, 1358], [1937, 1420], [1842, 1420]], '기', 0.9988155298214316), ([[1069, 2439], [1378, 2439], [1378, 2620], [1069, 2620]], '주록%', 0.08453259586310954), ([[371.0748539593629, 558.0614046952215], [455.7224235872754, 587.0483286359523], [433.9251460406371, 646.9385953047785], [349.2775764127246, 617.9516713640477]], '17', 0.5046864574873219), ([[73.88344093206888, 1240.2055487535513], [216.32665310592563, 1218.8120344983035], [224.11655906793112, 1312.7944512464487], [82.67334689407436, 1334.1879655016965]], '@앗', 0.10976441585673191), ([[1846.719631200671, 1431.4635574408053], [1967.8107253820053, 1399.1507217234841], [1972.280368799329, 1422.5364425591947], [1851.1892746179947, 1453.8492782765159]], '서너니토꼴신서', 0.004461782996086554)]
[([[369.0077221232863, 554.0617769862906], [460.6834331102299, 585.7718043980334], [436.9922778767137, 649.9382230137094], [345.3165668897701, 619.2281956019666]], '7', 0.7368713110452951), ([[1835.1043505584719, 1358.227837289735], [1937.9322862329902, 1343.632693408247], [1944.8956494415281, 1414.772162710265], [1842.0677137670098, 1430.367306591753]], "'", 0.5202856506053344)]
[([[795, 120], [975, 120], [975, 244], [795, 244]], '양', 0.17429917379050952), ([[913, 224], [1127, 224], [1127, 288], [913, 288]], '서: 선생:', 0.4971219019198525), ([[961, 288], [1108, 288], [1108, 343], [961, 343]], "거기: '", 0.34662871661658146), ([[252, 354], [728, 354], [728, 541], [252, 541]], '9 >', 0.09534141299287506), ([[888, 434], [1039, 434], [1039, 544], [888, 544]], '차', 0.042126801949238235), ([[2487, 620], [2665, 620], [2665, 745], [2487, 745]], '제앞', 0.02198565730170344), ([[726, 753], [826, 753], [826, 844], [726, 844]], '3', 0.25811840070906555), ([[116, 1192], [232, 1192], [232, 1280], [116, 1280]], '햇@', 0.05642719315888686), ([[2308, 1195], [2521, 1195], [2521, 1336], [2308, 1336]], '떼우', 0.00030347457675078534), ([[41, 1904], [320, 1904], [320, 2026], [41, 2026]], "['.>", 0.019654741510748863), ([[2252, 1899], [2593, 1899], [2593, 2058], [2252, 2058]], '(격 ;', 0.04535761848092079), ([[1679.1354220598544, 665.1344122129954], [1903.345450317295, 649.6532876937904], [1902.8645779401456, 759.8655877870046], [1678.654549682705, 775.3467123062096]], '절써 %', 0.02894284762442112), ([[369.05532456941637, 1414.3378956484905], [526.5554257252858, 1371.2120129414104], [548.9446754305836, 1482.6621043515095], [391.4445742747142, 1525.7879870585896]], '양', 0.8295287001152509)]
[([[198, 148], [433, 148], [433, 240], [198, 240]], '선생과  ', 0.9355385845266075), ([[168, 233], [353, 233], [353, 317], [168, 317]], '이렇게', 0.4867467164123121), ([[711, 234], [985, 234], [985, 382], [711, 382]], '허룻', 0.058160133899735456), ([[948, 284], [1171, 284], [1171, 467], [948, 467]], '양', 0.16359438707971297), ([[323, 649], [392, 649], [392, 729], [323, 729]], '들', 0.008049930338605515), ([[2390, 627], [2626, 627], [2626, 756], [2390, 756]], '[터니', 0.009528885376085119), ([[80, 751], [277, 751], [277, 925], [80, 925]], '장', 0.019238254499342133), ([[1002, 795], [1157, 795], [1157, 899], [1002, 899]], '패닷', 0.008872258245915848), ([[634, 877], [733, 877], [733, 961], [634, 961]], '>', 0.7964180200231255), ([[2210, 854], [2401, 854], [2401, 982], [2210, 982]], '떠', 0.0958106965338823), ([[41, 1904], [262, 1904], [262, 2026], [41, 2026]], '{택다', 0.026106654979129645), ([[2252, 1899], [2593, 1899], [2593, 2058], [2252, 2058]], '(격 ;', 0.033855464309453964), ([[1648.2788511321733, 631.1240728119957], [1816.6789671455865, 616.9065103796045], [1819.7211488678267, 723.8759271880043], [1651.3210328544135, 738.0934896203955]], '꺼리', 0.03759810173098245), ([[100.09920574191062, 1195.1654727288906], [290.3529166135665, 1176.2100992392207], [293.9007942580894, 1273.8345272711094], [103.64708338643352, 1291.7899007607793]], '하악% ', 0.11612962186336517)]
[([[180, 320], [238, 320], [238, 375], [180, 375]], '웃', 0.5635746480886752), ([[159, 377], [322, 377], [322, 441], [159, 441]], '괜찮아', 0.9986332504611709), ([[1408, 413], [1532, 413], [1532, 499], [1408, 499]], '용좁', 0.14765731673462748), ([[1511, 494], [1656, 494], [1656, 558], [1511, 558]], '어차피', 0.855689928869537), ([[1419, 553], [1706, 553], [1706, 619], [1419, 619]], '(선생:- 방인걸', 0.6042892990000671), ([[407, 590], [512, 590], [512, 645], [407, 645]], '떼의`', 0.002482157357391694), ([[1303, 637], [1399, 637], [1399, 694], [1303, 694]], '엔아', 0.007653262086498567), ([[1679, 630], [1785, 630], [1785, 708], [1679, 708]], '%', 0.12691063533056823), ([[1741, 1822], [1768, 1822], [1768, 1853], [1741, 1853]], '1', 0.49968072934456487), ([[1569, 1828], [1711, 1828], [1711, 1925], [1569, 1925]], '움질', 0.7713915786221209), ([[1186, 2577], [1346, 2577], [1346, 2681], [1186, 2681]], '제력', 0.05685292950574103), ([[449, 2628], [660, 2628], [660, 2752], [449, 2752]], '건 ', 0.033161573090786316)]
[([[159, 166], [587, 166], [587, 254], [159, 254]], '이어저 있는거: .', 0.2803799328955259), ([[249, 249], [448, 249], [448, 335], [249, 335]], '좋아 @', 0.5699685689623961), ([[816, 420], [979, 420], [979, 484], [816, 484]], '응 응', 0.8439415317409484), ([[753, 485], [1044, 485], [1044, 551], [753, 551]], '안에 싸쥐:  !', 0.3398770324449806), ([[2151, 351], [2526, 351], [2526, 789], [2151, 789]], '퍽', 0.9947875889521498), ([[77, 745], [296, 745], [296, 926], [77, 926]], '장', 0.010886865545967572), ([[1763, 824], [2018, 824], [2018, 977], [1763, 977]], '질&', 0.014160585064337932), ([[2529, 895], [2747, 895], [2747, 1030], [2529, 1030]], '저르%', 0.04957632006881191), ([[506, 1016], [619, 1016], [619, 1100], [506, 1100]], '>', 0.9961119609008087), ([[2286, 1183], [2520, 1183], [2520, 1300], [2286, 1300]], '넷주', 0.009195829856899866), ([[150, 1399], [304, 1399], [304, 1489], [150, 1489]], '힘렉남)', 0.003053018357604742), ([[2366, 1313], [2709, 1313], [2709, 1763], [2366, 1763]], '퍽', 0.9994408674018906), ([[941, 1884], [1554, 1884], [1554, 1965], [941, 1965]], '리, 리오:  ! 안에 쌀게:  컨', 0.11119468029632641), ([[41, 1904], [322, 1904], [322, 2028], [41, 2028]], '[.>', 0.012072962006096697), ([[2252, 1901], [2591, 1901], [2591, 2058], [2252, 2058]], '벼격학', 0.009730399711260142)]
[([[1716, 91], [1915, 91], [1915, 239], [1716, 239]], '부통', 0.03223712691237479), ([[95, 643], [418, 643], [418, 794], [95, 794]], '스웨', 0.010133730564589542), ([[2552, 799], [2832, 799], [2832, 968], [2552, 968]], '부초', 0.05078118123882), ([[508, 1016], [619, 1016], [619, 1100], [508, 1100]], '>', 0.9995495588305268), ([[1905, 908], [2131, 908], [2131, 1078], [1905, 1078]], "'앗", 0.008700587375134159), ([[2463, 1473], [2664, 1473], [2664, 1618], [2463, 1618]], '#통', 0.06495850312358001), ([[2179.213488877093, 8.100051006128048], [2316.5258524211827, -12.855276568392048], [2331.786511122907, 128.89994899387196], [2194.4741475788173, 151.85527656839204]], '곰', 0.010867804405791048), ([[804.8221313403385, 728.1367235479272], [1383.979380127115, 606.9957497960014], [1420.1778686596615, 917.8632764520728], [841.0206198728849, 1038.0042502039985]], '형앙', 0.0072645001879298446)]
[([[1823, 0], [2114, 0], [2114, 66], [1823, 66]], '뜰 ', 0.055877331644296646), ([[302, 140], [417, 140], [417, 213], [302, 213]], '아-', 0.8309055784219878), ([[462, 273], [750, 273], [750, 352], [462, 352]], "선생꺼로: '", 0.7150926379500117), ([[400, 348], [751, 348], [751, 436], [400, 436]], '마팅당햇어: ', 0.11607635186883916), ([[1967, 329], [2017, 329], [2017, 422], [1967, 422]], '>', 0.039131953703108735), ([[1311, 708], [1413, 708], [1413, 772], [1311, 772]], '얹답', 0.009488091349700715), ([[309, 1085], [486, 1085], [486, 1209], [309, 1209]], '@빛', 0.09719061047821076), ([[2049, 1939], [2113, 1939], [2113, 2007], [2049, 2007]], ')', 0.3505184926576135), ([[1917, 2004], [2088, 2004], [2088, 2121], [1917, 2121]], '움질', 0.5972064042869846), ([[1265, 2080], [1362, 2080], [1362, 2177], [1265, 2177]], '0', 0.08170387789462907), ([[1006.9080146377473, 2019.0398005371376], [1310.5142590859527, 2059.213671542795], [1286.0919853622527, 2185.9601994628624], [982.4857409140474, 2144.786328457205]], '젓므3어(', 0.0005892580381674929)]
[([[1835, 0], [2099, 0], [2099, 56], [1835, 56]], '~- ', 0.011851102615782741), ([[564, 375], [628, 375], [628, 437], [564, 437]], '웃', 0.8525539354323577), ([[1967, 326], [2020, 326], [2020, 420], [1967, 420]], '>', 0.5893841813865528), ([[745, 426], [872, 426], [872, 501], [745, 501]], '아직', 0.9996442991302893), ([[636, 490], [978, 490], [978, 574], [636, 574]], '민김하니까 ', 0.5200951781226666), ([[619, 590], [775, 590], [775, 695], [619, 695]], '8내', 0.0794792790221612), ([[1309, 706], [1413, 706], [1413, 774], [1309, 774]], '해원', 0.0021360173971830864), ([[2142, 711], [2298, 711], [2298, 789], [2142, 789]], '-요', 0.009066193618020314), ([[625, 1363], [875, 1363], [875, 1500], [625, 1500]], '필;', 0.0023956384200193685), ([[2092, 1574], [2401, 1574], [2401, 1748], [2092, 1748]], '햇사 -', 0.040283914655447006), ([[2144, 1736], [2457, 1736], [2457, 1820], [2144, 1820]], '살살 만저:', 0.40216320183711224), ([[2483, 1793], [2718, 1793], [2718, 1939], [2483, 1939]], "'양표", 0.047587624194316384)]
[([[1967, 329], [2017, 329], [2017, 420], [1967, 420]], '>', 0.0941043568845581), ([[584, 492], [814, 492], [814, 583], [584, 583]], "잠깐: '", 0.2823423660738137), ([[959, 493], [1261, 493], [1261, 698], [959, 698]], '양', 0.6996256365609952), ([[2291, 415], [2671, 415], [2671, 656], [2291, 656]], '옛', 0.0354411389789675), ([[1029, 1524], [1375, 1524], [1375, 1753], [1029, 1753]], '략심', 0.0015565107916215278), ([[551.2509357458416, 317.0187149168323], [907.9921172480834, 425.5137691703324], [864.7490642541584, 546.9812850831677], [508.00788275191655, 438.4862308296676]], '이선생:-', 0.2496098526408054)]
[([[444, 261], [597, 261], [597, 339], [444, 339]], '나: ', 0.5205773754386206), ([[399, 352], [723, 352], [723, 449], [399, 449]], '나 아직 -', 0.8775370080579465), ([[735, 308], [1096, 308], [1096, 591], [735, 591]], '잇사', 0.08698139772439253), ([[1379, 693], [1592, 693], [1592, 830], [1379, 830]], '핵', 0.1206701398217982), ([[2318, 1036], [2352, 1036], [2352, 1051], [2318, 1051]], '/', 0.24617397724949175), ([[106, 1073], [154, 1073], [154, 1124], [106, 1124]], '벼', 0.018518045366244573), ([[1438, 1193], [1748, 1193], [1748, 1392], [1438, 1392]], '절펴', 0.11609603573773586), ([[1319, 1547], [1631, 1547], [1631, 1753], [1319, 1753]], '스릇', 0.0647326376279402), ([[2183.9589475506004, 714.2742115283015], [2389.4573537878778, 660.4409775786726], [2415.0410524493996, 802.7257884716985], [2210.5426462121222, 856.5590224213274]], '망)', 0.00888358974423315), ([[551.2315478217532, 1186.0711929897393], [825.5113139423927, 1166.682572169861], [826.7684521782468, 1353.9288070102607], [552.4886860576073, 1374.317427830139]], '째째', 0.0049617368434724)]
[([[2117, 238], [2312, 238], [2312, 375], [2117, 375]], '해다', 0.16577832890353522), ([[358, 270], [939, 270], [939, 559], [358, 559]], '웃다 4', 0.005615724294531987), ([[653, 529], [908, 529], [908, 711], [653, 711]], '장비', 0.0030702442624361095), ([[1438, 1193], [1748, 1193], [1748, 1392], [1438, 1392]], '절펴', 0.13187505441296268), ([[1798, 1715], [2396, 1715], [2396, 2226], [1798, 2226]], '퍽 (', 0.7344981703051316), ([[2215.7338526647045, 346.11191191351423], [2681.3845403947607, 298.34774611200163], [2684.2661473352955, 492.88808808648577], [2219.6154596052393, 539.6522538879984]], '7애니', 0.001951831456086443), ([[150.99618629387777, 934.010077435113], [542.7227654979605, 1162.770925139142], [323.00381370612223, 1531.9899225648871], [-66.72276549796045, 1303.229074860858]], '퍽"', 0.18551411593292322), ([[542.9141999621841, 1195.0990996029332], [812.3085650050467, 1154.2341370900253], [827.0858000378159, 1343.9009003970668], [557.6914349949533, 1384.7658629099747]], '&', 0.053956913290026165)]
[([[956, 355], [1053, 355], [1053, 439], [956, 439]], '0 (', 0.4346325099468231), ([[111, 1079], [153, 1079], [153, 1123], [111, 1123]], '부', 0.03661948101232415), ([[330, 840], [814, 840], [814, 1159], [330, 1159]], '4앗', 0.015736601417556097), ([[1451, 978], [1917, 978], [1917, 1278], [1451, 1278]], "'부", 0.09384234191446368), ([[1000.5304482739855, 223.0663378961296], [1885.9639712409944, 113.22104035191745], [1899.4695517260145, 500.9336621038704], [1013.0360287590056, 610.7789596480826]], '한도', 0.008654220468116232)]
[([[177, 478], [324, 478], [324, 540], [177, 540]], '선생님', 0.9998973818619565), ([[172, 539], [277, 539], [277, 603], [172, 603]], '빨리', 0.9999711716773277), ([[448, 558], [553, 558], [553, 613], [448, 613]], '떼의하`', 0.0006901088054291904), ([[457, 1850], [1491, 1850], [1491, 1929], [457, 1929]], '리 리오: . 다른 애들 오면 어떻게 하려고', 0.6820331754392778)]
[([[180, 320], [238, 320], [238, 375], [180, 375]], '웃', 0.5635746480886752), ([[159, 377], [322, 377], [322, 441], [159, 441]], '괜찮아', 0.9985153748864272), ([[1408, 413], [1532, 413], [1532, 499], [1408, 499]], '용좁', 0.12296896904704184), ([[1511, 494], [1656, 494], [1656, 558], [1511, 558]], '어차피', 0.8816589239434077), ([[1419, 553], [1706, 553], [1706, 619], [1419, 619]], '(선생:- 방인걸', 0.6423411378504714), ([[405, 590], [512, 590], [512, 645], [405, 645]], '근아0 ', 0.001886681537143886), ([[1299, 635], [1396, 635], [1396, 697], [1299, 697]], '(더아다', 0.008660292252898216), ([[1679, 630], [1783, 630], [1783, 705], [1679, 705]], '웃0', 0.20162493857926322), ([[1741, 1822], [1768, 1822], [1768, 1853], [1741, 1853]], '1', 0.4030534746944028), ([[1571, 1825], [1711, 1825], [1711, 1925], [1571, 1925]], '움질', 0.39969905153162805), ([[1185, 2576], [1350, 2576], [1350, 2684], [1185, 2684]], '제택베', 0.0033098279235015972), ([[450, 2627], [660, 2627], [660, 2753], [450, 2753]], '(', 0.015068721977962163)]
[([[1410, 384], [1534, 384], [1534, 492], [1410, 492]], '햇', 0.06355898849730668), ([[197, 469], [362, 469], [362, 531], [197, 531]], '아무도:', 0.9476292729377747), ([[1489, 490], [1638, 490], [1638, 551], [1489, 551]], '빨리: .', 0.5290207070570303), ([[128, 525], [413, 525], [413, 599], [128, 599]], '안올테니까 ', 0.7234124615877489), ([[402, 585], [514, 585], [514, 650], [402, 650]], '(없사)', 0.0012461513979360461), ([[1303, 637], [1399, 637], [1399, 694], [1303, 694]], '엔아', 0.01444832459406501)]
[([[1410, 384], [1534, 384], [1534, 492], [1410, 492]], '햇', 0.2146122252419227), ([[197, 469], [362, 469], [362, 531], [197, 531]], '아무도:', 0.9590640068054199), ([[1489, 490], [1638, 490], [1638, 551], [1489, 551]], '빨리: .', 0.5518187891605666), ([[128, 525], [413, 525], [413, 599], [128, 599]], '안올테니까 ', 0.746637153491023), ([[405, 590], [512, 590], [512, 645], [405, 645]], '[그사8 ', 0.0013916385645470772), ([[1303, 637], [1399, 637], [1399, 694], [1303, 694]], '엔아', 0.007249197751252398)]
[([[1357, 383], [1437, 383], [1437, 483], [1357, 483]], '용', 0.23418249687275594), ([[1460, 470], [1527, 470], [1527, 526], [1460, 526]], '네', 0.999870185296917), ([[746, 1848], [1202, 1848], [1202, 1932], [746, 1932]], '그럼: . 넣는다  ?', 0.3906539715513634), ([[1208, 2472], [1446, 2472], [1446, 2628], [1208, 2628]], '절레', 0.06708984391355624)]
[([[1352, 227], [1483, 227], [1483, 319], [1352, 319]], '대', 0.056324562075737994), ([[317, 393], [547, 393], [547, 538], [317, 538]], '허앗', 0.006224984826607154), ([[1578, 1024], [1722, 1024], [1722, 1121], [1578, 1121]], '움질', 0.6096926694041643), ([[61, 1174], [92, 1174], [92, 1212], [61, 1212]], '(', 0.171668044693285), ([[1199, 2409], [1794, 2409], [1794, 2814], [1199, 2814]], '무국 ', 0.015493960519597783), ([[1345.8249436279568, 333.2671674049452], [1655.7409011767277, 265.01226324538493], [1678.1750563720432, 429.7328325950548], [1369.2590988232723, 497.98773675461507]], '응4', 0.05384616935484886)]
[([[413, 383], [572, 383], [572, 509], [413, 509]], '왕', 0.01670285595210519), ([[1337, 379], [1513, 379], [1513, 507], [1337, 507]], '옛', 0.2693502283591478), ([[416, 924], [549, 924], [549, 1032], [416, 1032]], '평의', 0.018706714212475994), ([[2, 1026], [200, 1026], [200, 1162], [2, 1162]], '움집느', 0.03465897967232923), ([[804, 1852], [1142, 1852], [1142, 1929], [804, 1929]], '쾌괜찮아 .?', 0.32473349821877556), ([[1752, 2366], [1816, 2366], [1816, 2426], [1752, 2426]], '사', 0.10709527629509186), ([[1614, 2420], [1792, 2420], [1792, 2547], [1614, 2547]], '움질', 0.42687921334498324), ([[1170.7800162962194, 2497.1301385178654], [1384.88411728266, 2454.0357770768774], [1406.2199837037806, 2619.8698614821346], [1192.11588271734, 2662.9642229231226]], '짜째_', 0.09958446527027555)]
[([[243, 410], [301, 410], [301, 465], [243, 465]], '꽤', 0.3701490213862577), ([[154, 467], [432, 467], [432, 531], [154, 531]], '괜찮으니까 -', 0.47358173180029906), ([[1464, 494], [1674, 494], [1674, 558], [1464, 558]], '마음대로:', 0.932031355650784), ([[1432, 553], [1656, 553], [1656, 619], [1432, 619]], '움직여 쥐:', 0.9344427357020202), ([[61, 1174], [92, 1174], [92, 1212], [61, 1212]], '(', 0.359690961431852), ([[1739, 1822], [1772, 1822], [1772, 1865], [1739, 1865]], '8', 0.45611164503927526), ([[1564, 1825], [1715, 1825], [1715, 1925], [1564, 1925]], '올빛', 0.003962806781242428), ([[1120, 2344], [1318, 2344], [1318, 2481], [1120, 2481]], '저린', 0.13028503129680502), ([[527, 2502], [748, 2502], [748, 2662], [527, 2662]], '잘"', 0.1642730934792348)]
[([[363, 280], [511, 280], [511, 408], [363, 408]], '%', 0.5974246950811448), ([[1304, 544], [1449, 544], [1449, 632], [1304, 632]], '(', 0.33043671905056726), ([[1499, 775], [1661, 775], [1661, 903], [1499, 903]], '상7', 0.010100278740603671), ([[1711, 1837], [1778, 1837], [1778, 1904], [1711, 1904]], ')', 0.0450260578341235), ([[1776, 1889], [1816, 1889], [1816, 1938], [1776, 1938]], '8', 0.1271357291162909), ([[1600, 1895], [1749, 1895], [1749, 1999], [1600, 1999]], '움질', 0.4874013231893858), ([[61, 2500], [442, 2500], [442, 2769], [61, 2769]], '퍽?', 0.05138983731796609), ([[1336, 2607], [1618, 2607], [1618, 2880], [1336, 2880]], '퍽', 0.999686384951648), ([[1434.3585363632978, 342.03438817867027], [1484.487941668711, 359.01774189959434], [1454.6414636367022, 446.96561182132973], [1404.512058331289, 429.98225810040566]], '샌', 0.03858762424582185)]
[([[1742, 129], [1864, 129], [1864, 228], [1742, 228]], '개', 0.03407435817001514), ([[1302, 154], [1488, 154], [1488, 300], [1302, 300]], '"채', 0.035593980686757), ([[1357, 367], [1596, 367], [1596, 555], [1357, 555]], "'", 0.012073766750607062), ([[1291, 535], [1399, 535], [1399, 625], [1291, 625]], '겪&', 0.00035703971866503576), ([[924, 1927], [999, 1927], [999, 1996], [924, 1996]], '나', 0.06599392617396749), ([[1126, 2377], [1394, 2377], [1394, 2581], [1126, 2581]], '#초', 0.08381412558734039), ([[503, 2519], [775, 2519], [775, 2702], [503, 2702]], '(월', 0.15405788295655526), ([[307.2386965675893, 354.0914870488568], [521.0538482930203, 332.1097729710162], [526.7613034324107, 483.9085129511432], [313.94615170697966, 504.8902270289838]], '대', 0.25444775676675135)]
[]
[([[173, 330], [317, 330], [317, 441], [173, 441]], '%', 0.15964543457287395), ([[1171, 295], [1310, 295], [1310, 397], [1171, 397]], '(%', 0.6832376818847764), ([[669, 1656], [1432, 1656], [1432, 1734], [669, 1734]], '으웃  ! 어때: :? 기분 좋아  ?', 0.32598448049427825), ([[1703, 2239], [2029, 2239], [2029, 2623], [1703, 2623]], '퍽', 0.9997826932719853), ([[1178.120938695087, 651.0554156911875], [1302.862011188532, 682.6169589852572], [1284.879061304913, 743.9445843088125], [1160.137988811468, 711.3830410147428]], '1(', 0.03325229296843914), ([[1794.3615361589618, 1635.8530753112734], [1897.9177935303082, 1625.4324896696025], [1899.6384638410382, 1645.1469246887266], [1796.0822064696918, 1655.5675103303975]], '(-니토 시 시|신서', 0.0033684491103504804), ([[96.21636534628786, 2581.900551781265], [235.8661855860486, 2450.014432418542], [409.7836346537121, 2669.099448218735], [271.13381441395137, 2801.985567581458]], '쪽', 0.14284972641124583)]
[([[1246, 263], [1401, 263], [1401, 378], [1246, 378]], '80', 0.6114865809691641), ([[1338, 377], [1402, 377], [1402, 437], [1338, 437]], '옷', 0.386360664860149), ([[788, 385], [865, 385], [865, 487], [788, 487]], '9', 0.7570960368234978), ([[1439, 446], [1561, 446], [1561, 513], [1439, 513]], '정말:', 0.9925350738200847), ([[1357, 510], [1678, 510], [1678, 584], [1357, 584]], '배려가 부족해', 0.9993076808791599), ([[1157, 568], [1295, 568], [1295, 665], [1157, 665]], '해어', 0.01396888174248628), ([[1651, 589], [1784, 589], [1784, 697], [1651, 697]], '%', 0.14683663631040478), ([[1778, 2140], [2029, 2140], [2029, 2409], [1778, 2409]], '펴', 0.0974778342802276), ([[1551, 2348], [1756, 2348], [1756, 2480], [1551, 2480]], '저리갈', 0.001772087865288442), ([[1778.3615361589618, 1636.8530753112734], [1897.9299177823682, 1625.4751977960227], [1899.6384638410382, 1646.1469246887266], [1780.0700822176318, 1657.5248022039773]], '비너너토 시 꼴|서', 0.0009239543446829881), ([[257.0428478744543, 2348.0183295232573], [479.65747239540974, 2475.8757964320844], [372.9571521255457, 2658.9816704767427], [149.34252760459026, 2531.1242035679156]], '셋', 0.8201857638798629), ([[1048.1825196960106, 2551.097433172899], [1268.4798809206, 2531.641775713644], [1271.8174803039894, 2677.902566827101], [1051.5201190794, 2698.358224286356]], '절계', 0.0715505376069718)]
[([[1357, 383], [1437, 383], [1437, 483], [1357, 483]], '용', 0.2751547252140121), ([[1463, 470], [1525, 470], [1525, 523], [1463, 523]], '네', 0.9999241843289042), ([[747, 1852], [1201, 1852], [1201, 1931], [747, 1931]], '그럼: . 넣는다  .?', 0.14393110712583987), ([[1210, 2479], [1442, 2479], [1442, 2627], [1210, 2627]], '한)요', 0.0009774234215859372)]
[([[1235, 418], [1392, 418], [1392, 533], [1235, 533]], '%', 0.9269523271741811), ([[1300, 515], [1476, 515], [1476, 589], [1300, 589]], '그런건:', 0.926312837835664), ([[1155, 565], [1295, 565], [1295, 662], [1155, 662]], '허', 0.013526697299515666), ([[1521, 524], [1680, 524], [1680, 656], [1521, 656]], "'양)", 0.3938136955059288), ([[1513, 712], [1706, 712], [1706, 779], [1513, 779]], '문느거: .', 0.5138983693290798), ([[1486, 775], [1674, 775], [1674, 842], [1486, 842]], '아니야', 0.9999033696018738), ([[1684, 811], [1819, 811], [1819, 908], [1684, 908]], '잇', 0.10912888546212773), ([[1806, 1716], [1953, 1716], [1953, 1895], [1806, 1895]], '퍽', 0.9959103045527087), ([[196, 2424], [404, 2424], [404, 2636], [196, 2636]], '퍽', 0.9340264777261496), ([[1778.3615361589618, 1636.8530753112734], [1897.9299177823682, 1625.4751977960227], [1899.6384638410382, 1646.1469246887266], [1780.0700822176318, 1657.5248022039773]], '벗너너토 시 꼴|서', 0.0011728046525867322)]
[([[1842, 1358], [1935, 1358], [1935, 1420], [1842, 1420]], '기', 0.998187172200474), ([[1523.4224957091271, 625.0334630984937], [1562.7880434523083, 641.7364548718574], [1529.5775042908729, 720.9665369015063], [1490.2119565476917, 704.2635451281426]], '', 0.0), ([[1848.8375236125619, 1433.3725330575865], [1967.8296565205771, 1403.1923137882138], [1972.1624763874381, 1422.6274669424135], [1853.1703434794229, 1453.8076862117862]], "'너니토 꼴꼴신서", 0.0002962219763237046)]
[([[677, 285], [843, 285], [843, 358], [677, 358]], '옷 %', 0.04443908128359969), ([[1221, 454], [1372, 454], [1372, 542], [1221, 542]], ';우벼', 0.018416374001364037), ([[1354, 521], [1537, 521], [1537, 585], [1354, 585]], "'이렇게,", 0.49668055051248633), ([[1297, 584], [1557, 584], [1557, 650], [1297, 650]], '말도 없이:', 0.8801870146521318), ([[891, 664], [1038, 664], [1038, 744], [891, 744]], '(하', 0.14195369065404384), ([[1453, 672], [1760, 672], [1760, 738], [1453, 738]], '안에 싸는것도', 0.2966288372630514), ([[1520, 732], [1687, 732], [1687, 805], [1520, 805]], '그렇고', 0.9943972325920172), ([[900, 1661], [1200, 1661], [1200, 1733], [900, 1733]], '미 미안해 ', 0.4987789088337843), ([[370.99599649376773, 560.0723758069976], [451.7533467486641, 588.1581781594552], [432.00400350623227, 642.9276241930024], [350.2466532513359, 615.8418218405448]], '1미', 0.236551535548066), ([[74.45217419963356, 1238.299131638461], [283.4278733960078, 1209.3329722756237], [290.5478258003664, 1301.700868361539], [81.57212660399225, 1330.6670277243763]], '젓앗@', 0.006995587528637661), ([[1848.8375236125619, 1433.3725330575865], [1967.8235354931815, 1402.1785876156841], [1972.1624763874381, 1422.6274669424135], [1853.1764645068185, 1453.8214123843159]], '서너니토 꼴신서', 0.007737478199777152)]
[([[676, 271], [842, 271], [842, 370], [676, 370]], '옷%', 0.5717424248774168), ([[1079, 449], [1206, 449], [1206, 535], [1079, 535]], '%보', 0.019951329870495478), ([[1152, 518], [1389, 518], [1389, 595], [1152, 595]], '그래도: ', 0.46611350899980364), ([[1325, 602], [1532, 602], [1532, 691], [1325, 691]], '중앉어', 0.2447963424447474), ([[891, 664], [1036, 664], [1036, 744], [891, 744]], '(하', 0.05826394543821601), ([[1543, 980], [1800, 980], [1800, 1066], [1543, 1066]], '더 할래?', 0.5380702494644303), ([[201, 1224], [285, 1224], [285, 1297], [201, 1297]], "'@애", 0.18669460890182732), ([[1065, 2439], [1376, 2439], [1376, 2620], [1065, 2620]], '주록 %', 0.2800823450088501), ([[371.0868184120003, 558.0598199312022], [456.7086997851039, 587.0016638937989], [434.9131815879997, 647.9401800687978], [349.2913002148961, 618.9983361062011]], '17', 0.6147904867454914), ([[75.92267866984864, 1239.1979290832128], [216.33150957760634, 1218.8176641572359], [224.07732133015136, 1312.8020709167872], [83.66849042239366, 1333.1823358427641]], '{앗', 0.01891195782914675), ([[1848.8375236125619, 1433.3725330575865], [1967.8235354931815, 1402.1785876156841], [1972.1624763874381, 1422.6274669424135], [1853.1764645068185, 1453.8214123843159]], '서너니토 꼴시신서', 0.0009715613309533262)]
[([[368.9953585086709, 555.0633322185], [458.69219158112656, 585.802230976821], [435.0046414913291, 649.9366677815], [345.30780841887344, 618.197769023179]], '', 0.0), ([[1836.1043505584719, 1358.227837289735], [1937.9001830051848, 1343.5974227904333], [1944.8956494415281, 1414.772162710265], [1843.0998169948152, 1430.4025772095667]], "'", 0.661129833330051)]
[([[795, 120], [977, 120], [977, 244], [795, 244]], '양', 0.18807808210341648), ([[915, 224], [1125, 224], [1125, 288], [915, 288]], '서: 선생:', 0.6553653289808499), ([[961, 288], [1108, 288], [1108, 343], [961, 343]], "거기: '", 0.2804990155431096), ([[251, 354], [726, 354], [726, 541], [251, 541]], '9 >', 0.172256737947464), ([[892, 437], [1034, 437], [1034, 541], [892, 541]], '차', 0.11056426397183206), ([[2487, 620], [2665, 620], [2665, 745], [2487, 745]], '제앞', 0.023794062522644394), ([[724, 751], [826, 751], [826, 844], [724, 844]], '>', 0.09443532399315302), ([[116, 1194], [232, 1194], [232, 1280], [116, 1280]], "팬@'", 0.05854649483628322), ([[2310, 1200], [2513, 1200], [2513, 1328], [2310, 1328]], '제주베', 0.009708502061891137), ([[44, 1904], [327, 1904], [327, 2026], [44, 2026]], '.>', 0.015418354052132637), ([[2252, 1899], [2593, 1899], [2593, 2058], [2252, 2058]], '(격;', 0.04676062287096244), ([[1679.1085781235672, 665.1383312402569], [1902.307874525905, 648.5865786270987], [1902.8914218764328, 758.8616687597431], [1678.692125474095, 775.4134213729013]], '절꺼학', 0.013913756822786567), ([[368.84703687452765, 1415.3881474981106], [525.3580876733581, 1369.0429738152168], [550.1529631254723, 1480.6118525018894], [393.64191232664183, 1525.9570261847832]], '양', 0.882110829234307)]
[([[198, 148], [430, 148], [430, 240], [198, 240]], '선생과  -', 0.8233702782998362), ([[168, 233], [355, 233], [355, 317], [168, 317]], '이렇게', 0.46989444305469885), ([[711, 234], [985, 234], [985, 383], [711, 383]], '허룻', 0.023041155428967414), ([[323, 649], [392, 649], [392, 729], [323, 729]], '들', 0.010264427115422914), ([[1641, 615], [1825, 615], [1825, 738], [1641, 738]], '꺼략', 0.012182749932931168), ([[2390, 627], [2626, 627], [2626, 756], [2390, 756]], '[터니', 0.015005439587568718), ([[82, 751], [277, 751], [277, 927], [82, 927]], ';', 0.031214331806666218), ([[1002, 795], [1160, 795], [1160, 899], [1002, 899]], '패닷', 0.030276614569706175), ([[636, 877], [733, 877], [733, 961], [636, 961]], '>', 0.812997035113515), ([[2213, 854], [2399, 854], [2399, 977], [2213, 977]], '귀직요', 0.0019190450178015216), ([[45, 1908], [324, 1908], [324, 2025], [45, 2025]], ' .>', 0.026580833440580647), ([[2252, 1899], [2593, 1899], [2593, 2058], [2252, 2058]], '(격 학', 0.025727372616529465), ([[936.4883962716772, 311.15833054625], [1158.092675804921, 258.8810767490792], [1185.5116037283228, 429.84166945375], [963.9073241950789, 483.1189232509208]], '양', 0.694041443075605), ([[100.09920574191062, 1195.1654727288906], [290.3529166135665, 1176.2100992392207], [292.9007942580894, 1273.8345272711094], [103.64708338643352, 1291.7899007607793]], '하악% ', 0.13549008965492249)]
[([[159, 166], [587, 166], [587, 254], [159, 254]], '이어저 있는거: .', 0.29151312319870826), ([[249, 249], [448, 249], [448, 335], [249, 335]], '좋아 @', 0.47230121126151225), ([[816, 420], [981, 420], [981, 486], [816, 486]], '응 응', 0.3269026577472687), ([[753, 485], [1044, 485], [1044, 554], [753, 554]], '안에 싸쥐:  !', 0.5807364321890252), ([[2150, 350], [2534, 350], [2534, 799], [2150, 799]], '퍽', 0.9983932278879024), ([[77, 745], [296, 745], [296, 926], [77, 926]], '장', 0.014523462085781758), ([[845, 874], [972, 874], [972, 938], [845, 938]], '하의니', 0.0014266311174738024), ([[1760, 820], [2020, 820], [2020, 979], [1760, 979]], '질펴%', 0.03280630648584167), ([[2529, 895], [2747, 895], [2747, 1030], [2529, 1030]], '저르%', 0.03916171486220892), ([[506, 1016], [619, 1016], [619, 1100], [506, 1100]], '>', 0.9970373433497492), ([[2286, 1180], [2523, 1180], [2523, 1306], [2286, 1306]], '찌계젊', 0.04468532495483894), ([[150, 1399], [304, 1399], [304, 1489], [150, 1489]], '눈렉남)', 0.0028253106866031885), ([[2366, 1355], [2705, 1355], [2705, 1749], [2366, 1749]], '퍽', 0.9973399471006736), ([[941, 1884], [1554, 1884], [1554, 1965], [941, 1965]], '리, 리오:  ! 안에 쌀게:  컨', 0.09582895313531313), ([[44, 1904], [327, 1904], [327, 2026], [44, 2026]], '.>', 0.01624922154900139), ([[2252, 1901], [2593, 1901], [2593, 2058], [2252, 2058]], '벼격', 0.07048327501884963)]
[([[2181, 0], [2334, 0], [2334, 144], [2181, 144]], '리', 0.008205257677617261), ([[97, 645], [422, 645], [422, 794], [97, 794]], '스잡', 0.016901857426074824), ([[2554, 801], [2832, 801], [2832, 971], [2554, 971]], '부', 0.19623050710710377), ([[506, 1016], [619, 1016], [619, 1100], [506, 1100]], '>', 0.9970304394726135), ([[1905, 908], [2129, 908], [2129, 1080], [1905, 1080]], "'앗", 0.021386778319727125), ([[2451, 1475], [2662, 1475], [2662, 1625], [2451, 1625]], '#릇', 0.02567585289313794), ([[803.5868726653922, 736.1621629866178], [1382.0942448497037, 608.4897044371938], [1421.413127334608, 912.8378370133822], [842.9057551502962, 1040.510295562806]], '양밖', 0.011103940691808688)]
[([[1828, 0], [2111, 0], [2111, 63], [1828, 63]], '동', 0.032907187586112), ([[301, 141], [414, 141], [414, 209], [301, 209]], '아:-', 0.390001118183136), ([[458, 269], [720, 269], [720, 353], [458, 353]], '선생꺼로:', 0.4989952647578309), ([[400, 348], [751, 348], [751, 436], [400, 436]], '마팅당햇어: ', 0.1265207818116185), ([[1967, 329], [2017, 329], [2017, 422], [1967, 422]], '>', 0.045613735596661265), ([[306, 1082], [490, 1082], [490, 1214], [306, 1214]], '입빛', 0.055824671926286464), ([[2046, 1933], [2125, 1933], [2125, 2015], [2046, 2015]], ').', 0.09493657950353183), ([[2123, 1997], [2167, 1997], [2167, 2052], [2123, 2052]], '8', 0.30254020586086483), ([[1915, 1997], [2095, 1997], [2095, 2126], [1915, 2126]], '올빛', 0.0728105817246031), ([[1008.0152866389762, 2013.0323569124387], [1376.7904267086865, 2070.501344806707], [1348.9847133610238, 2194.967643087561], [980.2095732913134, 2137.498655193293]], '주므국 %', 0.005660696813765973)]
[([[1352, 227], [1483, 227], [1483, 319], [1352, 319]], '대', 0.04652416318871033), ([[316, 391], [549, 391], [549, 539], [316, 539]], '해애', 0.02312500831616239), ([[1578, 1024], [1722, 1024], [1722, 1121], [1578, 1121]], '움질', 0.5288186141723507), ([[19, 1153], [95, 1153], [95, 1215], [19, 1215]], '씨', 0.040529235415306175), ([[1456, 1451], [1504, 1451], [1504, 1509], [1456, 1509]], '씨', 0.007830381533730169), ([[1191, 2404], [1790, 2404], [1790, 2821], [1191, 2821]], '쑤울 6', 0.01986556500196457), ([[1336.910134014407, 336.65850925474706], [1648.7209766309277, 247.4614311305927], [1683.089865985593, 413.34149074525294], [1370.2790233690723, 503.5385688694073]], '응스', 0.3811882052312118)]
[([[1828, 0], [2106, 0], [2106, 61], [1828, 61]], '근 ', 0.06331544006905551), ([[564, 375], [628, 375], [628, 437], [564, 437]], '웃', 0.9193421652078229), ([[1967, 329], [2017, 329], [2017, 420], [1967, 420]], '>', 0.10261829324638061), ([[745, 426], [872, 426], [872, 498], [745, 498]], '아직', 0.9996689946994356), ([[637, 493], [977, 493], [977, 573], [637, 573]], "민감하니까 '", 0.5143853436433536), ([[618, 588], [777, 588], [777, 697], [618, 697]], '8내', 0.07698003827347348), ([[1311, 708], [1409, 708], [1409, 774], [1311, 774]], '쓰견금', 0.0032995643311347), ([[2140, 711], [2298, 711], [2298, 789], [2140, 789]], '스나다', 0.0008341942899479776), ([[627, 1363], [870, 1363], [870, 1495], [627, 1495]], '절써 &', 0.047860149690675535), ([[2092, 1574], [2401, 1574], [2401, 1748], [2092, 1748]], '햇사 -', 0.03154433146119118), ([[2144, 1736], [2457, 1736], [2457, 1822], [2144, 1822]], '살살 만져: ', 0.27568675543070154), ([[2483, 1793], [2718, 1793], [2718, 1939], [2483, 1939]], "'양표", 0.05657235735851166)]
[([[1967, 329], [2017, 329], [2017, 420], [1967, 420]], '>', 0.0983691886783653), ([[584, 492], [814, 492], [814, 583], [584, 583]], "잠깐: '", 0.33868888352173), ([[962, 497], [1258, 497], [1258, 697], [962, 697]], '양', 0.7068246470517039), ([[2291, 415], [2671, 415], [2671, 656], [2291, 656]], '뜻', 0.03248565376361512), ([[1017, 1517], [1381, 1517], [1381, 1759], [1017, 1759]], '잘', 0.04327681582550391), ([[550.2471810614444, 317.01890312274327], [907.9907997327441, 424.4747159123297], [865.7528189385556, 545.9810968772567], [507.0092002672559, 438.5252840876703]], '이선생::', 0.2977551024340623)]
[([[444, 261], [597, 261], [597, 339], [444, 339]], "나: '", 0.29864737391471863), ([[399, 352], [725, 352], [725, 449], [399, 449]], '나 아직 -', 0.8871860059283477), ([[736, 308], [1094, 308], [1094, 589], [736, 589]], '엇', 0.09199959976651773), ([[1379, 693], [1592, 693], [1592, 830], [1379, 830]], '핵', 0.14138515670725216), ([[1437, 1191], [1748, 1191], [1748, 1390], [1437, 1390]], '절꺼', 0.022418458756156657), ([[1327, 1551], [1629, 1551], [1629, 1743], [1327, 1743]], '부릇%', 0.07535127844053345), ([[2177.862141837789, 720.3107091889452], [2389.9385927007797, 662.3232200617443], [2417.137858162211, 801.6892908110548], [2205.0614072992203, 859.6767799382557]], '망)', 0.01895809535444275), ([[42.44171527409158, 1185.031265939415], [85.48638968420153, 1188.662043529691], [76.55828472590842, 1283.968734060585], [33.513610315798466, 1279.337956470309]], ')', 0.0114222995784386), ([[551.1210554927587, 1189.0768770116567], [827.6629271142689, 1160.26836717278], [834.8789445072413, 1356.9231229883433], [557.3370728857311, 1385.73163282722]], '팩니', 0.040287542969464546)]
[([[2117, 238], [2312, 238], [2312, 375], [2117, 375]], '해', 0.636317473054536), ([[358, 268], [942, 268], [942, 559], [358, 559]], '뜯다 교', 0.0046425703742639995), ([[655, 526], [910, 526], [910, 713], [655, 713]], '나비', 0.0014526573091897677), ([[60, 987], [448, 987], [448, 1391], [60, 1391]], '떼', 0.031369847546280916), ([[1438, 1194], [1747, 1194], [1747, 1389], [1438, 1389]], '절꺼', 0.10731230537562092), ([[1818, 1723], [2373, 1723], [2373, 2180], [1818, 2180]], "'뛰니", 0.10119062010296123), ([[2216.7338526647045, 345.11191191351423], [2681.444017953966, 299.46234704035487], [2684.2661473352955, 491.88808808648577], [2219.555982046034, 537.5376529596451]], '7애니', 0.004097279050397522), ([[533.259423857012, 1202.1569875560053], [808.563194934395, 1129.730162468319], [845.740576142988, 1336.8430124439947], [570.436805065605, 1409.269837531681]], '팩%', 0.11245229871827074)]
[([[331, 840], [816, 840], [816, 1155], [331, 1155]], '부람', 0.012396503547902693), ([[1453, 980], [1912, 980], [1912, 1277], [1453, 1277]], '부', 0.22692619705600237), ([[929.3419273660506, 238.07857248625498], [1891.8104084966174, 117.02069173369988], [1904.6580726339494, 496.921427513745], [941.1895915033825, 617.9793082663001]], "'양'", 0.23461156075422482)]
[]
[([[1794, 1972], [1886, 1972], [1886, 2075], [1794, 2075]], '시_', 0.0062002630417271045)]
[([[1848, 2022], [1886, 2022], [1886, 2068], [1848, 2068]], '1', 0.09486051094020898)]
[]
[([[1457, 1452], [1501, 1452], [1501, 1506], [1457, 1506]], '시', 0.5155168883340053), ([[28.178005063473215, 1153.0680303808392], [102.85071250072666, 1176.7873218748184], [87.82199493652679, 1222.9319696191608], [13.14928749927334, 1199.2126781251816]], '"', 0.0047739595253149525)]
[([[410, 383], [572, 383], [572, 509], [410, 509]], '양', 0.015810983946146218), ([[1337, 379], [1510, 379], [1510, 505], [1337, 505]], '옛', 0.419320522291855), ([[421, 928], [541, 928], [541, 1025], [421, 1025]], '평약', 0.04293638447547875), ([[4, 1026], [200, 1026], [200, 1162], [4, 1162]], '움질느', 0.18072667393870895), ([[41, 1161], [94, 1161], [94, 1214], [41, 1214]], '씨교', 0.00964098864941386), ([[1454, 1447], [1507, 1447], [1507, 1509], [1454, 1509]], '시', 0.0037429535645563394), ([[806, 1852], [1142, 1852], [1142, 1929], [806, 1929]], '과괜찮아 .?', 0.31384597723459584), ([[1616, 2422], [1787, 2422], [1787, 2543], [1616, 2543]], '움질', 0.2179980017925133), ([[1180, 2472], [1395, 2472], [1395, 2644], [1180, 2644]], '7', 0.16647608038502515)]
[([[43, 1166], [94, 1166], [94, 1214], [43, 1214]], '|4', 0.03208546098470827), ([[1456, 1449], [1504, 1449], [1504, 1509], [1456, 1509]], '시', 0.010063518696491691)]
[([[23, 1159], [94, 1159], [94, 1214], [23, 1214]], '신', 0.012401457498691038), ([[1456, 1447], [1507, 1447], [1507, 1509], [1456, 1509]], '시', 0.012745594933572468)]
[([[1485, 1514], [1514, 1514], [1514, 1559], [1485, 1559]], ')', 0.4721017319106977), ([[1440.3585363632978, 342.03438817867027], [1486.9923017660271, 365.6717988226486], [1446.6414636367022, 446.96561182132973], [1399.0076982339729, 424.3282011773514]], '', 0.0)]
[([[923, 1926], [1000, 1926], [1000, 1999], [923, 1999]], '나', 0.058188165490968835), ([[1417.3718912928916, 341.0329672824716], [1465.7157273860207, 361.29029445633034], [1430.6281087071084, 447.9670327175284], [1381.2842726139793, 427.70970554366966]], '>', 0.007712559329591306)]
[]
[([[1778.3615361589618, 1636.8530753112734], [1897.9341490745253, 1625.4910134014408], [1899.6384638410382, 1646.1469246887266], [1780.0658509254747, 1656.5089865985592]], '"너니토 꼴 꼴|신어', 0.0015701438381056064)]
[([[788, 385], [863, 385], [863, 487], [788, 487]], '9', 0.7596696794603055), ([[1179, 670], [1208, 670], [1208, 708], [1179, 708]], '11', 0.6285327302330534), ([[1778.3615361589618, 1636.8530753112734], [1897.9299177823682, 1625.4751977960227], [1899.6384638410382, 1646.1469246887266], [1780.0700822176318, 1657.5248022039773]], '비너너토 시 꼴|신서', 0.0006704284481792473)]
[([[692.0465181483002, 184.0303349283132], [783.9558172825238, 269.8495525167289], [689.9534818516998, 370.9696650716868], [598.0441827174762, 284.1504474832711]], ' /', 0.22880128986695494), ([[1778.2850141485749, 1636.9710084891449], [1897.9299177823682, 1625.4751977960227], [1899.7149858514251, 1645.0289915108551], [1780.0700822176318, 1657.5248022039773]], '바너너토 시 꼴|신어', 0.0007461156746096846)]
[([[1848.8375236125619, 1433.3725330575865], [1967.8235354931815, 1402.1785876156841], [1972.1624763874381, 1422.6274669424135], [1853.1764645068185, 1453.8214123843159]], '서너니토 꼴 시신저', 0.0011450751016662576)]
[([[1842, 1358], [1937, 1358], [1937, 1420], [1842, 1420]], '기', 0.9985086521858513), ([[370.0984799331589, 557.0582954853234], [456.7144319712773, 587.0210095242551], [434.9015200668411, 647.9417045146766], [348.2855680287227, 618.9789904757449]], '77', 0.2690006690497279), ([[1846.6546544120074, 1431.5201198532081], [1966.8140179354968, 1400.1577773870908], [1971.3453455879926, 1423.4798801467919], [1851.1859820645032, 1453.8422226129092]], "'서너너토시시신저", 0.0009414767317854191)]
[([[243, 410], [301, 410], [301, 465], [243, 465]], '꽤', 0.3742687732628589), ([[154, 467], [425, 467], [425, 531], [154, 531]], '괜찮으니까 ', 0.449026131602977), ([[1464, 494], [1674, 494], [1674, 558], [1464, 558]], '마음대로:', 0.9442569195642844), ([[1431, 552], [1656, 552], [1656, 621], [1431, 621]], '움직여 쥐:', 0.9556459826859082), ([[23, 1157], [94, 1157], [94, 1214], [23, 1214]], '"', 0.03755346820101679), ([[1456, 1451], [1504, 1451], [1504, 1509], [1456, 1509]], '시', 0.014459711669367659), ([[1567, 1824], [1713, 1824], [1713, 1928], [1567, 1928]], '움질', 0.5278367208228807), ([[1119, 2343], [1321, 2343], [1321, 2487], [1119, 2487]], '제러', 0.19156663093534887), ([[529.2742673037723, 2512.0878195769683], [743.246628655311, 2493.3451030381193], [746.7257326962277, 2643.9121804230317], [532.753371344689, 2662.6548969618807]], "'내", 0.04821230964720969)]
[([[371.0984799331589, 557.0582954853234], [457.77406964167125, 588.2359193641481], [434.9015200668411, 647.9417045146766], [348.22593035832875, 616.7640806358519]], '77', 0.1700217229768527), ([[1848.8375236125619, 1433.3725330575865], [1967.8235354931815, 1402.1785876156841], [1972.1624763874381, 1422.6274669424135], [1853.1764645068185, 1453.8214123843159]], '서너니토 꼴신서', 0.002540220500248233)]
[([[369.0077221232863, 554.0617769862906], [460.6834331102299, 585.7718043980334], [436.9922778767137, 649.9382230137094], [345.3165668897701, 619.2281956019666]], '7', 0.7368713110452951), ([[1835.1043505584719, 1358.227837289735], [1937.9322862329902, 1343.632693408247], [1944.8956494415281, 1414.772162710265], [1842.0677137670098, 1430.367306591753]], "'", 0.5202856506053344)]
[([[252, 356], [729, 356], [729, 541], [252, 541]], '9 >', 0.09496658932729743), ([[726, 753], [826, 753], [826, 844], [726, 844]], '3', 0.13905054943126416)]
[([[442, 496], [704, 496], [704, 622], [442, 622]], '9/', 0.31818509269281886), ([[635, 880], [732, 880], [732, 960], [635, 960]], '>', 0.8011676198301565)]
[([[112, 641], [436, 641], [436, 758], [112, 758]], '< 숲', 0.1213693986652979), ([[506, 1016], [619, 1016], [619, 1100], [506, 1100]], '>', 0.998235170556061)]
[([[2184, 0], [2331, 0], [2331, 140], [2184, 140]], '심요', 0.06587900894161854), ([[2517, 900], [2686, 900], [2686, 1012], [2517, 1012]], '에내', 0.07939466578802318), ([[508, 1016], [619, 1016], [619, 1100], [508, 1100]], '>', 0.9995804273203248)]
[([[1824, 0], [2111, 0], [2111, 63], [1824, 63]], '동', 0.06489714414330194), ([[1967, 329], [2017, 329], [2017, 422], [1967, 422]], '>', 0.03750300897240799)]
[([[1831, 0], [2099, 0], [2099, 58], [1831, 58]], '근 ', 0.06433835551809484), ([[1967, 329], [2017, 329], [2017, 420], [1967, 420]], '>', 0.08578569403224012)]
[([[1967, 329], [2017, 329], [2017, 420], [1967, 420]], '>', 0.05813611452342471)]
[([[109, 1077], [153, 1077], [153, 1123], [109, 1123]], '벼', 0.026956900966157216)]
[([[363, 280], [511, 280], [511, 408], [363, 408]], '%', 0.6650432978936784), ([[1414, 352], [1476, 352], [1476, 437], [1414, 437]], '및', 0.004104051445748491), ([[1307, 544], [1453, 544], [1453, 632], [1307, 632]], '@봇', 0.07475262524121538), ([[1501, 774], [1658, 774], [1658, 906], [1501, 906]], '관', 0.01010562748320254), ([[1782, 1890], [1813, 1890], [1813, 1932], [1782, 1932]], '1', 0.4547615396902849), ([[1600, 1895], [1749, 1895], [1749, 1999], [1600, 1999]], '움질', 0.5096585565531712), ([[65, 2502], [449, 2502], [449, 2773], [65, 2773]], '퍽.', 0.20683179425096054), ([[1348, 2614], [1615, 2614], [1615, 2861], [1348, 2861]], '퍽', 0.9990314207539122)]
[([[2321, 1036], [2352, 1036], [2352, 1051], [2321, 1051]], '7 7', 0.118625390298642), ([[106, 1076], [154, 1076], [154, 1124], [106, 1124]], '인', 0.05839251169315052), ([[28, 1187], [88, 1187], [88, 1286], [28, 1286]], '>', 0.03185500376921002)]
[([[106, 1076], [154, 1076], [154, 1124], [106, 1124]], '인', 0.06194365706033356)]
[]
[]
[]
[]
[([[61, 1174], [92, 1174], [92, 1212], [61, 1212]], '4', 0.24603192716054512)]
[([[61, 1174], [92, 1174], [92, 1212], [61, 1212]], '4', 0.20015686990675263)]
[([[42, 1171], [95, 1171], [95, 1213], [42, 1213]], '훌4', 0.0019487625835864148)]
[([[1443.3516449153894, 343.03513322158324], [1486.899995886425, 365.5373362402597], [1446.6483550846106, 446.96486677841676], [1402.100004113575, 425.4626637597403]], '}', 0.13074361966458614)]
[([[1742, 129], [1864, 129], [1864, 228], [1742, 228]], '개', 0.028449482988351926), ([[1302, 154], [1488, 154], [1488, 300], [1302, 300]], '"채', 0.048733543728741086), ([[1362, 367], [1596, 367], [1596, 550], [1362, 550]], '[', 0.14289742185734955), ([[1293, 535], [1399, 535], [1399, 625], [1293, 625]], '@', 0.025988568177481852), ([[923, 1926], [1002, 1926], [1002, 1999], [923, 1999]], '나', 0.044772109314063835), ([[509, 2517], [772, 2517], [772, 2702], [509, 2702]], '여즌%', 0.0013042331621832507), ([[307.2386965675893, 354.0914870488568], [522.1124663526625, 332.18042393851346], [527.7613034324107, 483.9085129511432], [312.8875336473375, 504.81957606148654]], '대', 0.2508887188136022), ([[1133.2730617822683, 2387.067884634807], [1383.609712639337, 2365.573723763956], [1387.7269382177317, 2557.932115365193], [1137.390287360663, 2579.426276236044]], '#셋', 0.00629991927749033)]
[([[924, 1927], [997, 1927], [997, 1996], [924, 1996]], '박', 0.05163839511898605), ([[1417.3783634944432, 340.0322895466553], [1466.7394692600335, 361.32067517971075], [1430.6216365055568, 447.9677104533447], [1381.2605307399665, 427.67932482028925]], '>', 0.008699443710470156)]
[]
[([[1178.120938695087, 651.0554156911875], [1300.8469749064502, 682.5443439175264], [1282.879061304913, 743.9445843088125], [1160.1530250935498, 712.4556560824736]], '][', 0.022383467482390805), ([[1778.3615361589618, 1636.8530753112734], [1897.9341490745253, 1625.4910134014408], [1899.6384638410382, 1646.1469246887266], [1780.0658509254747, 1656.5089865985592]], '착너니토 꼴 꼴|신어', 0.0009570071613088788)]
[([[786, 383], [867, 383], [867, 489], [786, 489]], '9', 0.8262267829910321), ([[1778.3615361589618, 1636.8530753112734], [1897.9299177823682, 1625.4751977960227], [1899.6384638410382, 1646.1469246887266], [1780.0700822176318, 1657.5248022039773]], '대너너토 시 꼴|신서', 0.00047593116812108077)]
[([[1179.0077221232864, 648.0617769862906], [1301.7683391218766, 679.088741962078], [1283.9922778767136, 743.9382230137094], [1160.2316608781234, 713.911258037922]], '스', 0.22932227536944438), ([[1778.2850141485749, 1636.9710084891449], [1897.9341490745253, 1625.4910134014408], [1899.7149858514251, 1645.0289915108551], [1780.0658509254747, 1656.5089865985592]], ',너-토 시 시신서', 0.0010556433421728103)]
[([[1769, 280], [1940, 280], [1940, 401], [1769, 401]], '부옛', 0.18919542835951236), ([[1496, 632], [1552, 632], [1552, 712], [1496, 712]], '감', 0.0061652733936421455), ([[1595, 2023], [1828, 2023], [1828, 2186], [1595, 2186]], '부', 0.3584591603658396), ([[1030, 2168], [1262, 2168], [1262, 2338], [1030, 2338]], '#', 0.2059414932068684), ([[1049.168222134096, 299.0579097187162], [1489.4326774007905, 266.3780835033309], [1489.831777865904, 514.9420902812839], [1049.5673225992095, 547.6219164966691]], '웃소', 0.07257702058368307), ([[1848.8375236125619, 1433.3725330575865], [1967.8235354931815, 1402.1785876156841], [1972.1624763874381, 1422.6274669424135], [1853.1764645068185, 1453.8214123843159]], '서너토 꼴이신서', 0.001485648612725274)]
[([[370.0748539593629, 558.0614046952215], [455.72796008772167, 587.0675008258672], [433.9251460406371, 646.9385953047785], [348.27203991227833, 617.9324991741328]], '77', 0.10811827131314881), ([[1846.6546544120074, 1431.5201198532081], [1966.8140179354968, 1400.1577773870908], [1971.3453455879926, 1423.4798801467919], [1851.1859820645032, 1453.8422226129092]], '서너토시시신저', 0.001264485735389677)]
[([[1842, 1358], [1937, 1358], [1937, 1420], [1842, 1420]], '기', 0.9987921787788459), ([[371.0984799331589, 557.0582954853234], [457.77406964167125, 588.2359193641481], [434.9015200668411, 647.9417045146766], [348.22593035832875, 616.7640806358519]], '77', 0.2938259411747133), ([[1846.719631200671, 1431.4635574408053], [1967.8107253820053, 1399.1507217234841], [1972.280368799329, 1422.5364425591947], [1851.1892746179947, 1453.8492782765159]], '서너니토꼴신서', 0.0020210872057558785)]
[([[368.9953585086709, 555.0633322185], [458.69219158112656, 585.802230976821], [435.0046414913291, 649.9366677815], [345.30780841887344, 618.197769023179]], '', 0.0), ([[1836.1043505584719, 1358.227837289735], [1937.9001830051848, 1343.5974227904333], [1944.8956494415281, 1414.772162710265], [1843.0998169948152, 1430.4025772095667]], "'", 0.661129833330051)]
[([[252, 356], [730, 356], [730, 538], [252, 538]], '예 >', 0.10676026344299316), ([[726, 753], [823, 753], [823, 841], [726, 841]], ' ', 0.45832849704851597)]
