2763848
16
[]
[([[1714, 4], [1836, 4], [1836, 36], [1714, 36]], '((설어"- ""임', 0.020173773096034686), ([[1646.4088311299229, 602.029194412221], [1725.7544445927763, 672.3010687392756], [1688.5911688700771, 714.970805587779], [1609.2455554072237, 644.6989312607244]], '스스', 0.14197412858562894)]
[([[1394, 186], [1543, 186], [1543, 242], [1394, 242]], '이러시면', 0.9952028393745422), ([[1404, 245], [1543, 245], [1543, 296], [1404, 296]], '안돼요~', 0.8336818218231201), ([[1541, 455], [1655, 455], [1655, 505], [1541, 505]], '강제로', 0.9999387455426327), ([[1540, 508], [1654, 508], [1654, 563], [1540, 563]], '하시면', 0.9982704088438157), ([[1530, 565], [1666, 565], [1666, 618], [1530, 618]], '안돼요~', 0.9119585156440735), ([[1476, 908], [1563, 908], [1563, 953], [1476, 953]], '우후후', 0.9987955818723584), ([[1617, 1260], [1730, 1260], [1730, 1374], [1617, 1374]], '4', 0.9908700718782235), ([[1357, 2842], [1458, 2842], [1458, 2880], [1357, 2880]], '도~님', 0.02632494899388373)]
[([[0, 1020], [470, 1020], [470, 1316], [0, 1316]], '계여', 0.016021636191702687), ([[1428, 1476], [1652, 1476], [1652, 1764], [1428, 1764]], '로', 0.010574261774369598), ([[1454.0365815067855, 185.0145060252787], [1773.3721811402315, 338.69236569667305], [1651.9634184932145, 580.9854939747213], [1332.6278188597685, 427.30763430332695]], '팬권', 0.008030423979698545), ([[49.844087985876676, 444.0215580214949], [442.8177748030775, 519.5747711008], [382.1559120141233, 773.9784419785051], [-10.81777480307748, 699.4252288992]], '(꽤', 0.022861867063458594), ([[1572.0592303487394, 803.0138318571408], [1900.5904826686253, 968.8969220304529], [1774.9407696512606, 1206.9861681428592], [1447.4095173313747, 1042.1030779695473]], '쥐)', 0.26369736979741437)]
[([[683, 645], [753, 645], [753, 711], [683, 711]], '좋', 0.010995089972255734), ([[585, 741], [679, 741], [679, 827], [585, 827]], '권', 0.22670231097016913), ([[451, 1220], [548, 1220], [548, 1247], [451, 1247]], '@573_#모님', 0.012241120117573934), ([[333.5605313568612, 595.7771158494086], [380.74441959497284, 552.0347103337907], [447.4394686431388, 631.2228841505914], [400.25558040502716, 674.9652896662093]], '잠', 0.027593757853195067), ([[337.07373871835836, 687.0719277974933], [422.8319888163394, 712.590068637808], [405.92626128164164, 762.9280722025067], [320.1680111836606, 737.409931362192]], '내', 0.009273537596372672)]
[([[1617, 1262], [1730, 1262], [1730, 1374], [1617, 1374]], '4', 0.9835376824839024), ([[1357, 2842], [1458, 2842], [1458, 2878], [1357, 2878]], "'드'~-님", 0.02230161579899984)]
[([[872.457124714834, 211.03701041828825], [904.8381163549235, 205.08879034369036], [917.542875285166, 291.9629895817118], [885.1618836450765, 296.91120965630967]], '"', 0.05340183478843219)]
[([[453, 1220], [548, 1220], [548, 1247], [453, 1247]], '@5어73_#,!', 0.008937054265448878)]
[]
[([[1164, 460], [1238, 460], [1238, 578], [1164, 578]], '지', 0.07041036104125453)]
[([[2635, 2430], [2704, 2430], [2704, 2456], [2635, 2456]], '@렇하0?', 0.0072747372572256105), ([[2710, 2440], [2734, 2440], [2734, 2455], [2710, 2455]], '(', 0.45645347074605525), ([[2732, 2440], [2748, 2440], [2748, 2462], [2732, 2462]], '엉', 0.46567096408753983)]
[([[663, 206], [747, 206], [747, 251], [663, 251]], '으"', 0.6366287411555472), ([[1701, 1032], [1750, 1032], [1750, 1075], [1701, 1075]], '오', 0.46281287116585546), ([[1563, 1545], [1686, 1545], [1686, 1661], [1563, 1661]], '역', 0.037028262885858476), ([[139, 1653], [368, 1653], [368, 1830], [139, 1830]], '혀', 0.044094658917984475), ([[76, 1961], [491, 1961], [491, 2217], [76, 2217]], '채엇', 0.032070209351633246), ([[571.0388386486181, 584.1941932430908], [722.1035035807281, 566.1405435647043], [726.9611613513819, 653.8058067569092], [575.8964964192719, 671.8594564352957]], '커해엇', 0.025593189065222566), ([[442.09713914350044, 1382.072522779856], [794.3836343164404, 1349.5256277492379], [798.9028608564995, 1562.927477220144], [446.61636568355965, 1596.4743722507621]], '타엇', 0.008158582735044958), ([[1517.1535433968506, 2071.0137822833144], [1854.9456392969662, 2236.319582947088], [1754.8464566031494, 2429.9862177166856], [1417.0543607030338, 2264.680417052912]], '젓', 0.018229797553797278), ([[1151.6170600620326, 2316.123776595512], [1280.746359966174, 2210.0121130418456], [1452.3829399379674, 2457.876223404488], [1323.253640033826, 2563.9878869581544]], '곁', 0.36279090883466836)]
[]
[([[170, 268], [322, 268], [322, 316], [170, 316]], '교수따위논', 0.4727433446641035), ([[184, 314], [310, 314], [310, 362], [184, 362]], '이런거나', 0.9993413090705872), ([[199, 363], [293, 363], [293, 405], [199, 405]], '쓰는게', 0.747930317398985), ([[182, 404], [307, 404], [307, 455], [182, 455]], '어울리지', 0.9774736166000366), ([[210, 462], [290, 462], [290, 488], [210, 488]], '크크 크', 0.4680878520011902), ([[186, 1120], [244, 1120], [244, 1176], [186, 1176]], '음:', 0.6783346388306628), ([[113, 1181], [345, 1181], [345, 1243], [113, 1243]], '크기논 좀 더', 0.5697513207707674), ([[152, 1243], [310, 1243], [310, 1308], [152, 1308]], '크려나?', 0.9989489912986755), ([[157, 1309], [315, 1309], [315, 1369], [157, 1369]], '데쁘백~', 0.11038235574960709), ([[1157, 2495], [1319, 2495], [1319, 2533], [1157, 2533]], '@.073_름9', 0.0026395074228754254), ([[451.31030298491004, 546.0340601475913], [565.994906793662, 605.7330188246694], [535.68969701509, 660.9659398524087], [421.00509320633796, 601.2669811753306]], '4중갖', 0.01446582180628392)]
[([[1714, 4], [1836, 4], [1836, 36], [1714, 36]], '(이설어"- ""임', 0.008787321000082247), ([[200, 76], [406, 76], [406, 152], [200, 152]], '10분 뒤', 0.9823551412127914), ([[1639.264840567984, 606.0452086006713], [1730.998890840179, 651.8846367146119], [1706.735159432016, 698.9547913993287], [1615.001109159821, 654.1153632853881]], '스_쇼', 0.15755243878282474), ([[1979.237971924675, 751.0161374223328], [2187.9579899156406, 894.770936051401], [2097.762028075325, 1022.9838625776672], [1889.0420100843592, 879.229063948599]], '탓약엿', 0.0014572693738378443)]
[([[1157, 2495], [1319, 2495], [1319, 2533], [1157, 2533]], '@.073_여9', 0.007123514483299646)]
