2765423
118
[([[616, 36], [676, 36], [676, 60], [616, 60]], '중은냄새 ', 0.33383554166107243), ([[596, 54], [684, 54], [684, 78], [596, 78]], '말랑말랑한감쪽', 0.3252643499909145), ([[852, 61], [1003, 61], [1003, 125], [852, 125]], '(어,(', 0.001352088525891304), ([[776, 126], [812, 126], [812, 154], [776, 154]], '뒤척', 0.9952989803406226), ([[242, 346], [456, 346], [456, 487], [242, 487]], '-심&', 0.00026161136348770204), ([[485, 435], [587, 435], [587, 523], [485, 523]], '|율!', 0.002350590839959718), ([[580, 554], [626, 554], [626, 582], [580, 582]], '익~', 0.06601245687198602), ([[549, 621], [883, 621], [883, 757], [549, 757]], '[6굽-`이)', 7.559370679610133e-05), ([[591, 739], [864, 739], [864, 830], [591, 830]], '(야염 .국)', 0.0006646464180892106), ([[852.8131747459497, 374.0029093449866], [899.1800989916013, 368.00270357967656], [940.1868252540503, 706.9970906550134], [894.8199010083987, 712.9972964203234]], "'", 0.8531719833213778), ([[566.2285772529677, 425.13146759488365], [755.230339738128, 412.72782742245727], [755.7714227470323, 515.8685324051163], [566.769660261872, 528.2721725775427]], '>아*다', 9.650949505157769e-05), ([[255.7685036504657, 667.1563759183066], [565.9318046270885, 632.1320383940543], [571.2314963495343, 769.8436240816934], [260.0681953729115, 804.8679616059457]], '[");?-리', 5.653616865615359e-05)]
[([[432, 119], [934, 119], [934, 198], [432, 198]], '클리토리스볼록해 귀여워', 0.18140003056352855), ([[49, 265], [217, 265], [217, 399], [49, 399]], "(깔각'", 0.5013160705566406), ([[1417, 271], [1561, 271], [1561, 407], [1417, 407]], '@원', 0.10117564401039104), ([[398, 430], [574, 430], [574, 552], [398, 552]], '깜작', 0.17220237664345808), ([[1424, 558], [1751, 558], [1751, 644], [1424, 644]], '최고다 붐퍼장._', 0.4140133212615099), ([[1120, 1424], [1198, 1424], [1198, 1508], [1120, 1508]], '1)1', 0.3656694350757332), ([[1020, 1747], [1305, 1747], [1305, 1912], [1020, 1912]], '넷집않', 0.0025321407682404764), ([[1024.110680620255, 1409.0396229468554], [1101.8260432538395, 1421.6921183988306], [1079.889319379745, 1540.9603770531446], [1003.1739567461605, 1527.3078816011694]], '1)', 0.15394657572835196)]
[([[297, 2033], [734, 2033], [734, 2124], [297, 2124]], '타고르 괴로위 ', 0.6618907159919436)]
[]
[([[1103, 1481], [1157, 1481], [1157, 1523], [1103, 1523]], '{', 0.26484283016799637)]
[([[1103, 1481], [1157, 1481], [1157, 1523], [1103, 1523]], '{', 0.3413994334745354), ([[192, 2044], [334, 2044], [334, 2141], [192, 2141]], '으음:', 0.4471416048944788), ([[370, 2043], [1404, 2043], [1404, 2141], [370, 2141]], '이게 모험가의 도움이 되는  거라능거지?', 0.492951534667877)]
[([[1105, 1483], [1159, 1483], [1159, 1523], [1105, 1523]], "'좁", 0.02052038143198146), ([[317, 1989], [1419, 1989], [1419, 2104], [317, 2104]], '타고르.이로 모험가의도움이 된거야?', 0.7757175049998365)]
[([[1103, 1481], [1159, 1481], [1159, 1523], [1103, 1523]], '{', 0.2188361348493153)]
[([[1105, 1483], [1157, 1483], [1157, 1523], [1105, 1523]], "'좁", 0.016780114894144563), ([[289, 1990], [952, 1990], [952, 2105], [289, 2105]], '응; 먹고잔뜩힘내야해', 0.5946384807443207)]
[([[1105, 1483], [1157, 1483], [1157, 1523], [1105, 1523]], "'좁", 0.01880057555163841), ([[286, 1993], [749, 1993], [749, 2103], [286, 2103]], '타고르응원할게', 0.4523091412347646)]
[([[22, 1132], [267, 1132], [267, 1199], [22, 1199]], '@정-과-', 0.021004351323871122)]
[([[1400, 1], [1861, 1], [1861, 133], [1400, 133]], "[@즐/'@(", 0.0006415469417342147)]
[([[616, 86], [988, 86], [988, 182], [616, 182]], '오옷벌써.???', 0.8566629276703801), ([[1456, 514], [1636, 514], [1636, 664], [1456, 664]], '@어', 0.08359386855531871), ([[1642.8984238854362, 481.0357278357183], [1807.5059238013578, 528.0310454825358], [1763.1015761145638, 668.9642721642817], [1598.4940761986422, 621.9689545174642]], '에', 0.07730744686647828), ([[884.4114912587194, 1867.4880438811035], [1422.7122263963008, 1594.865636491606], [1571.5885087412807, 1907.5119561188965], [1033.2877736036992, 2180.134363508394]], '씌아주', 0.257165677716666)]
[([[22, 1132], [267, 1132], [267, 1199], [22, 1199]], '@정로-과-', 0.003808355567619511)]
[([[1402, 6], [1856, 6], [1856, 131], [1402, 131]], '[-/히@어', 0.001125569789125588)]
[([[22, 1132], [267, 1132], [267, 1199], [22, 1199]], '@정-과', 0.03991865739226341)]
[([[1401, 2], [1860, 2], [1860, 131], [1401, 131]], "[)콤/'@(", 0.0006779103943366722)]
[([[232, 60], [288, 60], [288, 124], [232, 124]], '인', 0.9999868870211372), ([[226, 132], [738, 132], [738, 206], [226, 206]], '뒷골목출신 용도기요', 0.8292848928298626), ([[1555, 98], [1774, 98], [1774, 227], [1555, 227]], '[터-', 0.013217053535871525), ([[602, 252], [666, 252], [666, 278], [602, 278]], '009', 0.6078037909616244), ([[1388, 813], [1673, 813], [1673, 972], [1388, 972]], '잘부탕_', 0.09957653284072876), ([[1451, 921], [1950, 921], [1950, 1094], [1451, 1094]], "'드려요오~0 ", 0.09491330328808227), ([[26, 2372], [122, 2372], [122, 2474], [26, 2474]], '(', 0.19121207753465796), ([[624, 2363], [1239, 2363], [1239, 2465], [624, 2465]], '00 :0|:20:03', 0.4555970152473792), ([[206.82088619225334, 530.2567089538027], [696.8902776728761, 389.19617382235333], [743.1791138077467, 565.7432910461973], [253.10972232712385, 706.8038261776467]], '탤@올 훨', 0.011750766086375439), ([[607.3472736480012, 627.4849124976042], [817.1103699722341, 570.3159709302095], [841.6527263519988, 691.5150875023958], [630.8896300277659, 748.6840290697905]], '@오하디', 0.0060590277425944805), ([[294.4213423954615, 687.1757994868691], [636.1240341152605, 638.9493520681543], [645.5786576045384, 797.8242005131309], [303.87596588473946, 846.0506479318457]], '용돌늄에드', 0.0048171331487480715)]
[([[141, 43], [211, 43], [211, 79], [141, 79]], '후)실', 0.001740245469052725), ([[139, 78], [671, 78], [671, 128], [139, 128]], '진각성이 안나와서 평평우는 다섯분미', 0.4184095597851482), ([[359, 153], [397, 153], [397, 169], [359, 169]], '009', 0.3051435955319717), ([[1294, 183], [1573, 183], [1573, 344], [1294, 344]], '요행', 0.04452229987901371), ([[56, 339], [317, 339], [317, 533], [56, 533]], '%옛', 0.05513402023509531), ([[728, 1006], [1082, 1006], [1082, 1203], [728, 1203]], '@@행', 0.8490545584963834), ([[196, 1936], [542, 1936], [542, 2144], [196, 2144]], '1 나구', 0.002040024846792221), ([[1310, 2118], [1634, 2118], [1634, 2338], [1310, 2338]], '@@빵', 0.10612827247924175), ([[292, 2338], [352, 2338], [352, 2390], [292, 2390]], '시', 0.15003669243649487), ([[1420, 2309], [1885, 2309], [1885, 2444], [1420, 2444]], '[@-로@("', 0.0005699907278225369), ([[281.96111700190824, 299.1744786110678], [420.4084961786111, 275.43862207268694], [432.03888299809176, 380.8255213889322], [293.5915038213889, 404.56137792731306]], '@', 0.9970661494398634), ([[1420.354037289068, 459.071428824282], [1644.7994135345812, 445.08457474395254], [1645.645962710932, 611.9285711757179], [1420.2005864654188, 625.9154252560475]], '%트', 0.15044560087467376), ([[90.76212111684775, 1284.7101512388585], [342.4942703628991, 1226.3273023290124], [361.23787888315223, 1338.2898487611415], [109.5057296371009, 1396.6726976709876]], "@'-냉", 0.0009575180592946708), ([[1710.8968575437868, 1419.1232891221882], [2002.0040064745342, 1385.0561682580537], [2008.1031424562132, 1539.8767108778118], [1716.9959935254658, 1573.9438317419463]], '@고', 0.031118960710101944), ([[912.381108171093, 2029.1915355634326], [1371.5405722623377, 1982.9000373779588], [1373.618891828907, 2132.808464436567], [914.4594277376623, 2179.0999626220414]], '0 패고@스', 0.0026285729300056047), ([[50.36314042274514, 2359.233586367373], [285.75947684839264, 2314.6879269626943], [300.6368595772549, 2444.766413632627], [65.24052315160739, 2489.3120730373057]], '우행', 0.42629677117761994)]
[([[131, 26], [264, 26], [264, 71], [131, 71]], '리*이어9어5', 0.0001815943453773449), ([[134, 62], [1182, 62], [1182, 116], [134, 116]], '여프리량 데이트 하는 것처럼 남친시점 7 인칭 시물레이선 그려주세요 ><', 0.4165973102589587), ([[363, 141], [403, 141], [403, 157], [363, 157]], '000', 0.7973260353600269), ([[134, 443], [328, 443], [328, 579], [134, 579]], '@어', 0.048633158073632575), ([[154, 604], [318, 604], [318, 750], [154, 750]], '초문', 0.07713197734805396), ([[140, 788], [529, 788], [529, 952], [140, 952]], '발@-어@', 0.007696154143717157), ([[393, 1603], [463, 1603], [463, 1671], [393, 1671]], '@', 0.7834529856865267), ([[1615, 1569], [1923, 1569], [1923, 1707], [1615, 1707]], '틈@홀뭄', 0.0022434627171605825), ([[423, 1661], [485, 1661], [485, 1723], [423, 1723]], '@', 0.9784811379270799), ([[1625, 1745], [1967, 1745], [1967, 1883], [1625, 1883]], '섞운이하?', 0.00474406274598149), ([[212, 1945], [394, 1945], [394, 2050], [212, 2050]], '타방교', 0.007952724900188245), ([[1748, 1986], [1774, 1986], [1774, 2010], [1748, 2010]], '0', 0.9998700660953688), ([[1790, 1974], [1846, 1974], [1846, 2006], [1790, 2006]], '00', 0.3844057507297005), ([[217, 2101], [407, 2101], [407, 2246], [217, 2246]], '올엷령.', 0.0004404871433507651), ([[378, 2156], [404, 2156], [404, 2184], [378, 2184]], '0', 0.9924768380079172), ([[345.2802656784306, 512.3885579247043], [425.4849905109795, 504.0366250642369], [427.7197343215694, 540.6114420752957], [347.5150094890205, 547.9633749357631]], '0 00', 0.5488286018371582)]
[([[194, 45], [553, 45], [553, 113], [194, 113]], '모코땅 게임하는', 0.6872992233651467), ([[193, 115], [1269, 115], [1269, 183], [193, 183]], '시로코옷입고 서로 기세자랑하는 여거너오 도적 .?', 0.5715222662258591), ([[530, 224], [588, 224], [588, 248], [530, 248]], '009', 0.4510693635380398), ([[419, 321], [481, 321], [481, 409], [419, 409]], '7', 0.8229511324253771), ([[1428, 526], [1621, 526], [1621, 701], [1428, 701]], '유탕', 0.11290028381469161), ([[1609, 640], [2000, 640], [2000, 821], [1609, 821]], '태){미38', 0.0012860296093453428), ([[548, 1786], [684, 1786], [684, 1914], [548, 1914]], '넣', 0.014389621078230386), ([[123.20056785616973, 355.06755248705747], [439.40054303421397, 330.8713436598659], [440.79943214383024, 535.9324475129425], [124.59945696578602, 560.1286563401341]], '쩌국이=', 0.016840972006320953), ([[85.96537094423415, 1174.1298933650264], [274.5754061677582, 1144.9541875784792], [286.03462905576583, 1283.8701066349736], [98.4245938322418, 1313.0458124215208]], '(또2', 0.006823474029714147), ([[947.9630841330724, 1901.148972104892], [1148.9949776666926, 1873.3333705450775], [1158.0369158669275, 1996.851027895108], [957.0050223333074, 2024.6666294549225]], '[렉)', 0.07923722706539965)]
[([[240, 42], [452, 42], [452, 92], [240, 92]], '룹기어`기하하풍', 1.3889652696994939e-05), ([[238, 99], [787, 99], [787, 165], [238, 165]], '5애<라. -리`아 ,아< 루나크', 7.657962618153004e-05), ([[921.7289541677428, 951.3176662554883], [1245.051190160227, 888.4310891381966], [1261.2710458322572, 1035.6823337445117], [937.9488098397729, 1097.5689108618033]], '(데외밟', 0.013361762277781963), ([[1243.7230723179239, 950.7061506225467], [1328.1722042476233, 927.5633793460285], [1337.2769276820761, 962.2938493774533], [1252.8277957523767, 985.4366206539715]], '000', 0.8507704381474932), ([[101.68635850198024, 1116.2158962549506], [336.541093524748, 988.9299063843906], [394.31364149801976, 1122.7841037450494], [159.458906475252, 1250.0700936156095]], '(흘이)_', 0.0036667672897470836)]
[([[1482, 205], [1684, 205], [1684, 253], [1482, 253]], '하아.하아아아.', 0.5763895391596843), ([[316, 458], [466, 458], [466, 510], [316, 510]], '하아아아', 0.986723780632019), ([[272, 2178], [610, 2178], [610, 2280], [272, 2280]], '이제  넣을게', 0.25626874537626665)]
[([[1799, 79], [1835, 79], [1835, 171], [1799, 171]], '!', 0.7925824677114726), ([[264, 896], [556, 896], [556, 1184], [264, 1184]], '옛', 0.2153511383107265), ([[1459, 1232], [1744, 1232], [1744, 1493], [1459, 1493]], "움'", 0.199289769038611), ([[1114, 2122], [1380, 2122], [1380, 2340], [1114, 2340]], '씨위', 0.181499067829996), ([[1446.0338140663607, 89.10770800388171], [1803.9295910879323, 58.618584381426416], [1804.9661859336393, 215.8922919961183], [1447.0704089120677, 246.38141561857358]], '이크 옷', 0.1812716005375294)]
[([[45, 35], [619, 35], [619, 119], [45, 119]], '하아 학학 보지너무핑크야', 0.43911561643533886), ([[856, 68], [1073, 68], [1073, 192], [856, 192]], '웅)', 0.005510073616366352), ([[1721, 525], [1999, 525], [1999, 807], [1721, 807]], '{', 0.4211603691592245), ([[591, 804], [797, 804], [797, 980], [591, 980]], '하칙', 0.01183025273854228), ([[386, 1434], [1020, 1434], [1020, 1514], [386, 1514]], '오일로 매끈매끈 보들보들하고', 0.4629196473900252), ([[4, 1654], [234, 1654], [234, 1828], [4, 1828]], '팬"', 0.017081194566011527), ([[371, 2245], [893, 2245], [893, 2335], [371, 2335]], '최고의구멍이야 9짓해', 0.28021849756360107), ([[555, 2331], [719, 2331], [719, 2419], [555, 2419]], '맛있어', 0.9535067679850948), ([[1592.907272195808, 134.01270441974825], [1993.2095701367907, 279.508568238404], [1848.092727804192, 657.9872955802517], [1448.7904298632093, 512.491431761596]], '짝', 0.002383230189755406), ([[560.0553245694164, 463.3378956484904], [719.4132189422581, 418.08951327988234], [742.9446754305836, 531.6621043515096], [584.5867810577419, 576.9104867201177]], '하아', 0.3166104808393123), ([[959.0424462633132, 963.0399334511723], [1218.70580603721, 746.0051894697162], [1610.9575537366868, 1303.9600665488276], [1351.29419396279, 1521.9948105302838]], '팔', 0.04729762336306487)]
[([[1048, 126], [1256, 126], [1256, 198], [1048, 198]], '아아아아', 0.9939254522323608), ([[963, 201], [1386, 201], [1386, 282], [963, 282]], '좋아좋아아아아.??', 0.6289184352377809), ([[1615, 193], [1871, 193], [1871, 461], [1615, 461]], '퍽', 0.9879798696994193), ([[684, 682], [890, 682], [890, 732], [684, 732]], '좀더 세게에어옛', 0.1410781404047737), ([[901, 693], [917, 693], [917, 721], [901, 721]], '!', 0.46743773699811086), ([[1553, 761], [1787, 761], [1787, 969], [1553, 969]], '퍽', 0.9961403966829039), ([[576, 1450], [784, 1450], [784, 1622], [576, 1622]], '찢', 0.06458649811001838), ([[1390, 1846], [1944, 1846], [1944, 1922], [1390, 1922]], '붐퍼장안에산다산다아아아 !', 0.2075493276322056), ([[770, 2321], [1022, 2321], [1022, 2395], [770, 2395]], '으우우우우:', 0.566049069370244), ([[89.0364854110324, 1746.1137745348788], [292.6397187117654, 1718.6317322829093], [302.9635145889676, 1865.8862254651212], [98.36028128823462, 1893.3682677170907]], '잘', 0.1362084584588965), ([[1439.751159576494, 2020.0269021746617], [1764.4742633602687, 2064.1413598700424], [1721.248840423506, 2309.9730978253383], [1395.5257366397313, 2264.8586401299576]], '부근록', 0.04881217015643174)]
[]
[([[752, 856], [834, 856], [834, 934], [752, 934]], '뼈', 0.8442478703770782), ([[1035, 851], [1133, 851], [1133, 935], [1035, 935]], '팩', 0.024771480271400748), ([[1602, 2386], [1806, 2386], [1806, 2466], [1602, 2466]], '동정완료', 0.31830069422721863)]
[([[180, 104], [644, 104], [644, 184], [180, 184]], '좋아 .아무도없지.???', 0.571704447428762)]
[([[110, 110], [726, 110], [726, 190], [110, 190]], '모니카언니는 눈치가 너무빨라.', 0.5079437278080069)]
[([[1532, 28], [1846, 28], [1846, 102], [1532, 102]], '[@@~_미', 0.0012931727806428095), ([[1565, 105], [1845, 105], [1845, 141], [1565, 141]], '[시|신보|87857043)', 0.0006255567600945734), ([[1505, 131], [1845, 131], [1845, 172], [1505, 172]], '형내,권스{@@물-|커-히|라-}|미]', 3.104539714147921e-08), ([[1866, 123], [1956, 123], [1956, 154], [1866, 154]], '@기]아7', 0.00044552384034548577), ([[177, 205], [723, 205], [723, 297], [177, 297]], '하아  매일똑같은일상,', 0.48193815159424097), ([[1355, 805], [1635, 805], [1635, 889], [1355, 889]], '자고일어나면', 0.9943179023388528), ([[1182, 879], [1812, 879], [1812, 960], [1182, 960]], '귀여운분퍼장이있어주면 종캠네', 0.16178093811006566), ([[1067, 965], [1941, 965], [1941, 1051], [1067, 1051]], '흐흐오일에잔뜩발려서질적질적매끈매끈', 0.5821928220973039), ([[669, 1285], [713, 1285], [713, 1335], [669, 1335]], "'", 0.5986237707118711), ([[344, 2083], [646, 2083], [646, 2180], [344, 2180]], '잠이나 자자', 0.9381989692396592), ([[1520.3203723339693, 397.0581595370226], [1602.9907347707262, 426.7279044474505], [1589.6796276660307, 462.9418404629774], [1507.0092652292738, 433.2720955525495]], '0굵 -', 0.006896763514983674), ([[1531.2397140787302, 437.0581415117469], [1618.9668153095145, 468.4248950694246], [1601.7602859212698, 511.9418584882531], [1514.0331846904855, 480.5751049305754]], '0터9', 0.05193616066187967)]
[([[231, 109], [661, 109], [661, 195], [231, 195]], '하마터면 들길뻔햇어', 0.30793240359172175)]
[([[1275, 811], [1372, 811], [1372, 880], [1275, 880]], '짜잔', 0.9836721810903456), ([[1404, 811], [1642, 811], [1642, 879], [1404, 879]], '모험가자지루', 0.4251946667742215), ([[1195, 872], [1694, 872], [1694, 948], [1195, 948]], '본떠서만든내수제자동달되', 0.5295303120936674)]
[([[1054, 805], [1719, 805], [1719, 893], [1054, 893]], '으흐흐 플루토의스길올이용해서', 0.22022142119575794), ([[857, 878], [1898, 878], [1898, 965], [857, 965]], '대량생산올한다  그리고팔면? 난 떼부자가 돈거라구 ', 0.18899790522738)]
[([[667, 629], [721, 629], [721, 665], [667, 665]], '"\'', 0.47340841868715516), ([[485, 601], [672, 601], [672, 739], [485, 739]], '올팩', 0.03616089654680624)]
[([[1367, 781], [1547, 781], [1547, 847], [1367, 847]], '아하하하', 0.9996926784515381), ([[1108, 846], [1815, 846], [1815, 922], [1108, 922]], '내가만들없지만 정말 변태처럼생겪눈길', 0.11502730563933734)]
[([[545, 649], [721, 649], [721, 763], [545, 763]], '꿀찍', 0.0497769277511853), ([[709, 707], [807, 707], [807, 743], [709, 743]], '00 0', 0.19617589256035212)]
[([[1182, 800], [1236, 800], [1236, 848], [1182, 848]], '그.', 0.5368536949643178), ([[1319, 795], [1769, 795], [1769, 859], [1319, 859]], '그래맞아 내가만들없으나까', 0.9015256116653635), ([[1309, 853], [1645, 853], [1645, 919], [1309, 919]], '품질올실험해바야해', 0.2196273055826485)]
[]
[([[92, 108], [787, 108], [787, 188], [92, 188]], '아.아유  이상해 아응 커다켓', 0.15952088480066878), ([[682, 1754], [844, 1754], [844, 1856], [682, 1856]], "섞유'", 0.03272244750394564)]
[([[553, 587], [679, 587], [679, 673], [553, 673]], '하아', 0.45132514587802974), ([[1118, 666], [1266, 666], [1266, 740], [1118, 740]], '하아8', 0.23848727078953197), ([[1118, 1718], [1274, 1718], [1274, 1862], [1118, 1862]], '표0', 0.09459196095398865), ([[599.1799040483575, 1726.3095682176086], [821.5255973545288, 1685.370334192749], [833.8200959516425, 1796.6904317823914], [611.4744026454712, 1837.629665807251]], '구지 객', 0.8463953137397766), ([[1019.2067587797834, 2012.2548693155236], [1273.7678784532438, 1941.0527773238748], [1298.7932412202165, 2059.7451306844764], [1045.2321215467562, 2130.9472226761254]], '날지먹0', 0.028004808351397514)]
[]
[([[1335, 793], [1537, 793], [1537, 859], [1335, 859]], '역시플루토.', 0.6489573454169713), ([[1020, 850], [1910, 850], [1910, 922], [1020, 922]], '올다*다 하눈건 플루토만큼빠른게없어어  .으응흐응 씨', 0.051409210674813834)]
[([[1077, 821], [1847, 821], [1847, 888], [1077, 888]], '아아  윗 으응 모험가아 . 맞아아.이기분 옷', 0.2740027337881535), ([[1366, 1418], [1568, 1418], [1568, 1618], [1366, 1618]], '퍽', 0.3841688509443344), ([[1086, 1822], [1372, 1822], [1372, 2070], [1086, 2070]], '퍽', 0.31111543381215157), ([[477.3195906771213, 1711.039240490396], [795.9857326535196, 1681.1544299916377], [806.6804093228787, 1996.960759509604], [488.0142673464804, 2025.8455700083623]], '개', 0.08964642867359007)]
[([[272, 78], [466, 78], [466, 304], [272, 304]], '0', 0.1100876102396322)]
[([[262, 75], [468, 75], [468, 309], [262, 309]], '2', 0.5911939759799942), ([[422, 628], [687, 628], [687, 730], [422, 730]], '아 /:', 0.04844485356141303), ([[1300, 838], [1513, 838], [1513, 953], [1300, 953]], '하아', 0.9499872015282008), ([[798, 1692], [936, 1692], [936, 1818], [798, 1818]], '부노', 0.08514595321514977), ([[1200, 1716], [1250, 1716], [1250, 1770], [1200, 1770]], '6', 0.9575937316792569), ([[1198, 1826], [1276, 1826], [1276, 1900], [1198, 1900]], '7', 0.28221250342950555), ([[569, 1988], [864, 1988], [864, 2137], [569, 2137]], '움빛 @)', 0.03994085867381301), ([[1164.8533747416002, 692.1935610788012], [1348.7898577034114, 669.0603540330247], [1355.1466252583998, 770.8064389211988], [1171.2101422965886, 794.9396459669753]], '하아', 0.9866820115887294), ([[1207.0261988727912, 1698.0296615137736], [1460.5117353218745, 1759.0774922174571], [1422.9738011272088, 1893.9703384862264], [1168.4882646781255, 1832.9225077825429]], '유:"', 0.2735991798194942)]
[([[82, 590], [420, 590], [420, 878], [82, 878]], '벌적', 0.7258880896316962), ([[1333.422135882779, 131.0656305933473], [1443.673335644522, 50.011934824479454], [1595.577864117221, 288.9343694066527], [1485.326664355478, 369.98806517552055]], '<', 0.8674639925425289)]
[([[1374, 270], [1540, 270], [1540, 370], [1374, 370]], '옛 !', 0.5701202750205994), ([[190, 728], [310, 728], [310, 832], [190, 832]], '옛?', 0.9884614962188428)]
[]
[([[1558, 17], [1809, 17], [1809, 150], [1558, 150]], '(정적)', 0.7773497818722716)]
[([[1353, 229], [1690, 229], [1690, 309], [1353, 309]], '어.?2어.어.??', 0.4142730879258959), ([[285, 710], [610, 710], [610, 788], [285, 788]], '오 자위하눈모습:', 0.3432892007047141), ([[285, 772], [577, 772], [577, 856], [285, 856]], '이건못참지국크', 0.411320935865947)]
[([[701, 1195], [1182, 1195], [1182, 1300], [701, 1300]], '(메자루차 당햇다)', 0.40688324710938634)]
[([[254, 203], [513, 203], [513, 299], [254, 299]], '종은냄새', 0.8875715136528015), ([[170, 290], [550, 290], [550, 378], [170, 378]], '말랑말랑한 감촉', 0.31945701879826643), ([[1171, 557], [1239, 557], [1239, 627], [1171, 627]], '4', 0.692366461430538), ([[1523, 717], [1681, 717], [1681, 831], [1523, 831]], '뒤칙', 0.42683559436295226), ([[219, 1071], [415, 1071], [415, 1251], [219, 1251]], '낙', 0.01813223355731086), ([[813, 1144], [945, 1144], [945, 1234], [813, 1234]], '으음', 0.9861356225682848), ([[1090, 1650], [1290, 1650], [1290, 1824], [1090, 1824]], '팬쎄', 0.0024009057191147786), ([[1592, 1820], [1752, 1820], [1752, 1968], [1592, 1968]], '꿈', 0.0068551381266091505), ([[1612, 2272], [1722, 2272], [1722, 2346], [1612, 2346]], '으음', 0.9873217889230038), ([[1744, 2270], [1922, 2270], [1922, 2348], [1744, 2348]], '응?????', 0.9437753666075294), ([[946.5027082664217, 630.262728852182], [1090.9994123696188, 595.0552025321537], [1109.4972917335783, 700.737271147818], [965.0005876303812, 735.9447974678463]], '뒤척', 0.9986930236458182)]
[([[1505, 172], [2204, 172], [2204, 262], [1505, 262]], '이야건방진너석 이것도맛보라고', 0.3765560844100557), ([[115, 1845], [520, 1845], [520, 2142], [115, 2142]], ')떡', 0.03056240588711438)]
[([[1475, 180], [2243, 180], [2243, 270], [1475, 270]], '널위해준비햇어내독 달끔하지않니?', 0.22906670280857738)]
[([[203, 617], [282, 617], [282, 741], [203, 741]], '0', 0.999884370331884), ([[1748, 1827], [1858, 1827], [1858, 1946], [1748, 1946]], '사', 0.6896511597071289), ([[1934, 1842], [2209, 1842], [2209, 2034], [1934, 2034]], '불중언', 0.03428742270530438), ([[1521, 2046], [1720, 2046], [1720, 2231], [1521, 2231]], '늘3', 0.0016995295016153631), ([[132.42950209461486, 633.0162866557603], [209.70745576918284, 624.373490598461], [227.57049790538514, 827.9837133442397], [150.29254423081716, 835.626509401539]], '8', 0.613718920647873)]
[([[1545, 146], [2153, 146], [2153, 232], [1545, 232]], '어라? 뛰야? 이상황에서발기?', 0.8414883297934078), ([[1520, 223], [2189, 223], [2189, 310], [1520, 310]], '푸하하 너진짜 구제불능이구나?', 0.6411680483638795)]
[([[1520, 177], [2173, 177], [2173, 263], [1520, 263]], '뵈이렇게판티까지젖어있는걸~', 0.0975204520827563)]
[([[1444, 182], [2340, 182], [2340, 268], [1444, 268]], '꿈들거려도 소용없어 지금은내달타임이야', 0.766756614052451), ([[220, 2062], [488, 2062], [488, 2237], [220, 2237]], '스알', 0.1319213463566688), ([[1429, 2064], [1666, 2064], [1666, 2253], [1429, 2253]], '끊출', 0.0883819047578221), ([[2159, 2027], [2378, 2027], [2378, 2221], [2159, 2221]], '꿈물', 0.2281287099921872)]
[([[1447, 187], [1724, 187], [1724, 260], [1447, 260]], '뛰야 커다래-', 0.7559111067780825), ([[1766, 182], [2304, 182], [2304, 268], [1766, 268]], '제법쓸만한걸달고씩는결', 0.12437022501398119), ([[1652, 1421], [1780, 1421], [1780, 1591], [1652, 1591]], '0)', 0.26529282923091235), ([[1695.835215613597, 1222.0424539062801], [1832.973044321107, 1258.2055126916275], [1796.164784386403, 1390.9575460937199], [1658.026955678893, 1355.7944873083725]], '0', 0.8400841897314457)]
[([[1554, 177], [2176, 177], [2176, 265], [1554, 265]], '이런건당장 내가 처리해야켓어', 0.5936481497607482), ([[1671, 1230], [1821, 1230], [1821, 1375], [1671, 1375]], '0', 0.5865747134487407), ([[1647, 1420], [1781, 1420], [1781, 1592], [1647, 1592]], '0', 0.9925137727201196)]
[([[2006, 1748], [2146, 1748], [2146, 1924], [2006, 1924]], '뱀', 0.38386501161614106), ([[1252, 1940], [1472, 1940], [1472, 2147], [1252, 2147]], '쁨빛', 0.05138780108152054), ([[1697, 2091], [1770, 2091], [1770, 2163], [1697, 2163]], '00', 0.9883607725466809), ([[1932.2173561659579, 1744.025549339154], [2023.199317976814, 1734.758748800529], [2040.7826438340421, 1920.974450660846], [1949.800682023186, 1931.241251199471]], '봄', 0.015247599182313332)]
[([[1653, 168], [2032, 168], [2032, 261], [1653, 261]], '으응? 종은기분', 0.40154545744511677), ([[1998, 2065], [2148, 2065], [2148, 2180], [1998, 2180]], '품움', 0.007209041715380603)]
[([[1154, 71], [1343, 71], [1343, 184], [1154, 184]], '안녕?', 0.9973333504555842)]
[([[1986, 926], [2075, 926], [2075, 1091], [1986, 1091]], '1', 0.5022482572258902), ([[2134, 1075], [2210, 1075], [2210, 1141], [2134, 1141]], '1', 0.942860014018553), ([[2086, 2005], [2251, 2005], [2251, 2184], [2086, 2184]], '퍽', 0.9975068630706154), ([[1625.789403526445, 1529.0187935515303], [1922.4204852924563, 1503.773447659732], [1942.210596473555, 1928.9812064484697], [1645.5795147075437, 1954.226552340268]], '퍽퍽', 0.18061484737930833)]
[([[1552, 231], [1825, 231], [1825, 322], [1552, 322]], '으주으랫', 0.050220388919115067), ([[2134, 1075], [2207, 1075], [2207, 1141], [2134, 1141]], '1', 0.9629033593348737), ([[2155, 2092], [2216, 2092], [2216, 2165], [2155, 2165]], '0', 0.9938218944544275), ([[2140, 2145], [2246, 2145], [2246, 2242], [2140, 2242]], '', 0.0), ([[1620.0880495128033, 1621.2371020281005], [1859.6267777711223, 1561.1717310942322], [1885.9119504871967, 1717.7628979718995], [1646.3732222288777, 1777.8282689057678]], '찌@', 0.03763999966882645), ([[2218.9900394604706, 2045.0964103888941], [2538.386292500255, 2011.22218895144], [2544.0099605395294, 2190.903589611106], [2224.613707499745, 2223.7778110485597]], '콤뜻다', 0.01724918014974217)]
[([[1190, 107], [1784, 107], [1784, 215], [1190, 215]], '너도좋아? 맛있어? 응?', 0.8243074069132795), ([[1745, 1004], [1918, 1004], [1918, 1132], [1745, 1132]], '탄교', 0.0021785777919442143), ([[2134, 1072], [2210, 1072], [2210, 1141], [2134, 1141]], '1', 0.8941649455430856), ([[1231, 1987], [1449, 1987], [1449, 2115], [1231, 2115]], '계짚', 0.08035754223961328), ([[2004.346454084438, 962.0267398301415], [2069.8986360985805, 973.6751787081621], [2046.653545915562, 1099.9732601698586], [1981.1013639014197, 1088.324821291838]], '1', 0.07787475316037273), ([[2230.5225662896937, 1822.0546449108658], [2332.5967491128376, 1722.0089047199428], [2568.4774337103063, 1996.9453550891342], [2466.4032508871624, 2096.9910952800574]], '탁', 0.5147353048092249)]
[([[1263, 88], [1675, 88], [1675, 161], [1263, 161]], '푸하하하 맞아 내독', 0.788788514846021), ([[1201, 152], [1728, 152], [1728, 236], [1201, 236]], '때문에말올못하눈구나??', 0.3125536897623153), ([[2134, 1075], [2210, 1075], [2210, 1141], [2134, 1141]], '1', 0.9586816085016494), ([[2006.4457792105736, 933.0192206322586], [2073.053859994809, 941.1031732555845], [2055.5542207894264, 1092.9807793677414], [1987.946140005191, 1085.8968267444156]], '1', 0.696536020721453)]
[([[1049, 624], [1144, 624], [1144, 705], [1049, 705]], '6개이', 0.00043122123474909855), ([[173, 697], [301, 697], [301, 790], [173, 790]], '야:', 0.5041480424416871), ([[2134, 1072], [2210, 1072], [2210, 1141], [2134, 1141]], '1', 0.8893693225084043), ([[1071.5621678605214, 377.27353858629397], [1192.6838745186137, 272.63520050695104], [1246.4378321394786, 354.72646141370603], [1126.3161254813863, 459.36479949304896]], '이8', 0.24015211086615032), ([[2006.4052762446836, 925.0196712947208], [2078.555805118878, 933.2382579456153], [2059.5947237553164, 1093.9803287052791], [1988.444194881122, 1086.7617420543847]], '1', 0.8918949862008141), ([[193.50608457734617, 1072.5518253732039], [359.0542117473794, 992.2923691549826], [402.4939154226538, 1082.4481746267961], [235.94578825262062, 1161.7076308450175]], '하아', 0.33601584441210713)]
[([[1145, 99], [1198, 99], [1198, 161], [1145, 161]], '시', 0.20875072053908728), ([[2137, 1075], [2207, 1075], [2207, 1141], [2137, 1141]], '1', 0.9684955988736341), ([[1254, 1997], [1531, 1997], [1531, 2202], [1254, 2202]], '엷핏', 0.0009663706571735288), ([[990.851888178868, 103.04124568626433], [1196.6386848251668, 136.5417566947793], [1168.148111821132, 273.95875431373565], [963.3613151748331, 239.4582433052207]], '이1와8', 0.08618827164173126), ([[229.82590938685752, 918.0769113401171], [286.6026710645115, 882.0202011387781], [362.1740906131425, 1011.9230886598829], [305.3973289354885, 1048.9797988612218]], '릇', 0.019834556567550843), ([[463.642811787085, 935.0925260457207], [530.702485576363, 901.0247048156457], [587.3571882129149, 1027.9074739542793], [520.297514423637, 1062.9752951843543]], '릇', 0.13347281068388472), ([[2118.208583652263, 1681.0698707489673], [2364.9067708893467, 1657.4063763641948], [2371.791416347737, 1854.9301292510327], [2125.0932291106533, 1878.5936236358052]], '철퍽', 0.23793522097185218)]
[([[1009, 524], [1206, 524], [1206, 659], [1009, 659]], "'하아", 0.46675383227467027), ([[285, 850], [468, 850], [468, 963], [285, 963]], '하아', 0.35608567052660806), ([[1558, 2100], [1778, 2100], [1778, 2244], [1558, 2244]], '딸및', 0.0012818905528363556), ([[1950.2798208251922, 1719.0780290771136], [2145.7265369814527, 1701.8629462017998], [2151.720179174808, 1866.9219709228864], [1955.273463018547, 1884.1370537982002]], '꼴플', 0.0989468792071192)]
[([[1401, 71], [1521, 71], [1521, 135], [1401, 135]], '어때?', 0.99992091990172), ([[1031, 138], [1880, 138], [1880, 217], [1031, 217]], '이렇계잔뜩산걸보니너도 중앞단거갈은데?', 0.4011482678092118)]
[([[1868, 1802], [2042, 1802], [2042, 1963], [1868, 1963]], '골통', 0.00860721824125698)]
[([[1302, 195], [1373, 195], [1373, 257], [1302, 257]], '에', 0.9995635032244223), ([[1406, 186], [2212, 186], [2212, 270], [1406, 270]], '아직도 커저워어? .솔직한 녀석이구만?', 0.3546016004699796)]
[([[518, 272], [550, 272], [550, 300], [518, 300]], '7', 0.18987110852266653), ([[549, 303], [569, 303], [569, 329], [549, 329]], '2', 0.1452694440421789), ([[737, 277], [1160, 277], [1160, 354], [737, 354]], '으아아아아 귀신귀신"', 0.6997422421848937), ([[158, 1178], [608, 1178], [608, 1282], [158, 1282]], '뭐뭐뭐뭐 뛰야 !', 0.7485989038605516), ([[1308, 1984], [1714, 1984], [1714, 2060], [1308, 2060]], '나는불렉메이들이야!', 0.24770653113268543), ([[1311, 2052], [1716, 2052], [1716, 2129], [1311, 2129]], '귀신따워가아니라구!', 0.811395420519085), ([[112, 2247], [786, 2247], [786, 2345], [112, 2345]], '너나랑 오일세스하고싶다며?', 0.20337105241209194), ([[552.3500052999841, 262.76000847997454], [621.4350569120218, 244.36676672766924], [631.6499947000159, 287.23999152002546], [562.5649430879782, 306.63323327233076]], '7?', 0.5293583865226275), ([[1578.3380955199534, 409.0628608633851], [1739.2935298492187, 375.55666584036464], [1771.6619044800466, 584.9371391366149], [1610.7064701507813, 618.4433341596354]], '기', 0.20863477889950222)]
[([[2047, 33], [2848, 33], [2848, 172], [2047, 172]], '(어느모험가이래릭터장', 0.05469223648680697), ([[207, 1747], [989, 1747], [989, 1860], [207, 1860]], '우리예분헤카테]2 준비다차내', 0.24507767204191078)]
[([[1376, 143], [1834, 143], [1834, 236], [1376, 236]], '주인남 어서오세요~ ', 0.8590313650567971), ([[287, 1502], [895, 1502], [895, 1588], [287, 1588]], '끝까지저논전직안시켜주요?', 0.449274007536212)]
[([[1109, 886], [1428, 886], [1428, 994], [1109, 994]], '정 정말요?', 0.9882015447876715), ([[368, 1685], [830, 1685], [830, 1775], [368, 1775]], '오늘은헤카테] 에제', 0.23140563979630857), ([[131, 1768], [1070, 1768], [1070, 1864], [131, 1864]], '스껴업올 시켜주려고 모여달라고햇든데', 0.2024057433355255)]
[([[424, 1761], [654, 1761], [654, 1849], [424, 1849]], '그럼그럼', 0.9502237439155579)]
[([[1174, 852], [1336, 852], [1336, 936], [1174, 936]], '그럼저', 0.9025821445485925), ([[982, 926], [1528, 926], [1528, 1018], [982, 1018]], '2차전직해주시논거에요? ', 0.4835813444289834)]
[([[1185, 141], [2099, 141], [2099, 227], [1185, 227]], '까~그럼우리막내에되도맛추고넘중보다~그차', 0.24071342659023245)]
[([[244, 1751], [955, 1751], [955, 1853], [244, 1853]], '예로부터정기-마력이랫다고 ', 0.5222855156971606), ([[211.1814642737591, 991.0872284470946], [403.30647273243346, 969.4376335611736], [412.8185357262409, 1132.9127715529053], [220.69352726756654, 1155.5623664388263]], '@8', 0.40068699323530144)]
[([[1537, 138], [1648, 138], [1648, 213], [1537, 213]], '어머', 0.9980880803698526), ([[348, 1493], [839, 1493], [839, 1582], [348, 1582]], '시발네이렉출알앉어요', 0.3725864083087183), ([[285, 1756], [872, 1756], [872, 1855], [285, 1855]], '셋스틱 업잔뜩시켜줄께~', 0.15288286527489656)]
[([[1295, 88], [1918, 88], [1918, 176], [1295, 176]], '막내야 피학수없으면 즐겨후후후', 0.30578044345458905), ([[1318, 161], [1899, 161], [1899, 245], [1318, 245]], '잔뜩사랑받으면 중은거잖아~?', 0.4015183628975885)]
[([[341, 1561], [592, 1561], [592, 1645], [341, 1645]], '(제발닥- ', 0.5772094018744827)]
[([[1205, 123], [1833, 123], [1833, 211], [1205, 211]], '홍정말 쩐따갈은발상이구나;', 0.31747288321851974), ([[267, 1445], [323, 1445], [323, 1489], [267, 1489]], '(', 0.9854205904430415), ([[269, 1489], [307, 1489], [307, 1527], [269, 1527]], "'9", 0.2073977279479283), ([[195, 1827], [213, 1827], [213, 1851], [195, 1851]], '8', 0.21276603047409992), ([[348, 1832], [620, 1832], [620, 1908], [348, 1908]], '좋아 원하능게', 0.22237544009975155), ([[634, 1831], [882, 1831], [882, 1909], [634, 1909]], '이오일이야?', 0.9946719069388751), ([[454, 1902], [778, 1902], [778, 1978], [454, 1978]], '일단 들고앞는데', 0.27867986386063215), ([[291.28609323645895, 1470.5144372945836], [360.4164205046948, 1435.8123814618918], [376.71390676354105, 1469.4855627054164], [308.5835794953052, 1504.1876185381082]], ';니)', 0.07544334911380794)]
[]
[([[1261, 100], [1651, 100], [1651, 191], [1261, 191]], '까아아 두근두근', 0.9160477773675952), ([[103, 1736], [981, 1736], [981, 1822], [103, 1822]], '자자자 누구한테넣올까요알아맞취보세요~', 0.43569493789120506)]
[([[817, 786], [1470, 786], [1470, 865], [817, 865]], '흐 극끓 흐으으욕   (시발진짜 )', 0.262493922341697), ([[403, 1695], [790, 1695], [790, 1816], [403, 1816]], '너로정햇다', 0.23180138102759548), ([[2036, 1658], [2275, 1658], [2275, 1856], [2036, 1856]], '푸움', 0.1622716817614974)]
[([[1350, 112], [1685, 112], [1685, 357], [1350, 357]], '필해', 0.011322502448891112), ([[2287, 193], [2381, 193], [2381, 261], [2287, 261]], '1', 0.3081157877337013), ([[2770, 461], [2827, 461], [2827, 514], [2770, 514]], '사', 0.7831999797673497), ([[2445, 987], [2670, 987], [2670, 1251], [2445, 1251]], '퍽', 0.9864426961890196), ([[2653, 1182], [2858, 1182], [2858, 1436], [2653, 1436]], '퍽', 0.9991332979209346), ([[732, 1654], [1119, 1654], [1119, 1751], [732, 1751]], '오옷 오오옷 ', 0.4039590861229541), ([[123, 1683], [398, 1683], [398, 1903], [123, 1903]], '덜컵', 0.06280163510294041), ([[563, 1741], [1293, 1741], [1293, 1844], [563, 1844]], '오늘따라 한껏 조이논데   오옷', 0.3195533056139963), ([[1762, 1652], [2069, 1652], [2069, 1916], [1762, 1916]], '퍽', 0.41740868294661837)]
[([[662, 1695], [1226, 1695], [1226, 1803], [662, 1803]], '주인념의첫번째씨앗 !', 0.5425179227565244), ([[2601, 1571], [2764, 1571], [2764, 1826], [2601, 1826]], '~', 0.28826383281911205), ([[2494.7567828186197, 817.0276134189462], [2703.863710853071, 793.6731111446112], [2725.2432171813803, 1097.9723865810538], [2517.136289146929, 1121.326888855389]], ')', 0.7334312934257561)]
[]
[([[1382, 108], [1792, 108], [1792, 181], [1382, 181]], '여기에요~여기에요~', 0.6791894993263635), ([[424, 1731], [768, 1731], [768, 1830], [424, 1830]], '다음다음~~', 0.8200364253211744)]
[([[1027, 21], [1153, 21], [1153, 160], [1027, 160]], '0', 0.9843902621151166), ([[1132, 86], [1194, 86], [1194, 139], [1132, 139]], '00', 0.6407195525915428), ([[2009, 1044], [2320, 1044], [2320, 1320], [2009, 1320]], '푸육', 0.34980815741416926)]
[([[1280, 128], [1750, 128], [1750, 214], [1280, 214]], '주인남자지경장해애 (', 0.7221507380721403), ([[2287, 193], [2378, 193], [2378, 257], [2287, 257]], '1', 0.20148620613946733), ([[2770, 461], [2825, 461], [2825, 514], [2770, 514]], '사', 0.8581933377470854), ([[1744, 965], [2067, 965], [2067, 1230], [1744, 1230]], '짝객', 0.02058100367678522), ([[623, 1716], [1210, 1716], [1210, 1807], [623, 1807]], '역시첫째헤카테~잘해잘해', 0.6921821559552561), ([[2491.3472981237205, 1402.0525805424095], [2764.1522948997613, 1382.4162120101332], [2767.6527018762795, 1610.9474194575905], [2493.8477051002387, 1630.5837879898668]], '질끼', 0.06535693766732595)]
[([[2332, 201], [2376, 201], [2376, 255], [2332, 255]], '0', 0.33258058920100453), ([[680, 1697], [1166, 1697], [1166, 1799], [680, 1799]], '으릇 ! 두번째씨앗', 0.6090233740117844)]
[([[1249, 125], [1793, 125], [1793, 193], [1249, 193]], '근데나 오일이란거 안꺼빛논데.', 0.18001751928743567), ([[1339, 189], [1695, 189], [1695, 257], [1339, 257]], '그냥 몸에바르면 돼?', 0.8525807279523728), ([[1312, 572], [1816, 572], [1816, 646], [1312, 646]], '뛰야이거 끊이지? 끓이야 .?', 0.4014153016392799), ([[1278, 638], [1860, 638], [1860, 715], [1278, 715]], '그럼내마음대로해도되는거야?', 0.8524935078176865), ([[200, 1088], [738, 1088], [738, 1166], [200, 1166]], '뒷덜미 종은냄새날것같아', 0.36314385448170966), ([[226, 1302], [644, 1302], [644, 1378], [226, 1378]], '그럼 잘먹계습니다@', 0.09680355237759264), ([[1630, 1592], [1708, 1592], [1708, 1670], [1630, 1670]], '0', 0.9031968185732673), ([[1244, 2125], [1667, 2125], [1667, 2204], [1244, 2204]], '이걸이렇계 몸에봇고', 0.1938319051874826), ([[1328, 2200], [1590, 2200], [1590, 2276], [1328, 2276]], '바르면되나?', 0.9784399229946019)]
[([[1904, 1333], [2219, 1333], [2219, 1562], [1904, 1562]], '주쪽', 0.14011066624643606)]
[([[1507, 130], [1804, 130], [1804, 214], [1507, 214]], '데에에어어', 0.16694520877867444), ([[217, 768], [475, 768], [475, 855], [217, 855]], '아니여어;', 0.6597378510921291), ([[323, 1727], [904, 1727], [904, 1818], [323, 1818]], '하아.하아  더활수있지?', 0.10853872586102478)]
[([[2167, 58], [2798, 58], [2798, 299], [2167, 299]], '(@세권후', 0.045634166563176044)]
[([[1358, 69], [1402, 69], [1402, 113], [1358, 113]], '00', 0.9998472632376039), ([[1088, 66], [1211, 66], [1211, 190], [1088, 190]], '돕요(', 0.0016448560265664776), ([[233, 652], [554, 652], [554, 899], [233, 899]], '램소"', 0.0020545768945388005), ([[1863, 1163], [2128, 1163], [2128, 1386], [1863, 1386]], '꿀럭', 0.025955330361241678), ([[2506, 1416], [2774, 1416], [2774, 1629], [2506, 1629]], '필퍽', 0.019016967723635505), ([[1164.9195696575168, 63.37023559581932], [1354.5934764714, 18.227018226811765], [1373.0804303424832, 129.6297644041807], [1183.4065235286, 174.77298177318823]], '@)입', 0.06480304757099113), ([[1257.1189256533435, 132.32327287471102], [1694.259424913308, 90.6748987532125], [1695.8810743466565, 201.67672712528898], [1258.740575086692, 244.3251012467875]], '사람용예 여 @', 0.2675653448324871)]
[([[114, 1936], [536, 1936], [536, 2112], [114, 2112]], '타고훈의', 0.061060402542352676), ([[293.7912100854006, 2164.1890184953236], [591.7211492606141, 2135.377308472768], [594.2087899145994, 2247.8109815046764], [297.27885073938586, 2276.622691527232]], '덮뚜기', 0.0012068658458043893)]
[([[1477, 1723], [1893, 1723], [1893, 1807], [1477, 1807]], '보상-타고르의우유', 0.7359524818562888), ([[1376, 1790], [1983, 1790], [1983, 1892], [1376, 1892]], '(공격시추가 데미지15% 증가) ', 0.6664579456662001), ([[1523, 1873], [1847, 1873], [1847, 1963], [1523, 1963]], '(속성강화 +20)', 0.6681506145483979), ([[114, 1936], [536, 1936], [536, 2112], [114, 2112]], '타고훈의', 0.05090242251753807), ([[293.7912100854006, 2164.1890184953236], [591.7292040005497, 2135.3941304409136], [594.2087899145994, 2247.8109815046764], [296.27079599945034, 2276.6058695590864]], ')프기', 0.0019391155501455113)]
[([[469, 1109], [1599, 1109], [1599, 1219], [469, 1219]], '세리아방에있는 타고르럽마려이용하실수있습니다', 0.08436893579836416), ([[114, 1936], [536, 1936], [536, 2112], [114, 2112]], '타고훈-의', 0.05186926315012997), ([[293.7912100854006, 2164.1890184953236], [591.7123982681204, 2134.359102304692], [594.2087899145994, 2247.8109815046764], [296.28760173187965, 2276.640897695308]], ')뚜기', 0.003007595472449962)]
[([[115, 1936], [536, 1936], [536, 2112], [115, 2112]], '타고훈-의', 0.053856689503509546), ([[347, 2338], [517, 2338], [517, 2460], [347, 2460]], '여:', 0.03237674842486064), ([[294.75360678589436, 2164.195558679598], [591.6619018965403, 2133.2554335102227], [594.2463932141056, 2246.804441320402], [298.33809810345974, 2277.7445664897773]], '타"기', 0.0022910213363915846), ([[639.086571837083, 2267.2674879202486], [836.7663130934849, 2215.1641856058377], [861.913428162917, 2352.7325120797514], [664.2336869065151, 2404.8358143941623]], '딸각', 0.9712177815365205)]
[([[306, 1998], [1366, 1998], [1366, 2098], [306, 2098]], '모험가 ? 뒤하눈거야 ? 타고르이해못하켓어', 0.6012343886187044), ([[386, 2080], [1281, 2080], [1281, 2189], [386, 2189]], '갑자기업데이트후 눈떠보나 여기워어', 0.44602269683143436)]
[]
[([[295, 171], [693, 171], [693, 257], [295, 257]], '부드러워어어어', 0.9998267064054635), ([[609, 378], [800, 378], [800, 504], [609, 504]], '으`기', 0.012702708496937606), ([[1319, 1027], [1433, 1027], [1433, 1135], [1319, 1135]], '횟', 0.02993195191366116), ([[1449, 1071], [1577, 1071], [1577, 1183], [1449, 1183]], '', 0.0), ([[597, 1291], [846, 1291], [846, 1411], [597, 1411]], '외기심화', 0.0016222201520577073), ([[622, 1560], [1040, 1560], [1040, 1638], [622, 1638]], '은근히가슴이있구나', 0.6214371910212283), ([[1398, 1684], [1502, 1684], [1502, 1788], [1398, 1788]], '동', 0.0564209506551947), ([[1148, 2258], [1430, 2258], [1430, 2336], [1148, 2336]], '아래도 한번 .', 0.7373676827952169), ([[627.040215982627, 509.02094600215935], [786.9416757756167, 635.3991052009206], [669.959784017373, 781.9790539978407], [510.0583242243834, 655.6008947990794]], '끝)', 0.027805346751711542), ([[498.8487054772406, 871.8789643817925], [744.6553576389804, 788.2951697969814], [779.1512945227594, 896.1210356182075], [532.3446423610196, 979.7048302030186]], '매격매끈', 0.06108935922384262), ([[821.3447882227953, 1342.3585340901495], [877.8600266760523, 1332.2035294723046], [883.6552117772047, 1371.6414659098505], [827.1399733239477, 1381.7964705276954]], '00', 0.8983504659882533), ([[1649.7882736345668, 1502.4377850844407], [1802.197885545309, 1461.2367430377733], [1821.2117263654332, 1561.5622149155593], [1669.802114454691, 1602.7632569622267]], '보퉁 0', 0.3038335144519806), ([[1547.807611844575, 2060.8076118445747], [1746.7328309686816, 1984.3699603701525], [1783.192388155425, 2089.1923881554253], [1583.2671690313184, 2164.6300396298475]], '끈수적', 0.384627445977536), ([[564.161522368915, 2089.1306565824048], [697.5547348766461, 2067.2114091315298], [709.838477631085, 2184.8693434175952], [576.4452651233539, 2205.7885908684702]], '곡육', 0.23167102455738667)]
[([[303, 2030], [1157, 2030], [1157, 2141], [303, 2141]], '이번트 ?보상으로 나의우유틀 ?', 0.34782990437586503)]
[([[293, 2023], [894, 2023], [894, 2131], [293, 2131]], '타고루 들어도 모르젊어', 0.40344694526042435)]
[]
[([[297, 2029], [1056, 2029], [1056, 2133], [297, 2133]], '그냥 가만히있어도 되는 거야 ?', 0.4123502876499618)]
[]
[([[1429.4700627579532, 1300.050941369298], [1544.611485903615, 1187.0081300240786], [1808.5299372420468, 1495.949058630702], [1693.388514096385, 1608.9918699759214]], '5', 0.10227496876186937)]
[([[353, 1273], [495, 1273], [495, 1409], [353, 1409]], '벼리', 0.002764280939508429), ([[626, 2042], [674, 2042], [674, 2112], [626, 2112]], '?', 0.9919588743652099), ([[330, 2220], [810, 2220], [810, 2318], [330, 2318]], '앗.그건 가슴이야', 0.6447674716935673)]
[([[293, 2030], [838, 2030], [838, 2134], [293, 2134]], '앗 이상한기분; 으응', 0.6378595078967406), ([[867, 2037], [1087, 2037], [1087, 2129], [867, 2129]], '모험가  ', 0.705954558400553)]
[([[186, 1820], [354, 1820], [354, 1964], [186, 1964]], '주력', 0.08313393936383019), ([[500.85471592715857, 1535.1215001589953], [884.8364773921992, 1498.1947158466085], [888.1452840728415, 1660.8784998410047], [503.16352260780087, 1697.8052841533915]], '품음울다', 0.1623394936323166)]
[([[293, 2035], [418, 2035], [418, 2128], [293, 2128]], '앗?', 0.32371965512020795), ([[470, 2034], [1248, 2034], [1248, 2132], [470, 2132]], '타고르 가슴에서  원가 나건어', 0.2558290692962914)]
