2765049
20
[([[193, 277], [383, 277], [383, 339], [193, 339]], '죄송해요', 0.7180566773249011), ([[1293, 309], [1393, 309], [1393, 369], [1293, 369]], '그럼', 0.999759349976962), ([[195, 333], [383, 333], [383, 399], [195, 399]], '닿아버럿', 0.48741525411605835), ([[1247, 365], [1445, 365], [1445, 429], [1247, 429]], '일단 입을', 0.6198797699212072), ([[193, 397], [371, 397], [371, 459], [193, 459]], '흘지도:-', 0.42384716586952004), ([[1251, 429], [1441, 429], [1441, 493], [1251, 493]], '행구세요', 0.9992715716362), ([[91, 473], [231, 473], [231, 533], [91, 533]], '집중이', 0.9990160465240479), ([[17, 531], [307, 531], [307, 595], [17, 595]], '안 되시나요::', 0.6435451144156904), ([[1155, 513], [1237, 513], [1237, 575], [1155, 575]], '네?', 0.99993054270018), ([[45, 588], [278, 588], [278, 654], [45, 654]], '알죽습니다', 0.2615211683101502), ([[1113, 567], [1217, 567], [1217, 633], [1113, 633]], '가슴', 0.9996703432680838), ([[1170, 638], [1202, 638], [1202, 680], [1170, 680]], '?', 0.22441451354724856), ([[1073, 747], [1177, 747], [1177, 809], [1073, 809]], '아아', 0.9999684743028646)]
[([[986, 52], [1274, 52], [1274, 126], [986, 126]], '자? 의미없는', 0.8437598468882923), ([[112, 100], [386, 100], [386, 174], [112, 174]], '마조 주제에', 0.998360216363203), ([[968, 118], [1292, 118], [1292, 190], [968, 190]], '사정올 하시조', 0.5129783993952369), ([[115, 169], [385, 169], [385, 235], [115, 235]], '씨틀 뿌리는', 0.46800166211513666), ([[988, 200], [1254, 200], [1254, 272], [988, 272]], '매일 빼면서', 0.8809649071349754), ([[91, 233], [411, 233], [411, 301], [91, 301]], '재주는 외군요', 0.8220050806462716), ([[974, 255], [1261, 255], [1261, 344], [974, 344]], "'이양은 대체", 0.9605363131584028), ([[8, 347], [419, 347], [419, 437], [8, 437]], '어안에 싸질러지면', 0.5631808866269997), ([[1025, 331], [1215, 331], [1215, 403], [1025, 403]], '원가요?', 0.6415388584136963), ([[74, 424], [402, 424], [402, 496], [74, 496]], '모유가 나오는', 0.6451282772345619), ([[32, 486], [440, 486], [440, 563], [32, 563]], '몸이 돼버리켓어요', 0.8620368437989889), ([[1176, 436], [1344, 436], [1344, 562], [1176, 562]], '((예', 0.21297325521649743), ([[316, 646], [428, 646], [428, 688], [316, 688]], '우왕 양', 0.42613257611636146), ([[301, 687], [445, 687], [445, 729], [301, 729]], '장난 아냐', 0.8310099660783987), ([[325, 725], [419, 725], [419, 769], [325, 769]], '더러워', 0.9833069179314362), ([[140, 934], [394, 934], [394, 1012], [140, 1012]], '망상하면서', 0.9919462618839582), ([[139, 993], [390, 993], [390, 1073], [139, 1073]], '움질커리지', 0.19077917911043682), ([[182, 1058], [351, 1058], [351, 1139], [182, 1139]], '마세요', 0.8049654906859902), ([[109, 1147], [293, 1147], [293, 1215], [109, 1215]], '바보 9', 0.6844326570782833)]
[]
[]
[]
[]
[([[1055, 1709], [1145, 1709], [1145, 1805], [1055, 1805]], '', 0.0)]
[]
[]
[]
[]
[([[1291, 133], [1541, 133], [1541, 207], [1291, 207]], '환자남처럼', 0.9398476926280045), ([[1336, 200], [1498, 200], [1498, 272], [1336, 272]], '커다란', 0.760614289667621), ([[243, 289], [339, 289], [339, 349], [243, 349]], '일단', 0.999888396969258), ([[1279, 263], [1556, 263], [1556, 338], [1279, 338]], '가슴이 당은', 0.9928820125989175), ([[239, 345], [344, 345], [344, 410], [239, 410]], '한발', 0.9994665468757721), ([[1339, 335], [1497, 335], [1497, 399], [1339, 399]], '정도로', 0.99988354813638), ([[217, 409], [363, 409], [363, 469], [217, 469]], '빼도록', 0.8815448944261455), ([[1313, 392], [1524, 392], [1524, 469], [1313, 469]], '발기하는', 0.798877844190704), ([[241, 467], [343, 467], [343, 529], [241, 529]], '하조', 0.9896900796229132), ([[1284, 460], [1554, 460], [1554, 534], [1284, 534]], '변태 자지는', 0.6133203461250905), ([[66, 672], [168, 672], [168, 752], [66, 752]], '[컵', 0.16939330002430397), ([[0, 747], [257, 747], [257, 837], [0, 837]], '이랍니다', 0.9031221270561218), ([[17, 826], [234, 826], [234, 919], [17, 919]], '변태 씨', 0.9909210975732167), ([[305, 841], [661, 841], [661, 1001], [305, 1001]], '0|', 0.1887516481669567)]
[]
[([[1537, 215], [1643, 215], [1643, 275], [1537, 275]], '기분', 0.9988885157301376), ([[1518, 272], [1660, 272], [1660, 334], [1518, 334]], '종으신', 0.902738625615739), ([[1521, 330], [1656, 330], [1656, 396], [1521, 396]], '가요?', 0.9999461786409964), ([[1349, 395], [1453, 395], [1453, 457], [1349, 457]], '방금', 0.999984068528433), ([[411, 433], [515, 433], [515, 501], [411, 501]], '하아', 0.9998669028468314), ([[1275, 451], [1467, 451], [1467, 519], [1275, 519]], '몇 컴인지', 0.5098379576347452), ([[1209, 513], [1533, 513], [1533, 579], [1209, 579]], '알려드린 것처럼', 0.6108080413954065), ([[277, 580], [423, 580], [423, 648], [277, 648]], '여기는', 0.34254153282662864), ([[1227, 573], [1522, 573], [1522, 638], [1227, 638]], '프로필도 듣고', 0.9800283564129504), ([[219, 640], [468, 640], [468, 703], [219, 703]], '그런 가게가', 0.9995953628159684), ([[1263, 635], [1481, 635], [1481, 701], [1263, 701]], '싶다고요?', 0.9999874183551184), ([[210, 696], [472, 696], [472, 768], [210, 768]], '아니랍니다?', 0.9076383360377526), ([[132, 806], [184, 806], [184, 864], [132, 864]], '뭐', 0.9999147671742072), ([[55, 857], [201, 857], [201, 923], [55, 923]], '흥분해', 0.9977130722956709), ([[15, 919], [251, 919], [251, 985], [15, 985]], '주시는 편이', 0.8617789121237753), ([[55, 983], [209, 983], [209, 1045], [55, 1045]], '더 빨리', 0.9968768857978434), ([[1543, 1007], [1609, 1007], [1609, 1073], [1543, 1073]], '5', 0.6907834640960573), ([[59, 1039], [203, 1039], [203, 1107], [59, 1107]], '끝나니', 0.9912477897807042), ([[703, 1699], [741, 1699], [741, 1747], [703, 1747]], '(', 0.18935318598124784), ([[636, 1778], [702, 1778], [702, 1834], [636, 1834]], '7', 0.7685348270611172), ([[1402, 1678], [1608, 1678], [1608, 1848], [1402, 1848]], '4?', 0.014130625310390802), ([[70.19139245993736, 154.01924165868456], [432.97833694563076, 265.14205212242825], [384.80860754006267, 397.98075834131544], [23.021663054369252, 285.85794787757175]], '8기 (: 1', 0.0863612447990702), ([[1206.09566727953, 816.0194808850999], [1588.7695878381726, 920.8977071330324], [1533.90433272047, 1089.9805191149], [1152.2304121618274, 986.1022928669676]], '못덕(: ', 0.0005222251353202479), ([[66.21573384698884, 1403.0205164774868], [391.9834185385271, 1505.2948979511282], [348.7842661530112, 1623.9794835225132], [22.016581461472928, 1522.7051020488718]], '숙38?0', 0.0002901320008445492), ([[669.3786563088577, 1791.1903564972024], [709.663663648396, 1760.0315316918422], [770.6213436911423, 1846.8096435027976], [729.336336351604, 1878.9684683081578]], '모', 0.6472244436913712), ([[966.2516257571808, 1768.040119541782], [1180.9925790836571, 1816.6777613325503], [1163.7483742428192, 1874.959880458218], [950.0074209163428, 1827.3222386674497]], '사"<보', 0.009933197870850563)]
[([[1445, 135], [1591, 135], [1591, 203], [1445, 203]], '무카이', 0.9821221733694655), ([[1441, 195], [1595, 195], [1595, 263], [1441, 263]], '아야카', 0.9159228316531014), ([[367, 271], [465, 271], [465, 331], [367, 331]], '쓰리', 0.9999965439601713), ([[1459, 259], [1571, 259], [1571, 319], [1459, 319]], '26세', 0.999914381549895), ([[299, 329], [473, 329], [473, 395], [299, 395]], '사이즈?', 0.5985848484880658), ([[1277, 347], [1419, 347], [1419, 411], [1277, 411]], '취미늄', 0.35293940988995215), ([[1447, 317], [1591, 317], [1591, 383], [1447, 383]], '입니다', 0.9993932589221362), ([[263, 387], [513, 387], [513, 455], [263, 455]], '모든 여자가', 0.9874659657765386), ([[1279, 411], [1413, 411], [1413, 471], [1279, 471]], '주 1회', 0.9976640523340992), ([[260, 442], [511, 442], [511, 517], [260, 517]], '자신의 젓올', 0.503273506965182), ([[1278, 469], [1420, 469], [1420, 531], [1278, 531]], '다니는', 0.9425208320322456), ([[263, 509], [515, 509], [515, 573], [263, 573]], '알고 있다고', 0.9988055821756636), ([[1253, 529], [1441, 529], [1441, 591], [1253, 591]], '요가교실', 0.9511101245880127), ([[129, 563], [221, 563], [221, 627], [129, 627]], '역협', 0.06417075588270002), ([[291, 569], [481, 569], [481, 635], [291, 635]], '생각하지', 0.9999430179595947), ([[1277, 587], [1421, 587], [1421, 651], [1277, 651]], '이에요', 0.9972987436842603), ([[125, 623], [227, 623], [227, 683], [125, 683]], '네요', 0.9988789093917668), ([[313, 631], [463, 631], [463, 693], [313, 693]], '마세요', 0.5265995264053345), ([[1188, 754], [1404, 754], [1404, 948], [1188, 948]], '[0', 0.35531900709972447), ([[3, 1067], [275, 1067], [275, 1133], [3, 1133]], '96.63.92', 0.5662189760022549), ([[1360, 948], [1554, 948], [1554, 1118], [1360, 1118]], '대금', 0.10329772035188013), ([[9, 1133], [273, 1133], [273, 1219], [9, 1219]], '이랍니다:', 0.8989747026984795), ([[1427, 1079], [1635, 1079], [1635, 1251], [1427, 1251]], "'38", 0.09381324797868729), ([[43, 1209], [235, 1209], [235, 1293], [43, 1293]], '알아서', 0.9999860284334476), ([[1571, 1209], [1641, 1209], [1641, 1277], [1571, 1277]], '9', 0.8401620957668001), ([[21, 1282], [258, 1282], [258, 1368], [21, 1368]], '뭐하시려', 0.6592660546302795), ([[52, 1364], [222, 1364], [222, 1442], [52, 1442]], '구요?', 0.9999587048049875), ([[28, 1437], [193, 1437], [193, 1513], [28, 1513]], '바~보', 0.9978397422862656), ([[586, 1777], [802, 1777], [802, 1852], [586, 1852]], '험: 3', 0.04992078297590487), ([[1227, 1603], [1437, 1603], [1437, 1852], [1227, 1852]], '4', 0.09892075039811576), ([[47.884848843577075, 91.0800047352174], [341.5415383012079, 35.018785606527906], [370.11515115642294, 278.9199952647826], [76.4584616987921, 334.9812143934721]], '[용9', 0.0440526410877675), ([[1503.0570096664171, 688.026173995508], [1709.5423648873302, 764.0820714740534], [1654.9429903335829, 901.973826004492], [1448.4576351126698, 825.9179285259466]], '@뇨', 0.17807369818020663), ([[357.0392850575006, 1442.0124747137734], [881.2613156505851, 1607.6435751014074], [775.9607149424994, 1900.9875252862266], [251.73868434941494, 1735.3564248985926]], '이3 ', 0.06446518764763376), ([[791.0274673730843, 1764.0526998323749], [937.6922293248929, 1796.6665156174784], [917.9725326269157, 1873.9473001676251], [771.3077706751071, 1841.3334843825216]], '숲_"', 0.07447196303162161)]
[([[259, 505], [403, 505], [403, 593], [259, 593]], '앗9', 0.6120141779298258), ([[84, 762], [434, 762], [434, 958], [84, 958]], '30관3', 0.0060981204733252525), ([[1055, 1707], [1145, 1707], [1145, 1805], [1055, 1805]], '*', 0.01613178683253924)]
[([[336, 248], [442, 248], [442, 322], [336, 322]], '역시', 0.9998334397177464), ([[1248, 266], [1512, 266], [1512, 338], [1248, 338]], '조그마하고', 0.9989420102936287), ([[266, 314], [514, 314], [514, 388], [266, 388]], '대기실에서', 0.9989259080380148), ([[1249, 328], [1510, 328], [1510, 402], [1249, 402]], '마조인데도', 0.9976000860513774), ([[274, 378], [508, 378], [508, 454], [274, 454]], '제 가슴을', 0.6809221736800376), ([[1234, 392], [1527, 392], [1527, 469], [1234, 469]], '양은 제 묶올', 0.593774150152441), ([[254, 446], [530, 446], [530, 518], [254, 518]], '보고 자지틀', 0.4656173874304531), ([[1299, 463], [1461, 463], [1461, 531], [1299, 531]], '하네요', 0.5989496041902119), ([[244, 509], [535, 509], [535, 583], [244, 583]], '비비적거리던', 0.7209992410664523), ([[261, 575], [523, 575], [523, 647], [261, 647]], '변태답네요', 0.9710915538784388), ([[41, 701], [265, 701], [265, 769], [41, 769]], '그럼 입을', 0.576508882853457), ([[72, 764], [238, 764], [238, 836], [72, 836]], '행구고', 0.9951154025869922), ([[70, 830], [230, 830], [230, 902], [70, 902]], '기다려', 0.9995486559183381), ([[72, 891], [239, 891], [239, 967], [72, 967]], '주세요', 0.9999370574951172)]
[([[1036, 337], [1445, 337], [1445, 459], [1036, 459]], '* 야 1.8 ^입', 0.030831849256329497), ([[1020, 526], [1318, 526], [1318, 702], [1020, 702]], '@ (', 0.7987939119338989)]
[([[73, 59], [439, 59], [439, 127], [73, 127]], '분명히 말하지만', 0.9903283846721657), ([[1060, 58], [1276, 58], [1276, 132], [1060, 132]], '정기 점진', 0.9693415117723286), ([[98, 122], [411, 122], [411, 194], [98, 194]], '만페니까 빨리', 0.5534133242769357), ([[1087, 127], [1253, 127], [1253, 195], [1087, 195]], '때마다', 0.9993615330068237), ([[65, 191], [447, 191], [447, 257], [65, 257]], '한발 배고 성옥을', 0.4381361694672577), ([[1060, 186], [1277, 186], [1277, 261], [1060, 261]], '저희 병원', 0.9165159303661792), ([[92, 254], [416, 254], [416, 326], [92, 326]], '비우도록 하조', 0.9949098219986314), ([[1041, 252], [1294, 252], [1294, 327], [1041, 327]], '직원한테서', 0.8273661364472512), ([[1036, 318], [1307, 318], [1307, 391], [1036, 391]], '당신에 대한', 0.9887873724097356), ([[32, 386], [472, 386], [472, 458], [32, 458]], '가슴을 갖다 대니까', 0.5958235318781167), ([[1089, 385], [1245, 385], [1245, 453], [1089, 453]], '불만이', 0.9997108696102619), ([[65, 453], [438, 453], [438, 521], [65, 521]], '엄청 기뻐하네요', 0.7977782982035906), ([[1018, 450], [1320, 450], [1320, 522], [1018, 522]], '엄청나답니다', 0.9574266543255538), ([[58, 514], [452, 514], [452, 588], [58, 588]], '당신이 아긴가요?', 0.9296552203795001), ([[814, 586], [1202, 586], [1202, 658], [814, 658]], '히국히죽거리면서', 0.3943180962391555), ([[818, 650], [1198, 650], [1198, 722], [818, 722]], '가슴을 본다던가', 0.597604902614957), ([[786, 716], [1250, 716], [1250, 788], [786, 788]], '곤질기게 식사하자고', 0.588151468318787), ([[337, 769], [419, 769], [419, 809], [337, 809]], '우와', 0.9902285554037364), ([[337, 809], [419, 809], [419, 849], [337, 849]], '작아:', 0.7435402208887775), ([[883, 783], [1137, 783], [1137, 851], [883, 851]], '고신다던가', 0.8487640753896921), ([[284, 908], [354, 908], [354, 940], [284, 940]], '조루일', 0.9456267693152243), ([[280, 940], [358, 940], [358, 968], [280, 968]], '거 같아', 0.9985870604201657)]
[([[27, 9], [237, 9], [237, 77], [27, 77]], '환자분은', 0.9989917874336243), ([[281, 33], [323, 33], [323, 73], [281, 73]], '네', 0.9999294293456842), ([[994, 34], [1242, 34], [1242, 106], [994, 106]], '가슴 빨 수', 0.7778060972751614), ([[48, 72], [214, 72], [214, 144], [48, 144]], '가슴을', 0.4740316428592786), ([[909, 94], [1326, 94], [1326, 170], [909, 170]], '있어서 잘 뒷네요~', 0.6217379645868785), ([[27, 135], [238, 135], [238, 210], [27, 210]], '좋아하고', 0.9972202181816101), ([[1005, 165], [1229, 165], [1229, 231], [1005, 231]], '그럼 대딸', 0.9975514736729568), ([[199, 227], [397, 227], [397, 295], [199, 295]], '여성에게', 0.7720295786857605), ([[960, 226], [1276, 226], [1276, 300], [960, 300]], '느낌으로 성기', 0.994798316283311), ([[189, 293], [407, 293], [407, 359], [189, 359]], '욕먹는 걸', 0.39585346185679526), ([[937, 290], [1294, 290], [1294, 366], [937, 366]], '점진하켓습니다', 0.9524388302184563), ([[195, 357], [403, 357], [403, 425], [195, 425]], '좋아하는', 0.912888765335083), ([[61, 407], [99, 407], [99, 445], [61, 445]], '네', 0.9999053500638553), ([[168, 418], [432, 418], [432, 490], [168, 490]], '마조 기절에', 0.6535649548465147), ([[251, 590], [335, 590], [335, 630], [251, 630]], '역겨워', 0.9741918552735144), ([[444, 590], [600, 590], [600, 662], [444, 662]], '직원올', 0.9033136653443629), ([[296, 630], [328, 630], [328, 660], [296, 660]], '네', 0.999934316760065), ([[338, 653], [702, 653], [702, 730], [338, 730]], '시선 강간하면서', 0.9977110236437675), ([[307, 723], [735, 723], [735, 791], [307, 791]], '자지틀 바지 너머로', 0.5904851139696258), ([[348, 786], [692, 786], [692, 860], [348, 860]], '비비적거럽니다', 0.6284063478893215), ([[25, 963], [85, 963], [85, 1001], [25, 1001]], '우육', 0.825199265969087), ([[138, 928], [436, 928], [436, 1002], [138, 1002]], '경떻당하면서', 0.412849065248713), ([[1, 999], [111, 999], [111, 1035], [1, 1035]], '뒤-으면', 0.2227546125650406), ([[194, 992], [374, 992], [374, 1064], [194, 1064]], '싸눈 걸', 0.09455882757902145), ([[178, 1054], [392, 1054], [392, 1130], [178, 1130]], '바라보는', 0.9160137176513672), ([[172, 1120], [396, 1120], [396, 1194], [172, 1194]], '뒷도 분명', 0.21494853698203045), ([[160, 1186], [416, 1186], [416, 1258], [160, 1258]], '좋아하켓조', 0.9885150184230445)]
