2767466
157
[([[4, 0], [56, 0], [56, 50], [4, 50]], '0', 0.9998313259686178), ([[598, 8], [654, 8], [654, 34], [598, 34]], '흐으으응', 0.49184945225715637), ([[658, 6], [758, 6], [758, 32], [658, 32]], '오늘 레이드관!', 0.630683603148612), ([[880, 78], [1002, 78], [1002, 134], [880, 134]], '@커3', 0.004832138056783197), ([[628, 303], [734, 303], [734, 328], [628, 328]], '야거기 아무시너;', 0.7603952377636712), ([[861, 363], [973, 363], [973, 401], [861, 401]], '[)캐리해로으니', 0.15581772300410454), ([[682, 384], [742, 384], [742, 412], [682, 412]], '예@분공', 0.03752463683485985), ([[890, 398], [950, 398], [950, 422], [890, 422]], '[원금내놔', 0.8266724156440299), ([[259, 378], [645, 378], [645, 536], [259, 536]], '-리@ 라`', 0.0001800518520281929), ([[866, 492], [896, 492], [896, 536], [866, 536]], '6', 0.763800591588538), ([[406, 509], [654, 509], [654, 605], [406, 605]], '(@아아쥐', 0.0006275503152114283), ([[801, 639], [853, 639], [853, 655], [801, 655]], '주하+ 3태', 0.0004095127662622805), ([[917, 639], [957, 639], [957, 655], [917, 655]], '라왕뭐비?', 0.0001389440671158507), ([[288, 632], [419, 632], [419, 721], [288, 721]], "'@);", 0.06528249678478763), ([[517, 625], [804, 625], [804, 706], [517, 706]], '@"납러 ((@)', 0.0031939518813036364), ([[805, 657], [847, 657], [847, 673], [805, 673]], '하7 +괴', 0.0015301286033442374), ([[915, 659], [955, 659], [955, 675], [915, 675]], '해5 렉0', 0.00759584905019857), ([[566, 715], [824, 715], [824, 788], [566, 788]], '(:| 타물또)', 0.0005735945831943524), ([[609, 773], [671, 773], [671, 791], [609, 791]], '"꼽.하감리거!', 6.188471617791342e-05), ([[805, 821], [929, 821], [929, 841], [805, 841]], '7 1: |@~-퍽3+차긋김뼈9@', 1.7093394216725983e-07), ([[827, 841], [913, 841], [913, 857], [827, 857]], '>어산 |미)> +$+?', 0.00011870204973885385), ([[775, 897], [817, 897], [817, 939], [775, 939]], '@', 0.986730070162821), ([[409.3003734571489, 634.1619419771741], [528.1231157520133, 624.4989799142868], [530.6996265428511, 703.8380580228259], [412.8768842479867, 713.5010200857132]], '[존6', 0.0015942617600736841)]
[([[62, 260], [266, 260], [266, 458], [62, 458]], '0', 0.5383516050774375), ([[329, 351], [381, 351], [381, 393], [329, 393]], '>', 0.07248670692345005), ([[1274, 982], [1678, 982], [1678, 1060], [1274, 1060]], '가 가까이오지마', 0.9586343274541098), ([[79, 1679], [312, 1679], [312, 1884], [79, 1884]], '불목', 0.3864783501906861), ([[1010, 1768], [1082, 1768], [1082, 1910], [1010, 1910]], '속', 0.940622094269429), ([[1370, 2122], [1638, 2122], [1638, 2226], [1370, 2226]], '히이이익', 0.8652440309524536), ([[269.7321642079972, 1035.0180151391794], [290.6877320239127, 1036.1219625500846], [284.2678357920028, 1112.9819848608206], [263.3122679760873, 1110.8780374499154]], '5', 0.9799723284339876)]
[([[926, 1607], [2158, 1607], [2158, 1731], [926, 1731]], '내현는순간 몸이한결가버워심올 느껴다 ]', 0.07779224819944093)]
[([[1047, 1585], [1932, 1585], [1932, 1710], [1047, 1710]], '[ 하지만 부족한기분이들없다', 0.7114279176867158), ([[1961, 1605], [2001, 1605], [2001, 1690], [1961, 1690]], '1', 0.5171755320284923)]
[([[668, 1379], [843, 1379], [843, 1491], [668, 1491]], '@퀴', 0.05709516875192303), ([[1262, 1550], [1788, 1550], [1788, 1667], [1262, 1667]], '호오하아아아', 0.21286284825599747), ([[952, 1666], [2095, 1666], [2095, 1793], [952, 1793]], '년지금까지의영혼들과는 좁다르구나?', 0.31123038397657204)]
[([[668, 1379], [843, 1379], [843, 1491], [668, 1491]], '@퀴', 0.06817257206858081), ([[912, 1547], [2026, 1547], [2026, 1676], [912, 1676]], '음~-이끗엔다양한영혼들이 삼고있이', 0.07381053693532369), ([[1245, 1668], [1695, 1668], [1695, 1794], [1245, 1794]], '그룹올찾이락', 0.152471362640361)]
[([[668, 1379], [843, 1379], [843, 1491], [668, 1491]], '@퀴', 0.05377124343430267), ([[1223, 1577], [1843, 1577], [1843, 1704], [1223, 1704]], '길음일려줄지도올렉 ', 0.06685507856188029)]
[([[668, 1379], [843, 1379], [843, 1491], [668, 1491]], '@퀴', 0.0618875555945662), ([[1254, 1580], [1758, 1580], [1758, 1704], [1254, 1704]], '또보자낯선사람', 0.27326629418776527)]
[([[935, 1569], [2127, 1569], [2127, 1694], [935, 1694]], '[ 아득해지논기분에다시정신올잃없다 ]', 0.38292234172089046)]
[([[496, 2348], [1724, 2348], [1724, 2496], [496, 2496]], '(정신올차려보니다시다른긋이다;', 0.3463638029601999), ([[721, 2494], [1620, 2494], [1620, 2642], [721, 2642]], '이곳이편하게느껴진다)', 0.8729311498494164)]
[([[127, 2219], [253, 2219], [253, 2361], [127, 2361]], '양', 0.8467488253386115), ([[515, 2430], [1781, 2430], [1781, 2571], [515, 2571]], '인녕인간친구? #년우리의새친국니?', 0.07525404857598687)]
[([[281, 1719], [663, 1719], [663, 1856], [281, 1856]], '년눈옆니?', 0.047759906513431934), ([[134, 2026], [194, 2026], [194, 2095], [134, 2095]], '2', 0.9694919740884396), ([[261, 1969], [665, 1969], [665, 2110], [261, 2110]], '인간신경?', 0.034996134697483146), ([[130, 2278], [196, 2278], [196, 2360], [130, 2360]], '3', 0.9999604664849819), ([[301, 2230], [568, 2230], [568, 2364], [301, 2364]], '"가편?', 0.2972084581851959)]
[([[684, 72], [912, 72], [912, 218], [684, 218]], '펴액', 0.6172017422948081), ([[1706, 266], [1864, 266], [1864, 386], [1706, 386]], '%육', 0.12717998828768073), ([[1243, 573], [1425, 573], [1425, 707], [1243, 707]], '질육', 0.14538056026443577), ([[787, 727], [805, 727], [805, 753], [787, 753]], ')', 0.5989870399830046), ([[1413, 863], [1873, 863], [1873, 1071], [1413, 1071]], '좋음기분 }}', 0.17286879908034775), ([[426, 1154], [450, 1154], [450, 1184], [426, 1184]], '0', 0.48478741551151927), ([[715, 1695], [1008, 1695], [1008, 1836], [715, 1836]], '@에에', 0.10819301849859503), ([[1622, 1922], [1926, 1922], [1926, 2114], [1622, 2114]], '육머액', 0.11884045375270422), ([[871.480222301811, 347.0225564708259], [917.4207653498527, 367.9432976789587], [868.519777698189, 473.9774435291741], [823.5792346501473, 454.0567023210413]], '8', 0.8812323681922862), ([[1267.720666146292, 774.1183950044029], [1572.9441900269621, 723.968092633922], [1589.279333853708, 913.8816049955971], [1283.0558099730379, 964.031907366078]], "'우표오옷'", 0.30283900347375153)]
[([[127, 2219], [253, 2219], [253, 2361], [127, 2361]], '양', 0.8721626390748192), ([[699, 2379], [1625, 2379], [1625, 2532], [699, 2532]], '난양이이터 튀어눈늑대고', 0.0145204601039619)]
[([[127, 2219], [253, 2219], [253, 2361], [127, 2361]], '양', 0.865769299531749), ([[810, 2413], [1595, 2413], [1595, 2577], [810, 2577]], '위랜기억음갖교있어', 0.04372334524301435)]
[([[127, 2219], [250, 2219], [250, 2361], [127, 2361]], '양', 0.932378091537899), ([[422, 2440], [1924, 2440], [1924, 2592], [422, 2592]], '인간친구야여기에오기전상황이기억나?', 0.7347515633767424)]
[([[155, 2414], [2011, 2414], [2011, 2577], [155, 2577]], '(여기에오기까지-이리외있없권일륙음말해주없다)', 0.021970506675388964)]
[([[127, 2219], [250, 2219], [250, 2361], [127, 2361]], '양', 0.932378091537899), ([[637, 2391], [1691, 2391], [1691, 2553], [637, 2553]], '이리외? 혹시그런일올하면_', 0.14470856328928075), ([[668, 2543], [1599, 2543], [1599, 2699], [668, 2699]], '기억음찾음수-습건가3', 0.011154445461305954)]
[([[127, 2219], [250, 2219], [250, 2361], [127, 2361]], '양', 0.9345655072531969), ([[561, 2450], [1778, 2450], [1778, 2599], [561, 2599]], '그리고전에제도도움이되움거야?', 0.04106792619641458)]
[([[746, 2397], [1591, 2397], [1591, 2550], [746, 2550]], '(작은몸이움질거린다)', 0.08973455813268273)]
[([[127, 2219], [253, 2219], [253, 2361], [127, 2361]], '양', 0.865769299531749)]
[([[127, 2219], [253, 2219], [253, 2361], [127, 2361]], '양', 0.8467488253386115), ([[541, 2374], [1758, 2374], [1758, 2527], [541, 2527]], '좋아내름속에있는기억음갖자 ', 0.035515515105887845), ([[588, 2519], [1733, 2519], [1733, 2669], [588, 2669]], '숨바격질이야 하나 물셋하면', 0.10930286479853281)]
[([[963, 2484], [1392, 2484], [1392, 2623], [963, 2623]], '하아하아', 0.751118004322052)]
[([[1367, 587], [1723, 587], [1723, 651], [1367, 651]], '(몸이 말울듣지않아)', 0.6229161076074511), ([[802, 682], [914, 682], [914, 782], [802, 782]], '(주름', 0.4926516672316176), ([[460, 1122], [1184, 1122], [1184, 1196], [460, 1196]], '어라? 벌써넉다운? 이러면안되논데 국국크', 0.36384537172946674), ([[123, 1109], [279, 1109], [279, 1309], [123, 1309]], '사', 0.04090053750089617), ([[1480, 1150], [1604, 1150], [1604, 1296], [1480, 1296]], '사', 0.05582339814447779), ([[514, 2144], [736, 2144], [736, 2248], [514, 2248]], '허엌이', 0.10164554845490928), ([[171.86281316503036, 163.17687899018213], [405.94566662085083, 132.98627187401792], [413.13718683496967, 248.82312100981787], [178.05433337914917, 279.0137281259821]], '대혀"', 0.6406000486543323), ([[321.82759300860204, 237.18279875075197], [613.6538197356158, 208.23905514956348], [617.172406991398, 321.817201249248], [325.34618026438415, 350.7609448504365]], '커허억"', 0.30911630392074585), ([[1003.955005531036, 1837.042068584846], [1161.3402966239794, 1880.911347504103], [1129.044994468964, 1986.957931415154], [970.6597033760206, 1944.088652495897]], '위의=', 0.08232297222317642)]
[([[351, 2461], [1938, 2461], [1938, 2611], [351, 2611]], '(다시욕정에 사로잡현다 통제활수가없다)', 0.5164512839520015)]
[([[127, 2219], [250, 2219], [250, 2361], [127, 2361]], '양', 0.933716012924922), ([[975, 2467], [1389, 2467], [1389, 2615], [975, 2615]], '인간친군?', 0.2855634618176902)]
[([[874, 2465], [1499, 2465], [1499, 2610], [874, 2610]], '잎테이상못버릭', 0.01723175082712795)]
[]
[([[1241, 647], [1415, 647], [1415, 864], [1241, 864]], '7', 0.14962437754423163)]
[]
[([[1241, 647], [1415, 647], [1415, 864], [1241, 864]], '7', 0.14962437754423163)]
[([[127, 2219], [250, 2219], [250, 2359], [127, 2359]], '양', 0.9066989068931299), ([[2077, 2412], [2211, 2412], [2211, 2555], [2077, 2555]], '"', 0.9888397064925272), ([[557, 2500], [1722, 2500], [1722, 2649], [557, 2649]], '힘아아으응인간친구 나아파', 0.13245714123183017)]
[([[199, 1783], [219, 1783], [219, 1832], [199, 1832]], '1', 0.963904945014761), ([[277, 2367], [1933, 2367], [1933, 2529], [277, 2529]], '내몸안에있긋다른영혼이비집고나오려는듯', 0.05871027009957045), ([[2074, 2412], [2211, 2412], [2211, 2555], [2074, 2555]], '\'"', 0.49115191118668466), ([[745, 2515], [1488, 2515], [1488, 2664], [745, 2664]], '격안 느낌올받있다', 0.1683845035678645)]
[([[127, 2219], [253, 2219], [253, 2359], [127, 2359]], '양', 0.9561221202509138), ([[813, 2469], [1508, 2469], [1508, 2619], [813, 2619]], '아아하아아혹', 0.1985568782066411), ([[2072, 2410], [2213, 2410], [2213, 2558], [2072, 2558]], '""', 0.4803259574423953)]
[([[1151, 355], [1323, 355], [1323, 512], [1151, 512]], '%표', 0.05502192505907541), ([[412, 668], [589, 668], [589, 806], [412, 806]], '냉름', 0.4055944250657682), ([[1254, 678], [1456, 678], [1456, 806], [1254, 806]], '시러', 0.046591187512738885), ([[1436, 758], [1835, 758], [1835, 919], [1436, 919]], '시러어어', 0.9265143871307373), ([[697, 1131], [889, 1131], [889, 1269], [697, 1269]], '꽤', 0.04082600916118029), ([[1255, 1242], [1464, 1242], [1464, 1405], [1255, 1405]], '꾸역', 0.057929212946391695), ([[391.9018010045779, 180.11620904120124], [550.1704288056561, 141.9512499580472], [579.0981989954221, 307.8837909587988], [420.8295711943439, 346.0487500419528]], '날름', 0.08653690344361296), ([[-43.10554397485641, 1443.3139641634334], [367.94300928668264, 1332.799000560648], [408.1055439748564, 1561.6860358365666], [-3.9430092866826527, 1672.200999439352]], '하@이0', 0.08383641391992569)]
[([[127, 2219], [253, 2219], [253, 2359], [127, 2359]], '양', 0.9561221202509138), ([[2072, 2410], [2213, 2410], [2213, 2558], [2072, 2558]], '""', 0.4803259574423953), ([[572, 2489], [1690, 2489], [1690, 2640], [572, 2640]], '@아 @아아 흐앗@하옥', 0.11457766402480168)]
[([[501, 2451], [1902, 2451], [1902, 2603], [501, 2603]], '지금하고있늘이행동예만집중해다)', 0.23761749059358978), ([[2072, 2412], [2211, 2412], [2211, 2555], [2072, 2555]], '\'"', 0.809093282528941)]
[([[467, 2458], [1821, 2458], [1821, 2608], [467, 2608]], '양이울부짓즉소리논 틀리지안앉다)', 0.14541409176039033), ([[2071, 2409], [2221, 2409], [2221, 2556], [2071, 2556]], '"', 0.9780230735532882)]
[([[127, 2219], [253, 2219], [253, 2359], [127, 2359]], '양', 0.9646036719183293), ([[255, 2445], [1968, 2445], [1968, 2602], [255, 2602]], '하양옷하야인간친구 문가좋아앗이건_', 0.0985420366850382), ([[2069, 2409], [2214, 2409], [2214, 2559], [2069, 2559]], '"', 0.9762016643991025)]
[([[440, 689], [669, 689], [669, 934], [440, 934]], '안', 0.06337027105949833), ([[666, 2376], [1591, 2376], [1591, 2527], [666, 2527]], '(양어제도변화가보없다', 0.26738632747601077), ([[602, 2523], [1681, 2523], [1681, 2669], [602, 2669]], '잔뜩 뜨거워진몸이증거없다)', 0.24504333741356185)]
[([[437, 694], [673, 694], [673, 939], [437, 939]], '9', 0.6482803954895644), ([[127, 2219], [253, 2219], [253, 2359], [127, 2359]], '양', 0.9537591850639195), ([[753, 2513], [1585, 2513], [1585, 2662], [753, 2662]], '@이 "종 좋아이아]', 0.27054272877768165)]
[([[435, 696], [671, 696], [671, 937], [435, 937]], '9', 0.22590004625698956), ([[685, 2436], [1492, 2436], [1492, 2581], [685, 2581]], '(아파하던신음소리늄', 0.3658931993775571), ([[465, 2577], [1742, 2577], [1742, 2730], [465, 2730]], '그새귀여운아양 으로변해있없다)', 0.3683661774150056)]
[([[435, 701], [673, 701], [673, 937], [435, 937]], '(', 0.10267966991243416), ([[1241, 652], [1413, 652], [1413, 871], [1241, 871]], ')', 0.41165883678537796), ([[734, 2453], [1060, 2453], [1060, 2599], [734, 2599]], '으우옷', 0.06396316389084206), ([[1041, 2512], [1121, 2512], [1121, 2579], [1041, 2579]], '첫', 0.003393937791611512), ([[1103, 2446], [1563, 2446], [1563, 2594], [1103, 2594]], '하아간다', 0.6254748702049255), ([[2074, 2412], [2209, 2412], [2209, 2555], [2074, 2555]], '\'"', 0.6818695895171987)]
[([[470, 704], [668, 704], [668, 931], [470, 931]], '^', 0.029079705475184348)]
[([[467, 701], [668, 701], [668, 911], [467, 911]], '3', 0.010708293134595925), ([[1239, 647], [1415, 647], [1415, 871], [1239, 871]], ')', 0.16490515989695442), ([[201, 1785], [219, 1785], [219, 1830], [201, 1830]], '1', 0.8377973523721529), ([[796, 2406], [1494, 2406], [1494, 2562], [796, 2562]], '(모든게나용순간', 0.48548483030673534), ([[668, 2551], [1625, 2551], [1625, 2707], [668, 2707]], '문가다르다는거느껴다 )', 0.06569271520299118)]
[([[1361, 1359], [1928, 1359], [1928, 1774], [1361, 1774]], '철퍽', 0.21366005810441888), ([[245, 1891], [617, 1891], [617, 2339], [245, 2339]], '', 0.0), ([[83.1899675247879, 980.0341394068794], [658.3411766497786, 930.8398188597941], [663.8100324752121, 1340.9658605931206], [89.65882335022137, 1390.1601811402059]], '엘펴', 0.031208359738738527), ([[658.1189356042142, 1951.0084385399834], [1530.705584409469, 2200.8038905141552], [1406.8810643957856, 2564.9915614600163], [533.2944155905308, 2314.1961094858448]], '작상소', 0.017541015708082103)]
[([[1720, 172], [1848, 172], [1848, 316], [1720, 316]], '0', 0.7204281565605584), ([[436, 695], [677, 695], [677, 938], [436, 938]], '9', 0.29739942288506427)]
[([[467, 701], [668, 701], [668, 911], [467, 911]], '3', 0.010708293134595925), ([[1239, 647], [1415, 647], [1415, 871], [1239, 871]], ')', 0.16490515989695442), ([[201, 1785], [219, 1785], [219, 1830], [201, 1830]], '1', 0.8377973523721529), ([[127, 2219], [250, 2219], [250, 2359], [127, 2359]], '양', 0.9367457941364279), ([[762, 2393], [1652, 2393], [1652, 2538], [762, 2538]], '@@요하아인간친문-야', 0.07938534255369369), ([[757, 2537], [1611, 2537], [1611, 2685], [757, 2685]], '나입켓어 내가 누군재', 0.04678849907789227)]
[([[467, 701], [668, 701], [668, 911], [467, 911]], '3', 0.010708293134595925), ([[1239, 647], [1415, 647], [1415, 871], [1239, 871]], ')', 0.16490515989695442), ([[201, 1785], [219, 1785], [219, 1830], [201, 1830]], '1', 0.8377973523721529), ([[541, 2447], [1794, 2447], [1794, 2599], [541, 2599]], '(양어계없없던가편이사라젊다)', 0.06890765519506041)]
[([[1720, 174], [1843, 174], [1843, 316], [1720, 316]], '0', 0.3584964890719142), ([[474, 701], [668, 701], [668, 929], [474, 929]], '4', 0.207847648341275)]
[([[444, 698], [665, 698], [665, 905], [444, 905]], '0"', 0.1108819171858188), ([[199, 1783], [219, 1783], [219, 1830], [199, 1830]], '1', 0.9802495523754864), ([[125, 2213], [506, 2213], [506, 2363], [125, 2363]], '탤트실물', 0.005704493727535009), ([[847, 2384], [1515, 2384], [1515, 2535], [847, 2535]], '나는 권드레트야', 0.05876171438970327), ([[528, 2530], [1857, 2530], [1857, 2678], [528, 2678]], '기억음-에해주서고마워입간친군', 0.021869507130167325)]
[([[440, 696], [673, 696], [673, 934], [440, 934]], '9', 0.21354690337945215), ([[125, 2213], [506, 2213], [506, 2361], [125, 2361]], '탤트렉물', 0.02174590341746807), ([[526, 2420], [1792, 2420], [1792, 2577], [526, 2577]], '이걸로정말기억음찾울수있다니지', 0.12105502974005874), ([[890, 2568], [1427, 2568], [1427, 2714], [890, 2714]], '잊지않올거야', 0.07442823763864957)]
[([[125, 2213], [507, 2213], [507, 2363], [125, 2363]], '탤드렉물', 0.004319653380662203), ([[1155, 2467], [1195, 2467], [1195, 2561], [1155, 2561]], '팀', 0.008693283625769654)]
[([[125, 2213], [507, 2213], [507, 2363], [125, 2363]], '탤트렉물', 0.004250142723321915), ([[378, 2447], [1941, 2447], [1941, 2605], [378, 2605]], '너도몸이투명해지고있어 객음찾은거니?', 0.0774857949328092)]
[([[125, 2213], [507, 2213], [507, 2363], [125, 2363]], '탤드렉물', 0.005303789861500263)]
[([[611, 2434], [1810, 2434], [1810, 2586], [611, 2586]], '(쓰다름없다 부드러움느낌이다) ', 0.31488703647367594), ([[2070, 2423], [2207, 2423], [2207, 2555], [2070, 2555]], '\'"', 0.9601999161430109)]
[([[881, 81], [1019, 81], [1019, 245], [881, 245]], '퍽', 0.9996812597626246), ([[1538, 102], [1682, 102], [1682, 254], [1538, 254]], '퍽', 0.9725970918879376), ([[171, 255], [281, 255], [281, 397], [171, 397]], "휴'", 0.32136129833083377), ([[1182, 642], [1332, 642], [1332, 886], [1182, 886]], '[안', 0.3049634272449665), ([[1206, 886], [1368, 886], [1368, 1012], [1206, 1012]], '제살', 0.39891602638062784), ([[20, 1314], [578, 1314], [578, 1490], [20, 1490]], '그만 되)어', 0.39791842099133523), ([[1321, 1585], [1536, 1585], [1536, 1761], [1321, 1761]], '잘', 0.7610629116521892), ([[484, 1722], [620, 1722], [620, 1820], [484, 1820]], '완영', 0.006978192465319348), ([[344, 2020], [400, 2020], [400, 2092], [344, 2092]], '굵', 0.023990427667934577), ([[823, 1953], [961, 1953], [961, 2087], [823, 2087]], '뜰', 0.005896121304799218), ([[1579, 1971], [1801, 1971], [1801, 2127], [1579, 2127]], '짧', 0.05281661512394309), ([[616, 2104], [882, 2104], [882, 2304], [616, 2304]], '시7', 0.10060891132553386), ([[182.2135462705664, 427.034427484457], [252.26510564716628, 418.6131600043376], [264.7864537294336, 558.965572515543], [194.73489435283372, 566.3868399956624]], '우', 0.007664852359401897), ([[1696.0867687507282, 618.0321162603394], [1831.7965809075756, 684.7092540350636], [1779.9132312492718, 785.9678837396606], [1644.2034190924244, 718.2907459649364]], '시^', 0.1302963075673601), ([[477.552548950656, 1570.2522349631488], [624.4852813742385, 1539.5147186257614], [638.4474510493441, 1641.7477650368512], [491.5147186257614, 1672.4852813742386]], '이', 0.2529533791749259)]
[([[125, 2213], [507, 2213], [507, 2363], [125, 2363]], '탤드렉물', 0.004213329404592514), ([[2072, 2423], [2209, 2423], [2209, 2555], [2072, 2555]], '\'"', 0.8668245944567238)]
[([[125, 2213], [506, 2213], [506, 2363], [125, 2363]], '탤트실물', 0.006490605417639017), ([[863, 2474], [1431, 2474], [1431, 2622], [863, 2622]], '잠가인간"램', 0.05861363498171182)]
[([[140, 48], [510, 48], [510, 100], [140, 100]], '유서어레서37레*~3어', 6.901322487089662e-06), ([[143, 145], [1373, 145], [1373, 211], [143, 211]], '스전 그로자한테 ~하자 하고 그로자가 그로자 하눈그림', 0.4487774666814451), ([[1545, 909], [1885, 909], [1885, 1021], [1545, 1021]], '긴&자', 0.032385346571795245), ([[55, 1644], [339, 1644], [339, 1832], [55, 1832]], '문@', 0.062427551118222534), ([[1192, 2218], [1363, 2218], [1363, 2357], [1192, 2357]], '유행', 0.004869969623762039), ([[521, 2285], [691, 2285], [691, 2445], [521, 2445]], '교드', 0.056335958275155036), ([[107.78959430794788, 1813.305890401329], [612.7561477798444, 1754.6169124132828], [617.2104056920521, 1898.694109598671], [112.24385222015562, 1957.3830875867172]], '대습-?스목', 0.006566558866610392), ([[397.34727364800113, 1906.4849124976042], [654.4766279303066, 1853.9820818569092], [669.6527263519988, 1970.5150875023958], [412.5233720696934, 2023.0179181430908]], '토전', 0.12845413139860362)]
[([[164, 54], [281, 54], [281, 127], [164, 127]], '우유', 0.5058024152593585), ([[166, 158], [892, 158], [892, 232], [166, 232]], '음치 세라픽 엎에서 비웃는 카테', 0.2357979100266522), ([[1373, 1485], [1539, 1485], [1539, 1597], [1373, 1597]], '+1', 0.10321519487266036), ([[1252.9462716354556, 368.03705722346854], [1541.6209847779241, 417.6493576550591], [1513.0537283645444, 539.9629427765315], [1224.3790152220759, 490.3506423449409]], '이+  ', 0.31234327303347253)]
[([[324, 64], [636, 64], [636, 140], [324, 140]], '163)935', 0.03181183444102317), ([[326, 148], [1367, 148], [1367, 246], [326, 246]], '니우와 파이논 어디로끌려갖눈가  ', 0.16640241363929478)]
[([[163, 59], [439, 59], [439, 121], [163, 121]], '6칭99하*유닿9', 0.0001606229234173279), ([[169, 145], [1019, 145], [1019, 211], [169, 211]], '얼마가 렌가에 빨대꽂아서 빨아마시논거', 0.4000839933143733), ([[1508, 500], [1682, 500], [1682, 742], [1508, 742]], '못', 0.18289174017640164), ([[724, 1810], [958, 1810], [958, 1908], [724, 1908]], '5크', 0.32959709322375025), ([[137.2697706800771, 702.014037682005], [259.50246970206, 643.0066452621315], [413.7302293199229, 999.985962317995], [291.49753029794, 1058.9933547378685]], '호', 0.8252084263409074), ([[1506.4145090238947, 1201.0114310117044], [1608.4656140282905, 1168.00722828905], [1702.5854909761053, 1486.9885689882956], [1600.5343859717095, 1519.99277171095]], '올', 0.18592397994493215), ([[236.28081878689397, 1495.013615974001], [375.73594238919367, 1477.886497718336], [408.719181213106, 1796.986384025999], [269.26405761080633, 1814.113502281664]], '품', 0.010688954583786492)]
[([[148, 55], [334, 55], [334, 97], [148, 97]], '훌기어번기마하풍', 2.3949738192811278e-05), ([[148, 132], [1052, 132], [1052, 186], [148, 186]], '말봇따쏟 +뇨(3이어어미나도+ [라,-테*) 맣기< 6뒤하7 이,|7틀~', 4.0043379518036306e-08)]
[([[232, 60], [288, 60], [288, 124], [232, 124]], '인', 0.9999868870211372), ([[226, 132], [738, 132], [738, 206], [226, 206]], '뒷골목출신 용도기요', 0.8292848928298626), ([[1555, 98], [1774, 98], [1774, 227], [1555, 227]], '[터-', 0.013217053535871525), ([[602, 252], [666, 252], [666, 278], [602, 278]], '009', 0.6078037909616244), ([[1388, 813], [1673, 813], [1673, 972], [1388, 972]], '잘부탕_', 0.09957653284072876), ([[1451, 921], [1950, 921], [1950, 1094], [1451, 1094]], "'드려요오~0 ", 0.09491330328808227), ([[26, 2372], [122, 2372], [122, 2474], [26, 2474]], '(', 0.19121207753465796), ([[624, 2363], [1239, 2363], [1239, 2465], [624, 2465]], '00 :0|:20:03', 0.4555970152473792), ([[206.82088619225334, 530.2567089538027], [696.8902776728761, 389.19617382235333], [743.1791138077467, 565.7432910461973], [253.10972232712385, 706.8038261776467]], '탤@올 훨', 0.011750766086375439), ([[607.3472736480012, 627.4849124976042], [817.1103699722341, 570.3159709302095], [841.6527263519988, 691.5150875023958], [630.8896300277659, 748.6840290697905]], '@오하디', 0.0060590277425944805), ([[294.4213423954615, 687.1757994868691], [636.1240341152605, 638.9493520681543], [645.5786576045384, 797.8242005131309], [303.87596588473946, 846.0506479318457]], '용돌늄에드', 0.0048171331487480715)]
[([[567, 833], [753, 833], [753, 1071], [567, 1071]], '협', 0.0777486240516545), ([[272, 1050], [398, 1050], [398, 1222], [272, 1222]], '가', 0.05670541584742583), ([[1408, 1258], [1640, 1258], [1640, 1454], [1408, 1454]], '/들', 0.1322010270693797), ([[83, 1737], [422, 1737], [422, 1960], [83, 1960]], "'구질꺼", 0.0158208180218935), ([[824, 1976], [1120, 1976], [1120, 2183], [824, 2183]], '절깐', 0.10754915530463616), ([[1299.3495478375635, 607.4699095675127], [1557.8803331209358, 481.6606014359922], [1620.6504521624365, 612.5300904324873], [1363.1196668790642, 738.3393985640078]], '방 0', 0.015704547986388206), ([[1138.8339885867424, 1054.0295751588233], [1370.5890258435313, 1105.7485603540576], [1322.1660114132576, 1296.9704248411767], [1090.4109741564687, 1245.2514396459424]], '봄', 0.06927849930420749)]
[([[242, 122], [669, 122], [669, 214], [242, 214]], '오옷 산다 싸다', 0.11506918989090385), ([[1124, 1000], [1332, 1000], [1332, 1150], [1124, 1150]], '꽃력', 0.06668987223479708), ([[529, 1305], [751, 1305], [751, 1465], [529, 1465]], '꿀평', 0.04238041845298638), ([[1245, 1769], [1414, 1769], [1414, 1866], [1245, 1866]], '하아', 0.7634542689860958), ([[513, 2013], [740, 2013], [740, 2135], [513, 2135]], '하아', 0.6134975349531445), ([[172.6645488136685, 600.0447240367475], [1140.0569913549416, 464.1388810206657], [1167.3354511863315, 982.9552759632525], [199.9430086450584, 1118.8611189793344]], "'안탕어-", 0.007523169575770702)]
[]
[([[198, 158], [350, 158], [350, 322], [198, 322]], '훌쩍;', 0.05024145936592552), ([[625, 361], [783, 361], [783, 535], [625, 535]], '물쩍', 0.6622229529050326), ([[1192, 2179], [1782, 2179], [1782, 2361], [1192, 2361]], '자소하요 "', 0.0813903822655947), ([[307.343480261985, 1536.1539302530712], [767.7945623431049, 1469.2878139681384], [779.6565197380149, 1667.8460697469288], [319.2054376568951, 1734.7121860318616]], '잘용하펴요', 0.4937732928190959)]
[([[187, 180], [822, 180], [822, 279], [187, 279]], '흐으으응-오늘 레이드관', 0.2681473238602055), ([[328, 1372], [832, 1372], [832, 1450], [328, 1450]], '야거기 아무시너지12', 0.5874455861992993), ([[606, 1682], [762, 1682], [762, 1780], [606, 1780]], "'@8", 0.17930858526665702), ([[1185, 1650], [1679, 1650], [1679, 1741], [1185, 1741]], '이름이 캐리해쥐으니', 0.28989914977998554), ([[1313, 1735], [1587, 1735], [1587, 1825], [1313, 1825]], '지원금내놔', 0.8487581771516558), ([[538.400319904032, 1707.1615675297567], [622.8183773696031, 1700.5094185385435], [625.599680095968, 1771.8384324702433], [540.1816226303969, 1778.4905814614565]], '떼', 0.3175119491355396)]
[([[394.58990974686674, 789.5754223799471], [1396.8746193787356, 552.2789459526582], [1451.4100902531331, 948.4245776200529], [450.1253806212644, 1186.7210540473418]], '때대배', 0.39747743783673256)]
[([[189, 146], [902, 146], [902, 255], [189, 255]], '어때? 씨운자제진소깝이?', 0.04682929077365413)]
[([[154, 392], [300, 392], [300, 546], [154, 546]], ')', 0.18810822362326363), ([[1185, 2227], [1811, 2227], [1811, 2315], [1185, 2315]], '읽답표교육당하눈것만뵈써', 0.008995174077123552), ([[1319, 2305], [1691, 2305], [1691, 2391], [1319, 2391]], '약할출길있는데품', 0.00224076631456561)]
[([[47, 131], [611, 131], [611, 241], [47, 241]], '뭐 뭐라늄거야름신@', 0.014040449731279624), ([[51, 235], [615, 235], [615, 347], [51, 347]], '재내해늄기-나켓지?', 0.01874267820666312)]
[([[252, 146], [835, 146], [835, 259], [252, 259]], '장이제렉터내움이야', 0.012477844491088427)]
[([[219, 148], [857, 148], [857, 260], [219, 260]], '양전의자제나꺼내터라교', 0.004382705890321198)]
[([[1124, 2260], [1826, 2260], [1826, 2358], [1124, 2358]], '출매다떼메가내워에있다니규', 0.02511342325588042)]
[([[1174, 2201], [1743, 2201], [1743, 2298], [1174, 2298]], '끊운문품이이상에제눈권', 0.041627287738371384), ([[1143, 2287], [1767, 2287], [1767, 2383], [1143, 2383]], '캠제릭블렉할때문이없밤데', 0.014288180935188816)]
[([[149, 145], [1007, 145], [1007, 256], [149, 256]], '어이없테이때자가- 뭐라-늘거야해', 0.02158937599811187), ([[1389, 409], [1451, 409], [1451, 481], [1389, 481]], '9', 0.22001983132441527)]
[([[189, 146], [970, 146], [970, 258], [189, 258]], '개가 사람소수흉내편어평계해?', 0.02461688016141679)]
[([[650, 162], [746, 162], [746, 274], [650, 274]], '왕', 0.4122549505677888), ([[1170, 164], [1272, 164], [1272, 260], [1170, 260]], '당', 0.9995719652544643), ([[1087, 505], [1825, 505], [1825, 591], [1087, 591]], '저 공대원인데 무슨 지원금이에요;', 0.8897578859747007), ([[130, 1004], [432, 1004], [432, 1080], [130, 1080]], '아 뭐라는거야', 0.3113521313627302), ([[64, 1075], [514, 1075], [514, 1152], [64, 1152]], "내가 달라면 주느거지'", 0.515756284935986), ([[1024, 1340], [1746, 1340], [1746, 1418], [1024, 1418]], '내가 바로 진배들메이지 인데 어?어?', 0.8752016680220555), ([[850, 1708], [978, 1708], [978, 1846], [850, 1846]], '붐륙', 0.016825930027344387), ([[207, 1955], [293, 1955], [293, 2053], [207, 2053]], '것', 0.07440811608921649), ([[1046, 2006], [1094, 2006], [1094, 2066], [1046, 2066]], '7', 0.9501550742732121), ([[1110, 2056], [1246, 2056], [1246, 2178], [1110, 2178]], '부', 0.8962100370343116), ([[1046, 2298], [1704, 2298], [1704, 2378], [1046, 2378]], '그럼 지원금대신 이걸 드질까요?', 0.4760883169551362), ([[19, 2381], [683, 2381], [683, 2469], [19, 2469]], '(각성 조금 잘받은거 가지고)', 0.8387625301239167), ([[467.84090277120424, 2179.074951338273], [585.1737134838917, 2196.232984220467], [571.1590972287958, 2273.925048661727], [453.8262865161084, 2256.767015779533]], "#'", 0.03001156588390909)]
[([[72.75735931288071, 2179.301515190165], [516.9419321909978, 2058.541466041633], [562.2426406871193, 2308.698484809835], [118.0580678090022, 2430.458533958367]], '교아악', 0.3872572211845312)]
[([[297, 139], [749, 139], [749, 249], [297, 249]], '냉망적으락증명명', 0.0030921276229549655)]
[([[1282, 2194], [1488, 2194], [1488, 2342], [1282, 2342]], '명명', 0.07316219241702403)]
[([[260, 89], [782, 89], [782, 201], [260, 201]], '@런명청안개지지움늄', 0.07929834058353143), ([[257, 195], [801, 195], [801, 305], [257, 305]], '내가 쏟잡아만-써@', 0.032432169142870226)]
[([[886, 1798], [1118, 1798], [1118, 2014], [886, 2014]], '#육', 0.13688686013712598)]
[([[1565, 141], [1705, 141], [1705, 255], [1565, 255]], '오0', 0.9874428052242668), ([[254, 348], [308, 348], [308, 414], [254, 414]], '0', 0.9999963045154381), ([[380, 342], [434, 342], [434, 424], [380, 424]], '0', 0.9727528712246567), ([[1515, 307], [1577, 307], [1577, 387], [1515, 387]], '0', 0.9811515979972683), ([[1672, 340], [1720, 340], [1720, 402], [1672, 402]], '사', 0.14561063908804872), ([[232, 1566], [332, 1566], [332, 1676], [232, 1676]], '(', 0.9929261580354911), ([[163.53075311273344, 214.9715271789134], [341.94019211202675, 131.4694601503612], [389.4692468872666, 238.0284728210866], [211.05980788797328, 321.5305398496388]], '아0', 0.7263684772488117), ([[1563.9950460742125, 304.0460022089173], [1642.0394864511761, 279.1907218087668], [1686.0049539257875, 434.9539977910827], [1607.9605135488239, 459.8092781912332]], '릇', 0.08978050398963067), ([[309.41760780679857, 325.0212269531401], [371.2797621446637, 320.33170914976756], [383.58239219320143, 477.9787730468599], [322.7202378553363, 483.66829085023244]], '음', 0.9402848728230175), ([[1406.7449046081526, 1281.0358306426724], [1645.2663105523413, 1315.3788287980683], [1611.2550953918474, 1499.9641693573276], [1372.7336894476587, 1465.6211712019317]], ')력', 0.005621304112404596), ([[119.11353977381626, 1562.0327869465195], [202.37312024898745, 1534.0788196565181], [259.8864602261837, 1720.9672130534805], [177.62687975101255, 1748.9211803434819]], '물', 0.9925542710561785), ([[1245.3493854775004, 1986.0358659825076], [1568.3995506005913, 1962.7358384294173], [1574.6506145224996, 2291.964134017492], [1251.6004493994087, 2315.264161570583]], '명명', 0.034628460301134506)]
[([[355, 62], [732, 62], [732, 230], [355, 230]], '하면0', 0.0580272342853684), ([[1446, 348], [1628, 348], [1628, 500], [1446, 500]], '으음', 0.3988001086107942), ([[1533, 491], [1753, 491], [1753, 627], [1533, 627]], '아이', 0.5141744322891008), ([[350, 1894], [593, 1894], [593, 2047], [350, 2047]], '질객', 0.09491153106725746), ([[990, 2056], [1214, 2056], [1214, 2206], [990, 2206]], '주퍽', 0.09083336346415016), ([[177.20893305762203, 140.0893305762202], [358.34183721017314, 117.89736460563809], [368.791066942378, 275.9106694237798], [187.65816278982686, 299.1026353943619]], '난처', 0.0007261347381997545), ([[246.12106271372244, 304.5542316988171], [673.1667490060045, 221.5633863485541], [689.8789372862776, 354.4457683011829], [263.83325099399553, 436.4366136514459]], '뒤-어어', 0.20293714106082916)]
[([[150, 208], [250, 208], [250, 338], [150, 338]], '양', 0.905207405976455), ([[1384.9209845528578, 298.12046715457745], [1596.1793612869355, 266.7401290354088], [1608.0790154471422, 419.87953284542255], [1397.8206387130645, 451.2598709645912]], '으옷', 0.38651369962318133), ([[171.69102647134787, 363.2242350038741], [337.9031149898446, 331.95422200917744], [351.30897352865213, 437.7757649961259], [185.0968850101554, 470.04577799082256]], '00', 0.91715505472748), ([[1394.9364744308798, 475.1426159023337], [1611.1084808821945, 449.1464870968901], [1618.0635255691202, 576.8573840976662], [1400.8915191178055, 602.8535129031098]], '하아', 0.9954746631986502), ([[1482.3404322099068, 656.0766678669929], [1692.8593132277829, 641.5143813029423], [1694.6595677900932, 799.9233321330071], [1484.1406867722171, 814.4856186970577]], '웃">', 0.03309198598798151)]
[([[131, 135], [541, 135], [541, 348], [131, 348]], '@도"', 0.27002797999152395), ([[468, 298], [600, 298], [600, 424], [468, 424]], '아', 0.7524882174967082), ([[1406, 306], [1698, 306], [1698, 478], [1406, 478]], '아응', 0.08349833027312607), ([[1074, 2196], [1825, 2196], [1825, 2359], [1074, 2359]], '싸 살거우이', 0.02292226972877296), ([[620.4578581184682, 190.15443657143896], [1062.4073824506186, 132.892167823086], [1070.5421418815317, 313.84556342856104], [628.5926175493814, 371.107832176914]], '안돼에', 0.22165815485044246), ([[93.48888931827067, 366.1666698870299], [480.5931289243398, 316.7442951375793], [487.51111068172935, 478.8333301129701], [101.40687107566023, 528.2557048624208]], '개새끼', 0.6346452501318635)]
[([[1070, 252], [1174, 252], [1174, 376], [1070, 376]], '돼0', 0.02200981762306558), ([[1138, 731], [1363, 731], [1363, 876], [1138, 876]], '많퍼', 0.0019111777090730826), ([[923, 1898], [1148, 1898], [1148, 2093], [923, 2093]], '#릇', 0.0715109945116073), ([[308.16296306152066, 1645.0562979027866], [580.6062217806389, 1609.2932594261438], [597.8370369384794, 1867.9437020972134], [326.3937782193612, 1903.7067405738562]], '유로', 0.09488191741059893)]
[([[114, 86], [402, 86], [402, 160], [114, 160]], '헤에 이제원데?', 0.5871159730401307), ([[732, 212], [758, 212], [758, 252], [732, 252]], '데', 0.08051524504857355), ([[1386, 830], [1742, 830], [1742, 908], [1386, 908]], '천상의 정신 비약?', 0.9591943823601101), ([[1370, 898], [1782, 898], [1782, 977], [1370, 977]], '처음보분아이템이네?', 0.20984374614858467), ([[68, 1153], [192, 1153], [192, 1231], [68, 1231]], '헤스', 0.555405618000955), ([[1093, 1457], [1663, 1457], [1663, 1525], [1093, 1525]], '네공공 그건 암시장에서 파느건데', 0.2806436756961024), ([[1235, 1521], [1521, 1521], [1521, 1589], [1235, 1589]], '아주비산거에요', 0.793332738760346), ([[432, 1808], [844, 1808], [844, 1884], [432, 1884]], '지금 한번 마서보세', 0.9948328171002334), ([[1521, 1827], [1697, 1827], [1697, 1961], [1521, 1961]], '꼴쩍', 0.05928366335638812), ([[1658, 2168], [1816, 2168], [1816, 2292], [1658, 2292]], '갈쩍', 0.07802116093668698), ([[719.4986753096774, 243.0421843270966], [744.8861664483261, 249.6671099191756], [729.5013246903226, 307.9578156729034], [703.1138335516739, 301.3328900808244]], '9', 0.04324152135699344), ([[686.6760070251283, 314.010508186976], [726.27582245308, 301.00761359925167], [784.3239929748717, 477.989491813024], [744.72417754692, 491.99238640074833]], '경', 0.003445711750628702), ([[179.81433044747024, 531.0028734532892], [223.1656826519887, 512.0022879980088], [374.18566955252976, 865.9971265467108], [329.83431734801127, 885.9977120019912]], "'", 0.12117685134970557)]
[([[365, 127], [739, 127], [739, 241], [365, 241]], '이조훨_끼', 0.0387743323804983), ([[1272, 2218], [1450, 2218], [1450, 2334], [1272, 2334]], "'망(", 0.057675750631435985)]
[([[371, 137], [703, 137], [703, 261], [371, 261]], '쓸되없긋놈', 0.005991845390683467), ([[1202, 2207], [1526, 2207], [1526, 2317], [1202, 2317]], '테예엔망', 0.003906246507540345)]
[([[422, 152], [608, 152], [608, 226], [422, 226]], '@@@', 0.13526930219394082)]
[([[259, 89], [1012, 89], [1012, 222], [259, 222]], '그래그래) 그런눈렉-이야5', 0.08171133454399376), ([[223, 210], [1064, 210], [1064, 339], [223, 339]], '일상생활로눈못돌아-같출길아', 0.04277265559366811)]
[([[1614, 154], [2240, 154], [2240, 255], [1614, 255]], '얼마눈나 진각 축하해', 0.862199859080053), ([[1707, 251], [2153, 251], [2153, 344], [1707, 344]], '머리풀엇네? 중중', 0.2326768188755226)]
[([[488, 267], [987, 267], [987, 382], [488, 382]], '빨리하고가버려', 0.9988697221914751)]
[]
[([[1563, 164], [2383, 164], [2383, 254], [1563, 254]], '기껏 축하해주리올논데 빼기기는~', 0.15692235654187986), ([[1601, 249], [2353, 249], [2353, 342], [1601, 342]], '진각 받있다고좀 건방저적는길', 0.08565034629106108)]
[([[1684, 257], [2386, 257], [2386, 624], [1684, 624]], '발 (4', 0.06188994273543358)]
[([[1467, 180], [2442, 180], [2442, 258], [1467, 258]], '내가 좋아하단가터빌트는 그래도 그대로 해략네?', 0.2669737806152926), ([[1562, 252], [2346, 252], [2346, 330], [1562, 330]], '이거이거은근슬쩍나 좋아한다고어필?', 0.8535633908791853)]
[([[1132, 192], [1652, 192], [1652, 272], [1132, 272]], '명정하긴 의심활줄 모르나', 0.7975891571288408), ([[258, 1442], [502, 1442], [502, 1528], [258, 1528]], '이제되네', 0.7081258296966553)]
[([[409, 209], [1001, 209], [1001, 326], [409, 326]], '진짜기분나빠 죽어', 0.8399895142873209), ([[463, 324], [956, 324], [956, 432], [463, 432]], '제발..제발 .제발', 0.23860493022187054)]
[([[1683, 176], [2233, 176], [2233, 253], [1683, 253]], '아참나 축하하러워으나까', 0.28519140302803425), ([[1487, 243], [2433, 243], [2433, 329], [1487, 329]], '눈나가좋아하는 손가락으로 지스파 긁어줄가', 0.2898500261805648)]
[([[2463.906304309639, 1071.1098909415718], [2812.3097957854657, 1038.9814686772224], [2815.093695690361, 1205.8901090584282], [2466.6902042145343, 1239.0185313227776]], '속우부육', 0.03984127566218376)]
[([[992, 829], [1176, 829], [1176, 932], [992, 932]], '아 !', 0.8655320349772612), ([[1031, 1166], [1088, 1166], [1088, 1284], [1031, 1284]], '8', 0.010760161873976992), ([[891.221216155075, 319.21578339248015], [1105.7803904724221, 262.39035634863035], [1135.7787838449249, 418.78421660751985], [921.2196095275779, 475.60964365136965]], '깔짝', 0.6372796110743588), ([[1275.0549347461686, 585.1053996647498], [1489.5698346294305, 559.1737754067534], [1497.9450652538314, 712.8946003352502], [1283.4301653705695, 738.8262245932466]], '깔짝', 0.7001449595042151), ([[1690.9011154884106, 990.1539042094367], [1749.6552117772048, 934.3585340901495], [1770.0988845115894, 962.8460957905633], [1711.3447882227952, 1018.6414659098505]], '~?~', 0.07547751359163135), ([[1515.095655952785, 1106.876524762228], [1610.4867747990172, 1065.4163703454544], [1625.904344047215, 1105.123475237772], [1531.5132252009828, 1146.5836296545456]], '~!~', 0.02140585421849712)]
[([[1593, 134], [2291, 134], [2291, 243], [1593, 243]], '국크크국진각 받기 전처럼', 0.3789520738785927), ([[1705, 238], [2187, 238], [2187, 348], [1705, 348]], '깎각거리눈구만', 0.22735484986298837), ([[388, 330], [481, 330], [481, 368], [388, 368]], '6기9', 0.03391995815924011), ([[1690.9011154884106, 990.1539042094367], [1749.6552117772048, 934.3585340901495], [1770.0988845115894, 962.8460957905633], [1711.3447882227952, 1018.6414659098505]], '~?~', 0.04724806406575584), ([[1097.9632031319513, 953.0902578521221], [1181.584508960642, 968.8060857654621], [1170.0367968680487, 1021.9097421478779], [1086.415491039358, 1006.1939142345379]], '딴)', 0.37740831485533916), ([[1517.9038403974048, 1102.1326882781834], [1615.8850788499726, 1072.8525943493894], [1627.0961596025952, 1114.8673117218166], [1529.1149211500274, 1143.1474056506106]], '_!~', 0.007936017297528278)]
[([[375, 279], [722, 279], [722, 387], [375, 387]], '뒤저 까혹:', 0.6216225387432198), ([[769, 276], [1005, 276], [1005, 389], [769, 389]], '나흐분:', 0.1668861686693076), ([[509, 1121], [642, 1121], [642, 1245], [509, 1245]], '호욕', 0.3495575124834561), ([[1691.8713347040339, 989.1625379937149], [1749.633464240233, 934.3487269924203], [1770.1286652959661, 962.8374620062851], [1712.366535759767, 1017.6512730075797]], '~?~', 0.01702062673946194), ([[1097.9632031319513, 953.0902578521221], [1181.584508960642, 968.8060857654621], [1170.0367968680487, 1021.9097421478779], [1086.415491039358, 1006.1939142345379]], '딴)', 0.49717052089422276), ([[1516.9038403974048, 1102.1326882781834], [1615.861061599476, 1072.8231771649882], [1627.0961596025952, 1114.8673117218166], [1529.138938400524, 1144.1768228350118]], '(!~', 0.06097148277112719)]
[([[388, 330], [481, 330], [481, 369], [388, 369]], '6기9', 0.038263516337301864), ([[1096, 959], [1176, 959], [1176, 1014], [1096, 1014]], '딴)', 0.19109285641965307), ([[333.27035959643354, 688.0713511168458], [568.9164072728397, 669.300803690541], [571.7296404035665, 850.9286488831542], [336.0835927271603, 869.699196309459]], '@울"', 0.16550464399290468), ([[466.3666175952955, 944.6232499120024], [889.6872481885155, 835.2803804045144], [921.6333824047044, 994.3767500879976], [498.31275181148453, 1102.7196195954855]], '@계깥이:', 0.0034180810192614777), ([[1691.8713347040339, 989.1625379937149], [1749.633464240233, 934.3487269924203], [1770.1286652959661, 962.8374620062851], [1712.366535759767, 1017.6512730075797]], '~?~', 0.01354782466707615), ([[1516.9038403974048, 1102.1326882781834], [1615.904344047215, 1072.876524762228], [1627.0961596025952, 1114.8673117218166], [1528.095655952785, 1143.123475237772]], '(!~', 0.02400697325897021)]
[([[1689, 193], [2250, 193], [2250, 301], [1689, 301]], '끓아직싸면안되자', 0.22330254657916054), ([[388, 330], [481, 330], [481, 368], [388, 368]], '6기9', 0.03078492708825817), ([[913, 632], [938, 632], [938, 670], [913, 670]], '8', 0.8699633842079493), ([[2645, 613], [2795, 613], [2795, 761], [2645, 761]], '짧!', 0.11047326928098802), ([[2747, 771], [2835, 771], [2835, 859], [2747, 859]], '<', 0.7997756596127061), ([[1687.8713347040339, 990.1625379937149], [1748.5481557789597, 933.3117465265964], [1771.1286652959661, 963.8374620062851], [1711.4518442210403, 1021.6882534734036]], '(~', 0.35572472854052456), ([[1653.2802656784306, 1046.3885579247042], [1700.1963433129813, 1002.1830951442976], [1723.7197343215694, 1032.6114420752958], [1676.8036566870187, 1076.8169048557024]], '여', 0.045373468824752905), ([[1516.2108685738942, 1105.5632605721682], [1614.861061599476, 1072.8231771649882], [1627.7891314261058, 1111.4367394278318], [1528.138938400524, 1144.1768228350118]], '_!~', 0.0038767339638208073)]
[([[1716, 166], [2603, 166], [2603, 253], [1716, 253]], '우리눈나는 나한테할말이 뒤저워에없어?', 0.42059548242246647), ([[1962, 248], [2285, 248], [2285, 327], [1962, 327]], '조금섭섭한결', 0.5498848634641113), ([[393, 330], [479, 330], [479, 369], [393, 369]], '6 53', 0.14624273777008057), ([[587, 283], [785, 283], [785, 376], [587, 376]], '뒤저', 0.9893078954084542), ([[1592, 325], [2715, 325], [2715, 409], [1592, 409]], '좀다 부드럽고 예쁘계말하는 방법올생각해보세용~ .', 0.21858511581079496), ([[913, 632], [938, 632], [938, 670], [913, 670]], '8', 0.9532395547403816), ([[1687.8713347040339, 990.1625379937149], [1748.5481557789597, 933.3117465265964], [1771.1286652959661, 963.8374620062851], [1711.4518442210403, 1021.6882534734036]], '(~', 0.35456387120429433), ([[1655.2802656784306, 1045.3885579247042], [1699.302051757586, 1004.2178496565357], [1720.7197343215694, 1031.6114420752958], [1675.697948242414, 1072.7821503434643]], '여', 0.027873860624759494), ([[1516.2108685738942, 1105.5632605721682], [1614.8411063979868, 1072.7990780016776], [1627.7891314261058, 1111.4367394278318], [1529.1588936020132, 1144.2009219983224]], '_!~', 0.005074450041675082)]
[([[2564, 814], [2648, 814], [2648, 902], [2564, 902]], '@', 0.7499920237518296), ([[2568, 739], [2716, 739], [2716, 903], [2568, 903]], '문질', 0.6720845170803447), ([[1941.346454084438, 398.0267398301415], [2005.2484220092952, 389.32246143167504], [2022.653545915562, 535.9732601698585], [1959.7515779907048, 544.677538568325]], '문', 0.6408443945438194)]
[]
[([[1286, 246], [1904, 246], [1904, 370], [1286, 370]], '눈나~들어갑니다', 0.8322336508746437)]
[([[2124, 347], [2465, 347], [2465, 628], [2124, 628]], '꽃악', 0.004827262896379025), ([[635, 559], [732, 559], [732, 674], [635, 674]], '9', 0.23691927331484752), ([[1065, 845], [1119, 845], [1119, 887], [1065, 887]], '00', 0.47708617036175466), ([[2409.9329259541046, 362.03352267026014], [2529.4986693634132, 317.1846305002733], [2608.0670740458954, 554.9664773297399], [2487.5013306365868, 599.8153694997268]], '올', 0.998060690746172), ([[471.9815420665362, 617.074486052446], [559.5572607657971, 638.5500344391527], [543.0184579334638, 698.925513947554], [455.44273923420286, 677.4499655608473]], '커', 0.0096039089584124), ([[801.919569657517, 925.3702355958193], [1051.9140178994883, 804.5374271528509], [1089.0804303424832, 909.6297644041807], [839.0859821005117, 1030.462572847149]], '어겨어', 0.05643192670751699), ([[706.508351558737, 942.2859117025688], [816.0263239113824, 908.7976405136998], [839.491648441263, 1006.7140882974312], [729.9736760886176, 1040.2023594863003]], '잡', 0.7374368989540905)]
[([[191, 245], [402, 245], [402, 404], [191, 404]], '아내', 0.08820352756993652), ([[2316.81021185861, 2.0202286431342174], [2746.9339837927473, 73.67447456026291], [2685.18978814139, 365.9797713568658], [2255.0660162072527, 294.3255254397371]], '설씬', 0.022037153333906077), ([[178.0427285222873, 513.658095532463], [430.5730228641963, 429.7550326059904], [469.9572714777127, 587.341904467537], [217.42697713580372, 671.2449673940097]], '오옷,0', 0.7075316905975342), ([[1687.5223522903416, 541.0830491260881], [2123.7480426461434, 448.4286187808693], [2163.4776477096584, 763.9169508739119], [1728.2519573538564, 856.5713812191307]], '노퍽', 0.016081852497278646), ([[720.2641704918218, 1688.0794583608572], [920.7605800764311, 1668.8986093883082], [927.7358295081782, 1834.9205416391428], [726.2394199235689, 1854.1013906116918]], '아유', 0.2398669681227734)]
[([[1276, 795], [1373, 795], [1373, 896], [1276, 896]], '0)', 0.9822520860090478), ([[1408.1736368240006, 777.1196398624044], [1612.3140069922813, 756.7541982937612], [1616.8263631759994, 880.8803601375956], [1412.6859930077187, 902.2458017062388]], '숙아:', 0.060172449409588456), ([[940.9443614300254, 926.7554891440203], [1275.4250594196596, 813.0096797549604], [1321.0556385699745, 957.2445108559797], [986.5749405803402, 1070.9903202450396]], '아흐으 "', 0.3495639234328808), ([[1270.6484868369894, 949.185467073033], [1422.1056052930305, 911.0799348891236], [1445.3515131630106, 1041.8145329269669], [1293.8943947069695, 1078.9200651108765]], '00', 0.8207734329131083), ([[1038.3499850332526, 1056.5449895232766], [1282.9026917858343, 976.5776075017387], [1313.6500149667474, 1078.4550104767234], [1069.0973082141657, 1158.4223924982612]], '기이;', 0.686965633262484)]
[([[1631, 747], [2588, 747], [2588, 859], [1631, 859]], '셋스할때만 솔직해지논건 여전하네', 0.5231860924814519)]
[([[2045, 421], [2398, 421], [2398, 661], [2045, 661]], '질객', 0.028133634359949665), ([[2459, 783], [2728, 783], [2728, 946], [2459, 946]], '찌피', 0.09078393361012964), ([[2617, 947], [2780, 947], [2780, 1122], [2617, 1122]], '광', 0.5349385678756882), ([[1408, 1066], [1676, 1066], [1676, 1230], [1408, 1230]], '등@ ', 0.008334942586802402), ([[2471, 1161], [2656, 1161], [2656, 1356], [2471, 1356]], '광', 0.7231035741558891), ([[73.36808235640932, 215.01248361715557], [176.45179717391304, 165.00638004347846], [325.63191764359067, 499.98751638284443], [221.54820282608696, 550.9936199565216]], '흙', 0.7359957228858462), ([[394.4789396203098, 337.41419735452666], [478.77550585512427, 330.86133093123107], [479.5210603796902, 359.58580264547334], [395.22449414487573, 365.13866906876893]], '(99', 0.033128528906550346), ([[459.80761184457486, 807.8076118445749], [672.4784092086462, 713.1452256600801], [714.1923881554251, 816.1923881554251], [501.52159079135384, 911.8547743399199]], '용의5 [', 0.03356960413606932), ([[837.8682125517187, 1007.1084830068435], [1357.396500153653, 968.9516596872809], [1355.1317874482813, 1146.8915169931565], [836.603499846347, 1185.0483403127191]], '정하예스', 0.04625386372208595), ([[1194.116297203758, 1180.1187479096875], [1431.4160973830744, 1155.5833186008967], [1435.883702796242, 1288.8812520903125], [1198.5839026169256, 1313.4166813991033]], '쥐아.', 0.07630755215030345), ([[891.3455560743831, 1167.0472313017046], [1185.0503972616025, 1146.0530509819491], [1187.6544439256168, 1399.9527686982954], [894.9496027383975, 1420.9469490180509]], '외욕', 0.06479161617946191), ([[1415.8896093958538, 1260.2707735563663], [1717.1264547473256, 1195.8445853384214], [1738.1103906041462, 1352.7292264436337], [1436.8735452526744, 1417.1554146615786]], '해에:', 0.31848091470469264), ([[48.929803018491626, 1463.1719212073967], [235.82000476137563, 1376.6150336768933], [281.0701969815084, 1476.8280787926033], [95.17999523862439, 1563.3849663231067]], '하아', 0.9954143053900791)]
[([[389, 330], [481, 330], [481, 368], [389, 368]], '6기9', 0.019053842755278494), ([[1665, 697], [2625, 697], [2625, 805], [1665, 805]], '칠칠치 못한 얼굴이 되버로네누나~', 0.3557226847121604), ([[1866, 799], [2435, 799], [2435, 903], [1866, 903]], '질내사정으로갈계', 0.8042115958091843), ([[1097.9632031319513, 953.0902578521221], [1181.584508960642, 968.8060857654621], [1170.0367968680487, 1021.9097421478779], [1086.415491039358, 1006.1939142345379]], '딴)', 0.4775395846266112), ([[1566.00992561958, 1098.800992561958], [1609.308303865863, 1078.4872736550958], [1617.99007438042, 1098.199007438042], [1574.691696134137, 1118.5127263449042]], '59', 0.21870860519056326)]
[([[2272, 450], [2596, 450], [2596, 663], [2272, 663]], '주의', 0.036274113069369736), ([[2532, 1027], [2736, 1027], [2736, 1204], [2532, 1204]], '뛰부', 0.0031831200830796987)]
[([[563, 1134], [808, 1134], [808, 1278], [563, 1278]], '히@:', 0.021695993881100967), ([[14.768503650465718, 972.1563759183066], [213.8818264166496, 939.2844878328375], [226.2314963495343, 1074.8436240816934], [27.11817358335041, 1107.7155121671626]], '하', 0.11810256223614957)]
[([[1621, 196], [2440, 196], [2440, 298], [1621, 298]], '하아.하아 사랑해우리눈나 .', 0.7643622931262476)]
[([[1208, 541], [1442, 541], [1442, 673], [1208, 673]], '우슨@', 0.19303162796523007), ([[1036.200359892036, 588.1817634709763], [1210.9989082992035, 576.8747768519831], [1211.799640107964, 654.8182365290237], [1036.0010917007965, 667.1252231480169]], '070', 0.20989069209898956)]
[([[373, 139], [544, 139], [544, 251], [373, 251]], '죽어', 0.9991677012249937), ([[1155, 410], [1414, 410], [1414, 512], [1155, 512]], '(나도야)', 0.9995708807223306)]
[([[298, 1056], [395, 1056], [395, 1268], [298, 1268]], "'", 0.623603451972091), ([[314, 1570], [405, 1570], [405, 1685], [314, 1685]], "'", 0.5768610242840033), ([[1074, 1524], [1909, 1524], [1909, 1645], [1074, 1645]], '[ 주위로고요한 숲이보인다', 0.7670368489511608), ([[893, 1641], [2161, 1641], [2161, 1762], [893, 1762]], '어떻게여기로와는지논 기억이나지않듣다 ]', 0.17114379031673485)]
[([[670, 1377], [843, 1377], [843, 1491], [670, 1491]], '@레', 0.10709893935986833), ([[984, 1561], [1988, 1561], [1988, 1689], [984, 1689]], '안녕닷선사람 길이라도잃은거야?', 0.21841039863299938), ([[1200, 1684], [1789, 1684], [1789, 1807], [1200, 1807]], '여기언어떻계없어?', 0.08014533186294061)]
[([[752, 1229], [1409, 1229], [1409, 1328], [752, 1328]], '내가혹시죽음권가?', 0.4518972489593236), ([[641, 1501], [697, 1501], [697, 1563], [641, 1563]], '2', 0.9982289771550121), ([[750, 1463], [1342, 1463], [1342, 1562], [750, 1562]], '당장 씩스해주세요', 0.48714126069737085), ([[879, 1705], [1217, 1705], [1217, 1798], [879, 1798]], '문미호야?', 0.5629694371988677), ([[631.0322601798002, 1722.177430988901], [849.6134155488268, 1700.6537638019279], [852.9677398201998, 1798.822569011099], [634.3865844511732, 1820.3462361980721]], '3 / 네', 0.23470117692683698)]
[([[670, 1377], [843, 1377], [843, 1491], [670, 1491]], '@레', 0.09969788809675709), ([[853, 1567], [2224, 1567], [2224, 1690], [853, 1690]], '어머? 구미호라니그게원지궁금하네 그게뛰니?', 0.2642066395143141)]
[([[670, 1377], [843, 1377], [843, 1491], [670, 1491]], '@레', 0.10582560599001341), ([[765, 1572], [2237, 1572], [2237, 1706], [765, 1706]], '여튿날따라오지압올래? 내가 재미있논걸시켜줄게', 0.17443694368824103)]
[([[756, 1227], [1070, 1227], [1070, 1328], [756, 1328]], '그래좋아', 0.06198235601186752), ([[641, 1501], [697, 1501], [697, 1563], [641, 1563]], '2', 0.9969305739925858), ([[748, 1463], [1342, 1463], [1342, 1562], [748, 1562]], '당장 씩스해주세요', 0.4471404823878455), ([[636, 1734], [700, 1734], [700, 1807], [636, 1807]], '3', 0.9999992847443906), ([[770, 1702], [1452, 1702], [1452, 1799], [770, 1799]], '아니괜찮아 돌아갈게', 0.5864234077443039)]
[([[670, 1376], [843, 1376], [843, 1491], [670, 1491]], '@월', 0.0284209570399218), ([[981, 1532], [2009, 1532], [2009, 1667], [981, 1667]], '여고망자의영혼들이 모이분긋이야', 0.12225806484065956), ([[1052, 1654], [1942, 1654], [1942, 1781], [1052, 1781]], '너는이곳에올영혼은아보데}', 0.10057656556373047)]
[([[667, 1374], [847, 1374], [847, 1494], [667, 1494]], '@레', 0.06420572653535844), ([[1097, 1589], [2030, 1589], [2030, 1713], [1097, 1713]], '몸속에 숨어있는 영혼이있구나?', 0.5712501211474645)]
[([[1354, 1581], [1615, 1581], [1615, 1694], [1354, 1694]], '나에게?', 0.4165353775024414)]
[([[31, 439], [285, 439], [285, 713], [31, 713]], '사', 0.1344043492704552), ([[1076.0407670796271, 98.01917699067705], [1247.0530539413155, 63.05976394844869], [1304.9592329203729, 395.98082300932293], [1133.9469460586845, 430.9402360515513]], '2', 0.9973416138102245)]
[([[670, 1377], [843, 1377], [843, 1491], [670, 1491]], '@레', 0.12093531590237967), ([[1126, 1556], [1832, 1556], [1832, 1677], [1126, 1677]], '가만히념되다간 너까지', 0.22891291127407712), ([[832, 1670], [2144, 1670], [2144, 1804], [832, 1804]], '영영여기률떠돌아다날지도올라 어떻계합래?', 0.30712213706357805)]
[([[670, 1377], [843, 1377], [843, 1491], [670, 1491]], '@레', 0.1091060179124152), ([[1028, 1562], [1949, 1562], [1949, 1687], [1028, 1687]], '나라면널도와출수있든지몰라', 0.1499843913637712)]
[([[756, 1227], [1070, 1227], [1070, 1328], [756, 1328]], '그래좋아', 0.08396858721971512), ([[641, 1501], [697, 1501], [697, 1563], [641, 1563]], '2', 0.9977840553883119), ([[750, 1460], [1342, 1460], [1342, 1561], [750, 1561]], '당장 씩스해주세요', 0.3155891541543163), ([[636, 1734], [702, 1734], [702, 1807], [636, 1807]], '3', 0.999999046325911), ([[771, 1705], [943, 1705], [943, 1795], [771, 1795]], '좋이', 0.2908414139954653)]
[([[670, 1377], [843, 1377], [843, 1491], [670, 1491]], '@레', 0.089275298847877), ([[1068, 1541], [2009, 1541], [2009, 1689], [1068, 1689]], '후후후 잠깐 숨음 크게들어마서', 0.17136411952958333), ([[1250, 1673], [1832, 1673], [1832, 1794], [1250, 1794]], '기분이중아질꺼야', 0.5134563411605452)]
[([[1341, 1576], [1598, 1576], [1598, 1699], [1341, 1699]], '스움 하', 0.9476318359375)]
[([[982, 1525], [2068, 1525], [2068, 1647], [982, 1647]], '[ 숨들들이마시논순간나의안속에서', 0.3960177618223497), ([[1064, 1640], [1891, 1640], [1891, 1763], [1064, 1763]], '끓어오르는 무언가지느껴다', 0.30575686580994754)]
[([[984, 1524], [2122, 1524], [2122, 1648], [984, 1648]], '[이제그녀가말한 또다른 영혼일까? ]', 0.6501694545002258)]
[([[854, 1562], [2210, 1562], [2210, 1687], [854, 1687]], '무슨 기분인진모르켓지만 강한 욕정올느껴다 ]', 0.2106082510734322)]
[([[670, 1377], [843, 1377], [843, 1491], [670, 1491]], '@레', 0.1381123779089398), ([[1121, 1576], [1907, 1576], [1907, 1699], [1121, 1699]], '괜찮아 후후 그대로다가와', 0.8527802336414655)]
[([[1435, 1566], [1586, 1566], [1586, 1676], [1435, 1676]], '이건', 0.9296011518626764)]
[([[250, 76], [650, 76], [650, 152], [250, 152]], '야야 이제무슨: 웃;', 0.2593078515117517), ([[1280, 92], [1550, 92], [1550, 168], [1280, 168]], '명정하긴 그건', 0.9544406458103881), ([[324, 148], [590, 148], [590, 226], [324, 226]], '몸이 이상해?', 0.9360022807139048), ([[1160, 158], [1688, 158], [1688, 234], [1160, 234]], '레텔초기화 물약이라고국국크', 0.18840752392384058), ([[1218, 442], [1246, 442], [1246, 472], [1218, 472]], '~', 0.6710842115698057), ([[1022, 418], [1144, 418], [1144, 562], [1022, 562]], '@', 0.06702290717402448), ([[1712, 530], [1836, 530], [1836, 658], [1712, 658]], '부품', 0.2937907287548723), ([[1120, 1013], [1643, 1013], [1643, 1101], [1120, 1101]], '요요요 입흘 혼내주야해', 0.26734364113284315), ([[1613, 1341], [1800, 1341], [1800, 1498], [1613, 1498]], '퓨육', 0.0326868712583296), ([[289, 1835], [733, 1835], [733, 1925], [289, 1925]], '이씨발 개새끼들아', 0.9452559163160955), ([[301, 1919], [735, 1919], [735, 2011], [301, 2011]], '나한테 원짓한거얘', 0.155129868209038), ([[361, 2201], [501, 2201], [501, 2317], [361, 2317]], '대풍', 0.13180268039673343), ([[620, 2248], [784, 2248], [784, 2368], [620, 2368]], '버풍', 0.3368546223870086)]
[([[942, 1558], [2147, 1558], [2147, 1684], [942, 1684]], '본능처럼 그녀의어박지틀꽉 끌어안있다 ]', 0.24012132427680447)]
[([[668, 1379], [843, 1379], [843, 1491], [668, 1491]], '@퀴', 0.056958355955512865), ([[1426, 1586], [1512, 1586], [1512, 1696], [1426, 1696]], '웃드', 0.06993145298898788)]
[([[668, 1379], [843, 1379], [843, 1494], [668, 1494]], '@랜', 0.09842146284563959), ([[1344, 1591], [1672, 1591], [1672, 1715], [1344, 1715]], '아웃아 ', 0.29696130752563477)]
[([[1160, 1583], [1713, 1583], [1713, 1706], [1160, 1706]], '[ 멈출수가없다 ]', 0.8410852856591298)]
[([[668, 1379], [843, 1379], [843, 1491], [668, 1491]], '@퀴', 0.05702507456477264), ([[784, 1618], [2215, 1618], [2215, 1747], [784, 1747]], '하아하아잘하고있어 그렇계하면돼하아하아', 0.3758172247650922)]
[([[668, 1379], [843, 1379], [843, 1494], [668, 1494]], '@랜', 0.08067961507505174), ([[1164, 1603], [1873, 1603], [1873, 1730], [1164, 1730]], '너의인에 모움걸쏟아내_', 0.20035859945614892)]
[([[1128, 1587], [1792, 1587], [1792, 1708], [1128, 1708]], '[ 정신이아득해진다 ]_', 0.6696264412456352)]
[([[1047, 1605], [2059, 1605], [2059, 1726], [1047, 1726]], '사당은온통신음소리로가득차다 ]', 0.5788475254858911)]
[([[1123, 1565], [1866, 1565], [1866, 1691], [1123, 1691]], '으우 웃나온다나온다 빵', 0.09474038593467322)]
[]
