2767387
129
[([[588, 0], [672, 0], [672, 18], [588, 18]], '민기.-', 0.04789356887340546), ([[681, 0], [745, 0], [745, 15], [681, 15]], '미니 -', 0.08591967821121216), ([[875, 13], [913, 13], [913, 31], [875, 31]], '와아~', 0.9909424329919537), ([[10, 4], [58, 4], [58, 56], [10, 56]], '0', 0.9994778122902837), ([[862, 78], [1000, 78], [1000, 128], [862, 128]], '@어광(', 0.001720723113976419), ([[644, 176], [710, 176], [710, 202], [644, 202]], '야모험가', 0.9500827193260193), ([[287, 325], [563, 325], [563, 453], [287, 453]], '장쓸걸도', 3.2041582016972825e-05), ([[914, 304], [946, 304], [946, 394], [914, 394]], '0', 0.9707180247870042), ([[981, 419], [1003, 419], [1003, 433], [981, 433]], '이거', 0.5424025770866574), ([[941, 437], [997, 437], [997, 457], [941, 457]], '있어서형복', 0.44162529733127853), ([[523, 413], [811, 413], [811, 526], [523, 526]], '(-@블술(히 드', 0.00029177923146488934), ([[593, 545], [647, 545], [647, 557], [593, 557]], '서*(고서,', 0.0004703428457926717), ([[909, 403], [949, 403], [949, 603], [909, 603]], ';', 0.007586983537512859), ([[299, 617], [411, 617], [411, 705], [299, 705]], '@면', 0.05617647613618205), ([[535, 595], [956, 595], [956, 707], [535, 707]], '@떠/-시외섯', 0.00016959661844506333), ([[591, 690], [880, 690], [880, 781], [591, 781]], '(*어서성시주)', 0.0005587622375662709), ([[589, 1021], [639, 1021], [639, 1033], [589, 1033]], '"-시', 0.0054695620311969685), ([[708, 1024], [738, 1024], [738, 1032], [708, 1032]], '관-- ', 0.0009961258620023727), ([[381.78378896411033, 622.2486714420854], [512.0368259525571, 594.8948553488744], [525.2162110358897, 685.7513285579146], [394.9631740474429, 713.1051446511256]], ':히_', 0.052645432793824415)]
[([[1094, 87], [1637, 87], [1637, 204], [1094, 204]], '처박아 돼지새끼야', 0.7762882934774302), ([[34, 2208], [922, 2208], [922, 2354], [34, 2354]], '우오오옷(감사합니다")', 0.5696780134628001)]
[([[775, 46], [950, 46], [950, 230], [775, 230]], '9 ', 0.6912494837346469), ([[1112, 128], [1277, 128], [1277, 310], [1112, 310]], '?1', 0.7470218416145364), ([[378.89292519658807, 759.0472248000805], [473.4961508830135, 726.2418954868198], [527.1070748034119, 901.9527751999195], [432.5038491169865, 935.7581045131802]], '필', 0.6180496888703182), ([[316.2634020322637, 759.0246902807289], [396.6119839952469, 743.3146109285354], [427.7365979677363, 929.9753097192711], [347.3880160047531, 944.6853890714646]], ' ', 0.17946331045184483)]
[([[195, 307], [261, 307], [261, 369], [195, 369]], '5', 0.8901777076256536), ([[256, 251], [318, 251], [318, 460], [256, 460]], '줄', 0.008009458287908056), ([[1515, 275], [2190, 275], [2190, 374], [1515, 374]], '그 그런거만 보여요? 정말', 0.7440455536887552)]
[([[275, 1855], [1236, 1855], [1236, 1956], [275, 1956]], '아니앞에커다탕게 보이는걸어명계해.', 0.15930337094779232)]
[([[1729, 262], [1862, 262], [1862, 359], [1729, 359]], '아', 0.9994776931121265)]
[([[1622, 250], [2084, 250], [2084, 373], [1622, 373]], '만져보실래요?', 0.7865059718121103)]
[([[385, 1830], [977, 1830], [977, 1929], [385, 1929]], '???너네이런거해도돼?', 0.5382484583531869)]
[([[637, 754], [776, 754], [776, 913], [637, 913]], '후후', 0.9758975574665599)]
[([[1449, 251], [2181, 251], [2181, 360], [1449, 360]], '후후;, 그치만 렉스는안돼요', 0.2913017786234592), ([[594, 1813], [818, 1813], [818, 1946], [594, 1946]], '할래?', 0.9451843268333202)]
[([[490, 1816], [870, 1816], [870, 1948], [490, 1948]], '뛰야 김바져', 0.5593245636915491)]
[([[1381, 269], [2261, 269], [2261, 360], [1381, 360]], '손가락으로  손가락이랑 혀튼 괜찮아요', 0.27130488420332843)]
[([[1193, 42], [1449, 42], [1449, 107], [1193, 107]], '?이게먼소리여', 0.7267489378019291), ([[468, 328], [616, 328], [616, 454], [468, 454]], '올 @', 0.20324702560901642), ([[1781, 499], [1957, 499], [1957, 561], [1781, 561]], '@9@', 0.018479862402889215), ([[604, 582], [700, 582], [700, 694], [604, 694]], '', 0.0), ([[1512, 820], [1858, 820], [1858, 892], [1512, 892]], '이눈치없느새끼야~', 0.45040043902473237), ([[1567, 887], [1813, 887], [1813, 955], [1567, 955]], '그냥 지나가자', 0.7214611782764098), ([[740, 974], [880, 974], [880, 1067], [740, 1067]], '옛아', 0.030725196684002875), ([[1361, 1384], [1917, 1384], [1917, 1470], [1361, 1470]], '하아.하아흑 닥처명청아!', 0.27681914147978276), ([[257, 1573], [367, 1573], [367, 1731], [257, 1731]], '6', 0.4542377890268199), ([[130, 2121], [731, 2121], [731, 2223], [130, 2223]], '정말 주변에서다 듣네?', 0.8261956880983198), ([[330.4521741996336, 278.29913163846095], [500.63682331003906, 247.18785767095508], [511.5478258003664, 341.70086836153905], [341.36317668996094, 372.8121423290449]], '하아', 0.17598323420974438), ([[166.17910739817694, 316.1671799501554], [311.11534341451494, 302.1569527415492], [314.82089260182306, 389.8328200498446], [169.88465658548506, 403.8430472584508]], '하아 ', 0.14838434562162445)]
[]
[([[2172, 1810], [2318, 1810], [2318, 1987], [2172, 1987]], '찾', 0.07818778980287622)]
[([[1567, 721], [1699, 721], [1699, 891], [1567, 891]], '7', 0.2122759925049742), ([[1601, 1608], [1825, 1608], [1825, 1782], [1601, 1782]], '활작', 0.18614105739638342), ([[2352, 1709], [2552, 1709], [2552, 1856], [2352, 1856]], '활짝', 0.5678237858252491), ([[2161, 1874], [2373, 1874], [2373, 2046], [2161, 2046]], '활각', 0.47193375511999974)]
[([[1238, 383], [1317, 383], [1317, 514], [1238, 514]], '%', 0.05044672728953814), ([[1303, 507], [1419, 507], [1419, 586], [1303, 586]], '아', 0.9991166159239242), ([[513, 783], [670, 783], [670, 920], [513, 920]], '해의', 0.5062228819655036), ([[1898, 1889], [2048, 1889], [2048, 2012], [1898, 2012]], '작', 0.035719460638895306), ([[2163.120022683567, 1563.032308496516], [2253.1243499971283, 1542.4138687606498], [2288.879977316433, 1722.967691503484], [2198.8756500028717, 1743.5861312393502]], '품', 0.08496842884807254)]
[([[1040, 259], [1282, 259], [1282, 397], [1040, 397]], '하', 0.5175290541683921), ([[590, 811], [872, 811], [872, 946], [590, 946]], '8가5)', 0.0016471833223477006)]
[([[2213, 1758], [2383, 1758], [2383, 1911], [2213, 1911]], '소육', 0.18865164381805782), ([[187.15106852430958, 315.0300661927652], [278.01483521149277, 301.69154748762867], [300.8489314756904, 479.9699338072348], [209.9851647885072, 493.30845251237133]], '2', 0.6188756178860935)]
[([[1056, 233], [1098, 233], [1098, 288], [1056, 288]], '0', 0.999971866805538), ([[1108, 202], [1172, 202], [1172, 288], [1108, 288]], '(', 0.20087735150242736), ([[1046, 711], [1097, 711], [1097, 780], [1046, 780]], '0', 0.9996490786434151), ([[565, 857], [620, 857], [620, 931], [565, 931]], '0', 0.9935772169775738), ([[580, 920], [713, 920], [713, 1012], [580, 1012]], '700', 0.6692752222634325), ([[1574, 1694], [1768, 1694], [1768, 1888], [1574, 1888]], '파', 0.3757522361298129), ([[1330.7596526541079, 279.07722123286334], [1399.6787035029265, 246.02305850698144], [1457.2403473458921, 378.92277876713666], [1388.3212964970735, 412.97694149301856]], '옷', 0.8533418921474691), ([[2117.027972913629, 1893.0189038802666], [2620.6249381369153, 1997.6857883972727], [2565.972027086371, 2199.9810961197336], [2063.3750618630847, 2095.314211602727]], '젓파파', 0.1439715738346098)]
[([[465, 1831], [965, 1831], [965, 1939], [465, 1939]], '여기가 종은건가?', 0.8956633720501387)]
[([[1188, 200], [1505, 200], [1505, 416], [1188, 416]], '웃; !', 0.3991486412870522), ([[2250, 1569], [2557, 1569], [2557, 1792], [2250, 1792]], '와앗', 0.1459727163537371)]
[([[1082, 142], [1318, 142], [1318, 281], [1082, 281]], '하아:', 0.36903013921920375), ([[593, 820], [873, 820], [873, 966], [593, 966]], '아아이', 0.04867230490360024)]
[([[663, 127], [829, 127], [829, 265], [663, 265]], '#육', 0.3564929566901206), ([[1427, 111], [1893, 111], [1893, 319], [1427, 319]], '팬 폐', 0.02832360379397869), ([[1244, 944], [1757, 944], [1757, 1048], [1244, 1048]], "잠는표정 '이쁨데?", 0.16496513710620897), ([[1145, 1482], [1319, 1482], [1319, 1629], [1145, 1629]], '음직', 0.10019399433950897), ([[323, 1755], [527, 1755], [527, 1919], [323, 1919]], '원원', 0.2204304216259554), ([[196, 1998], [723, 1998], [723, 2076], [196, 2076]], '우  으옷 움 "조용히해앗', 0.23580443178099422), ([[464.06103707413615, 391.0142234464932], [808.4725166917939, 544.3056408202203], [695.9389629258638, 782.9857765535069], [351.52748330820606, 629.6943591797797]], '세사', 0.1321278901152244)]
[]
[([[1378, 262], [2280, 262], [2280, 365], [1378, 365]], '하아.하아 저름찾아와주실출은올렉어요', 0.16948689916897416)]
[([[2130, 798], [2277, 798], [2277, 850], [2130, 850]], '302~', 0.2096925675868988), ([[2105, 854], [2228, 854], [2228, 898], [2105, 898]], '29', 0.6175548086283), ([[281, 1840], [1197, 1840], [1197, 1953], [281, 1953]], '아 맞아 너전적증명서 농고가서 .', 0.37312462813560415)]
[([[2130, 798], [2277, 798], [2277, 850], [2130, 850]], '302~', 0.1620427817106247), ([[2105, 854], [2228, 854], [2228, 898], [2105, 898]], '29', 0.5240252012868791), ([[546, 1797], [835, 1797], [835, 1883], [546, 1883]], '그러고보니', 0.9997663302156263), ([[140, 1886], [1254, 1886], [1254, 1991], [140, 1991]], '여프리스트님의신음소리 . . 엄청 귀한거잖아?', 0.71525445144886)]
[([[1545, 265], [2137, 265], [2137, 349], [1545, 349]], '으으  어서주고나가요 ', 0.34618063930177373), ([[2130, 798], [2277, 798], [2277, 850], [2130, 850]], '302~', 0.2678512632846832), ([[2105, 854], [2228, 854], [2228, 898], [2105, 898]], '29', 0.29935501705713535), ([[564, 820], [848, 820], [848, 992], [564, 992]], '밝기레', 0.03339223847968157)]
[([[141, 307], [255, 307], [255, 367], [141, 367]], '예규 &', 0.24291381239891052), ([[793, 593], [951, 593], [951, 685], [793, 685]], '벌?령', 0.2090486057806804)]
[([[157, 57], [695, 57], [695, 124], [157, 124]], '[오되3서어. +리-끼어 337거나목서', 4.1897717277857154e-05), ([[165, 113], [873, 113], [873, 179], [165, 179]], '검열사이로 노출올 보여출려는 마신', 0.6539698577473456), ([[472, 214], [526, 214], [526, 238], [472, 238]], '000', 0.9049937139237826), ([[1562, 638], [1681, 638], [1681, 713], [1562, 713]], '구구', 0.6718321970569865), ([[414, 684], [512, 684], [512, 782], [414, 782]], '야?', 0.9911699804175865), ([[263.3262683182794, 637.2249830778486], [476.78308508338444, 593.1760032373562], [494.6737316817206, 727.7750169221514], [281.21691491661556, 772.8239967626438]], '끝나', 0.19022213010112454), ([[318.3103526837755, 782.979317415398], [415.1473374358235, 733.0125353087843], [449.6896473162245, 804.020682584602], [352.8526625641765, 852.9874646912157]], '벼', 0.04998891051845167)]
[([[235, 34], [500, 34], [500, 103], [235, 103]], '; 나*0522', 0.011604321804633118), ([[244, 104], [630, 104], [630, 176], [244, 176]], '벽람 타수권트.?', 0.47138998848222996), ([[604, 220], [666, 220], [666, 246], [604, 246]], '000', 0.8269098680151732), ([[722, 632], [840, 632], [840, 728], [722, 728]], '"1', 0.31011164348524217), ([[618, 1140], [674, 1140], [674, 1218], [618, 1218]], '익', 0.02191208179239368), ([[1650, 1295], [1842, 1295], [1842, 1441], [1650, 1441]], '않아', 0.01357797622563446), ([[1822, 1380], [1874, 1380], [1874, 1412], [1822, 1412]], '00', 0.9657264824798819)]
[([[203, 43], [247, 43], [247, 95], [203, 95]], '인', 0.9999948740071183), ([[199, 103], [839, 103], [839, 167], [199, 167]], '허녁지에바름정자그은진불퍼요', 0.1829795968252614), ([[1507, 919], [1621, 919], [1621, 1071], [1507, 1071]], '3', 0.8436748908353344), ([[1072, 2014], [1200, 2014], [1200, 2144], [1072, 2144]], '표', 0.9373128447659838), ([[205.05774917833435, 878.1443729458358], [481.1250476142288, 799.5604971213814], [509.94225082166565, 932.8556270541642], [233.8749523857712, 1012.4395028786186]], '소톱빛', 0.03174007237487939), ([[378.2934363326961, 919.0810814933088], [618.6142150962914, 903.4916834307618], [618.706563667304, 1059.9189185066912], [379.3857849037085, 1075.508316569238]], '( 문?', 0.28329500555992126), ([[1465.3631404227451, 1098.2335863673727], [1744.5281405414346, 1052.7510185735412], [1755.6368595772549, 1183.7664136326273], [1476.4718594585654, 1229.2489814264588]], '예타', 0.07486165824186622)]
[([[172, 27], [323, 27], [323, 81], [172, 81]], '@8222', 0.37482143289819375), ([[175, 85], [1611, 85], [1611, 153], [175, 153]], '어방이에게 위장자라고 멈보다가 따먹히논 루실 레드메인을 원함니다', 0.25569152029894754), ([[945, 446], [1079, 446], [1079, 550], [945, 550]], '익아사', 0.01645325665906046), ([[230, 548], [526, 548], [526, 626], [230, 626]], '어벤저니이임의', 0.7942837264896127), ([[12, 621], [762, 621], [762, 701], [12, 701]], '자지|에 굴복올 망새 터스니다아: ! !', 0.1284664388231793), ([[236, 696], [522, 696], [522, 774], [236, 774]], '명정한 저에게', 0.31876758025746055), ([[238, 768], [538, 768], [538, 846], [238, 846]], '벌음주소서 ! !', 0.3247113454270126), ([[1468, 778], [1656, 778], [1656, 878], [1468, 878]], '/아', 0.07797746786684343), ([[272, 842], [484, 842], [484, 920], [272, 920]], '더 . . 더엇', 0.5593832039809781), ([[194, 982], [575, 982], [575, 1069], [194, 1069]], '처박아주어어엇! ! !', 0.4309388893545568), ([[206, 1382], [428, 1382], [428, 1604], [206, 1604]], '퍽', 0.5625043809499211), ([[1458, 1460], [1562, 1460], [1562, 1630], [1458, 1630]], '옷', 0.9793489833506932), ([[729, 1861], [997, 1861], [997, 2093], [729, 2093]], '퍽', 0.09294323314322472), ([[1883, 1953], [1967, 1953], [1967, 2057], [1883, 2057]], '(', 0.25092197866116805), ([[991, 2052], [1318, 2052], [1318, 2297], [991, 2297]], '피', 0.45421794435413076), ([[1648.1601138259452, 347.01857246636513], [1877.962450427796, 468.80606793602766], [1798.8398861740548, 610.9814275336348], [1570.037549572204, 488.19393206397234]], "',아", 0.06051061478537091), ([[1703.217420379051, 1830.018022225404], [1817.9554410767164, 1787.0268702842131], [1914.782579620949, 2080.981977774596], [1799.0445589232836, 2122.973129715787]], '욕', 0.9219991719370491)]
[([[227, 74], [785, 74], [785, 163], [227, 163]], '\'센다 #오우우육 " 오옷', 0.11096998073172558), ([[1092, 263], [1369, 263], [1369, 424], [1092, 424]], '씹싹@', 0.006998630409770854), ([[1646, 649], [1888, 649], [1888, 857], [1646, 857]], '오싹', 0.18910319589357816), ([[613, 1719], [867, 1719], [867, 1975], [613, 1975]], '광', 0.4089339776286671), ([[1144, 1942], [1421, 1942], [1421, 2137], [1144, 2137]], '푸럿', 0.021394674907050975), ([[234, 2270], [884, 2270], [884, 2368], [234, 2368]], '꾸육꾸육둘려서 못참계어없', 0.05163909600667596), ([[1399, 2303], [1541, 2303], [1541, 2417], [1399, 2417]], '7', 0.23061498848306883), ([[27.631933281853797, 1346.1589931737467], [259.7980277041766, 1231.5663209481006], [337.3680667181462, 1422.8410068262533], [105.20197229582337, 1538.4336790518994]], '프구', 0.06163967959082576), ([[790.4777113148003, 1942.0580182238848], [941.4138164949521, 1919.9250936749434], [961.5222886851997, 2112.9419817761154], [809.5861835050479, 2136.074906325057]], '표', 0.21366643344376346), ([[1585.2434057978003, 2319.3387318879018], [1956.6905917429751, 2235.255426752169], [1981.7565942021997, 2415.6612681120982], [1610.3094082570249, 2499.744573247831]], '쫓스로릇', 0.028163088485598564)]
[([[199, 1321], [501, 1321], [501, 1387], [199, 1387]], '하아.하아 병신 ', 0.4610912727614797), ([[1400, 2116], [1776, 2116], [1776, 2194], [1400, 2194]], '넘종앉어 손잡올래', 0.4405890817765012), ([[366.2023354468641, 148.1354139493028], [516.2842296207677, 133.39716629480438], [519.797664553136, 237.8645860506972], [370.71577037923225, 252.60283370519562]], '끓이', 0.011940136428851963), ([[105.71081591088655, 582.2408347811668], [292.10880012240136, 555.8331725879394], [299.28918408911346, 650.7591652188332], [112.89119987759865, 677.1668274120606]], '장어', 0.0054724963771810575)]
[]
[([[71, 160], [382, 160], [382, 436], [71, 436]], '평', 0.9772959324823525), ([[1546, 132], [1888, 132], [1888, 388], [1546, 388]], '평!', 0.10665298585329708), ([[1291, 957], [1631, 957], [1631, 1023], [1291, 1023]], '너무이쁘다얼마장', 0.6914541479673789), ([[1261, 1023], [1655, 1023], [1655, 1089], [1261, 1089]], '그치? 아름다운밤이야 .', 0.5958982009683532), ([[265, 1821], [673, 1821], [673, 1887], [265, 1887]], '저거 스핏따이어애들이', 0.26399304048191036), ([[204, 1884], [739, 1884], [739, 1956], [204, 1956]], '무단으로 작열탕 터트리는거야', 0.23801919365355745), ([[283, 2021], [421, 2021], [421, 2083], [283, 2083]], '저러다', 0.999749135212444), ([[425, 2013], [626, 2013], [626, 2109], [425, 2109]], '벌금월?', 0.6520397663116455), ([[458, 2110], [644, 2110], [644, 2190], [458, 2190]], '5만 골드', 0.8702230186633518)]
[([[684, 2204], [1730, 2204], [1730, 2321], [684, 2321]], '(한여름의아라드 얼마외의주억 끝0)', 0.4339915341337812), ([[542.2686610972654, 468.2507699252331], [768.7190790383047, 425.63713791119574], [782.7313389027346, 551.749230074767], [556.2809209616953, 595.3628620888043]], '피식이', 0.3857076911323622)]
[([[29, 24], [262, 24], [262, 81], [29, 81]], '젠@라.유하7', 0.00027094235339157965), ([[54, 80], [170, 80], [170, 106], [54, 106]], '름*;0 꼴나가`라*', 0.00031771759884140574), ([[179, 83], [255, 83], [255, 103], [179, 103]], '7857643', 0.9995112294915375), ([[10, 102], [256, 102], [256, 128], [10, 128]], '감감 명치+*라어7 <아물러어|서-^치7', 1.0099680444847994e-07), ([[277, 99], [341, 99], [341, 117], [277, 117]], '@시프째아<', 0.0001269938821574984), ([[1026, 2206], [1834, 2206], [1834, 2294], [1026, 2294]], '저기요 달해야하눈데왜잠수틀타요?', 0.2349960818667013)]
[([[1210, 249], [1616, 249], [1616, 339], [1210, 339]], '깜밖 출앞는데양?', 0.12348552628160273), ([[1225, 331], [1615, 331], [1615, 423], [1225, 423]], '그래두껏장야양', 0.19802964090667002), ([[788, 2132], [1160, 2132], [1160, 2424], [788, 2424]], '사7', 0.01617911249997301)]
[([[209, 49], [545, 49], [545, 181], [209, 181]], '한여름의', 0.9945215582847595), ([[576, 48], [836, 48], [836, 172], [576, 172]], '아라드', 0.9986391683733782), ([[1330, 146], [1826, 146], [1826, 242], [1330, 242]], '와아~진짜 바다네', 0.9534903475728863), ([[437, 799], [687, 799], [687, 883], [437, 883]], '야모험가!', 0.6408043774276516), ([[669, 1335], [764, 1335], [764, 1411], [669, 1411]], '오?', 0.9996046011666708), ([[696, 1514], [726, 1514], [726, 1544], [696, 1544]], '0', 0.6779123096466186), ([[1266, 1739], [1854, 1739], [1854, 1816], [1266, 1816]], '나랑 바다에 온결영광으로여겨', 0.794865683473009), ([[1205, 1810], [1922, 1810], [1922, 1890], [1205, 1890]], '내나이스바디름 불수있어서행복하지? ', 0.4351040161962774), ([[1476, 2088], [1797, 2088], [1797, 2157], [1476, 2157]], '나 이스 바다?', 0.5269094594577565)]
[([[949, 2210], [1879, 2210], [1879, 2300], [949, 2300]], '아니님이잘못햇으면서 왜이렇계 큰소리야?', 0.3516344423859077)]
[([[1170, 282], [1666, 282], [1666, 384], [1170, 384]], '깨면돼제깨면되지', 0.10210296658656515), ([[699.1296224854922, 2028.0108239167848], [1211.7278073457064, 2224.6434650283163], [1095.870377514508, 2499.989176083215], [584.2721926542936, 2303.3565349716837]], '9-', 0.08129656761424645)]
[([[1357, 287], [1449, 287], [1449, 377], [1357, 377]], '?', 0.9985795300608515), ([[642, 2064], [1172, 2064], [1172, 2430], [642, 2430]], '뚜', 0.026932631706103827)]
[([[1064, 284], [1324, 284], [1324, 382], [1064, 382]], '어어어', 0.9999002724944203), ([[1376, 272], [1759, 272], [1759, 393], [1376, 393]], '왜다가와양', 0.9621622315625407), ([[686.9029487639544, 2043.0167194577052], [1168.9245824852937, 2143.9533115256304], [1093.0970512360457, 2442.983280542295], [611.0754175147064, 2342.0466884743696]], '낚시', 0.14013848053954775)]
[([[1042, 282], [1114, 282], [1114, 376], [1042, 376]], '흥', 0.674005440474307), ([[1193, 277], [1755, 277], [1755, 385], [1193, 385]], '사람들한테물어보양', 0.41039428088387586), ([[997, 2202], [1831, 2202], [1831, 2293], [997, 2293]], '진짜 베메넘이잘못-안있다고생각해요?', 0.5066257551772473)]
[([[47, 83], [127, 83], [127, 147], [47, 147]], '(^', 0.027715775302083134), ([[173, 95], [209, 95], [209, 145], [173, 145]], '6', 0.9999737741282502), ([[402, 62], [1116, 62], [1116, 184], [402, 184]], '동대#수-뵈출수왜요8', 0.0075067132248840115), ([[708.1548358890727, 2009.010205807613], [1186.8839615537913, 2226.1523296690784], [1056.8451641109273, 2492.989794192387], [578.1160384462087, 2275.8476703309216]], '나', 0.0682712721061316)]
[([[47, 83], [127, 83], [127, 147], [47, 147]], '(^', 0.027715775302083134), ([[173, 95], [209, 95], [209, 145], [173, 145]], '6', 0.9999737741282502), ([[402, 62], [1116, 62], [1116, 184], [402, 184]], '동대#수-뵈출수왜요8', 0.006729993913951444), ([[475, 237], [675, 237], [675, 329], [475, 329]], '아내요', 0.5367809257801526), ([[766, 2120], [1134, 2120], [1134, 2441], [766, 2441]], '개', 0.021793501179875108)]
[([[47, 83], [127, 83], [127, 147], [47, 147]], '(^', 0.03789194873883411), ([[173, 95], [209, 95], [209, 145], [173, 145]], '6', 0.9999663832628727), ([[402, 62], [1116, 62], [1116, 184], [402, 184]], '동대#수-뵈출수왜요8', 0.005233893636621276), ([[369, 223], [675, 223], [675, 333], [369, 333]], '[ @내요', 0.4420631005592924), ([[371, 331], [669, 331], [669, 441], [371, 441]], '나 @내요', 0.20889782340492008), ([[364, 426], [1026, 426], [1026, 551], [364, 551]], '( 왜그결바주야하나요?', 0.030810580689998063), ([[697.0959090132548, 2025.011678812957], [1176.6295219999297, 2209.9210034400103], [1061.9040909867454, 2481.988321187043], [582.3704780000703, 2297.0789965599897]], '나', 0.19951176888732025)]
[([[1164, 2196], [1639, 2196], [1639, 2299], [1164, 2299]], '복조? 더이상못참음', 0.38028649458911645), ([[769.8992927800863, 2111.0233096100364], [1062.2321214600736, 2185.576397209971], [1000.1007072199137, 2398.9766903899636], [707.7678785399263, 2323.423602790029]], '5', 0.8337975529968986)]
[([[166, 1848], [532, 1848], [532, 2068], [166, 2068]], '한구적', 0.0036542458965667635), ([[766, 2068], [1128, 2068], [1128, 2432], [766, 2432]], '고', 0.13216293055178596), ([[1239, 2285], [1578, 2285], [1578, 2483], [1239, 2483]], '널기', 0.008940391434827449)]
[([[259, 233], [479, 233], [479, 299], [259, 299]], '아 저기요~', 0.9893005105953774), ([[921, 281], [1037, 281], [1037, 429], [921, 429]], '9', 0.25332038101013055), ([[1081, 947], [1649, 947], [1649, 1013], [1081, 1013]], '후후 거화 벌써내인기가 느껴지니?', 0.5766019368279887), ([[1263, 1205], [1325, 1205], [1325, 1295], [1263, 1295]], '#', 0.9965184288781792), ([[1093, 1589], [1205, 1589], [1205, 1763], [1093, 1763]], '>', 0.15145870989967136), ([[336, 2266], [752, 2266], [752, 2344], [336, 2344]], '편의점혹시어디에요?', 0.6960641390324087)]
[([[1355, 285], [1609, 285], [1609, 573], [1355, 573]], '2', 0.660190344297007), ([[664, 2060], [1124, 2060], [1124, 2405], [664, 2405]], '뉴', 0.020735307283464843)]
[([[903, 271], [1779, 271], [1779, 381], [903, 381]], '잠시만양기다려화양 . 잠시만양 ', 0.27442589836666464), ([[791, 2065], [1121, 2065], [1121, 2423], [791, 2423]], "':", 0.0420634872804637)]
[([[1270, 382], [1673, 382], [1673, 579], [1270, 579]], '히8악', 0.005603843619012033), ([[181, 1745], [369, 1745], [369, 1905], [181, 1905]], '류군', 0.39734643731317293), ([[1666, 1750], [1844, 1750], [1844, 1920], [1666, 1920]], '류근', 0.06275363640554397)]
[([[1215, 2177], [1637, 2177], [1637, 2293], [1215, 2293]], '(차단박월게.', 0.267196955211986)]
[]
[([[1284, 762], [1534, 762], [1534, 1006], [1284, 1006]], '@협', 0.17722197971570516), ([[123, 1109], [335, 1109], [335, 1247], [123, 1247]], '그', 0.9919956807070776), ([[323, 1183], [379, 1183], [379, 1219], [323, 1219]], '0', 0.991594884544611), ([[567, 1893], [837, 1893], [837, 2127], [567, 2127]], '꾸육', 0.09186349981522689), ([[1102, 2194], [1250, 2194], [1250, 2370], [1102, 2370]], '푹', 0.057721082261476875), ([[1510.6750472251235, 920.745066115173], [1570.8284271247462, 905.1715728752538], [1579.3249527748765, 941.254933884827], [1519.1715728752538, 956.8284271247462]], '00', 0.99526514117828)]
[([[786, 843], [1072, 843], [1072, 1050], [786, 1050]], '스', 0.1641421727271144), ([[182, 1710], [460, 1710], [460, 1956], [182, 1956]], '퍽', 0.9247074703984168)]
[([[0, 929], [152, 929], [152, 1211], [0, 1211]], '5', 0.9487566534723477), ([[116, 1722], [470, 1722], [470, 1994], [116, 1994]], '떡0', 0.024615201692538363), ([[1460, 1766], [1586, 1766], [1586, 1918], [1460, 1918]], '0', 0.9151301070071192), ([[0, 1862], [66, 1862], [66, 2044], [0, 2044]], '{', 0.3064357550421768), ([[1571.535046132448, 1617.0511596940082], [1695.6705843617228, 1532.010709478074], [1854.464953867552, 1801.9488403059918], [1730.3294156382772, 1886.989290521926]], '헬', 0.08077210347610109), ([[1273.1147117578769, 1712.0186686616803], [1420.9944664484444, 1670.3833989757707], [1498.8852882421231, 1990.9813313383197], [1351.0055335515556, 2031.6166010242293]], '춤', 0.483212084499943)]
[([[1136, 2186], [1681, 2186], [1681, 2307], [1136, 2307]], '베메님잘하시네요', 0.34703786838198386)]
[([[191, 1667], [495, 1667], [495, 1993], [191, 1993]], '땅', 0.4956305973975219), ([[1274, 1866], [1568, 1866], [1568, 2174], [1274, 2174]], '땅', 0.4089428968086537), ([[1733, 2155], [1859, 2155], [1859, 2263], [1733, 2263]], '@', 0.9842465629708528), ([[1554.4272251347998, 2081.6854450269598], [1844.1725183642159, 1931.674340484642], [1927.5727748652002, 2092.3145549730402], [1637.8274816357841, 2242.325659515358]], '(', 0.007988761054221138)]
[([[509, 275], [865, 275], [865, 339], [509, 339]], '무하하하하하하하', 0.7599032795812586), ([[468, 338], [914, 338], [914, 410], [468, 410]], '나이스바디에이끌려워네', 0.3932073435995626), ([[621, 967], [665, 967], [665, 1041], [621, 1041]], '0', 0.8493832255519465), ([[648, 1060], [678, 1060], [678, 1098], [648, 1098]], '0', 0.847692685845093), ([[489, 1123], [671, 1123], [671, 1207], [489, 1207]], '화낮어?', 0.6923760175704956), ([[1327, 1135], [1435, 1135], [1435, 1177], [1327, 1177]], '~우', 0.03338506943885567), ([[1445, 1125], [1579, 1125], [1579, 1281], [1445, 1281]], '봄', 0.0069779469674993155), ([[1653, 1395], [1689, 1395], [1689, 1447], [1653, 1447]], '2', 0.9999729396743398), ([[774, 1376], [924, 1376], [924, 1520], [774, 1520]], '부', 0.5420808894807614), ([[1463, 1633], [1728, 1633], [1728, 1725], [1463, 1725]], '너따라와!', 0.7204672858266405)]
[([[1540, 1412], [1618, 1412], [1618, 1494], [1540, 1494]], '@', 0.30944493728406997), ([[166, 1449], [438, 1449], [438, 1691], [166, 1691]], '올', 0.2941272884711452), ([[1511, 1407], [1779, 1407], [1779, 1639], [1511, 1639]], '울', 0.49404720020726245)]
[]
[([[1368, 1384], [1558, 1384], [1558, 1558], [1368, 1558]], '활륙', 0.06152580555505309), ([[379, 1547], [587, 1547], [587, 1753], [379, 1753]], '온', 0.09223437790360922), ([[730.8578710236028, 2116.0203886608783], [1178.9099628733725, 2191.6248463345114], [1120.1421289763973, 2459.9796113391217], [672.0900371266274, 2384.3751536654886]], '{제세', 0.29711811131278837)]
[([[959, 2211], [1881, 2211], [1881, 2303], [959, 2303]], '제가 작해서이정도로 바드리는거에요', 0.5209276805602754)]
[([[1083, 2159], [1728, 2159], [1728, 2259], [1083, 2259]], '안그랫으면사람들모아서', 0.6587457906678191), ([[1214, 2254], [1708, 2254], [1708, 2352], [1214, 2352]], '햇어요아시계어요?', 0.506298490509021)]
[([[301, 1535], [589, 1535], [589, 1767], [301, 1767]], '출;"', 0.033708399707517454), ([[788, 2152], [1171, 2152], [1171, 2440], [788, 2440]], '[내', 0.006736233469241524)]
[([[1133, 273], [1669, 273], [1669, 373], [1133, 373]], '훌쩍 .. 다시 다시는  ', 0.12615733290005815), ([[1290, 2148], [1621, 2148], [1621, 2233], [1290, 2233]], '따라해보세요', 0.8751660055690452), ([[1074, 2231], [1848, 2231], [1848, 2323], [1074, 2323]], '다시는 비매너짓올하지않켓습니다', 0.3898192487826357)]
[([[1165, 235], [1563, 235], [1563, 324], [1165, 324]], '다 다시는 비매너.', 0.3852416759544302), ([[899, 317], [1013, 317], [1013, 403], [899, 403]], '훌쩍.', 0.09712711659318468), ([[1098, 315], [1831, 315], [1831, 404], [1098, 404]], '짓율   하지않계습니다아야 . 효쩍 .', 0.08117063804564774), ([[262, 2408], [802, 2408], [802, 2500], [262, 2500]], '이엉드 인이 되시다', 0.05274085393161293), ([[24.913571047489775, 2381.0492815223874], [270.69106378595745, 2417.2946298677125], [251.08642895251023, 2514.9507184776126], [5.308936214042548, 2478.7053701322875]], '매너양', 0.03860293456826199)]
[([[1628, 161], [1820, 161], [1820, 353], [1628, 353]], '운%', 0.07898423906113086), ([[1797, 276], [1863, 276], [1863, 320], [1797, 320]], '(', 0.5006641847614901), ([[236, 256], [434, 256], [434, 497], [236, 497]], '4', 0.8698944485900597), ([[9, 608], [278, 608], [278, 958], [9, 958]], '<', 0.7837429693148046), ([[2407, 670], [2746, 670], [2746, 840], [2407, 840]], '@유% ', 0.03992665559053421), ([[503.9304644802841, 979.0318032687733], [817.3986702691828, 1034.3862951043382], [783.0695355197158, 1182.9681967312267], [469.6013297308172, 1126.6137048956618]], '7 :', 0.46431227953590265), ([[11.917895101200575, 1330.548423056603], [381.5370790622306, 1083.264461411284], [512.0821048987995, 1342.451576943397], [142.4629209377694, 1588.735538588716]], '땅?', 0.2901011953309631), ([[959.3641905362368, 1727.0461724913914], [1347.9907512015232, 1401.0724011289103], [1469.6358094637633, 1607.9538275086086], [1081.0092487984768, 1933.9275988710897]], '뻔따', 0.007145667335424043)]
[([[915, 985], [2017, 985], [2017, 1100], [915, 1100]], '(늦은업데이트로잔뜩화가난 유저들은', 0.631876355174786), ([[1035, 1088], [1910, 1088], [1910, 1205], [1035, 1205]], '염제어제화풀이틀하고있없다)', 0.20183928470388196), ([[501.84851722201984, 983.0368686635093], [803.0878100532865, 1024.3425493742498], [774.1514827779802, 1174.9631313364907], [472.9121899467135, 1133.6574506257502]], '7 1', 0.6841095685958862)]
[]
[([[1291, 295], [1790, 295], [1790, 367], [1291, 367]], '저한테왜이러느거에요 도대체 ', 0.42199632877972165), ([[1375, 351], [1751, 351], [1751, 427], [1375, 427]], '다른애들도많잖아요', 0.2755497920486009), ([[1232, 1016], [1278, 1016], [1278, 1058], [1232, 1058]], '0', 0.9664222029201142), ([[1119.8221439016677, 813.0223846138599], [1453.5783748707631, 874.8425553334065], [1395.1778560983323, 1137.97761538614], [1061.4216251292369, 1076.1574446665936]], '품플', 0.02471380791254798), ([[504.9304644802841, 979.0318032687733], [818.429424976926, 1036.5038744486274], [784.0695355197158, 1182.9681967312267], [469.57057502307396, 1126.4961255513726]], '7 -', 0.4792501926422119)]
[([[315, 158], [910, 158], [910, 237], [315, 237]], '나가 투표에서걸런걸어넣계해?', 0.17925204504048883), ([[2091, 1747], [2660, 1747], [2660, 1843], [2091, 1843]], '말하지말고이거나 빨아주 ', 0.38565302908239524), ([[504.9304644802841, 979.0318032687733], [817.4087863323418, 1035.4246138485512], [783.0695355197158, 1182.9681967312267], [470.5912136676582, 1126.5753861514488]], '7 :', 0.2861846206161732)]
[([[1839, 239], [1947, 239], [1947, 318], [1839, 318]], '07', 0.5685532406481681), ([[1812, 310], [1916, 310], [1916, 365], [1812, 365]], '@0 @', 0.2425849735736847), ([[1929, 309], [1974, 309], [1974, 349], [1929, 349]], '00', 0.9613366996350471), ([[2462, 532], [2644, 532], [2644, 653], [2462, 653]], '하양', 0.765799087442793), ([[1582, 668], [1630, 668], [1630, 726], [1582, 726]], '0', 0.2941914907887089), ([[1718.3273709732066, 283.12791132584323], [1828.607286490386, 272.0546118878189], [1834.6726290267934, 369.87208867415677], [1723.392713509614, 381.9453881121811]], '@', 0.9332711993425882), ([[2620.211145618, 593.4222912360003], [2679.2235272515636, 586.6316942641572], [2682.788854382, 620.5777087639997], [2623.7764727484364, 627.3683057358428]], '000', 0.9066993594169617), ([[502.9304644802841, 979.0318032687733], [816.412375341972, 1035.4382914439561], [782.0695355197158, 1182.9681967312267], [468.58762465802795, 1126.5617085560439]], '7 :', 0.22074118807742152)]
[([[232, 158], [763, 158], [763, 251], [232, 251]], '벤가드라도켜보지그래?', 0.7462053484356679), ([[503.9240828899774, 979.0321842626222], [816.3670326873871, 1033.268596864013], [783.0759171100226, 1181.9678157373778], [469.63296731261283, 1127.731403135987]], '7 :', 0.549921137567118)]
[([[908, 48], [1062, 48], [1062, 196], [908, 196]], '그', 0.16027077200109208), ([[2516, 360], [2663, 360], [2663, 440], [2516, 440]], '아안:', 0.7525719835243208), ([[503.9430036048735, 978.03106128285], [819.4328727867432, 1035.517261283409], [784.0569963951265, 1183.96893871715], [469.5671272132567, 1125.482738716591]], '7 -', 0.2854096591472626)]
[([[906, 48], [1062, 48], [1062, 198], [906, 198]], '그', 0.23934401678208506), ([[2215, 216], [2689, 216], [2689, 326], [2215, 326]], '아안배워써 여 !', 0.6951147140147556), ([[504.9367709464202, 978.031428994502], [817.3986702691828, 1034.3862951043382], [782.0632290535798, 1182.968571005498], [469.6013297308172, 1126.6137048956618]], '7 :', 0.393105374135176)]
[([[908, 48], [1062, 48], [1062, 198], [908, 198]], '그', 0.07806555404989979), ([[504.9304644802841, 979.0318032687733], [817.4087863323418, 1035.4246138485512], [782.0695355197158, 1182.9681967312267], [470.5912136676582, 1126.5753861514488]], '7 :', 0.2626492399969453)]
[([[221, 97], [1045, 97], [1045, 177], [221, 177]], "'아니이거염제맞아? 혼나야켓네국크크크크크", 0.17361324594732552), ([[495, 171], [777, 171], [777, 246], [495, 246]], '으탓! ! 으탓! !', 0.31277660420317444), ([[779, 684], [935, 684], [935, 854], [779, 854]], ')', 0.1881107053654354), ([[503.9304644802841, 979.0318032687733], [817.412375341972, 1035.4382914439561], [782.0695355197158, 1182.9681967312267], [469.58762465802795, 1126.5617085560439]], '7 :', 0.29175513230558814)]
[([[2557, 413], [2701, 413], [2701, 538], [2557, 538]], '올려', 0.07133544917413509), ([[1893, 509], [1990, 509], [1990, 656], [1893, 656]], '욕', 0.6740730691279992), ([[1977, 588], [2021, 588], [2021, 630], [1977, 630]], '00', 0.9910127638045146), ([[222, 704], [450, 704], [450, 927], [222, 927]], '부', 0.03418571794714809), ([[188, 1221], [281, 1221], [281, 1357], [188, 1357]], '/', 0.9759524530507555), ([[839, 1183], [1021, 1183], [1021, 1318], [839, 1318]], '찌객', 0.6402658227146595), ([[1892.3373897182307, 220.70121691546925], [1995.0186733534213, 165.0826114408324], [2028.6626102817693, 228.29878308453075], [1925.9813266465787, 283.9173885591676]], '@@', 0.1375761436739146), ([[503.9176248275737, 979.0325721377234], [818.3708615119426, 1032.2826733913255], [785.0823751724263, 1180.9674278622767], [470.6291384880573, 1126.7173266086745]], '7 :', 0.34213221073150635)]
[([[503.9240828899774, 979.0321842626222], [817.3986702691828, 1034.3862951043382], [783.0759171100226, 1181.9678157373778], [469.6013297308172, 1126.6137048956618]], '7 :', 0.3079375465728295)]
[([[1166, 873], [1674, 873], [1674, 952], [1166, 952]], '"여기에왜데리고온결까?', 0.6595537046439952), ([[204, 1472], [384, 1472], [384, 1556], [204, 1556]], '으으음', 0.9423801046005905), ([[321, 1827], [665, 1827], [665, 1915], [321, 1915]], '자꾸건방질래?', 0.9814773679386574), ([[1419, 1951], [1750, 1951], [1750, 2074], [1419, 2074]], '힘줄-야', 0.056526511907577515), ([[606, 2294], [804, 2294], [804, 2434], [606, 2434]], '뒤', 0.023266350853251794), ([[1406.9294245448557, 509.14592836148023], [1457.7238927939482, 519.5396498847261], [1449.0705754551443, 552.8540716385197], [1399.2761072060518, 542.4603501152739]], '4', 0.1352138617710077), ([[1344.2111456180003, 1856.161300899001], [1497.4057103509363, 1844.58298666273], [1498.7888543819997, 1930.838699100999], [1345.5942896490637, 1942.41701333727]], '때가', 0.6331275727299572)]
[([[1048, 819], [1073, 819], [1073, 872], [1048, 872]], '>', 0.13007807670197824), ([[895.2968079947509, 42.072653538585335], [1034.2442159274713, -5.000257036448559], [1090.703192005249, 198.92734646141466], [951.7557840725286, 246.00025703644855]], "'", 0.048360484896222466), ([[503.911088912766, 979.0329670606386], [814.3263461451731, 1031.121708366893], [781.088911087234, 1179.9670329393614], [470.6736538548268, 1127.878291633107]], '7 :', 0.6651061416338335)]
[([[488, 997], [659, 997], [659, 1136], [488, 1136]], '7', 0.9940038475494397), ([[1140, 984], [2095, 984], [2095, 1076], [1140, 1076]], '(원피스로꽉 조여적던가슴이자유로위지면서', 0.4948546111613446), ([[664, 1028], [800, 1028], [800, 1165], [664, 1165]], '또', 0.025845976837501894), ([[1417, 1068], [1831, 1068], [1831, 1156], [1417, 1156]], '미친듯이 흔들렇다)', 0.152651878879719), ([[227.59664329160998, 701.0379008947848], [422.6884038930359, 677.895077497057], [443.40335670839, 937.9620991052152], [247.31159610696412, 961.104922502943]], '늘', 0.00876295831347651)]
[([[906, 24], [1082, 24], [1082, 223], [906, 223]], '스', 0.35868873055875383), ([[1910, 1825], [2774, 1825], [2774, 1911], [1910, 1911]], '내가 작의렉스틀 종아하긴한데 . 알몸 미처네?', 0.24288926623603008), ([[501.9176248275737, 979.0325721377234], [818.4229515835874, 1034.4788543359045], [785.0823751724263, 1180.9674278622767], [467.5770484164126, 1125.5211456640955]], '7 표', 0.22513227769781072)]
[([[383, 90], [489, 90], [489, 168], [383, 168]], '갖객', 0.4304031820537157), ([[501.9367709464202, 978.031428994502], [819.452805962546, 1036.5955063816918], [785.0632290535798, 1182.968571005498], [467.54719403745395, 1125.4044936183082]], '7 -', 0.3924405872821808)]
[([[2456, 593], [2542, 593], [2542, 688], [2456, 688]], '간', 0.04074162266234915), ([[2537, 633], [2581, 633], [2581, 673], [2537, 673]], '00', 0.9943714715830583), ([[2571, 576], [2756, 576], [2756, 686], [2571, 686]], '그^', 0.08150183986907118), ([[1048, 819], [1073, 819], [1073, 872], [1048, 872]], '>', 0.045086616470059404), ([[81, 983], [299, 983], [299, 1201], [81, 1201]], '땅', 0.08984461344540762), ([[286, 1125], [386, 1125], [386, 1205], [286, 1205]], '_8', 0.17461789284083684), ([[987, 963], [1381, 963], [1381, 1181], [987, 1181]], '광', 0.9839127247167347), ([[1008, 1190], [1116, 1190], [1116, 1307], [1008, 1307]], '4', 0.8079299722231212), ([[732, 1391], [968, 1391], [968, 1596], [732, 1596]], '광', 0.4045735361096945), ([[906.4406669054329, 58.067669412477706], [1041.7284582032275, 25.743587917348904], [1075.5593330945671, 208.9323305875223], [939.2715417967725, 241.25641208265108]], '그', 0.20663959769642393), ([[312.04021598262705, 925.0209460021593], [821.7544090226925, 1019.7219383664436], [776.959784017373, 1197.9790539978408], [267.2455909773075, 1103.2780616335565]], '@목:', 0.01700370169007062)]
[([[244, 107], [1105, 107], [1105, 228], [244, 228]], '알앉어 그만 할게 흐웃산다4', 0.07796942183453154), ([[1048, 819], [1073, 819], [1073, 872], [1048, 872]], '>', 0.07803782815971605), ([[502.9367709464202, 978.031428994502], [819.4494947415945, 1036.582406394533], [784.0632290535798, 1182.968571005498], [468.5505052584054, 1125.417593605467]], '7 -', 0.3582476079463959)]
[([[2326, 346], [2443, 346], [2443, 519], [2326, 519]], '빚', 0.24202967444617585), ([[1048, 819], [1073, 819], [1073, 872], [1048, 872]], '>', 0.04268948153116825), ([[262, 1155], [536, 1155], [536, 1407], [262, 1407]], '불<', 0.0016792335927945656), ([[989, 1338], [1206, 1338], [1206, 1512], [989, 1512]], '부적', 0.06633872060520134), ([[893.9309089547301, 46.10218044277384], [1044.0805371956744, -9.770331130779514], [1103.06909104527, 188.89781955722614], [952.9194628043255, 244.7703311307795]], '9', 0.11921028759846664), ([[503.97158397316787, 981.0311355572697], [819.4517099520676, 1034.7173326473983], [787.0284160268321, 1179.9688644427301], [471.5482900479324, 1125.2826673526017]], '7 표', 0.5608751773834229)]
[([[2261, 799], [2493, 799], [2493, 938], [2261, 938]], '해아마한해', 0.00045461712868340897), ([[161, 971], [342, 971], [342, 1119], [161, 1119]], '교물', 0.0027343576295786333), ([[1007, 1808], [1222, 1808], [1222, 1933], [1007, 1933]], '교문', 0.0353270521603643), ([[1055.592091491776, 820.0420391605248], [1073.9747323185284, 822.2536045959702], [1066.407908508224, 871.9579608394752], [1048.0252676814716, 868.7463954040298]], '{', 0.058885206711165816), ([[500.90447373188994, 980.0333692029952], [817.3322053229792, 1031.142566661076], [785.09552626811, 1179.9666307970049], [468.6677946770208, 1128.857433338924]], '7 :', 0.33244991302490234)]
[([[86, 119], [935, 119], [935, 198], [86, 198]], '학 학 .이제몇번째지? 허녁지에한줄더 그어야지 ', 0.19686911423052547), ([[1048, 819], [1073, 819], [1073, 872], [1048, 872]], '>', 0.06990627542500594), ([[2087, 1878], [2601, 1878], [2601, 1946], [2087, 1946]], '다음주는 나오켓지? 기대해본다', 0.1228128990376355), ([[502.911088912766, 980.0329670606386], [818.356759943622, 1032.2310499835417], [785.088911087234, 1180.9670329393614], [470.643240056378, 1127.7689500164583]], '7 :', 0.2763720750808716)]
[([[1088, 442], [1108, 442], [1108, 509], [1088, 509]], '5', 0.7909979118336743), ([[890.8153489626229, 52.11967555986857], [1029.638402683716, -7.188757520388439], [1095.184651037377, 182.88032444013143], [956.361597316284, 242.18875752038844]], "'", 0.08738208923910751), ([[1054.592091491776, 820.0420391605248], [1073.9433045006742, 822.2364307161306], [1067.407908508224, 871.9579608394752], [1049.0566954993258, 868.7635692838694]], '5', 0.08328122037024688), ([[501.911088912766, 979.0329670606386], [817.4159323053073, 1034.4518902896968], [783.088911087234, 1179.9670329393614], [468.5840676946927, 1125.5481097103032]], '7 :', 0.17271882561525087)]
[([[363, 115], [716, 115], [716, 190], [363, 190]], '으응  흐으응 흐웃', 0.3248218610561893), ([[1092, 988], [1727, 988], [1727, 1080], [1092, 1080]], '큰소리내면 주변에서들관는다?', 0.10396680035667889), ([[1307, 1073], [1513, 1073], [1513, 1157], [1307, 1157]], '조용히해', 0.9950658679008484), ([[1010, 1449], [1894, 1449], [1894, 1545], [1010, 1545]], '그치만 뱃살올 그렇게꽉 잡고있으면 .', 0.15271705420494142), ([[467.9099080900553, 1787.9008988990608], [816.1040043132521, 1678.140367976898], [849.0900919099447, 1799.0991011009392], [500.89599568674794, 1908.859632023102]], '과- 약', 0.24041181381225907)]
[([[1575, 30], [1853, 30], [1853, 98], [1575, 98]], '[@서~}치7', 0.00013513795893478904), ([[1602, 102], [1850, 102], [1850, 132], [1602, 132]], '쫓근 꼴나악`형5 7857643', 0.00029495025150504795), ([[1552, 128], [1852, 128], [1852, 158], [1552, 158]], '주감감 명치+웬.어탁<아값/러어~-}치7', 5.2649604651725944e-09), ([[1872, 116], [1954, 116], [1954, 146], [1872, 146]], '@아갚아7', 4.21988917804936e-05), ([[200, 258], [274, 258], [274, 352], [200, 352]], '(', 0.5764381843864754), ([[1189, 365], [1829, 365], [1829, 476], [1189, 476]], '"응? 원? 나왜이자세야?', 0.7183572905461489)]
[([[1575, 30], [1853, 30], [1853, 98], [1575, 98]], '[@서~}치7', 0.00020122588316622174), ([[1602, 102], [1850, 102], [1850, 132], [1602, 132]], '근 꼴나악6~대 :7857643', 0.0008641907127237554), ([[1552, 128], [1852, 128], [1852, 158], [1552, 158]], '이감감 명치+웬.어탁<어값|러어~-}치7', 6.385835685669859e-09), ([[1873, 117], [1954, 117], [1954, 146], [1873, 146]], '~3]아<', 0.00018731420906874512)]
[([[1575, 30], [1853, 30], [1853, 98], [1575, 98]], '[@서~}치7', 0.00012768029321258903), ([[1602, 102], [1850, 102], [1850, 132], [1602, 132]], '쫓근 음나악`형5 7857643', 0.00034295421698533267), ([[1552, 128], [1852, 128], [1852, 158], [1552, 158]], '>감감 명치+웬.어탁<아값/어어서-^치7', 6.628525044341799e-09), ([[1872, 116], [1954, 116], [1954, 146], [1872, 146]], '@아갚아7', 5.378372878614297e-05), ([[1355, 375], [1613, 375], [1613, 467], [1355, 467]], '이제뛰야?', 0.5122431836339645)]
[([[1575, 30], [1853, 30], [1853, 98], [1575, 98]], '[@서~}치7', 0.00018007761174300784), ([[1602, 102], [1850, 102], [1850, 132], [1602, 132]], '근 꼴나악6~대 :7857643', 0.0008641907127237554), ([[1552, 128], [1852, 128], [1852, 160], [1552, 160]], '>감> [치+웬@|탁<어값어어어~-^히7', 2.3691125379479264e-08), ([[1873, 117], [1954, 117], [1954, 146], [1873, 146]], '~3]아<', 0.00018731420906874512)]
[([[1575, 30], [1853, 30], [1853, 98], [1575, 98]], '[@서~}치7', 0.00015594554425164877), ([[1602, 102], [1850, 102], [1850, 132], [1602, 132]], '쓰근꼴 악6갚5 37857643', 0.00016147995116702835), ([[1552, 128], [1852, 128], [1852, 160], [1552, 160]], '>주> [치+5@먼탁<어값|어어|~-실히7', 4.04562031117619e-09), ([[1873, 117], [1954, 117], [1954, 146], [1873, 146]], '~기터]아<', 0.0002901776255736474), ([[384, 1104], [948, 1104], [948, 1469], [384, 1469]], '최면', 0.9971237633769847), ([[1071, 1163], [1267, 1163], [1267, 1323], [1071, 1323]], ')0', 0.45636317889142575)]
[([[990, 146], [1140, 146], [1140, 292], [990, 292]], '0', 0.9948785481540803), ([[1161, 415], [1375, 415], [1375, 571], [1161, 571]], '제용', 0.034848821143794895), ([[231, 905], [455, 905], [455, 1063], [231, 1063]], '틈령', 0.013380710439243696)]
[([[1370, 942], [1670, 942], [1670, 1018], [1370, 1018]], '아 아~?아:', 0.7713932480902195), ([[1653, 965], [1735, 965], [1735, 1001], [1653, 1001]], '~~', 0.2783395365750015), ([[1115, 1019], [1997, 1019], [1997, 1111], [1115, 1111]], '이렇게멋진각성올주다니감사합니다아~', 0.4495939842860518)]
[([[1295, 937], [1877, 937], [1877, 1027], [1295, 1027]], '꿈에그리터 보지각성이라니', 0.27763067996918617), ([[1267, 1009], [1913, 1009], [1913, 1110], [1267, 1110]], '너무너무마음에들어요오오~', 0.5030416365002369)]
[([[1386, 964], [1784, 964], [1784, 1040], [1386, 1040]], '네에에 조아요오~', 0.8392431081150667), ([[265, 2258], [1035, 2258], [1035, 2346], [265, 2346]], '좋아얼마나 잘 받앞논지한번 해불까?', 0.2133696366258544)]
[([[1349, 979], [1865, 979], [1865, 1063], [1349, 1063]], '네에에에에에기대되에', 0.931410490916856), ([[377, 2265], [805, 2265], [805, 2351], [377, 2351]], '그릇올깨고나온다 .', 0.18647784674743303)]
[([[1250, 1648], [1376, 1648], [1376, 1772], [1250, 1772]], '세', 0.6809874397097246), ([[1513.132107282267, 2134.0269272445], [1686.9491933453592, 2218.808360367482], [1633.867892717733, 2322.9730727555], [1460.0508066546408, 2238.191639632518]], '0쩌9', 0.05045294513301671)]
[([[273, 1711], [565, 1711], [565, 1811], [273, 1811]], '이룩바라 돕', 0.046350898360714016)]
[([[848, 2206], [1054, 2206], [1054, 2382], [848, 2382]], '꾸육', 0.835592423433694), ([[1355.1002839280848, 2155.033776243529], [1445.8762407650981, 2138.643294600502], [1471.8997160719152, 2311.966223756471], [1381.1237592349019, 2328.356705399498]], '꼭', 0.2531552902299019)]
[([[509, 1773], [643, 1773], [643, 1973], [509, 1973]], '(', 0.9838001572443353), ([[1654, 2004], [1868, 2004], [1868, 2202], [1654, 2202]], "')", 0.2903472671378133)]
[([[1083, 569], [1191, 569], [1191, 743], [1083, 743]], '%', 0.13038349469499977), ([[676, 2038], [973, 2038], [973, 2245], [676, 2245]], '자벌', 0.0212496693329328), ([[1434.6349170655553, 2212.525392185222], [1689.3656829138697, 2115.357956972808], [1734.3650829344447, 2252.474607814778], [1479.6343170861303, 2348.642043027192]], '찌때', 0.07096582229161863)]
[([[304, 376], [476, 376], [476, 552], [304, 552]], '@', 0.9999440916246591), ([[997, 637], [1247, 637], [1247, 841], [997, 841]], '회9', 0.02946202760515535), ([[695, 2223], [879, 2223], [879, 2417], [695, 2417]], '쌍', 0.6813222470493976), ([[1418, 2144], [1852, 2144], [1852, 2340], [1418, 2340]], '땅숙', 0.0017599169550024335), ([[1117.4772506752413, 161.32942857877904], [1409.2504281357817, 89.43316674945831], [1435.5227493247587, 251.67057142122096], [1143.7495718642183, 323.5668332505417]], '오금예', 0.01724482812553618), ([[161.98988312026833, 404.0300364205081], [284.7318634441175, 381.9954462274642], [319.01011687973164, 605.9699635794918], [196.26813655588253, 629.0045537725358]], '@', 0.04738370975213102), ([[153.22032424095747, 952.1490154409046], [388.6070613333307, 875.8449129572692], [441.7796757590425, 1096.8509845590954], [205.3929386666693, 1174.1550870427307]], '꼭0', 0.07041889978067255), ([[1386.0007388253687, 1832.019209459586], [1630.96, 1938.72], [1537.9992611746313, 2143.980790540414], [1293.04, 2037.28]], '오', 0.08931048524110086)]
[([[1143, 539], [1259, 539], [1259, 661], [1143, 661]], '0', 0.13451605690539736), ([[280, 1703], [550, 1703], [550, 1841], [280, 1841]], '5다!', 0.18190591910226708), ([[1425, 2129], [1667, 2129], [1667, 2365], [1425, 2365]], '떡', 0.48286543325957965), ([[1365.897207173127, 1841.0190080206853], [1930.8901314257919, 1933.6453737069032], [1873.102792826873, 2194.9809919793147], [1307.1098685742081, 2102.3546262930968]], ')썩', 0.20559358671221384)]
[([[1239, 751], [1289, 751], [1289, 789], [1239, 789]], '0', 0.9856680488491385), ([[624, 1990], [938, 1990], [938, 2208], [624, 2208]], '유"', 0.33854699594261445), ([[1432, 2166], [1730, 2166], [1730, 2382], [1432, 2382]], '#록', 0.023451554429012072), ([[153.09874933310712, 637.0862426641783], [445.91960995874695, 607.5610772635299], [451.9012506668929, 788.9137573358217], [159.08039004125308, 818.4389227364701]], '농안', 0.0016362573552832396), ([[979.009009054812, 688.094595075527], [1252.2531032832696, 653.7020064045975], [1261.9909909451878, 834.905404924473], [988.7468967167302, 869.2979935954025]], '히아', 0.07219886175661748), ([[1712.0938090314046, 2267.9313326439665], [1799.9671569565344, 2247.9567015127955], [1807.9061909685954, 2290.0686673560335], [1719.0328430434656, 2310.0432984872045]], '0어9', 0.10666003467375514)]
[([[1126, 622], [1348, 622], [1348, 820], [1126, 820]], '질', 0.12461938375741966), ([[224, 982], [344, 982], [344, 1140], [224, 1140]], '((', 0.35381843340060326), ([[915, 2103], [999, 2103], [999, 2167], [915, 2167]], '~', 0.41576981665594204), ([[36.04589856319632, 1212.0911146262006], [245.66661884257533, 1176.0556113503287], [264.9541014368037, 1360.9088853737994], [56.33338115742466, 1396.9443886496713]], '수', 0.05876955294193764), ([[666.0933824810626, 2122.070001742451], [927.6949757495239, 2084.9503849586467], [944.9066175189374, 2309.929998257549], [683.3050242504761, 2348.0496150413533]], '배22', 0.0032119480919321646), ([[1318.3253503320593, 2254.0668791507414], [1548.7442505417864, 2237.103289062607], [1551.6746496679407, 2420.9331208492586], [1321.2557494582136, 2437.896710937393]], '보물_', 0.0264908454319604)]
[([[149, 1703], [757, 1703], [757, 1815], [149, 1815]], '하  칼날은연단되없다', 0.41361582660112434)]
[([[1152, 576], [1861, 576], [1861, 661], [1152, 661]], '흐나아 . 나누아라드의영웅이야아', 0.34560150661280314), ([[1392, 654], [1636, 654], [1636, 728], [1392, 728]], '헤헤헤히.', 0.17448898030475224)]
[([[1029, 47], [1095, 47], [1095, 139], [1029, 139]], '(', 0.9365353574683155), ([[195, 105], [769, 105], [769, 191], [195, 191]], '그래 좋아 그럼대서비스&', 0.14867317426097157), ([[1770, 328], [1898, 328], [1898, 424], [1770, 424]], '주록', 0.21630342781919273), ([[916, 540], [980, 540], [980, 590], [916, 590]], '78', 0.06121110822286428), ([[1213, 1325], [1900, 1325], [1900, 1404], [1213, 1404]], '먼저전연제로 자지마사지해줄게>', 0.16835958454269503), ([[313, 1837], [764, 1837], [764, 1937], [313, 1937]], '다음은뒷줄앞지?', 0.25540412781049504), ([[499, 2309], [671, 2309], [671, 2423], [499, 2423]], '벌렁0', 0.31783804279866146), ([[219.60450124949134, 2226.4180049979655], [371.2484102042922, 2176.687894576971], [401.39549875050864, 2293.5819950020345], [249.75158979570782, 2343.312105423029]], '별레0', 0.06115489001730772)]
[([[344, 989], [1676, 989], [1676, 1121], [344, 1121]], '(그후최면이풀린엘마눈나에제두물겨맞앉다)', 0.38242133381743176)]
[([[2163, 35], [2581, 35], [2581, 160], [2163, 160]], '(세라픽의방)', 0.21699489035544559)]
[([[411, 1831], [1003, 1831], [1003, 1944], [411, 1944]], '세라픽?. 아휴술냄새', 0.3013955750877147)]
[([[1575, 263], [2067, 263], [2067, 378], [1575, 378]], '아 .? 모험가남?', 0.4909412097170369)]
[([[384, 1779], [1069, 1779], [1069, 1890], [384, 1890]], '너왜이렇게많이마신거야.', 0.40331928331458256), ([[354, 1882], [1094, 1882], [1094, 1983], [354, 1983]], '어 근데너네. 술마서도되?', 0.241945953743392)]
[([[1482, 258], [2124, 258], [2124, 371], [1482, 371]], '에혜하 술은오키이에요', 0.23188957877952407)]
[([[500, 1830], [901, 1830], [901, 1931], [500, 1931]], '그래왜마섞어?', 0.23029502996215181)]
[([[1577, 255], [2052, 255], [2052, 363], [1577, 363]], '그냥 좀임들어서요', 0.7698819100918641)]
[]
[([[320, 1826], [1140, 1826], [1140, 1930], [320, 1930]], '그러고보니너진짜 노프티구나?', 0.45587641562390324)]
