2768365
29
[([[973, 41], [1441, 41], [1441, 383], [973, 383]], '))', 0.21317923046069837)]
[([[505, 858], [880, 858], [880, 984], [505, 984]], '여기네?', 0.9996920824050903), ([[1068, 1034], [1112, 1034], [1112, 1078], [1068, 1078]], '호', 0.44304573818297754), ([[774.63283961763, 1577.217333935202], [946.9940243711266, 1449.4643304555677], [1002.36716038237, 1548.782666064798], [829.0059756288734, 1676.5356695444323]], '사 /', 0.2619468569755554)]
[([[353, 674], [445, 674], [445, 763], [353, 763]], '웃', 0.7764937186430565), ([[281, 798], [569, 798], [569, 886], [281, 886]], '나용다 . .', 0.35154843969748517), ([[1565, 1304], [1922, 1304], [1922, 1373], [1565, 1373]], '칠칠치 못하네 .', 0.5735415809204988), ([[1579, 1392], [1919, 1392], [1919, 1460], [1579, 1460]], '뭐 이정도려나', 0.9175413873586707), ([[627.9298030184916, 1572.1719212073967], [784.7411007532756, 1490.8843551408752], [834.0701969815084, 1585.8280787926033], [677.2588992467244, 1668.1156448591248]], '소_', 0.009346009152178668), ([[413.7320246740521, 2386.4516320762677], [547.878195937578, 2326.979720685599], [569.2679753259479, 2384.5483679237323], [435.1218040624221, 2443.020279314401]], '2 ] 소', 0.10731016979251802)]
[([[123, 75], [547, 75], [547, 221], [123, 221]], '3분후..', 0.9958086375589972), ([[1399, 202], [1923, 202], [1923, 312], [1399, 312]], '대체 언제까지', 0.9942869286789418), ([[1427, 347], [1895, 347], [1895, 446], [1427, 446]], '쌀건데? ! ! !', 0.8681495829328919), ([[113, 1168], [193, 1168], [193, 1221], [113, 1221]], '아.', 0.8826133836889161), ([[210, 1158], [672, 1158], [672, 1234], [210, 1234]], '트레이님 시작이후로', 0.7198595545336423), ([[269, 1243], [513, 1243], [513, 1310], [269, 1310]], '처음이라 ..', 0.8890963232343861), ([[123, 1327], [657, 1327], [657, 1393], [123, 1393]], '곧 끝나니까 금방 비킬게', 0.8284705794640133), ([[1110, 1494], [1189, 1494], [1189, 1583], [1110, 1583]], '1', 0.07011186519186285)]
[([[148, 429], [648, 429], [648, 515], [148, 515]], '실레터습니다 ...', 0.30250228709890686), ([[330, 544], [457, 544], [457, 628], [330, 628]], '응?', 0.998991996248533), ([[1025, 638], [1148, 638], [1148, 779], [1025, 779]], '(', 0.9305511847800041), ([[869, 1564], [989, 1564], [989, 1668], [869, 1668]], '턱', 0.8931991561675012)]
[([[1650, 147], [1781, 147], [1781, 219], [1650, 219]], '설마', 0.9998840138431118), ([[1508, 248], [1923, 248], [1923, 323], [1508, 323]], '너만 기분 종고', 0.6812648617712918), ([[1598, 349], [1830, 349], [1830, 426], [1598, 426]], '끝렉셈?', 0.3444729608557136), ([[1025, 640], [1148, 640], [1148, 775], [1025, 775]], '()', 0.7003143556840215), ([[366, 1093], [527, 1093], [527, 1154], [366, 1154]], '아니 .. .', 0.42661100087979276), ([[294, 1174], [594, 1174], [594, 1238], [294, 1238]], '위험하다니까', 0.9988649410057797), ([[231, 1255], [659, 1255], [659, 1321], [231, 1321]], '네 몸이 못버런다고', 0.2790565650472979)]
[([[1405, 172], [1913, 172], [1913, 239], [1405, 239]], '뭐? 내가? 말해두젯는데', 0.3264161418120135), ([[1354, 253], [1971, 253], [1971, 320], [1354, 320]], '내 안쪽은 통상 출력에 몇배나', 0.7179616563723437), ([[1345, 337], [1980, 337], [1980, 403], [1345, 403]], '되거튼? 네 볼품없는 물건이나', 0.7677255403550206), ([[1376, 420], [1942, 420], [1942, 486], [1376, 486]], '짜부라지지 않도록 조심해 !', 0.7207229555978203), ([[1021, 641], [1154, 641], [1154, 782], [1021, 782]], '(', 0.7700737398909399), ([[311, 1157], [620, 1157], [620, 1230], [311, 1230]], '아 그러서?', 0.9594118938151164), ([[167, 1256], [766, 1256], [766, 1335], [167, 1335]], '어떻게되든 난 모르다', 0.5378119205045689)]
[([[507, 216], [694, 216], [694, 422], [507, 422]], '일', 0.023938949592947845), ([[1442, 456], [1989, 456], [1989, 544], [1442, 544]], '진짜 괜찮은거지?', 0.6187292824020112), ([[493, 482], [719, 482], [719, 687], [493, 687]], '대', 0.05172840437312609), ([[105, 1621], [677, 1621], [677, 1690], [105, 1690]], '잔말말고 빨리 넣기나해', 0.973689574859717), ([[220, 1711], [560, 1711], [560, 1780], [220, 1780]], '겁쟁이 대머리', 0.9249418122346782)]
[([[428, 280], [788, 280], [788, 516], [428, 516]], ']', 0.0028457147002796668), ([[1400, 513], [1869, 513], [1869, 586], [1400, 586]], '아 ! .. 나도 모르게', 0.9787270018797513), ([[1385, 606], [1883, 606], [1883, 690], [1385, 690]], '순간 허리에 힘이 ..', 0.849956047099787), ([[1485, 707], [1783, 707], [1783, 784], [1485, 784]], '야 괜찮나?', 0.8930314371587611), ([[143, 1102], [241, 1102], [241, 1163], [143, 1163]], '으.', 0.7999373384509174), ([[415, 1967], [671, 1967], [671, 2203], [415, 2203]], '직', 0.1726401881847437), ([[80, 2070], [402, 2070], [402, 2342], [80, 2342]], '과', 0.8453255809368478), ([[253.53846153846155, 1047.6923076923076], [416.07868417106596, 1009.4419220582741], [430.46153846153845, 1088.3076923076924], [266.92131582893404, 1126.558077941726]], '으옷.', 0.6651549820508109)]
[([[507, 212], [692, 212], [692, 420], [507, 420]], '일(', 0.09714436421099679), ([[500, 478], [712, 478], [712, 683], [500, 683]], '대', 0.06737525567772096), ([[1359, 664], [1918, 664], [1918, 741], [1359, 741]], '잠깐 . . 갑자기 그렇게', 0.6503142292173733), ([[1420, 764], [1862, 764], [1862, 841], [1420, 841]], '조여대면 ....이거', 0.9023263768188741), ([[1548, 864], [1733, 864], [1733, 939], [1548, 939]], '나용다', 0.7558831907578203), ([[787.728202925677, 1910.2914445484284], [851.4370481205299, 1952.9314385420591], [744.271797074323, 2111.7085554515716], [679.5629518794701, 2070.0685614579406]], '흙', 0.006696816295118424)]
[([[193, 247], [448, 247], [448, 311], [193, 311]], '바.. 방금편', 0.4263095191895448), ([[132, 330], [511, 330], [511, 392], [132, 392]], '내가 아니라 다른', 0.9331448091513035), ([[197, 411], [443, 411], [443, 475], [197, 475]], '여자없으면', 0.8592792200333005), ([[107, 490], [538, 490], [538, 556], [107, 556]], '죽없어 알고있지? ..', 0.7483895415866447), ([[1490, 1033], [1848, 1033], [1848, 1110], [1490, 1110]], '미안하다니까_', 0.9987094823474941), ([[1440, 1130], [1932, 1130], [1932, 1203], [1440, 1203]], '그리고 너가 앞는데', 0.4999383661404099), ([[1440, 1224], [1932, 1224], [1932, 1299], [1440, 1299]], '다른 여자랑 할일이', 0.8638774921205951), ([[1598, 1319], [1781, 1319], [1781, 1394], [1598, 1394]], '있젯나', 0.34832680432847235), ([[564.3264928857415, 32.04832692332745], [778.4184290337341, -22.20653774030652], [832.6735071142585, 262.95167307667253], [617.5815709662659, 317.20653774030654]], '윗', 0.0034580065609413624)]
[([[941, 38], [1331, 38], [1331, 94], [941, 94]], '교번째 테스트 도중', 0.5027753274891387), ([[314, 73], [533, 73], [533, 137], [314, 137]], '난 너보다', 0.9547681323626449), ([[867, 111], [1404, 111], [1404, 177], [867, 177]], '어쩌다보니 자존심 싸움이', 0.7956172516618577), ([[267, 154], [576, 154], [576, 221], [267, 221]], '연상이거튼? !', 0.8661194238067949), ([[1063, 188], [1214, 188], [1214, 255], [1063, 255]], '되없다', 0.7417298193556682), ([[211, 235], [632, 235], [632, 299], [211, 299]], '나보다 어린 대머리', 0.8277931299161975), ([[161, 316], [684, 316], [684, 380], [161, 380]], '꼬마애량 사위 하느거좀', 0.5165055182244327), ([[235, 400], [608, 400], [608, 464], [235, 464]], '아무렇지도않아 !', 0.9705607172853608), ([[1491, 1246], [1724, 1246], [1724, 1312], [1491, 1312]], '나야 말로', 0.9984117125662699), ([[1439, 1333], [1778, 1333], [1778, 1402], [1439, 1402]], '난쟁이 한테는', 0.33831932612361965), ([[1500, 1421], [1717, 1421], [1717, 1490], [1500, 1490]], '아무것도', 0.9553533792495728), ([[1421, 1511], [1793, 1511], [1793, 1579], [1421, 1579]], '느껴지지않네요', 0.9857426672557288), ([[908, 2261], [1487, 2261], [1487, 2347], [908, 2347]], '난쟁이? ! 말(껏다', 0.11255732914284063), ([[917, 2373], [1467, 2373], [1467, 2457], [917, 2457]], '먼저 도망치눈높이', 0.23624461038371428), ([[932, 2481], [1449, 2481], [1449, 2570], [932, 2570]], '지논결로 맺지? !', 0.45800613873878154)]
[([[406, 267], [788, 267], [788, 543], [406, 543]], '처', 0.0069064604853119604)]
[([[501, 207], [758, 207], [758, 425], [501, 425]], '_(', 0.015212326405378602), ([[497, 468], [713, 468], [713, 690], [497, 690]], '신', 0.05644218957515079), ([[1135, 708], [1283, 708], [1283, 776], [1135, 776]], '한아6', 0.3485851458174182), ([[501, 798], [630, 798], [630, 866], [501, 866]], '하아', 0.8250804638365616)]
[([[1499, 122], [1823, 122], [1823, 195], [1499, 195]], '대 . 대머리 ..', 0.6837176095793975), ([[1506, 219], [1819, 219], [1819, 291], [1506, 291]], '대체 얼마나', 0.755730787185301), ([[1461, 315], [1855, 315], [1855, 390], [1461, 390]], '해택심이야... !', 0.22466137802078126), ([[1025, 640], [1153, 640], [1153, 779], [1025, 779]], '(', 0.9578886564509084), ([[249, 969], [632, 969], [632, 1037], [249, 1037]], '미안 . . 타(마키 _', 0.15798112811333512), ([[235, 1057], [682, 1057], [682, 1125], [235, 1125]], '이런거 처음이라 ...', 0.42413026290557204), ([[280, 1144], [635, 1144], [635, 1211], [280, 1211]], '한번만 더 싸고', 0.7707772243866082), ([[357, 1232], [529, 1232], [529, 1298], [357, 1298]], '끝렉게 ', 0.48542457818984985), ([[1414, 2146], [1802, 2146], [1802, 2214], [1414, 2214]], '그.. 그 말 벌써', 0.8387298429693474), ([[1443, 2239], [1774, 2239], [1774, 2312], [1443, 2312]], '30번째야 ! !', 0.9312850823773671), ([[1251, 2482], [1284, 2482], [1284, 2562], [1251, 2562]], '{', 0.3647669345989222), ([[1261, 2596], [1325, 2596], [1325, 2673], [1261, 2673]], '5', 0.9545713909049027), ([[672.5012706500846, 2617.017789101185], [725.4110541536603, 2602.012079387775], [771.4987293499154, 2770.982210898815], [719.5889458463397, 2785.987920612225]], '?', 0.9061794370500706)]
[([[1327, 204], [1823, 204], [1823, 380], [1327, 380]], '당 ~ 동', 0.5925660701949115), ([[1024, 634], [1156, 634], [1156, 782], [1024, 782]], '(', 0.827435196032301)]
[([[434, 501], [675, 501], [675, 609], [434, 609]], '언니 ~', 0.5454583764076233), ([[112, 645], [987, 645], [987, 756], [112, 756]], '지금 있지? 들어간다 ~', 0.5727873328555804), ([[1366, 1454], [1812, 1454], [1812, 1554], [1366, 1554]], '후 ... 후부키?', 0.40248022254211985), ([[1353, 1582], [1826, 1582], [1826, 1682], [1353, 1682]], '갑자기 어쩐 ..', 0.8898360069429526), ([[1336, 1709], [1851, 1709], [1851, 1802], [1336, 1802]], '제 . 잠깐 기다. .', 0.1585645429528752), ([[276, 1831], [383, 1831], [383, 1895], [276, 1895]], '빨리', 0.9908882647564465), ([[240, 1916], [423, 1916], [423, 1982], [240, 1982]], '숨어 .. !', 0.8763430654140746), ([[1679, 2028], [1790, 2028], [1790, 2105], [1679, 2105]], '7*', 0.01234092273272806), ([[1593.254072114062, 2188.1276903756216], [1746.6606700482405, 2177.881611543402], [1747.745927885938, 2279.8723096243784], [1594.3393299517595, 2290.118388456598]], '구97', 0.009508016201440133)]
[([[0, 207], [483, 207], [483, 786], [0, 786]], '벌', 0.998291388459652), ([[1584, 965], [2045, 965], [2045, 1455], [1584, 1455]], '척', 0.7938893426103419), ([[1601, 1723], [1847, 1723], [1847, 1784], [1601, 1784]], '타즈마키!', 0.1685024302676167), ([[1474, 1815], [1976, 1815], [1976, 1887], [1474, 1887]], '이쪽에숨으면 되는..', 0.764308969479884), ([[1692, 1913], [1752, 1913], [1752, 1968], [1692, 1968]], '퍽', 0.27964640874145985), ([[300, 1857], [489, 1857], [489, 2305], [300, 2305]], '!', 0.08094655994887034), ([[1706.9845449053964, 818.1360186772979], [1799.7402142753128, 902.2204167366554], [1687.0154550946036, 1024.863981322702], [1595.2597857246872, 940.7795832633446]], '0', 0.9990990999769487), ([[-0.10072183685071012, 2019.0690280798692], [166.70779140280808, 1869.0078285930745], [445.1007218368507, 2234.9309719201306], [278.2922085971919, 2384.9921714069255]], '8', 0.7452142788872074), ([[248.9973506193548, 2056.0843686541934], [328.63473711272195, 2073.938510812419], [315.0026493806452, 2126.9156313458066], [235.36526288727808, 2108.061489187581]], '5 6', 0.5481900572776794)]
[([[242, 535], [463, 535], [463, 619], [242, 619]], '어.언니', 0.9414780071040886), ([[70, 644], [586, 644], [586, 723], [70, 723]], '지금 뭐하분거야?', 0.318925632680794), ([[1629, 835], [1766, 835], [1766, 992], [1629, 992]], '0', 0.9974892421804817), ([[283, 1140], [596, 1140], [596, 1204], [283, 1204]], '네가 생각하는', 0.7901295801130425), ([[213, 1221], [630, 1221], [630, 1285], [213, 1285]], '그런거아니.. 옷? !', 0.5826081949907529), ([[1540, 1282], [1883, 1282], [1883, 1350], [1540, 1350]], '아니긴 뛰가? !', 0.8561546351329468), ([[1549, 1369], [1872, 1369], [1872, 1436], [1549, 1436]], '둘이 언제부터', 0.6441983991025864), ([[1516, 1455], [1908, 1455], [1908, 1523], [1516, 1523]], '그런 사이름어? !', 0.5807205392880435), ([[533.404640601427, 80.02218405912177], [593.2235294416298, 107.97330314329903], [537.595359398573, 229.97781594087823], [476.77647055837025, 202.02669685670097]], '5', 0.9668481212339799), ([[1580.087955521236, 1657.7726621158313], [1843.1360318333516, 1586.573268424867], [1868.912044478764, 1719.2273378841687], [1605.8639681666484, 1790.426731575133]], '[', 0.13445848157221363), ([[210.13600260995938, 1968.0752148767685], [317.8611181857889, 1986.8297308071249], [306.86399739004065, 2034.9247851232315], [200.13888181421112, 2015.1702691928751]], '12 3', 0.604464649608352), ([[220.08765689447637, 2050.069769814096], [331.88149137976734, 2075.8133833181173], [317.91234310552363, 2126.930230185904], [206.1185086202327, 2101.1866166818827]], '166', 0.4855523539157839), ([[240.95136234400402, 2149.0789914704264], [340.69188400922377, 2170.9460554031098], [326.04863765599595, 2228.9210085295736], [226.30811599077626, 2206.0539445968902]], '1?;', 0.17646806825198988)]
[([[1459, 96], [1721, 96], [1721, 162], [1459, 162]], '어 ... 언니?', 0.8290659781557663), ([[330, 287], [512, 287], [512, 341], [330, 341]], '자 . 잠깐 ..', 0.39044174864239045), ([[326, 351], [508, 351], [508, 404], [326, 404]], '말도안돼 .', 0.9594853091960621), ([[268, 416], [575, 416], [575, 472], [268, 472]], '내 배리어가 고작', 0.9984827730212091), ([[270, 484], [530, 484], [530, 537], [270, 537]], '정자 하나한테 ', 0.3839302824934707), ([[1372, 2463], [1577, 2463], [1577, 2525], [1372, 2525]], '어 .. 어이', 0.7540705378889995), ([[1196, 2544], [1757, 2544], [1757, 2610], [1196, 2610]], '타춧마키 .. ! 무슨일이야?', 0.4844097207493056)]
[([[377, 163], [596, 163], [596, 230], [377, 230]], '타추마키', 0.050583820790052414), ([[361, 253], [614, 253], [614, 322], [361, 322]], '정신차려 !', 0.9539462365477971), ([[230, 342], [755, 342], [755, 415], [230, 415]], '그러게 내가 위험하다', 0.8889181776283842), ([[391, 433], [590, 433], [590, 502], [391, 502]], '햇잖아 !', 0.788342832462359), ([[1415, 1885], [1849, 1885], [1849, 2376], [1415, 2376]], '락', 0.8495786877916522), ([[6.173765041949618, 1328.0303277626836], [539.4314722634107, 1261.7025449414791], [566.8262349580503, 1738.9696722373164], [33.568527736589346, 1806.2974550585209]], '와', 0.9984924518819049)]
[([[305, 296], [419, 296], [419, 360], [305, 360]], '지금', 0.9999968811346347), ([[177, 384], [450, 384], [450, 450], [177, 450]], '허그당하면 ', 0.9625440880288396), ([[222, 472], [500, 472], [500, 533], [222, 533]], '안돼 .. 아..', 0.8313624623696912)]
[([[182, 2769], [362, 2769], [362, 2880], [182, 2880]], "'", 0.40075142794657737)]
[([[1054, 46], [1373, 46], [1373, 113], [1054, 113]], '변태 ! 대머리 !', 0.5860300626757481), ([[1120, 125], [1310, 125], [1310, 189], [1120, 189]], '언제까지', 0.9941709637641907), ([[1007, 204], [1422, 204], [1422, 270], [1007, 270]], '버티고있올셈이야?', 0.3016550175424752), ([[1102, 285], [1325, 285], [1325, 349], [1102, 349]], '빨리나가 !', 0.9985541927781973), ([[747, 677], [872, 677], [872, 726], [747, 726]], '????', 0.3021145351307196), ([[694, 751], [932, 751], [932, 815], [694, 815]], '뭐래논거야', 0.16881684184056434), ([[643, 827], [979, 827], [979, 889], [643, 889]], '네가 먼저나가면', 0.8903804666083712), ([[663, 904], [959, 904], [959, 965], [663, 965]], '지느거라며? !', 0.46839105447857765), ([[885, 1434], [1142, 1434], [1142, 1515], [885, 1515]], '아 몰라 !', 0.6628953954521756), ([[809, 1538], [1215, 1538], [1215, 1622], [809, 1622]], '그냥 좀 나가 !', 0.9684113460604186), ([[581, 2066], [775, 2066], [775, 2123], [581, 2123]], '야.. 야 !', 0.7243421829230744), ([[478, 2146], [884, 2146], [884, 2214], [478, 2214]], '밀지마 ! 가똑이나', 0.5272006824110725), ([[586, 2231], [772, 2231], [772, 2295], [586, 2295]], '좁은데 !', 0.8342276872457489), ([[185, 2764], [361, 2764], [361, 2880], [185, 2880]], "'", 0.5105779807104796)]
[([[288, 687], [517, 687], [517, 789], [288, 789]], '볶소..', 0.03227045387029648), ([[220, 877], [592, 877], [592, 994], [220, 994]], '갈기,동거 .', 0.0012046556232290651), ([[581, 946], [604, 946], [604, 966], [581, 966]], '0', 0.9206084806355399)]
[]
[([[1540, 85], [1692, 85], [1692, 153], [1540, 153]], '흐응?', 0.6175397038459778), ([[1474, 178], [1756, 178], [1756, 251], [1474, 251]], '난쟁이한번', 0.2872839824459427), ([[1420, 277], [1812, 277], [1812, 350], [1420, 350]], '안 꼴린다더니?', 0.5430965486571137), ([[248, 744], [561, 744], [561, 824], [248, 824]], '아니 이건 ..', 0.6887497112588721), ([[149, 900], [602, 900], [602, 980], [149, 980]], '생리현상이 활까', 0.30228758232201064)]
[([[251, 739], [500, 739], [500, 799], [251, 799]], '야..야 잠깐', 0.672944228996462), ([[184, 818], [628, 818], [628, 882], [184, 882]], '발기는 뒷어도 어차피', 0.3316624271549205), ([[152, 899], [659, 899], [659, 963], [152, 963]], '아무것도 못느민다니까?', 0.32589343570332446), ([[312, 978], [497, 978], [497, 1040], [312, 1040]], '소용없어', 0.855112477218618), ([[1616, 1524], [1873, 1524], [1873, 1625], [1616, 1625]], '닥처화', 0.8623786216635649)]
[([[843, 2168], [934, 2168], [934, 2228], [843, 2228]], '4"', 0.6298307540919198), ([[337.1375990184697, 1777.871517349868], [689.3206785711692, 1659.7633601093487], [717.8624009815303, 1777.128482650132], [365.67932142883075, 1895.2366398906513]], '터 리?', 0.22395557165145874)]
