2771878
21
[([[547, 86], [912, 86], [912, 406], [547, 406]], '#', 0.4900779254421117), ([[61, 384], [425, 384], [425, 722], [61, 722]], '주', 0.35770664889236414), ([[373, 319], [1535, 319], [1535, 856], [373, 856]], '톤렉고', 0.21948114836580324), ([[156, 721], [394, 721], [394, 952], [156, 952]], '및', 0.03413335743586132), ([[90, 961], [386, 961], [386, 1279], [90, 1279]], '2', 0.14611251910148226), ([[395, 800], [1565, 800], [1565, 1332], [395, 1332]], '번역해', 0.3235091570299581), ([[218, 1257], [1798, 1257], [1798, 1802], [218, 1802]], '드립내다', 0.35404708981513977), ([[186, 1917], [913, 1917], [913, 2054], [186, 2054]], '텔레그램 검색', 0.9734900302711809), ([[982, 1918], [1789, 1918], [1789, 2066], [982, 2066]], '@하-새카9`;*/123', 0.0008060180606856194), ([[312, 2049], [1659, 2049], [1659, 2201], [312, 2201]], '굉크 : + 굽서/하도컵카9`*/123', 0.00025475598984674776), ([[217, 2309], [1319, 2309], [1319, 2514], [217, 2514]], '현재 완료 작품수', 0.6064216542647043), ([[1402, 2314], [1769, 2314], [1769, 2477], [1402, 2477]], '2146', 0.9720591501408365), ([[144, 2655], [202, 2655], [202, 2704], [144, 2704]], '29', 0.9999921606951768), ([[1078, 2590], [1424, 2590], [1424, 2779], [1078, 2779]], '7 승', 0.27488216757774353), ([[1573, 2592], [1765, 2592], [1765, 2773], [1573, 2773]], '$다', 0.00566849151619811)]
[([[156, 136], [214, 136], [214, 186], [156, 186]], '종은', 0.2454438922222565), ([[129, 175], [239, 175], [239, 219], [129, 219]], '표정 짓기', 0.9950484899716383), ([[122, 210], [236, 210], [236, 258], [122, 258]], '시작햇네:', 0.9408517490952467), ([[144, 806], [194, 806], [194, 836], [144, 836]], '자" ', 0.3528823917471331), ([[119, 835], [217, 835], [217, 877], [119, 877]], '이쪽으로', 0.9951019287109375), ([[135, 871], [203, 871], [203, 913], [135, 913]], '오럼?', 0.42539608436239107), ([[99, 1127], [121, 1127], [121, 1147], [99, 1147]], '37', 0.9999994942378553)]
[([[513, 79], [609, 79], [609, 117], [513, 117]], '어라아~?', 0.9773566060993187), ([[503, 111], [619, 111], [619, 149], [503, 149]], '아직 표정이', 0.9755521625897701), ([[507, 143], [611, 143], [611, 181], [507, 181]], '딱딱하네:', 0.4114363314533549), ([[205, 1045], [281, 1045], [281, 1083], [205, 1083]], '조금더', 0.9989169026534259), ([[189, 1075], [297, 1075], [297, 1117], [189, 1117]], '풀어줄게}', 0.7619618113597244), ([[719, 1129], [745, 1129], [745, 1149], [719, 1149]], '38', 0.99999452091409)]
[([[46, 34], [104, 34], [104, 84], [46, 84]], '좋은', 0.24952001188535197), ([[35, 73], [115, 73], [115, 117], [35, 117]], '표정이', 0.9897326786248755), ([[39, 111], [113, 111], [113, 155], [39, 155]], '뒷네)', 0.2950045629881841), ([[744, 1092], [800, 1092], [800, 1118], [744, 1118]], '자아 ', 0.39350083470344543), ([[736, 1116], [808, 1116], [808, 1148], [736, 1148]], '부끄러워', 0.9853042960166931), ([[101, 1143], [125, 1143], [125, 1163], [101, 1163]], '39', 0.46199599931450874), ([[746, 1142], [800, 1142], [800, 1172], [746, 1172]], '말고 ', 0.3091318027325201)]
[([[575, 185], [709, 185], [709, 251], [575, 251]], '아아앗!', 0.16997432708740234), ([[83, 649], [381, 649], [381, 901], [83, 901]], '에 `', 0.1381638725414965), ([[449, 1141], [473, 1141], [473, 1161], [449, 1161]], '40', 0.6474694148667159)]
[([[447, 1051], [499, 1051], [499, 1093], [447, 1093]], '함락', 0.7002542862545453), ([[437, 1085], [493, 1085], [493, 1127], [437, 1127]], '독군:', 0.11217478090374987)]
[([[75, 69], [151, 69], [151, 109], [75, 109]], '자 그럼', 0.8163205117391974), ([[181, 24], [246, 24], [246, 177], [181, 177]], '9', 0.0830112462445678), ([[669, 395], [785, 395], [785, 435], [669, 435]], '미외코 장은', 0.5001025853796365), ([[704, 430], [752, 430], [752, 462], [704, 462]], '이제', 0.9996963876046139), ([[671, 459], [781, 459], [781, 499], [671, 499]], '어떡해주길', 0.9986904490390112), ([[667, 491], [787, 491], [787, 531], [667, 531]], '바내려나 "?', 0.16714091861314712), ([[260, 878], [314, 878], [314, 952], [260, 952]], '즉랍', 0.0027700298809072836), ([[568, 902], [616, 902], [616, 972], [568, 972]], '준아', 0.05573153437951981), ([[592, 906], [620, 906], [620, 940], [592, 940]], '아', 0.9945737007647346), ([[241, 943], [335, 943], [335, 987], [241, 987]], '좋아지고', 0.998485803604126), ([[247, 977], [329, 977], [329, 1019], [247, 1019]], '(싶어엇!', 0.31229865559457626), ([[549, 967], [603, 967], [603, 1009], [549, 1009]], '싶어:', 0.9881754115820269)]
[([[64, 262], [202, 262], [202, 294], [64, 294]], '으음  증지만', 0.3814412956042202), ([[52, 290], [214, 290], [214, 322], [52, 322]], '이 차이나 드레스가', 0.9734538786892678), ([[73, 315], [185, 315], [185, 353], [73, 353]], '방해되려나 "', 0.5312431707554269), ([[692, 502], [758, 502], [758, 556], [692, 556]], '벗어', 0.9816660904177552), ([[49, 831], [71, 831], [71, 847], [49, 847]], '43', 0.9608265354583121), ([[301, 805], [357, 805], [357, 849], [301, 849]], '네"', 0.5717681157028152), ([[286, 844], [376, 844], [376, 894], [286, 894]], '사모님', 0.9892456709374512), ([[120.6835347960075, 928.0125384296947], [152.27903883191465, 919.0097447036206], [188.3164652039925, 1061.9874615703054], [156.72096116808535, 1069.9902552963795]], '}', 0.8136115449565331)]
[([[671, 103], [729, 103], [729, 143], [671, 143]], '자아;', 0.7989419171182227), ([[675, 137], [731, 137], [731, 181], [675, 181]], '잔뜩', 0.9992755725525688), ([[665, 173], [739, 173], [739, 215], [665, 215]], '맛보럼', 0.9455389207237533), ([[667, 755], [789, 755], [789, 823], [667, 823]], '타락의', 0.996230416196264), ([[769, 1083], [793, 1083], [793, 1103], [769, 1103]], '44', 0.9999996628252286), ([[346, 1104], [452, 1104], [452, 1160], [346, 1160]], '과실을:', 0.39967307448387146)]
[([[672, 204], [762, 204], [762, 256], [672, 256]], '음초이', 0.15233467239233817), ([[660, 246], [778, 246], [778, 298], [660, 298]], '명령하는', 0.8324629664421082), ([[673, 289], [747, 289], [747, 333], [673, 333]], '대로"', 0.968055784702301), ([[48, 846], [140, 846], [140, 896], [48, 896]], "'쾌략에", 0.4611054062843323), ([[64, 888], [126, 888], [126, 938], [64, 938]], '몸올', 0.3694023452991309), ([[50, 928], [138, 928], [138, 980], [50, 980]], '맡기는', 0.617488112625468), ([[50, 972], [120, 972], [120, 1020], [50, 1020]], '거야:', 0.6368815483749516), ([[340, 1136], [368, 1136], [368, 1160], [340, 1160]], '45', 0.9999957853177504)]
[([[736, 52], [788, 52], [788, 118], [736, 118]], '아', 0.9985935868122766), ([[699, 1163], [725, 1163], [725, 1183], [699, 1183]], '46', 0.9999995785315409)]
[([[0, 14], [406, 14], [406, 688], [0, 688]], '9', 0.008609991039500109), ([[60, 1104], [86, 1104], [86, 1128], [60, 1128]], '29', 0.9999941837398596), ([[449, 1075], [739, 1075], [739, 1161], [449, 1161]], '7 승   8', 0.14348426198237962)]
[([[47, 1103], [71, 1103], [71, 1123], [47, 1123]], '47', 1.0), ([[59.141116578469884, 53.036952310250605], [321.9522137173835, 107.02355638999256], [299.8588834215301, 188.9630476897494], [37.047786282616535, 134.97644361000744]], '가버려엇-!', 0.5302578530514022)]
[([[87, 107], [185, 107], [185, 149], [87, 149]], '후후후;"', 0.32818839499667685), ([[59, 143], [213, 143], [213, 187], [59, 187]], '스프키 가문과', 0.4895455447402732), ([[81, 179], [189, 179], [189, 223], [81, 223]], '나름 위해', 0.7261854647065904), ([[91, 215], [175, 215], [175, 257], [91, 257]], '도움이', 0.998943878387485), ([[71, 249], [197, 249], [197, 293], [71, 293]], '되어주럼""', 0.812570263695813), ([[624, 802], [692, 802], [692, 854], [624, 854]], '나의', 0.9995094459321802), ([[75, 865], [197, 865], [197, 933], [75, 933]], '인형들', 0.9928854650189637), ([[592, 850], [710, 850], [710, 906], [592, 906]], '귀여운 ', 0.2204313725233078), ([[461, 1129], [597, 1129], [597, 1165], [461, 1165]], '7소즌 .,술', 6.917463881381189e-05), ([[695, 1133], [721, 1133], [721, 1153], [695, 1153]], '48', 0.9999997471189183)]
[([[665, 89], [767, 89], [767, 133], [665, 133]], '마무리가', 0.986020565032959), ([[687, 125], [741, 125], [741, 167], [687, 167]], '조금', 0.9999940994463072), ([[655, 159], [777, 159], [777, 201], [655, 201]], '어설제네:', 0.10026941511696201), ([[661, 195], [771, 195], [771, 237], [661, 237]], '사토 형사', 0.7808106387752769), ([[391, 341], [413, 341], [413, 357], [391, 357]], '0 0', 0.7271475195884705), ([[419, 347], [441, 347], [441, 361], [419, 361]], '7 0', 0.15551706557848616), ([[558, 368], [590, 368], [590, 394], [558, 394]], '@껍', 0.0016510821245797973), ([[621, 477], [721, 477], [721, 521], [621, 521]], '경시청이', 0.9976029992103577), ([[55, 495], [169, 495], [169, 583], [55, 583]], '매말부올', 0.015260410495102406), ([[608, 511], [735, 511], [735, 553], [608, 553]], '스즈키 재벌', 0.7877640403999931), ([[595, 545], [743, 545], [743, 589], [595, 589]], '여제의 행위틀', 0.552794858694195), ([[619, 581], [719, 581], [719, 623], [619, 623]], '파혜치려', 0.7545992732048035), ([[621, 617], [701, 617], [701, 659], [621, 659]], '하다니:', 0.9658970236778259), ([[698, 1138], [724, 1138], [724, 1162], [698, 1162]], '30', 0.9999978926582248)]
[([[151, 115], [201, 115], [201, 153], [151, 153]], '우리', 0.999998651301114), ([[115, 147], [237, 147], [237, 191], [115, 191]], '메이드들은', 0.8707616195141857), ([[129, 183], [221, 183], [221, 227], [129, 227]], '말이야""', 0.8622039447439633), ([[697, 673], [781, 673], [781, 715], [697, 715]], '전원 다', 0.911894679069519), ([[700, 704], [778, 704], [778, 752], [700, 752]], '속옷올', 0.6934991678184804), ([[689, 743], [787, 743], [787, 787], [689, 787]], '입고있지', 0.9439286589622498), ([[699, 777], [777, 777], [777, 821], [699, 821]], '않거든', 0.5351292797906303), ([[72, 963], [170, 963], [170, 1007], [72, 1007]], '경시청은', 0.9974068999290466), ([[73, 997], [171, 997], [171, 1041], [73, 1041]], '그런것도', 0.42675623297691345), ([[84, 1032], [160, 1032], [160, 1080], [84, 1080]], '몰찾다', 0.07054500249510119), ([[87, 1067], [155, 1067], [155, 1109], [87, 1109]], '거야?', 0.9958358432129338)]
[([[149, 39], [203, 39], [203, 81], [149, 81]], '옆에', 0.9496887822505192), ([[139, 73], [193, 73], [193, 117], [139, 117]], '있는', 0.36820057955609065), ([[629, 63], [681, 63], [681, 107], [629, 107]], '슬슬', 0.5682282665046415), ([[567, 99], [743, 99], [743, 141], [567, 141]], '효과가 올라오지', 0.999230634191041), ([[586, 132], [724, 132], [724, 180], [586, 180]], '않아으려나?', 0.6428134864142945), ([[585, 169], [715, 169], [715, 213], [585, 213]], '당신한데도 :', 0.5311689560257358), ([[57, 209], [155, 209], [155, 251], [57, 251]], '그녀처럼', 0.9994093775749207), ([[57, 243], [151, 243], [151, 287], [57, 287]], '말이야"', 0.9835635423660278), ([[6, 528], [124, 528], [124, 604], [6, 604]], '유미!', 0.9937686673467908), ([[704, 1140], [730, 1140], [730, 1164], [704, 1164]], '32', 0.9999997471189183)]
[([[92, 148], [246, 148], [246, 196], [92, 196]], '기생충의 알올', 0.4304665180845204), ([[587, 149], [763, 149], [763, 193], [587, 193]], '눈치 못캠켓지만', 0.1747265385074921), ([[110, 184], [232, 184], [232, 232], [110, 232]], '넣엇거든""', 0.4033214742929504), ([[577, 183], [775, 183], [775, 225], [577, 225]], '메이드로 숨어들때', 0.9680049797897567), ([[588, 216], [764, 216], [764, 264], [588, 264]], '밭앗던 예방접종', 0.21706006789283597), ([[623, 255], [729, 255], [729, 297], [623, 297]], '백신 안에', 0.9931393720665253), ([[544, 442], [574, 442], [574, 466], [544, 466]], '이건', 0.992665668830272), ([[100, 468], [170, 468], [170, 496], [100, 496]], '스스로트', 0.254640132188797), ([[408, 448], [504, 448], [504, 480], [408, 480]], '사람의 뇌에', 0.9850973736873586), ([[544, 458], [578, 458], [578, 488], [544, 488]], '주월등', 0.020226216069531195), ([[569, 439], [607, 439], [607, 491], [569, 491]], "'환동", 0.07624999676705901), ([[418, 474], [494, 474], [494, 506], [418, 506]], '기생해서', 0.9996176958084106), ([[550, 482], [598, 482], [598, 506], [550, 506]], '이라고', 0.8525946140289307), ([[92, 492], [180, 492], [180, 524], [92, 524]], '번식시키늄', 0.36942518108832384), ([[391, 499], [519, 499], [519, 535], [391, 535]], '인격올 지배하고', 0.7920128816745577), ([[538, 502], [608, 502], [608, 528], [538, 528]], '하느건데"', 0.8113435914677133), ([[116, 520], [158, 520], [158, 548], [116, 548]], '거야', 0.9988898639903199), ([[400, 526], [510, 526], [510, 558], [400, 558]], '음란한 행위틀', 0.38203927339141364), ([[410, 552], [502, 552], [502, 584], [410, 584]], '반복시켜서', 0.992044822626019), ([[91, 763], [187, 763], [187, 799], [91, 799]], '음액올 통해', 0.11350820709534162), ([[89, 787], [185, 787], [185, 823], [89, 823]], '내가 인격올', 0.8787664324999325), ([[97, 813], [175, 813], [175, 849], [97, 849]], '지배활수', 0.9559035897254944), ([[91, 839], [185, 839], [185, 875], [91, 875]], '엇게 퇴지"', 0.17136744649502406), ([[658, 970], [736, 970], [736, 1002], [658, 1002]], '이음충은', 0.723077118396759), ([[617, 993], [775, 993], [775, 1029], [617, 1029]], '바이오테크돌로지틀', 0.33864307454816256), ([[660, 1022], [734, 1022], [734, 1052], [660, 1052]], '구사하는', 0.5600646734237671), ([[632, 1046], [760, 1046], [760, 1078], [632, 1078]], '스즈키 특제라서', 0.47721237648817627), ([[659, 1071], [735, 1071], [735, 1107], [659, 1107]], '말이지""', 0.5841428545748641), ([[103, 1129], [127, 1129], [127, 1149], [103, 1149]], '33', 0.9999908962928589)]
[([[666, 56], [762, 56], [762, 88], [666, 88]], '체내에 알이', 0.9869546573701712), ([[94, 86], [152, 86], [152, 118], [94, 118]], '시간이', 0.9994111521226039), ([[662, 82], [770, 82], [770, 112], [662, 112]], '들어올으니까', 0.4603052309069747), ([[59, 109], [151, 109], [151, 147], [59, 147]], '되름이나까', 0.0075357347427156066), ([[660, 108], [770, 108], [770, 138], [660, 138]], '뇌로 도달해서', 0.9811916843901559), ([[76, 138], [130, 138], [130, 168], [76, 168]], '너희틀', 0.18865122501635123), ([[661, 131], [769, 131], [769, 167], [661, 167]], '부화할때까지', 0.8966521101485512), ([[41, 161], [167, 161], [167, 197], [41, 197]], '(구속시금지만  |', 0.27999455780661764), ([[37, 461], [79, 461], [79, 519], [37, 519]], '#톱', 0.039056717999839514), ([[71, 457], [137, 457], [137, 521], [71, 521]], '훨꽃원', 0.0007453708683701253), ([[42, 512], [116, 512], [116, 544], [42, 544]], "'모양이네:", 0.7259513821050716), ([[387, 543], [437, 543], [437, 581], [387, 581]], '대충', 0.9995244480870379), ([[365, 573], [457, 573], [457, 611], [365, 611]], '2~3일은', 0.9976554394383876), ([[357, 605], [467, 605], [467, 643], [357, 643]], '걸리켓지 ', 0.33969654215336503), ([[686, 780], [798, 780], [798, 812], [686, 812]], '친구가 심심해', 0.9984544438059748), ([[698, 806], [780, 806], [780, 834], [698, 834]], '보이는데', 0.5516811013221741), ([[669, 829], [810, 829], [810, 865], [669, 865]], '같이 놀아달라구;"', 0.5537759229893643), ([[666, 856], [812, 856], [812, 888], [666, 888]], '내 귀여운 인형아 "', 0.5339290055731597), ([[80, 1020], [120, 1020], [120, 1048], [80, 1048]], '네"', 0.4441152793427314), ([[61, 1043], [123, 1043], [123, 1079], [61, 1079]], '사모님:', 0.9705948829650879)]
[([[356, 46], [404, 46], [404, 78], [356, 78]], '잠깐!', 0.8379682117574168), ([[646, 68], [766, 68], [766, 118], [646, 118]], '혜혜헤"', 0.16783781349658966), ([[17, 119], [91, 119], [91, 155], [17, 155]], '싫어어"', 0.5216443194304197), ([[648, 108], [760, 108], [760, 158], [648, 158]], '미외코:', 0.5316163897514343), ([[244, 450], [278, 450], [278, 478], [244, 478]], '어"', 0.34131821702116927), ([[236, 476], [286, 476], [286, 504], [236, 504]], '째서"', 0.9649458657922015), ([[211, 595], [301, 595], [301, 633], [211, 633]], '이런 짓율', 0.3270033043513174), ([[211, 625], [303, 625], [303, 661], [211, 661]], "'하느거야", 0.7964931626730803), ([[127, 851], [199, 851], [199, 891], [127, 891]], '미와코', 0.5042237294632081), ([[258, 898], [368, 898], [368, 946], [258, 946]], '사모님의', 0.665644603679301), ([[236, 938], [398, 938], [398, 986], [236, 986]], '명령이니까야', 0.9744801112539702), ([[788, 1094], [814, 1094], [814, 1118], [788, 1118]], '35', 0.9999987355947788), ([[584, 1068], [810, 1068], [810, 1200], [584, 1200]], "'", 0.0630993989638009)]
[([[181, 147], [235, 147], [235, 191], [181, 191]], '으음', 0.9726295925601007), ([[531, 509], [549, 509], [549, 541], [531, 541]], '음', 0.9968760607396376), ([[599, 1149], [625, 1149], [625, 1169], [599, 1169]], '36', 0.703113867707949)]
