2772328
12
[([[6, 2393], [142, 2393], [142, 2482], [6, 2482]], '껍스', 0.3312491744743274), ([[214, 2388], [397, 2388], [397, 2485], [214, 2485]], '슬로우', 0.9549675583839417), ([[466, 2401], [656, 2401], [656, 2474], [466, 2474]], '비디오', 0.999782789834097), ([[733, 2393], [875, 2393], [875, 2477], [733, 2477]], '사진', 0.9999259909361785), ([[947, 2390], [1157, 2390], [1157, 2489], [947, 2489]], '스웨어', 0.8907182779271886), ([[1224, 2401], [1463, 2401], [1463, 2474], [1224, 2474]], '파노라', 0.9682723809220259), ([[512.9696913521816, 50.06662341179807], [643.5598885875221, 71.38311548893466], [629.0303086478184, 142.93337658820192], [498.44011141247796, 121.61688451106534]], '서?', 0.02118779804403641)]
[]
[]
[([[1045.6462266506787, 273.03821171701355], [1214.4028107394277, 217.86984620381722], [1290.3537733493213, 497.96178828298645], [1121.5971892605723, 553.1301537961828]], '비', 0.2825736538647483)]
[([[505, 60], [637, 60], [637, 124], [505, 124]], '}고:', 0.0005573143051348936), ([[8, 2391], [142, 2391], [142, 2479], [8, 2479]], '껍스', 0.23581827323159377), ([[214, 2388], [397, 2388], [397, 2485], [214, 2485]], '슬로우', 0.9968320151954394), ([[464, 2397], [656, 2397], [656, 2472], [464, 2472]], '비디오', 0.9999605630838538), ([[733, 2391], [875, 2391], [875, 2477], [733, 2477]], '사진', 0.9998590638476251), ([[948, 2390], [1157, 2390], [1157, 2486], [948, 2486]], '스웨어', 0.885238829865586), ([[1224, 2399], [1466, 2399], [1466, 2472], [1224, 2472]], '파노라', 0.8585415248666325)]
[([[504, 54], [638, 54], [638, 127], [504, 127]], '서고', 0.018011590460873327), ([[8, 2391], [142, 2391], [142, 2479], [8, 2479]], '껍스', 0.2648239168693606), ([[214, 2388], [397, 2388], [397, 2485], [214, 2485]], '슬로우', 0.9971729772896105), ([[464, 2397], [656, 2397], [656, 2472], [464, 2472]], '비디오', 0.9999648990696743), ([[733, 2391], [875, 2391], [875, 2477], [733, 2477]], '사진', 0.9997988811630072), ([[947, 2390], [1157, 2390], [1157, 2486], [947, 2486]], '스웨어', 0.7751938700675964), ([[1224, 2399], [1464, 2399], [1464, 2474], [1224, 2474]], '파노라', 0.980845838080201)]
[([[8, 2391], [142, 2391], [142, 2479], [8, 2479]], '껍스', 0.3010929163600599), ([[214, 2388], [397, 2388], [397, 2485], [214, 2485]], '슬로우', 0.9971861867891726), ([[464, 2397], [656, 2397], [656, 2472], [464, 2472]], '비디오', 0.9999655873216236), ([[731, 2391], [875, 2391], [875, 2477], [731, 2477]], '사진', 0.9999431022286218), ([[948, 2390], [1157, 2390], [1157, 2486], [948, 2486]], '스웨어', 0.8661608231589167), ([[1224, 2399], [1464, 2399], [1464, 2472], [1224, 2472]], '파노라', 0.9187272773705778), ([[512.8994530298025, 53.07606181457799], [642.5406284518266, 71.32812377691185], [630.1005469701975, 140.923938185422], [500.45937154817346, 121.67187622308815]], '괜너?', 0.006061105208977966)]
[([[1525, 240], [1782, 240], [1782, 324], [1525, 324]], '용님 나랑', 0.4161071129090768), ([[1523, 317], [1787, 317], [1787, 397], [1523, 397]], '색스 촬영', 0.3940016387219551), ([[1507, 393], [1809, 393], [1809, 477], [1507, 477]], '하고 싶어?', 0.9820114844564651), ([[1443, 722], [1756, 722], [1756, 811], [1443, 811]], '오타무에게', 0.802246986359522), ([[1475, 800], [1728, 800], [1728, 884], [1475, 884]], '절찬받는', 0.5249283909797668), ([[1438, 878], [1761, 878], [1761, 957], [1438, 957]], '리아무 장의', 0.865390388007184), ([[1438, 957], [1767, 957], [1767, 1036], [1438, 1036]], '폭딸 바디블', 0.319137411561657), ([[1404, 1033], [1797, 1033], [1797, 1113], [1404, 1113]], '반찬으로 삼울', 0.8246284207222484), ([[1418, 1110], [1731, 1110], [1731, 1191], [1418, 1191]], '생각이구나', 0.9998665589755348), ([[193, 2150], [506, 2150], [506, 2234], [193, 2234]], '앗! 그래도', 0.6741859607903209), ([[107, 2231], [591, 2231], [591, 2317], [107, 2317]], '실수로 유출하는', 0.9140098040052576), ([[163, 2310], [538, 2310], [538, 2399], [163, 2399]], '전개는 안돼!', 0.47326129281414575), ([[178, 2397], [525, 2397], [525, 2478], [178, 2478]], '넷이 불타는', 0.7981665379941751), ([[141, 2477], [553, 2477], [553, 2563], [141, 2563]], '정도로 끝나지', 0.9401182565029204), ([[172, 2555], [527, 2555], [527, 2646], [172, 2646]], '않울거라구!', 0.6970922389718113)]
[([[1466, 467], [1800, 467], [1800, 556], [1466, 556]], '용남은 정말', 0.3189790191539271), ([[1473, 548], [1800, 548], [1800, 637], [1473, 637]], '파이즈리틀', 0.38512048856752984), ([[1500, 629], [1775, 629], [1775, 722], [1500, 722]], '좋아하는', 0.7089878094170613), ([[134, 728], [391, 728], [391, 814], [134, 814]], '쓸데없이', 0.9999266862869263), ([[1502, 710], [1768, 710], [1768, 803], [1502, 803]], '가슴성인', 0.9949021935462952), ([[161, 809], [369, 809], [369, 898], [161, 898]], '커다란', 0.8069820721677575), ([[1535, 797], [1713, 797], [1713, 876], [1535, 876]], '이네 }', 0.6598425972450868), ([[121, 893], [405, 893], [405, 981], [121, 981]], '내 가슴이', 0.8054510564795441), ([[58, 971], [470, 971], [470, 1064], [58, 1064]], '도움이 된다니', 0.8370380672757178), ([[60, 1055], [470, 1055], [470, 1147], [60, 1147]], '기분이 나쁘진', 0.6945118454263526), ([[160, 1136], [305, 1136], [305, 1224], [160, 1224]], '않아', 0.9997285007980017), ([[21, 1597], [469, 1597], [469, 1996], [21, 1996]], '(8', 0.80505130389564), ([[82, 1896], [367, 1896], [367, 2228], [82, 2228]], '낮', 0.06009587036684416), ([[1480, 1629], [1904, 1629], [1904, 2324], [1480, 2324]], ';', 0.17723882007935376), ([[195, 2190], [345, 2190], [345, 2336], [195, 2336]], '9', 0.809663106669646)]
[([[1532, 256], [1757, 256], [1757, 340], [1532, 340]], '아웃: !', 0.45507481889542206), ([[1543, 335], [1744, 335], [1744, 421], [1543, 421]], '질내에', 0.9790174367210248), ([[1532, 418], [1755, 418], [1755, 504], [1532, 504]], '굵은 게', 0.5115338702676641), ([[1511, 499], [1717, 499], [1717, 585], [1511, 585]], '절러올', 0.07247127242973099), ([[103, 600], [472, 600], [472, 691], [103, 691]], '자지 박으면', 0.997229790007157), ([[41, 682], [537, 682], [537, 780], [41, 780]], '바로 쿠움~하는', 0.21095421027478442), ([[36, 768], [541, 768], [541, 868], [36, 868]], '개허접 보지지만', 0.8203746837110822), ([[148, 859], [425, 859], [425, 949], [148, 949]], '부드럽게', 0.9553899168968201), ([[202, 947], [373, 947], [373, 1035], [202, 1035]], '해쥐!', 0.9717908910645378), ([[1467, 1797], [1869, 1797], [1869, 2163], [1467, 2163]], '낫', 0.01584429333475712), ([[1630, 2188], [1780, 2188], [1780, 2309], [1630, 2309]], '9', 0.18271368190596693), ([[152, 2247], [497, 2247], [497, 2549], [152, 2549]], '여요', 0.0601087989534432), ([[1492, 2245], [1875, 2245], [1875, 2546], [1492, 2546]], '(홍요', 0.04555729082075901), ([[317, 2522], [485, 2522], [485, 2686], [317, 2686]], '오', 0.04094973412612313), ([[16.606428522540217, 1978.0699277354377], [389.720974097744, 1883.558777117842], [448.3935714774598, 2230.930072264562], [76.27902590225602, 2325.441222882158]], '넷', 0.015013397845740573)]
[([[1517, 995], [1726, 995], [1726, 1079], [1517, 1079]], '그래도', 0.9999830001170524), ([[1383, 1075], [1858, 1075], [1858, 1163], [1383, 1163]], '담당 아이돌한터', 0.47606968171335445), ([[153, 1177], [327, 1177], [327, 1257], [153, 1257]], '뭐, 필', 0.44899510690019717), ([[1421, 1158], [1813, 1158], [1813, 1244], [1421, 1244]], '노혹질싸라니', 0.1974541735820476), ([[83, 1252], [407, 1252], [407, 1341], [83, 1341]], '먹엇으니까', 0.7712626273237755), ([[1450, 1239], [1784, 1239], [1784, 1325], [1450, 1325]], '용남은 정말', 0.21959976320900398), ([[110, 1336], [376, 1336], [376, 1424], [110, 1424]], '괜찮지만', 0.980322003364563), ([[1453, 1322], [1728, 1322], [1728, 1408], [1453, 1408]], '노빠꾸네', 0.9986909627914429), ([[76, 1733], [416, 1733], [416, 2537], [76, 2537]], '{', 0.016474618761119553)]
[]
