2775422
14
[([[1081, 217], [1199, 217], [1199, 255], [1081, 255]], '뭐야저거', 0.582252562046051), ([[1065, 259], [1193, 259], [1193, 295], [1065, 295]], '기분나빠.', 0.4006888217048603), ([[115, 413], [179, 413], [179, 453], [115, 453]], '우엇', 0.11321119092257903), ([[115, 455], [177, 455], [177, 495], [115, 495]], '지금', 0.9999559989736939), ([[103, 497], [193, 497], [193, 535], [103, 535]], '저녀석', 0.9943196177482605), ([[89, 537], [207, 537], [207, 575], [89, 575]], '여기보고', 0.999977707862854), ([[101, 573], [193, 573], [193, 615], [101, 615]], '있없어', 0.8976740856159923), ([[0, 1231], [421, 1231], [421, 1369], [0, 1369]], '역식자:', 0.9986236095428467), ([[505, 1217], [1280, 1217], [1280, 1399], [505, 1399]], '국스린크', 0.011402539908885956)]
[]
[([[475, 1009], [527, 1009], [527, 1045], [475, 1045]], '오?', 0.9999862601550323), ([[458, 1052], [548, 1052], [548, 1084], [458, 1084]], '다나카', 0.9937415728431008), ([[427, 1087], [575, 1087], [575, 1127], [427, 1127]], '처녀워잡아', 0.5538445720124685), ([[429, 1129], [575, 1129], [575, 1167], [429, 1167]], '청소도구가', 0.9996626348513991), ([[421, 1167], [581, 1167], [581, 1207], [421, 1207]], '첫경험 상대', 0.9908794671195049), ([[409, 1207], [591, 1207], [591, 1247], [409, 1247]], '가 펼꺼라고는', 0.25622005688860167), ([[427, 1247], [573, 1247], [573, 1287], [427, 1287]], '생각하지도', 0.6294026897939717), ([[425, 1287], [575, 1287], [575, 1327], [425, 1327]], '못햇젯지만', 0.7320867226185754), ([[457, 1329], [549, 1329], [549, 1367], [457, 1367]], '말이야', 0.9998128657696035)]
[([[1123, 637], [1185, 637], [1185, 675], [1123, 675]], '슬술', 0.314076731083129), ([[1111, 677], [1201, 677], [1201, 715], [1111, 715]], '만족해', 0.7353686094284058), ([[1111, 717], [1203, 717], [1203, 755], [1111, 755]], '주려나', 0.9995917382095872)]
[([[583, 713], [703, 713], [703, 749], [583, 749]], '시간정지', 0.9862870294862024), ([[609, 753], [675, 753], [675, 789], [609, 789]], '해제', 0.9999742062261461)]
[([[1087, 237], [1173, 237], [1173, 275], [1087, 275]], '!아앗.', 0.1791979968547821), ([[1187, 245], [1199, 245], [1199, 269], [1187, 269]], '!', 0.9998611259995052), ([[127, 459], [147, 459], [147, 491], [127, 491]], '?', 0.5615396197559653), ([[119, 497], [181, 497], [181, 533], [119, 533]], '오오', 0.32113924622535706), ([[105, 537], [195, 537], [195, 575], [105, 575]], '오오옷', 0.6205637454986572)]
[([[1081, 217], [1199, 217], [1199, 255], [1081, 255]], '뛰야저거', 0.5368443727493286), ([[1064, 257], [1217, 257], [1217, 297], [1064, 297]], '기분나빠 ', 0.6841195445136107), ([[117, 415], [179, 415], [179, 453], [117, 453]], '우엇', 0.1398387829194618), ([[115, 455], [177, 455], [177, 495], [115, 495]], '지금', 0.9999657769305327), ([[103, 497], [193, 497], [193, 535], [103, 535]], '저녀석', 0.9999018311500549), ([[89, 537], [207, 537], [207, 573], [89, 573]], '여기보고', 0.9999842643737793), ([[101, 573], [193, 573], [193, 615], [101, 615]], '있없어', 0.9037822198074841)]
[([[1113, 121], [1229, 121], [1229, 157], [1113, 157]], '몰래스의', 0.4192841438485276), ([[1125, 161], [1217, 161], [1217, 197], [1125, 197]], '여자가', 0.9998571195976114), ([[1120, 201], [1220, 201], [1220, 237], [1120, 237]], '내 쪽올', 0.4849718220447829), ([[1141, 241], [1201, 241], [1201, 277], [1141, 277]], '보고', 0.9999998314126102), ([[1127, 281], [1217, 281], [1217, 317], [1127, 317]], '무언가', 0.9739321977098384), ([[1127, 321], [1217, 321], [1217, 357], [1127, 357]], '말하고', 0.9992614011222712), ([[1125, 357], [1191, 357], [1191, 397], [1125, 397]], '있어', 0.8884559992432093), ([[1111, 399], [1229, 399], [1229, 437], [1111, 437]], '그렇다면', 0.9978139400482178)]
[([[587, 739], [707, 739], [707, 775], [587, 775]], '시간정지', 0.9999154806137085), ([[1123.5493240540143, 257.0145228372208], [1175.830745540879, 271.14121270218516], [1134.4506759459857, 425.9854771627792], [1083.169254459121, 412.85878729781484]], '5', 0.6767513806153147)]
[([[141, 87], [233, 87], [233, 125], [141, 125]], '노무라', 0.9970477634060801), ([[1037, 79], [1129, 79], [1129, 115], [1037, 115]], '다나카', 0.9958033757967882), ([[1121, 535], [1213, 535], [1213, 571], [1121, 571]], '다나카', 0.9939731955528259), ([[1087, 571], [1243, 571], [1243, 613], [1087, 613]], '스타일 중네', 0.4478369183569797), ([[1133, 615], [1195, 615], [1195, 651], [1133, 651]], '그럼', 0.9999537230739646), ([[1085, 653], [1243, 653], [1243, 691], [1085, 691]], '바라는 대로', 0.9816173427947215), ([[1105, 691], [1225, 691], [1225, 733], [1105, 733]], '엉망친창', 0.885251522064209), ([[1087, 733], [1245, 733], [1245, 771], [1087, 771]], '되게 해줄게', 0.5916632701475996)]
[]
[]
[]
[]
