2779214
118
[([[71, 415], [732, 415], [732, 759], [71, 759]], '출원수', 0.011772430696002228), ([[307, 1647], [439, 1647], [439, 1739], [307, 1739]], '짧 물', 0.018308618830714652), ([[117, 1721], [257, 1721], [257, 1763], [117, 1763]], '-시이시', 9.37264267122373e-05), ([[117, 1827], [256, 1827], [256, 1863], [117, 1863]], '스모4', 0.08358632482259587), ([[120, 1758], [252, 1758], [252, 1830], [120, 1830]], '허18', 0.05737781621716052), ([[291, 1727], [455, 1727], [455, 1923], [291, 1923]], '탓율', 0.006123089986485546), ([[1171, 1779], [1389, 1779], [1389, 1891], [1171, 1891]], '역물', 0.10902170768023466), ([[130, 1866], [242, 1866], [242, 1892], [130, 1892]], '18 초#0', 0.03429911915245392), ([[110, 1886], [260, 1886], [260, 1912], [110, 1912]], '#스 : [도부-', 0.09246265484753013), ([[1152, 1870], [1409, 1870], [1409, 1975], [1152, 1975]], '떼감)', 0.04200060578624964), ([[16.882672885933836, 234.06410261790833], [719.3342267350516, 176.40621165603514], [717.1173271140661, 468.9358973820917], [15.66577326494835, 526.5937883439649]], '혜적문', 0.008511410592949608)]
[([[1078, 1434], [1188, 1434], [1188, 1482], [1078, 1482]], '공항까지', 0.3938450515270233), ([[1045, 1753], [1121, 1753], [1121, 1795], [1045, 1795]], '최대한', 0.9995463848140409), ([[1033, 1801], [1135, 1801], [1135, 1843], [1033, 1843]], '빨리좀"', 0.7984658479690552), ([[520.9819816180111, 1416.7801797798122], [598.5247590638918, 1401.379632242577], [604.0180183819889, 1432.2198202201878], [526.4752409361082, 1447.620367757423]], '뉴섯8라5', 2.0368064257540494e-05)]
[([[264.4365691953842, 112.04704864337818], [423.7425541213708, 20.010605752021938], [575.5634308046158, 329.95295135662184], [416.2574458786292, 421.98939424797805]], '물', 0.21424041705643404), ([[98.41845010429938, 623.1192611264333], [245.72140992329068, 483.00929497632154], [489.5815498957006, 786.8807388735667], [342.2785900767093, 926.9907050236784]], '올', 0.7495904827649156), ([[877.8850390684386, 663.024875133023], [1056.1140348328831, 623.353384201312], [1113.1149609315614, 936.975124866977], [934.8859651671169, 976.646615798688]], '', 0.0)]
[]
[([[964, 1378], [1036, 1378], [1036, 1474], [964, 1474]], '맨@', 0.007719349603331599), ([[984.2594976178453, 114.03927760774621], [1037.5813183589762, 95.02417969228584], [1079.7405023821545, 221.96072239225379], [1025.4186816410238, 240.97582030771414]], '별', 0.03642089746966892), ([[555.0737387183583, 126.07192779749339], [595.597022314126, 108.02977685874006], [633.9262612816417, 201.9280722025066], [593.402977685874, 219.97022314125994]], '묶', 0.028208510356014793), ([[893.3546125260749, 201.02981528160834], [945.6336106673273, 192.19328888613637], [964.6453874739251, 322.97018471839164], [912.3663893326727, 330.8067111138636]], '지', 0.014068341435408138), ([[133.35692648063753, 789.0258883599053], [193.6906623402203, 777.1806866764811], [219.64307351936247, 928.9741116400947], [158.3093376597797, 940.8193133235189]], '월', 0.0065839505470874915), ([[1225.101374366102, 808.0367672664446], [1303.9733412996575, 784.1784509373626], [1347.898625633898, 951.9632327335554], [1269.0266587003425, 975.8215490626374]], '봄', 0.009228957993259679), ([[505.62130316889295, 1509.2035583795791], [775.1585203346995, 1476.0595113089423], [780.378696831107, 1594.7964416204209], [510.8414796653005, 1626.9404886910577]], '1    1/', 0.11829613850490578)]
[]
[([[935, 1549], [1021, 1549], [1021, 1683], [935, 1683]], '영', 0.01227075428389851), ([[383, 1731], [469, 1731], [469, 1837], [383, 1837]], '(', 0.007276268969656441), ([[853, 1781], [921, 1781], [921, 1897], [853, 1897]], '움', 0.006923711730744353), ([[1183.0336698260726, 779.0467992085481], [1258.3812595326829, 772.0108640622541], [1267.9663301739274, 901.9532007914519], [1191.6187404673171, 908.9891359377459]], '분', 0.005907152005237615)]
[([[1214, 238], [1316, 238], [1316, 386], [1214, 386]], '시', 0.27407742668179935), ([[1299, 521], [1415, 521], [1415, 649], [1299, 649]], '사', 0.2969156853183108), ([[207, 1329], [321, 1329], [321, 1541], [207, 1541]], '듯', 0.01067946972131395), ([[1015, 1451], [1081, 1451], [1081, 1535], [1015, 1535]], '유', 0.1624644901849912), ([[1013, 1201], [1213, 1201], [1213, 1504], [1013, 1504]], '{', 0.008731745802950996), ([[537, 1631], [651, 1631], [651, 1761], [537, 1761]], '멸중', 0.05348112285970156), ([[1143.2395577739624, 1680.0192881470587], [1259.3973005652533, 1668.00467411568], [1278.7604422260376, 1906.9807118529413], [1162.6026994347467, 1918.99532588432]], '출', 0.02368376905872438), ([[577.7253751787239, 1763.1170259651087], [625.639516134592, 1736.0292741329474], [675.2746248212761, 1830.8829740348913], [627.360483865408, 1858.9707258670526]], '상', 0.34431246086967704), ([[694.1132466948843, 1895.0437916183316], [756.5720891110199, 1867.018200956988], [816.8867533051157, 2013.9562083816684], [755.4279108889801, 2041.981799043012]], '별', 0.026773467969315456)]
[([[1346, 974], [1378, 974], [1378, 1014], [1346, 1014]], '7', 0.1553341982055736), ([[385, 1237], [519, 1237], [519, 1371], [385, 1371]], '71', 0.14668714490092935), ([[819, 1487], [875, 1487], [875, 1529], [819, 1529]], "코포'", 0.1504030779338029), ([[1257.4448046979269, 895.1353867781831], [1312.6504683452063, 854.023536836154], [1387.5551953020731, 969.8646132218169], [1331.3495316547937, 1009.976463163846]], '뿐', 0.8558644319166433)]
[([[459, 1857], [631, 1857], [631, 2013], [459, 2013]], '쟁', 0.007331473532526056), ([[890, 1772], [1108, 1772], [1108, 2034], [890, 2034]], '빚', 0.03817044559491478)]
[([[419, 61], [601, 61], [601, 340], [419, 340]], '낱', 0.018421896256896275), ([[426, 862], [678, 862], [678, 1084], [426, 1084]], '뼈', 0.15342109181834562), ([[996, 1064], [1052, 1064], [1052, 1126], [996, 1126]], '9?', 0.23083778449075026), ([[517, 1725], [581, 1725], [581, 1817], [517, 1817]], '댁', 0.03986443819050667), ([[746, 1766], [822, 1766], [822, 1854], [746, 1854]], '숲', 0.1535983899890434), ([[95, 1825], [151, 1825], [151, 1865], [95, 1865]], '조물', 0.9837500302697293), ([[383, 1845], [441, 1845], [441, 1883], [383, 1883]], '조물', 0.9577889412811612), ([[951.7530032237904, 296.0432464225818], [1067.671174717878, 234.01251756086802], [1181.2469967762097, 475.9567535774182], [1066.328825282122, 537.987482439132]], '흙', 0.03613552832512057), ([[968.5384615384615, 1973.6923076923076], [1020.7474093186837, 1925.0310881757962], [1095.4615384615386, 2014.3076923076924], [1043.2525906813164, 2062.968911824204]], '$', 0.16752517217943907)]
[([[1145, 69], [1219, 69], [1219, 137], [1145, 137]], '=@', 0.000282950786233514), ([[466, 348], [498, 348], [498, 412], [466, 412]], '(', 0.9623345829287508), ([[1303, 651], [1389, 651], [1389, 759], [1303, 759]], '촌7', 0.004995891756516527), ([[575.2027560725385, 1485.0187043450705], [786.9978588072212, 1605.7301927173457], [712.7972439274615, 1731.9812956549295], [501.0021411927788, 1610.2698072826543]], '"', 0.007670427859896023)]
[([[1278, 1734], [1336, 1734], [1336, 1758], [1278, 1758]], ':구많', 1.3254050427181288e-05), ([[220.4188611699158, 1637.2565835097475], [288.9431596631832, 1630.9256721270096], [291.58113883008417, 1676.7434164902525], [222.0568403368168, 1683.0743278729904]], "'6", 0.18894562376912885), ([[228.98198161801108, 1680.7801797798122], [303.49014879934776, 1665.3269312754383], [309.01801838198895, 1696.2198202201878], [234.5098512006522, 1711.6730687245617]], '보: ;', 0.004229655023664236)]
[]
[([[432, 552], [486, 552], [486, 622], [432, 622]], '씨', 0.01911300297181473), ([[162, 1320], [238, 1320], [238, 1402], [162, 1402]], '@7', 0.03266753285361261), ([[1038.5390672322417, 329.0118110287107], [1102.3960916186657, 313.0087202562915], [1154.4609327677583, 541.9881889712893], [1091.6039083813343, 557.9912797437086]], '물', 0.9357180630067887), ([[371.6257302830689, 631.0116845291027], [416.32560644145633, 619.0088414772031], [464.3742697169311, 802.9883154708973], [419.67439355854367, 814.9911585227969]], '품', 0.005083143907130827), ([[620.2264990188738, 1262.8397485283108], [648.7602859212697, 1237.058141511747], [690.7735009811262, 1286.1602514716892], [662.2397140787303, 1311.941858488253]], '쇼', 0.9577063063858446)]
[]
[([[153, 313], [167, 313], [167, 445], [153, 445]], "'", 0.13297754216536362), ([[265, 605], [351, 605], [351, 733], [265, 733]], '소', 0.00543740381133162), ([[1086, 594], [1188, 594], [1188, 720], [1086, 720]], '%', 0.04440415039516665), ([[881, 893], [919, 893], [919, 913], [881, 913]], '다_', 0.013951930148668353)]
[([[861, 343], [899, 343], [899, 399], [861, 399]], '축', 0.02111252329324831), ([[605.1514718625762, 123.060303038033], [649.8930428684113, 148.52751796435328], [590.8485281374238, 246.939696961967], [547.1069571315887, 221.47248203564672]], '@', 0.037667732822754596)]
[([[701, 131], [791, 131], [791, 181], [701, 181]], '아누나', 0.9968842317427971), ([[531, 249], [657, 249], [657, 293], [531, 293]], '오늘 회사에', 0.9937108878484999), ([[553, 297], [635, 297], [635, 339], [553, 339]], '갈필요', 0.9990948617211255), ([[536, 340], [654, 340], [654, 388], [536, 388]], '없지않야?', 0.6401567803112627), ([[586, 806], [712, 806], [712, 854], [586, 854]], '오늘은같이', 0.9793600142117599), ([[1237, 807], [1353, 807], [1353, 851], [1237, 851]], '퇴직절차루', 0.31139486037371594), ([[588, 855], [686, 855], [686, 897], [588, 897]], '진단서지:', 0.344491793581051), ([[1223, 855], [1371, 855], [1371, 899], [1223, 899]], '밟고있으니까', 0.8307325367519235)]
[([[723, 205], [789, 205], [789, 247], [723, 247]], '어머?', 0.9946545195645139), ([[697, 251], [779, 251], [779, 295], [697, 295]], '유우야', 0.9970144651235303), ([[1033, 1783], [1089, 1783], [1089, 1799], [1033, 1799]], '드=드그', 0.06325977295637131), ([[65, 1807], [134, 1807], [134, 1974], [65, 1974]], '궁', 0.06323704076438563)]
[([[230, 112], [316, 112], [316, 184], [230, 184]], '기스]', 0.004442797457206416), ([[149, 867], [191, 867], [191, 947], [149, 947]], '탑', 0.06357034932030903), ([[160, 954], [192, 954], [192, 982], [160, 982]], ')', 0.9271823460391069), ([[181, 1035], [443, 1035], [443, 1071], [181, 1071]], '##렉하]{잔##물주소 !', 0.010758598752886627), ([[180, 1094], [476, 1094], [476, 1130], [180, 1130]], '#컷# 3 #@헬?주표속}그흙', 0.00011520198677369787), ([[493, 1095], [739, 1095], [739, 1131], [493, 1131]], '##분국품록훌쓸품', 0.0037521156533089615), ([[182, 1128], [790, 1128], [790, 1160], [182, 1160]], '#쓸 *{만습리스음-;3 , 문#습못:패록}속페스근쫓-', 2.537074891504229e-05), ([[182, 1158], [398, 1158], [398, 1190], [182, 1190]], '또철#53 숙오므충 최', 0.00026339628385244166), ([[416, 1158], [888, 1158], [888, 1190], [416, 1190]], '떠문# 록릇: 묵5 #근##버-/어-유 !', 0.00015048176414026576), ([[181, 1187], [427, 1187], [427, 1223], [181, 1223]], '#소주주#습#물굶톱표', 0.00029718168265623697), ([[179, 1217], [533, 1217], [533, 1253], [179, 1253]], '#롯특기터틈둠#출 "밟틈름)버 음#', 5.049987015475246e-05), ([[545, 1217], [731, 1217], [731, 1253], [545, 1253]], '탤현륭출-움}눕책 !', 0.0008008329489700394), ([[179, 1277], [503, 1277], [503, 1313], [179, 1313]], '#롯;빠최- 벌되 붐품버품', 0.0008165175142751633), ([[182, 1306], [580, 1306], [580, 1342], [182, 1342]], '미닮스쓸 }빠 름#습 #음록 @ &지국숲', 1.8407507297271016e-05), ([[179, 1337], [725, 1337], [725, 1373], [179, 1373]], '#롯습&(소-튼++서머전*컴대#1잠##되-늄##름표#로염익품', 3.6794075461847686e-07), ([[741, 1337], [909, 1337], [909, 1373], [741, 1373]], '국습# 품야(', 0.021333126792361788), ([[181, 1397], [697, 1397], [697, 1433], [181, 1433]], '국음적#(-튼++@ 말까 {-유렉 통 _류구름버#[', 5.628122576750122e-05), ([[181, 1427], [925, 1427], [925, 1465], [181, 1465]], '#습731093 률룹 통출번7명$ (습름리#표3씨 릇3속홀철 꽃 ) 2*뒷하', 7.386838543815644e-05), ([[178, 1458], [554, 1458], [554, 1494], [178, 1494]], '#롯속-#번 규동버미트##록[', 0.0002646282444430777), ([[182, 1550], [238, 1550], [238, 1582], [182, 1582]], '출습', 0.04609898127312771), ([[286, 1550], [424, 1550], [424, 1582], [286, 1582]], '싶위 -료비*#', 0.00343618765833233), ([[182, 1580], [238, 1580], [238, 1612], [182, 1612]], '{흡', 0.1607023685015734), ([[286, 1580], [372, 1580], [372, 1612], [286, 1612]], '*병<', 0.08441091505815641), ([[180, 1610], [238, 1610], [238, 1642], [180, 1642]], ' 굶', 0.012803003727438216), ([[286, 1610], [346, 1610], [346, 1642], [286, 1642]], '당시', 0.005660199645232228), ([[182, 1640], [262, 1640], [262, 1672], [182, 1672]], '퓨#끗터', 0.00688509363681078), ([[286, 1640], [492, 1640], [492, 1672], [286, 1672]], '2021411519.', 0.37450597653024975), ([[181, 1669], [241, 1669], [241, 1705], [181, 1705]], '냄#터', 0.02342171994830216), ([[284, 1669], [552, 1669], [552, 1705], [284, 1705]], '지씬굶 물#|3(고금', 0.0007478194879689651), ([[283, 1699], [703, 1699], [703, 1735], [283, 1735]], '"### 신표튼로탓몸몸-150맑움5+8', 3.316840871775364e-05), ([[284, 1732], [522, 1732], [522, 1764], [284, 1764]], '7리|: (02)2100-1112', 0.1844845158242578), ([[1180, 1658], [1330, 1658], [1330, 1810], [1180, 1810]], '도3', 0.4256290360148623), ([[284, 1762], [520, 1762], [520, 1794], [284, 1794]], '5하*:(02)2100-1125', 0.5195627919632699), ([[279, 1785], [774, 1785], [774, 1829], [279, 1829]], '룹++오도://앙내버늑라-9<어김.+튼/7_.*[명', 1.3294979859498256e-07), ([[176, 1818], [455, 1818], [455, 1890], [176, 1890]], "'5모속쓸주(?(및 표하립", 0.00042917867693057036), ([[468, 1852], [582, 1852], [582, 1884], [468, 1884]], '지축부-탓', 0.006404476954069839), ([[902, 1770], [1243, 1770], [1243, 1923], [902, 1923]], '"쑤', 0.0010601203148396126), ([[205, 1911], [449, 1911], [449, 1947], [205, 1947]], '#름음노소]폐지좀', 0.008072704488610902), ([[468, 1912], [610, 1912], [610, 1944], [468, 1944]], '숫 %18묶춤', 0.004296646266987151), ([[629, 1911], [821, 1911], [821, 1947], [629, 1947]], '틈출기#활 기 법별률', 0.0009826470210813085), ([[1066, 1902], [1240, 1902], [1240, 1974], [1066, 1974]], '07.11', 0.530292847907944), ([[205, 1941], [371, 1941], [371, 1977], [205, 1977]], '훔-스클습#염균', 0.0010820358353136317), ([[387, 1941], [529, 1941], [529, 1977], [387, 1977]], '#볶출끝#훨', 0.01038685128367227), ([[900, 1926], [1080, 1926], [1080, 1978], [900, 1978]], '220.', 0.8555397391319275), ([[1029, 1967], [1107, 1967], [1107, 2005], [1029, 2005]], ' 쇼', 0.15610749585097736), ([[1129.3187231979005, 302.0290614154341], [1219.6626102817693, 384.7012169154692], [1175.6812768020995, 434.9709385845659], [1084.3373897182307, 353.2987830845308]], '0]', 0.031165670945018424), ([[797.2557915924648, 427.04633273971797], [893.9905890496274, 469.6640791187125], [870.7442084075352, 518.953667260282], [775.0094109503726, 476.3359208812875]], '라우%생}', 5.539132382598279e-05), ([[1004.2648405679842, 652.0452086006713], [1053.0601857003282, 646.3647861726316], [1063.735159432016, 744.9547913993287], [1014.9398142996718, 750.6352138273684]], '7', 0.7469259063602749), ([[923.2757140316598, 1275.0328543482583], [1047.992868108136, 1340.6622731785294], [1014.7242859683402, 1400.9671456517417], [890.0071318918639, 1335.3377268214706]], '커 !', 0.0016566250386416239)]
[([[370, 346], [430, 346], [430, 376], [370, 376]], '위', 0.007081833415150174), ([[354, 379], [440, 379], [440, 428], [354, 428]], '종권', 0.03018841470328378), ([[337.3859944401545, 359.0965827644789], [416.9874626323176, 371.7764104538643], [412.6140055598455, 393.9034172355211], [333.0125373676824, 381.2235895461357]], '표츠간', 0.05220994840391313)]
[([[298, 112], [351, 112], [351, 142], [298, 142]], '[데&', 0.002834436342523)]
[]
[]
[([[532, 128], [589, 128], [589, 158], [532, 158]], '밟5', 0.04537838875607733)]
[]
[([[1133, 1029], [1189, 1029], [1189, 1069], [1133, 1069]], '꾸육', 0.9302041961315999), ([[595, 1463], [669, 1463], [669, 1505], [595, 1505]], '그으', 0.0324866866480555), ([[267, 1797], [331, 1797], [331, 1841], [267, 1841]], '누나', 0.9993212503457398), ([[775.4504902432036, 1048.252451216018], [1073.704254344753, 1015.342223914529], [1077.5495097567964, 1123.747548783982], [779.295745655247, 1157.6577760854711]], '{용;의>', 0.005691146846814772)]
[]
[([[1118, 94], [1166, 94], [1166, 162], [1118, 162]], '5', 0.3807197254047878), ([[207, 795], [317, 795], [317, 839], [207, 839]], '"여보세요', 0.9710407858815097), ([[271, 1367], [387, 1367], [387, 1411], [271, 1411]], '앗 유야?', 0.43814209932471854), ([[1100.72417754692, 162.00761359925167], [1141.9795464883603, 169.4085518950531], [1106.27582245308, 352.99238640074833], [1066.0204535116397, 345.5914481049469]], '륙', 0.004424625658715264)]
[([[1157, 255], [1193, 255], [1193, 273], [1157, 273]], '금다', 0.11300811640571184), ([[113, 1217], [239, 1217], [239, 1261], [113, 1261]], '그냥그렇지', 0.997972567896778), ([[305, 1229], [515, 1229], [515, 1271], [305, 1271]], '가끔씩은 괜찮잖아~', 0.4229624445941111), ([[575, 1211], [713, 1211], [713, 1253], [575, 1253]], '무슨일이야?', 0.9961294839426611), ([[315, 1271], [505, 1271], [505, 1311], [315, 1311]], '유야듣 별일 없어?', 0.35881232190935236), ([[589, 1257], [699, 1257], [699, 1301], [589, 1301]], '집전화로?', 0.9976743704268625), ([[81, 1417], [169, 1417], [169, 1461], [81, 1461]], '그래서?', 0.9994881749153137), ([[1167, 1623], [1275, 1623], [1275, 1663], [1167, 1663]], '안녕유야', 0.9944148659706116), ([[468.33051172504383, 509.0203922907193], [633.9320426457977, 611.7791627502155], [581.6694882749562, 694.9796077092807], [415.06795735420235, 592.2208372497845]], '@튿%', 0.0011322920965384962), ([[1135.3289176989247, 1245.1406144236553], [1192.660804172574, 1199.0218569941342], [1281.6710823010753, 1323.8593855763447], [1223.339195827426, 1369.9781430058658]], '댐', 0.05702194767725732)]
[([[359, 141], [429, 141], [429, 201], [359, 201]], '06', 0.5356229053128448), ([[1023, 835], [1077, 835], [1077, 873], [1023, 873]], '미안', 0.9995938971238854), ([[985, 873], [1113, 873], [1113, 913], [985, 913]], '자고있어서', 0.975957802907892), ([[999, 913], [1099, 913], [1099, 955], [999, 955]], '못받앉어', 0.3500469740960069), ([[191, 951], [267, 951], [267, 993], [191, 993]], '괜찮아', 0.9963251415930711), ([[1119, 1225], [1183, 1225], [1183, 1269], [1119, 1269]], '지금', 0.9988359339987819), ([[1074, 1270], [1232, 1270], [1232, 1318], [1074, 1318]], '도착한거야?', 0.9055251350898104), ([[436, 1306], [462, 1306], [462, 1344], [436, 1344]], '응', 0.9995458641783586), ([[335.42275661783697, 260.05605875096853], [358.9378267243985, 266.7098411438927], [344.57724338216303, 316.94394124903147], [322.0621732756015, 310.2901588561073]], '8', 0.9972922083683358)]
[([[351, 135], [439, 135], [439, 179], [351, 179]], '괜찮아~', 0.9721884727478027), ([[1057, 151], [1203, 151], [1203, 193], [1057, 193]], '청소활테니까', 0.8423878717745185), ([[347, 181], [443, 181], [443, 223], [347, 223]], '도와줄게', 0.41113174355367765), ([[1065, 193], [1193, 193], [1193, 233], [1065, 233]], '잠깐 밖에서', 0.9068995511139417), ([[1061, 233], [1197, 233], [1197, 275], [1061, 275]], '기다러출래?', 0.5090898251786545), ([[231, 773], [303, 773], [303, 809], [231, 809]], '아~', 0.9998333554281629), ([[467, 765], [519, 765], [519, 805], [467, 805]], '어서', 0.9993890939531629), ([[1167, 761], [1291, 761], [1291, 805], [1167, 805]], '빨리 열어쥐', 0.9055644941003079), ([[219, 819], [311, 819], [311, 861], [219, 861]], '정말~"', 0.4861240088939667), ([[435, 1319], [523, 1319], [523, 1383], [435, 1383]], '찌직', 0.9325181653294758), ([[229.1086320966536, 1382.0361747888392], [314.8027589471009, 1368.6782257150119], [336.8913679033464, 1526.9638252111608], [251.19724105289907, 1541.3217742849881]], '-', 0.002125662540720441)]
[([[483, 133], [525, 133], [525, 187], [483, 187]], '비', 0.9995935376339418), ([[1103, 117], [1145, 117], [1145, 200], [1103, 200]], '직', 0.7641202608545008), ([[333, 215], [377, 215], [377, 309], [333, 309]], '직', 0.7872471601606321), ([[496, 187], [549, 187], [549, 277], [496, 277]], '액', 0.6183783069283244), ([[1065, 183], [1107, 183], [1107, 271], [1065, 271]], '직', 0.7451065377222363), ([[1247.4416853037703, 575.026032750343], [1295.7331712463883, 570.2557752976844], [1305.5583146962297, 693.973967249657], [1257.2668287536117, 697.7442247023156]], '털', 0.8768764322940434)]
[([[1197, 717], [1285, 717], [1285, 759], [1197, 759]], '어서와', 0.9972048314873053), ([[215, 739], [347, 739], [347, 783], [215, 783]], '실레합니다~', 0.9305528204500961), ([[437, 1175], [475, 1175], [475, 1195], [437, 1195]], '설= =', 0.057934837561613634), ([[473, 1621], [573, 1621], [573, 1683], [473, 1683]], '경고', 0.6803540587425232), ([[435, 1677], [567, 1677], [567, 1721], [435, 1721]], '출입금지', 0.9880943359980999), ([[406, 1712], [600, 1712], [600, 1760], [406, 1760]], '독가스발생중', 0.9985434505391456)]
[([[839, 285], [937, 285], [937, 347], [839, 347]], '경고', 0.9872271241513064), ([[788, 329], [929, 329], [929, 389], [788, 389]], '출입금지', 0.9937683939933777), ([[265, 507], [285, 507], [285, 533], [265, 533]], '%', 0.3806071208744335), ([[626, 704], [698, 704], [698, 752], [626, 752]], '경고', 0.9967097652392314), ([[341, 1677], [473, 1677], [473, 1863], [341, 1863]], '"', 0.18615016493957004), ([[179, 1855], [313, 1855], [313, 2015], [179, 2015]], '담', 0.01291186252175397), ([[762.1780050634732, 363.0680303808393], [956.9678290821139, 386.43371896473315], [948.8219949365268, 432.9319696191607], [754.0321709178861, 409.56628103526685]], '독가스발생중', 0.9993265439032045), ([[222.05955371748013, 459.80595537174804], [321.6668893707009, 381.3000982446671], [384.9404462825199, 461.19404462825196], [285.3331106292991, 540.6999017553329]], "''제공", 0.008595542050898075), ([[1002.0652700194609, 568.054795165417], [1224.9536563805268, 606.1401452561593], [1209.9347299805393, 668.945204834583], [987.0463436194732, 631.8598547438407]], '(규드', 0.028164096007444864), ([[584.1675694221406, 735.0875762840607], [692.9405813872653, 752.31310966644], [684.8324305778594, 789.9124237159393], [576.0594186127347, 772.68689033356]], '출입금지', 0.6955226353667209), ([[556.0729607040108, 761.0866917312577], [708.972527264607, 784.4765760774097], [700.9270392959892, 823.9133082687423], [547.027472735393, 801.5234239225903]], '독가스발생중_', 0.980985436786275)]
[([[110, 1198], [134, 1198], [134, 1224], [110, 1224]], '이', 0.9998985554674711), ([[110, 1230], [136, 1230], [136, 1304], [110, 1304]], '약', 0.024266053549066635), ([[110, 1304], [134, 1304], [134, 1334], [110, 1334]], '논', 0.7285055069731108), ([[110, 1334], [136, 1334], [136, 1462], [110, 1462]], '@', 0.0067451643399563666), ([[108, 1478], [134, 1478], [134, 1526], [108, 1526]], '셋', 0.2589188984059412), ([[108, 1534], [136, 1534], [136, 1608], [108, 1608]], '장', 0.8500541976832352), ([[108, 1614], [136, 1614], [136, 1800], [108, 1800]], '?', 0.057284851694213934), ([[110, 1802], [134, 1802], [134, 1828], [110, 1828]], '의', 0.9999957084701805), ([[110, 1826], [134, 1826], [134, 1882], [110, 1882]], '돈', 0.9965393732682095), ([[110, 1882], [136, 1882], [136, 1984], [110, 1984]], '닭', 0.01053829856626809)]
[([[76, 1050], [132, 1050], [132, 1110], [76, 1110]], ',', 0.27796961304490253), ([[1075, 1147], [1119, 1147], [1119, 1191], [1075, 1191]], '근', 0.7282576695631668), ([[1101, 1175], [1161, 1175], [1161, 1249], [1101, 1249]], '썩', 0.8565902545888662), ([[965, 1297], [1027, 1297], [1027, 1403], [965, 1403]], '꼴', 0.5125530977812822), ([[789.1563385122679, 633.0324006594826], [1068.920910519009, 690.6832944764316], [1043.843661487732, 784.9675993405174], [765.0790894809909, 727.3167055235684]], '.록', 0.24018579196091222)]
[([[594, 1202], [739, 1202], [739, 1241], [594, 1241]], '주무', 0.0005498778985930842), ([[955.5303870270217, 794.0221024864296], [993.5794034978009, 787.0336843045637], [1016.4696129729783, 909.9778975135704], [978.4205965021991, 916.9663156954363]], '댐', 0.007131987323358624)]
[([[335, 119], [433, 119], [433, 161], [335, 161]], '침대까지', 0.9943569302558899), ([[235, 307], [367, 307], [367, 351], [235, 351]], '부축해줄가~', 0.31931861773053605), ([[870, 904], [924, 904], [924, 952], [870, 952]], '{청', 0.025405991859009443), ([[876, 956], [908, 956], [908, 980], [876, 980]], '사', 0.4877753269892118)]
[([[195, 125], [279, 125], [279, 169], [195, 169]], '하지만', 0.9991972623671287), ([[182, 168], [292, 168], [292, 218], [182, 218]], '착오엿다', 0.5785902738571167), ([[1212, 154], [1400, 154], [1400, 202], [1212, 202]], '아슬아슬하다고', 0.5515404839680397), ([[1254, 202], [1362, 202], [1362, 250], [1254, 250]], '생각있다', 0.45136758685112), ([[1199, 573], [1255, 573], [1255, 615], [1199, 615]], '지금', 0.9999516157607532), ([[193, 655], [303, 655], [303, 699], [193, 699]], '그경계에', 0.9840829372406006), ([[217, 701], [277, 701], [277, 745], [217, 745]], '있다', 0.9999035693724511), ([[1213, 1009], [1353, 1009], [1353, 1053], [1213, 1053]], '이상한 생각', 0.9789875211012408), ([[172, 1026], [320, 1026], [320, 1080], [172, 1080]], '이상화생각', 0.8325801131385054), ([[1243, 1055], [1325, 1055], [1325, 1099], [1243, 1099]], '하지마', 0.9994350327300927), ([[1360.945256169098, 1867.093434546949], [1441.5323802101054, 1881.6777663315606], [1431.054743830902, 1934.906565453051], [1349.4676197898946, 1920.3222336684394]], '뉴7', 0.00912478102716995)]
[([[239, 145], [303, 145], [303, 189], [239, 189]], '엄마~', 0.9826175675013452), ([[1289, 145], [1389, 145], [1389, 183], [1289, 183]], '아버지나', 0.9978987574577332), ([[191, 191], [349, 191], [349, 235], [191, 235]], '누나한데 전화', 0.4002300524202408), ([[1034, 182], [1060, 182], [1060, 222], [1034, 222]], '응', 0.9998635100211608), ([[1288, 183], [1387, 183], [1387, 225], [1288, 225]], '어머니는', 0.42054516077041626), ([[1279, 225], [1397, 225], [1397, 265], [1279, 265]], '집에 있어?', 0.7715577283348182), ([[219, 1209], [291, 1209], [291, 1245], [219, 1245]], '아', 0.9181834077055306), ([[196, 1244], [318, 1244], [318, 1292], [196, 1292]], '겨울방학에', 0.680704703906143), ([[597, 1237], [705, 1237], [705, 1273], [597, 1273]], '그래 맞다', 0.567197057131028), ([[821, 1223], [865, 1223], [865, 1269], [821, 1269]], '응?', 0.9983709074768715), ([[1321, 1237], [1399, 1237], [1399, 1281], [1321, 1281]], '유우야', 0.9989119479373713), ([[188, 1286], [326, 1286], [326, 1330], [188, 1330]], '온천여행으로', 0.5775954867960177), ([[576, 1276], [718, 1276], [718, 1314], [576, 1314]], '저기옛날에', 0.9819457385006842), ([[787, 1275], [831, 1275], [831, 1311], [787, 1311]], '벌써', 0.9818888556122132), ([[211, 1327], [305, 1327], [305, 1371], [211, 1371]], '갖을때?', 0.15953218936920166), ([[598, 1314], [696, 1314], [696, 1354], [598, 1354]], '북해도로', 0.9930592775344849), ([[777, 1311], [843, 1311], [843, 1351], [777, 1351]], '끝어?', 0.8040547437349668), ([[569, 1355], [727, 1355], [727, 1397], [569, 1397]], '놀러브없잡아~', 0.09433777148876439), ([[243, 1381], [335, 1381], [335, 1417], [243, 1417]], '유행이없지', 0.7884258108863087), ([[256, 1574], [306, 1574], [306, 1606], [256, 1606]], '그때', 0.9990177825992638), ([[941, 1589], [1067, 1589], [1067, 1627], [941, 1627]], '아니누나도', 0.9998753555920019), ([[1299, 1577], [1363, 1577], [1363, 1619], [1299, 1619]], '뛰아', 0.6017695263110406), ([[187, 1609], [375, 1609], [375, 1651], [187, 1651]], '엄청 즐거워는데~', 0.3840609904915508), ([[939, 1627], [1067, 1627], [1067, 1667], [939, 1667]], '반대로 돈올', 0.8404331183898878), ([[1273, 1623], [1391, 1623], [1391, 1667], [1273, 1667]], '용돈이라면', 0.9490299222022931), ([[927, 1667], [1083, 1667], [1083, 1707], [927, 1707]], '빌리고 싶은길', 0.5848347215303192), ([[1275, 1669], [1387, 1669], [1387, 1713], [1275, 1713]], '카방의로~', 0.5857351166114815), ([[193, 1893], [295, 1893], [295, 1937], [193, 1937]], '응그램지', 0.2875209450721741), ([[799, 1885], [871, 1885], [871, 1923], [799, 1923]], '하하구', 0.20086106123887001), ([[797, 1929], [871, 1929], [871, 1971], [797, 1971]], '사축구', 0.10361789689587382)]
[([[187, 207], [311, 207], [311, 251], [187, 251]], '우선 나한데', 0.9441534130688004), ([[187, 255], [311, 255], [311, 299], [187, 299]], '전부맡겨취', 0.4277562220314139), ([[1191, 249], [1243, 249], [1243, 291], [1191, 291]], '잠깐', 0.9999646811236316), ([[1167, 295], [1265, 295], [1265, 339], [1167, 339]], '기다려보', 0.2857650816440582), ([[1193, 813], [1289, 813], [1289, 857], [1193, 857]], '자고있어', 0.9120794534683228), ([[302, 980], [382, 980], [382, 1032], [302, 1032]], '끄덕', 0.9990571366541073), ([[1173, 1019], [1283, 1019], [1283, 1063], [1173, 1063]], '이해없지?', 0.5019220851367406), ([[1200, 1638], [1230, 1638], [1230, 1692], [1200, 1692]], '3', 0.1475622457548278), ([[1104, 1812], [1152, 1812], [1152, 1876], [1104, 1876]], '#', 0.9481947411443379), ([[1162, 1846], [1194, 1846], [1194, 1902], [1162, 1902]], '규', 0.2461602553857114), ([[1065, 1887], [1163, 1887], [1163, 1973], [1065, 1973]], '##', 0.8783544583000223), ([[733.0378045449468, 332.0515822680054], [799.3350640763722, 308.0995728241853], [841.9621954550532, 442.9484177319946], [775.6649359236278, 465.9004271758147]], '필', 0.011261871402967805), ([[1204.641093180415, 1700.0161343026082], [1237.3189808891316, 1693.0127388858555], [1262.358906819585, 1818.9838656973918], [1230.6810191108684, 1825.9872611141445]], '용', 0.14967434375858435)]
[([[369, 129], [593, 129], [593, 215], [369, 215]], '[ 영핸교', 0.011963288119566071), ([[1294, 1326], [1324, 1326], [1324, 1364], [1294, 1364]], '후:', 0.48914494824809146), ([[1199, 1535], [1275, 1535], [1275, 1577], [1199, 1577]], '전화기', 0.9996437676341606), ([[1199, 1581], [1273, 1581], [1273, 1623], [1199, 1623]], '꺼끗어', 0.5623479146839102), ([[894.4765760774097, 347.02747273539296], [934.4051672287939, 333.01644308583604], [975.5234239225903, 451.97252726460704], [935.5948327712061, 465.98355691416396]], '통', 0.026193461114003336), ([[240.30513841808187, 347.0815813559439], [262.527371915451, 340.04671727347454], [278.69486158191813, 394.9184186440561], [256.472628084549, 401.95328272652546]], '8', 0.9999959468882622), ([[149.72537517872385, 1049.1170259651087], [197.86824314212447, 1028.0540548630042], [232.27462482127615, 1116.8829740348913], [184.13175685787553, 1137.9459451369958]], '흙', 0.566548632708205)]
[]
[([[831, 1517], [953, 1517], [953, 1555], [831, 1555]], '없가 유우타에게', 0.3304104229821296), ([[432, 1944], [484, 1944], [484, 1970], [432, 1970]], '군 `', 0.0761958505930534), ([[497, 1927], [630, 1927], [630, 1966], [497, 1966]], ' ', 0.010686352681715194), ([[773.4615384615385, 1527.3076923076924], [836.3746459509284, 1523.8524980312275], [837.5384615384615, 1558.6923076923076], [774.6253540490716, 1563.1475019687725]], '아빠랑다', 0.17002108693122864)]
[([[297, 681], [383, 681], [383, 723], [297, 723]], '그, 그건', 0.6890665452382273), ([[187, 809], [291, 809], [291, 853], [187, 853]], '보면 안쇄', 0.41113145379028676), ([[280, 1036], [336, 1036], [336, 1094], [280, 1094]], '꾸', 0.07193415487215393), ([[309, 1227], [427, 1227], [427, 1271], [309, 1271]], '그러고보니', 0.996739288885812), ([[590, 1222], [620, 1222], [620, 1262], [590, 1262]], '응;', 0.7245282512758038), ([[319, 1275], [417, 1275], [417, 1317], [319, 1317]], '배고프다', 0.9962034225463867), ([[169, 1367], [245, 1367], [245, 1409], [169, 1409]], '밥먹자', 0.8966155681665154), ([[831, 1427], [871, 1427], [871, 1463], [831, 1463]], '19', 0.22581603782035217), ([[195.600279916028, 1028.1413715885371], [247.673922838545, 1015.5308318422299], [262.399720083972, 1090.8586284114629], [211.326077161455, 1103.4691681577701]], '참', 0.13221973058759406)]
[([[229, 93], [245, 93], [245, 115], [229, 115]], '6', 0.8496468136990565), ([[558, 118], [624, 118], [624, 142], [558, 142]], '8,777', 0.37233338131640215), ([[645, 139], [689, 139], [689, 175], [645, 175]], "'", 0.014308340818047549), ([[841, 121], [1001, 121], [1001, 165], [841, 165]], '아무것도없네', 0.9788040616162096), ([[610, 178], [662, 178], [662, 210], [610, 210]], '고기', 0.10203831506404379), ([[852, 166], [990, 166], [990, 214], [852, 214]], '텅령비없어~', 0.5773012913694974), ([[616, 204], [678, 204], [678, 236], [616, 236]], '3텔5', 0.011045334203333314), ([[141, 255], [251, 255], [251, 295], [141, 295]], '편의점어서', 0.8048565824755403), ([[133, 299], [259, 299], [259, 341], [133, 341]], '해결하니까""', 0.5617108645734058), ([[649, 549], [693, 549], [693, 595], [649, 595]], '응?', 0.9964343868846993), ([[632, 594], [710, 594], [710, 642], [632, 642]], '알앉어', 0.3249548556781093), ([[1062, 654], [1132, 654], [1132, 686], [1062, 686]], '저기"', 0.9998534030918529), ([[275, 711], [437, 711], [437, 753], [275, 753]], '저축이 있으니까', 0.7647007922741527), ([[299, 753], [411, 753], [411, 797], [299, 797]], '퇴직대행을', 0.3724714015260983), ([[279, 793], [433, 793], [433, 837], [279, 837]], '신청하라논건가', 0.4903760888854117), ([[945, 801], [1083, 801], [1083, 843], [945, 843]], '통장이량 도장은', 0.6028606252346672), ([[254, 836], [308, 836], [308, 864], [254, 864]], '슈퍼에', 0.9662622809410095), ([[961, 841], [1063, 841], [1063, 879], [961, 879]], '책상 위에"', 0.9864958503067601), ([[244, 864], [320, 864], [320, 894], [244, 894]], '쇼평하러', 0.3257281184196472), ([[242, 894], [320, 894], [320, 920], [242, 920]], '가야켓네', 0.9481185078620911), ([[654, 1410], [932, 1410], [932, 1442], [654, 1442]], '~표고버섯과 김이 들어간 하안죽~', 0.6925418692275545)]
[([[643, 97], [661, 97], [661, 135], [643, 135]], '응', 0.9784566107852619), ([[625, 145], [701, 145], [701, 181], [625, 181]], '맛있어', 0.9284209609031677), ([[635, 167], [677, 167], [677, 185], [635, 185]], '소사^', 0.020831869817483004), ([[1217, 297], [1269, 297], [1269, 339], [1217, 339]], '전부', 0.9999475697230336), ([[1173, 343], [1315, 343], [1315, 387], [1173, 387]], '먹울수 있어?', 0.9022240823352008), ([[113, 417], [211, 417], [211, 461], [113, 461]], '다행이다', 0.9938899278640747)]
[]
[([[103, 129], [187, 129], [187, 235], [103, 235]], '1"', 0.26995591117153805)]
[]
[([[109, 129], [279, 129], [279, 173], [109, 173]], '하지만 사축에게', 0.45981672995696843), ([[711, 133], [829, 133], [829, 173], [711, 173]], '아~ 그것도', 0.8126933536592538), ([[1035, 113], [1127, 113], [1127, 155], [1035, 155]], '근데왜?', 0.9966571927070618), ([[105, 175], [285, 175], [285, 219], [105, 219]], '휴가가 존재활까?', 0.7097625819288804), ([[711, 171], [827, 171], [827, 213], [711, 213]], '괜찮켓네', 0.3646688759326935), ([[1033, 159], [1129, 159], [1129, 203], [1033, 203]], '오랫만에', 0.925309419631958), ([[999, 205], [1161, 205], [1161, 249], [999, 249]], '가족여행이라도', 0.9846435402034313), ([[1005, 251], [1157, 251], [1157, 295], [1005, 295]], '계획하는거야?', 0.8081083260895966), ([[173, 361], [213, 361], [213, 399], [173, 399]], '00', 0.8005198800455546), ([[247, 419], [313, 419], [313, 457], [247, 457]], '정말~', 0.9999598748323679), ([[245, 459], [321, 459], [321, 497], [245, 497]], '사죽이', 0.901857151730921), ([[211, 497], [349, 497], [349, 539], [211, 539]], '아니라니까~', 0.9728891521373384), ([[363, 899], [417, 899], [417, 941], [363, 941]], '오오', 0.9993931393288924), ([[1127, 907], [1241, 907], [1241, 951], [1127, 951]], '응일앉어~', 0.24569430157877495), ([[343, 945], [439, 945], [439, 989], [343, 989]], '괜찮켓네', 0.4436015486717224), ([[862, 954], [966, 954], [966, 1002], [862, 1002]], '아정원엔', 0.418158620595932), ([[849, 1003], [979, 1003], [979, 1047], [849, 1047]], '돌아올거야?', 0.3826679601571795), ([[65, 1061], [179, 1061], [179, 1105], [65, 1105]], '응잘지내~', 0.9332005330833473), ([[565, 1459], [689, 1459], [689, 1503], [565, 1503]], '혹시누나가', 0.9879574494935416), ([[575, 1505], [677, 1505], [677, 1549], [575, 1549]], '이상한말', 0.5441903373707635), ([[107, 1543], [163, 1543], [163, 1585], [107, 1585]], '그냥', 0.9998474318174598), ([[583, 1551], [671, 1551], [671, 1595], [583, 1595]], '안있어?', 0.37987565994262695), ([[70, 1586], [202, 1586], [202, 1634], [70, 1634]], '평범해논데?', 0.2495463086617498)]
[]
[([[762, 824], [836, 824], [836, 912], [762, 912]], '빼', 0.03001071084979068), ([[92, 1162], [122, 1162], [122, 1186], [92, 1186]], '##', 0.15976699177234624), ([[152.84361183074446, 652.0418432642738], [338.6780552420856, 689.6317432283015], [306.15638816925554, 821.9581567357262], [120.32194475791442, 784.3682567716985]], "퀴매 '", 0.0063681514002382755)]
[]
[]
[]
[]
[([[1281, 687], [1319, 687], [1319, 731], [1281, 731]], '국', 0.9077615765687028), ([[495, 1237], [577, 1237], [577, 1299], [495, 1299]], '불끈', 0.4124285506672678), ([[1229.8853729282278, 1555.0893121550114], [1319.2324048571977, 1567.812974788933], [1308.1146270717722, 1630.9106878449886], [1218.7675951428023, 1619.187025211067]], '품육', 0.056944008115819816)]
[([[447, 223], [489, 223], [489, 279], [447, 279]], '불', 0.98804587010369), ([[450, 278], [500, 278], [500, 332], [450, 332]], '끈', 0.9977303523227334), ([[559, 341], [595, 341], [595, 397], [559, 397]], '불', 0.9967548990658202), ([[556, 396], [604, 396], [604, 452], [556, 452]], '끈', 0.9733842285388086), ([[1087, 1359], [1141, 1359], [1141, 1473], [1087, 1473]], '불', 0.9184411254885596), ([[1231, 1425], [1269, 1425], [1269, 1483], [1231, 1483]], '불', 0.9962924576690426), ([[1228, 1482], [1276, 1482], [1276, 1536], [1228, 1536]], '끈', 0.9963247037044063)]
[([[259, 69], [301, 69], [301, 111], [259, 111]], '응?', 0.9992907422315553), ([[241, 113], [317, 113], [317, 157], [241, 157]], '알앉어', 0.33841980255405496), ([[1170, 198], [1218, 198], [1218, 250], [1170, 250]], '약', 0.8150874879643801), ([[277, 281], [343, 281], [343, 343], [277, 343]], '6', 0.9967923893667638), ([[577, 287], [657, 287], [657, 329], [577, 329]], '통장이량', 0.4358101189136505), ([[587, 327], [645, 327], [645, 369], [587, 369]], '도장은', 0.9948864362326428), ([[563, 365], [667, 365], [667, 403], [563, 403]], '책상 위에"', 0.8414943427663354), ([[1154, 348], [1202, 348], [1202, 398], [1154, 398]], '안', 0.09275401963313445), ([[1164, 498], [1196, 498], [1196, 544], [1164, 544]], '북', 0.9998120157857251), ([[713, 645], [781, 645], [781, 683], [713, 683]], '( (@', 0.05287695303559303), ([[1093, 645], [1129, 645], [1129, 695], [1093, 695]], '북', 0.9986682798543747), ([[808.5098937119894, 1835.0301390671143], [1094.9945479467378, 1886.7912257170694], [1085.4901062880106, 1923.9698609328857], [800.0054520532623, 1872.2087742829306]], '` @항오~,[잊항`현항작히물하@레히물`', 1.3553245128899127e-09)]
[([[185, 129], [360, 129], [360, 179], [185, 179]], '남겨주는거야?', 0.5931288650141846), ([[167, 573], [221, 573], [221, 615], [167, 615]], '육체', 0.8660828370882966), ([[1262, 578], [1394, 578], [1394, 628], [1262, 628]], '통장잔고와', 0.8359328491724691), ([[772, 1034], [904, 1034], [904, 1082], [772, 1082]], '동생에계는', 0.6816958061150182), ([[1178, 1054], [1242, 1054], [1242, 1080], [1178, 1080]], '필요하지', 0.9999706149101257), ([[747, 1083], [931, 1083], [931, 1127], [747, 1127]], '가치가 있8지도', 0.20547551523058366), ([[1100, 1074], [1362, 1074], [1362, 1122], [1100, 1122]], '혹시 거절하지 안듣다면', 0.4336726881762468), ([[758, 1128], [924, 1128], [924, 1176], [758, 1176]], '모르는 것흘  ?', 0.2325079637644216), ([[1222.3315670795698, 863.0562457694622], [1392.9983109676557, 893.88377003001], [1383.6684329204302, 929.9437542305378], [1213.0016890323443, 899.11622996999]], '`산@항 @하__옷뉴";', 6.983140725333206e-08)]
[([[496, 138], [574, 138], [574, 168], [496, 168]], '여여보세요', 0.9320496742305082), ([[1248, 118], [1378, 118], [1378, 166], [1248, 166]], "'그냥옛날에", 0.7755679977685694), ([[491, 163], [578, 163], [578, 201], [491, 201]], '차기야?', 0.1269625872373581), ([[1017, 169], [1079, 169], [1079, 209], [1017, 209]], '그래:', 0.8938582402908042), ([[1208, 164], [1398, 164], [1398, 212], [1208, 212]], '여행자단 이야기만', 0.2391289194549464), ([[1240, 210], [1366, 210], [1366, 258], [1240, 258]], '햇볕분인데', 0.36062250702007964), ([[175, 1059], [263, 1059], [263, 1101], [175, 1101]], '왜그래?', 0.9986744523048401), ([[189, 1365], [321, 1365], [321, 1409], [189, 1409]], '아니 뛰라고', 0.5680098016089562), ([[685, 1349], [759, 1349], [759, 1391], [685, 1391]], '갑자기', 0.9875550703491908), ([[871, 1351], [973, 1351], [973, 1395], [871, 1395]], '별일없어', 0.66684490442276), ([[1214, 1368], [1412, 1368], [1412, 1416], [1214, 1416]], '조금전전화있올때', 0.23475677768867195), ([[185, 1411], [329, 1411], [329, 1455], [185, 1455]], '말해야 좋음지', 0.2342680552306086), ([[655, 1395], [791, 1395], [791, 1439], [655, 1439]], '무슨말이야?', 0.997287062984507), ([[861, 1397], [959, 1397], [959, 1441], [861, 1441]], '보엎는데:', 0.3241625529735499), ([[1243, 1417], [1389, 1417], [1389, 1461], [1243, 1461]], '누나의분위기', 0.9974433720982416), ([[187, 1459], [313, 1459], [313, 1501], [187, 1501]], '모르완는데:', 0.2445812427860946), ([[1224, 1459], [1408, 1459], [1408, 1509], [1224, 1509]], '이상하지않앉어?', 0.9173569127232235)]
[([[64, 124], [310, 124], [310, 174], [64, 174]], '더이상 살아갈 마음이', 0.639769871275055), ([[1207, 123], [1277, 123], [1277, 165], [1207, 165]], '뛰야?', 0.9700401618234649), ([[90, 172], [284, 172], [284, 220], [90, 220]], '없 때문인거야?', 0.9979240448083875), ([[891, 297], [959, 297], [959, 359], [891, 359]], "합'", 0.02988971031136846), ([[1012, 434], [1283, 434], [1283, 561], [1012, 561]], '어자피', 0.6592172329006843), ([[1046, 566], [1256, 566], [1256, 616], [1046, 616]], '모처럼 찾아닷는데', 0.24219583815587314), ([[76, 597], [293, 597], [293, 646], [76, 646]], '더이상 내 목소리는', 0.41628469157566983), ([[796, 590], [828, 590], [828, 634], [796, 634]], '불', 0.9943465255310571), ([[1056, 614], [1246, 614], [1246, 664], [1056, 664]], '마지막으로 잠깐', 0.9542502792578191), ([[88, 644], [286, 644], [286, 692], [88, 692]], '들리지 않느거야?', 0.19871885168830403), ([[817, 633], [853, 633], [853, 691], [817, 691]], '곰', 0.9791177719341739), ([[1046, 660], [1258, 660], [1258, 708], [1046, 708]], '만나고갈 뿐이야?', 0.9225931384854537), ([[898, 702], [926, 702], [926, 746], [898, 746]], '불', 0.9990444083143899), ([[80, 712], [184, 712], [184, 838], [80, 838]], '에', 0.7663431211597391), ([[907, 749], [943, 749], [943, 825], [907, 825]], '표', 0.7971629959537871), ([[971, 733], [1319, 733], [1319, 865], [971, 865]], '#거리미', 0.2210659682750702), ([[61, 925], [467, 925], [467, 1061], [61, 1061]], '갖교교 싶없)', 0.03444768488404071), ([[986, 892], [1322, 892], [1322, 1042], [986, 1042]], '[계째', 0.005586848168180872), ([[120, 1018], [226, 1018], [226, 1066], [120, 1066]], '동생에게', 0.5963361263275146), ([[1076, 1038], [1296, 1038], [1296, 1086], [1076, 1086]], '지나친 생각인걸까?', 0.6837883051600516), ([[92, 1064], [254, 1064], [254, 1114], [92, 1114]], '몸올 내미논건', 0.22005869063784964), ([[105, 1113], [245, 1113], [245, 1157], [105, 1157]], '무슨 의미야', 0.9986881614837598), ([[326, 1082], [418, 1082], [418, 1160], [326, 1160]], '0 ', 0.6297475491030526), ([[489, 1099], [579, 1099], [579, 1195], [489, 1195]], '추', 0.011881135863692549), ([[893, 1065], [1324, 1065], [1324, 1222], [893, 1222]], '세속 해 |', 0.043619051650873424), ([[57, 1223], [508, 1223], [508, 1368], [57, 1368]], '벌고싶엇', 0.10802458971738815), ([[898, 1242], [1322, 1242], [1322, 1392], [898, 1392]], '계스계시', 0.3810282352599764), ([[63, 1419], [509, 1419], [509, 1558], [63, 1558]], '편어향일', 0.03842059522867203), ([[969, 1419], [1323, 1419], [1323, 1555], [969, 1555]], '평생동안', 0.28047863640917564), ([[92, 1622], [254, 1622], [254, 1672], [92, 1672]], '동생의 기분을', 0.7323151147830512), ([[271, 1573], [511, 1573], [511, 1705], [271, 1705]], '법이어', 0.003789388151457544), ([[795, 1571], [1153, 1571], [1153, 1703], [795, 1703]], '민 구-', 0.03087426908314228), ([[1148, 1620], [1286, 1620], [1286, 1668], [1148, 1668]], '어린 아이도', 0.9934991246704049), ([[70, 1670], [276, 1670], [276, 1718], [70, 1718]], '눈치채고 있으면서', 0.6035924138904682), ([[1175, 1669], [1259, 1669], [1259, 1713], [1175, 1713]], '아니고', 0.9998342011749184), ([[69, 1723], [433, 1723], [433, 1857], [69, 1857]], '두쁘다시 ', 0.10109194967141684), ([[781, 1729], [873, 1729], [873, 1847], [781, 1847]], '만', 0.9990715752276316), ([[1047, 1714], [1319, 1714], [1319, 1862], [1047, 1862]], '없촬터', 0.11615723537319896), ([[69, 1878], [418, 1878], [418, 2006], [69, 2006]], '오지안분', 0.12454415112733841), ([[494, 1872], [702, 1872], [702, 2005], [494, 2005]], '락', 0.0066931853463645385), ([[959, 1875], [1319, 1875], [1319, 2009], [959, 2009]], '나이니', 0.09465405576023078)]
[([[145, 0], [409, 0], [409, 121], [145, 121]], '(시금은', 0.6855031847953796), ([[314, 92], [524, 92], [524, 140], [314, 140]], '지금까지의 관계틀', 0.4090085084763229), ([[318, 138], [522, 138], [522, 188], [318, 188]], '전부 엎어버질지도', 0.2456564991562991), ([[237, 155], [325, 155], [325, 261], [237, 261]], '^', 0.24309334482838096), ([[369, 187], [473, 187], [473, 231], [369, 231]], '모르지만', 0.9968894720077515), ([[222, 287], [504, 287], [504, 415], [222, 415]], '해곱건', 0.10613846468954428), ([[150, 436], [328, 436], [328, 562], [150, 562]], '떠', 0.12790338394744882), ([[276, 632], [396, 632], [396, 706], [276, 706]], '구', 0.33191262795482146), ([[433, 633], [627, 633], [627, 717], [433, 717]], '다보', 0.02234989743246058), ([[188, 720], [326, 720], [326, 768], [188, 768]], '내가 그것올', 0.8523029470174561), ([[204, 766], [312, 766], [312, 814], [204, 814]], '원한다면', 0.8337485790252686), ([[183, 827], [821, 827], [821, 1048], [183, 1048]], '#[표 ', 0.04937373474240303), ([[873, 1151], [1464, 1151], [1464, 1359], [873, 1359]], '부_ 계도', 0.030356987771336746), ([[670, 1313], [1464, 1313], [1464, 1606], [670, 1606]], '7시 @념', 0.26684047309180653), ([[146, 1620], [553, 1620], [553, 1817], [146, 1817]], '나만의', 0.9438456240891387), ([[204, 1854], [564, 1854], [564, 2048], [204, 2048]], "'미야", 0.025157730100202346)]
[([[881, 259], [1027, 259], [1027, 299], [881, 299]], '그래서 말야~', 0.6093094319997835), ([[493, 919], [595, 919], [595, 955], [493, 955]], '자 제대로', 0.5699046088109476), ([[509, 957], [579, 957], [579, 997], [509, 997]], '닦으렵', 0.2825164351856831), ([[609, 1245], [647, 1245], [647, 1289], [609, 1289]], '때', 0.13811245501928227)]
[([[461, 115], [523, 115], [523, 157], [461, 157]], '싫에', 0.7295016799491238), ([[614, 85], [761, 85], [761, 148], [614, 148]], '슬슬년라른올', 0.032575761632970816), ([[889, 117], [959, 117], [959, 157], [889, 157]], '유야~', 0.8570028791225754), ([[879, 153], [978, 153], [978, 198], [879, 198]], "'학교까지", 0.7877043310939569), ([[857, 197], [985, 197], [985, 240], [857, 240]], '같이 가자~', 0.971202851509946), ([[634.4648993671831, 143.69032892421114], [748.391138334392, 126.60878605552907], [753.5351006328169, 169.30967107578886], [638.608861665608, 186.39121394447093]], '졸업해쥐~', 0.74477586312601)]
[]
[([[1188.7499901027927, -14.617541469298166], [1292.1084095307112, 33.36811983603805], [1095.2500098972073, 431.61754146929815], [992.8915904692886, 382.63188016396197]], '풍', 0.1279567879954726)]
[([[323, 81], [363, 81], [363, 117], [323, 117]], '아', 0.9984357518530409), ([[183, 145], [239, 145], [239, 185], [183, 185]], '내가', 0.9997745218065968), ([[162, 191], [258, 191], [258, 233], [162, 233]], '나가불계', 0.41781526803970337), ([[1173, 1371], [1287, 1371], [1287, 1749], [1173, 1749]], '물', 0.15426072866900142), ([[305, 1715], [547, 1715], [547, 1840], [305, 1840]], '절들이', 0.13082575020615764), ([[387, 1809], [527, 1809], [527, 1853], [387, 1853]], '바로 방금전', 0.99775972743946), ([[300, 1831], [694, 1831], [694, 2006], [300, 2006]], '다"나', 0.006175384908555325), ([[1168, 1743], [1294, 1743], [1294, 2005], [1168, 2005]], '역', 0.053307352951528)]
[([[224, 154], [332, 154], [332, 202], [224, 202]], '나에계만', 0.3923875093460083), ([[1150, 132], [1392, 132], [1392, 184], [1150, 184]], '지금까지의 모든 것올', 0.4670342856865175), ([[1232, 180], [1312, 180], [1312, 228], [1232, 228]], '절대로', 0.9999727451456574), ([[208, 198], [350, 198], [350, 252], [208, 252]], '중요한젓이', 0.8771551697504913), ([[212, 246], [328, 246], [328, 296], [212, 296]], "아니기에:'", 0.36433234991580654), ([[1170, 226], [1374, 226], [1374, 276], [1170, 276]], '부서버려서는 안돼', 0.3846607687710709), ([[1165, 913], [1225, 913], [1225, 995], [1165, 995]], '및', 0.32225395193586337), ([[1111, 961], [1171, 961], [1171, 1039], [1111, 1039]], '군', 0.03972637876902141), ([[1204, 1478], [1350, 1478], [1350, 1526], [1204, 1526]], '너집에있니?', 0.7151464321784151)]
[([[506, 94], [582, 94], [582, 268], [506, 268]], '규', 0.4433719172718362), ([[974, 516], [1004, 516], [1004, 606], [974, 606]], '틀', 0.29774563682218513), ([[1215, 1421], [1267, 1421], [1267, 1459], [1215, 1459]], '어머', 0.9980981057135296), ([[1195, 1465], [1289, 1465], [1289, 1509], [1195, 1509]], '유우야?', 0.9526874423027039), ([[223, 1487], [279, 1487], [279, 1531], [223, 1531]], '아참', 0.9304067219062477), ([[213, 1535], [287, 1535], [287, 1577], [213, 1577]], '그렇지', 0.20515389849361745), ([[87, 1597], [161, 1597], [161, 1641], [87, 1641]], '연락을', 0.3436368603897627), ([[65, 1643], [169, 1643], [169, 1687], [65, 1687]], '안팎구나 `', 0.3319066700339511)]
[([[290, 128], [370, 128], [370, 176], [290, 176]], '응그게', 0.6366371074326446), ([[1318, 134], [1350, 134], [1350, 172], [1318, 172]], "누'", 0.9937307800220622), ([[1307, 179], [1387, 179], [1387, 223], [1307, 223]], '누나는', 0.9821413293603307), ([[1123, 717], [1187, 717], [1187, 757], [1123, 757]], '아무', 0.2312596881638828), ([[388, 744], [480, 744], [480, 798], [388, 798]], '엄마니', 0.19106155626632998), ([[265, 877], [321, 877], [321, 917], [265, 917]], '뼈', 0.3554888272233825), ([[1266, 1600], [1430, 1600], [1430, 1652], [1266, 1652]], '유우야가말야', 0.9961925621974687), ([[253, 1659], [325, 1659], [325, 1699], [253, 1699]], '엄마도', 0.9983999783625974), ([[338, 1662], [396, 1662], [396, 1694], [338, 1694]], '빠도', 0.9848206394423744), ([[1252, 1658], [1442, 1658], [1442, 1714], [1252, 1714]], '누나름 걱정해서', 0.8461170000152719), ([[275, 1707], [379, 1707], [379, 1751], [275, 1751]], '안버로네?', 0.0976261554405957), ([[1264, 1720], [1430, 1720], [1430, 1772], [1264, 1772]], '와준거 있지심', 0.06341951681537555), ([[137, 1833], [255, 1833], [255, 1875], [137, 1875]], '걱정끼처서', 0.6717278546938543), ([[159, 1885], [229, 1885], [229, 1923], [159, 1923]], '미안~', 0.9953015246259946), ([[756.337410843551, 1700.0366975919583], [799.2192987409964, 1692.1251969751995], [818.662589156449, 1801.9633024080417], [774.7807012590036, 1809.8748030248005]], '국', 0.24973071916150857)]
[([[301, 107], [405, 107], [405, 149], [301, 149]], '내일잠깐', 0.9997396469116211), ([[101, 147], [177, 147], [177, 191], [101, 191]], '저녁은', 0.9742357497029164), ([[289, 153], [415, 153], [415, 197], [289, 197]], '누나네 집에', 0.45848989632750353), ([[821, 161], [925, 161], [925, 205], [821, 205]], '문금없이', 0.329944372177124), ([[1146, 150], [1314, 150], [1314, 198], [1146, 198]], '항상고마있다다', 0.07541108175776186), ([[67, 195], [213, 195], [213, 239], [67, 239]], '알아서해결해', 0.9996672026847252), ([[280, 199], [422, 199], [422, 243], [280, 243]], '갖다올데니까', 0.47230984953694494), ([[1014, 182], [1090, 182], [1090, 230], [1014, 230]], '말#어', 0.15504898130893707), ([[1147, 199], [1313, 199], [1313, 243], [1147, 243]], '정말 사랑하다고', 0.8794665869951253), ([[593, 833], [659, 833], [659, 875], [593, 875]], '뭐야?', 0.5664858818054199), ([[1129, 841], [1173, 841], [1173, 885], [1129, 885]], '응?', 0.997790956054959), ([[39, 989], [185, 989], [185, 1033], [39, 1033]], '무슨일이길래:', 0.9701291471125207), ([[360, 1470], [526, 1470], [526, 1518], [360, 1518]], '말하지 않아도', 0.9171722698338413), ([[325, 1515], [544, 1515], [544, 1564], [325, 1564]], '전해지논 가족에게::', 0.386306349294341), ([[1136, 1498], [1304, 1498], [1304, 1546], [1136, 1546]], '감사와 사랑을', 0.5141785387216492), ([[1139, 1547], [1299, 1547], [1299, 1591], [1139, 1591]], '말로 전한다  -', 0.3140238337276214), ([[78, 1636], [286, 1636], [286, 1684], [78, 1684]], '영화에서 클리세로', 0.5740125666864802), ([[84, 1682], [274, 1682], [274, 1730], [84, 1730]], '자주 사용하는  ', 0.6377195744328017)]
[([[1003, 91], [1109, 91], [1109, 135], [1003, 135]], '다행이다 :', 0.3753350682469885), ([[759, 135], [947, 135], [947, 179], [759, 179]], '전화도 어제밤부터', 0.9737454302435612), ([[782, 180], [912, 180], [912, 228], [782, 228]], '불통이어서:', 0.5137660205120309), ([[165, 679], [239, 679], [239, 721], [165, 721]], '유유야', 0.9995300053550376), ([[366, 688], [456, 688], [456, 740], [366, 740]], '괜찮아', 0.9732325538488273), ([[127, 729], [171, 729], [171, 771], [127, 771]], '점심', 0.9999137686369419), ([[174, 724], [272, 724], [272, 774], [174, 774]], '만들어쥐', 0.2694127559661865), ([[356, 744], [462, 744], [462, 798], [356, 798]], '괜찮아', 0.9803447291051711), ([[163, 779], [233, 779], [233, 821], [163, 821]], '4인분', 0.7055074002397086), ([[79, 1061], [225, 1061], [225, 1105], [79, 1105]], '재료가없어서', 0.9979020065711868), ([[91, 1107], [215, 1107], [215, 1151], [91, 1151]], '더이상 못해', 0.908355253994453), ([[76, 1186], [152, 1186], [152, 1216], [76, 1216]], '외식하자', 0.506064772605896), ([[62, 1342], [232, 1342], [232, 1392], [62, 1392]], '엄마는 여기에', 0.9782161406372415), ([[297, 1331], [379, 1331], [379, 1369], [297, 1369]], '그래~?', 0.7705434560775757), ([[605, 1339], [681, 1339], [681, 1381], [605, 1381]], '아빠는', 0.6597284640976164), ([[295, 1385], [377, 1385], [377, 1425], [295, 1425]], '미안해', 0.9945601593399513), ([[593, 1385], [691, 1385], [691, 1429], [593, 1429]], '돌아갈계', 0.6282095313072205), ([[1151, 1367], [1319, 1367], [1319, 1411], [1151, 1411]], '아무일도 없다면', 0.9559259989070051), ([[88, 1398], [208, 1398], [208, 1452], [88, 1452]], '있든거지?', 0.6743759101187788), ([[94, 1422], [120, 1422], [120, 1446], [94, 1446]], '사', 0.9333834869194249), ([[1184, 1410], [1287, 1410], [1287, 1461], [1184, 1461]], '다행이야', 0.9769308154465394)]
[([[322, 108], [396, 108], [396, 158], [322, 158]], '점심은', 0.9982437795935694), ([[1125, 107], [1185, 107], [1185, 145], [1125, 145]], "글쎄'", 0.6222366939232097), ([[462, 132], [684, 132], [684, 182], [462, 182]], '물론 유우야논 당분간', 0.6108007546138227), ([[721, 129], [815, 129], [815, 171], [721, 171]], '그런가~', 0.9480755925178528), ([[917, 133], [1041, 133], [1041, 177], [917, 177]], '아빠랑함께', 0.7713352994892881), ([[288, 160], [432, 160], [432, 210], [288, 210]], '두사람 못으로', 0.6362856184104958), ([[484, 184], [662, 184], [662, 234], [484, 234]], '누나랑 있을거지?', 0.19433136378024765), ([[895, 179], [1065, 179], [1065, 223], [895, 223]], '돌아갈까생각해', 0.9845369431587543), ([[325, 213], [399, 213], [399, 257], [325, 257]], '부탁해', 0.9993755034040982), ([[586, 542], [664, 542], [664, 590], [586, 590]], '알앉어', 0.7881375439419169), ([[646, 712], [730, 712], [730, 760], [646, 760]], '유우야', 0.998550262559334), ([[1119, 735], [1223, 735], [1223, 779], [1119, 779]], '빨리 앞네', 0.919334450056925), ([[1285, 729], [1361, 729], [1361, 773], [1285, 773]], '유우야', 0.9977594466104017), ([[276, 756], [332, 756], [332, 858], [276, 858]], '뿐', 0.12894753329328879), ([[364, 774], [544, 774], [544, 828], [364, 828]], '누나도 유우야틀', 0.6908835270285149), ([[618, 764], [754, 764], [754, 818], [618, 818]], '누나름 정말', 0.5517372541191548), ([[1103, 781], [1239, 781], [1239, 825], [1103, 825]], '심아행트니?', 0.23537102607414695), ([[394, 834], [494, 834], [494, 890], [394, 890]], '좋아해~', 0.48340585827827454), ([[602, 826], [748, 826], [748, 876], [602, 876]], '좋아하니까~(', 0.3494544517595765), ([[867, 853], [971, 853], [971, 893], [867, 893]], '아슬아슬햇어', 0.8379207992890721), ([[658, 1422], [686, 1422], [686, 1456], [658, 1456]], '얘', 0.9984015658489085), ([[590.0274673730843, 1085.0526998323749], [649.5757413889901, 1053.0184343317546], [716.9725326269157, 1194.9473001676251], [658.4242586110099, 1226.9815656682454]], '술', 0.43725549755981774), ([[555.3351388442811, 1203.1751525681213], [607.6812768020997, 1168.0290614154342], [665.6648611557189, 1265.8248474318787], [612.3187231979003, 1300.9709385845658]], '잡', 0.00548651488349311)]
[([[353, 117], [427, 117], [427, 159], [353, 159]], '무조건', 0.813151478767395), ([[330, 162], [450, 162], [450, 210], [330, 210]], '3명은있어', 0.9326493732952631), ([[1155, 147], [1348, 147], [1348, 192], [1155, 192]], '무슨일이 있더라도', 0.6618778473060699), ([[1179, 195], [1325, 195], [1325, 237], [1179, 237]], '절대로 아군이', 0.8882603104530071), ([[1169, 241], [1337, 241], [1337, 285], [1169, 285]], '되어주는 사람이', 0.5860755633493483), ([[149, 431], [247, 431], [247, 475], [149, 475]], '기억하고', 0.9996371269226074), ([[146, 474], [247, 474], [247, 525], [146, 525]], '있어주럼', 0.5544577240943909)]
[([[404, 372], [522, 372], [522, 424], [404, 424]], '두사람도', 0.8717742562294006), ([[379, 433], [547, 433], [547, 495], [379, 495]], '정말 좋아해', 0.966212617783866)]
[([[357.1763617125874, 830.0339767223076], [432.22138444092167, 819.533074296067], [451.8236382874126, 970.9660232776924], [376.77861555907833, 982.466925703933]], '군', 0.6365442892720239)]
[([[1081, 1445], [1153, 1445], [1153, 1487], [1081, 1487]], '유우타', 0.7050063289958572), ([[294, 1492], [490, 1492], [490, 1544], [294, 1544]], '누나 걸을 수 없~', 0.6970230479665042), ([[1060, 1492], [1170, 1492], [1170, 1540], [1060, 1540]], '좋아해~)', 0.06556533172245294), ([[333, 1547], [445, 1547], [445, 1591], [333, 1591]], '업어주~', 0.03782406449317932)]
[([[312, 92], [444, 92], [444, 140], [312, 140]], '어적수없네', 0.24196547223561296), ([[569, 161], [681, 161], [681, 205], [569, 205]], '그럴 생각', 0.4364138113417455), ([[1162, 132], [1282, 132], [1282, 188], [1162, 188]], '문-', 0.08975881791466264), ([[572, 206], [678, 206], [678, 254], [572, 254]], '이어는데', 0.2075742781162262), ([[1133, 177], [1309, 177], [1309, 237], [1133, 237]], "'외터관되이군", 0.00673887220123935), ([[354, 290], [404, 290], [404, 370], [354, 370]], '춤', 0.05099100013883007), ([[452, 358], [484, 358], [484, 396], [452, 396]], '병', 0.030803044972405047), ([[1024, 886], [1256, 886], [1256, 936], [1024, 936]], '(죽어서 편해지다라도', 0.4936990225680683), ([[172, 912], [270, 912], [270, 960], [172, 960]], '3명이나', 0.9378871917724609), ([[1012, 932], [1268, 932], [1268, 980], [1012, 980]], "'용서할 수 없는 사림이", 0.24482991379701474), ([[178, 958], [246, 958], [246, 1006], [178, 1006]], '있어', 0.7378095346235226), ([[113.15046541746177, 545.0726994212782], [150.3822970860017, 537.1948720343751], [163.84953458253824, 612.9273005787218], [126.6177029139983, 619.8051279656249]], '유', 0.0032468251406708865)]
[([[175, 73], [199, 73], [199, 186], [175, 186]], '{', 0.13527052440400666), ([[878, 122], [906, 122], [906, 186], [878, 186]], '물', 0.9210739489905251), ([[512, 394], [538, 394], [538, 422], [512, 422]], '>', 0.4973731416492946), ([[436, 438], [484, 438], [484, 500], [436, 500]], '뇌', 0.026819321195795887), ([[633, 695], [687, 695], [687, 739], [633, 739]], "'함께 '", 0.5496131041126381), ([[688, 718], [772, 718], [772, 775], [688, 775]], "'않울까?", 0.17485845577679837), ([[623, 808], [717, 808], [717, 863], [623, 863]], '{그렇켓네', 0.10519252213778703), ([[1276, 1135], [1379, 1135], [1379, 1189], [1276, 1189]], "'맛있어~", 0.7414106767813613), ([[975, 1390], [1088, 1390], [1088, 1447], [975, 1447]], '적당히"', 0.9896865487098694), ([[632.1430466182295, 648.3576165455737], [725.2075793149163, 637.298837970671], [728.8569533817705, 682.6423834544263], [635.7924206850837, 694.701162029329]], '외인이랑', 0.10342823714017868), ([[674.0769230769231, 689.3846153846154], [742.5684204424575, 675.497661417588], [749.9230769230769, 722.6153846153846], [681.4315795575425, 735.502338582412]], "'먹으면", 0.30742302536964417), ([[625.5499630235856, 739.2148779778327], [699.0300221474727, 734.0404524854498], [700.4500369764144, 781.7851220221673], [626.9699778525273, 786.9595475145502]], "'맛있지`", 0.10511630656481394), ([[644.2111456180002, 863.4222912360003], [708.214228773379, 854.619089797497], [711.7888543819998, 890.5777087639997], [647.785771226621, 899.380910202503]], '그래도', 0.9531543254852295), ([[693.6583592135001, 900.3167184270003], [741.2577300841207, 893.0244861763945], [744.3416407864999, 925.6832815729997], [696.7422699158793, 931.9755138236055]], '마서', 0.9978000538915457), ([[628.370046583403, 905.2731350918687], [699.8726606379332, 896.8373271456879], [703.629953416597, 943.7268649081313], [632.1273393620668, 952.1626728543121]], '적당히', 0.9991010552686354), ([[1025.2599556283028, 1080.2578535733992], [1106.4396404403756, 1068.9639632360222], [1112.7400443716972, 1124.7421464266008], [1031.5603595596244, 1137.0360367639778]], '끝없이', 0.9135330319404602), ([[1005.3070020560507, 1138.2438069905725], [1126.203518581009, 1127.0127948886802], [1128.6929979439492, 1183.7561930094275], [1007.7964814189911, 1194.9872051113198]], '들어7네~', 0.4121428883202177), ([[984.370046583403, 1345.2731350918687], [1063.1131372982275, 1338.1570962791664], [1064.6299534165971, 1383.7268649081313], [986.8868627017725, 1390.8429037208336]], '그러니', 0.9998368853108743)]
[([[338, 88], [390, 88], [390, 138], [338, 138]], '목욕', 0.5060711735032394), ([[389, 176], [482, 176], [482, 231], [389, 231]], '들어가~', 0.884380042552948), ([[362, 392], [391, 392], [391, 439], [362, 439]], '응', 0.9985057932991346), ([[870.8503320980383, 84.48569740588034], [967.1679609313908, 69.23809817799405], [972.1496679019617, 114.51430259411966], [875.8320390686092, 129.76190182200597]], '여보세요', 0.8414397239685059), ([[377.25995562830275, 83.25785357339916], [475.9561301424836, 72.61817002042298], [478.74004437169725, 127.74214642660084], [381.0438698575164, 137.38182997957702]], '(끝낫어~', 0.04436250882499702), ([[740.6923076923077, 161.46153846153845], [871.2725759727869, 145.136445807883], [875.3076923076923, 196.53846153846155], [744.7274240272131, 213.863554192117]], '퇴직대행의', 0.8606917516418778), ([[301.5171823341929, 200.53780113522438], [392.68521285665815, 183.25182971467345], [399.4828176658071, 233.46219886477562], [308.31478714334185, 250.74817028532655]], '유우야도', 0.956247866153717), ([[768.1579833204635, 213.2897482934367], [841.4968392706913, 204.027791977556], [845.8420166795365, 255.7102517065633], [772.5031607293087, 264.97220802244397]], "건으로'", 0.579597532749176)]
[]
[([[1282, 210], [1318, 210], [1318, 236], [1282, 236]], '누나', 0.9968008691930238), ([[1216, 232], [1378, 232], [1378, 280], [1216, 280]], '그 등장인물의', 0.9296675804314775), ([[285, 685], [397, 685], [397, 738], [285, 738]], '마지막은', 0.9723655581474304)]
[]
[]
[([[733, 1139], [793, 1139], [793, 1181], [733, 1181]], '스르록', 0.4919500777722596)]
[([[1284, 1226], [1320, 1226], [1320, 1258], [1284, 1258]], '(', 0.643782905836904), ([[1074, 1532], [1154, 1532], [1154, 1608], [1074, 1608]], '3', 0.2667760019400909), ([[1229, 1539], [1299, 1539], [1299, 1599], [1229, 1599]], '[3', 0.22024602086912826)]
[]
[([[553.4145714558118, 89.02862884928012], [634.7439662647203, 160.26597244838632], [598.5854285441882, 202.97137115071988], [517.2560337352797, 131.73402755161368]], '[교', 0.001889930213491897)]
[([[750, 356], [800, 356], [800, 412], [750, 412]], '{ ', 0.051368098070738485), ([[798, 398], [838, 398], [838, 422], [798, 422]], '79', 0.8012202472257778), ([[801, 421], [819, 421], [819, 445], [801, 445]], '3', 0.9992526974219942), ([[324, 556], [354, 556], [354, 588], [324, 588]], '스', 0.09882462216559418), ([[355.5815944344623, 549.0293204846824], [384.34164078649985, 551.3167184270003], [377.4184055655377, 625.9706795153176], [348.65835921350015, 622.6832815729997]], '원', 0.09448058999328968), ([[904.7513541332108, 1513.131364426091], [942.6216365055567, 1488.0322895466554], [992.2486458667892, 1571.868635573909], [955.3783634944433, 1595.9677104533446]], '털', 0.016008021264824812)]
[([[1198, 1538], [1253, 1538], [1253, 1631], [1198, 1631]], '답', 0.15255089607830374), ([[1126, 1588], [1176, 1588], [1176, 1676], [1126, 1676]], '위', 0.014518080606195305)]
[]
[([[571, 601], [607, 601], [607, 637], [571, 637]], '또', 0.014178156605577863)]
[([[814.2740592751774, 803.0219780404257], [948.7538745364066, 913.5820600953678], [883.7259407248226, 991.9780219595743], [750.2461254635934, 882.4179399046322]], '태탕하', 0.0034898818648055004)]
[]
[]
[]
[([[1150.5129924896828, 138.1597654525404], [1191.5626893294423, 99.02265231491708], [1274.4870075103172, 197.8402345474596], [1232.4373106705577, 236.97734768508292]], '$', 0.4089198748502554), ([[1115.2828546384055, 1261.0516970049982], [1153.5127463536878, 1247.0263603692285], [1184.7171453615945, 1339.9483029950018], [1146.4872536463122, 1353.9736396307715]], '3', 0.3174506909644812)]
[([[749, 1057], [813, 1057], [813, 1133], [749, 1133]], '[래', 0.05444895716538366)]
[]
[]
[]
[([[13, 5], [157, 5], [157, 137], [13, 137]], '(', 0.9977941769705154), ([[17.027485298291857, 514.0590044814741], [184.66384953941673, 349.00667789098804], [517.9725147017082, 746.9409955185259], [350.33615046058327, 911.993322109012]], '술', 0.8322018790388483)]
[([[280, 118], [404, 118], [404, 238], [280, 238]], '"', 0.19175453667176967), ([[684, 204], [762, 204], [762, 290], [684, 290]], '#7', 0.7594381848964352), ([[303.7947377530014, 246.3973688765007], [523.3050558062265, 136.77270452816097], [586.2052622469986, 266.6026311234993], [366.69494419377355, 376.227295471839]], '왜 $', 0.022529268900824493), ([[536.8945142344195, 964.0556909207526], [701.2088917617592, 987.9038397252201], [683.1054857655805, 1084.9443090792474], [518.7911082382408, 1061.09616027478]], '{쿠', 0.026892851069219983), ([[117.34067510988372, 1537.0114431646512], [251.19378404087573, 1508.2703512179153], [319.6593248901163, 1862.9885568353488], [185.80621595912427, 1891.7296487820847]], '초', 0.0037657351174086445)]
[([[1121.7852532131767, 150.0672789185902], [1195.6694882749562, 113.0203922907193], [1262.2147467868233, 261.9327210814098], [1188.3305117250438, 298.9796077092807]], '셈', 0.058157379151088984)]
[([[1125, 785], [1191, 785], [1191, 851], [1125, 851]], '(8', 0.08537937123071614), ([[1210, 852], [1282, 852], [1282, 932], [1210, 932]], '여', 0.18787498711984174), ([[1156, 944], [1228, 944], [1228, 1022], [1156, 1022]], "'(", 0.09233010935145984), ([[974, 1142], [1034, 1142], [1034, 1190], [974, 1190]], '탤름', 0.7603366982616542), ([[1058, 1124], [1120, 1124], [1120, 1172], [1058, 1172]], '탤름', 0.5441846028651824), ([[811.8038216657567, 1539.0477708219582], [905.6218715207411, 1481.0128963501386], [1022.1961783342433, 1693.9522291780418], [928.3781284792589, 1751.9871036498614]], '$', 0.0665760960218087), ([[254.3424950994306, 1666.0196681604914], [327.48624989024216, 1636.0107524805271], [408.6575049005694, 1854.9803318395086], [335.51375010975784, 1883.9892475194729]], '@', 0.03273165455012639), ([[784.3192797194155, 1720.019323061713], [868.9907199976122, 1701.1662755697496], [913.6807202805845, 1919.980676938287], [829.0092800023878, 1938.8337244302504]], '별', 0.10834061922541682), ([[421.23721451864014, 1806.0242679426506], [501.51899444208584, 1769.011228387817], [593.7627854813599, 1986.9757320573494], [513.4810055579142, 2023.988771612183]], ')', 0.012884360589637822)]
[([[1165, 524], [1459, 524], [1459, 767], [1165, 767]], '41', 0.8264483858061917), ([[1239, 1583], [1259, 1583], [1259, 1607], [1239, 1607]], '0', 0.9998702744649295), ([[1266.4207000823687, 336.54624026357965], [1390.1739490651303, 288.71008489144947], [1422.5792999176313, 391.45375973642035], [1299.8260509348697, 439.28991510855053]], '45', 0.00451949820269057), ([[12.146595264085201, 571.0104058274933], [265.42440417943436, 527.5884481428385], [340.8534047359148, 1050.9895941725067], [88.57559582056561, 1094.4115518571614]], '(@', 0.027377758886556285), ([[1196.5414917129106, 800.3572486200459], [1356.208176032152, 680.0260780247864], [1500.4585082870894, 917.6427513799541], [1340.791823967848, 1036.9739219752134]], '{', 0.727117408334621)]
[([[616, 28], [678, 28], [678, 82], [616, 82]], '웬', 0.032096511195632615), ([[1091, 311], [1201, 311], [1201, 439], [1091, 439]], '9', 0.05341201421530073), ([[871, 717], [1029, 717], [1029, 879], [871, 879]], '닭', 0.21173802565959932), ([[1095, 1057], [1237, 1057], [1237, 1195], [1095, 1195]], '하', 0.2746545759370669), ([[825, 1199], [911, 1199], [911, 1265], [825, 1265]], '하', 0.158737978761736), ([[867, 1245], [911, 1245], [911, 1293], [867, 1293]], '그', 0.024757598114749868), ([[816, 1294], [914, 1294], [914, 1392], [816, 1392]], '항', 0.07053924179808124), ([[1077, 1227], [1227, 1227], [1227, 1363], [1077, 1363]], '하', 0.5093318670520972), ([[688, 1342], [784, 1342], [784, 1440], [688, 1440]], '', 0.0), ([[408.0550196978472, 753.6925689424652], [504.82861371629906, 662.01908235631], [634.9449803021528, 823.3074310575348], [538.1713862837009, 914.98091764369]], '문', 0.05787910563945875)]
[([[710, 62], [764, 62], [764, 118], [710, 118]], '[', 0.6782765987211405), ([[478, 735], [667, 735], [667, 840], [478, 840]], '$$', 0.06529096721006551), ([[558, 1161], [744, 1161], [744, 1259], [558, 1259]], '88 8', 0.1767334956110582), ([[1146.0128157622942, 595.0152306983335], [1449.8763973801163, 731.5947584909684], [1331.9871842377058, 982.9847693016665], [1028.1236026198837, 846.4052415090316]], '{8;', 0.1397577075958717), ([[759.9122232025638, 699.0269086917895], [909.9480134024105, 641.1984125124062], [1011.0877767974362, 944.9730913082105], [861.0519865975895, 1002.8015874875938]], '용', 0.01886138994882658), ([[1042.0083556344864, 1182.018917623541], [1335.0112414782252, 1285.89804254322], [1254.9916443655136, 1495.981082376459], [960.9887585217749, 1392.10195745678]], '([', 0.04213953420795545), ([[475.77074585645533, 1812.178624310023], [559.8125813010644, 1757.0236016216923], [641.2292541435447, 1901.821375689977], [557.1874186989356, 1956.9763983783077]], '(총', 0.017790617700052212)]
[([[23, 1245], [263, 1245], [263, 1593], [23, 1593]], '8', 0.027979578517017822), ([[121, 1551], [237, 1551], [237, 1683], [121, 1683]], '01', 0.22482575985071607), ([[1104.391059046522, 47.0077264329706], [1279.5411303839403, 107.61060651944736], [1148.608940953478, 488.9922735670294], [973.4588696160597, 429.38939348055266]], '온?', 0.007838425932200174), ([[67.44111356012513, 532.0057849540439], [268.5876848613301, 561.6681586644092], [191.55888643987487, 1068.994215045956], [-9.587684861330107, 1039.3318413355908]], '죄', 0.041494396655764376)]
[([[1220.5174709419791, 1523.011648498968], [1293.9695776273002, 1515.1958802552172], [1318.4825290580209, 1749.988351501032], [1245.0304223726998, 1758.8041197447828]], '톱', 0.014146756267298388), ([[961.0867687507281, 1668.0321162603393], [1058.4014266482168, 1659.1752551755255], [1070.9132312492718, 1835.9678837396607], [973.5985733517833, 1844.8247448244745]], '뿐', 0.02834680891387742), ([[900.145035400145, 1800.0304956020311], [987.8555561369972, 1786.636255596219], [1010.854964599855, 1963.9695043979689], [923.1444438630028, 1977.363744403781]], '륙', 0.005844554305823257)]
[]
[([[741, 1162], [1019, 1162], [1019, 1649], [741, 1649]], '$', 0.7453438461516839), ([[812, 1652], [948, 1652], [948, 1732], [812, 1732]], '명3주', 0.00013337574102011197), ([[631.5176948604782, 848.0194162699289], [675.3938853444095, 834.0129427649755], [721.4823051395218, 983.9805837300711], [677.6061146555905, 997.9870572350245]], '물', 0.01086682421507229)]
[([[1027, 325], [1165, 325], [1165, 519], [1027, 519]], ')', 0.0022439671754762025)]
[([[613, 565], [653, 565], [653, 611], [613, 611]], '콤', 0.019720100382941474), ([[616, 612], [640, 612], [640, 652], [616, 652]], '8', 0.9999604229074635), ([[1231.5777264820422, 465.0074320899971], [1317.3634695196893, 442.0055058502554], [1400.4222735179578, 772.9925679100029], [1314.6365304803107, 795.9944941497446]], '{', 0.24258264816698816)]
