2786362
37
[([[813, 471], [1089, 471], [1089, 804], [813, 804]], '꼬)', 0.006951426276059327), ([[503.152308173076, 748.0461634615198], [733.5040907897949, 622.1663014654125], [913.847691826924, 1021.9538365384802], [683.4959092102051, 1147.8336985345875]], '콩', 0.0559194769334761)]
[([[200, 592], [600, 592], [600, 719], [200, 719]], '뒷으니까', 0.4275275766849518)]
[([[396, 359], [598, 359], [598, 487], [396, 487]], '빨리', 0.9999802753318743), ([[282, 484], [722, 484], [722, 611], [282, 611]], '넣기나해 .', 0.5689924990337684), ([[280, 2686], [466, 2686], [466, 2795], [280, 2795]], '%보7', 0.01390858099249813), ([[767, 2958], [943, 2958], [943, 3074], [767, 3074]], "유'", 0.3587614368731077)]
[([[242, 404], [482, 404], [482, 504], [242, 504]], '원가요', 0.8357278115569491), ([[202, 504], [524, 504], [524, 604], [202, 604]], '그 섭섭한', 0.54735850439858), ([[206, 602], [513, 602], [513, 707], [206, 707]], '태도는...', 0.9215227616134238), ([[390.35988167547407, 1032.6876095290645], [635.4918435646268, 960.8672765467678], [665.6401183245259, 1096.3123904709355], [420.5081564353732, 1169.1327234532323]], '@글다', 0.35647448157941203)]
[([[267, 470], [497, 470], [497, 572], [267, 572]], '이래선', 0.999552647557869), ([[148, 569], [615, 569], [615, 670], [148, 670]], '누가 노예인지', 0.9977453125480918), ([[233, 667], [534, 667], [534, 769], [233, 769]], '모르켓네', 0.8673400823834807), ([[760, 2167], [898, 2167], [898, 2275], [760, 2275]], '웃', 0.45108544920003624), ([[946.0474406941576, 953.1368289285183], [1123.7610153699509, 931.0445241216516], [1130.9525593058424, 1051.8631710714817], [953.2389846300491, 1072.9554758783484]], '흥유|', 0.04272512263016598), ([[18.62056172408461, 1350.165235792986], [195.34161191752258, 1287.0291670048364], [227.3794382759154, 1395.834764207014], [50.658388082477416, 1459.9708329951636]], '몸물', 0.10610175394144429), ([[919.1565258377079, 1698.3417559346024], [1104.0643065686731, 1657.1362638377736], [1119.843474162292, 1762.6582440653976], [934.9356934313267, 1803.8637361622264]], '주물', 0.9787937723856057)]
[([[162, 367], [516, 367], [516, 447], [162, 447]], '그냥 솔직하게', 0.9975123564551188), ([[107, 438], [570, 438], [570, 519], [107, 519]], '식스트 좋아한다고', 0.2808334783841062), ([[183, 513], [496, 513], [496, 591], [183, 591]], '하면 월 것올', 0.24784927268073928), ([[109, 1250], [347, 1250], [347, 1427], [109, 1427]], '꽤', 0.3558346250179625), ([[462, 1769], [610, 1769], [610, 1893], [462, 1893]], '아', 0.4322424885658762), ([[592, 1857], [802, 1857], [802, 2064], [592, 2064]], '약', 0.7242095402482995), ([[334, 2134], [398, 2134], [398, 2196], [334, 2196]], '아', 0.9978602662103562), ([[262, 2212], [545, 2212], [545, 2309], [262, 2309]], '아니거든', 0.8234401345252991), ([[381.20883699001877, 1073.0313460742366], [499.99144974192893, 1148.586560700334], [453.79116300998123, 1218.9686539257634], [335.00855025807107, 1143.413439299666]], '~(', 0.019397114673875112), ([[852.1743749006155, 1329.0284360589242], [1028.9310136830802, 1401.7151216033606], [985.8256250993845, 1497.9715639410758], [810.0689863169197, 1425.2848783966394]], '룹애', 0.0033068514319064724)]
[([[575, 645], [915, 645], [915, 758], [575, 758]], '부끄러워', 0.6006664633750916), ([[613, 755], [878, 755], [878, 872], [613, 872]], '하시긴', 0.9981991224857242), ([[125, 879], [437, 879], [437, 1161], [125, 1161]], ';', 0.3067858673107402), ([[416.06126139863085, 1159.00667632375], [913.1449890920545, 1334.736655173065], [674.9387386013691, 1993.99332367625], [177.85501090794554, 1818.263344826935]], '{', 0.40640099109920413)]
[([[372, 358], [902, 358], [902, 475], [372, 475]], '자지가 보지에', 0.9958158252445348), ([[439, 471], [867, 471], [867, 588], [439, 588]], '스칠때마다', 0.6477256806090358), ([[382, 576], [921, 576], [921, 698], [382, 698]], '이렇게 귀여운', 0.7861806279281501), ([[343, 685], [963, 685], [963, 808], [343, 808]], '소리가 나는데요', 0.8497174741967564), ([[143, 1162], [927, 1162], [927, 1392], [143, 1392]], '@아아07', 0.3025411820824494), ([[742, 2063], [1080, 2063], [1080, 2702], [742, 2702]], '업', 0.07666924922290619), ([[231, 3369], [657, 3369], [657, 3995], [231, 3995]], '({', 0.12052650886234184)]
[([[172, 298], [599, 298], [599, 397], [172, 397]], '장난치지말고', 0.8437949934402338), ([[131, 390], [638, 390], [638, 487], [131, 487]], '빨리 넣으라곳! !', 0.8441425172215352), ([[224, 485], [538, 485], [538, 576], [224, 576]], '하웃  ! 9', 0.11124685704216818), ([[53.2787024022359, 1464.0494217989046], [396.85434306512184, 1436.5660348085698], [400.7212975977641, 1697.9505782010954], [57.14565693487817, 1725.4339651914302]], '하학', 0.21188323266643497), ([[831.6999668690902, 1554.13972832654], [1091.435349958694, 1509.646026081862], [1107.3000331309097, 1673.86027167346], [847.5646500413061, 1718.353973918138]], '하다', 0.8114078647464771)]
[([[543, 500], [1048, 500], [1048, 610], [543, 610]], '제 장난감인데', 0.8152947369084527), ([[498, 605], [1101, 605], [1101, 719], [498, 719]], '어떻게 갖고 놀튼', 0.4162369894939675), ([[622, 714], [974, 714], [974, 822], [622, 822]], '내 맘이조', 0.7047280458480536), ([[893, 1506], [1173, 1506], [1173, 1761], [893, 1761]], '{', 0.7072433391043695), ([[45, 1813], [336, 1813], [336, 2083], [45, 2083]], '와', 0.01061529064752964), ([[489, 1494], [880, 1494], [880, 2040], [489, 2040]], '틀', 0.9918489343263559)]
[([[193, 732], [830, 732], [830, 870], [193, 870]], '자지름 원한다고', 0.3549061620894285), ([[238, 854], [782, 854], [782, 976], [238, 976]], '빨리 솔직하게', 0.9984730514402704), ([[330, 966], [687, 966], [687, 1088], [330, 1088]], '말하시면', 0.9964790940284729), ([[242, 1080], [781, 1080], [781, 1196], [242, 1196]], '넣어드질게요', 0.3100227217805886), ([[698, 1821], [880, 1821], [880, 1935], [698, 1935]], '굵%움', 0.010364945998550581), ([[171, 2431], [359, 2431], [359, 2540], [171, 2540]], '색물0', 0.05443736152503475), ([[968, 2635], [1155, 2635], [1155, 2760], [968, 2760]], '구', 0.06509558652692338), ([[169, 3300], [347, 3300], [347, 3434], [169, 3434]], '용%', 0.03173055159425241)]
[([[133, 236], [329, 236], [329, 353], [133, 353]], '용사', 0.9999290254448385), ([[129, 355], [321, 355], [321, 472], [129, 472]], '키미', 0.9997745218065968), ([[208, 950], [432, 950], [432, 1064], [208, 1064]], '하아', 0.1936632774873346), ([[723, 2987], [844, 2987], [844, 3096], [723, 3096]], '"록', 0.07881074268826706), ([[835.9343979203603, 1107.0406127567194], [1062.3616719057939, 1146.820798655016], [1035.0656020796398, 1265.9593872432806], [808.638328094206, 1226.179201344984]], '7', 0.035779697626040274), ([[486.24833642349944, 2596.025711783092], [627.9992477089309, 2680.871353827966], [576.7516635765005, 2763.974288216908], [435.00075229106915, 2679.128646172034]], "4각 '", 0.03894728794693947), ([[639.1100137799586, 4474.976022047934], [802.7777600223009, 4408.58335711299], [838.8899862200414, 4513.023977952066], [675.2222399776991, 4579.41664288701]], '능록.', 0.09153562363569989)]
[([[333, 475], [471, 475], [471, 555], [333, 555]], '진장_', 0.16990727425826554), ([[232, 552], [624, 552], [624, 633], [232, 633]], '이자식 말대로', 0.9221970036025514), ([[209, 629], [646, 629], [646, 715], [209, 715]], '거기가 미친듯이', 0.9023252111429042), ([[220, 708], [637, 708], [637, 792], [220, 792]], '남자지 원해서 .', 0.255497510781792), ([[29, 1663], [325, 1663], [325, 1826], [29, 1826]], '43 {', 0.24839117127652982), ([[572.437093810085, 1988.460956478323], [802.5880463612382, 1863.9435331277473], [848.562906189915, 1977.539043521677], [618.4119536387618, 2101.0564668722527]], '두리 )', 0.6634551882743835)]
[([[402, 292], [466, 292], [466, 358], [402, 358]], '더', 0.9996157061780195), ([[315, 356], [514, 356], [514, 441], [315, 441]], '이상은:', 0.7794187043974441), ([[20, 711], [137, 711], [137, 857], [20, 857]], '영', 0.34153102117508993), ([[614, 824], [773, 824], [773, 985], [614, 985]], '빼', 0.0054215663694776595), ([[670, 1327], [866, 1327], [866, 1464], [670, 1464]], '구', 0.03437932443701741), ([[117.15198626920697, 1503.1070819151798], [333.8082144837607, 1482.4109624185749], [337.848013730793, 1620.8929180848202], [121.19178551623932, 1641.5890375814251]], '{위', 0.062074484630639575)]
[([[744, 371], [1046, 371], [1046, 488], [744, 488]], '주세요', 0.9997082543424565)]
[([[216, 455], [750, 455], [750, 569], [216, 569]], '제 변태 보지에', 0.48643210991563385), ([[168, 557], [785, 557], [785, 677], [168, 677]], '주인남 자지 푹푹', 0.6821030002015096), ([[255, 668], [686, 668], [686, 782], [255, 782]], '찢러주세요', 0.29030478704077595), ([[930, 2900], [1067, 2900], [1067, 3043], [930, 3043]], '하 ', 0.4858203982358763), ([[516, 3344], [702, 3344], [702, 3458], [516, 3458]], '제가', 0.9994828973366159), ([[363, 3453], [871, 3453], [871, 3569], [363, 3569]], '잘못햇어요..', 0.47710815821202696), ([[945.1411165784699, 1466.0369523102506], [1022.0834425802698, 1452.4872516140613], [1045.8588834215302, 1601.9630476897494], [968.9165574197302, 1616.5127483859387]], '$', 0.03558034924830977), ([[152.9564748879437, 2593.0340657855386], [358.33500108580705, 2649.4351624674805], [318.0435251120563, 2777.9659342144614], [112.66499891419296, 2722.5648375325195]], '하 5', 0.09166420251131058)]
[([[151, 381], [435, 381], [435, 478], [151, 478]], '주인남의', 0.9153442978858948), ([[120, 471], [487, 471], [487, 568], [120, 568]], '정자가 잔뜩', 0.999620192299612), ([[96, 564], [439, 564], [439, 655], [96, 655]], '필요해요..', 0.6995052683408628), ([[757, 1090], [1003, 1090], [1003, 1234], [757, 1234]], '하하아)', 0.30252376198768616), ([[623, 2256], [772, 2256], [772, 2349], [623, 2349]], '제발', 0.9992930176892207), ([[469, 2345], [930, 2345], [930, 2442], [469, 2442]], '부탁드럽니다 .', 0.3561899945535304), ([[399.5896978304283, 1886.2253985012699], [609.7246324426904, 1856.6527379950628], [617.4103021695718, 1964.7746014987301], [407.27536755730955, 1995.3472620049372]], '하아', 0.9835055831985742)]
[([[303, 364], [545, 364], [545, 462], [303, 462]], '보세요,', 0.8848350048065186), ([[212, 457], [635, 457], [635, 554], [212, 554]], '솔직해지니까', 0.9763656329073375), ([[205, 545], [638, 545], [638, 642], [205, 642]], '이렇게 귀엽고', 0.8985503112506318), ([[272, 638], [569, 638], [569, 729], [272, 729]], '종잖아요', 0.4670531749725342), ([[18, 1166], [177, 1166], [177, 1329], [18, 1329]], '공', 0.0029076931053419047), ([[121, 1278], [260, 1278], [260, 1419], [121, 1419]], '@!', 0.2105468404214726), ([[974, 1640], [1147, 1640], [1147, 1752], [974, 1752]], '@`', 0.0256070523181465), ([[708, 1937], [931, 1937], [931, 2029], [708, 2029]], '으흐록', 0.30368772969467617), ([[667, 2030], [1031, 2030], [1031, 2127], [667, 2127]], '알켓으니까', 0.41575016923777464), ([[626, 2122], [1061, 2122], [1061, 2219], [626, 2219]], '이제 빨리이.', 0.9469150684300092), ([[839.1100408093934, 1404.0180079920165], [1088.8357977990954, 1529.3171033420906], [1002.8899591906066, 1694.9819920079835], [752.1642022009046, 1570.6828966579094]], '엔예', 0.03539075814912699)]
[([[415, 581], [1043, 581], [1043, 680], [415, 680]], '원랜 더 괴롭히논데,', 0.5692645701369679), ([[401, 673], [1058, 673], [1058, 775], [401, 775]], '용사남은 귀여우니까', 0.7683630034784709), ([[529, 768], [908, 768], [908, 865], [529, 865]], '특별히 바로', 0.9780740574490517), ([[507, 862], [948, 862], [948, 959], [507, 959]], '넣어드질게요', 0.35657620524302747), ([[183, 2334], [428, 2334], [428, 2433], [183, 2433]], '후으욕', 0.6220214306163885), ([[42.070779441912556, 1040.0776650797156], [324.6728774353513, 1001.7620997923054], [338.9292205580874, 1211.9223349202844], [55.32712256464865, 1249.2379002076946]], '육', 0.7879860364810156), ([[195.97310377030678, 1939.0293159803684], [419.1478658019363, 2001.5272768717225], [372.02689622969325, 2149.970684019632], [149.8521341980637, 2087.4727231282777]], "'새", 0.21748288225225595)]
[([[762, 309], [1269, 309], [1269, 862], [762, 862]], '유', 0.11537320009233909), ([[954, 914], [1248, 914], [1248, 1248], [954, 1248]], '짜', 0.19658349719635737), ([[0, 941], [338, 941], [338, 1645], [0, 1645]], '%', 0.02269183373222483), ([[910, 1119], [1280, 1119], [1280, 1759], [910, 1759]], '8', 0.1961622597011683), ([[80.56173668982726, 382.1907730903263], [424.50803763068865, 134.11756704696188], [583.4382633101727, 416.8092269096737], [239.49196236931132, 664.8824329530381]], '똑', 0.04741955891682892)]
[([[144, 284], [764, 284], [764, 658], [144, 658]], '꺼로', 0.10551131044567796), ([[937, 424], [1063, 424], [1063, 556], [937, 556]], '8', 0.5911824270027957), ([[960, 551], [1068, 551], [1068, 695], [960, 695]], '8', 0.2740409810785991), ([[179, 1763], [334, 1763], [334, 1886], [179, 1886]], '5', 0.009814499805649801), ([[552, 1600], [1155, 1600], [1155, 2008], [552, 2008]], '꺼격 ', 0.005460902413551144)]
[([[385, 349], [512, 349], [512, 429], [385, 429]], '기분', 0.9997774718924124), ([[329, 426], [570, 426], [570, 505], [329, 505]], '종으세요', 0.40013229846954346), ([[338, 502], [555, 502], [555, 582], [338, 582]], '용사님?', 0.9342086911201477), ([[56, 1143], [409, 1143], [409, 1408], [56, 1408]], "')", 0.012026537377548786), ([[699, 2130], [816, 2130], [816, 2243], [699, 2243]], '3', 0.04740824144482758), ([[819, 2202], [978, 2202], [978, 2310], [819, 2310]], '08', 0.02352839576505438), ([[127.90797217231162, 933.1466024234124], [397.98015982501084, 906.4823241013479], [401.0920278276884, 1033.8533975765877], [132.01984017498916, 1060.5176758986522]], '홍의', 0.1837813190433668), ([[765.2158287340504, 1792.0590138841624], [1086.5052487551136, 1760.4348420590388], [1094.7841712659495, 1996.9409861158376], [773.4947512448864, 2028.5651579409612]], ')', 0.07484900859113797)]
[([[437, 149], [636, 149], [636, 228], [437, 228]], '왜 벌써', 0.9782398714728984), ([[399, 225], [672, 225], [672, 305], [399, 305]], '오섞어요?', 0.3747397340430363), ([[382, 299], [698, 299], [698, 385], [382, 385]], '아직 축제가', 0.9989712256691671), ([[389, 377], [677, 377], [677, 461], [389, 461]], '한창인데...', 0.7719603047309249), ([[104, 2064], [485, 2064], [485, 2145], [104, 2145]], '마왕을 무찌롭', 0.2484928806718936), ([[168, 2141], [418, 2141], [418, 2225], [168, 2225]], '주인공이', 0.9989043474197388), ([[166, 2222], [418, 2222], [418, 2306], [166, 2306]], '자리에서', 0.9958422780036926), ([[177, 2303], [380, 2303], [380, 2387], [177, 2387]], '빠지면.', 0.9669545888900757), ([[460, 2573], [752, 2573], [752, 2701], [460, 2701]], '닥처! !', 0.9408767169079254)]
[([[321, 503], [535, 503], [535, 594], [321, 594]], '나참..,', 0.4108387349962889), ([[174, 592], [681, 592], [681, 693], [174, 693]], '제대로 말안하면', 0.8418126099704563), ([[187, 685], [665, 685], [665, 782], [187, 782]], '또 그만큼니다?', 0.6491302581195324), ([[403, 1919], [737, 1919], [737, 2166], [403, 2166]], '드치미', 0.010880268178880215), ([[177.26421456453411, 1009.0538544889993], [526.3559443412117, 986.1414190213814], [526.7357854354659, 1225.9461455110006], [176.64405565878826, 1249.8585809786186]], "퍽'", 0.20114603215626636)]
[([[143, 406], [636, 406], [636, 712], [143, 712]], '779', 0.09655724973999245), ([[266, 623], [712, 623], [712, 912], [266, 912]], '9요와', 0.11226500374799951), ([[453, 919], [706, 919], [706, 1369], [453, 1369]], '트', 0.007219987823903262)]
[([[266, 257], [390, 257], [390, 336], [266, 336]], '넘님', 0.6931497502361278), ([[183, 338], [433, 338], [433, 417], [183, 417]], '좋아요오', 0.9998771548271179), ([[151, 410], [400, 410], [400, 502], [151, 502]], '예슈우 ..', 0.13556670711440136), ([[257, 2115], [386, 2115], [386, 2195], [257, 2195]], '제발', 0.9991468015497235), ([[132, 2193], [445, 2193], [445, 2277], [132, 2277]], '빼지마세요', 0.9512752336732404), ([[472, 2348], [918, 2348], [918, 2432], [472, 2432]], '자궁문 계속 국록', 0.7352894428302444), ([[516, 2430], [865, 2430], [865, 2508], [516, 2508]], '해주세요오9', 0.7221495023801169), ([[601.869181859452, 589.0266554203839], [879.023220648723, 648.4617741556586], [828.130818140548, 848.9733445796161], [550.976779351277, 790.5382258443414]], '하다', 0.3215368291686603), ([[108.27926463978832, 982.0083795108977], [468.4426687380662, 1267.1481695082334], [303.7207353602117, 1473.9916204891022], [-55.442668738066175, 1189.8518304917666]], "'&", 0.061017411184141536)]
[([[115, 304], [476, 304], [476, 404], [115, 404]], '잘하석어요', 0.2657914848849762), ([[173, 396], [420, 396], [420, 497], [173, 497]], '용사님,', 0.866648047321832), ([[501, 616], [799, 616], [799, 704], [501, 704]], '제 정자도', 0.9975405662461071), ([[401, 705], [903, 705], [903, 802], [401, 802]], '원하시면 언제든', 0.9722233681998091), ([[466, 795], [833, 795], [833, 892], [466, 892]], '말씀하세요', 0.9996340584250535), ([[541, 1004], [1134, 1004], [1134, 1317], [541, 1317]], '{터', 0.027150910673746326), ([[368, 1658], [454, 1658], [454, 1766], [368, 1766]], '$', 0.055720704532550513), ([[710, 2346], [846, 2346], [846, 2432], [710, 2432]], '주세', 0.9998187733615387), ([[648, 2433], [858, 2433], [858, 2512], [648, 2512]], '효오오', 0.8202997177429722), ([[-32.68663866044045, 2101.222109224282], [574.4314878163376, 1892.277924388998], [655.6866386604404, 2215.777890775718], [47.568512183662406, 2424.7220756110023]], '철);', 0.09328958257858645)]
[([[167, 409], [409, 409], [409, 518], [167, 518]], '안에다', 0.9967542758236078), ([[211, 513], [356, 513], [356, 604], [211, 604]], '쥐어', 0.7880969953076135), ([[630, 619], [1229, 619], [1229, 1051], [630, 1051]], '때3', 0.004519285819555208), ([[811, 1237], [937, 1237], [937, 1340], [811, 1340]], '8', 0.44507491414364964), ([[802, 1326], [946, 1326], [946, 1446], [802, 1446]], '%', 0.10978035975108824), ([[48, 2405], [622, 2405], [622, 2912], [48, 2912]], '씌', 0.0029241506347710416), ([[850, 2572], [1039, 2572], [1039, 2681], [850, 2681]], '정자', 0.999316699394268), ([[757, 3117], [1179, 3117], [1179, 3498], [757, 3498]], '세', 0.8843874814945742), ([[261, 3491], [463, 3491], [463, 3615], [261, 3615]], '원해', 0.9999643439523481), ([[229, 3616], [515, 3616], [515, 3731], [229, 3731]], '많이.', 0.4645969040083298), ([[146.1427160953763, 862.0262723546338], [246.91608772514923, 836.3070663340819], [296.85728390462367, 1052.9737276453664], [195.08391227485077, 1079.6929336659182]], '음', 0.08101852950677202), ([[426.15585937092317, 2830.019804600663], [556.9181297144838, 2798.431611925379], [617.8441406290768, 3078.980195399337], [487.08187028551623, 3111.568388074621]], '향', 0.005486815105994192)]
[([[770, 449], [918, 449], [918, 612], [770, 612]], '쥐', 0.997813348578692), ([[924, 1555], [1237, 1555], [1237, 1857], [924, 1857]], '5빚', 0.005891287755161743), ([[904, 3414], [1122, 3414], [1122, 3686], [904, 3686]], '꿀', 0.6287275983052041), ([[101.88110972724765, 800.0136097898787], [554.9240934840378, 923.069326859785], [440.11889027275237, 1302.9863902101213], [-13.924093484037812, 1179.930673140215]], '이', 0.7792114237245187), ([[22.185353154355116, 3388.0127656239283], [176.5057408717346, 3291.0049191928424], [442.81464684564486, 3758.9872343760717], [288.4942591282654, 3856.9950808071576]], '퍽', 0.06650610741701612)]
[([[488, 560], [697, 560], [697, 652], [488, 652]], '후우~', 0.5859706997871399), ([[399, 655], [795, 655], [795, 759], [399, 759]], '엄청 나용네', 0.6995540724799554), ([[413, 1099], [565, 1099], [565, 1278], [413, 1278]], '16', 0.11059546672646077), ([[751, 994], [1146, 994], [1146, 1440], [751, 1440]], '에', 0.4793197598383223), ([[764, 1606], [941, 1606], [941, 1791], [764, 1791]], '7', 0.09980674273022405), ([[803.9222340038165, 1846.3489572221356], [930.7995559255834, 1725.0133222325003], [1113.0777659961834, 1951.6510427778644], [986.2004440744166, 2072.9866777674997]], '즉', 0.1346769571717097)]
[([[268, 286], [442, 286], [442, 361], [268, 361]], '한동안', 0.9999090132232049), ([[207, 356], [501, 356], [501, 433], [207, 433]], '저주논 발동', 0.35168609426777003), ([[216, 428], [496, 428], [496, 505], [216, 505]], '안하켓지만', 0.9985188626973915), ([[566, 539], [740, 539], [740, 608], [566, 608]], '더 하고', 0.9385337829589844), ([[546, 609], [756, 609], [756, 677], [546, 677]], '싶으시면', 0.8856163024902344), ([[477, 673], [820, 673], [820, 748], [477, 748]], '언제든 오세요', 0.926543824778442), ([[952, 2297], [1014, 2297], [1014, 2350], [952, 2350]], '03', 0.8165052617755254), ([[98.09138786726662, 994.0147463118118], [486.5791868871647, 1134.163839266232], [396.90861213273337, 1357.985253688188], [9.42081311283528, 1217.836160733768]], '{둘 ', 0.02687755122853367), ([[696.0005940006464, 2043.017226018746], [1040.0759474995766, 2160.737688246776], [952.9994059993536, 2390.982773981254], [608.9240525004233, 2272.262311753224]], '대', 0.010650145380001419)]
[([[537.9763678509596, 208.0154126518586], [1026.7258976229523, 327.7796082094063], [946.0236321490404, 607.9845873481414], [457.2741023770477, 488.2203917905937]], '7잇', 0.0018450816159021012)]
[([[258, 343], [534, 343], [534, 455], [258, 455]], '니가 건', 0.9960629940032959), ([[189, 450], [607, 450], [607, 566], [189, 566]], '성노예저주', 0.8421662838126923), ([[173, 560], [610, 560], [610, 673], [173, 673]], '때문이잡아', 0.2697205188763457), ([[277, 2461], [393, 2461], [393, 2533], [277, 2533]], '3', 0.17074056217110467), ([[670, 2455], [814, 2455], [814, 2533], [670, 2533]], '(즈풍다', 0.029460299760103226), ([[342.3864315883093, 2831.0171254307365], [508.73930097656, 2951.619366778595], [450.6135684116907, 3031.9828745692635], [284.26069902344, 2911.380633221405]], '^뭐:', 0.0047795512720948), ([[1012.055919713828, 2927.0131096978075], [1369.2866586743435, 3090.071915539072], [1241.944080286172, 3354.9868903021925], [884.7133413256565, 3190.928084460928]], '이8', 0.07666633228890658)]
[([[158, 398], [397, 398], [397, 485], [158, 485]], '생각하지', 0.9974382899687962), ([[120, 475], [426, 475], [426, 555], [120, 555]], '않아도 계속', 0.6697023961577897), ([[144, 552], [417, 552], [417, 631], [144, 631]], '발정나서.', 0.9943739778667315), ([[201, 630], [354, 630], [354, 705], [201, 705]], '하아.', 0.9898601059190844), ([[117, 1195], [190, 1195], [190, 1252], [117, 1252]], '규과', 0.10170446451198144), ([[86, 1308], [165, 1308], [165, 1380], [86, 1380]], '갖', 0.021866992426461174), ([[328, 2258], [713, 2258], [713, 2344], [328, 2344]], '그러게 뱃속에', 0.7187092484640302), ([[269, 2339], [785, 2339], [785, 2425], [269, 2425]], '제 정액올 미리미리', 0.9250294458206174), ([[294, 2418], [756, 2418], [756, 2506], [294, 2506]], '채위 두싶어야조', 0.7368722157065297)]
[([[209, 355], [407, 355], [407, 439], [209, 439]], '싫으면', 0.9127023465174705), ([[141, 438], [477, 438], [477, 524], [141, 524]], '언제든 파기', 0.7489918422252078), ([[128, 519], [481, 519], [481, 605], [128, 605]], '하서도 돼요', 0.8388895356556981)]
[([[434, 582], [606, 582], [606, 685], [434, 685]], '제가', 0.9996764961193024), ([[150, 679], [889, 679], [889, 795], [150, 795]], '마왕의 힘올 포기하고', 0.5815901287353338), ([[233, 784], [799, 784], [799, 893], [233, 893]], '평범한 인간으로', 0.9355389965668996), ([[244, 886], [810, 886], [810, 998], [244, 998]], '살아가는 대신에', 0.9001100247031862), ([[748, 4022], [995, 4022], [995, 4130], [748, 4130]], '용사능', 0.2227551080378149), ([[625, 4127], [1118, 4127], [1118, 4239], [625, 4239]], '평생 성노예가', 0.9560911874453477), ([[778, 4233], [961, 4233], [961, 4336], [778, 4336]], '된다:', 0.6625062728934696)]
[([[130, 391], [373, 391], [373, 475], [130, 475]], '잊으신거', 0.9653780460357666), ([[108, 471], [388, 471], [388, 552], [108, 552]], '아니시조?', 0.9035056782110182), ([[650, 2065], [934, 2065], [934, 2155], [650, 2155]], '아 알고', 0.9946871995925903), ([[633, 2155], [963, 2155], [963, 2259], [633, 2259]], '있다고.! !', 0.9014152162870227), ([[420.23611233280235, 1599.0208556902826], [653.9914233520287, 1699.510027975999], [602.7638876671977, 1809.9791443097174], [369.0085766479712, 1709.489972024001]], '0@?처', 0.005287502892315388)]
