2786359
66
[([[58, 105], [423, 105], [423, 217], [58, 217]], '예스하면', 0.3003573417663574), ([[998, 1664], [1184, 1664], [1184, 1768], [998, 1768]], '사탕', 0.9827474407214981), ([[933, 1767], [1247, 1767], [1247, 1881], [933, 1881]], '주는 방', 0.8133887194650374)]
[([[562, 760], [637, 760], [637, 824], [562, 824]], '씨사', 0.12126893293744304)]
[([[689, 1703], [899, 1703], [899, 1937], [689, 1937]], '0', 0.6071074316423619)]
[([[371.1690964626122, 1640.779576240453], [464.52195064231665, 1713.0473492849228], [166.83090353738785, 2055.220423759547], [73.47804935768335, 1982.9526507150772]], "'", 0.31692083969057094)]
[([[108, 296], [622, 296], [622, 592], [108, 592]], '0!', 0.5371369111600812), ([[835, 1219], [1280, 1219], [1280, 1560], [835, 1560]], '디!', 0.04959815013322598), ([[638, 1816], [1042, 1816], [1042, 1894], [638, 1894]], '필부의 검으로도', 0.9966801651931648), ([[686, 1890], [984, 1890], [984, 1968], [686, 1968]], '생채기 하나', 0.8806284947313616), ([[692, 1964], [992, 1964], [992, 2042], [692, 2042]], '안나는 것은', 0.6389222905401314), ([[630, 2034], [1048, 2034], [1048, 2114], [630, 2114]], '조금 충격이군요', 0.8668139054301416)]
[([[277, 219], [537, 219], [537, 305], [277, 305]], '아무래도', 0.9998951554298401), ([[239, 301], [575, 301], [575, 387], [239, 387]], '다른 출구름', 0.40824675777500247), ([[208, 381], [603, 381], [603, 471], [208, 471]], '찾아보는 것이', 0.665378537393093), ([[342, 470], [416, 470], [416, 550], [342, 550]], '종', 0.9976599808703135), ([[699, 465], [1081, 465], [1081, 773], [699, 773]], '곡', 0.012738883490950814)]
[([[481, 237], [589, 237], [589, 345], [481, 345]], '켓 ', 0.23217655119043465), ([[402, 1048], [466, 1048], [466, 1098], [402, 1098]], '스', 0.019115981966928652)]
[([[263, 247], [562, 247], [562, 345], [263, 345]], '아냐 !?', 0.23161633710506296), ([[194, 340], [644, 340], [644, 440], [194, 440]], '뭐하는 것이오', 0.9207482509492734), ([[309, 437], [521, 437], [521, 529], [309, 529]], '다들! !', 0.8635971179166947), ([[704, 626], [904, 626], [904, 798], [704, 798]], ' 료', 0.0034730190965971937), ([[67, 899], [524, 899], [524, 1260], [67, 1260]], '떼', 0.44297258261716266), ([[728, 1354], [950, 1354], [950, 1550], [728, 1550]], '오', 0.9079696642416479), ([[919, 1377], [1195, 1377], [1195, 1669], [919, 1669]], '응', 0.9960471193173817), ([[786.0664392650674, 908.0218002724422], [1104.618381836842, 998.1116720683737], [1050.9335607349326, 1161.978199727558], [732.3816181631579, 1071.8883279316265]], '음', 0.05202402309480991)]
[([[941, 97], [1139, 97], [1139, 181], [941, 181]], '뭐하긴,', 0.9201868176460266), ([[958, 176], [1140, 176], [1140, 254], [958, 254]], '당연히', 0.9999552635490495), ([[948, 256], [1154, 256], [1154, 332], [948, 332]], '세스지', 0.772201136591366), ([[976, 676], [1194, 676], [1194, 924], [976, 924]], '평', 0.032934797647357295), ([[115, 1935], [381, 1935], [381, 2021], [115, 2021]], '너도 얼른', 0.9837974101250923), ([[149, 2017], [339, 2017], [339, 2101], [149, 2101]], '준비해', 0.9999575347777906), ([[120, 2096], [368, 2096], [368, 2176], [120, 2176]], '시나이트.', 0.15452217648034378), ([[49.07704922414485, 528.0185256812068], [206.22559390160373, 476.22730705467757], [305.92295077585516, 822.9814743187932], [149.77440609839627, 874.7726929453224]], '울', 0.05575981844655886)]
[([[148, 204], [520, 204], [520, 302], [148, 302]], '상관으로서', 0.5779016375524131), ([[174, 298], [498, 298], [498, 402], [174, 402]], '명령이야:', 0.8610923749661785), ([[965, 919], [1177, 919], [1177, 983], [965, 983]], '스색 ;;', 0.3764752449805249), ([[479, 2017], [811, 2017], [811, 2103], [479, 2103]], '이건 부당한', 0.5649916958017503), ([[465, 2097], [837, 2097], [837, 2185], [465, 2185]], '처사입니다! !', 0.8844247196707209)]
[([[113, 173], [493, 173], [493, 257], [113, 257]], '아무리 주군의', 0.9921153801108602), ([[1089, 183], [1131, 183], [1131, 223], [1089, 223]], '7', 0.2527609580454424), ([[142, 247], [468, 247], [468, 340], [142, 340]], '명령이라도,', 0.9555389627512312), ([[552, 362], [734, 362], [734, 440], [552, 440]], '필부는', 0.9136959329014622), ([[470, 438], [814, 438], [814, 516], [470, 516]], '기사도정신에', 0.9974930407162823), ([[487, 509], [802, 509], [802, 594], [487, 594]], '반하는 일은', 0.7507866920149855), ([[448, 588], [834, 588], [834, 668], [448, 668]], '하지 않습니다!', 0.8719309935676379), ([[880, 1062], [1280, 1062], [1280, 1538], [880, 1538]], '@', 0.5399092889124546), ([[12.717698179422486, 919.5837134459209], [218.20943884182904, 849.6806104641929], [253.28230182057752, 986.4162865540791], [47.79056115817095, 1055.319389535807]], '번팩)', 0.1363560710453595), ([[301.3502863423125, 1452.0058633641115], [570.6300822351303, 1507.2225862436962], [452.6497136576875, 2077.9941366358885], [182.3699177648697, 2023.7774137563038]], '7', 0.19369665293320626), ([[1097.5303870270216, 1746.0221024864295], [1138.5565203822366, 1736.0310680157447], [1164.4696129729784, 1861.9778975135705], [1123.4434796177634, 1870.9689319842553]], '0', 0.9608587475099881)]
[([[508, 754], [538, 754], [538, 780], [508, 780]], '씩', 0.12327886789702891), ([[531, 743], [663, 743], [663, 782], [531, 782]], "{스하면 사묘'", 0.1875968657630452), ([[513, 824], [645, 824], [645, 869], [513, 869]], '30사당 =', 0.757697047634675), ([[637, 802], [722, 802], [722, 855], [637, 855]], '방탈줄', 0.18399890169972788), ([[663.3447882227953, 747.3585340901495], [739.4344864476092, 739.9495603297855], [741.6552117772047, 776.6414659098505], [665.5655135523908, 784.0504396702145]], '주는방', 0.17981037497520447), ([[668.3093088240148, 849.0402397064162], [744.9707537767002, 827.3214515128112], [754.6906911759852, 865.9597602935838], [678.0292462232998, 887.6785484871888]], '가능 !', 0.2950569237593433)]
[([[226, 208], [588, 208], [588, 330], [226, 330]], '닥치시오', 0.9789835214614868), ([[204, 325], [599, 325], [599, 445], [204, 445]], '무면기사!', 0.9280801555875345), ([[589, 2099], [847, 2099], [847, 2247], [589, 2247]], '희! ?', 0.40220510959625244), ([[731.2720052199187, 492.15042975353686], [870.1509669930291, 481.20675073222725], [871.7279947800813, 568.8495702464631], [732.8490330069709, 578.7932492677728]], "<'", 0.021088257252843953), ([[667.8791830815393, 620.5771407853877], [866.9154581460349, 557.7446150774739], [898.1208169184607, 684.4228592146123], [699.0845418539651, 748.2553849225261]], '/@닦', 0.003456272725861755), ([[866.1384495371464, 1325.0086319036025], [1182.2870155133267, 1298.6279401778113], [1218.8615504628538, 1909.9913680963975], [902.7129844866735, 1935.3720598221887]], '햇', 0.015506344660835225)]
[([[135, 151], [667, 151], [667, 241], [135, 241]], '명령물복증의 죄는', 0.3566184593429359), ([[154, 232], [641, 232], [641, 329], [154, 329]], '본 재판장이 엄히', 0.8297336658070221), ([[185, 321], [613, 321], [613, 413], [185, 413]], '다스길 것이오', 0.5351531415824398), ([[191.04869701169102, 780.0226372455113], [345.1811980083976, 837.7624985960325], [271.951302988309, 1029.9773627544887], [117.81880199160244, 973.2375014039675]], '사', 0.659937563770896)]
[([[344, 280], [806, 280], [806, 382], [344, 382]], '애초에 필부는', 0.9315864725966913), ([[300, 374], [828, 374], [828, 478], [300, 478]], '갑옷분이라 그런', 0.34540028939220085), ([[320, 472], [826, 472], [826, 574], [320, 574]], '불경한 행위논 .', 0.49989050440827293), ([[105, 949], [313, 949], [313, 1243], [105, 1243]], ')', 0.02582811823594966), ([[594, 1572], [912, 1572], [912, 1998], [594, 1998]], '폭', 0.13781505871876565)]
[([[699, 87], [837, 87], [837, 151], [699, 151]], '흐음~', 0.9624653907231147), ([[574, 150], [954, 150], [954, 222], [574, 222]], '그럼 손에 잡히는', 0.7053838838255505), ([[632, 214], [906, 214], [906, 286], [632, 286]], '이건 원가요', 0.4373277305581547), ([[614, 280], [916, 280], [916, 352], [614, 352]], '기사 선생님?', 0.9589615912102961), ([[886, 404], [1220, 404], [1220, 478], [886, 478]], '딱딱하긴 한데', 0.7483370129421804), ([[880, 472], [1214, 472], [1214, 548], [880, 548]], '갑옷은 절대로', 0.8955402787350828), ([[960, 544], [1146, 544], [1146, 618], [960, 618]], '아난데.', 0.24675340950489044), ([[262, 1544], [340, 1544], [340, 1618], [262, 1618]], '후.', 0.0988907586723236), ([[923, 1563], [1051, 1563], [1051, 1649], [923, 1649]], '상당', 0.06443698988297956), ([[208, 1616], [414, 1616], [414, 1688], [208, 1688]], '흐으응;;', 0.9668726668623412), ([[136, 2076], [266, 2076], [266, 2178], [136, 2178]], '시', 0.22500009593058223), ([[876.6304381980899, 1823.2847966121687], [1005.3833177760399, 1799.2556231853482], [1015.3695618019101, 1883.7152033878313], [886.6166822239601, 1907.7443768146518]], '담', 0.4775170592382807)]
[([[99, 115], [425, 115], [425, 199], [99, 199]], '그건 필부의', 0.90106551869956), ([[137, 195], [337, 195], [337, 279], [137, 279]], '두랜달.', 0.5020228028297424), ([[592, 200], [834, 200], [834, 272], [592, 272]], '이아니라,', 0.5618986084897103), ([[464, 266], [908, 266], [908, 340], [464, 340]], '대체 어떻게 알아채', 0.5278792583924033), ([[574, 336], [794, 336], [794, 408], [574, 408]], '겁니까! ?', 0.7419618102226692), ([[174, 1992], [560, 1992], [560, 2068], [174, 2068]], '안보인다고해서', 0.9982538690276261), ([[160, 2064], [570, 2064], [570, 2138], [160, 2138]], '이렇게 커다란 걸', 0.6915873498954065), ([[160, 2133], [576, 2133], [576, 2213], [160, 2213]], '숨길 수 있올리가', 0.37479879611605565), ([[256, 2208], [482, 2208], [482, 2284], [256, 2284]], '없잡아요', 0.6387952566146851), ([[45.9362857873871, 728.0927722399969], [185.7845261460134, 637.0133839218074], [322.0637142126129, 884.9072277600031], [182.2154738539866, 975.9866160781926]], '동', 0.9309203564215274)]
[([[215, 127], [419, 127], [419, 193], [215, 193]], '한창 때인', 0.9831969540660541), ([[176, 189], [458, 189], [458, 255], [176, 255]], '여자애들인데', 0.9781631553152569), ([[133, 251], [501, 251], [501, 317], [133, 317]], '모틀리가 없잖아?', 0.3261966966560623), ([[632, 314], [826, 314], [826, 382], [632, 382]], '니방에서', 0.9659046530723572), ([[543, 377], [931, 377], [931, 445], [543, 445]], '수컷냄새가 얼마나', 0.7924816366992892), ([[580, 439], [893, 439], [893, 505], [580, 505]], '진하게 나는데.', 0.9599709974093976), ([[648, 1420], [698, 1420], [698, 1486], [648, 1486]], '질', 0.9709615159367537), ([[685, 1453], [745, 1453], [745, 1529], [685, 1529]], '척', 0.9981008257068744), ([[414, 1996], [626, 1996], [626, 2074], [414, 2074]], '그런. ;;', 0.4635478429470401), ([[370.203970247832, 1318.0397024783201], [425.8899638428632, 1301.0496563370887], [464.796029752168, 1433.9602975216799], [409.1100361571368, 1450.9503436629113]], '적', 0.5884563652430508)]
[([[338, 112], [502, 112], [502, 184], [338, 184]], '어차피', 0.9748690935026503), ([[206, 178], [636, 178], [636, 253], [206, 253]], '우리들올 반찬으로', 0.8781145962089781), ([[232, 248], [614, 248], [614, 322], [232, 322]], '매일밤 딸딸이나', 0.4478645167886258), ([[332, 318], [514, 318], [514, 390], [332, 390]], '첫젯지,', 0.5755360722541809), ([[740, 320], [1110, 320], [1110, 398], [740, 398]], '기사도 정신은', 0.9995292159421054), ([[832, 398], [1014, 398], [1014, 476], [832, 476]], '무슨 ..', 0.5096138158076018), ([[913, 1511], [953, 1511], [953, 1601], [913, 1601]], '(', 0.9184650027695085), ([[589, 1793], [783, 1793], [783, 1885], [589, 1885]], '극 ;;', 0.5861019429508668), ([[237.22583188374395, 872.013625498328], [499.9395193632381, 1046.369818994682], [395.7741681162561, 1199.986374501672], [133.0604806367619, 1025.630181005318]], '|@고', 0.010272988527209427), ([[932.9213758628463, 913.0253058786249], [1262.7470359271665, 977.5122481089097], [1216.0786241371538, 1171.9746941213753], [885.2529640728334, 1107.4877518910903]], '짝워', 0.017363966322880748)]
[([[349, 158], [739, 158], [739, 244], [349, 244]], '그릇 모욕하지', 0.28653740173663667), ([[402, 237], [683, 237], [683, 329], [402, 329]], '마십시오', 0.8110671043395996), ([[81, 797], [410, 797], [410, 1101], [81, 1101]], '#', 0.10149619868576565), ([[896, 1056], [1054, 1056], [1054, 1202], [896, 1202]], '좁', 0.03808575113854662), ([[1217, 1097], [1280, 1097], [1280, 1201], [1217, 1201]], '0', 0.9231027223606567), ([[68, 1764], [610, 1764], [610, 1866], [68, 1866]], '두랜달은 필부와', 0.9318177293430391), ([[140, 1862], [540, 1862], [540, 1964], [140, 1964]], '함께 수많은', 0.6425581626684678), ([[756, 1932], [904, 1932], [904, 2012], [756, 2012]], '응웃', 0.9440417750584255), ([[106, 1960], [574, 1960], [574, 2062], [106, 2062]], '전장을 넘어온', 0.6088668737752214), ([[665, 2009], [1091, 2009], [1091, 2093], [665, 2093]], '엄청 크네 이거:', 0.7755879467011935), ([[188, 2060], [490, 2060], [490, 2156], [188, 2156]], '전우로..', 0.8109560457096996), ([[342.5563941146022, 912.0196640059008], [711.8365821035738, 802.7453534181204], [849.4436058853978, 1384.9803359940993], [480.16341789642615, 1494.2546465818796]], '잎', 0.06839328626716679)]
[([[97, 149], [385, 149], [385, 211], [97, 211]], '잠깐만요 주군,', 0.840776072595263), ([[57, 205], [449, 205], [449, 269], [57, 269]], '꽉 조이지마십시오!', 0.6075075545647569), ([[61, 265], [447, 265], [447, 327], [61, 327]], '안이 너무 좁습니다:', 0.685369765726385), ([[166, 724], [248, 724], [248, 798], [166, 798]], '하', 0.98178449338889), ([[998, 892], [1030, 892], [1030, 964], [998, 964]], '1', 0.3450835990397003), ([[533, 1977], [651, 1977], [651, 2041], [533, 2041]], '하아', 0.9999044965770547), ([[526, 2037], [736, 2037], [736, 2105], [526, 2105]], '건방지긴,', 0.9426806759968194), ([[873, 2036], [1048, 2036], [1048, 2114], [873, 2114]], '상사의', 0.9999231222952033), ([[788, 2109], [1134, 2109], [1134, 2187], [788, 2187]], '성기름함부로', 0.48657253781481413), ([[766, 2182], [1168, 2182], [1168, 2258], [766, 2258]], '품평해대고말야:', 0.6959731362969194), ([[488.6905540855465, 79.09576778171632], [541.5757413889901, 35.018434331754634], [640.3094459144535, 164.90423221828368], [587.4242586110099, 208.98156566824537]], '?', 0.1634047348615617)]
[([[953, 243], [1065, 243], [1065, 307], [953, 307]], '흐웃.', 0.7828648583004483), ([[971, 305], [1125, 305], [1125, 373], [971, 373]], '교육이', 0.9891059525326914), ([[914, 368], [1184, 368], [1184, 440], [914, 440]], '필요하켓어.', 0.8236477515430034), ([[907, 620], [1234, 620], [1234, 878], [907, 878]], '퍽대', 0.15039831518744862), ([[33, 1239], [452, 1239], [452, 1531], [33, 1531]], '퍽;', 0.3216683672264836), ([[194, 1908], [520, 1908], [520, 1984], [194, 1984]], '아냐;; 그렇게', 0.3242738737389746), ([[210, 1980], [502, 1980], [502, 2056], [210, 2056]], '세게 하시면', 0.698722545958283), ([[194, 2051], [520, 2051], [520, 2128], [194, 2128]], '금방 가버립.', 0.7545998846376427), ([[559, 2105], [815, 2105], [815, 2197], [559, 2197]], '옷 욕! !', 0.15663352261884003), ([[50.24246627734844, 328.05521380984027], [371.3304588434346, 300.86132514408666], [376.75753372265154, 542.9447861901598], [54.669541156565415, 570.1386748559133]], '떼', 0.3371958533176702), ([[55.96202192539079, 751.1607381299619], [251.2948829709043, 723.0617769862906], [260.0379780746092, 839.8392618700381], [64.7051170290957, 866.9382230137094]], '으응', 0.7494259904000773)]
[([[97, 56], [494, 56], [494, 334], [97, 334]], '744', 0.4410844830535817), ([[784, 74], [1062, 74], [1062, 314], [784, 314]], '잔', 0.24187446122768108), ([[195, 514], [741, 514], [741, 651], [195, 651]], '씩스하연 사&', 0.25993206858465107), ([[219, 810], [556, 810], [556, 966], [219, 966]], '30사당', 0.4793187379837036), ([[591, 823], [683, 823], [683, 909], [591, 909]], '스', 0.5055943540993582), ([[755.5449838825484, 533.2339161892515], [1002.9320301654451, 494.965036143533], [1012.4550161174516, 610.7660838107485], [765.0679698345549, 648.034963856467]], '주름방', 0.1272559424282106), ([[644.8208861922533, 786.2567089538027], [1055.594703827485, 648.5564614834851], [1109.1791138077467, 821.7432910461973], [698.4052961725148, 959.4435385165149]], '방탈줄 ', 0.2597990034764467), ([[772.9853420432086, 892.5472313555509], [1026.4044659125495, 827.2563786378217], [1050.0146579567913, 957.4527686444491], [797.5955340874505, 1022.7436213621783]], '가능 !', 0.3258618731300224)]
[([[112, 302], [210, 302], [210, 358], [112, 358]], '가탓:', 0.08273959509725325), ([[767, 287], [875, 287], [875, 371], [767, 371]], '그맛', 0.04732149370514746), ([[122, 358], [254, 358], [254, 414], [122, 414]], '가버려', 0.9994022743370071), ([[118, 412], [262, 412], [262, 468], [118, 468]], '나이트.', 0.3954241871833801), ([[1024, 476], [1148, 476], [1148, 532], [1024, 532]], '섬기는', 0.6644895672798157), ([[960, 528], [1210, 528], [1210, 582], [960, 582]], '주인의 보지로', 0.8263845323626252), ([[984, 580], [1184, 580], [1184, 634], [984, 634]], '영광스럽게', 0.647230938905745), ([[976, 630], [1188, 630], [1188, 686], [976, 686]], '가버리라고', 0.9995395849262493), ([[22, 762], [242, 762], [242, 1036], [22, 1036]], '푹', 0.5243851971683853), ([[939, 855], [1193, 855], [1193, 1087], [939, 1087]], '팎', 0.11799381849237989), ([[81, 1182], [214, 1182], [214, 1269], [81, 1269]], '%유', 0.20162309284875693), ([[973, 1403], [1131, 1403], [1131, 1489], [973, 1489]], '하다 ', 0.22594470882016196), ([[416, 1822], [571, 1822], [571, 1896], [416, 1896]], '가: .!', 0.18376459716334714), ([[548, 2056], [666, 2056], [666, 2128], [548, 2128]], '으욕', 0.6528568765218953), ([[549, 2129], [733, 2129], [733, 2197], [549, 2197]], '그만 . .!', 0.40581810115714256), ([[152.22016721016038, 928.0566251995181], [427.18752750439836, 895.6078743563121], [440.7798327898396, 1140.943374800482], [165.81247249560164, 1173.392125643688]], '척', 0.027750492177037955), ([[859.0760954952248, 1708.7119915304218], [997.8891168832992, 1588.0158155792942], [1149.9239045047752, 1798.2880084695782], [1011.1108831167008, 1918.9841844207058]], '꽃', 0.031904511986064144)]
[([[82, 38], [446, 38], [446, 306], [82, 306]], ' ', 0.004911163189900647), ([[594, 12], [956, 12], [956, 328], [594, 328]], '탓', 0.049419652078086296), ([[833, 307], [925, 307], [925, 455], [833, 455]], "'!", 0.7731088118184679), ([[29, 1039], [281, 1039], [281, 1372], [29, 1372]], '뱀', 0.39245349560178866), ([[478, 1482], [678, 1482], [678, 1722], [478, 1722]], '유', 0.9464517831833099), ([[910, 1442], [1250, 1442], [1250, 1808], [910, 1808]], "잇'", 0.06033218172116666), ([[866.743481175896, 661.5330510573297], [1217.9035093735672, 539.3843931917953], [1269.256518824104, 730.4669489426703], [918.0964906264327, 852.6156068082047]], '하아', 0.7792911363310167), ([[264.31493617332126, 1789.0055874245945], [901.5287883383867, 2187.726265932837], [707.6850638266787, 2485.9944125754055], [70.47121166161331, 2087.273734067163]], '**아가:"', 0.005620792283291474)]
[([[524, 886], [724, 886], [724, 1062], [524, 1062]], '(', 0.9303969824209304), ([[1084, 940], [1256, 940], [1256, 1184], [1084, 1184]], '욕', 0.9071266704220058), ([[412, 1768], [596, 1768], [596, 1914], [412, 1914]], '호', 0.9817699648584153), ([[338.2213612405099, 242.07924589371078], [572.2501827074558, 221.06045103609807], [576.7786387594901, 393.9207541062892], [343.74981729254415, 414.9395489639019]], '흐옥', 0.2809192659475635), ([[409.8977778369124, 1860.033778741672], [729.1718869042226, 1904.603121258673], [700.1022221630876, 2058.966221258328], [379.8281130957774, 2014.396878741327]], '하아.', 0.9176417204205952)]
[([[140, 242], [426, 242], [426, 340], [140, 340]], '그 .괜찮 0', 0.6115486998374345), ([[120, 334], [376, 334], [376, 410], [120, 410]], '으십니까?', 0.896946810869371), ([[688, 312], [922, 312], [922, 388], [688, 388]], '너무 많이', 0.8644483803220107), ([[718, 384], [892, 384], [892, 460], [718, 460]], '삶잖아', 0.12009038844189379), ([[662, 456], [922, 456], [922, 530], [662, 530]], '이바보야.', 0.9878705328754714), ([[1017, 471], [1134, 471], [1134, 540], [1017, 540]], '하아', 0.999977409363936), ([[961, 535], [1217, 535], [1217, 601], [961, 601]], '그보다 너무', 0.9996351980434611), ([[1035, 599], [1143, 599], [1143, 663], [1035, 663]], '빨라', 0.9969111921385437), ([[329, 1172], [468, 1172], [468, 1260], [329, 1260]], '(하아.', 0.5525200963020325), ([[37, 1593], [199, 1593], [199, 1705], [37, 1705]], '또', 0.24934007621567744), ([[839, 1822], [1034, 1822], [1034, 1962], [839, 1962]], '어?', 0.9999074467751964), ([[691.858093273755, 922.0654114816689], [845.4616398495335, 945.7631232093701], [829.141906726245, 1028.934588518331], [674.5383601504665, 1004.2368767906299]], '히; .', 0.1740836352109909), ([[930.1435702401996, 1415.0174708848879], [1213.9137573358219, 1542.0987493331072], [1136.8564297598004, 1701.9825291151121], [853.0862426641783, 1574.9012506668928]], '이넷', 0.009964819464875064), ([[370.38322227928217, 1862.2993336756929], [604.40375749257, 1683.6683286470081], [696.6167777207179, 1845.7006663243071], [463.59624250743, 2024.3316713529919]], '8느', 0.06848498024373312), ([[832.54276652119, 2150.05596477547], [1284.4713886662894, 1906.6014296508258], [1340.45723347881, 2057.94403522453], [887.5286113337106, 2301.3985703491744]], '"33째대', 0.0061160377917455705), ([[346.017858713603, 1948.0268144589347], [589.5503922856476, 2024.002034189756], [538.982141286397, 2166.973185541065], [295.4496077143524, 2090.997965810244]], '97 @', 0.1100357323884964), ([[446.23309558280243, 2332.097860245222], [832.7990424906191, 2145.1934003356946], [874.7669044171976, 2273.902139754778], [488.2009575093809, 2460.8065996643054]], '#대선', 0.000876447798344829)]
[([[552, 278], [1052, 278], [1052, 478], [552, 478]], '사탕! !', 0.8910674624581587), ([[25, 612], [501, 612], [501, 930], [25, 930]], '7', 0.4671302778936024), ([[535, 1647], [943, 1647], [943, 1914], [535, 1914]], '만', 0.015091395968391874)]
[([[145, 261], [399, 261], [399, 323], [145, 323]], '과연, 이렇게', 0.6287616687435211), ([[129, 319], [425, 319], [425, 381], [129, 381]], '30번올 채우면', 0.7347338434761461), ([[178, 378], [374, 378], [374, 440], [178, 440]], '되는거군:', 0.5518808843110589), ([[777, 409], [1001, 409], [1001, 475], [777, 475]], '아니; 내가', 0.5526352081010754), ([[739, 469], [1037, 469], [1037, 537], [739, 537]], '먹울 사탕까지', 0.7587481164275489), ([[725, 533], [1051, 533], [1051, 601], [725, 601]], '최소 60번이야', 0.9351733668029549), ([[654, 724], [870, 724], [870, 958], [654, 958]], '타', 0.025627324143597585), ([[456, 1852], [546, 1852], [546, 1932], [456, 1932]], '유', 0.9996947283107183), ([[391, 1931], [641, 1931], [641, 2017], [391, 2017]], '육십 !?', 0.45295905509859014), ([[983, 1923], [1049, 1923], [1049, 1997], [983, 1997]], '년', 0.9999524360590648), ([[877, 1997], [1149, 1997], [1149, 2081], [877, 2081]], '할수 있어', 0.8245299037049253), ([[892, 2078], [1134, 2078], [1134, 2156], [892, 2156]], '시나이트.', 0.3646048584129158)]
[([[828, 83], [1079, 83], [1079, 195], [828, 195]], '다음은', 0.9996098383518492), ([[814, 194], [1078, 194], [1078, 298], [814, 298]], '저에요', 0.9961652028989172)]
[([[210, 154], [404, 154], [404, 228], [210, 228]], '바로또', 0.9994949066354077), ([[137, 223], [470, 223], [470, 310], [137, 310]], '하실 수 윗조,', 0.29639778777129916), ([[204, 304], [418, 304], [418, 382], [204, 382]], '선생님?', 0.9998676776885986), ([[670, 1956], [954, 1956], [954, 2030], [670, 2030]], '필부는 아직', 0.8631365531053027), ([[560, 2026], [1057, 2026], [1057, 2100], [560, 2100]], '지치지 않있습니다만', 0.6785051158948757), ([[653, 2093], [978, 2093], [978, 2173], [653, 2173]], '밀리니아양은', 0.5888793815587522), ([[633, 2165], [987, 2165], [987, 2239], [633, 2239]], '괜찮으십니까?', 0.9093403932694448)]
[([[106, 130], [400, 130], [400, 206], [106, 206]], '걱정마세요', 0.9991970829983381), ([[158, 206], [334, 206], [334, 278], [158, 278]], '자고로', 0.9999777693916273), ([[116, 278], [398, 278], [398, 354], [116, 354]], '천재괴도는', 0.9958973389378397), ([[872, 306], [1202, 306], [1202, 380], [872, 380]], '어떤 변수에도', 0.7956311934094594), ([[872, 374], [1204, 374], [1204, 448], [872, 448]], '유능한 대처가', 0.9821595550839906), ([[868, 442], [1200, 442], [1200, 516], [868, 516]], '가능하거튼요', 0.5785889284604626), ([[901, 1743], [1057, 1743], [1057, 1909], [901, 1909]], '0', 0.9477112118851814)]
[([[507, 77], [659, 77], [659, 145], [507, 145]], '남성올', 0.4686869951031892), ([[397, 141], [753, 141], [753, 209], [397, 209]], '기분증게 해주는', 0.5012197810502502), ([[428, 202], [737, 202], [737, 274], [428, 274]], '이론적 지식은', 0.7199564380453721), ([[868, 212], [1136, 212], [1136, 284], [868, 284]], '각종 서적과', 0.9964309241707905), ([[827, 279], [1175, 279], [1175, 347], [827, 347]], '에이시선생님의', 0.9218159521898358), ([[845, 343], [1157, 343], [1157, 411], [845, 411]], '강의로 확실히', 0.9628932055332577), ([[810, 406], [1190, 406], [1190, 478], [810, 478]], '숙지해뒷단 말씀!', 0.9384511347174405), ([[829, 1939], [957, 1939], [957, 2023], [829, 2023]], '결국', 0.9763276262176929), ([[794, 2018], [976, 2018], [976, 2098], [794, 2098]], '처녀란', 0.7653629471715315), ([[764, 2093], [1014, 2093], [1014, 2171], [764, 2171]], '소리찮아:', 0.37733286693259976)]
[([[178, 236], [416, 236], [416, 312], [178, 312]], '보기 쫓계', 0.4746810078548251), ([[748, 260], [1114, 260], [1114, 338], [748, 338]], '하아; 내가 이런', 0.581327322500109), ([[186, 310], [408, 310], [408, 384], [186, 384]], '걸려들어', 0.9976057410240173), ([[742, 332], [1126, 332], [1126, 406], [742, 406]], '초보적인 함정에', 0.8713423197973055), ([[202, 382], [388, 382], [388, 458], [202, 458]], '버럿군:', 0.5933326482772827), ([[799, 400], [1068, 400], [1068, 480], [799, 480]], '당하다니.', 0.9152749610976766)]
[([[486, 139], [670, 139], [670, 215], [486, 215]], '그렇게', 0.8705214214274971), ([[396, 214], [763, 214], [763, 302], [396, 302]], '말씀하신다면', 0.9994449670386496), ([[391, 295], [771, 295], [771, 379], [391, 379]], '필부도 최선올', 0.7297077828856329), ([[389, 375], [777, 375], [777, 461], [389, 461]], '다하켓습니다:', 0.8075244866392371), ([[43, 585], [431, 585], [431, 909], [43, 909]], '7(', 0.3480408877093957), ([[510, 1531], [1239, 1531], [1239, 2037], [510, 2037]], '- ', 0.15757215869720703), ([[360.0367707173847, 802.0331754020782], [461.97177085017086, 785.9125443796974], [485.9632292826153, 974.9668245979218], [384.02822914982914, 991.0874556203026]], '0', 0.1885491187070878), ([[261.419584784954, 1406.016858301209], [329.4540766091865, 1382.010314597897], [400.580415215046, 1597.983141698791], [333.5459233908135, 1621.989685402103]], ';', 0.6508996115697165)]
[([[35, 229], [319, 229], [319, 519], [35, 519]], '4', 0.14569799111787152), ([[227, 1133], [579, 1133], [579, 1519], [227, 1519]], '올', 0.03754489235861058), ([[1022.8330490813343, -14.972749659447299], [1322.6834686481325, 37.489992859698575], [1277.1669509186659, 248.9727496594473], [977.3165313518674, 197.5100071403014]], '91', 0.016313482075464514), ([[1593.234349910161, 332.2638843621424], [1844.1768556657353, 231.4337004439734], [1912.765650089839, 456.7361156378576], [1661.8231443342647, 557.5662995560266]], '우유', 0.8187279262952702)]
[([[285, 299], [801, 299], [801, 647], [285, 647]], '오7', 0.014722893974838313), ([[166, 1734], [1165, 1734], [1165, 2122], [166, 2122]], '>7가역', 0.0188987385481596)]
[([[829, 219], [1087, 219], [1087, 285], [829, 285]], '잠까 .!양어', 0.13896937997707143), ([[776, 282], [1150, 282], [1150, 354], [776, 354]], '모형으로 할때량', 0.46245010269804043), ([[772, 350], [1148, 350], [1148, 422], [772, 422]], '너무 다르잡아 !', 0.5329418550405347), ([[323, 458], [777, 458], [777, 675], [323, 675]], '겪사)', 0.008349918822089252), ([[357, 714], [511, 714], [511, 805], [357, 805]], '아/', 0.02375429038198645), ([[376, 786], [440, 786], [440, 836], [376, 836]], '2', 0.8732319489944906), ([[747, 1534], [1003, 1534], [1003, 1660], [747, 1660]], '하맛~', 0.018362734428936812), ([[262, 1870], [620, 1870], [620, 1950], [262, 1950]], '이런건 계획에', 0.9930786562981883), ([[253, 1944], [573, 1944], [573, 2022], [253, 2022]], '없엎든데. ! !', 0.2333893762536735), ([[850.2829934723758, 637.0183727113277], [955.794747096515, 665.9968540290911], [901.7170065276242, 859.9816272886723], [795.205252903485, 830.0031459709089]], '4', 0.041135572827111), ([[45.91767784102207, 1562.0944562512427], [535.842212219891, 1525.2736342973842], [534.082322158978, 1717.9055437487573], [44.15778778010889, 1754.7263657026158]], '9찌-_', 0.1227419525384903)]
[([[864, 532], [1279, 532], [1279, 793], [864, 793]], '{되다', 0.02762125023066579), ([[37, 1339], [275, 1339], [275, 1475], [37, 1475]], '야야양_', 0.05069278925657272), ([[14.629857755624624, 158.40123188037296], [448.1432085430242, 56.52458751267215], [477.37014224437536, 259.59876811962704], [44.85679145697584, 361.47541248732784]], '뼈위대_', 0.001980609493330121), ([[58.885380478543716, 581.1403535890778], [208.85374968963467, 550.3943021988457], [227.1146195214563, 687.8596464109222], [78.14625031036535, 717.6056978011543]], '아유', 0.7560563884453501), ([[64.28637134810876, 1739.0419755014186], [497.70628487218755, 1709.613981703431], [497.71362865189127, 2012.9580244985814], [65.29371512781245, 2043.386018296569]], "8'", 0.12846875769645694)]
[([[935, 655], [1123, 655], [1123, 845], [935, 845]], '7', 0.49034559619394713), ([[143, 1187], [196, 1187], [196, 1314], [143, 1314]], '{', 0.10361965488161573), ([[373.01891271829555, -5.986990520258303], [657.1081384346492, 78.49418683239344], [544.9810872817045, 444.9869905202583], [260.8918615653508, 361.50581316760656]], '및', 0.38792081425357594), ([[950.0779414656108, 328.01118838316785], [1386.5701788247368, 528.3007313559282], [1246.9220585343892, 815.9888116168321], [810.4298211752632, 615.6992686440718]], '꽤', 0.12563318793935707), ([[677.1034846569571, 507.0148881744083], [1018.6971880321958, 651.9676122243038], [923.8965153430429, 861.9851118255917], [581.3028119678042, 718.0323877756962]], "'1", 0.02019695383045674)]
[([[358, 19], [799, 19], [799, 232], [358, 232]], '호재마', 0.004761379148726789), ([[855, 177], [1329, 177], [1329, 477], [855, 477]], '흉계', 0.044780133455270134), ([[137, 1074], [590, 1074], [590, 1476], [137, 1476]], "'마순", 0.11399332251687205), ([[1372.7835526956446, 897.020001947597], [1816.3039687146324, 963.8802708504519], [1755.2164473043554, 1274.979998052403], [1311.6960312853676, 1208.119729149548]], '내시 =', 0.1429023831192936)]
[([[340, 452], [392, 452], [392, 502], [340, 502]], '배', 0.9999932050820384), ([[252, 503], [473, 503], [473, 571], [252, 571]], '백점이야.', 0.8351797773696407), ([[394, 770], [510, 770], [510, 818], [394, 818]], '하0;.', 0.4247647523880005), ([[153, 891], [251, 891], [251, 933], [153, 933]], '하다:', 0.1061881663335216), ([[390, 1666], [628, 1666], [628, 1744], [390, 1744]], '밀리니아', 0.45678046345710754), ([[426, 1740], [586, 1740], [586, 1812], [426, 1812]], '약해...', 0.45834396525148824)]
[([[331, 212], [578, 212], [578, 288], [331, 288]], '실은 나도', 0.9934241248931676), ([[306, 284], [609, 284], [609, 365], [306, 365]], '남자의 몸올', 0.7276833803279537), ([[278, 360], [632, 360], [632, 438], [278, 438]], '받아들이는 건', 0.7088465175572282), ([[310, 436], [596, 436], [596, 514], [310, 514]], '처음이라..', 0.6900597374194177), ([[616, 1922], [702, 1922], [702, 2000], [616, 2000]], '그', 0.9982352896601157), ([[748, 1916], [1040, 1916], [1040, 2012], [748, 2012]], '상낭하게', 0.7311617732048035), ([[668, 2008], [986, 2008], [986, 2106], [668, 2106]], '해주시게.', 0.956480066640744)]
[([[181, 263], [457, 263], [457, 325], [181, 325]], '거짓말 하지마:', 0.9331487187479055), ([[807, 243], [1085, 243], [1085, 303], [807, 303]], '시 시끄럼소!', 0.5654675139950109), ([[195, 319], [501, 319], [501, 379], [195, 379]], '천박한 젖행이로', 0.4521138060648895), ([[749, 297], [1151, 297], [1151, 359], [749, 359]], '부정한 의도름 가지고', 0.5847116305164656), ([[217, 375], [419, 375], [419, 435], [217, 435]], '처녀라고?', 0.998467674053267), ([[729, 351], [1170, 351], [1170, 415], [729, 415]], '접근하는 사내들올 전부', 0.8676993606355233), ([[779, 409], [1095, 409], [1095, 469], [779, 469]], '베어버리다보니.', 0.9942621295671678), ([[179, 1917], [369, 1917], [369, 1979], [179, 1979]], '크. 크흡!', 0.7463983429081688), ([[123, 1977], [417, 1977], [417, 2039], [123, 2039]], '필부가 두 분의', 0.9924791131172463), ([[155, 2035], [399, 2035], [399, 2097], [155, 2097]], '첫상대라니,', 0.978179295281434), ([[107, 2093], [443, 2093], [443, 2157], [107, 2157]], '정말 영광입니다', 0.5012060678828567), ([[719, 2093], [943, 2093], [943, 2161], [719, 2161]], '학, 두랜달', 0.5058559117277578), ([[715, 2158], [951, 2158], [951, 2224], [715, 2224]], '더 커울어.', 0.5529620539815304)]
[([[243, 305], [615, 305], [615, 395], [243, 395]], '미안, 사탕올', 0.48263659882490956), ([[191, 391], [667, 391], [667, 481], [191, 481]], '준다길래 무심코', 0.9607851824920443), ([[219, 477], [629, 477], [629, 569], [219, 569]], '들어와버로어', 0.6586460677109169)]
[([[123, 155], [401, 155], [401, 219], [123, 219]], '뒷으니까 빨리', 0.47719362417435685), ([[149, 215], [387, 215], [387, 277], [149, 277]], '들어오시오', 0.9998659725341121), ([[964, 196], [1058, 196], [1058, 252], [964, 252]], '나도', 0.9999651868806191), ([[907, 249], [1105, 249], [1105, 315], [907, 315]], '더 이상은', 0.7825375362810316), ([[877, 311], [1145, 311], [1145, 375], [877, 375]], '참기 힘드니.', 0.9802430516095406), ([[227, 753], [387, 753], [387, 893], [227, 893]], '요다}', 0.0018861181358306286), ([[58, 1382], [354, 1382], [354, 1674], [58, 1674]], '8', 0.07203056849656164), ([[793, 1399], [1207, 1399], [1207, 1629], [793, 1629]], '<;보', 0.0002787449771099825), ([[919, 2003], [1127, 2003], [1127, 2177], [919, 2177]], '히)', 0.06495414137223232)]
[([[195, 216], [498, 216], [498, 300], [195, 300]], '사실 필부도', 0.9891627922764452), ([[182, 292], [584, 292], [584, 370], [182, 370]], '명령만 기다리고', 0.9991101033272574), ([[198, 366], [498, 366], [498, 444], [198, 444]], '있없습니다:', 0.36072769021907736), ([[5, 1133], [213, 1133], [213, 1345], [5, 1345]], ';', 0.01699086446770881), ([[343, 1855], [447, 1855], [447, 1915], [343, 1915]], '으웃', 0.8091954022121233), ([[267, 1915], [599, 1915], [599, 1977], [267, 1977]], '가까이서 느끼니', 0.9981804754235974), ([[267, 1973], [603, 1973], [603, 2039], [267, 2039]], '묵직한게 기세가', 0.941613888989372), ([[767, 2007], [915, 2007], [915, 2071], [767, 2071]], '이런게', 0.9891951575838528), ([[283, 2035], [583, 2035], [583, 2099], [283, 2099]], '보통이 아니군:', 0.9449670740917333), ([[663, 2064], [1018, 2064], [1018, 2139], [663, 2139]], '안에서 올다갚다', 0.16440304549222434), ([[743, 2133], [935, 2133], [935, 2197], [743, 2197]], '거리면...', 0.4433909329850342), ([[877.8112300545328, 1442.0220884669316], [1207.9531523951182, 1500.4236952015153], [1150.1887699454671, 1774.9779115330684], [820.0468476048817, 1716.5763047984847]], '옛', 0.2455104431223285)]
[([[696, 28], [1158, 28], [1158, 340], [696, 340]], '가간', 0.29264070512827756), ([[1001, 315], [1167, 315], [1167, 477], [1001, 477]], '혼', 0.008610303527858187), ([[6, 1030], [442, 1030], [442, 1532], [6, 1532]], '주', 0.15835931120058433), ([[866, 1462], [892, 1462], [892, 1526], [866, 1526]], '5', 0.9972668513517), ([[709, 1827], [993, 1827], [993, 2278], [709, 2278]], '스', 0.036192112084494577)]
[([[203, 187], [327, 187], [327, 273], [203, 273]], '아', 0.5882669947164345), ([[146, 400], [394, 400], [394, 474], [146, 474]], '웃; 요염한', 0.6370406720275668), ([[165, 475], [379, 475], [379, 543], [165, 543]], '소리가 .', 0.5664265513955139), ([[641, 1739], [731, 1739], [731, 1807], [641, 1807]], '웃  .', 0.27693045139312744), ([[560, 1804], [725, 1804], [725, 1871], [560, 1871]], '흐으아', 0.9141584048465651), ([[662.3488916112738, 702.3562437290625], [1100.1442677917673, 377.99568334721175], [1284.6511083887262, 712.6437562709375], [846.8557322082327, 1037.0043166527882]], '활', 0.07503259068067791), ([[-31.524569810054015, 1635.0724853050601], [471.14172596933224, 1523.9457279666237], [520.524569810054, 1896.9275146949399], [16.85827403066775, 2007.0542720333763]], '언대', 0.0063979457904314715), ([[720.1913924599373, 1866.0192416586845], [1014.9628197403043, 1975.8762800802954], [958.8086075400627, 2109.9807583413153], [664.0371802596957, 1999.1237199197046]], '하여양,', 0.08926303684711456)]
[([[67, 47], [451, 47], [451, 349], [67, 349]], '빼?', 0.09879942757414803), ([[1076, 84], [1172, 84], [1172, 248], [1076, 248]], '양', 0.951036658139973), ([[163, 475], [453, 475], [453, 543], [163, 543]], '참지않으서도', 0.9554650149681877), ([[179, 537], [435, 537], [435, 605], [179, 605]], '괜찮습니다:', 0.5787513026293608), ([[125, 602], [480, 602], [480, 667], [125, 667]], '오히려 필부는 더', 0.6379132702240884), ([[151, 661], [461, 661], [461, 729], [151, 729]], '힘이 나는군요', 0.7500958658118992), ([[149, 835], [535, 835], [535, 1141], [149, 1141]], '9', 0.0109359541464491), ([[1077, 1213], [1137, 1213], [1137, 1277], [1077, 1277]], '양', 0.9447528364042945), ([[1082, 1278], [1222, 1278], [1222, 1350], [1082, 1350]], '싫엇.', 0.9770718908679944), ([[903, 1803], [1241, 1803], [1241, 2107], [903, 2107]], '합7', 0.01861193264272298), ([[107, 1961], [601, 1961], [601, 2287], [107, 2287]], '  ', 0.1827525947648681)]
[([[122, 40], [574, 40], [574, 236], [122, 236]], '떼택?', 0.06130646291140034), ([[769, 41], [972, 41], [972, 162], [769, 162]], '하으_', 0.5037487961258049), ([[833, 163], [1059, 163], [1059, 225], [833, 225]], '자  잠시만', 0.9216536221060773), ([[811, 221], [1077, 221], [1077, 285], [811, 285]], '멈칙 주시오', 0.5912362321993421), ([[991, 347], [1175, 347], [1175, 411], [991, 411]], '머리속이', 0.9988126158714294), ([[963, 405], [1201, 405], [1201, 469], [963, 469]], '녹아내길 것', 0.5527921908394526), ([[989, 465], [1171, 465], [1171, 529], [989, 529]], '같아서 .', 0.5874031637891263), ([[929, 733], [1280, 733], [1280, 967], [929, 967]], '터돌', 0.02861083285985812), ([[943, 2013], [1079, 2013], [1079, 2151], [943, 2151]], '콩', 0.029086632820357616), ([[126, 2082], [412, 2082], [412, 2330], [126, 2330]], '긁등 |', 0.014264301396906376), ([[539, 2113], [661, 2113], [661, 2227], [539, 2227]], '3:', 0.12207231572869212), ([[-11.121320343559642, 898.1507575950825], [155.09009190994468, 864.9008988990608], [172.12132034355963, 997.8492424049175], [4.909908090055314, 1030.0991011009392]], '아양', 0.6220949581254392), ([[-26.414517686080202, 1228.0941736181735], [376.1735394985731, 1154.4090537587979], [401.4145176860802, 1417.9058263818265], [-2.1735394985731205, 1490.5909462412021]], '제대헤', 0.006096202326428099)]
[([[114, 50], [404, 50], [404, 410], [114, 410]], '다', 0.06006925799968954), ([[801, 185], [1063, 185], [1063, 417], [801, 417]], '9', 0.14582012311672443), ([[1239, 551], [1280, 551], [1280, 623], [1239, 623]], '4', 0.756574180006794), ([[911, 526], [1176, 526], [1176, 908], [911, 908]], '4', 0.40364703835122384), ([[40, 1120], [196, 1120], [196, 1266], [40, 1266]], '으', 0.1021466466185652), ([[648.1008841171174, 2022.0155509846918], [1089.6813862311412, 2151.9421186258155], [1017.8991158828826, 2362.984449015308], [576.3186137688589, 2233.0578813741845]], "'정이", 0.02933053103692665)]
[([[134, 1714], [490, 1714], [490, 1955], [134, 1955]], '운식"', 0.006676161032343066), ([[879.9627918285473, 620.0716439653726], [1228.6666241199223, 571.7241757829657], [1244.0372081714527, 819.9283560346274], [895.3333758800778, 868.2758242170343]], '꿀력7', 0.132080565238452)]
[([[107, 91], [441, 91], [441, 155], [107, 155]], '이후에도 사탕을', 0.5092994947213092), ([[103, 147], [442, 147], [442, 219], [103, 219]], '얻기위한 공학은', 0.4486028577982549), ([[747, 165], [987, 165], [987, 231], [747, 231]], '빨리 싸버려', 0.7198937247889841), ([[171, 213], [373, 213], [373, 277], [171, 277]], '계속되다:', 0.41678880149971254), ([[713, 223], [1019, 223], [1019, 292], [713, 292]], '나이트; 나 이제', 0.6158790960394269), ([[732, 284], [1004, 284], [1004, 346], [732, 346]], '손가락만으론', 0.8737645670694799), ([[775, 341], [959, 341], [959, 407], [775, 407]], '못참켓어', 0.5009217262268066), ([[383, 407], [469, 407], [469, 511], [383, 511]], '게', 0.020296805636759396), ([[1041, 449], [1151, 449], [1151, 515], [1041, 515]], '와맑', 0.000988796486022002), ([[93, 585], [177, 585], [177, 671], [93, 671]], '아', 0.9248754163832338), ([[636, 876], [708, 876], [708, 930], [636, 930]], ',사', 0.006442491024468798), ([[979, 1945], [1135, 1945], [1135, 2033], [979, 2033]], '물적오', 0.0049908214004848956), ([[209, 2084], [445, 2084], [445, 2148], [209, 2148]], '아 안돼요!', 0.45374171827089016), ([[1006, 2042], [1170, 2042], [1170, 2146], [1006, 2146]], '찌적', 0.6951985399230503), ([[139, 2142], [516, 2142], [516, 2206], [139, 2206]], '더 절러주서야해요.', 0.5594064982479825), ([[163, 2202], [449, 2202], [449, 2269], [163, 2269]], '가면 안돼애...', 0.5802485972198714), ([[74.50066316380318, 553.4002652655213], [163.2872908108484, 500.81989327560507], [194.49933683619682, 554.5997347344787], [106.71270918915161, 607.1801067243949]], '', 0.0), ([[24.207034992911325, 1542.026228392961], [115.14176822873836, 1523.41857986269], [148.79296500708867, 1716.973771607039], [57.85823177126164, 1734.58142013731]], '퍽', 0.03288171830328346), ([[383.361965624455, 1812.44786249782], [549.8271388138012, 1755.8722788471252], [582.638034375545, 1881.55213750218], [417.1728611861988, 1938.1277211528748]], '폭직', 0.237855069550537)]
[([[142, 96], [316, 96], [316, 152], [142, 152]], '또 자궁에', 0.7101019754767288), ([[122, 150], [336, 150], [336, 206], [122, 206]], '다 들어가지', 0.7495283163813715), ([[126, 202], [330, 202], [330, 258], [126, 258]], '않울정도로', 0.6052637205722448), ([[1000, 202], [1088, 202], [1088, 256], [1000, 256]], '너무', 0.9998996919741097), ([[114, 254], [342, 254], [342, 310], [114, 310]], '잔뜩 내다니,', 0.9477911531924217), ([[954, 256], [1134, 256], [1134, 312], [954, 312]], '틈직한 것', 0.3561555567773412), ([[972, 310], [1112, 310], [1112, 366], [972, 366]], '아뇨가:', 0.4437395930290222), ([[852, 544], [930, 544], [930, 632], [852, 632]], '약', 0.9931765766234015), ([[370, 1746], [564, 1746], [564, 1898], [370, 1898]], '#름', 0.09649461919095119), ([[490, 1852], [580, 1852], [580, 1928], [490, 1928]], "'0", 0.08359852406303006), ([[1124.5269705018952, 1122.0124395360074], [1191.5214440174582, 1105.0151184684128], [1244.4730294981048, 1329.9875604639926], [1177.4785559825418, 1346.9848815315872]], "'", 0.9998216708538621), ([[52.956474887943706, 1344.0340657855386], [281.39919481578244, 1398.656637359651], [245.0435251120563, 1528.9659342144614], [16.60080518421754, 1473.343362640349]], '476', 0.5039853134697645), ([[985.455544456383, 1389.0164835303192], [1056.7462657560034, 1400.353238504217], [1027.544455543617, 1571.9835164696808], [957.2537342439967, 1560.646761495783]], '지', 0.00216323829655142)]
[([[689, 127], [1015, 127], [1015, 211], [689, 211]], '너무 쾌념치', 0.432742084196503), ([[717, 209], [975, 209], [975, 293], [717, 293]], '마십시오', 0.8885742425918579), ([[745, 289], [953, 289], [953, 375], [745, 375]], '여러분.', 0.8160644769668579), ([[579, 480], [650, 480], [650, 517], [579, 517]], '자|', 0.0002777179174994611), ([[315, 1957], [513, 1957], [513, 2045], [315, 2045]], '여기선', 0.9998982765814091), ([[243, 2041], [581, 2041], [581, 2129], [243, 2129]], '필부가 한번', 0.9928846770918879), ([[181, 2123], [651, 2123], [651, 2213], [181, 2213]], '나서보켓습니다:', 0.5228801194939264)]
[([[117, 137], [197, 137], [197, 181], [117, 181]], '주군,', 0.9650479959455004), ([[563, 13], [821, 13], [821, 197], [563, 197]], '썩7', 0.09501165181633696), ([[882, 142], [970, 142], [970, 192], [882, 192]], '닥처.', 0.502314126161833), ([[57, 177], [255, 177], [255, 221], [57, 221]], '사탕은 적당히', 0.6958787118020141), ([[79, 217], [221, 217], [221, 261], [79, 261]], '드시논게..', 0.513355744225836), ([[780, 190], [1070, 190], [1070, 246], [780, 246]], '씩스 보면서 먹는', 0.2926029115169969), ([[802, 242], [1046, 242], [1046, 296], [802, 296]], '사탕울 어떻게', 0.43677520651449825), ([[812, 292], [1042, 292], [1042, 348], [812, 348]], '참으란 건데?', 0.734785712019606), ([[982, 398], [1164, 398], [1164, 452], [982, 452]], '입 털 여유', 0.9817450869098857), ([[947, 447], [1199, 447], [1199, 507], [947, 507]], '있으면 허리나', 0.8525210981249629), ([[980, 500], [1162, 500], [1162, 556], [980, 556]], '더 흔들어', 0.9598189109348754), ([[914, 604], [1202, 604], [1202, 852], [914, 852]], '뭐', 0.2779079601199932), ([[250, 1244], [516, 1244], [516, 1460], [250, 1460]], "쥐'", 0.029866497536179586), ([[120, 1452], [216, 1452], [216, 1508], [120, 1508]], '크욕', 0.4072880264324299), ([[422, 1442], [494, 1442], [494, 1534], [422, 1534]], '옷', 0.5900673825237845), ([[140, 1632], [170, 1632], [170, 1672], [140, 1672]], '사', 0.04753029342361459), ([[967, 1785], [1075, 1785], [1075, 1847], [967, 1847]], '으응', 0.9997295965290908), ([[913, 1845], [1207, 1845], [1207, 1909], [913, 1909]], '이쪽에 제대로', 0.9949862257671007), ([[903, 1901], [1210, 1901], [1210, 1974], [903, 1974]], '집중해주시오!', 0.8815680003955634), ([[762, 2062], [1230, 2062], [1230, 2379], [762, 2379]], '세밤', 0.040635464054879326), ([[1142.3111800851018, 754.0169557275664], [1247.242749646536, 780.4846978658975], [1195.6888199148982, 984.9830442724336], [1090.757250353464, 958.5153021341025]], '콩', 0.12018337557211467)]
[([[529, 28], [1061, 28], [1061, 368], [529, 368]], '&', 0.09087744753074478), ([[0, 844], [226, 844], [226, 1116], [0, 1116]], '곡', 0.01771812576988907), ([[724, 1542], [894, 1542], [894, 1716], [724, 1716]], '#', 0.010208694304037147), ([[309, 2038], [453, 2038], [453, 2158], [309, 2158]], '알격', 0.13483554935708858), ([[863, 2003], [1211, 2003], [1211, 2399], [863, 2399]], '*', 0.07107779151516525), ([[1058.3398062316398, 50.00778422153368], [1274.0285117833378, 75.37493209368319], [1217.6601937683602, 529.9922157784663], [1000.9714882166624, 504.6250679063168]], '8', 0.017613821456055945), ([[839.5121839124578, 1413.0461609905708], [1003.599975453113, 1345.4449532831973], [1100.4878160875421, 1621.9538390094292], [936.400024546887, 1689.5550467168027]], '컷', 0.007121050821212727), ([[660.9364744308797, 2068.1426159023335], [792.7185729057865, 2040.793997931899], [812.0635255691203, 2169.8573840976665], [680.2814270942135, 2198.206002068101]], '올럭', 0.1876276950238609)]
[([[1191, 1267], [1253, 1267], [1253, 1357], [1191, 1357]], '어', 0.04676001631429472), ([[1048.514483843719, 1275.006934530168], [1167.2111998497944, 1247.0432021028776], [1255.485516156281, 1658.993065469832], [1135.7888001502056, 1686.9567978971224]], '록', 0.004936035667736649), ([[373.9575066173686, 1960.0226521994787], [508.5379813806372, 1852.0060304235817], [784.0424933826314, 2237.9773478005213], [650.4620186193628, 2345.9939695764183]], '틀', 0.6627812724423485)]
[([[799, 285], [945, 285], [945, 353], [799, 353]], '오. !', 0.4761153752464007), ([[639, 353], [1105, 353], [1105, 444], [639, 444]], '문이 열려습니다!', 0.5353566777362065), ([[915, 1743], [975, 1743], [975, 1843], [915, 1843]], '특', 0.0858470514298384), ([[17.952846113824712, 524.0954534179244], [333.69322688407516, 485.92522572169446], [342.0471538861753, 674.9045465820756], [26.30677311592484, 713.0747742783055]], '범권!', 0.052425016125161365), ([[118.99310055644308, 1628.1558435612358], [314.4297233123592, 1602.2397892021138], [322.0068994435569, 1717.8441564387642], [125.57027668764081, 1742.7602107978862]], "'하으유", 0.15778818726539612), ([[922.219428607749, 1627.0381717990401], [978.8583260606072, 1609.0461785050404], [1018.780571392251, 1744.9618282009599], [962.1416739393928, 1763.9538214949596]], '로', 0.5866197253149075), ([[201.91207504804837, 1730.3186401537548], [350.10596386820504, 1712.5769596496427], [354.0879249519516, 1775.6813598462452], [205.89403613179496, 1793.4230403503573]], '또잔뜩', 0.9987624134034971), ([[171.96405360576284, 1788.2634037018988], [324.0487554065021, 1775.2164768773923], [326.03594639423716, 1841.7365962981012], [173.9512445934979, 1855.7835231226077]], '들어와:', 0.6037755012512207), ([[206.61376496399478, 1853.2619423379765], [365.3654344466212, 1823.8572059725004], [376.38623503600525, 1919.7380576620235], [218.63456555337885, 1949.1427940274996]], '아닷', 0.22647867679195677)]
[([[335, 225], [576, 225], [576, 318], [335, 318]], '후육  ;;', 0.3930296427436161), ([[224, 314], [678, 314], [678, 410], [224, 410]], '후육 . ; 드디어', 0.6664146980297011), ([[310, 407], [606, 407], [606, 497], [310, 497]], '끝앗군요', 0.21312011778354645), ([[36, 892], [178, 892], [178, 990], [36, 990]], '스', 0.25265231142455846), ([[231, 889], [570, 889], [570, 966], [231, 966]], '2스소스', 0.44120657444000244), ([[748, 1052], [826, 1052], [826, 1162], [748, 1162]], '(', 0.6061743020527643), ([[223, 1875], [741, 1875], [741, 1959], [223, 1959]], '홍스보 전투 이래로', 0.7595322409404778), ([[249, 1955], [697, 1955], [697, 2039], [249, 2039]], '필부의 인생에서', 0.8383754947962917), ([[189, 2035], [723, 2035], [723, 2121], [189, 2121]], '가장 힘든 싸움이/', 0.21886342569430425), ([[786, 2122], [1136, 2122], [1136, 2250], [786, 2250]], '선생님~', 0.9994689226150513)]
[([[72, 80], [296, 80], [296, 132], [72, 132]], '어디가세요~', 0.9999405285423985), ([[60, 129], [331, 129], [331, 185], [60, 185]], '다음 제 차련데..', 0.9224585591620965), ([[924, 1590], [1172, 1590], [1172, 1646], [924, 1646]], '여인들의 몸에', 0.944928474924682), ([[898, 1638], [1189, 1638], [1189, 1701], [898, 1701]], '무책임하게 잔뜩', 0.9088928843568918), ([[940, 1692], [1150, 1692], [1150, 1746], [940, 1746]], '싸농고 어달', 0.31685602195898016), ([[920, 1744], [1176, 1744], [1176, 1800], [920, 1800]], '도망칠 셈이오.', 0.4796216339247985), ([[142, 2118], [386, 2118], [386, 2174], [142, 2174]], '사탕은 많으면', 0.77741506188958), ([[110, 2168], [413, 2168], [413, 2225], [110, 2225]], '많을수록 종잖아?', 0.3576353156115813), ([[154, 2220], [372, 2220], [372, 2274], [154, 2274]], '빨리 이리와.', 0.5731808715205166)]
[([[380, 92], [508, 92], [508, 148], [380, 148]], '나한터', 0.4961437627703364), ([[295, 143], [595, 143], [595, 203], [295, 203]], '충성올 다하기로', 0.7624349521207343), ([[340, 200], [548, 200], [548, 256], [340, 256]], '망세터던거', 0.14271580866343436), ([[325, 253], [571, 253], [571, 313], [325, 313]], '잊진 않처지?', 0.23764620613520304), ([[731, 239], [903, 239], [903, 299], [731, 299]], '남자라면', 0.689033621853051), ([[681, 293], [955, 293], [955, 353], [681, 353]], '한번 뱉은 말은', 0.9066209209495837), ([[661, 349], [975, 349], [975, 409], [661, 409]], '끝까지 지켜야지.', 0.7269987089556125), ([[74, 552], [251, 552], [251, 614], [74, 614]], '씩스해요', 0.3407384157180786), ([[99, 607], [224, 607], [224, 669], [99, 669]], '씩스~', 0.14976603719012063), ([[950, 522], [1122, 522], [1122, 700], [950, 700]], '팀', 0.3254487780402684), ([[784, 1476], [1142, 1476], [1142, 1532], [784, 1532]], '사탕얻기는 두랜달이', 0.22215945124150113), ([[243, 1489], [423, 1489], [423, 1599], [243, 1599]], '이런', 0.9998674928797582), ([[846, 1528], [1090, 1528], [1090, 1580], [846, 1580]], '부서질 때까지', 0.9940685017975412), ([[882, 1578], [1052, 1578], [1052, 1632], [882, 1632]], '계속되다.', 0.28492481625164207), ([[832, 1625], [1102, 1625], [1102, 1692], [832, 1692]], '작리명명! 크7전-', 4.6789334479172565e-05)]
[([[801, 1355], [1083, 1355], [1083, 1673], [801, 1673]], '올', 0.3174518327842293), ([[97.94841560041483, 1087.0726599658492], [337.8474860412168, 1032.7130243510346], [378.0515843995852, 1285.9273400341508], [137.1525139587832, 1340.2869756489654]], '스', 0.28734227700988413)]
[([[36, 236], [236, 236], [236, 518], [36, 518]], '4', 0.9884639633629035), ([[150, 586], [344, 586], [344, 812], [150, 812]], '@', 0.18742043081387294), ([[290, 794], [440, 794], [440, 964], [290, 964]], '엇', 0.22622376954837264), ([[940, 760], [1184, 760], [1184, 1116], [940, 1116]], '@', 0.03338571280696834), ([[137, 1788], [563, 1788], [563, 2012], [137, 2012]], '불플손랍가', 0.014008385829017823), ([[918, 1671], [1150, 1671], [1150, 2077], [918, 2077]], '9', 0.4896851902361874), ([[928.7285854942778, 1340.0288808741116], [1114.3579791310765, 1475.552411094584], [915.2714145057222, 1747.9711191258884], [729.6420208689235, 1613.447588905416]], '애', 0.26101414145930235)]
[([[645, 221], [1057, 221], [1057, 331], [645, 331]], '심판의날이', 0.9903463424284021), ([[655, 325], [1045, 325], [1045, 433], [655, 433]], '다가있다! !', 0.3133028246086327), ([[843.2949548734334, 1732.2877111899736], [1279.5402165640003, 1641.065153871249], [1303.7050451265666, 1843.7122888100264], [867.4597834359996, 1934.934846128751]], ') 스스트', 0.07543269124668935)]
