2786207
113
[([[945, 67], [981, 67], [981, 85], [945, 85]], '진짜로', 0.9867863814050266), ([[915, 85], [991, 85], [991, 101], [915, 101]], '커쁘이건관기야?', 0.06878935484775878), ([[1041, 67], [1131, 67], [1131, 105], [1041, 105]], '(0`;6', 0.0012535597337355998), ([[1026, 402], [1054, 402], [1054, 488], [1026, 488]], '0', 0.8141376534216285), ([[1035, 485], [1059, 485], [1059, 501], [1035, 501]], '현만', 0.1420269285811357), ([[277, 470], [411, 470], [411, 544], [277, 544]], '2620', 0.631232738494873), ([[369, 518], [704, 518], [704, 665], [369, 665]], '-#문우', 0.0006574804428964853), ([[1020, 498], [1060, 498], [1060, 608], [1020, 608]], '논', 0.23426283464076292), ([[566, 651], [839, 651], [839, 747], [566, 747]], '+@감기%디', 0.00025367163763446846), ([[1021, 590], [1087, 590], [1087, 808], [1021, 808]], '6', 0.3364422273535297), ([[280, 786], [396, 786], [396, 862], [280, 862]], '손;', 0.011546080485883164), ([[502, 782], [674, 782], [674, 838], [502, 838]], '+@@(', 0.012689818628132343), ([[694, 858], [750, 858], [750, 882], [694, 882]], '+~,교,', 0.013063623854088918), ([[818, 830], [1004, 830], [1004, 882], [818, 882]], "*'설예", 0.0013231650227680802), ([[1082, 1137], [1143, 1137], [1143, 1165], [1082, 1165]], '-히물!0', 0.0008528543343615686), ([[1105, 1165], [1135, 1165], [1135, 1177], [1105, 1177]], '1청]', 0.001598028987974292), ([[956.2572186472918, 178.14304661822948], [972.6324555320336, 176.10263340389898], [977.7427813527082, 206.85695338177052], [962.3675444679664, 209.89736659610102]], '술', 0.05455260351604729), ([[682.9484287718934, 753.0616445610941], [862.6737640744768, 777.5987884765573], [848.0515712281066, 855.9383554389059], [668.3262359255232, 831.4012115234427]], "어나?)'", 0.22938786634108813), ([[385.30056284535164, 789.1825890886176], [474.77425897178017, 779.4630393421286], [479.69943715464836, 850.8174109113824], [390.22574102821983, 860.5369606578714]], '[외!', 0.005228953228747263), ([[549.2850141485749, 922.971008489145], [595.5127263449043, 909.6916961341368], [601.7149858514251, 931.028991510855], [555.4872736550957, 944.3083038658632]], "'1:", 0.0052812434244259516), ([[1073.0685071343348, 1160.230163555236], [1106.897366596101, 1165.3675444679664], [1103.9314928656652, 1182.769836444764], [1070.102633403899, 1177.6324555320336]], '}디디', 0.007646244742362402)]
[([[937, 293], [1021, 293], [1021, 427], [937, 427]], '배', 0.5618254479714757), ([[1168, 300], [1466, 300], [1466, 374], [1168, 374]], '어센선사랑해 .', 0.8439172952844577), ([[1180, 368], [1456, 368], [1456, 442], [1180, 442]], '사랑해사랑해', 0.9929172476186047), ([[587, 432], [776, 432], [776, 549], [587, 549]], '농야', 0.0065565912957197695), ([[203, 725], [382, 725], [382, 836], [203, 836]], '과아', 0.12681539496877958), ([[1615, 981], [1846, 981], [1846, 1118], [1615, 1118]], '젓', 0.49822574436097966), ([[233, 1482], [373, 1482], [373, 1550], [233, 1550]], '사랑해', 0.9992463298416052), ([[180, 1548], [426, 1548], [426, 1620], [180, 1620]], '사랑해에옛..', 0.5460801148279683), ([[1606, 1600], [1894, 1600], [1894, 1798], [1606, 1798]], '질;', 0.011093122157351212), ([[875, 2177], [1169, 2177], [1169, 2361], [875, 2361]], '웬', 0.07239056573400049)]
[([[271, 1160], [392, 1160], [392, 1241], [271, 1241]], '하아=', 0.7827008793287543), ([[377, 1215], [405, 1215], [405, 1229], [377, 1229]], '우)', 0.015157814499104643), ([[390, 1162], [520, 1162], [520, 1240], [390, 1240]], "'하아", 0.7056237259972828)]
[]
[]
[([[296, 1164], [396, 1164], [396, 1242], [296, 1242]], '으응', 0.9467109946997713)]
[([[275, 1156], [568, 1156], [568, 1248], [275, 1248]], '정말 좋아해요', 0.7334796354980284)]
[([[925, 1389], [1133, 1389], [1133, 1617], [925, 1617]], '2', 0.9749267346620663), ([[636, 1578], [810, 1578], [810, 1812], [636, 1812]], '>', 0.057595455640782944), ([[1255.1990054372927, 1363.021401677376], [1441.9961969666394, 1473.6622478160666], [1376.8009945627073, 1579.978598322624], [1190.0038030333606, 1469.3377521839334]], '40', 0.9792313116868359), ([[790.0831947897603, 1439.0221321480394], [1019.6393222279261, 1532.31548281541], [953.9168052102397, 1683.9778678519606], [724.3606777720739, 1590.68451718459]], '08', 0.8897710328320435)]
[([[71, 155], [210, 155], [210, 231], [71, 231]], '아니면', 0.45988607182028185), ([[58, 242], [185, 242], [185, 317], [58, 317]], "'이항랑", 0.028495339676737785), ([[255, 533], [317, 533], [317, 601], [255, 601]], '깔', 0.1750427156595089), ([[283.31671842700024, 206.6334368540005], [367.92009894476115, 180.45766312749896], [382.68328157299976, 237.3665631459995], [297.07990105523885, 262.54233687250104]], '해요', 0.36754503163005525), ([[167.79694097626984, 240.31724687864286], [290.1084370290698, 200.21420109908195], [307.2030590237302, 258.68275312135717], [184.89156297093018, 298.78579890091805]], '셋이서', 0.4033951764688079), ([[217.02985749985467, 551.1194299994187], [246.55787408738357, 535.0390939795767], [277.97014250014536, 598.8805700005813], [249.44212591261643, 613.9609060204233]], '%', 0.340416220332429)]
[([[1459, 401], [1573, 401], [1573, 547], [1459, 547]], '안', 0.6772484774642749), ([[276, 1751], [648, 1751], [648, 2024], [276, 2024]], "'1", 0.22872511654611447), ([[1554.6226980230947, 659.128821812472], [1849.6116191765725, 607.5759191512066], [1867.3773019769053, 794.871178187528], [1573.3883808234275, 847.4240808487934]], '장깐!', 0.33143273781633364)]
[([[197, 75], [399, 75], [399, 143], [197, 143]], '카스타드', 0.9997540712356567), ([[416, 82], [466, 82], [466, 136], [416, 136]], '더', 0.0940092645384647), ([[200, 156], [640, 156], [640, 228], [200, 228]], '응애 아가 나이트장', 0.9553231102978409), ([[200, 1250], [538, 1250], [538, 1446], [200, 1446]], '응 0거', 0.19544632105710988)]
[([[192, 106], [344, 106], [344, 154], [192, 154]], '-리.?리1', 0.0006277927870966448), ([[193, 171], [691, 171], [691, 231], [193, 231]], '헤카테 공대장님 화장실 잘', 0.31005400144256184), ([[154, 965], [427, 965], [427, 1061], [154, 1061]], '공대 장 님~', 0.45793206195226505), ([[178, 1107], [365, 1107], [365, 1181], [178, 1181]], '화장실 ~', 0.7831913866787181), ([[911, 1685], [1127, 1685], [1127, 1771], [911, 1771]], '공대장은', 0.9992489814758301), ([[883, 1801], [1096, 1801], [1096, 1879], [883, 1879]], '앞장실 이 |', 0.333597727495613), ([[898, 1912], [1126, 1912], [1126, 1981], [898, 1981]], '아니에요', 0.9971691370010376)]
[([[407, 477], [451, 477], [451, 543], [407, 543]], '오', 0.9972114956044607), ([[93, 542], [213, 542], [213, 609], [93, 609]], "나아'", 0.44078147707634185), ([[106, 590], [136, 590], [136, 622], [106, 622]], '0', 0.9999967813517721), ([[386, 706], [506, 706], [506, 802], [386, 802]], "'아득'", 0.29810533220036023), ([[1631, 655], [1773, 655], [1773, 765], [1631, 765]], '퍼', 0.17341031810633822), ([[1675, 728], [1868, 728], [1868, 878], [1675, 878]], '되떡', 0.006877668369013975), ([[1289, 813], [1471, 813], [1471, 997], [1289, 997]], '팩', 0.32548393843118006), ([[821, 1377], [967, 1377], [967, 1487], [821, 1487]], '#값', 0.025046196219415763), ([[1412, 1766], [1540, 1766], [1540, 1862], [1412, 1862]], '(걱', 0.19879708117599568), ([[227, 2003], [423, 2003], [423, 2067], [227, 2067]], '평생.나랑.', 0.652975902736213), ([[171, 2063], [487, 2063], [487, 2131], [171, 2131]], '같이있어쥐흐웃.', 0.7397248804568264)]
[([[215, 61], [379, 61], [379, 123], [215, 123]], '우유 ^', 0.5734067295911575), ([[212, 133], [788, 133], [788, 206], [212, 206]], '새해선물 상자안에 든 카테', 0.5395609111365389), ([[1681, 429], [1769, 429], [1769, 533], [1681, 533]], ')', 0.2681100843904325), ([[514, 2078], [678, 2078], [678, 2186], [514, 2186]], "외어아['", 0.0017501985227805935), ([[520.6334368540005, 1946.266873708001], [736.1406789827253, 1885.2251696009002], [759.3665631459995, 1987.733126291999], [543.8593210172747, 2048.7748303990998]], '202 |', 0.7103575083478612), ([[794.9699482330199, 2028.3008291689657], [893.5757233043391, 2015.767824479839], [898.0300517669801, 2074.6991708310343], [799.4242766956609, 2087.232175520161]], '표@형*', 0.0039142738096416), ([[668.9699482330199, 2059.3008291689657], [785.5588943790511, 2040.745744097665], [792.0300517669801, 2105.6991708310343], [676.4411056209489, 2124.254255902335]], '꼴서감', 0.0012082719042614079)]
[([[165, 55], [283, 55], [283, 115], [165, 115]], '66째', 0.0022505702003673238), ([[163, 135], [984, 135], [984, 216], [163, 216]], '인터넷에 얼마름 검색해버린 얼마', 0.46751326049764036), ([[370, 702], [394, 702], [394, 738], [370, 738]], '"', 0.04892877604953938), ([[877, 1219], [1073, 1219], [1073, 1381], [877, 1381]], '8', 0.012106949128771805), ([[257.00636944292773, 726.4146497187338], [374.330927930243, 709.5013877325521], [378.99363055707227, 758.5853502812662], [261.669072069757, 774.4986122674479]], "')우}0", 0.00015867938511163963)]
[([[171, 48], [763, 48], [763, 113], [171, 113]], '[오요3거기. +히--어 33탁없나~거', 2.2223020873817737e-05), ([[175, 117], [953, 117], [953, 184], [175, 184]], '이게 아니면 불라섬 아바타입고 불라섬', 0.7246810387152074), ([[175, 185], [863, 185], [863, 251], [175, 251]], '앞에서 억지로 가슴 모으는 여프리', 0.7911158018107592), ([[759, 1033], [799, 1033], [799, 1077], [759, 1077]], '7', 0.25755708972284097), ([[1391, 908], [1431, 908], [1431, 1061], [1391, 1061]], ';', 0.18103701606115497), ([[772, 1130], [876, 1130], [876, 1184], [772, 1184]], '7', 0.9963632568448624), ([[1842, 2182], [1886, 2182], [1886, 2208], [1842, 2208]], '71 ', 0.07855165775136395), ([[548.5405669797381, 455.00879817116345], [830.2243761551949, 653.7557827663169], [769.4594330202619, 739.9912018288366], [487.7756238448051, 541.2442172336831]], '1111', 0.1934119611978531)]
[([[712, 1130], [873, 1130], [873, 1187], [712, 1187]], '[~컨+7!', 0.0009009364463274902), ([[714, 1194], [1306, 1194], [1306, 1250], [714, 1250]], '혼자 열받은 태보 아줌마(런처 진각)', 0.8451804936460025), ([[816, 1281], [979, 1281], [979, 1337], [816, 1337]], '3*버어9어되', 0.0004296776422070377), ([[828, 1352], [898, 1352], [898, 1384], [828, 1384]], '근 0', 0.593191385269165)]
[([[1040, 82], [1456, 82], [1456, 278], [1040, 278]], '우하아', 0.02198787696068738), ([[1000, 231], [1474, 231], [1474, 452], [1000, 452]], '아아닷', 0.363358663090043), ([[614, 1260], [909, 1260], [909, 1382], [614, 1382]], "'미안하버", 0.49671427603591384), ([[611, 1377], [927, 1377], [927, 1461], [611, 1461]], '나 먼저.', 0.42750216591470064), ([[615, 1487], [935, 1487], [935, 1579], [615, 1579]], '가버길거', 0.8038789629936218), ([[85.56705853752834, 128.3103526837755], [488.2744147203241, 52.2603166450306], [500.43294146247166, 132.6896473162245], [97.72558527967587, 209.7396833549694]], '어센년 끼어굶', 0.165720680315101), ([[96.95797160369072, 240.54956592442886], [438.5932439319905, 152.61765191934526], [458.04202839630926, 245.45043407557114], [116.40675606800951, 333.3823480806547]], '안에서어:', 0.4905189435505509), ([[325.4871464448379, 292.4665807565786], [454.5751242144481, 266.76703531865974], [464.5128535551621, 331.5334192434214], [335.4248757855519, 357.23296468134026]], '서어', 0.7198012616480642), ([[180.76918828622019, 324.59988954417247], [333.10416995638695, 291.47453447836574], [345.2308117137798, 367.40011045582753], [192.89583004361307, 400.52546552163426]], '귀혀', 0.08679049480369579), ([[1364.8279831648701, 1296.0190831615123], [1804.8445552263422, 1372.2610993631222], [1739.1720168351299, 1674.9809168384877], [1300.1554447736578, 1598.7389006368778]], ';', 0.00395430037169664), ([[1178.9818567326931, 1349.0192034163697], [1388.6217839161252, 1402.8290859786964], [1317.0181432673069, 1667.9807965836303], [1107.3782160838748, 1613.1709140213036]], '{', 0.02171557478058972), ([[139.16455124202744, 1574.0124666079198], [347.4580304315248, 1649.277653599548], [232.83544875797256, 1964.9875333920802], [24.541969568475217, 1889.722346400452]], '정', 0.2988304500522787), ([[595.9846385012872, 1724.0161127905483], [839.2802382590123, 1795.7421502621598], [745.0153614987128, 2102.983887209452], [501.71976174098774, 2030.2578497378402]], '및', 0.07490418521753384)]
[]
[([[1438, 306], [1488, 306], [1488, 368], [1438, 368]], '응', 0.998080817673074), ([[1414, 372], [1514, 372], [1514, 444], [1414, 444]], '평생', 0.905441466966744), ([[1354, 442], [1582, 442], [1582, 516], [1354, 516]], '곁에있올께', 0.19346215343508086), ([[785, 467], [959, 467], [959, 553], [785, 553]], '하아', 0.36279641510929483), ([[419, 699], [599, 699], [599, 789], [419, 789]], '하@사낫', 0.003679338376969099), ([[1814, 1770], [1840, 1770], [1840, 1802], [1814, 1802]], '0', 0.9916771503739916)]
[([[375, 1777], [615, 1777], [615, 1863], [375, 1863]], '한번디해!', 0.2941734640723495), ([[1320, 1756], [1484, 1756], [1484, 1879], [1320, 1879]], '꼬속', 0.3700726583503117), ([[89, 2324], [1002, 2324], [1002, 2413], [89, 2413]], '부끄러움이 날라갈때까지 세쓰엔당햇다', 0.47341391057745597)]
[([[113, 156], [973, 156], [973, 604], [113, 604]], '잡하다', 0.7855567152570083), ([[1648, 330], [1868, 330], [1868, 475], [1648, 475]], '꽉 !', 0.7522458260973413), ([[1607.3052387456455, 1780.1029577142926], [1856.2613702954777, 1616.6973560243189], [1907.6947612543545, 1725.8970422857074], [1657.7386297045223, 1888.3026439756811]], '<<6', 0.15135842171456543)]
[([[469, 293], [694, 293], [694, 390], [469, 390]], '너구나', 0.9395362528210547), ([[336, 388], [831, 388], [831, 485], [336, 485]], '밤마다 고성방가로', 0.7939280501474046), ([[253, 480], [928, 480], [928, 577], [253, 577]], '우리릎힘들게하는 녀석이 ', 0.27329032504387496), ([[1609.3052387456455, 1780.1029577142926], [1856.1502507572786, 1616.6169682160912], [1908.6947612543545, 1725.8970422857074], [1660.8497492427214, 1889.3830317839088]], '<06', 0.1131078597440729)]
[([[2386, 1684], [2603, 1684], [2603, 1764], [2386, 1764]], '오해에외', 0.4700314700603485), ([[2304, 1827], [2685, 1827], [2685, 1905], [2304, 1905]], '저논그저모두에게', 0.5104375013253518), ([[2277, 1897], [2712, 1897], [2712, 1977], [2277, 1977]], '평화름전하고싶어서.', 0.7680056936157981), ([[1601.1621014199602, 1778.1130215016785], [1855.7005737699153, 1611.7811614269497], [1909.8378985800398, 1726.8869784983215], [1655.2994262300847, 1893.2188385730503]], '><6', 0.17867268929682642)]
[([[471, 311], [683, 311], [683, 408], [471, 408]], '닥처라!', 0.6187728484223332), ([[228, 403], [872, 403], [872, 503], [228, 503]], '딱바도 복장도수상하고', 0.5356150368879727), ([[1747, 361], [1922, 361], [1922, 511], [1747, 511]], '때륙', 0.5076857523020847), ([[2585, 1035], [2756, 1035], [2756, 1176], [2585, 1176]], '버드', 0.8960021747255655), ([[2390, 1686], [2503, 1686], [2503, 1761], [2390, 1761]], '정말', 0.9999804439182985), ([[2209, 1759], [2700, 1759], [2700, 1845], [2209, 1845]], '아무것도없다니까요!', 0.7932691680685783), ([[2208, 1839], [2692, 1839], [2692, 1918], [2208, 1918]], '저논그냥 음유시인.!', 0.520371032788846), ([[1606.284627991963, 1779.1054867348998], [1856.2101112583562, 1616.6600673227124], [1908.715372008037, 1725.8945132651002], [1658.7898887416438, 1889.3399326772876]], '><6', 0.190813735953141)]
[([[1261, 253], [1465, 253], [1465, 321], [1261, 321]], '다녀앉어', 0.48396754264831543), ([[161, 1241], [441, 1241], [441, 1327], [161, 1327]], '나알리뭐해?', 0.2979151855430984), ([[350, 1564], [390, 1564], [390, 1594], [350, 1594]], '00', 0.8334650342859982), ([[382, 1520], [530, 1520], [530, 1622], [382, 1622]], '독서 8', 0.1073838397860527), ([[409, 1969], [797, 1969], [797, 2037], [409, 2037]], '아 내가 마도미한테', 0.6049908014765909), ([[481, 2030], [726, 2030], [726, 2107], [481, 2107]], '책올빌려서.', 0.4257599386494966), ([[470, 2102], [740, 2102], [740, 2174], [470, 2174]], '책임고있없에', 0.40388656870524126)]
[([[289, 359], [529, 359], [529, 444], [289, 444]], '음유시인?', 0.9979280949071573), ([[2284, 1713], [2575, 1713], [2575, 1792], [2284, 1792]], '네이걸놔요', 0.7123191827447642), ([[2332, 1785], [2608, 1785], [2608, 1870], [2332, 1870]], '그러면제가', 0.9932862048431298), ([[2229, 1864], [2723, 1864], [2723, 1949], [2229, 1949]], '노래들 불러드컵게요', 0.25284630648887574), ([[1602.3063546793358, 1781.0959211781542], [1854.515994337055, 1609.6518082112705], [1910.6936453206642, 1722.9040788218458], [1657.484005662945, 1895.3481917887295]], '<<', 0.3823367371779874)]
[([[350, 292], [414, 292], [414, 362], [350, 362]], '음', 0.9959876334824571), ([[291, 358], [516, 358], [516, 445], [291, 445]], '수상하군', 0.9981638789176941), ([[252, 441], [566, 441], [566, 521], [252, 521]], '복장도 그렇고', 0.794255347915206), ([[1606.263513715751, 1779.1081097260087], [1856.2692932193156, 1616.7031513397328], [1907.736486284249, 1726.8918902739913], [1656.7307067806844, 1889.2968486602672]], '><6', 0.17542830975926246)]
[([[1824, 440], [2099, 440], [2099, 506], [1824, 506]], '조금만 놔회요', 0.41043152124801446), ([[1606.284627991963, 1779.1054867348998], [1857.2182859324253, 1615.6659902800068], [1909.715372008037, 1725.8945132651002], [1658.7817140675747, 1889.3340097199932]], '><6', 0.14781949774369554)]
[([[376, 401], [492, 401], [492, 476], [376, 476]], '좋아', 0.5042603377338356), ([[331, 475], [543, 475], [543, 555], [331, 555]], '그럼지금', 0.9905672669410706), ([[188, 553], [688, 553], [688, 637], [188, 637]], '소리한번들어바야켓군', 0.6665445652537204), ([[2645, 813], [2694, 813], [2694, 851], [2645, 851]], '00', 0.962394274257554), ([[2690, 778], [2756, 778], [2756, 902], [2690, 902]], '@', 0.9205800004002072), ([[2757, 782], [2802, 782], [2802, 844], [2757, 844]], '8', 0.5789230355469535), ([[2767, 850], [2794, 850], [2794, 879], [2767, 879]], '0', 0.999912144683325), ([[2654, 894], [2842, 894], [2842, 1020], [2654, 1020]], '&공동', 0.008192057842316611), ([[1606.325363643901, 1780.1005182443794], [1854.0771274741587, 1615.5649655983818], [1907.674636356099, 1724.8994817556206], [1659.9228725258413, 1890.4350344016182]], '><6', 0.12760216783213887)]
[([[2551, 673], [2798, 673], [2798, 942], [2551, 942]], '?기', 0.052259729104770516), ([[1600.2473812864891, 1780.1027409351568], [1856.749693526953, 1610.8162869705332], [1909.7526187135109, 1724.8972590648432], [1653.250306473047, 1894.1837130294668]], '<<6', 0.13024518813151215), ([[216.1085937634382, 2197.112187612881], [406.71671868703163, 2171.104197908875], [416.8914062365618, 2312.887812387119], [226.28328131296834, 2338.895802091125]], '덜렁', 0.16533772559942994)]
[([[1624.0374184046973, 311.24490208563674], [1915.172124182637, 228.5629601608302], [1942.9625815953027, 344.75509791436326], [1651.827875817363, 427.4370398391698]], '용이이야', 0.10845202207565308), ([[1708.032492994646, 441.6267226791191], [2097.1980383489226, 349.2686934382044], [2123.967507005354, 519.3732773208809], [1734.8019616510771, 611.7313065617956]], "싫어요!'", 0.9687868514875297)]
[([[358, 392], [516, 392], [516, 471], [358, 471]], '이걸로', 0.4967427480981205), ([[219, 471], [663, 471], [663, 552], [219, 552]], '음유시인인지아난지', 0.5541632723769618), ([[259, 549], [620, 549], [620, 629], [259, 629]], '판단하보아켓다', 0.5238996718995427)]
[([[240, 1586], [472, 1586], [472, 1782], [240, 1782]], '주유', 0.24231930072049546)]
[([[1868, 363], [1952, 363], [1952, 438], [1868, 438]], "('", 0.12234097889955567), ([[59, 1436], [269, 1436], [269, 1594], [59, 1594]], '혈', 0.05033818036972448), ([[602, 1970], [824, 1970], [824, 2098], [602, 2098]], '략교', 0.005390432939930378), ([[441, 2117], [639, 2117], [639, 2227], [441, 2227]], '$', 0.012405564904718835)]
[([[1758, 374], [2107, 374], [2107, 471], [1758, 471]], '하 앗아앗', 0.27187104896922254), ([[1794, 464], [2118, 464], [2118, 568], [1794, 568]], '차  횟 아', 0.10728100797666813)]
[([[1476, 52], [1572, 52], [1572, 160], [1476, 160]], '부움', 0.6551162722937783), ([[322, 172], [422, 172], [422, 296], [322, 296]], '붕', 0.19575249710684162), ([[1205, 285], [1247, 285], [1247, 337], [1205, 337]], '음', 0.9980086475032444), ([[1119, 339], [1353, 339], [1353, 401], [1119, 401]], '당신은의식이', 0.9987918239272242), ([[1129, 399], [1337, 399], [1337, 461], [1129, 461]], '흐려집니다 .', 0.5218021582022424), ([[100, 646], [427, 646], [427, 730], [100, 730]], '으음~그러니까.', 0.9637441986052344), ([[1700, 624], [1810, 624], [1810, 704], [1700, 704]], '질쥐', 0.0011656291490221812), ([[182, 722], [362, 722], [362, 794], [182, 794]], '이결바쥐', 0.25203070044517517), ([[1189, 917], [1487, 917], [1487, 985], [1189, 985]], '(니알리귀여워.', 0.3910078309401529), ([[1159, 977], [1533, 977], [1533, 1045], [1159, 1045]], '결런척해쥐야켓는길)', 0.3924622690804837), ([[165, 1219], [318, 1219], [318, 1294], [165, 1294]], '당신은', 0.9997449369983048), ([[142, 1292], [338, 1292], [338, 1366], [142, 1366]], '내말 외엔', 0.9174935333268557), ([[140, 1364], [340, 1364], [340, 1438], [140, 1438]], '아무것도', 0.9483152031898499), ([[78, 1435], [413, 1435], [413, 1511], [78, 1511]], '들리지않습니다!', 0.48003179999404894), ([[111, 1943], [363, 1943], [363, 2011], [111, 2011]], '저기 걸렇어?', 0.38289139448871884), ([[203, 2011], [281, 2011], [281, 2073], [203, 2073]], '응?', 0.9973868849874445), ([[605, 2103], [825, 2103], [825, 2187], [605, 2187]], '응걸로어', 0.1329304426908493)]
[([[142, 392], [627, 392], [627, 467], [142, 467]], '오. 음유시인인가 민가는', 0.22981368736624025), ([[152, 465], [628, 465], [628, 533], [152, 533]], '모르켓지만 감이오는데?', 0.6846612805163661)]
[([[1807, 299], [2003, 299], [2003, 422], [1807, 422]], '호욕0', 0.2960505307813803), ([[163, 404], [608, 404], [608, 525], [163, 525]], '옷 옷최콩.', 0.02227054157951345), ([[2658, 1231], [2773, 1231], [2773, 1333], [2658, 1333]], '오욕', 0.7562532763203368), ([[225, 1393], [501, 1393], [501, 1666], [225, 1666]], '퍽', 0.992738127263749), ([[516, 1982], [783, 1982], [783, 2281], [516, 2281]], '퍽', 0.9998384779355298), ([[38, 2302], [278, 2302], [278, 2544], [38, 2544]], '퍽', 0.9997867459515284)]
[([[289, 381], [487, 381], [487, 478], [289, 478]], '오옷 .', 0.3726302683353424), ([[183, 480], [579, 480], [579, 577], [183, 577]], '간다 . 간다   ', 0.3469237488748483), ([[2112, 744], [2212, 744], [2212, 828], [2112, 828]], '(0', 0.43222343008798925), ([[2536.613764963995, 827.2619423379765], [2766.733080302938, 800.8748514346846], [2770.386235036005, 893.7380576620235], [2540.266919697062, 920.1251485653154]], '하아2', 0.04160197229021446)]
[([[1927.6331211032243, 583.1561785374159], [2328.0858953298684, 442.3211244953815], [2386.3668788967757, 653.8438214625841], [1986.9141046701313, 794.6788755046184]], '아아아@', 0.16861410439014435), ([[1665.9210061681522, 597.7314209717172], [1988.2454676866541, 516.996970853965], [2013.0789938318478, 666.2685790282828], [1691.7545323133459, 746.003029146035]], "@아아 '", 0.520322695533592)]
[([[1977, 856], [2016, 856], [2016, 896], [1977, 896]], '00', 0.985568673990286), ([[488, 1664], [580, 1664], [580, 1829], [488, 1829]], '', 0.0), ([[1307.3052387456455, 1057.1029577142926], [1438.7178979881792, 1045.9221798641104], [1442.6947612543545, 1166.8970422857074], [1311.2821020118208, 1178.0778201358896]], '움필', 0.0942145698181945), ([[220.68180554240854, 2104.1499026765455], [457.5334746874309, 2063.1321837356377], [472.31819445759146, 2216.8500973234545], [235.4665253125691, 2257.8678162643623]], '똑입0', 0.0656272081038681)]
[([[214, 255], [512, 255], [512, 334], [214, 334]], '정말듣기중은', 0.19591286172246147), ([[252, 333], [483, 333], [483, 408], [252, 408]], '노래없어 ', 0.7124944730174103), ([[285, 406], [441, 406], [441, 487], [285, 487]], '하아', 0.9993134968765008)]
[([[214, 255], [561, 255], [561, 334], [214, 334]], '몰라보서미안해', 0.45178400752519526), ([[245, 331], [539, 331], [539, 411], [245, 411]], '음유시인품', 0.9309610391374963)]
[([[1639, 313], [2248, 313], [2248, 403], [1639, 403]], '(.모험올하는게아니없어. )', 0.1829200503421681), ([[1914, 803], [1981, 803], [1981, 958], [1914, 958]], '흙', 0.11628678640792955), ([[2429, 1185], [2489, 1185], [2489, 1323], [2429, 1323]], '훌', 0.07531091259448974), ([[2496.2025477771713, 1206.0318472146387], [2647.9658630744066, 1270.174425544132], [2610.7974522228287, 1350.9681527853613], [2459.0341369255934, 1285.825574455868]], '히이', 0.003933189966303201)]
[([[895, 2155], [1089, 2155], [1089, 2248], [895, 2248]], '바바라', 0.9996381242134239), ([[526, 2335], [1519, 2335], [1519, 2423], [526, 2423]], '아잇참~괜찮아요~ 치료는 제임무니까요', 0.7121495804778094)]
[([[895, 2155], [1089, 2155], [1089, 2248], [895, 2248]], '바바라', 0.9996381242134239), ([[517, 2335], [1451, 2335], [1451, 2423], [517, 2423]], '앗.? 제공연에도 몇번와바서안다구요?', 0.23159320056799687)]
[([[165, 933], [372, 933], [372, 1030], [165, 1030]], '그럼 ', 0.4342498326247671), ([[1513, 1939], [1763, 1939], [1763, 2025], [1513, 2025]], '입술에  추(', 0.09745849534122976), ([[1565, 2023], [1769, 2023], [1769, 2109], [1565, 2109]], '해줄래?', 0.7776402831077576)]
[([[895, 2155], [1089, 2155], [1089, 2248], [895, 2248]], '바바라', 0.9996523704178866), ([[643, 2346], [1316, 2346], [1316, 2434], [643, 2434]], '제괜이군요 정말 고마워요~', 0.3363781633713849)]
[([[895, 2155], [1089, 2155], [1089, 2248], [895, 2248]], '바바라', 0.9996381242134239), ([[922, 2346], [1037, 2346], [1037, 2430], [922, 2430]], '혜혜', 0.4572282587651737)]
[([[895, 2155], [1089, 2155], [1089, 2248], [895, 2248]], '바바라', 0.9996381242134239)]
[([[895, 2155], [1089, 2155], [1089, 2248], [895, 2248]], '바바라', 0.9996410147454632), ([[921, 2349], [1007, 2349], [1007, 2424], [921, 2424]], '잇', 0.3444177433639197)]
[([[895, 2155], [1089, 2155], [1089, 2248], [895, 2248]], '바바라', 0.999640877101055), ([[769, 2351], [1213, 2351], [1213, 2442], [769, 2442]], '거긴 . 부끄러워요.', 0.4485792570813986)]
[([[895, 2155], [1089, 2155], [1089, 2248], [895, 2248]], '바바라', 0.9996366101256599), ([[647, 2349], [1438, 2349], [1438, 2442], [647, 2442]], '앗!네 아직공연시간 좀남앉어요', 0.41592762400584693)]
[([[895, 2155], [1089, 2155], [1089, 2248], [895, 2248]], '바바라', 0.9997330994236152)]
[([[895, 2155], [1089, 2155], [1089, 2248], [895, 2248]], '바바라', 0.9996086683793489), ([[791, 2348], [1201, 2348], [1201, 2434], [791, 2434]], '에혜 괜찮올지도', 0.42769637812904826)]
[([[895, 2155], [1089, 2155], [1089, 2248], [895, 2248]], '바바라', 0.9997174766066951), ([[678, 2345], [1315, 2345], [1315, 2442], [678, 2442]], '기분증계해주서야해요 ?', 0.6861582203666996)]
[([[895, 2155], [1089, 2155], [1089, 2248], [895, 2248]], '바바라', 0.9996723977368231)]
[]
[([[895, 2155], [1089, 2155], [1089, 2248], [895, 2248]], '바바라', 0.9996753571046608), ([[893, 2348], [1071, 2348], [1071, 2437], [893, 2437]], '으웃!', 0.7181367846794826)]
[([[1320, 1426], [1404, 1426], [1404, 1528], [1320, 1528]], '/', 0.6215630850591403), ([[895, 2155], [1087, 2155], [1087, 2245], [895, 2245]], '바바라', 0.9997266300593368), ([[739, 2355], [1237, 2355], [1237, 2451], [739, 2451]], '아앗.  응  아아!', 0.37345798227402927)]
[([[1320, 1426], [1404, 1426], [1404, 1528], [1320, 1528]], '/', 0.6215630850591403), ([[897, 2155], [1089, 2155], [1089, 2248], [897, 2248]], '바바라', 0.9998731556529387), ([[460, 2352], [1450, 2352], [1450, 2449], [460, 2449]], '아앗. 당앉어요 .민감한곳당앉어요오;', 0.30726292602441196)]
[([[1320, 1426], [1404, 1426], [1404, 1528], [1320, 1528]], '/', 0.6791228610518409), ([[897, 2155], [1089, 2155], [1089, 2248], [897, 2248]], '바바라', 0.9998765968710186), ([[503, 2350], [1473, 2350], [1473, 2443], [503, 2443]], '네에   바바라증계속나오고이씨요오.', 0.38654519340438775)]
[([[1320, 1426], [1404, 1426], [1404, 1528], [1320, 1528]], '/', 0.698846313314462), ([[897, 2155], [1089, 2155], [1089, 2248], [897, 2248]], '바바라', 0.9998542289818615), ([[510, 2353], [1408, 2353], [1408, 2443], [510, 2443]], '흐 흐야앗 .으으 .으으앗. 하으앗..', 0.09775063498934705)]
[([[1320, 1426], [1404, 1426], [1404, 1528], [1320, 1528]], '/', 0.7193211396040375), ([[895, 2155], [1089, 2155], [1089, 2248], [895, 2248]], '바바라', 0.9996502369265976), ([[683, 2344], [1316, 2344], [1316, 2432], [683, 2432]], '으웃!흐야앗 .으흐욕!', 0.1170232003837677)]
[([[1320, 1426], [1404, 1426], [1404, 1528], [1320, 1528]], '/', 0.6996958348472617), ([[895, 2155], [1087, 2155], [1087, 2245], [895, 2245]], '바바라', 0.9997425970111212), ([[812, 2338], [1163, 2338], [1163, 2431], [812, 2431]], '하아 하아', 0.9000180806338535)]
[([[1320, 1426], [1404, 1426], [1404, 1528], [1320, 1528]], '/', 0.6639521141483016), ([[895, 2155], [1089, 2155], [1089, 2248], [895, 2248]], '바바라', 0.9996628314162609), ([[814, 2339], [1091, 2339], [1091, 2427], [814, 2427]], '하아  하', 0.642527536826538)]
[([[895, 2155], [1089, 2155], [1089, 2248], [895, 2248]], '바바라', 0.999628420292625), ([[561, 2345], [1504, 2345], [1504, 2442], [561, 2442]], '오늘공연에서질질으르면책임지세요', 0.40371123573650236)]
[([[895, 2155], [1089, 2155], [1089, 2248], [895, 2248]], '바바라', 0.9996666166495494), ([[924, 2360], [1044, 2360], [1044, 2446], [924, 2446]], '혜혜', 0.5343598284127933)]
[([[1123, 295], [1183, 295], [1183, 359], [1123, 359]], '와.', 0.2825290046898904), ([[1217, 293], [1353, 293], [1353, 359], [1217, 359]], '진짜로', 0.9988526980463276), ([[1088, 354], [1394, 354], [1394, 426], [1088, 426]], '최면이결런거야?', 0.5712813236877435), ([[1265, 737], [1342, 737], [1342, 860], [1265, 860]], '셈', 0.04951097643628999), ([[783, 1503], [927, 1503], [927, 1615], [783, 1615]], '쪽 ', 0.14920167985361962), ([[687, 1655], [729, 1655], [729, 1709], [687, 1709]], '9', 0.9954655430569836), ([[1443, 1937], [1625, 1937], [1625, 2001], [1443, 2001]], '으응아!', 0.9070565104484558), ([[1391, 2001], [1675, 2001], [1675, 2063], [1391, 2063]], '보변만 . 뻔뻔만', 0.015212591513735692), ([[1433, 2063], [1629, 2063], [1629, 2131], [1433, 2131]], '말햇는데.', 0.5415832843827358), ([[102, 2124], [332, 2124], [332, 2270], [102, 2270]], '말광0', 0.11617601104604519), ([[1656, 2242], [1836, 2242], [1836, 2294], [1656, 2294]], '아 앗. 거긴.', 0.32238226097730327), ([[1534.1821112670282, 186.04794576973987], [1587.9648672860192, 176.28142153812792], [1606.8178887329718, 284.95205423026016], [1553.0351327139808, 295.7185784618721]], '콩', 0.0735492143657126), ([[649.9135710474898, 1411.0492815223874], [735.8086460629003, 1385.3333163541067], [777.0864289525102, 1544.9507184776126], [691.1913539370997, 1570.6666836458933]], '품', 0.11255675176930513), ([[363.2606664962548, 1481.0227972393284], [488.8152851842978, 1586.902612097462], [421.7393335037452, 1666.9772027606716], [296.1847148157022, 1561.097387902538]], '430', 0.03518976850952276)]
[([[1374, 262], [1630, 262], [1630, 336], [1374, 336]], '뭐하느거야', 0.5792189589147637), ([[1414, 332], [1584, 332], [1584, 404], [1414, 404]], '이거놔]', 0.18298518657684326), ([[1356, 400], [1638, 400], [1638, 476], [1356, 476]], '빨리어센선올', 0.9605308606599022), ([[1310, 470], [1696, 470], [1696, 544], [1310, 544]], '구하리가지앉으면 .', 0.6503846397977938)]
[([[1288, 388], [1721, 388], [1721, 469], [1288, 469]], '어센선이위험하다고', 0.7980979160457513)]
[([[1396, 323], [1589, 323], [1589, 399], [1396, 399]], '흐으 옷', 0.8494089245796204), ([[1283, 389], [1725, 389], [1725, 477], [1283, 477]], '(더조여오고있관아)', 0.49027616169974414)]
[([[1148, 367], [1545, 367], [1545, 443], [1148, 443]], '어센넷 내말들레?', 0.17423902654679374), ([[1112, 440], [1587, 440], [1587, 518], [1112, 518]], '지금. 속수들이  까악', 0.35052792646187797), ([[186, 1126], [320, 1126], [320, 1254], [186, 1254]], '팬', 0.02746299027634458), ([[1646, 2016], [1796, 2016], [1796, 2162], [1646, 2162]], '"율', 0.06134233981551618)]
[([[1345, 316], [1654, 316], [1654, 396], [1345, 396]], '날뛰고있어서.', 0.8601662475545515), ([[1280, 385], [1722, 385], [1722, 472], [1280, 472]], '처리하고갈테니까아 .', 0.5465027555581046)]
[([[195, 525], [367, 525], [367, 615], [195, 615]], '하아', 0.6929292065259309), ([[857, 592], [1026, 592], [1026, 700], [857, 700]], '하아', 0.9990423893640875)]
[([[1280, 369], [1717, 369], [1717, 454], [1280, 454]], '!? 뭐.훨하려느거야 .', 0.13254977455556513)]
[([[670, 276], [774, 276], [774, 374], [670, 374]], '라/', 0.008373222147329874), ([[689, 365], [749, 365], [749, 401], [689, 401]], '0 0', 0.6276578307151794), ([[1300, 377], [1691, 377], [1691, 462], [1300, 462]], '나한테필봉은거야', 0.11738577147592723), ([[339, 959], [483, 959], [483, 1071], [339, 1071]], '꿀목', 0.06720378322538259)]
[([[1078, 1364], [1126, 1364], [1126, 1442], [1078, 1442]], '(', 0.5101201520133714)]
[([[1358, 428], [1544, 428], [1544, 482], [1358, 482]], '하아 하아', 0.9747746364710056), ([[1350, 478], [1543, 478], [1543, 538], [1350, 538]], '몸이 뜨거워', 0.5865969335130858), ([[1076, 1366], [1128, 1366], [1128, 1444], [1076, 1444]], '(', 0.5547269088792497)]
[([[1311, 137], [1495, 137], [1495, 251], [1311, 251]], '엉긁0', 0.08276610085954005), ([[712, 246], [972, 246], [972, 300], [712, 300]], '으응 기분좋아 ', 0.4498518820702234), ([[1697, 381], [1821, 381], [1821, 443], [1697, 443]], '어센선 ', 0.32591892507823356), ([[1173, 429], [1287, 429], [1287, 557], [1173, 557]], '`', 0.06414137560819544), ([[1272, 456], [1322, 456], [1322, 516], [1272, 516]], '0', 0.9911401692173207), ([[1488, 1424], [1552, 1424], [1552, 1478], [1488, 1478]], '아', 0.9957139025677328), ([[1343, 1481], [1669, 1481], [1669, 1545], [1343, 1545]], '어센선은하고나서', 0.9480791284510226), ([[1365, 1541], [1657, 1541], [1657, 1609], [1365, 1609]], '모두잊어버린다!', 0.7484316812227353), ([[295, 1665], [461, 1665], [461, 1733], [295, 1733]], '우우와', 0.9511079876701051), ([[263, 1731], [497, 1731], [497, 1799], [263, 1799]], '어센선자지.', 0.9233393665090937), ([[273, 1797], [491, 1797], [491, 1865], [273, 1865]], '터질젓같아', 0.3431321390105547)]
[([[1332, 418], [1569, 418], [1569, 474], [1332, 474]], '으으옷; 안돼 .', 0.32658911705712795), ([[1303, 463], [1577, 463], [1577, 529], [1303, 529]], '어센서언  " 안돼', 0.47741592816820233), ([[1078, 1364], [1128, 1364], [1128, 1444], [1078, 1444]], '(', 0.4962697210999387)]
[([[1280, 466], [1619, 466], [1619, 531], [1280, 531]], '안돼안돼안되안돼안돼', 0.21877661689707195), ([[1076, 1364], [1128, 1364], [1128, 1448], [1076, 1448]], '(', 0.15447936505394466)]
[([[1245, 415], [1625, 415], [1625, 481], [1245, 481]], '아 아혹 안.안대 흐으', 0.5466673681037331), ([[1351, 472], [1546, 472], [1546, 540], [1351, 540]], '기분 좋아.', 0.9506158705108523), ([[1076, 1364], [1126, 1364], [1126, 1442], [1076, 1442]], '(', 0.7281915460177721)]
[([[1272, 393], [1599, 393], [1599, 461], [1272, 461]], '어센서언 .조금마안_', 0.8443988773985738), ([[1329, 453], [1557, 453], [1557, 515], [1329, 515]], '기다려어어 .?', 0.7383944829091449), ([[1272, 508], [1611, 508], [1611, 576], [1272, 576]], '기분조은거어.하구.', 0.8111276147503113), ([[1076, 1364], [1126, 1364], [1126, 1442], [1076, 1442]], '(', 0.9019772964795472)]
[([[1312, 450], [1565, 450], [1565, 525], [1312, 525]], '갈테니까아', 0.7551789022278338), ([[1076, 1364], [1128, 1364], [1128, 1446], [1076, 1446]], '(', 0.15196832982852815)]
[([[1348, 426], [1549, 426], [1549, 503], [1348, 503]], '아!으응:', 0.5216391094828845), ([[1334, 494], [1581, 494], [1581, 572], [1334, 572]], '아 호욕', 0.46209821105003357), ([[1078, 1364], [1126, 1364], [1126, 1442], [1078, 1442]], '(', 0.5349353418848892)]
[]
[]
[([[1315, 457], [1572, 457], [1572, 534], [1315, 534]], '아 어센선 .', 0.40702253451641895), ([[1076, 1364], [1128, 1364], [1128, 1444], [1076, 1444]], '(', 0.40984576134065165)]
[([[1264, 410], [1637, 410], [1637, 485], [1264, 485]], '어센선 . 구하러워어어.', 0.29215934741640665), ([[1302, 474], [1597, 474], [1597, 542], [1302, 542]], '여기 있엇구나?', 0.7192328322478657), ([[1078, 1364], [1128, 1364], [1128, 1442], [1078, 1442]], '(', 0.42276609794589604)]
[([[1131, 247], [1225, 247], [1225, 307], [1131, 307]], '그럼', 0.9983313085839396), ([[1043, 305], [1319, 305], [1319, 371], [1043, 371]], '잘먹켓습니다  .!', 0.27846082511438264), ([[595, 597], [719, 597], [719, 707], [595, 707]], '얼름', 0.023999000233897387), ([[223, 721], [345, 721], [345, 835], [223, 835]], '탤름', 0.421842339034949), ([[1356, 734], [1462, 734], [1462, 838], [1356, 838]], '쑤육', 0.1555817739495929), ([[741, 921], [925, 921], [925, 985], [741, 985]], '뒷째지?', 0.29132792353630066), ([[373, 1491], [443, 1491], [443, 1557], [373, 1557]], '사', 0.3953199247042818), ([[261, 1681], [397, 1681], [397, 1789], [261, 1789]], '움필', 0.3176553792082615), ([[1621, 1873], [1739, 1873], [1739, 1989], [1621, 1989]], '움질', 0.07578494461922772)]
[([[1285, 430], [1607, 430], [1607, 497], [1285, 497]], '앗 .여기서이러며언_', 0.26650697920084515), ([[1297, 485], [1612, 485], [1612, 557], [1297, 557]], '어센선 사랑해에~', 0.6849184919162934), ([[1076, 1364], [1128, 1364], [1128, 1444], [1076, 1444]], '(', 0.7544531393376843)]
[([[329, 1167], [529, 1167], [529, 1253], [329, 1253]], "'짓국네요", 0.7547645088417453)]
[([[287, 1155], [1227, 1155], [1227, 1246], [287, 1246]], '@런숨소리라면 분명다른분들께 들킬거라구요?', 0.20947634285319666)]
[([[275, 1159], [608, 1159], [608, 1244], [275, 1244]], '으음하아하아', 0.9483630218034831)]
[([[274, 1162], [426, 1162], [426, 1240], [274, 1240]], '아이참', 0.7165822821811981), ([[447, 1160], [1011, 1160], [1011, 1247], [447, 1247]], '저까지두근두근 해적잡아요', 0.49672792420267486)]
[]
[([[276, 1162], [408, 1162], [408, 1240], [276, 1240]], '춤우~', 0.7111496925354004)]
[([[275, 1161], [869, 1161], [869, 1247], [275, 1247]], '후후보보라니어린아이같데요', 0.42048550185048933), ([[855, 1213], [881, 1213], [881, 1229], [855, 1229]], '자', 0.0029760312595573796)]
[]
[([[297, 1160], [1081, 1160], [1081, 1247], [297, 1247]], '아랫쪽에선질질흘리고있없네요지위관]', 0.14305832605359162)]
[([[1363, 207], [1487, 207], [1487, 319], [1363, 319]], '스득', 0.18449692592830091), ([[1429, 375], [1565, 375], [1565, 483], [1429, 483]], '스유', 0.10838595576418494), ([[91, 1181], [288, 1181], [288, 1274], [91, 1274]], '어센현', 0.268510232787663), ([[1661, 1564], [1805, 1564], [1805, 1666], [1661, 1666]], '옷 !', 0.32413103332583415), ([[1431, 1929], [1587, 1929], [1587, 2111], [1431, 2111]], '땅', 0.6033582921362637), ([[1622, 2042], [1828, 2042], [1828, 2238], [1622, 2238]], '광', 0.42530798649722), ([[749.0061162653263, 352.0550463879374], [815.5115530349887, 329.12784088158827], [855.9938837346737, 459.9449536120626], [789.4884469650113, 481.87215911841173]], '속', 0.9987430948241673), ([[111.99754952001219, 1299.3985297120073], [288.0059340842993, 1257.4043420942683], [301.00245047998783, 1312.6014702879927], [123.99406591570069, 1355.5956579057317]], '자지0', 0.9355377795356116), ([[129.31552506177647, 1373.4096801976848], [287.38591588402676, 1345.8572141251962], [295.6844749382235, 1422.5903198023152], [137.61408411597327, 1450.1427858748038]], '고아', 0.2457810590689026), ([[1571.436464432426, 1559.0265229837155], [1619.4206093466812, 1552.1706030256876], [1635.563535567574, 1676.9734770162845], [1587.5793906533188, 1682.8293969743124]], '옷', 0.30474011194024797), ([[233.39495830115862, 1754.7243707335917], [521.0357137521239, 1686.0478162174286], [542.6050416988414, 1814.2756292664083], [254.96428624787612, 1883.9521837825714]], '뜨다다', 0.010037884086904697)]
[([[273, 1160], [1139, 1160], [1139, 1246], [273, 1246]], '저눈말리지않아요 지위관~하앉어서끝내고', 0.33773987840687053), ([[276, 1242], [886, 1242], [886, 1322], [276, 1322]], '같이레이크나먹으러갈까요-?', 0.5566702095471384)]
[([[272, 1158], [861, 1158], [861, 1249], [272, 1249]], '대신조용조용하게해야해요?', 0.7600543304838547)]
[([[272, 1158], [1423, 1158], [1423, 1251], [272, 1251]], '후후분명지금꼼밖에서지휘관플찾눈분들이있올거라구요', 0.04553128017540757)]
[([[275, 1159], [993, 1159], [993, 1245], [275, 1245]], '햇밤지위관 요즘많이힘듣건아니조?', 0.14248450144270877), ([[275, 1239], [661, 1239], [661, 1325], [275, 1325]], '손이많이차가워요', 0.8923873139240454)]
[([[276, 1152], [1492, 1152], [1492, 1254], [276, 1254]], '으음 으음  조금씩따뜻해지고있네요- 후후제가슴따뜻해요?', 0.45929922088554714)]
[([[272, 1160], [787, 1160], [787, 1246], [272, 1246]], '지위관남무리하지말아요', 0.5694390424858076)]
[]
[([[273, 1160], [913, 1160], [913, 1244], [273, 1244]], '에헤 금방이라도터질거같아요', 0.21867989771556565)]
[([[275, 1160], [553, 1160], [553, 1247], [275, 1247]], '흐음으으음~', 0.32041614796326084)]
[([[269, 1161], [789, 1161], [789, 1249], [269, 1249]], '기분종으신가요지렉관?', 0.2486911242835464)]
