2790179
46
[]
[]
[]
[]
[]
[]
[]
[([[1146, 1056], [1300, 1056], [1300, 1160], [1146, 1160]], '738', 0.02582900600038174)]
[([[1349, 152], [1640, 152], [1640, 221], [1349, 221]], '최@미 ;히;어+:!', 2.3709593351950692e-05), ([[1580, 372], [1990, 372], [1990, 451], [1580, 451]], '@서3훨@따? `라헌히3', 5.399694995888994e-05), ([[1682, 436], [1888, 436], [1888, 500], [1682, 500]], '@{총 입', 0.024528603231614102), ([[217, 892], [356, 892], [356, 936], [217, 936]], '1 >라-', 0.005993050149957039), ([[358, 880], [783, 880], [783, 953], [358, 953]], '9어79 +아 |@+ >어4', 0.0007268643815279155), ([[165, 943], [832, 943], [832, 1016], [165, 1016]], '90 (서-명+. *어산대 ,어,-.,-.', 5.0259710732390416e-05), ([[234, 1000], [765, 1000], [765, 1079], [234, 1079]], "이@히4-@ >어4'하@ <우+.;", 4.293083613064749e-06), ([[189, 1065], [809, 1065], [809, 1142], [189, 1142]], '6산+ / (실령7-갚어 굽! 굽7히', 4.850973598540964e-06), ([[273, 1365], [641, 1365], [641, 1437], [273, 1437]], '벼어담 (리,. ~어4', 0.00021315655743495772), ([[244, 1429], [663, 1429], [663, 1506], [244, 1506]], '+,훨 ;김명서,-어탁라+.', 6.056330289734592e-05), ([[130, 1491], [781, 1491], [781, 1555], [130, 1555]], '@젠?|@라어@마 나 {*아,+ 어 4도?', 9.46003793814909e-06), ([[1963, 2818], [2140, 2818], [2140, 2862], [1963, 2862]], '23,07.62', 0.47619450173200756)]
[([[1498, 119], [1945, 119], [1945, 197], [1498, 197]], '읽@감 리훨(떠형 ', 0.00014262314070438755), ([[1445, 183], [1999, 183], [1999, 258], [1445, 258]], '(@[미@./ +@ 되리훨 `33', 2.340261351211675e-05), ([[1540, 248], [1882, 248], [1882, 311], [1540, 311]], '[확김속@[.미', 0.00016198581123289438), ([[1511, 307], [1931, 307], [1931, 376], [1511, 376]], '[@너@의@미마.-', 8.253657792262196e-05), ([[1593, 495], [1992, 495], [1992, 568], [1593, 568]], "오@,'터훨어미 @0.7", 0.000147852346137004), ([[1608, 551], [1973, 551], [1973, 639], [1608, 639]], '[@하어9,-긋 싹', 2.315762333828913e-05), ([[1653, 610], [1950, 610], [1950, 700], [1653, 700]], '@없리 [리+표^?', 0.0005674093983312323), ([[405, 849], [748, 849], [748, 924], [405, 924]], '19|+ 리이처+ @', 0.001379339030259743), ([[201, 905], [827, 905], [827, 984], [201, 984]], '잃어-@5 감+^ @훨. [라+-실채', 5.656395397070893e-06), ([[296, 985], [725, 985], [725, 1046], [296, 1046]], '리김어마9 ^훨 ^안7:', 8.615890832798898e-05), ([[220, 1224], [704, 1224], [704, 1288], [220, 1288]], "7낫라+ (어.-'+ 악라`.", 0.0002451934688207), ([[167, 1284], [757, 1284], [757, 1356], [167, 1356]], '+~< 리 [@3응서마도; ^산뜩?!', 8.462831185580319e-05), ([[1961, 2818], [2140, 2818], [2140, 2862], [1961, 2862]], '23.0762', 0.9710599048536079), ([[286.0237203470788, 843.0684144642591], [413.706235595122, 864.993409821932], [400.9762796529212, 927.9315855357409], [273.293764404878, 907.006590178068]], '위~7;', 0.0014148708432912827)]
[([[383, 141], [643, 141], [643, 213], [383, 213]], '@ {닭-니', 0.014914117274473709), ([[350, 323], [612, 323], [612, 387], [350, 387]], "7화- 여3탁'프", 0.0012190302346891874), ([[357, 386], [605, 386], [605, 450], [357, 450]], '5@ *.3|.!', 0.00024281237446555358), ([[1614, 374], [2051, 374], [2051, 449], [1614, 449]], '되어현 @]마 훨@피[처[', 0.00015132039791904188), ([[1639, 437], [2021, 437], [2021, 502], [1639, 502]], '진|[ [어 [어내', 0.00074690247494372), ([[1639, 499], [2016, 499], [2016, 563], [1639, 563]], '[[어어`[어~ 타머히', 0.0004492294515676332), ([[1554, 559], [2102, 559], [2102, 628], [1554, 628]], '도+ [~ 교켜 -+리머 [어곤?!', 4.86710497856789e-05), ([[301, 915], [432, 915], [432, 981], [301, 981]], '위리`!', 0.000728994607925415), ([[293, 1166], [719, 1166], [719, 1238], [293, 1238]], '@<어탁 어싹 ~어4', 0.00013131494781724366), ([[310, 1226], [725, 1226], [725, 1303], [310, 1303]], '굽라훨 이처어` 9어어|;', 4.766467811479543e-05), ([[266, 1284], [748, 1284], [748, 1361], [266, 1361]], "6산+ +^라+'$ 여,어도-79", 0.0003405464219563929), ([[405, 1355], [622, 1355], [622, 1412], [405, 1412]], '+^@ 이마.:', 0.0004354865186587857), ([[262, 1669], [486, 1669], [486, 1735], [262, 1735]], '좁어4 $서.,', 0.002188670627116551), ([[134, 1882], [859, 1882], [859, 1944], [134, 1944]], '[어답금;-리 확~쉽어 +실라+ 어서너@3+.어', 8.82726002295721e-06), ([[204, 1938], [790, 1938], [790, 2024], [204, 2024]], '{`어-. 조-;어나$ 리명라,|;히도', 1.7213894911813498e-06), ([[243, 2006], [741, 2006], [741, 2082], [243, 2082]], '리어,9째;어@ -+대 5어*!', 0.000326593168638225), ([[1548, 2303], [1956, 2303], [1956, 2382], [1548, 2382]], '%어산 (어탁+ 오라훨', 2.3887876942441034e-05), ([[1960, 2815], [2141, 2815], [2141, 2863], [1960, 2863]], '23.0762', 0.8597264759043144)]
[]
[([[1511, 91], [1892, 91], [1892, 158], [1511, 158]], '=- 진라김긋 -마3', 0.00037607573923804656), ([[1499, 146], [1788, 146], [1788, 230], [1499, 230]], '-@물@+속미9', 4.623597218703546e-05), ([[1498, 213], [1901, 213], [1901, 297], [1498, 297]], '@마 -훨 [-`가!', 0.0010869976489241225), ([[1687, 512], [2037, 512], [2037, 584], [1687, 584]], '속어대`히 타굳@쉽어', 8.416929667351319e-05), ([[1574, 577], [2014, 577], [2014, 642], [1574, 642]], '[하니. 화김 @어김. {@', 9.252359021211949e-05), ([[1535, 641], [2056, 641], [2056, 717], [1535, 717]], '+유;- [;--리탁+ [리,.+?', 0.00020920770117743807), ([[1284, 1018], [1445, 1018], [1445, 1082], [1284, 1082]], '자.라화!', 0.0016387605299202693), ([[1239, 1210], [1654, 1210], [1654, 1278], [1239, 1278]], '자어산@맵낫@ ;치처프', 4.836607221214794e-06), ([[1277, 1275], [1611, 1275], [1611, 1341], [1277, 1341]], '+아+욱`달속;-', 5.160393214007512e-05), ([[1277, 1338], [1611, 1338], [1611, 1404], [1277, 1404]], '잃어산불히 어프`!', 8.009498543078218e-05), ([[343, 1389], [676, 1389], [676, 1454], [343, 1454]], '[값 미|+ ^~마.', 0.0001307945586689346), ([[372, 1449], [647, 1449], [647, 1527], [372, 1527]], '[싹 @^어-입!', 7.552966764227677e-05), ([[210, 1697], [798, 1697], [798, 1771], [210, 1771]], '[@훨어4 $^+^~3|- @+.7', 3.91934646811226e-05), ([[258, 1761], [745, 1761], [745, 1825], [258, 1825]], '[어담 ^라+ 빨 (,라-^', 0.0004023941485530264), ([[354, 1814], [664, 1814], [664, 1902], [354, 1902]], '히3물응79 ;5?!', 0.0001908935931515594), ([[189, 2010], [629, 2010], [629, 2087], [189, 2087]], '[젠-곁 미서.어 +@ {교*', 0.00013106095215760857), ([[124, 2075], [676, 2075], [676, 2154], [124, 2154]], '진훨 @,서할/훨 이라++서,;서-- ', 3.0881867156615337e-06), ([[220, 2333], [421, 2333], [421, 2411], [220, 2411]], '읽,/^하', 0.00018079074488875884), ([[1962, 2815], [2141, 2815], [2141, 2863], [1962, 2863]], '23.0762', 0.7808843677593759), ([[1779.2645563374508, 163.19050351852837], [1896.7060610249825, 155.6378049643317], [1897.7354436625492, 223.80949648147163], [1780.2939389750175, 231.3621950356683]], '버@리', 0.004291858845357027), ([[1566.9286568319887, 506.0720605567174], [1694.5591806625425, 526.3810712665207], [1681.0713431680113, 595.9279394432826], [1552.4408193374575, 575.6189287334793]], "~^입'", 0.0006176132010295987)]
[([[1669, 151], [1872, 151], [1872, 244], [1669, 244]], '미@댁무', 0.0005816625198349357), ([[1657, 400], [1933, 400], [1933, 466], [1657, 466]], '화@{>썩`@', 0.0004314739846029766), ([[434, 954], [524, 954], [524, 1014], [434, 1014]], '0;!', 0.27734236554458963), ([[262, 1079], [522, 1079], [522, 1139], [262, 1139]], "요. 라,.,'{", 0.00038594042309123726), ([[515, 1068], [705, 1068], [705, 1156], [515, 1156]], '뒤@++79', 0.006391921469230121), ([[305, 1147], [648, 1147], [648, 1215], [305, 1215]], '버어4 90 @3-덕!', 0.0033005532889048414), ([[291, 1507], [603, 1507], [603, 1587], [291, 1587]], '가,.-명라--.마$', 0.00016228463798604448), ([[331, 1571], [719, 1571], [719, 1646], [331, 1646]], '[라싹 대명 +^처 +아', 0.0009478322293523068), ([[328, 1633], [596, 1633], [596, 1694], [328, 1694]], ';망 이어라어 ;', 0.0016523461806289956), ([[261, 1687], [786, 1687], [786, 1778], [261, 1778]], "@@ 여나9`+ >':미어담!", 5.957593983675782e-05), ([[1963, 2818], [2140, 2818], [2140, 2862], [1963, 2862]], '23 0762', 0.3734057250789721), ([[1528.860333073146, 140.05919750220144], [1681.268553328691, 166.05578746315183], [1661.139666926854, 257.94080249779853], [1509.731446671309, 231.94421253684817]], '[@', 0.038964911703821783), ([[602.0248357320592, 1519.2844414890012], [748.3076980994091, 1507.9647167040437], [749.9751642679408, 1566.7155585109988], [602.6923019005909, 1578.0352832959563]], '-어++라', 0.004062030746669568), ([[601.8842518252328, 1625.0781879591534], [729.647532883669, 1646.6515450199756], [716.1157481747672, 1711.9218120408466], [587.352467116331, 1690.3484549800244]], '+`~컨', 0.00109639554284513)]
[([[1561, 181], [1949, 181], [1949, 248], [1561, 248]], '군어-@ [어미`@쉽3', 4.412767145215824e-06), ([[1608, 247], [1901, 247], [1901, 311], [1608, 311]], '@욕@ $어화@걸', 3.654932292289695e-05), ([[1618, 490], [2091, 490], [2091, 571], [1618, 571]], '@; -.,도++@ -@@!', 0.0010444789970238792), ([[428, 595], [593, 595], [593, 657], [428, 657]], '위금 ;', 0.002844373695552349), ([[1297, 613], [1359, 613], [1359, 689], [1297, 689]], '|', 0.0069964288666577445), ([[205, 655], [834, 655], [834, 731], [205, 731]], '룹@" 굽라니. 리 9어어어 이+표:', 8.47361265136726e-05), ([[206, 989], [794, 989], [794, 1049], [206, 1049]], "@+ 룹@' {@+] 나- $어<.", 0.0005329176440594868), ([[448, 1056], [700, 1056], [700, 1122], [448, 1122]], '?어탁서둠 라+', 5.161780182488516e-05), ([[274, 1115], [722, 1115], [722, 1175], [274, 1175]], '+. $리머. 김라,니.+', 0.0001442482235149042), ([[1694, 1233], [1747, 1233], [1747, 1286], [1694, 1286]], '_', 0.003540312670061177), ([[1960, 2815], [2139, 2815], [2139, 2863], [1960, 2863]], '23.07.62', 0.4091277623914433), ([[481.0, 586.0], [604.5579095150383, 556.1720831849344], [612.0, 586.0], [488.4420904849616, 615.8279168150656]], '~시시', 0.11096945976387704), ([[296.9699482330199, 1063.3008291689657], [441.2609903369994, 1050.8695048315003], [442.0300517669801, 1109.6991708310343], [298.7390096630006, 1122.1304951684997]], '9어형어', 0.04075150191783905), ([[1508.6292136193922, 1319.132584514906], [1639.0055712963274, 1245.5204107066374], [1673.3707863806078, 1316.867415485094], [1541.9944287036726, 1390.4795892933626]], '~소|', 0.011275174971008101)]
[([[1530, 155], [1778, 155], [1778, 234], [1530, 234]], '[@숫옷0', 0.00023017863689476283), ([[1529, 222], [1793, 222], [1793, 290], [1529, 290]], '(-#3생', 0.002131199952539429), ([[1960, 2815], [2141, 2815], [2141, 2863], [1960, 2863]], '23 07.62', 0.5750962073240299)]
[([[501, 1590], [1006, 1590], [1006, 1905], [501, 1905]], '없내배', 0.025322135447549687), ([[1962, 2815], [2141, 2815], [2141, 2863], [1962, 2863]], '23.0762', 0.5746678880639658), ([[1362.807611844575, 191.8076118445749], [1606.898945799864, 114.57320511396199], [1637.192388155425, 220.1923881554251], [1392.101054200136, 297.426794886038]], '예}#!', 0.0024782007094472647)]
[([[1628, 1684], [1927, 1684], [1927, 1920], [1628, 1920]], '없0', 0.009926465626434294), ([[83, 1747], [615, 1747], [615, 2064], [83, 2064]], '[새', 0.5759707770890107), ([[1250, 2459], [1524, 2459], [1524, 2667], [1250, 2667]], '[내?', 0.04061780869960785), ([[1963, 2818], [2140, 2818], [2140, 2862], [1963, 2862]], '23 07.62', 0.45323377423080835), ([[85.87851804154798, 2327.118810569777], [285.7602815423922, 2290.922528104845], [304.121481958452, 2453.881189430223], [105.23971845760782, 2490.077471895155]], '쿠내?', 0.07512688170293168)]
[([[1960, 2815], [2141, 2815], [2141, 2863], [1960, 2863]], '23.07.62', 0.7546039097852822)]
[([[1438, 158], [1889, 158], [1889, 231], [1438, 231]], '뺨@`~화; [@어:째 [`@', 0.00010562439313020282), ([[1545, 224], [1780, 224], [1780, 288], [1545, 288]], '+유@ 어-5', 0.00026811811233367385), ([[1467, 286], [1857, 286], [1857, 363], [1467, 363]], '[@ 훨@미@[처율', 0.0001493395705189384), ([[1583, 348], [1742, 348], [1742, 414], [1583, 414]], '5+]', 0.010162328187471549), ([[1619, 523], [1636, 523], [1636, 559], [1619, 559]], '1', 0.5550103533995845), ([[1645, 506], [1979, 506], [1979, 574], [1645, 574]], '때어미|서대 ^어담', 9.93594309446569e-06), ([[1714, 570], [1998, 570], [1998, 649], [1714, 649]], "훨어산' |35레", 0.00207250221894536), ([[317, 756], [510, 756], [510, 822], [317, 822]], '퍼<아7;', 0.004832252159931345), ([[227, 818], [747, 818], [747, 882], [227, 882]], '-나-니 @탁 ^< ^라*어~마', 3.0023036782911786e-05), ([[170, 946], [711, 946], [711, 1015], [170, 1015]], "벼- 맥걸 ;4-+ 담어,'+ |@+", 0.00016830952259294063), ([[1963, 2818], [2140, 2818], [2140, 2862], [1963, 2862]], '23.0762', 0.42424582228146596), ([[1596.9696913521816, 563.0666234117981], [1728.623406240106, 586.5743707417844], [1714.0303086478184, 655.9333765882019], [1581.376593759894, 633.4256292582156]], '[@물9', 0.02710462361574173), ([[518.0100505063389, 752.0703535443719], [662.8019663035377, 774.3467443012235], [650.9899494936611, 835.9296464556281], [505.19803369646223, 812.6532556987765]], '6어없자', 0.002439860487356782), ([[709.3022506247456, 955.2090024989827], [806.6320185571004, 946.8430339221402], [808.6977493752544, 1008.7909975010173], [711.3679814428996, 1017.1569660778598]], '90!', 0.23203811049461365)]
[([[1963, 2818], [2140, 2818], [2140, 2862], [1963, 2862]], '23.0762', 0.8073169602998767)]
[([[1963, 2818], [2140, 2818], [2140, 2862], [1963, 2862]], '23.0762', 0.9012304104602911)]
[]
[([[1963, 2818], [2140, 2818], [2140, 2862], [1963, 2862]], '23.07.62', 0.22020545546448622)]
[([[1459, 105], [1654, 105], [1654, 169], [1459, 169]], '뺨리`!', 0.003178226761519909), ([[1374, 168], [1737, 168], [1737, 234], [1374, 234]], '[아어녹8(고어-.', 8.294003857208144e-06), ([[1470, 230], [1656, 230], [1656, 314], [1470, 314]], '[@저형]', 0.0037005687473335553), ([[1536, 411], [2003, 411], [2003, 477], [1536, 477]], '%어데 [`@ @데? [어55?', 4.1426195955125416e-05), ([[1561, 474], [1982, 474], [1982, 540], [1561, 540]], '(침` +^라+ 커닭표화?', 2.728055213137711e-05), ([[1571, 1893], [1806, 1893], [1806, 1970], [1571, 1970]], '어 가명}!', 0.0015042049945064228), ([[1561, 2176], [2060, 2176], [2060, 2249], [1561, 2249]], "[~+'$ -서서 ' 뵈어4 @7", 0.00012397039927621706), ([[1666, 2240], [2099, 2240], [2099, 2304], [1666, 2304]], '+라+ 커어감+^ $^산+', 0.0006112547195601604), ([[1628, 2303], [1996, 2303], [1996, 2363], [1628, 2363]], '라+서마 리시 어 4-', 0.003932445662786759), ([[1963, 2818], [2140, 2818], [2140, 2862], [1963, 2862]], '23 0762', 0.5716001026104544), ([[1534.8686291501015, 2234.0804040507105], [1673.6278131884471, 2252.5882649477703], [1661.1313708498985, 2319.9195959492895], [1522.3721868115529, 2300.4117350522297]], '룩~서명', 0.0016432665288448334)]
[([[1296, 144], [1682, 144], [1682, 224], [1296, 224]], '이 명칭향 놈들]', 0.24411402954046596), ([[1606, 384], [1944, 384], [1944, 470], [1606, 470]], '당장 이레 매', 0.11070266181341284), ([[192, 900], [764, 900], [764, 975], [192, 975]], '아까부터 횟소리하는 게', 0.7113684158818122), ([[216, 963], [732, 963], [732, 1041], [216, 1041]], '귀여워서 참아앞는데;', 0.2602994053009627), ([[187, 1026], [777, 1026], [777, 1104], [187, 1104]], '네놈은 도저히 안되켓다:', 0.5612138773926845), ([[266, 1323], [611, 1323], [611, 1401], [266, 1401]], '우리 위대하신', 0.9121090731132301), ([[294, 1392], [585, 1392], [585, 1460], [294, 1460]], '울프 대장을', 0.5406949034709314), ([[239, 1448], [639, 1448], [639, 1529], [239, 1529]], '사칭하려 들다니', 0.6857854974983583), ([[180, 1512], [705, 1512], [705, 1590], [180, 1590]], '버릇올 고처워야켓어:', 0.44186941903676336)]
[([[1524, 160], [1882, 160], [1882, 240], [1524, 240]], '릭려니까 매가', 0.030986836591054147), ([[1437, 220], [1966, 220], [1966, 304], [1437, 304]], '몹 울프 오물델이리교', 0.0023716688019732655), ([[1537, 286], [1871, 286], [1871, 366], [1537, 366]], '몇 번율 말해@', 0.11452893277031495), ([[1596, 518], [1981, 518], [1981, 595], [1596, 595]], '안대 렌 거 보면', 0.39422546685410925), ([[1661, 579], [1920, 579], [1920, 663], [1661, 663]], '모르켓나?', 0.8102965337756662), ([[349, 835], [696, 835], [696, 908], [349, 908]], '그렇게 따지면', 0.6560629977565309), ([[257, 896], [795, 896], [795, 973], [257, 973]], '내 직속 부하들 중에도', 0.7169768811625958), ([[273, 958], [780, 958], [780, 1037], [273, 1037]], '안대 팬 늑대는 많아', 0.6164318915891055), ([[255, 1233], [672, 1233], [672, 1306], [255, 1306]], '개네들도 다 그럼', 0.6303611752814754), ([[275, 1294], [663, 1294], [663, 1371], [275, 1371]], '울프 대장이야?!', 0.8168149271200834)]
[([[378, 142], [618, 142], [618, 217], [378, 217]], '오이런.', 0.2519911229610443), ([[293, 320], [663, 320], [663, 399], [293, 399]], '내가 이런 일흘', 0.6078696446078522), ([[1704, 318], [1947, 318], [1947, 395], [1704, 395]], '이 예석물', 0.13468926512638332), ([[338, 383], [624, 383], [624, 462], [338, 462]], '당하다니@', 0.36589734965859144), ([[1614, 378], [2033, 378], [2033, 458], [1614, 458]], '진짜 매략 어떻계', 0.1072165984253605), ([[1623, 444], [2026, 444], [2026, 521], [1623, 521]], '생권지도 모르고', 0.40943789909912076), ([[1685, 508], [1966, 508], [1966, 584], [1685, 584]], '스타울프클', 0.27641004118344853), ([[1652, 570], [2001, 570], [2001, 647], [1652, 647]], '따르고 있없단', 0.5576815146581561), ([[1719, 633], [1936, 633], [1936, 712], [1719, 712]], '말이야?', 0.7392428517341614), ([[291, 898], [437, 898], [437, 995], [291, 995]], '허혀!', 0.6874982192927747), ([[212, 1222], [802, 1222], [802, 1299], [212, 1299]], '좀 생격다고 선올 넘으면', 0.18959189326650946), ([[403, 1287], [615, 1287], [615, 1362], [403, 1362]], '안 되지!', 0.9381243708612653), ([[189, 1666], [555, 1666], [555, 1746], [189, 1746]], '우리 대장남은', 0.8027839521399779), ([[188, 1873], [855, 1873], [855, 1957], [188, 1957]], '극악무도한 아파로이드들올', 0.7332922455672592), ([[288, 1942], [687, 1942], [687, 2015], [288, 2015]], '스타똑스와 함께', 0.48136491952025995), ([[165, 2003], [813, 2003], [813, 2080], [165, 2080]], '처부순 위대한 영웅이라고!', 0.8038234842757697), ([[1604, 2299], [1879, 2299], [1879, 2383], [1604, 2383]], '염병하다 .', 0.15811479501002146)]
[([[1483, 98], [1909, 98], [1909, 178], [1483, 178]], '감히 데늄 따웬의', 0.10312164291384149), ([[1473, 159], [1917, 159], [1917, 245], [1473, 245]], '비프활 레 압 된다', 0.08004979919855251), ([[1564, 225], [1828, 225], [1828, 305], [1564, 305]], '이 말이터', 0.15148551049585315), ([[1683, 495], [1927, 495], [1927, 570], [1683, 570]], '그런 분이', 0.8690466884495712), ([[1571, 558], [2042, 558], [2042, 636], [1571, 636]], '이런 짓퍼미 행성에', 0.2380141881554244), ([[1569, 621], [2042, 621], [2042, 699], [1569, 699]], '무슨 볼일이 있다고', 0.9754179865999744), ([[1699, 687], [1918, 687], [1918, 762], [1699, 762]], '오켓나?!', 0.21943948583507744), ([[1296, 1017], [1441, 1017], [1441, 1095], [1296, 1095]], '맞아]', 0.8108127531447378), ([[1276, 1247], [1621, 1247], [1621, 1326], [1276, 1326]], '명청하리 짝이', 0.3369909619077346), ([[1378, 1310], [1524, 1310], [1524, 1391], [1378, 1391]], '없문', 0.4767442247351115), ([[288, 1389], [723, 1389], [723, 1466], [288, 1466]], '원해서 여기 온 게', 0.9663314660450771), ([[385, 1452], [631, 1452], [631, 1531], [385, 1531]], '아니라고', 0.9919001460075378), ([[264, 1704], [773, 1704], [773, 1785], [264, 1785]], '미놈들은 불시착하눈', 0.41304720822038204), ([[198, 1769], [840, 1769], [840, 1848], [198, 1848]], '켓도 의도가 있어야 하나?', 0.6723103332725762), ([[101, 2017], [682, 2017], [682, 2101], [101, 2101]], '에너지 전지만 순리하면', 0.9649377038662064), ([[285, 2082], [493, 2082], [493, 2162], [285, 2162]], '볼일이', 0.8994753400817794), ([[226, 2323], [395, 2323], [395, 2403], [226, 2403]], '흐율.', 0.40245456915825606)]
[([[1562, 149], [1832, 149], [1832, 251], [1562, 251]], '안)히', 0.020174409366530487), ([[1628, 391], [1973, 391], [1973, 475], [1628, 475]], '뭄해눈 메야3', 0.035975128396401435), ([[403, 948], [541, 948], [541, 1023], [403, 1023]], '어히!', 0.5726382771814851), ([[323, 1077], [614, 1077], [614, 1145], [323, 1145]], '누가 그렇게', 0.9547379469090902), ([[259, 1134], [687, 1134], [687, 1212], [259, 1212]], '순순히 보내준데?', 0.9959491794547887), ([[259, 1508], [786, 1508], [786, 1585], [259, 1585]], '우리 구역올 침범하다', 0.8399400351467925), ([[324, 1571], [719, 1571], [719, 1646], [324, 1646]], '걸코으면 암전히', 0.2924861706417627), ([[325, 1637], [720, 1637], [720, 1706], [325, 1706]], '통과-의레름 받고', 0.19850514150098528), ([[250, 1692], [795, 1692], [795, 1772], [250, 1772]], '저열올 따르란 말이야!', 0.584303920580609)]
[([[1584, 176], [1936, 176], [1936, 255], [1584, 255]], '젖은 현태같이', 0.20734681922080528), ([[1553, 237], [1974, 237], [1974, 318], [1553, 318]], '야해갖되 말이터', 0.07035860951106812), ([[1661, 491], [2080, 491], [2080, 570], [1661, 570]], '엄청 느끼늄문만', 0.7923029023670533), ([[234, 635], [816, 635], [816, 710], [234, 710]], '수컷 노리개로는 최고군', 0.6677723938515074), ([[1297, 613], [1361, 613], [1361, 689], [1297, 689]], '새', 0.018119398047504953), ([[257, 1011], [705, 1011], [705, 1083], [257, 1083]], '노예시장에 팔아도', 0.9907997781930279), ([[259, 1071], [705, 1071], [705, 1146], [259, 1146]], '돈이 꽤 되켓는데?', 0.6271349088768703), ([[1697, 1233], [1747, 1233], [1747, 1284], [1697, 1284]], '시', 0.006671018690699526), ([[1512.274028537339, 1318.9206542209442], [1635.388082575808, 1247.3108497319997], [1667.725971462661, 1314.0793457790558], [1544.611917424192, 1385.6891502680003]], '~소|', 0.012400389906931058)]
[([[1445, 180], [1884, 180], [1884, 260], [1445, 260]], '이 순잡한 담물@', 0.03647347246330155)]
[([[1379, 119], [1606, 119], [1606, 276], [1379, 276]], '으석!', 0.010410492099842709), ([[502, 1589], [1004, 1589], [1004, 1904], [502, 1904]], '없내', 0.08146412584918665)]
[]
[([[1704, 1681], [1889, 1681], [1889, 1927], [1704, 1927]], '퍽', 0.9762995439078992), ([[191, 1722], [460, 1722], [460, 2115], [191, 2115]], '퍽', 0.9999554162226474), ([[1293, 2481], [1440, 2481], [1440, 2678], [1293, 2678]], '퍽', 0.9707024038694421), ([[103.96083601982534, 2325.036038685485], [214.07814750714766, 2302.885737075722], [246.03916398017466, 2498.963961314515], [135.92185249285234, 2520.114262924278]], '퍽', 0.9977185640383688)]
[]
[([[1529, 129], [1792, 129], [1792, 209], [1529, 209]], '운리 형님', 0.884243771143191), ([[1507, 189], [1804, 189], [1804, 274], [1507, 274]], '네한켓 /계', 0.027395445875037654), ([[1510, 255], [1808, 255], [1808, 332], [1510, 332]], '질리진 양율', 0.4625984526898209), ([[1512, 322], [1803, 322], [1803, 399], [1512, 399]], '거왜다.타', 0.0469145206133407), ([[1597, 519], [2023, 519], [2023, 603], [1597, 603]], '어디 며칠올 가냐', 0.2951252748159905), ([[1719, 592], [1893, 592], [1893, 665], [1719, 665]], '보자구', 0.7322454452514648), ([[264, 804], [719, 804], [719, 876], [264, 876]], '가슴 좀 잘 빨아화', 0.7387314556180206), ([[228, 925], [773, 925], [773, 1002], [228, 1002]], '애설이 착작 달라불네!', 0.2755111240386342)]
[]
[]
[]
[([[1380, 167], [1776, 167], [1776, 246], [1380, 246]], '많이도 씹다크타', 0.1264376678325213), ([[1623, 398], [1940, 398], [1940, 482], [1623, 482]], '울형님 쫓이', 0.49831750207161973), ([[1580, 468], [1999, 468], [1999, 541], [1580, 541]], '그렇게 좋나? 크타', 0.1333606462581338), ([[1634, 1884], [1725, 1884], [1725, 1965], [1634, 1965]], '흥!', 0.37696477632775394), ([[1611, 2172], [2031, 2172], [2031, 2249], [1611, 2249]], '어디 다른 녀석들', 0.9953569422532494), ([[1605, 2237], [2058, 2237], [2058, 2310], [1605, 2310]], '쫓까지 받고나서도', 0.8978982186153968), ([[1582, 2298], [2076, 2298], [2076, 2373], [1582, 2373]], '그 말이 나오나 보자:', 0.7022858244798353)]
[]
[([[1297, 613], [1361, 613], [1361, 689], [1297, 689]], '새', 0.02001815861171341), ([[1697, 1233], [1747, 1233], [1747, 1284], [1697, 1284]], '시', 0.009014247171112766), ([[1575, 1267], [1662, 1267], [1662, 1340], [1575, 1340]], '~', 0.838023887885786), ([[458.5278640450004, 592.7639320225002], [606.3225359334209, 552.4868977131273], [616.4721359549995, 592.2360679774998], [468.67746406657903, 632.5131022868727]], '소여', 0.01358055010442432), ([[397.617150373423, 1684.0183638835988], [427.53567158400557, 1680.0360302783588], [441.382849626577, 1795.9816361164012], [411.46432841599443, 1798.9639697216412]], '3', 0.9017029949087032)]
[]
[]
[]
