2790839
84
[([[383, 69], [495, 69], [495, 89], [383, 89]], '7 9  00', 0.5425503635216984), ([[706, 80], [836, 80], [836, 130], [706, 130]], '오후7시', 0.8751511132252823), ([[54, 122], [84, 122], [84, 160], [54, 160]], '맛', 0.2684387514475475), ([[684, 124], [858, 124], [858, 176], [684, 176]], '러브호텔에서', 0.9085036945753602), ([[855, 463], [979, 463], [979, 507], [855, 507]], '유이치한데', 0.7427923098117082), ([[891, 503], [945, 503], [945, 541], [891, 541]], '라인', 0.9998133788555662), ([[877, 537], [957, 537], [957, 579], [877, 579]], '앞없네', 0.24259658128444414), ([[748, 970], [792, 970], [792, 1002], [748, 1002]], '오~', 0.9988807632444331), ([[31, 1025], [109, 1025], [109, 1069], [31, 1069]], '7시간', 0.9979361395238582), ([[313, 1019], [369, 1019], [369, 1059], [313, 1059]], "'근데", 0.9998869205347789), ([[487, 1007], [547, 1007], [547, 1051], [487, 1051]], "'지금", 0.9999834130692158), ([[691, 1019], [757, 1019], [757, 1055], [691, 1055]], '진짜?', 0.9995063997273783), ([[41, 1067], [99, 1067], [99, 1109], [41, 1109]], '전?', 0.9993767050198267), ([[187, 1059], [279, 1059], [279, 1097], [187, 1097]], '7시간도', 0.9998933672904968), ([[465, 1047], [567, 1047], [567, 1087], [465, 1087]], '어디야?', 0.9998834729194641), ([[193, 1093], [273, 1093], [273, 1135], [193, 1135]], '더 전에', 0.9600777001271015), ([[467, 1085], [575, 1085], [575, 1127], [467, 1127]], "'뭐해?' 래", 0.7147173528795934), ([[181, 1131], [285, 1131], [285, 1171], [181, 1171]], '온 거야 .', 0.37132034904563876), ([[787, 1143], [807, 1143], [807, 1165], [787, 1165]], '0', 0.5827111985993486), ([[635, 1203], [711, 1203], [711, 1241], [635, 1241]], '뭐라고', 0.9804531167549452), ([[629, 1237], [717, 1237], [717, 1279], [629, 1279]], '보있어?', 0.3168374300003052), ([[426.25995562830275, 463.25785357339913], [525.1240536684643, 455.87845006403904], [526.7400443716972, 507.74214642660087], [427.8759463315358, 515.121549935961]], '4', 0.02006770896027721)]
[([[1002, 190], [1150, 190], [1150, 244], [1002, 244]], '나도 이제', 0.997319047366137), ([[1244, 206], [1354, 206], [1354, 262], [1244, 262]], '아무튼', 0.9997752880750207), ([[1003, 238], [1148, 238], [1148, 301], [1003, 301]], '회복돼서', 0.8483157157897949), ([[1224, 260], [1376, 260], [1376, 314], [1224, 314]], '이제 다시', 0.9984930634166043), ([[1006, 294], [1114, 294], [1114, 350], [1006, 350]], '생생해', 0.9948918697171046), ([[1228, 312], [1308, 312], [1308, 366], [1228, 366]], '하자', 0.9997002647720304), ([[414, 516], [462, 516], [462, 598], [414, 598]], '0"', 0.22731413791218202), ([[477.2747574101838, 563.0376711377645], [527.5868911353657, 553.1822454925028], [547.7252425898162, 672.9623288622355], [497.4131088646343, 682.8177545074972]], "6'", 0.09415712903547752)]
[([[1326, 132], [1358, 132], [1358, 178], [1326, 178]], '휴', 0.9456168411134058), ([[1230, 254], [1304, 254], [1304, 304], [1230, 304]], '진짜', 0.9997090305580767), ([[1012, 278], [1088, 278], [1088, 330], [1012, 330]], '잠깐', 0.9999881989028121), ([[1182, 300], [1354, 300], [1354, 356], [1182, 356]], '발정난 짐승', 0.9913328737602645), ([[984, 326], [1088, 326], [1088, 380], [984, 380]], '있어화', 0.9619382314104554), ([[1185, 351], [1331, 351], [1331, 401], [1185, 401]], '같다니까', 0.9738644957542419), ([[880, 426], [984, 426], [984, 480], [880, 480]], '답장만', 0.9999034404754639), ([[890, 472], [965, 472], [965, 523], [890, 523]], '하고', 0.9999750491568521), ([[417, 533], [461, 533], [461, 595], [417, 595]], '0', 0.9847483137500603), ([[477.2821551048371, 561.03690451692], [527.4508465346329, 551.152004356533], [549.7178448951629, 671.96309548308], [499.54915346536717, 682.847995643467]], '뇨', 0.01928095389382989)]
[([[1041, 191], [1131, 191], [1131, 257], [1041, 257]], '얼른', 0.9998861211145951), ([[1256, 228], [1380, 228], [1380, 284], [1256, 284]], '싫은데~', 0.8990896344184875), ([[1019, 253], [1157, 253], [1157, 319], [1019, 319]], '이리 와', 0.999852271118411), ([[1248, 278], [1383, 278], [1383, 328], [1248, 328]], '안 기다길', 0.5599667126359821), ([[1268, 326], [1340, 326], [1340, 380], [1268, 380]], "건데'", 0.7081000831545431), ([[825, 449], [877, 449], [877, 493], [825, 493]], '아', 0.9902126645320095), ([[665, 575], [711, 575], [711, 619], [665, 619]], '자;', 0.658204391739346), ([[632, 624], [750, 624], [750, 676], [632, 676]], '잠깐  !', 0.6215474612115899)]
[([[744.9848631198661, 149.05165857468734], [864.2847669088526, 179.28609323645895], [840.0151368801339, 266.94834142531266], [720.7152330911474, 236.71390676354105]], '기', 0.15730213325524378)]
[([[374, 154], [448, 154], [448, 210], [374, 210]], '빨리', 0.9999803596250854), ([[375, 203], [449, 203], [449, 265], [375, 265]], '대딸', 0.9628513285196345), ([[703, 251], [767, 251], [767, 321], [703, 321]], '+"', 0.18857339936719672), ([[226, 374], [338, 374], [338, 430], [226, 430]], '젖꼭지', 0.41996303770806376), ([[208, 426], [354, 426], [354, 482], [208, 482]], '활으면서', 0.17975257337093353), ([[210, 480], [354, 480], [354, 534], [210, 534]], '봉사대딸', 0.6672345399856567), ([[208, 530], [288, 530], [288, 586], [208, 586]], '해쥐', 0.9488717986848878), ([[63, 755], [141, 755], [141, 797], [63, 797]], '어휴: ', 0.22295914683344253)]
[]
[([[618, 486], [853, 486], [853, 639], [618, 639]], '거 )', 0.02981768734753132)]
[([[1233, 541], [1313, 541], [1313, 601], [1233, 601]], '으맛', 0.3054358739321883), ([[710, 698], [808, 698], [808, 772], [710, 772]], '오옷', 0.9993986174495043), ([[470.71806521676416, 462.38238912861607], [511.76462786308196, 431.041886445954], [563.2819347832358, 504.61761087138393], [522.235372136918, 535.958113554046]], '군', 0.1583534288682955)]
[([[371, 381], [423, 381], [423, 419], [371, 419]], '새', 0.20221095036081138), ([[1264, 510], [1318, 510], [1318, 564], [1264, 564]], '아', 0.9999898672360565), ([[709, 659], [865, 659], [865, 721], [709, 721]], '절어주는', 0.6653271317481995), ([[1059, 659], [1225, 659], [1225, 719], [1059, 719]], '오늘 진짜', 0.6571203794367765), ([[649, 713], [921, 713], [921, 777], [649, 777]], '암컷과 하루종일', 0.986212102289635), ([[1063, 715], [1219, 715], [1219, 777], [1063, 777]], '끝내준다', 0.9875537753105164), ([[673, 769], [897, 769], [897, 831], [673, 831]], '야한 짓 활 수', 0.8897316025642288), ([[673, 825], [797, 825], [797, 887], [673, 887]], '있다니:', 0.9980243444442749), ([[742.2397140787303, 351.0581415117469], [830.9932320822278, 385.73993582905064], [813.7602859212697, 425.9418584882531], [725.0067679177722, 391.26006417094936]], '(00악', 0.016006508842110634)]
[([[1252, 502], [1332, 502], [1332, 558], [1252, 558]], '만약', 0.9999053394905493), ([[1193, 553], [1383, 553], [1383, 609], [1193, 609]], '하나고가 내', 0.8030833237102509), ([[1006, 612], [1088, 612], [1088, 668], [1006, 668]], '이런', 0.9997769661632343), ([[1183, 603], [1347, 603], [1347, 663], [1183, 663]], '여친이면 ', 0.5921565228551765), ([[927, 663], [1167, 663], [1167, 727], [927, 727]], '발기찬 생활올', 0.949172825154881), ([[939, 717], [1155, 717], [1155, 784], [939, 784]], '매일 보닐 수', 0.3367434496706152), ([[945, 775], [1145, 775], [1145, 837], [945, 837]], '있을 팀데(', 0.024133686106259742), ([[830, 822], [940, 822], [940, 874], [830, 874]], '최고의', 0.9994803166279921), ([[809, 873], [893, 873], [893, 935], [809, 935]], '청춘', 0.9993882511671562)]
[([[386, 4], [436, 4], [436, 98], [386, 98]], '빠', 0.5669874882983663), ([[923, 85], [975, 85], [975, 125], [923, 125]], '그럼', 0.9998949716690293), ([[899, 121], [977, 121], [977, 161], [899, 161]], '점심때', 0.9509439823056518), ([[889, 155], [977, 155], [977, 197], [889, 197]], '좀인가 ', 0.8480318188667297), ([[99, 291], [141, 291], [141, 327], [99, 327]], '어?', 0.9997851421274649), ([[870, 320], [900, 320], [900, 354], [870, 354]], '왜', 0.9998527819460925), ([[52, 354], [82, 354], [82, 388], [52, 388]], '뭐,', 0.5734095219926125), ([[831, 355], [943, 355], [943, 393], [831, 393]], '몰느지: :?', 0.09996939250493228), ([[37, 387], [103, 387], [103, 425], [37, 425]], '뛰야?', 0.5678335205941712), ([[689, 577], [741, 577], [741, 615], [689, 615]], '결국', 0.9847424297972831), ([[655, 611], [775, 611], [775, 651], [655, 651]], '점심부터오', 0.18798101057206848), ([[175, 643], [253, 643], [253, 685], [175, 685]], '아~!', 0.923966068798994), ([[839, 653], [963, 653], [963, 691], [839, 691]], '""그때가 딱', 0.8761859498930954), ([[838, 684], [961, 684], [961, 728], [838, 728]], '러브호텔에', 0.5951440905749108), ([[45, 733], [121, 733], [121, 769], [45, 769]], '그래서', 0.9999922227208102), ([[823, 721], [975, 721], [975, 763], [823, 763]], '우리가 들어온', 0.9877595005934466), ([[41, 765], [127, 765], [127, 807], [41, 807]], '그랫네!', 0.12246615439653397), ([[837, 759], [963, 759], [963, 799], [837, 799]], '시간대잡아', 0.9888986324770841), ([[401, 951], [471, 951], [471, 989], [401, 989]], '7', 0.006179838304847751), ([[280, 1014], [310, 1014], [310, 1052], [280, 1052]], '1', 0.514987297511599), ([[398, 1018], [450, 1018], [450, 1048], [398, 1048]], '떼 `', 0.03528443394760991), ([[921, 1023], [975, 1023], [975, 1063], [921, 1063]], '우햇', 0.4916223448190772), ([[171, 1123], [251, 1123], [251, 1163], [171, 1163]], '둘이서', 0.9702562208016867), ([[855, 1137], [933, 1137], [933, 1179], [855, 1179]], '완전히', 0.9999517534696272), ([[157, 1159], [265, 1159], [265, 1201], [157, 1201]], '야한 짓에', 0.9827148980152509), ([[857, 1177], [933, 1177], [933, 1215], [857, 1215]], '까먹고', 0.9980068041014638), ([[157, 1197], [265, 1197], [265, 1235], [157, 1235]], '푹 빠져서', 0.8121574687048537), ([[845, 1211], [923, 1211], [923, 1253], [845, 1253]], '있없어', 0.942550876098959), ([[159, 1231], [263, 1231], [263, 1273], [159, 1273]], '정신없던', 0.17894302308559418), ([[70, 1251], [252, 1251], [252, 1308], [70, 1308]], '그러면 때구나 !', 0.30337173198377276), ([[57, 1285], [143, 1285], [143, 1371], [57, 1371]], '수#', 0.05608450829994073), ([[761, 1207], [824, 1207], [824, 1426], [761, 1426]], '?', 0.1479708631358969), ([[182.98268547211708, 806.0649466825132], [269.5731992484011, 834.4218896175655], [247.01731452788292, 899.9350533174868], [160.42680075159885, 871.5781103824345]], '촌', 0.028377826602108636), ([[189.0064985989292, 954.1253445358238], [216.50232074566455, 934.03166610925], [260.99350140107083, 1000.8746554641762], [233.49767925433545, 1020.96833389075]], '군', 0.14631992411375805), ([[254.69603726672239, 960.218508073495], [281.56568542494927, 939.0402020253554], [323.3039627332776, 996.781491926505], [297.43431457505073, 1016.9597979746446]], '3', 0.9472831488610609)]
[([[1270, 510], [1366, 510], [1366, 560], [1270, 560]], '크으~', 0.7576094269752502), ([[697, 631], [899, 631], [899, 699], [697, 699]], '유이치한계', 0.30893987494330655), ([[1081, 645], [1276, 645], [1276, 705], [1081, 705]], '오늘 하루로', 0.9997802144506459), ([[699, 691], [899, 691], [899, 757], [699, 757]], '미안하지만', 0.7946462787892739), ([[1099, 701], [1261, 701], [1261, 761], [1099, 761]], '끝나는 게', 0.9525632042424592), ([[675, 749], [925, 749], [925, 811], [675, 811]], '하나고가 진짜', 0.7131812866484685), ([[1082, 758], [1280, 758], [1280, 814], [1082, 814]], '너무 아깝다', 0.7146616498072771), ([[695, 807], [903, 807], [903, 871], [695, 871]], '내 여친이면', 0.9404268231185955), ([[717, 861], [841, 861], [841, 927], [717, 927]], '중켓어', 0.09695195070159), ([[760.2161622789964, 356.06182235767767], [830.9937616943893, 389.7503119152805], [812.7838377210036, 428.93817764232233], [741.0062383056107, 394.2496880847195]], '%9', 0.019855829845125218)]
[([[590, 258], [648, 258], [648, 312], [590, 312]], '응?', 0.999379317648284), ([[371, 381], [423, 381], [423, 421], [371, 421]], ')', 0.19469511576266996), ([[1159, 619], [1245, 619], [1245, 681], [1159, 681]], '저기', 0.9999635853170821), ([[1119, 675], [1249, 675], [1249, 743], [1119, 743]], '있잡아', 0.8017730688983709)]
[([[727, 355], [828, 355], [828, 417], [727, 417]], '486?', 0.022304389625787735), ([[1231, 541], [1345, 541], [1345, 601], [1231, 601]], '솔직히', 0.999659115007264), ([[1213, 595], [1331, 595], [1331, 657], [1213, 657]], "말해서'", 0.5645641088485718), ([[823, 653], [1035, 653], [1035, 721], [823, 721]], '유이치보다', 0.9898726702052236), ([[819, 715], [1037, 715], [1037, 781], [819, 781]], '내가 애무도', 0.985115665071186), ([[829, 773], [1031, 773], [1031, 841], [829, 841]], '더 잘하지?', 0.9921052370179855)]
[([[607, 237], [647, 237], [647, 289], [607, 289]], '응', 0.999764575510941)]
[([[579, 235], [615, 235], [615, 285], [579, 285]], '응', 0.9994925904368337), ([[371, 381], [423, 381], [423, 419], [371, 419]], '새', 0.30443069819043345), ([[992, 661], [1216, 661], [1216, 728], [992, 728]], '자지도 내가', 0.9951811087946921), ([[1025, 722], [1186, 722], [1186, 788], [1025, 788]], '더 크지?', 0.9902006442933482)]
[([[561, 273], [597, 273], [597, 323], [561, 323]], '응', 0.9996723205108857), ([[371, 381], [423, 381], [423, 421], [371, 421]], ')', 0.11201915469637758), ([[1013, 648], [1193, 648], [1193, 714], [1013, 714]], '정액 양도', 0.9227743518263308), ([[1033, 711], [1171, 711], [1171, 775], [1033, 775]], '내가더', 0.9936741120849742), ([[1047, 771], [1161, 771], [1161, 835], [1047, 835]], '많지?', 0.7995386847622904), ([[461.1736368240006, 452.2424562488021], [501.67643112174915, 419.0327594459837], [563.8263631759994, 502.7575437511979], [523.3235688782509, 535.9672405540163]], '늘', 0.036652383518011256)]
[([[190, 406], [222, 406], [222, 450], [190, 450]], '음', 0.9995936568190054), ([[161, 455], [197, 455], [197, 499], [161, 499]], '뭐', 0.9999952316341023), ([[1277, 509], [1321, 509], [1321, 569], [1277, 569]], '즉', 0.9996831668081683), ([[921, 613], [1011, 613], [1011, 675], [921, 675]], '내가', 0.9990985136767945), ([[877, 670], [1055, 670], [1055, 738], [877, 738]], '더 우수한', 0.9651110075995248), ([[877, 731], [1049, 731], [1049, 799], [877, 799]], '수컷이관', 0.44876617193222046), ([[911, 795], [1023, 795], [1023, 855], [911, 855]], '거지?', 0.999771709256834)]
[([[562, 616], [733, 616], [733, 684], [562, 684]], '하나코가', 0.3361895978450775), ([[1139, 643], [1227, 643], [1227, 705], [1139, 705]], '갖고', 0.9995248694968345), ([[603, 679], [693, 679], [693, 741], [603, 741]], '진짜', 0.9998664813948034), ([[1101, 701], [1191, 701], [1191, 765], [1101, 765]], '싶다', 0.9999526272709324), ([[576, 736], [715, 736], [715, 802], [576, 802]], '내 거면', 0.9978553058761978), ([[541, 795], [675, 795], [675, 861], [541, 861]], "좋계다'", 0.17135454714298248), ([[743.25097310286, 352.0564224788762], [828.9988686502853, 390.8936410925471], [811.74902689714, 427.9435775211238], [725.0011313497147, 389.1063589074529]], '(아함)', 0.02887781336903572)]
[([[1269, 149], [1357, 149], [1357, 211], [1269, 211]], '저기', 0.9999809496776212), ([[1229, 207], [1361, 207], [1361, 271], [1229, 271]], '하나코', 0.4769721319030846), ([[729, 653], [975, 653], [975, 721], [729, 721]], '내가 매일매일', 0.9879397458305373), ([[1110, 654], [1322, 654], [1322, 728], [1110, 728]], '내 거 하면', 0.8669745433946577), ([[723, 711], [983, 711], [983, 777], [723, 777]], '엄청 기분 중계', 0.6891596927298677), ([[1132, 722], [1260, 722], [1260, 796], [1132, 796]], '안돼?', 0.8882153143370939), ([[769, 771], [901, 771], [901, 833], [769, 833]], '해줄게 (', 0.5030892135163725), ([[743.25097310286, 351.0564224788762], [831.9957541654587, 386.7939895189502], [813.74902689714, 426.9435775211238], [725.0042458345413, 391.2060104810498]], '(00악', 0.007126250304281712)]
[([[1189, 545], [1347, 545], [1347, 607], [1189, 607]], '지금보다', 0.9999311566352844), ([[1185, 601], [1351, 601], [1351, 663], [1185, 663]], '더 행복한', 0.922640433620826), ([[815, 636], [971, 636], [971, 698], [815, 698]], '매일매일', 0.9997498393058777), ([[1161, 657], [1373, 657], [1373, 719], [1161, 719]], '암컷이 월 수', 0.3560402556180813), ([[773, 691], [1011, 691], [1011, 755], [773, 755]], '자궁에 정액이', 0.7955238828864697), ([[1173, 711], [1321, 711], [1321, 773], [1173, 773]], '있다구 ', 0.9622533917427063), ([[791, 748], [995, 748], [995, 809], [791, 809]], '마르지 암게', 0.39419647474150116), ([[813, 803], [969, 803], [969, 863], [813, 863]], '해줄게<', 0.20123523473739624)]
[([[754, 266], [916, 266], [916, 318], [754, 318]], '"나는 딱히', 0.9210709634006311), ([[760, 314], [902, 314], [902, 368], [760, 368]], '빠져 있진', 0.5778519820575398), ([[753, 361], [903, 361], [903, 413], [753, 413]], '않앞논데~', 0.3140472069927193), ([[1031, 286], [1246, 286], [1246, 459], [1031, 459]], '({', 0.8516195214051769)]
[([[545, 201], [647, 201], [647, 245], [545, 245]], '월 리가', 0.5236106796755694), ([[122, 250], [244, 250], [244, 298], [122, 298]], '렌키군의', 0.24640418589115143), ([[524, 242], [634, 242], [634, 292], [524, 292]], '없잡아~', 0.6403536200523376), ([[118, 296], [248, 296], [248, 344], [118, 344]], '암컷인 건', 0.9855126918042225), ([[136, 340], [232, 340], [232, 388], [136, 388]], '오늘뿐', 0.6835403942709254), ([[120, 381], [229, 381], [229, 433], [120, 433]], '이니까 "', 0.40085574298350407)]
[([[1266, 516], [1362, 516], [1362, 570], [1266, 570]], '아~!!', 0.8653433322906494), ([[522, 650], [762, 650], [762, 724], [522, 724]], '이런 생활이', 0.9412742787868806), ([[1128, 648], [1260, 648], [1260, 720], [1128, 720]], '젠장]!', 0.5596267580986023), ([[570, 718], [714, 718], [714, 790], [570, 790]], '오늘로', 0.9988209056159784), ([[520, 784], [766, 784], [766, 856], [520, 856]], '곧이라니"!', 0.33525981925889636), ([[889, 771], [1049, 771], [1049, 837], [889, 837]], '분하다]!', 0.6146953244005178), ([[745.2397140787303, 353.0581415117469], [828.9997046575502, 390.9456553841571], [811.7602859212697, 427.9418584882531], [727.0002953424498, 390.0543446158429]], '(아함)', 0.024366283789277077)]
[([[371, 381], [423, 381], [423, 419], [371, 419]], ')', 0.11050392255219776), ([[1185, 531], [1353, 531], [1353, 595], [1185, 595]], '그렇다면', 0.9973495006561279), ([[1161, 591], [1377, 591], [1377, 655], [1161, 655]], '오늘 원없이', 0.9124175820953929), ([[671, 617], [859, 617], [859, 685], [671, 685]], '하나고가', 0.584152965789788), ([[1167, 647], [1372, 647], [1372, 719], [1167, 719]], '즐겨야지!!', 0.49031251969673345), ([[668, 680], [862, 680], [862, 754], [668, 754]], '내 암컷이', 0.9083246643020749), ([[668, 746], [864, 746], [864, 818], [668, 818]], '된 기분을', 0.41197495721790045), ([[666, 812], [860, 812], [860, 886], [666, 886]], '마음껏!!!', 0.14860619997849078)]
[([[1229, 205], [1387, 205], [1387, 267], [1229, 267]], '부탁하다', 0.8382465243339539), ([[1239, 263], [1375, 263], [1375, 323], [1239, 323]], '하나코!', 0.4434162974357605), ([[1002, 645], [1197, 645], [1197, 717], [1002, 717]], '내 애널올', 0.7678861088977159), ([[1018, 712], [1180, 712], [1180, 786], [1018, 786]], '빨아쥐!', 0.7282314896583557)]
[([[500, 118], [560, 118], [560, 168], [500, 168]], '어?', 0.9883008879191854), ([[28, 236], [154, 236], [154, 288], [28, 288]], '애널:.?', 0.420957792436702)]
[([[1258, 210], [1366, 210], [1366, 266], [1258, 266]], '그래!', 0.0837176388453739), ([[1033, 587], [1199, 587], [1199, 653], [1033, 653]], '암컷에게', 0.8058165907859802), ([[1007, 649], [1227, 649], [1227, 713], [1007, 713]], '애널 봉사흘', 0.39257669941381756), ([[966, 705], [1266, 705], [1266, 778], [966, 778]], '받으면 정복감이', 0.9954799956398565), ([[1009, 767], [1225, 767], [1225, 835], [1009, 835]], '굉장하대!!', 0.4779237164885353)]
[([[1207, 333], [1365, 333], [1365, 393], [1207, 393]], '하나코가', 0.37761685252189636), ([[1179, 389], [1387, 389], [1387, 451], [1179, 451]], '내암컷인 건', 0.9669481341302798), ([[1172, 441], [1399, 441], [1399, 507], [1172, 507]], '오늘분이니까', 0.9235949231462411), ([[905, 623], [1043, 623], [1043, 687], [905, 687]], '오늘 꼭', 0.9855233358578375), ([[865, 682], [1083, 682], [1083, 750], [865, 750]], '그 정복감올', 0.6825814167737132), ([[909, 745], [1035, 745], [1035, 807], [909, 807]], '맛보고', 0.9997915304252851), ([[907, 805], [1041, 805], [1041, 867], [907, 867]], '싶어!', 0.3323524594306946)]
[([[510, 110], [540, 110], [540, 152], [510, 152]], '음', 0.9987122392661973), ([[539, 123], [565, 123], [565, 135], [539, 135]], '부', 0.03136519740524002), ([[78, 238], [156, 238], [156, 292], [78, 292]], '부탁', 0.9999359373912995), ([[52, 290], [178, 290], [178, 344], [52, 344]], '이야 !!', 0.4501426631672524), ([[6, 360], [124, 360], [124, 410], [6, 410]], '나코의', 0.9029489473254281), ([[6, 406], [122, 406], [122, 456], [6, 456]], '테크나올', 0.47038623690605164), ([[6, 446], [118, 446], [118, 496], [6, 496]], '보여쥐-', 0.26515641808509827), ([[486, 440], [518, 440], [518, 492], [486, 492]], '1', 0.8584585101800712), ([[515, 545], [557, 545], [557, 587], [515, 587]], '~', 0.025636308565091248)]
[([[741, 97], [807, 97], [807, 141], [741, 141]], '아니', 0.9999905591189865), ([[476, 134], [610, 134], [610, 182], [476, 182]], '애초에 나', 0.5421194266874962), ([[464, 178], [622, 178], [622, 228], [464, 228]], '빨아본 적도', 0.978413348865078), ([[129, 205], [191, 205], [191, 265], [129, 265]], '혈!', 0.7893915409830556), ([[482, 224], [598, 224], [598, 272], [482, 272]], '없는데: .', 0.3822460866913936), ([[23, 347], [149, 347], [149, 409], [23, 409]], '레알?!', 0.6524790525436401)]
[([[501, 153], [539, 153], [539, 199], [501, 199]], '뭐', 0.9999965429335909), ([[504, 200], [536, 200], [536, 248], [504, 248]], '응', 0.9997049787709535), ([[1197, 379], [1359, 379], [1359, 441], [1197, 441]], '그럼 이게', 0.9569511481859999), ([[1207, 435], [1361, 435], [1361, 495], [1207, 495]], "'히나코의", 0.6661189178426867), ([[1191, 489], [1365, 489], [1365, 553], [1191, 553]], '처음"이란', 0.34109070665433966), ([[1237, 545], [1319, 545], [1319, 607], [1237, 607]], '뜻?', 0.9868201340954297), ([[917, 641], [1121, 641], [1121, 703], [917, 703]], '유이치 것도', 0.5941419703301108), ([[935, 697], [1101, 697], [1101, 759], [935, 759]], '빨아본 적', 0.9932632733698725), ([[961, 752], [1077, 752], [1077, 812], [961, 812]], '없어?!', 0.9205294251441956)]
[([[884, 126], [950, 126], [950, 178], [884, 178]], '후햇', 0.22310142651964013), ([[659, 227], [743, 227], [743, 287], [659, 287]], '말만', 0.9997274050672644), ([[637, 283], [763, 283], [763, 343], [637, 343]], '그런 거', 0.9615133834081739), ([[620, 340], [750, 340], [750, 396], [620, 396]], '다 알아', 0.6780929493840484), ([[1321, 619], [1381, 619], [1381, 659], [1321, 659]], '음', 0.9991342511821131), ([[1290, 658], [1410, 658], [1410, 708], [1290, 708]], '답장은 ', 0.10005491971969604)]
[([[1237, 193], [1355, 193], [1355, 259], [1237, 259]], '우요~', 0.7356397604450975), ([[1113, 541], [1247, 541], [1247, 607], [1113, 607]], '진짜나', 0.9975876429179905), ([[556, 634], [742, 634], [742, 708], [556, 708]], "'히나코의", 0.6102234969015753), ([[562, 698], [722, 698], [722, 774], [562, 774]], '처음" 올', 0.9746667806693924), ([[869, 687], [957, 687], [957, 749], [869, 749]], '갖고', 0.9998427958744547), ([[597, 769], [687, 769], [687, 829], [597, 829]], '갖고', 0.9998606653621289), ([[851, 747], [943, 747], [943, 809], [851, 809]], '싶다', 0.999980612504731), ([[569, 827], [715, 827], [715, 891], [569, 891]], '싶어~!!', 0.8270708064597591)]
[([[1266, 152], [1348, 152], [1348, 208], [1266, 208]], '제발', 0.999725129319934), ([[758, 620], [944, 620], [944, 692], [758, 692]], "'히나코의", 0.5424680145552913), ([[764, 684], [922, 684], [922, 758], [764, 758]], '처음" 올', 0.9158363950434286), ([[1167, 723], [1295, 723], [1295, 789], [1167, 789]], '빨아쥐', 0.4000969892838143), ([[779, 753], [907, 753], [907, 815], [779, 815]], '나한터', 0.2787230247254468), ([[788, 816], [860, 816], [860, 870], [788, 870]], '쥐~', 0.97174869712545), ([[933.1761562539818, 5.014759486093109], [1229.9719660553203, 157.8647574914522], [1136.8238437460182, 329.9852405139069], [840.0280339446797, 177.1352425085478]], '{"%', 0.05840449347585712)]
[([[1091, 119], [1135, 119], [1135, 161], [1091, 161]], '아', 0.998963982118287), ([[1044, 172], [1184, 172], [1184, 228], [1044, 228]], '제발~!!', 0.9480607095609292), ([[1268, 174], [1380, 174], [1380, 230], [1268, 230]], '제발!!', 0.38978907465934753), ([[669, 623], [841, 623], [841, 689], [669, 689]], '하나픔은', 0.3967673182487488), ([[914, 606], [1070, 606], [1070, 662], [914, 662]], '하나고가', 0.5562645196914673), ([[909, 659], [1073, 659], [1073, 721], [909, 721]], '내 암컷이', 0.970523637226151), ([[684, 684], [842, 684], [842, 756], [684, 756]], '\'처음" 올', 0.8551967456629614), ([[946, 718], [1038, 718], [1038, 774], [946, 774]], '월수', 0.15433686363931323), ([[711, 753], [801, 753], [801, 815], [711, 815]], '쥐도', 0.8121047423992953), ([[931, 768], [1050, 768], [1050, 832], [931, 832]], '없다면', 0.9988760263444433), ([[655, 813], [859, 813], [859, 875], [655, 875]], '되잡아-!!!', 0.39426917399111794)]
[([[1057, 227], [1229, 227], [1229, 287], [1057, 287]], '붐탕이야:', 0.03582974160675261)]
[([[59, 129], [139, 129], [139, 171], [59, 171]], '"하아', 0.9730219606600785), ([[1090, 188], [1202, 188], [1202, 240], [1090, 240]], '제발', 0.11006424654559813), ([[1077, 233], [1219, 233], [1219, 293], [1077, 293]], '한번만"', 0.21423840522766113)]
[([[486, 168], [566, 168], [566, 220], [486, 220]], '활수', 0.8755875787792817), ([[476, 218], [558, 218], [558, 268], [476, 268]], '없네:', 0.6787032342064787), ([[118, 270], [172, 270], [172, 320], [118, 320]], '엇!', 0.7350730934863532), ([[27, 425], [145, 425], [145, 487], [27, 487]], '진짜?!', 0.8311765789985657)]
[([[486, 126], [582, 126], [582, 176], [486, 176]], '못해도', 0.9996523015955774), ([[474, 170], [596, 170], [596, 220], [474, 220]], '불평하지', 0.9993936074363007), ([[517, 221], [555, 221], [555, 257], [517, 257]], '마', 0.9999634030829476), ([[426, 256], [488, 256], [488, 308], [426, 308]], '@흙', 0.26282008483254266), ([[39, 284], [186, 284], [186, 346], [39, 346]], '아싸!!', 0.5393103361129761), ([[41, 745], [159, 745], [159, 807], [41, 807]], '우요옷', 0.3492035544318007)]
[([[558, 176], [746, 176], [746, 278], [558, 278]], '7~', 0.4704031250607839), ([[919, 673], [1031, 673], [1031, 733], [919, 733]], '우선은', 0.9996107220649719), ([[1234, 682], [1352, 682], [1352, 732], [1234, 732]], '그, 그럼', 0.6091880273621252), ([[918, 730], [1030, 730], [1030, 784], [918, 784]], '애널에', 0.7700005166544753), ([[1211, 731], [1297, 731], [1297, 775], [1211, 775]], '바로:', 0.9324847459793091), ([[886, 778], [1030, 778], [1030, 834], [886, 834]], '키스해쥐', 0.9328092932701111)]
[([[125, 85], [179, 85], [179, 127], [125, 127]], '빨리', 0.9999672942022072), ([[760, 16], [836, 16], [836, 140], [760, 140]], '^', 0.33937386513402146), ([[23, 171], [81, 171], [81, 213], [23, 213]], '빨리', 0.9999795166930683), ([[118, 600], [186, 600], [186, 652], [118, 652]], '응옷', 0.33466255249709653), ([[473, 911], [537, 911], [537, 947], [473, 947]], '더 더', 0.43887659907341003), ([[765, 905], [867, 905], [867, 973], [765, 973]], '50', 0.41136397420533005), ([[902, 908], [962, 908], [962, 956], [902, 956]], '오옷', 0.9797526410050391), ([[465, 943], [543, 943], [543, 985], [465, 985]], '애정올', 0.952329157115105), ([[455, 981], [533, 981], [533, 1021], [455, 1021]], '담아서', 0.9994291830064913), ([[910, 1088], [970, 1088], [970, 1136], [910, 1136]], '절엇', 0.4918936297389597), ([[332, 1129], [509, 1129], [509, 1242], [332, 1242]], '[@0', 0.5939506543164879), ([[602, 1154], [688, 1154], [688, 1208], [602, 1208]], '륭 관', 0.02248702384531498), ([[791, 1141], [913, 1141], [913, 1207], [791, 1207]], '(@!', 0.04593711963119058), ([[16, 1208], [88, 1208], [88, 1260], [16, 1260]], '응햇', 0.30870609263795207), ([[311.872928864852, 486.05304596743105], [466.8578244264119, 509.89043556404147], [446.127071135148, 615.946954032569], [292.1421755735881, 592.1095644359585]], '50', 0.0971624403684161)]
[([[662, 0], [867, 0], [867, 127], [662, 127]], '(@꼽', 0.03509134747193129), ([[212, 102], [375, 102], [375, 180], [212, 180]], '@40', 0.10348761216567265), ([[39, 215], [133, 215], [133, 255], [39, 255]], '혀, 혀로', 0.3629272626023896), ([[45, 251], [129, 251], [129, 295], [45, 295]], '구멍도', 0.9968713667623271), ([[816, 262], [882, 262], [882, 310], [816, 310]], '오옷', 0.9994644398633205), ([[33, 291], [117, 291], [117, 333], [33, 333]], '수서쥐', 0.158580371192488), ([[106, 498], [176, 498], [176, 550], [106, 550]], '응햇', 0.14438134411622766), ([[28, 614], [94, 614], [94, 662], [28, 662]], '오옷', 0.9997781461980996), ([[3, 905], [71, 905], [71, 943], [3, 943]], '많이도', 0.9846493422412984), ([[0, 939], [75, 939], [75, 975], [0, 975]], '시권다', 0.6969907104864034), ([[932, 1020], [964, 1020], [964, 1048], [932, 1048]], '1', 0.7609206505465096), ([[449, 1051], [575, 1051], [575, 1093], [449, 1093]], '그 그대로', 0.9979125235912415), ([[454, 1088], [568, 1088], [568, 1136], [454, 1136]], '챔으면서', 0.12841609120368958), ([[443, 1133], [531, 1133], [531, 1175], [443, 1175]], '대달도', 0.6927201160815248), ([[107.28609323645897, 65.71523309114741], [350.67994591166536, 21.034263501698437], [360.71390676354105, 109.28476690885259], [118.32005408833467, 153.96573649830157]], '"300료', 0.024121720844223263), ([[752.3899334424542, 76.38678036009874], [961.0326813355268, 49.940932303856115], [965.6100665575458, 126.61321963990126], [756.9673186644732, 153.05906769614387]], '(@~@0', 0.005168581842962459), ([[239.8923717860263, 420.0438845039313], [432.21189213192537, 458.36902750014985], [405.1076282139737, 573.9561154960687], [211.78810786807463, 535.6309724998501]], '@하약)', 0.020444393157958984), ([[248.9010393159889, 590.043199313059], [447.00319789369706, 622.8118553858482], [422.0989606840111, 744.956800686941], [222.99680210630297, 712.1881446141518]], '@리유', 0.008203511769647271), ([[174.08765689447637, 991.0697698140963], [272.79645599520086, 1014.4504523577186], [258.91234310552363, 1067.9302301859036], [160.20354400479914, 1044.5495476422814]], '[300', 0.06689321249723434), ([[272.03792769639495, 1008.0934312516142], [365.73824106414634, 1021.4034187718637], [356.96207230360505, 1068.9065687483858], [264.26175893585366, 1055.5965812281363]], '[30', 0.018805225707908668)]
[([[152, 366], [182, 366], [182, 402], [152, 402]], '으', 0.8100405125915131), ([[1035, 551], [1077, 551], [1077, 601], [1035, 601]], '1', 0.11439522805077118), ([[966, 604], [1008, 604], [1008, 634], [966, 634]], ':', 0.014632807971515283), ([[1156, 610], [1188, 610], [1188, 644], [1156, 644]], '44', 0.2319417689015805), ([[1232, 584], [1286, 584], [1286, 650], [1232, 650]], '(', 0.29591035217926276), ([[1312, 634], [1344, 634], [1344, 666], [1312, 666]], '0', 0.12243687668223036), ([[527.9954021565095, 444.0360899754813], [709.5819950020347, 500.60450124949136], [672.0045978434905, 610.9639100245187], [490.41800499796534, 555.3954987505086]], '0맑9)', 0.10377459228038788)]
[([[632, 92], [716, 92], [716, 170], [632, 170]], '제', 0.06588851451641986), ([[875, 123], [969, 123], [969, 161], [875, 161]], '"하지만', 0.9693062901496887), ([[719, 333], [1001, 333], [1001, 423], [719, 423]], '@0%]+', 0.0013805551530510034), ([[124, 380], [176, 380], [176, 540], [124, 540]], '올', 0.9347692681786981), ([[768, 408], [1008, 408], [1008, 480], [768, 480]], '%3090', 0.11450748973357545), ([[667, 473], [797, 473], [797, 541], [667, 541]], '%0', 0.7432269750343768), ([[708, 532], [832, 532], [832, 604], [708, 604]], '%제0', 0.011360829172712526), ([[55, 543], [97, 543], [97, 755], [55, 755]], '%', 0.01051212795462192), ([[179, 883], [265, 883], [265, 969], [179, 969]], '(', 0.6404054902325242), ([[691, 877], [823, 877], [823, 969], [691, 969]], "0@'", 0.15430716738781902), ([[887, 965], [953, 965], [953, 1009], [887, 1009]], '미친', 0.7071664181084196), ([[819, 1027], [863, 1027], [863, 1071], [819, 1071]], '자', 0.9999835491856999), ([[792, 1072], [898, 1072], [898, 1126], [792, 1126]], '잠깐만', 0.9999356484204993), ([[921, 1075], [1012, 1075], [1012, 1165], [921, 1165]], '[', 0.751512039478385), ([[780, 1120], [882, 1120], [882, 1174], [780, 1174]], '멈취화', 0.44247081473664723), ([[83, 1251], [441, 1251], [441, 1365], [83, 1365]], '(90930', 0.10050523106161775), ([[491, 1243], [793, 1243], [793, 1355], [491, 1355]], '@3완%]+', 5.040639934185575e-05), ([[153, 1335], [361, 1335], [361, 1423], [153, 1423]], '936', 0.10308515096888655), ([[545.8183439667715, 449.0388282949265], [746.0025289945429, 482.75869756781043], [714.1816560332285, 636.9611717050735], [513.9974710054571, 602.2413024321896]], '%', 0.6587443384070788), ([[578.8833494318527, 1318.056824432156], [758.3377276583728, 1342.2408263060463], [741.1166505681473, 1437.943175567844], [561.6622723416272, 1413.7591736939537]], '(', 0.13679601794416385)]
[([[264, 134], [496, 134], [496, 208], [264, 208]], '@흔)]0', 0.001003252682414127), ([[894, 62], [942, 62], [942, 216], [894, 216]], '양', 0.006413217304435115), ([[314, 184], [434, 184], [434, 240], [314, 240]], '85~', 0.017449160490564393), ([[118, 216], [198, 216], [198, 270], [118, 270]], '잠깐', 0.9999872716754757), ([[796, 216], [874, 216], [874, 270], [796, 270]], '안돼', 0.8233589932900668), ([[104, 266], [208, 266], [208, 320], [104, 320]], '멈칙(', 0.16490160382129782), ([[780, 268], [858, 268], [858, 322], [780, 322]], '안돼', 0.8645127231922102), ([[22, 408], [100, 408], [100, 464], [22, 464]], '멈칙', 0.3595692175481298), ([[287, 572], [475, 572], [475, 669], [287, 669]], '0300', 0.7683299986172862), ([[338, 646], [488, 646], [488, 726], [338, 726]], '<3', 0.05359075181000951), ([[0, 720], [44, 720], [44, 770], [0, 770]], '1', 0.4734657517093446), ([[881, 719], [971, 719], [971, 779], [881, 779]], '쌀 것', 0.5397765040397644), ([[91, 749], [219, 749], [219, 813], [91, 813]], '싸버린', 0.9929206013141706), ([[868, 774], [952, 774], [952, 830], [868, 830]], '같아', 0.9885820493531835), ([[94, 812], [210, 812], [210, 868], [94, 868]], '다고 ', 0.428652412844448), ([[430, 786], [596, 786], [596, 862], [430, 862]], '0300', 0.19990113377571106), ([[480, 846], [600, 846], [600, 926], [480, 926]], '<3(', 0.002389903169341863), ([[248, 1192], [326, 1192], [326, 1242], [248, 1242]], '나앗', 0.08410297990335358), ([[837, 1205], [919, 1205], [919, 1265], [837, 1265]], '안돼', 0.5340856701206425), ([[57, 1221], [149, 1221], [149, 1281], [57, 1281]], '산다', 0.38126828035025606), ([[738.0625747279902, 1218.0630529871278], [793.7832520634402, 1210.5771106228306], [804.9374252720098, 1305.9369470128722], [749.2167479365598, 1313.4228893771694]], '2', 0.9395576884343235)]
[([[0, 0], [264, 0], [264, 332], [0, 332]], '틀', 0.18674432936458008), ([[61, 279], [207, 279], [207, 508], [61, 508]], '틀', 0.5874925480033291), ([[887, 1051], [927, 1051], [927, 1137], [887, 1137]], '옷', 0.8608884870305895), ([[108, 1112], [160, 1112], [160, 1340], [108, 1340]], '흙', 0.15241699424365507), ([[885, 1141], [929, 1141], [929, 1339], [885, 1339]], '흙', 0.010906242170289682), ([[421.24147090204923, -15.989723714384212], [627.9298048575314, -40.53787077379058], [674.7585290979508, 408.98972371438424], [468.07019514246855, 434.5378707737906]], '다', 0.38518177697325484)]
[([[0, 0], [294, 0], [294, 164], [0, 164]], '("고', 0.24252416802906462), ([[330, 28], [521, 28], [521, 140], [330, 140]], '에1어', 0.006291761851705791), ([[886, 90], [934, 90], [934, 238], [886, 238]], '용', 0.31934456051489235), ([[760, 522], [826, 522], [826, 572], [760, 572]], "'후춧", 0.3422954810911695), ([[50, 570], [174, 570], [174, 626], [50, 626]], '어떻어?', 0.31328317523002625), ([[572, 826], [648, 826], [648, 908], [572, 908]], '아', 0.19604063186875464), ([[159, 1203], [245, 1203], [245, 1247], [159, 1247]], '이렇게', 0.5387901039822957), ([[915, 1219], [959, 1219], [959, 1255], [915, 1255]], '대,', 0.9753848906026841), ([[127, 1241], [277, 1241], [277, 1285], [127, 1285]], '기분 중은 건', 0.7041753904314716), ([[895, 1257], [955, 1257], [955, 1293], [895, 1293]], '대박', 0.9983871684321028), ([[145, 1281], [261, 1281], [261, 1325], [145, 1325]], '처음이야', 0.9921565055847168)]
[]
[([[522, 154], [594, 154], [594, 208], [522, 208]], '후아:', 0.5697126580775864), ([[1286, 142], [1358, 142], [1358, 198], [1286, 198]], '후히', 0.18796522211442207), ([[762, 191], [927, 191], [927, 256], [762, 256]], '리망 대딸', 0.6897923235431002), ([[755, 249], [909, 249], [909, 309], [755, 309]], '최고없어-', 0.34891069095983734), ([[78, 312], [156, 312], [156, 362], [78, 362]], '별 거', 0.6597622632980347), ([[73, 363], [161, 363], [161, 407], [73, 407]], '아냐~', 0.9866664956956057), ([[20, 418], [86, 418], [86, 468], [20, 468]], '뜨끈', 0.648541267684772), ([[13, 462], [91, 462], [91, 514], [13, 514]], '하네', 0.9938756022043361), ([[647, 465], [779, 465], [779, 551], [647, 551]], '디80', 0.10045683712433338), ([[688, 565], [837, 565], [837, 654], [688, 654]], '6', 0.04407837682248417)]
[([[524, 180], [600, 180], [600, 232], [524, 232]], '응~?', 0.9797425513495729), ([[778, 180], [898, 180], [898, 236], [778, 236]], '그리망', 0.9973620404853946), ([[1299, 169], [1345, 169], [1345, 213], [1299, 213]], '야', 0.9994248978873124), ([[750, 232], [876, 232], [876, 288], [750, 288]], '말인데:', 0.5881772637367249), ([[645, 463], [787, 463], [787, 554], [645, 554]], '80', 0.9936533734192131), ([[688, 566], [835, 566], [835, 654], [688, 654]], '@6', 0.0287749486423408)]
[([[812, 206], [902, 206], [902, 262], [812, 262]], '나좀', 0.9968514825584072), ([[780, 258], [932, 258], [932, 314], [780, 314]], '중독된 것', 0.38683030737392643), ([[784, 310], [886, 310], [886, 364], [784, 364]], '같아 ', 0.4712818887586974), ([[1232, 404], [1380, 404], [1380, 460], [1232, 460]], '오늘 말고', 0.7273885788233881), ([[1266, 456], [1342, 456], [1342, 510], [1266, 510]], '이제', 0.9995754390502266), ([[647, 467], [789, 467], [789, 551], [647, 551]], '80', 0.9959560487661463), ([[1216, 508], [1394, 508], [1394, 564], [1216, 564]], '학교에서도', 0.9607323519350413), ([[1249, 559], [1359, 559], [1359, 613], [1249, 613]], '해주면', 0.9997821015990052), ([[688, 565], [833, 565], [833, 654], [688, 654]], '손', 0.018316670957132297), ([[1260, 612], [1354, 612], [1354, 666], [1260, 666]], '안돼?', 0.5214277293876932)]
[([[819, 189], [905, 189], [905, 249], [819, 249]], '제발', 0.9990549456241288), ([[789, 244], [937, 244], [937, 309], [789, 309]], '하나코~', 0.573504626750946), ([[1278, 262], [1388, 262], [1388, 318], [1278, 318]], '하나만', 0.9994773573375157), ([[1276, 314], [1390, 314], [1390, 366], [1276, 366]], '더 약속', 0.9624408749690023), ([[1278, 364], [1384, 364], [1384, 416], [1278, 416]], '해쥐(', 0.7584684007592223), ([[647, 465], [785, 465], [785, 551], [647, 551]], '굵80', 0.06730134176349246), ([[688, 567], [831, 567], [831, 653], [688, 653]], '8어', 0.023033015633033668), ([[1138, 556], [1317, 556], [1317, 618], [1138, 618]], '학교에서도', 0.9948799106445545), ([[1166, 610], [1286, 610], [1286, 666], [1166, 666]], '내 애널', 0.9740159797692792), ([[1140, 662], [1314, 662], [1314, 716], [1140, 716]], '빨아주기 ', 0.3578633498600623)]
[([[343, 131], [461, 131], [461, 191], [343, 191]], '진짜?!', 0.9260678291320801), ([[680, 182], [710, 182], [710, 220], [680, 220]], '뭐', 0.9999974966064862), ([[627, 219], [739, 219], [739, 263], [627, 263]], '상관없어', 0.9998601675033569), ([[588, 298], [646, 298], [646, 328], [588, 328]], '이미', 0.9845057274517385), ([[105, 337], [171, 337], [171, 381], [105, 381]], '와~', 0.9990249455090642), ([[558, 330], [675, 330], [675, 371], [558, 371]], '해버린거', 0.9139828085899353), ([[648, 468], [746, 468], [746, 548], [648, 548]], '8', 0.9746089561993223), ([[24, 558], [104, 558], [104, 614], [24, 614]], '만세', 0.9998529949573765), ([[688, 565], [831, 565], [831, 651], [688, 651]], '%', 0.09122447748291052)]
[([[1203, 187], [1355, 187], [1355, 247], [1203, 247]], '히나코도', 0.2274608314037323), ([[1238, 242], [1318, 242], [1318, 298], [1238, 298]], '기분', 0.999202843306339), ([[1175, 293], [1347, 293], [1347, 353], [1175, 353]], '중앞잡아~', 0.7845274218017148), ([[933, 453], [983, 453], [983, 495], [933, 495]], '으응', 0.9997429981916403), ([[797, 481], [859, 481], [859, 517], [797, 517]], '잠깐 .', 0.7471824884414673), ([[515, 467], [675, 467], [675, 570], [515, 570]], '00', 0.12582391151576136), ([[1110, 588], [1150, 588], [1150, 620], [1110, 620]], '4', 0.3844161923206322), ([[1237, 609], [1296, 609], [1296, 653], [1237, 653]], '[처', 0.010653937464511215), ([[619, 613], [765, 613], [765, 705], [619, 705]], '7430', 0.9147259593009949), ([[1312, 628], [1362, 628], [1362, 676], [1312, 676]], '4', 0.7994193051658307), ([[534, 710], [690, 710], [690, 814], [534, 814]], '립국0', 0.002545052844471019), ([[27, 799], [103, 799], [103, 835], [27, 835]], '( 0@', 0.09446849673986435)]
[([[386, 144], [458, 144], [458, 194], [386, 194]], '이제', 0.9996094896383226), ([[674, 166], [780, 166], [780, 220], [674, 220]], '약속도', 0.9994372349801666), ([[800, 162], [946, 162], [946, 218], [800, 218]], '첫 리망도', 0.9896952594090689), ([[1300, 160], [1328, 160], [1328, 200], [1300, 200]], '히', 0.3195843606125983), ([[336, 186], [509, 186], [509, 246], [336, 246]], '학교에서도', 0.728265315220795), ([[660, 216], [794, 216], [794, 270], [660, 270]], '받있으니', 0.38602378964424133), ([[834, 214], [912, 214], [912, 264], [834, 264]], '내가', 0.9997909580314662), ([[370, 236], [474, 236], [474, 292], [370, 292]], '마음껏', 0.9997032302779284), ([[820, 260], [920, 260], [920, 312], [820, 312]], '따고0', 0.39164939073783356), ([[340, 286], [476, 286], [476, 340], [340, 340]], '시켜야지', 0.9995015859603882), ([[1251, 343], [1333, 343], [1333, 403], [1251, 403]], '절어', 0.5686225431188754), ([[647, 465], [789, 465], [789, 551], [647, 551]], '80', 0.9696245423672695), ([[688, 566], [835, 566], [835, 654], [688, 654]], '86', 0.19095691033118845)]
[([[648, 468], [780, 468], [780, 548], [648, 548]], '80', 0.8544010526623953), ([[881, 481], [967, 481], [967, 543], [881, 543]], '리망', 0.9976867538632163), ([[1195, 498], [1383, 498], [1383, 552], [1195, 552]], '그러고 보니', 0.9072312090070379), ([[1217, 549], [1365, 549], [1365, 609], [1217, 609]], '유이치논', 0.4533922076225281), ([[692, 570], [794, 570], [794, 648], [692, 648]], ':8', 0.004985045582237483), ([[1192, 598], [1387, 598], [1387, 660], [1192, 660]], '해달라고 한', 0.6613993089130502), ([[1221, 651], [1363, 651], [1363, 711], [1221, 711]], '적 없어?', 0.5780247812441052)]
[([[674, 166], [740, 166], [740, 216], [674, 216]], '으음', 0.995989052861659), ([[56, 208], [196, 208], [196, 264], [56, 264]], '유이치는', 0.7458640336990356), ([[36, 258], [216, 258], [216, 314], [36, 314]], '별로 관심이', 0.9175495642521624), ([[598, 252], [674, 252], [674, 308], [598, 308]], '없네', 0.9782571256854901), ([[72, 308], [180, 308], [180, 364], [72, 364]], '없나보', 0.3814983030017218), ([[513, 311], [621, 311], [621, 355], [513, 355]], '말햇다면', 0.5491142272949219), ([[523, 349], [607, 349], [607, 391], [523, 391]], '해해주올', 0.15919269621372223), ([[523, 389], [585, 389], [585, 429], [523, 429]], '데', 0.9997586157570062), ([[647, 467], [787, 467], [787, 551], [647, 551]], '디80', 0.27180699932174657), ([[688, 566], [835, 566], [835, 654], [688, 654]], '86', 0.11392923322274225)]
[([[773, 155], [929, 155], [929, 217], [773, 217]], '남자라면', 0.9995505213737488), ([[660, 216], [748, 216], [748, 264], [660, 264]], '암컷올', 0.961074825477282), ([[789, 211], [915, 211], [915, 271], [789, 271]], '누구나', 0.9999147256735325), ([[638, 254], [930, 254], [930, 328], [638, 328]], '지배하는 관심있흘', 0.2004829949022568), ([[660, 300], [748, 300], [748, 348], [660, 348]], '수컷의', 0.9995762533318573), ([[634, 342], [752, 342], [752, 392], [634, 392]], '증포활까', 0.46488454937934875), ([[798, 324], [906, 324], [906, 380], [798, 380]], '팀데~', 0.1047814226713765), ([[1272, 382], [1364, 382], [1364, 432], [1272, 432]], '뛰야~', 0.8276022614315834), ([[1260, 430], [1380, 430], [1380, 482], [1260, 482]], '진짜로?', 0.9971091747283936), ([[648, 468], [746, 468], [746, 548], [648, 548]], '8', 0.980457289493021), ([[688, 565], [835, 565], [835, 654], [688, 654]], '80', 0.10080274044159486)]
[([[544, 176], [616, 176], [616, 224], [544, 224]], '음~?', 0.9962610969116227), ([[782, 230], [898, 230], [898, 286], [782, 286]], '그럼  .', 0.44228846941013034), ([[647, 467], [787, 467], [787, 551], [647, 551]], '80', 0.9890158242241726), ([[692, 570], [830, 570], [830, 648], [692, 648]], '486', 0.07630717427938798)]
[([[110, 184], [166, 184], [166, 236], [110, 236]], '응?', 0.9997479711489904), ([[560, 170], [704, 170], [704, 224], [560, 224]], '해준단 건', 0.8463881022065242), ([[795, 163], [917, 163], [917, 223], [795, 223]], '"리망은', 0.9801301956176758), ([[1287, 158], [1376, 158], [1376, 213], [1287, 213]], '"비밀', 0.9997472769862222), ([[590, 220], [680, 220], [680, 270], [590, 270]], '어때?', 0.9998575325428098), ([[771, 215], [921, 215], [921, 275], [771, 275]], '나한데만"', 0.39400946957726046), ([[1292, 210], [1366, 210], [1366, 262], [1292, 262]], '약속', 0.9999604664849819), ([[1284, 260], [1356, 260], [1356, 308], [1284, 308]], '으로', 0.9988300354576982), ([[648, 468], [786, 468], [786, 548], [648, 548]], '80', 0.9560193320241259), ([[685, 562], [840, 562], [840, 659], [685, 659]], '&8', 0.2582097350356837)]
[([[108, 144], [190, 144], [190, 192], [108, 192]], '뭐~?', 0.9258774968906055), ([[777, 169], [897, 169], [897, 229], [777, 229]], '리망은', 0.9835057902961258), ([[36, 211], [129, 211], [129, 263], [36, 263]], '@문리', 0.31364411381418433), ([[753, 223], [885, 223], [885, 285], [753, 285]], '내 전용', 0.9889045045289878), ([[39, 259], [127, 259], [127, 303], [39, 303]], '그래도', 0.8854737899632332), ([[36, 298], [130, 298], [130, 346], [36, 346]], '그건:', 0.25116902818016534), ([[644, 463], [793, 463], [793, 556], [644, 556]], '존80', 0.07680371127874912), ([[1211, 499], [1369, 499], [1369, 561], [1211, 561]], '하나고가', 0.5540738105773926), ([[1187, 555], [1389, 555], [1389, 617], [1187, 617]], '빨아주는 건', 0.8578612463215658), ([[685, 562], [840, 562], [840, 660], [685, 660]], '&8', 0.036187574700389184), ([[1198, 608], [1380, 608], [1380, 670], [1198, 670]], '내 애널뿐!', 0.24912135832552462), ([[649, 757], [761, 757], [761, 801], [649, 801]], '(   신', 0.11572219300559468)]
[([[768, 94], [912, 94], [912, 150], [768, 150]], '유이치는', 0.6675288081169128), ([[797, 143], [880, 143], [880, 204], [797, 204]], '관심', 0.9999792638135037), ([[768, 196], [914, 196], [914, 252], [768, 252]], '없으니까', 0.5344897136120517), ([[647, 231], [687, 231], [687, 277], [647, 277]], '안', 0.9999792576911801), ([[752, 250], [930, 250], [930, 306], [752, 306]], '부탁하지도', 0.9856920780442082), ([[620, 282], [716, 282], [716, 336], [620, 336]], '그래?', 0.9999878178937133), ([[762, 300], [916, 300], [916, 356], [762, 356]], '않을 태고', 0.21517968953902328), ([[1303, 313], [1341, 313], [1341, 365], [1303, 365]], '뭐', 0.999992489828859), ([[1269, 365], [1380, 365], [1380, 429], [1269, 429]], '어때~', 0.5544031858444214), ([[647, 465], [789, 465], [789, 551], [647, 551]], '80', 0.9727894612225676), ([[685, 562], [842, 562], [842, 660], [685, 660]], '태8', 0.10551334987590442)]
[([[613, 131], [735, 131], [735, 187], [613, 187]], '내 전용', 0.9980409833221621), ([[307, 201], [476, 201], [476, 273], [307, 273]], '부탁이야', 0.9920603036880493), ([[582, 182], [765, 182], [765, 244], [582, 244]], '플레이라도', 0.7588955971523808), ([[792, 188], [912, 188], [912, 244], [792, 244]], '내 젓이', 0.7987763482404598), ([[578, 236], [768, 236], [768, 292], [578, 292]], '하나만 주면', 0.9981228570647367), ([[808, 242], [898, 242], [898, 296], [808, 296]], '되수', 0.17841467446343734), ([[626, 288], [724, 288], [724, 344], [626, 344]], '안돼?', 0.8209985395975173), ([[798, 292], [906, 292], [906, 346], [798, 346]], '없다면', 0.9997721910207207), ([[644, 463], [791, 463], [791, 554], [644, 554]], '80', 0.9821958212923452), ([[1214, 493], [1364, 493], [1364, 553], [1214, 553]], '유이치가', 0.9973609447479248), ([[1232, 546], [1346, 546], [1346, 602], [1232, 602]], '요구할', 0.39721232652664185), ([[685, 562], [840, 562], [840, 660], [685, 660]], '8', 0.8613268854429066), ([[1213, 597], [1363, 597], [1363, 657], [1213, 657]], '때까지만', 0.9923135042190552), ([[1230, 650], [1346, 650], [1346, 706], [1230, 706]], '이라도', 0.9996392253683545), ([[1086, 700], [1186, 700], [1186, 748], [1086, 748]], '그대신', 0.9999247740907423), ([[1208, 702], [1370, 702], [1370, 758], [1208, 758]], '중으니까!', 0.5679894956714294), ([[1069, 745], [1205, 745], [1205, 797], [1069, 797]], '비밀은 꼭', 0.985532715092268), ([[1070, 796], [1200, 796], [1200, 844], [1070, 844]], '지키기 ', 0.22625896334648132)]
[([[51, 443], [117, 443], [117, 485], [51, 485]], '하아', 0.9998211334605823), ([[647, 467], [789, 467], [789, 551], [647, 551]], '980', 0.13162352296263594), ([[685, 562], [840, 562], [840, 660], [685, 660]], '8', 0.8267361426089828)]
[([[1196, 219], [1381, 219], [1381, 279], [1196, 279]], '연락온 것도', 0.9036298052869657), ([[1234, 274], [1342, 274], [1342, 328], [1234, 328]], '모르고', 0.9877642956918903), ([[1198, 326], [1378, 326], [1378, 382], [1198, 382]], '있있다는 게', 0.3513358037304375), ([[1188, 376], [1360, 376], [1360, 432], [1188, 432]], '그증거야~', 0.9991466982175028), ([[936, 454], [968, 454], [968, 488], [936, 488]], '앗', 0.19665469892595766), ([[515, 467], [675, 467], [675, 570], [515, 570]], '0리0', 0.0022236656982096916), ([[803, 541], [863, 541], [863, 585], [803, 585]], '응앗', 0.45518728003680353), ([[1111, 585], [1149, 585], [1149, 621], [1111, 621]], '딴', 0.014592075610239341), ([[617, 613], [765, 613], [765, 705], [617, 705]], '7430', 0.681132972240448), ([[1313, 629], [1361, 629], [1361, 673], [1313, 673]], '46', 0.5773396722245859), ([[27, 799], [105, 799], [105, 837], [27, 837]], '( 0.', 0.34426653385162354), ([[111, 807], [137, 807], [137, 823], [111, 823]], '63', 0.7729391800006687), ([[25, 895], [47, 895], [47, 913], [25, 913]], '(', 0.45501231062422676), ([[547.0864997216089, 699.0379966593064], [701.7226412083385, 748.5454194824285], [668.9135002783911, 840.9620033406936], [514.2773587916615, 791.4545805175715]], '들9)', 0.02155768491821349)]
[([[154, 116], [216, 116], [216, 170], [154, 170]], '와!', 0.8535836404480263), ([[614, 176], [704, 176], [704, 230], [614, 230]], '"이번', 0.6738230340099335), ([[584, 230], [710, 230], [710, 286], [584, 286]], '만이야~', 0.9242357015609741), ([[35, 259], [153, 259], [153, 319], [35, 319]], '정말?!', 0.9558736085891724), ([[648, 468], [784, 468], [784, 548], [648, 548]], '80', 0.9935511489272764), ([[688, 565], [837, 565], [837, 654], [688, 654]], '6', 0.13181178278615846)]
[([[808, 130], [884, 130], [884, 184], [808, 184]], '이제', 0.9995137442956511), ([[773, 179], [919, 179], [919, 239], [773, 239]], '하나코는', 0.42147842049598694), ([[614, 206], [718, 206], [718, 262], [614, 262]], '후히햇', 0.22868426406699138), ([[476, 256], [624, 256], [624, 306], [476, 306]], '내 취향으로', 0.9420487823565232), ([[770, 232], [922, 232], [922, 288], [770, 288]], '내 애널만', 0.8492517239108801), ([[488, 300], [614, 300], [614, 350], [488, 350]], '잘길들연', 0.8288977146148682), ([[772, 281], [919, 281], [919, 343], [772, 343]], '빨아주는', 0.986301600933075), ([[1269, 307], [1385, 307], [1385, 369], [1269, 369]], '야호~', 0.96077490677456), ([[476, 342], [572, 342], [572, 390], [476, 390]], '쥐야지', 0.9049175859546236), ([[792, 336], [874, 336], [874, 390], [792, 390]], '거야', 0.9986362319256837), ([[643, 462], [793, 462], [793, 559], [643, 559]], '존80', 0.16425384974259985), ([[685, 562], [840, 562], [840, 659], [685, 659]], '8', 0.8859988511196661), ([[1183, 551], [1281, 551], [1281, 619], [1183, 619]], '비밀', 0.9998937073027052), ([[1161, 617], [1303, 617], [1303, 685], [1161, 685]], '계약도', 0.9979067592200546), ([[1165, 683], [1293, 683], [1293, 751], [1165, 751]], '성공0', 0.4463668465614319), ([[649, 759], [763, 759], [763, 801], [649, 801]], '(', 0.9924678122663408)]
[([[88, 176], [200, 176], [200, 232], [88, 232]], '한번만', 0.9998644837904145), ([[808, 168], [882, 168], [882, 224], [808, 224]], '근데', 0.9999886203698664), ([[84, 228], [204, 228], [204, 284], [84, 284]], '더 애널', 0.9779596250545036), ([[72, 280], [218, 280], [218, 336], [72, 336]], '빨아주라', 0.9848348498344421), ([[514, 266], [562, 266], [562, 330], [514, 330]], '8', 0.8314640733307357), ([[623, 275], [779, 275], [779, 335], [623, 335]], '또흥분해', 0.9416069984436035), ([[612, 330], [786, 330], [786, 386], [612, 386]], '버려논데(', 0.1079885703188623), ([[813.0962621611064, 411.0215053832357], [1041.7195535610917, 509.747567914096], [972.9037378388936, 658.9784946167644], [745.2804464389083, 561.2524320859039]], '사|', 0.11217253702667632)]
[([[768, 122], [864, 122], [864, 172], [768, 172]], '뛰야~', 0.6744576591997814), ([[72, 166], [216, 166], [216, 222], [72, 222]], '하나고도', 0.6603095531463623), ([[338, 170], [482, 170], [482, 226], [338, 226]], '뭐 어때~', 0.7864033806290123), ([[50, 218], [238, 218], [238, 274], [50, 274]], '말은 그렇게', 0.7591654704304368), ([[701, 251], [775, 251], [775, 293], [701, 293]], '또~?', 0.9947384268940221), ([[48, 270], [238, 270], [238, 326], [48, 326]], '해도 즐기고', 0.771794135801266), ([[70, 320], [188, 320], [188, 380], [70, 380]], '있잡아다', 0.10486441850662231), ([[780, 440], [968, 440], [968, 614], [780, 614]], '사', 0.060628232643794355), ([[648, 748], [794, 748], [794, 802], [648, 802]], '( ', 0.4786829109051922)]
[([[858, 14], [932, 14], [932, 124], [858, 124]], '1', 0.8380158123941364), ([[925, 29], [967, 29], [967, 83], [925, 83]], '이1', 0.042531620723686964), ([[63, 205], [239, 205], [239, 273], [63, 273]], '빨리빨리', 0.9999470114707947), ([[603, 265], [675, 265], [675, 309], [603, 309]], '차암:', 0.30146969645165883), ([[809.4359277711161, 239.01592154875564], [885.3093836925453, 222.08609489929947], [931.5640722288839, 435.9840784512444], [854.6906163074547, 453.91390510070056]], '2', 0.38693187510388327)]
[([[711, 17], [913, 17], [913, 151], [711, 151]], '33609', 0.0235062729693769), ([[338, 230], [494, 230], [494, 310], [338, 310]], '우호옷', 0.7425519463953912)]
[([[489, 3], [875, 3], [875, 216], [489, 216]], '애익)', 0.011074837800757154), ([[254, 242], [456, 242], [456, 320], [254, 320]], '우오오옷', 0.9765897393226624), ([[607, 293], [651, 293], [651, 339], [607, 339]], '0', 0.9999941587533421), ([[514, 285], [922, 285], [922, 485], [514, 485]], '"@##', 0.0008156175026670098), ([[88, 530], [142, 530], [142, 596], [88, 596]], '옷', 0.9999574427364202), ([[36, 596], [192, 596], [192, 674], [36, 674]], '오오옷', 0.9973486930716804)]
[([[482, 4], [873, 4], [873, 210], [482, 210]], '애래', 0.04063377352086886), ([[294, 236], [440, 236], [440, 314], [294, 314]], '아아~', 0.994368622776624), ([[607, 295], [651, 295], [651, 341], [607, 341]], '0', 0.999645622183639), ([[517, 286], [919, 286], [919, 449], [517, 449]], '@@아', 0.011216501639031469), ([[66, 570], [260, 570], [260, 644], [66, 644]], '수컷으로', 0.9988579750061035), ([[66, 638], [260, 638], [260, 714], [66, 714]], '태어나서', 0.8574079705914258), ([[44, 707], [191, 707], [191, 781], [44, 781]], '행복해', 0.9992203852882349), ([[686.1736368240006, 404.2424562488021], [813.9121422695606, 390.252124096975], [816.8263631759994, 454.7575437511979], [690.0878577304394, 468.747875903025]], '0~(~', 0.006131371017545462)]
[]
[([[610, 462], [820, 462], [820, 514], [610, 514]], '오후 11시 3분', 0.9982609109056731)]
[([[1254, 140], [1388, 140], [1388, 192], [1254, 192]], '하나고도', 0.7762552499771118), ([[1254, 188], [1326, 188], [1326, 238], [1254, 238]], '사실', 0.9998571251731785), ([[1073, 233], [1239, 233], [1239, 295], [1073, 295]], '내 애무에', 0.9762469157237099), ([[1072, 288], [1237, 288], [1237, 352], [1072, 352]], '푹 빠져면', 0.15391729500973805), ([[1069, 345], [1213, 345], [1213, 405], [1069, 405]], '거지::?', 0.48983897844472146), ([[515, 467], [675, 467], [675, 570], [515, 570]], '@~', 0.004846089541459277), ([[1109, 585], [1149, 585], [1149, 621], [1109, 621]], '&', 0.06855081438074251), ([[1241, 611], [1295, 611], [1295, 653], [1241, 653]], '0.', 0.009625063123186854), ([[616, 610], [764, 610], [764, 706], [616, 706]], '7430', 0.9729398488998413), ([[1312, 628], [1362, 628], [1362, 676], [1312, 676]], '&', 0.13385536067188752), ([[534, 710], [690, 710], [690, 812], [534, 812]], '기~', 0.009601938534810471), ([[1396, 776], [1420, 776], [1420, 812], [1396, 812]], '8', 0.3134650341321823), ([[27, 799], [103, 799], [103, 835], [27, 835]], '( 0.', 0.29928500561957505), ([[111, 805], [135, 805], [135, 823], [111, 823]], '0', 0.4107367861893749), ([[24, 892], [48, 892], [48, 916], [24, 916]], '결', 0.04726815048470301)]
[([[905, 99], [959, 99], [959, 135], [905, 135]], '이거', 0.9998104287387184), ([[741, 269], [871, 269], [871, 311], [741, 311]], '정말 매달고', 0.9986383070511947), ([[757, 309], [861, 309], [861, 347], [757, 347]], '돌아가야', 0.9431871755669408), ([[785, 345], [829, 345], [829, 381], [785, 381]], '해?', 0.9997628057766703), ([[311, 565], [373, 565], [373, 601], [311, 601]], '하아', 0.9996217108480862), ([[715, 569], [771, 569], [771, 613], [715, 613]], '물론', 0.9999433551055079), ([[467, 611], [571, 611], [571, 651], [467, 651]], '하나코가', 0.2626620829105377), ([[617, 595], [675, 595], [675, 637], [617, 637]], '한번', 0.999984068528433), ([[605, 633], [687, 633], [687, 673], [605, 673]], '해보고', 0.9998668238158173), ([[229, 649], [309, 649], [309, 693], [229, 693]], '소유욕', 0.9342234910213448), ([[451, 649], [585, 649], [585, 691], [451, 691]], '내 암컷이란', 0.7003851693288129), ([[29, 695], [111, 695], [111, 737], [29, 737]], '후혜헤', 0.20122609819333223), ([[239, 691], [297, 691], [297, 731], [239, 731]], '너무', 0.9999734475886887), ([[449, 667], [677, 667], [677, 729], [449, 729]], '증거름 달고 싶없어', 0.25424434268539725), ([[203, 729], [337, 729], [337, 773], [203, 773]], '강하다니까', 0.7667052371436993), ([[455, 722], [581, 722], [581, 764], [455, 764]], '돌아다니는', 0.9016631298693336), ([[477, 763], [561, 763], [561, 801], [477, 801]], '겉 보고', 0.6456100327235035), ([[151, 787], [229, 787], [229, 827], [151, 827]], '이상한', 0.9626152811142141), ([[455, 799], [561, 799], [561, 839], [455, 839]], '싶으니까', 0.9721033867796794), ([[135, 823], [241, 823], [241, 863], [135, 863]], '것만 잔뜩', 0.8622120716532986), ([[139, 861], [239, 861], [239, 897], [139, 897]], '배위서 .', 0.3330923264175677)]
[([[897, 105], [977, 105], [977, 145], [897, 145]], '그러고', 0.9999441138907084), ([[909, 145], [967, 145], [967, 181], [909, 181]], '보니', 0.9927468380248657), ([[755, 161], [891, 161], [891, 205], [755, 205]], '오늘 데이트', 0.8942697831549727), ([[92, 188], [224, 188], [224, 236], [92, 236]], '즐거워어?', 0.9884118784440961), ([[769, 201], [875, 201], [875, 243], [769, 243]], '하나고는', 0.4992077052593231), ([[775, 237], [871, 237], [871, 281], [775, 281]], '어쨌어?', 0.5845446586608887), ([[100, 590], [164, 590], [164, 638], [100, 638]], '객!!', 0.2780137661432821), ([[36, 656], [102, 656], [102, 704], [36, 704]], '직구', 0.99991284142982), ([[442, 640], [506, 640], [506, 688], [442, 688]], '피곤', 0.9722831253903903), ([[442, 682], [506, 682], [506, 732], [442, 732]], '햄어', 0.8378937973825574), ([[940, 882], [970, 882], [970, 916], [940, 916]], '그', 0.9999415883011267), ([[923, 915], [973, 915], [973, 955], [923, 955]], '그럼', 0.999916887426382), ([[795, 955], [873, 955], [873, 997], [795, 997]], '질문올', 0.9023822885493303), ([[783, 993], [863, 993], [863, 1033], [783, 1033]], '바뀌서', 0.9529695327800208), ([[675, 1115], [719, 1115], [719, 1157], [675, 1157]], '응?', 0.999316783671092), ([[150, 1337], [285, 1337], [285, 1426], [150, 1426]], '939', 0.008703597349484535), ([[380.98268547211705, 1347.0649466825132], [496.5295573660937, 1370.2970819711459], [480.01731452788295, 1440.9350533174868], [364.4704426339063, 1417.7029180288541]], '7형9', 0.021017833329021324)]
[([[71, 113], [213, 113], [213, 155], [71, 155]], '나랑 한번 더', 0.6308548376167054), ([[801, 77], [963, 77], [963, 187], [801, 187]], '0430?', 0.12336823476653971), ([[77, 151], [207, 151], [207, 193], [77, 193]], '데이트하고', 0.9992251810474524), ([[107, 191], [179, 191], [179, 233], [107, 233]], '싶어?', 0.9999636602163258), ([[906, 506], [934, 506], [934, 540], [906, 540]], '또', 0.9995813807947798), ([[865, 539], [971, 539], [971, 583], [865, 583]], '하루종일', 0.9834631681442261), ([[875, 579], [963, 579], [963, 621], [875, 621]], '야한 짓', 0.9987167892072194), ([[30, 594], [160, 594], [160, 644], [30, 644]], '내 암컷이', 0.6476281566149774), ([[245, 595], [389, 595], [389, 685], [245, 685]], '730', 0.4282043215673756), ([[865, 617], [951, 617], [951, 659], [865, 659]], '하면서:', 0.9689266681671143), ([[22, 638], [170, 638], [170, 688], [22, 688]], '되고 싶어?', 0.7601783045407988), ([[0, 817], [482, 817], [482, 1059], [0, 1059]], '2302', 0.3775729835033417), ([[577, 841], [845, 841], [845, 1053], [577, 1053]], '7익', 0.05442053998277244), ([[864, 934], [970, 934], [970, 1034], [864, 1034]], '#귀활', 0.02228266513549668), ([[856, 1024], [978, 1024], [978, 1072], [856, 1072]], '말해쥐<', 0.16888567805290222), ([[0, 1009], [303, 1009], [303, 1239], [0, 1239]], '7 0', 0.5253196954727173), ([[746, 1218], [880, 1218], [880, 1270], [746, 1270]], '응? 어때?', 0.9990329734914389), ([[735, 1263], [830, 1263], [830, 1311], [735, 1311]], '하나코', 0.6048319547579091), ([[0, 1226], [351, 1226], [351, 1433], [0, 1433]], '746', 0.07415980987715841), ([[257.0353897209563, -2.961167460142141], [423.520737049798, 41.64252805977314], [391.9646102790437, 144.96116746014215], [225.47926295020196, 99.35747194022686]], '@운9', 0.04332458387629484), ([[366.0303382047319, 100.04282171347032], [493.4430048917225, 140.54404154662421], [460.9696617952681, 234.95717828652968], [333.5569951082775, 193.45595845337579]], '이9', 0.07171355617058753), ([[767.9693398941639, 187.04434277230072], [937.4607696417348, 226.44320942153055], [910.0306601058361, 326.95565722769925], [740.5392303582652, 287.5567905784694]], '$0', 0.04930442771279573), ([[640.0387787751367, 576.0420780365586], [787.7251262027062, 623.556300358877], [755.9612212248633, 711.9579219634414], [608.2748737972938, 664.443699641123]], '739', 0.29026073372525385), ([[607.9866830797658, 683.0428603412369], [776.4359771911154, 723.3642847080268], [749.0133169202342, 824.9571396587631], [580.5640228088846, 785.6357152919732]], '-원)', 0.0005394560261548972), ([[323.9471635269132, 690.0505006798969], [484.4419046587045, 722.5407187020243], [462.0528364730868, 815.9494993201031], [300.5580953412955, 783.4592812979757]], '7뇨~', 0.0033056189664309368)]
[([[119, 139], [223, 139], [223, 183], [119, 183]], '글쎄?', 0.9956186168871058), ([[198, 300], [232, 300], [232, 324], [198, 324]], '새', 0.36376577633122054), ([[767, 1159], [833, 1159], [833, 1195], [767, 1195]], '에아~', 0.7651796765832801), ([[324, 1190], [492, 1190], [492, 1288], [324, 1288]], '%아0', 0.03268713461117329), ([[664, 1254], [790, 1254], [790, 1302], [664, 1302]], "'알려쥐-!", 0.1031848097942116), ([[16, 1362], [100, 1362], [100, 1414], [16, 1414]], '설`0', 0.0044381690324968226), ([[400.11428862648387, 1005.0657337974418], [487.9042218468176, 1034.9322151979159], [469.88571137351613, 1083.934266202558], [382.0957781531824, 1054.0677848020841]], '*', 0.03763805473414039), ([[395.16756942214056, 1064.0875762840606], [464.84, 1079.88], [454.83243057785944, 1118.9124237159394], [385.16, 1103.12]], ',/', 0.027050769143620017)]
[([[754, 712], [792, 712], [792, 742], [754, 742]], '"\'아', 0.23003523318570726), ([[605, 825], [663, 825], [663, 865], [605, 865]], '집에', 0.9911816668639024), ([[583, 861], [685, 861], [685, 901], [583, 901]], '도착하면', 0.9986623525619507), ([[453, 893], [577, 893], [577, 935], [453, 935]], '유이치한테', 0.49577045161250183), ([[609, 901], [661, 901], [661, 937], [609, 937]], '오늘', 0.999998651301114), ([[267, 943], [309, 943], [309, 983], [267, 983]], '응?', 0.999467389681117), ([[465, 929], [565, 929], [565, 973], [465, 973]], '은근슬쩍', 0.9874907732009888), ([[581, 933], [687, 933], [687, 975], [581, 975]], '있,면 일', 0.24681722250565127), ([[118, 984], [148, 984], [148, 1020], [118, 1020]], '그', 0.9999824763112066), ([[473, 967], [553, 967], [553, 1007], [473, 1007]], '자랑해', 0.9999086690998309), ([[386, 996], [552, 996], [552, 1044], [386, 1044]], '자세한   줄래?', 0.95463928214787), ([[97, 1019], [151, 1019], [151, 1055], [97, 1055]], "그래'", 0.46924200254093806), ([[374, 1029], [481, 1029], [481, 1070], [374, 1070]], '건 말하지', 0.61035327376035), ([[19, 1061], [99, 1061], [99, 1103], [19, 1103]], '알앉어;', 0.2667691707611084), ([[115, 1069], [131, 1069], [131, 1093], [115, 1093]], '2', 0.3866276027009926), ([[391, 1069], [443, 1069], [443, 1105], [391, 1105]], '말고;', 0.36353114410741244), ([[11, 1229], [133, 1229], [133, 1271], [11, 1271]], '유이치의-', 0.8770548958458979), ([[11, 1271], [111, 1271], [111, 1311], [11, 1311]], '네토라레', 0.6611223816871643), ([[17, 1309], [97, 1309], [97, 1349], [17, 1349]], '성벽올', 0.975428956612681), ([[19, 1351], [97, 1351], [97, 1389], [19, 1389]], '모른다', 0.46885320826723564)]
[([[166, 164], [260, 164], [260, 214], [166, 214]], '우히햇', 0.5623556881863272), ([[950, 178], [982, 178], [982, 210], [950, 210]], '이1', 0.21501310384330588), ([[1112, 286], [1238, 286], [1238, 342], [1112, 342]], '"까불지', 0.6486257910728455), ([[1143, 343], [1185, 343], [1185, 387], [1143, 387]], '마', 0.9999235883051405), ([[1313, 629], [1361, 629], [1361, 673], [1313, 673]], '4', 0.22302733855543355), ([[27, 799], [103, 799], [103, 837], [27, 837]], '(키:', 0.00874655312849727), ([[329, 761], [531, 761], [531, 873], [329, 873]], '걸@%', 0.001729127138566715), ([[859.1474774367167, 208.14385559498677], [931.7046642634176, 155.02070752190005], [1021.8525225632833, 295.8561444050132], [949.2953357365824, 348.9792924781]], '?', 0.25932334541499813)]
