2792844
23
[([[1140, 8], [1248, 8], [1248, 38], [1140, 38]], '[어시이', 0.003497218480333686), ([[1145, 37], [1245, 37], [1245, 97], [1145, 97]], '[18', 0.26546286143389203), ([[1144, 92], [1244, 92], [1244, 118], [1144, 118]], '잘 시미 1}', 0.11753435406932643), ([[19, 25], [172, 25], [172, 456], [19, 456]], '출', 0.003483551856725775), ([[27, 509], [161, 509], [161, 1077], [27, 1077]], '7', 0.0356316248993247), ([[898, 1544], [1176, 1544], [1176, 1620], [898, 1620]], '@@@실롭다', 0.022157749569764483)]
[]
[]
[]
[]
[]
[]
[]
[]
[]
[]
[([[33, 59], [313, 59], [313, 143], [33, 143]], '왜냐니" 극야', 0.2440566200827753), ([[986, 62], [1198, 62], [1198, 136], [986, 136]], '어서 오럼; ', 0.3881555864976124), ([[24, 112], [234, 112], [234, 264], [24, 264]], '에야애', 0.004460819225881442), ([[38, 124], [92, 124], [92, 182], [38, 182]], '이', 0.9998016455792822), ([[195, 105], [363, 105], [363, 265], [195, 265]], "'영안", 0.10993500531326408), ([[723, 109], [989, 109], [989, 267], [723, 267]], '부활용액월들', 0.0003465435474835053), ([[910, 112], [1207, 112], [1207, 260], [910, 260]], '\'옆쑤"나스편', 0.0021796398776186814), ([[956, 234], [1206, 234], [1206, 312], [956, 312]], '좋앉플렌데', 0.015525949273593891), ([[15, 263], [383, 263], [383, 494], [15, 494]], '영]로', 0.0011366526485512302), ([[756, 404], [906, 404], [906, 482], [756, 482]], '마이크', 0.6970874361970242), ([[892, 344], [1214, 344], [1214, 496], [892, 496]], '울@%있^더', 0.0036191141703524757), ([[26, 448], [286, 448], [286, 596], [26, 596]], '출돌렉이야;', 0.10257011762953902)]
[]
[]
[]
[([[21, 61], [297, 61], [297, 153], [21, 153]], '이바훨이주', 0.012373089004359876), ([[24, 136], [148, 136], [148, 232], [24, 232]], '@여', 0.17389943754870152), ([[79, 123], [441, 123], [441, 307], [79, 307]], '여)월플빛', 0.0001592016379758177), ([[29, 209], [93, 209], [93, 293], [29, 293]], '품', 0.9746893374865664), ([[340, 206], [744, 206], [744, 302], [340, 302]], '용장애 왜습내닥', 0.0038832844284150698), ([[22, 276], [836, 276], [836, 377], [22, 377]], '콤렉늄종음횟되움원하내눈눈주음', 0.00021706410359850957), ([[22, 352], [386, 352], [386, 451], [22, 451]], '폐기제`요', 0.09761389486006261), ([[763, 431], [1029, 431], [1029, 491], [763, 491]], '먹들만하네도', 0.4909950711934598)]
[([[166, 92], [192, 92], [192, 118], [166, 118]], '[', 0.9361598836613361), ([[188, 110], [212, 110], [212, 134], [188, 134]], '+', 0.9999866486041356)]
[]
[]
[]
[]
[]
[]
