2793406
18
[([[28, 22], [321, 22], [321, 95], [28, 95]], '..-용', 0.010954147204756737), ([[24, 86], [296, 86], [296, 158], [24, 158]], '댐~7', 0.021413958196382865), ([[26, 150], [392, 150], [392, 222], [26, 222]], '[시-오영_', 0.0001716878360346566), ([[870, 1274], [954, 1274], [954, 1300], [870, 1300]], '지어시', 0.003925142467167139), ([[872, 1298], [954, 1298], [954, 1346], [872, 1346]], '장18', 0.03467799875443759), ([[868, 1340], [956, 1340], [956, 1366], [868, 1366]], '@스차', 0.05148550610689645), ([[867, 1365], [963, 1365], [963, 1403], [867, 1403]], '궁 #@', 0.0038658634293824434)]
[([[237, 697], [317, 697], [317, 735], [237, 735]], '돌한0', 0.013153585042304492), ([[579, 691], [675, 691], [675, 751], [579, 751]], '아앗', 0.7649318857249795), ([[558, 754], [654, 754], [654, 806], [558, 806]], '또 .', 0.5325411618526937), ([[454, 788], [520, 788], [520, 840], [454, 840]], ':추:', 0.006216658536852968), ([[608, 839], [1000, 839], [1000, 1050], [608, 1050]], '30330', 0.17573729721537787), ([[59, 1252], [141, 1252], [141, 1313], [59, 1313]], '영야', 0.11125767533086221), ([[136, 1266], [160, 1266], [160, 1290], [136, 1290]], '0', 0.1504554932598836), ([[617, 1267], [687, 1267], [687, 1327], [617, 1327]], '꾸위', 0.2153257084865657), ([[637, 1319], [679, 1319], [679, 1355], [637, 1355]], '!7', 0.7849839259532363), ([[709, 1297], [837, 1297], [837, 1363], [709, 1363]], '당(?', 0.3614132132316973), ([[492.8674325266986, 563.129959864804], [561.5634228769702, 572.9566763237447], [554.1325674733014, 615.870040135196], [485.43657712302985, 607.0433236762553]], '676', 0.027556515516283516), ([[60.51257083768542, 1324.1175991727596], [159.6045466204687, 1299.1531635828997], [169.48742916231458, 1347.8824008272404], [71.39545337953129, 1372.8468364171003]], '아아6', 0.16590357016234777)]
[([[782, 544], [814, 544], [814, 576], [782, 576]], '크', 0.999899270687056), ([[773, 581], [841, 581], [841, 619], [773, 619]], '군 일', 0.6726099252700806), ([[767, 621], [849, 621], [849, 659], [767, 659]], '이네요', 0.9974206593073077), ([[179, 659], [329, 659], [329, 699], [179, 699]], '미약 때문에', 0.96514951129182), ([[207, 699], [301, 699], [301, 739], [207, 739]], '그 분의', 0.6136666209738767), ([[167, 739], [321, 739], [321, 779], [167, 779]], "'이성의 끈이.", 0.454051528209804)]
[([[607, 169], [741, 169], [741, 211], [607, 211]], '아앗 그런', 0.6214017833097121), ([[599, 211], [747, 211], [747, 255], [599, 255]], '뒤에서부터', 0.9966427030474779), ([[613, 255], [735, 255], [735, 297], [613, 297]], '하시다니', 0.997273862361908), ([[53, 291], [163, 291], [163, 331], [53, 331]], '모처럼의', 0.679127302397447), ([[609, 299], [717, 299], [717, 339], [609, 339]], '앗콩 양', 0.18431083142208296), ([[67, 333], [149, 333], [149, 371], [67, 371]], '여름의', 0.9998248411186251), ([[55, 371], [141, 371], [141, 409], [55, 409]], '추억이', 0.9817314432767008), ([[23, 953], [261, 953], [261, 1133], [23, 1133]], '자', 0.17699366710134257), ([[847.5098937119894, 1085.0301390671143], [877.8441839340435, 1081.0900954633773], [888.4901062880106, 1173.9698609328857], [857.1558160659565, 1176.9099045366227]], '못', 0.001888654735831219)]
[([[778, 281], [916, 281], [916, 479], [778, 479]], '벼', 0.10363936059967305), ([[537, 655], [577, 655], [577, 699], [537, 699]], '년', 0.08265434445048925), ([[905, 799], [947, 799], [947, 863], [905, 863]], '"', 0.5832478083172568)]
[([[291, 99], [379, 99], [379, 139], [291, 139]], '옛.!?', 0.7718667382394495)]
[([[50, 86], [84, 86], [84, 110], [50, 110]], '따', 0.06384411185402783), ([[77, 83], [139, 83], [139, 119], [77, 119]], '.또', 0.12034393954238132), ([[41, 121], [147, 121], [147, 165], [41, 165]], '다른 게', 0.865025508687362), ([[504, 98], [576, 98], [576, 150], [504, 150]], '29', 0.24747791216403744), ([[92, 168], [124, 168], [124, 204], [92, 204]], '!?', 0.9891316917892575), ([[794, 392], [826, 392], [826, 424], [794, 424]], '쉬', 0.9965421103354402), ([[765, 425], [877, 425], [877, 461], [765, 461]], '쉬지 양고', 0.7384058498193957), ([[794, 462], [846, 462], [846, 494], [794, 494]], '계속', 0.9998763433858974), ([[756, 492], [862, 492], [862, 532], [756, 532]], '한다니..-', 0.5559300512909188), ([[57, 689], [115, 689], [115, 725], [57, 725]], '이건', 0.9988868304056592), ([[25, 729], [149, 729], [149, 767], [25, 767]], '서방님.?', 0.9369859110347446), ([[23, 767], [149, 767], [149, 805], [23, 805]], '아니면?', 0.9999090433120728), ([[241.936083991934, 519.0631055322455], [304.62783737180797, 490.0219255831464], [359.06391600806603, 620.9368944677545], [297.37216262819203, 650.9780744168536]], ';', 0.022560347197586594)]
[([[881, 227], [993, 227], [993, 351], [881, 351]], '%', 0.019031042068547777), ([[670, 418], [706, 418], [706, 450], [670, 450]], '더.', 0.9809532910004684), ([[657, 451], [715, 451], [715, 487], [657, 487]], '더는.', 0.9547717148897479), ([[81, 1185], [139, 1185], [139, 1225], [81, 1225]], '모든', 0.9997027090754914), ([[813, 1209], [897, 1209], [897, 1245], [813, 1245]], '이걸로', 0.6100673949111048), ([[55, 1225], [167, 1225], [167, 1265], [55, 1265]], '서방남울', 0.47213461995124817), ([[832, 1252], [856, 1252], [856, 1280], [832, 1280]], '1.', 0.9939476120492665), ([[67, 1265], [153, 1265], [153, 1305], [67, 1305]], '상대해', 0.9998973818619565), ([[802, 1290], [832, 1290], [832, 1322], [802, 1322]], '2.', 0.8895044292406593), ([[858, 1290], [888, 1290], [888, 1322], [858, 1322]], '3.', 0.4750495373559387), ([[37, 1305], [189, 1305], [189, 1343], [37, 1343]], '드린건가. ?', 0.3621317939237267)]
[([[820, 22], [936, 22], [936, 76], [820, 76]], '설학어6', 0.015899421647191048), ([[818, 72], [934, 72], [934, 128], [818, 128]], '이것은', 0.11494691098160897), ([[799, 117], [921, 117], [921, 177], [799, 177]], '요행 6.(', 0.12735721183091442), ([[58, 282], [241, 282], [241, 342], [58, 342]], '서방님과의', 0.5996032104120661), ([[68, 336], [232, 336], [232, 392], [68, 392]], '한 여름의', 0.9985735851731784), ([[57, 381], [178, 381], [178, 442], [57, 442]], '추억.. <', 0.09750744564064405), ([[55, 855], [139, 855], [139, 893], [55, 893]], '가짜능', 0.37902215507571746), ([[67, 895], [125, 895], [125, 933], [67, 933]], '처분', 0.9991911292390009), ([[211, 897], [297, 897], [297, 937], [211, 937]], '안되조', 0.989504359704317), ([[41, 933], [125, 933], [125, 971], [41, 971]], '이에요', 0.9934714584316577), ([[225, 939], [285, 939], [285, 977], [225, 977]], '저란', 0.9188047039842485), ([[199, 979], [287, 979], [287, 1017], [199, 1017]], '사람이.', 0.9099721312522888), ([[378, 1118], [432, 1118], [432, 1148], [378, 1148]], '*4', 0.020889001179599756), ([[468, 1120], [628, 1120], [628, 1148], [468, 1148]], "'7'>느솜서증", 0.0036282890404728146), ([[68, 1098], [284, 1098], [284, 1220], [68, 1220]], '못사', 0.5552277379916608), ([[378, 1176], [432, 1176], [432, 1204], [378, 1204]], '#:', 0.42640295690128155), ([[465, 1145], [753, 1145], [753, 1207], [465, 1207]], ':|국55 `|차대 오@도가`상타/', 4.243686400964792e-08), ([[378, 1204], [456, 1204], [456, 1234], [378, 1234]], '숙요민', 0.00212144746414518), ([[468, 1204], [620, 1204], [620, 1234], [468, 1234]], '2023숲8,13벼', 0.014265234068240425), ([[377, 1231], [452, 1231], [452, 1260], [377, 1260]], '부;수', 0.0034845956920115232), ([[468, 1234], [708, 1234], [708, 1260], [468, 1260]], '"이-:7서컨어미3|9`];|. 6어물', 4.234767966408428e-06), ([[378, 1260], [530, 1260], [530, 1290], [378, 1290]], '터제다 ; 록#', 0.0023809067058468154), ([[544, 1262], [576, 1262], [576, 1290], [544, 1290]], '#', 0.9970355578619916), ([[424, 1322], [594, 1322], [594, 1352], [424, 1352]], '수름0#반#-#', 0.03176019176147927), ([[606, 1322], [662, 1322], [662, 1352], [606, 1352]], '#복빛', 0.0726657570778212), ([[673, 1323], [937, 1323], [937, 1351], [673, 1351]], ', 시79기미-', 0.03649037108132832), ([[424, 1344], [600, 1344], [600, 1374], [424, 1374]], '18류* #0쨌률', 0.004140761029678279), ([[612, 1344], [848, 1344], [848, 1372], [612, 1372]], '#기다9 스틈 < #단', 0.006029907062922125)]
[([[27, 1321], [149, 1321], [149, 1357], [27, 1357]], '어어', 0.009303896585190598), ([[29, 1351], [345, 1351], [345, 1392], [29, 1392]], '꾸대교 @ [새,갚욕', 4.390686371890143e-05), ([[27, 1385], [307, 1385], [307, 1421], [27, 1421]], '9093 9.데', 0.030666009880644454)]
[]
[([[20, 7], [420, 7], [420, 263], [20, 263]], '[7', 0.33462040546843763), ([[607, 0], [951, 0], [951, 277], [607, 277]], '$$', 0.3421969587066233), ([[0, 230], [460, 230], [460, 531], [0, 531]], '9나', 0.1874388916971281), ([[293, 483], [731, 483], [731, 737], [293, 737]], '째처', 0.007707467823988373), ([[757, 605], [995, 605], [995, 717], [757, 717]], '1~*', 0.021356666012440177), ([[432, 1000], [482, 1000], [482, 1048], [432, 1048]], '쇼춤', 0.03699487905115867), ([[854, 932], [906, 932], [906, 1040], [854, 1040]], '꼭', 0.1075332201963306), ([[902, 934], [928, 934], [928, 1096], [902, 1096]], '{', 0.1194189736946818), ([[434, 1022], [458, 1022], [458, 1084], [434, 1084]], '술', 0.2838680477640452), ([[459, 1041], [479, 1041], [479, 1063], [459, 1063]], '+', 0.2077696392715831), ([[412.17021563826955, 6.014973180067255], [676.9998883947526, 166.92834925733723], [574.8297843617304, 328.9850268199327], [310.0001116052474, 168.07165074266277]], '|%', 0.32544191104449915), ([[676.8031135209013, 242.02756340355893], [1017.9451485277825, 294.86936023824586], [973.1968864790987, 510.97243659644107], [632.0548514722175, 458.13063976175414]], '_*', 0.007842007785726858), ([[26.898876023113647, 454.0224625662844], [338.0634989960292, 528.9590330109075], [276.10112397688636, 752.9775374337156], [-34.06349899602918, 678.0409669890925]], '[)5', 0.142404653625319), ([[458.8785248026842, 762.854229763221], [682.1192844850337, 720.3509195101838], [692.1214751973158, 787.145770236779], [468.88071551496625, 829.6490804898162]], '1나"', 0.6891206006506048), ([[206.0496280979001, 1241.00496280979], [482.6846573819282, 1168.042508077816], [502.9503719020999, 1241.99503719021], [225.31534261807178, 1314.957491922184]], '사교 :터 +잎', 0.03740762448679137), ([[344.7688562565281, 1272.6763987591394], [479.2084312927245, 1227.4842206234773], [501.2311437434719, 1301.3236012408606], [365.7915687072755, 1346.5157793765227]], '그그', 0.7913245691074132)]
[([[840, 116], [870, 116], [870, 152], [840, 152]], '음', 0.9968996274215556), ([[805, 609], [881, 609], [881, 645], [805, 645]], '에. ?', 0.4641992747783661), ([[799, 649], [861, 649], [861, 685], [799, 685]], '이건.', 0.6626636339684047), ([[147, 677], [231, 677], [231, 715], [147, 715]], '어째서', 0.996861391258022), ([[133, 717], [193, 717], [193, 755], [133, 755]], '이런', 0.9997822763233406), ([[209, 717], [247, 717], [247, 753], [209, 753]], '??', 0.9987740840896716)]
[([[825, 139], [901, 139], [901, 175], [825, 175]], '그 날', 0.8363535884516169), ([[799, 175], [921, 175], [921, 215], [799, 215]], '이번 여름', 0.8594829245817025), ([[817, 215], [903, 215], [903, 255], [817, 255]], '신작올', 0.821392692581302), ([[829, 255], [889, 255], [889, 295], [829, 295]], '완성', 0.9998523206369037), ([[805, 297], [911, 297], [911, 335], [805, 335]], '햇는데...', 0.4112031521379962), ([[801, 689], [887, 689], [887, 727], [801, 727]], '정신올', 0.5731059747068133), ([[789, 728], [897, 728], [897, 764], [789, 764]], '차려보니', 0.9883440136909485), ([[797, 767], [891, 767], [891, 807], [797, 807]], '그 분이', 0.8040878451714637), ([[775, 805], [891, 805], [891, 847], [775, 847]], '늘어나고.', 0.34527628181388137), ([[755, 1105], [903, 1105], [903, 1145], [755, 1145]], '신약 때문에', 0.9952080496181603), ([[773, 1144], [885, 1144], [885, 1184], [773, 1184]], '정신물올', 0.33195745944976807), ([[797, 1185], [862, 1185], [862, 1226], [797, 1226]], '놓아', 0.9990782885928141), ([[125, 1219], [233, 1219], [233, 1257], [125, 1257]], '이러저러', 0.9995133280754089), ([[759, 1225], [883, 1225], [883, 1265], [759, 1265]], '버럿더니.', 0.1283998659154058), ([[123, 1259], [183, 1259], [183, 1295], [123, 1295]], '해서', 0.9998768491297984), ([[0, 1403], [15, 1403], [15, 1425], [0, 1425]], '6', 0.9999965429335909), ([[244.57235757553192, 1007.0229254524469], [275.35890681958483, 998.0161343026082], [305.4276424244681, 1107.9770745475532], [274.64109318041517, 1116.9838656973918]], '@', 0.3883291342177131)]
[([[763, 307], [899, 307], [899, 347], [763, 347]], '안되켓네요', 0.807539318973851), ([[783, 349], [881, 349], [881, 387], [783, 387]], '이 중에', 0.9913836911098833), ([[255, 663], [315, 663], [315, 699], [255, 699]], '진짜', 0.9997673573230881), ([[237, 703], [333, 703], [333, 741], [237, 741]], '그 분은', 0.9122244495379215), ([[219, 741], [329, 741], [329, 781], [219, 781]], '단 한 명.', 0.9601884277140302), ([[65, 1169], [175, 1169], [175, 1211], [65, 1211]], '어떻제든', 0.607503354549408), ([[79, 1213], [163, 1213], [163, 1251], [79, 1251]], '진짜루', 0.3760888103856618), ([[65, 1251], [163, 1251], [163, 1291], [65, 1291]], '찾아야 .', 0.887039986492835)]
[([[729, 22], [866, 22], [866, 64], [729, 64]], '7- <0', 0.5590383646881457), ([[510, 70], [536, 70], [536, 180], [510, 180]], '}', 0.7827063244312207), ([[0, 1395], [17, 1395], [17, 1417], [0, 1417]], '8', 1.0), ([[510.44377642240653, 332.0520150387546], [534.6253019836, 328.0658906923385], [544.5562235775935, 390.9479849612454], [520.3746980164, 394.9341093076615]], '급', 0.9735018442586387)]
[([[85, 377], [213, 377], [213, 421], [85, 421]], '그렇지만', 0.9998934268951416), ([[57, 421], [239, 421], [239, 465], [57, 465]], '설마 이 손이', 0.9976838125798437), ([[99, 465], [185, 465], [185, 509], [99, 509]], '진짜..', 0.7411977648735046), ([[92, 1364], [122, 1364], [122, 1408], [92, 1408]], '씨', 0.06824266573575244)]
[([[104, 584], [136, 584], [136, 618], [104, 618]], '우', 0.9999974966064862), ([[89, 619], [173, 619], [173, 659], [89, 659]], '움직일', 0.9989948022330996), ([[103, 661], [163, 661], [163, 699], [103, 699]], '수가', 0.9879068392800036), ([[747, 1189], [827, 1189], [827, 1231], [747, 1231]], '아아:', 0.36025735473568715), ([[694, 1234], [908, 1234], [908, 1282], [694, 1282]], '서방님 거기논', 0.5284995248349381), ([[702, 1280], [900, 1280], [900, 1330], [702, 1330]], '안팎답니다:?', 0.1568222783484008)]
