2794855
122
[([[51, 133], [1284, 133], [1284, 545], [51, 545]], '기대7', 0.2616119250232453), ([[225, 561], [621, 561], [621, 651], [225, 651]], '~6느', 0.0097081275437024), ([[646, 558], [1118, 558], [1118, 654], [646, 654]], '9느창손0선', 0.0002447322068308571), ([[2048, 168], [2285, 168], [2285, 856], [2048, 856]], '쪽', 0.030302087463415006), ([[1808, 766], [2288, 766], [2288, 1260], [1808, 1260]], '[9교', 0.030026649085759822), ([[1333, 1315], [1500, 1315], [1500, 1413], [1333, 1413]], '#소', 0.09817164073287916), ([[1561, 1319], [1777, 1319], [1777, 1407], [1561, 1407]], '1스컷', 0.05878850035401184), ([[2002, 1352], [2256, 1352], [2256, 1424], [2002, 1424]], '지어이사', 0.004784236196428537), ([[1334, 1440], [1499, 1440], [1499, 1543], [1334, 1543]], '출쇼', 0.11053346202823078), ([[1563, 1449], [1775, 1449], [1775, 1533], [1563, 1533]], '@@켓', 0.08717533716547707), ([[2010, 1424], [2248, 1424], [2248, 1561], [2010, 1561]], '허18', 0.053498530197035744), ([[1338, 1570], [1854, 1570], [1854, 1668], [1338, 1668]], '굵포골-   -', 0.0005668215077439775), ([[1998, 1556], [2256, 1556], [2256, 1628], [1998, 1628]], '5 시곁 [}', 0.056972480079269944), ([[2024, 1638], [2230, 1638], [2230, 1688], [2024, 1688]], '18 그초 축0', 0.041841369755036224), ([[1990, 1676], [2264, 1676], [2264, 1728], [1990, 1728]], '#스 : 벼률출-', 0.008759419764268866)]
[([[786, 300], [940, 300], [940, 350], [786, 350]], '정액으로', 0.9991310238838196), ([[806, 368], [924, 368], [924, 418], [806, 418]], '교복이', 0.999305307583829), ([[760, 436], [916, 436], [916, 488], [760, 488]], '끈적곤적', 0.4841361939907074), ([[490, 542], [660, 542], [660, 592], [490, 592]], '화화 아직', 0.8041475132900588), ([[508, 610], [642, 610], [642, 662], [508, 662]], '자지 안', 0.9999532985461432), ([[472, 678], [658, 678], [658, 728], [472, 728]], '시들없어', 0.9875198006629944), ([[132, 726], [254, 726], [254, 776], [132, 776]], '이네요', 0.997989464727271), ([[155, 793], [310, 793], [310, 846], [155, 846]], '사정해도', 0.9999505281448364), ([[174, 864], [294, 864], [294, 912], [174, 912]], '자지가', 0.9997601469328838), ([[174, 930], [292, 930], [292, 980], [174, 980]], '그대로', 0.999982931291694), ([[116, 998], [345, 998], [345, 1050], [116, 1050]], '커다랑네요. .', 0.449029211260809), ([[682, 1212], [1032, 1212], [1032, 1458], [682, 1458]], '시서기', 0.07168719850523168), ([[1631.1821112670282, 1042.04794576974], [1732.9391304553283, 1083.0788764882307], [1707.8178887329718, 1140.95205423026], [1606.0608695446717, 1099.9211235117693]], '우와', 0.9914415535896739), ([[1596.2070176794539, 1113.0526325959042], [1692.939696961967, 1148.151471862576], [1672.7929823205461, 1199.9473674040958], [1576.060303038033, 1164.848528137424]], '아9', 0.5570905219614148)]
[]
[([[305, 1730], [656, 1730], [656, 1859], [305, 1859]], '개- 0', 0.9093294615229575), ([[310, 1843], [664, 1843], [664, 1969], [310, 1969]], '4-스', 0.24583998322486877)]
[([[305, 1730], [656, 1730], [656, 1859], [305, 1859]], '개- 0', 0.9093294615229575), ([[310, 1843], [664, 1843], [664, 1969], [310, 1969]], '4-스', 0.24583998322486877)]
[([[18, 2210], [406, 2210], [406, 2400], [18, 2400]], '개-', 0.9765012932858067)]
[([[670, 498], [818, 498], [818, 672], [670, 672]], '사', 0.6611243083918374)]
[([[19, 2213], [407, 2213], [407, 2400], [19, 2400]], '개-', 0.9763669369683984)]
[([[19, 2213], [407, 2213], [407, 2400], [19, 2400]], '개-', 0.9763669369683984)]
[([[19, 2213], [407, 2213], [407, 2400], [19, 2400]], '개-', 0.9763669369683984)]
[]
[]
[([[859, 107], [1763, 107], [1763, 171], [859, 171]], '~정액이 들어간 옷 위로 가슴올 주무르다~', 0.5187058687964234), ([[220, 496], [300, 496], [300, 544], [220, 544]], '딱히', 0.9997575799345639), ([[200, 563], [316, 563], [316, 611], [200, 611]], '만져도', 0.3457146266565186), ([[1248, 538], [1302, 538], [1302, 592], [1248, 592]], '햇', 0.29604297924032963), ([[174, 632], [346, 632], [346, 682], [174, 682]], '괜찮지.. ?', 0.3984606448170884), ([[202, 700], [314, 700], [314, 748], [202, 748]], '아니면', 0.9973449110984802), ([[190, 768], [324, 768], [324, 816], [190, 816]], '안 되는', 0.35767058892849996), ([[188, 836], [326, 836], [326, 884], [188, 884]], '거야. ?', 0.4034767370727544), ([[1313, 1197], [1357, 1197], [1357, 1257], [1313, 1257]], '2', 0.4129897633015709), ([[1274, 1282], [1394, 1282], [1394, 1572], [1274, 1572]], '@', 0.025011187585264105), ([[1588, 1578], [1676, 1578], [1676, 1626], [1588, 1626]], '저기,', 0.9971789628411949), ([[1564, 1646], [1698, 1646], [1698, 1694], [1564, 1694]], '아저씨!', 0.7855298519134521), ([[1552, 1714], [1708, 1714], [1708, 1764], [1552, 1764]], '여자애틀', 0.27332668993396164), ([[162, 1740], [255, 1740], [255, 1791], [162, 1791]], '화화,', 0.4473183288904513), ([[454, 1744], [606, 1744], [606, 1796], [454, 1796]], '아, 깜짝', 0.9275307891289953), ([[1574, 1782], [1688, 1782], [1688, 1832], [1574, 1832]], '만지면', 0.9997930445444839), ([[154, 1810], [268, 1810], [268, 1858], [154, 1858]], '만져도', 0.31968075360099624), ([[414, 1810], [592, 1810], [592, 1862], [414, 1862]], '놀랍올 뿐', 0.3811252230963823), ([[1592, 1850], [1672, 1850], [1672, 1898], [1592, 1898]], '역시', 0.9999022207116589), ([[135, 1879], [259, 1879], [259, 1923], [135, 1923]], '0*래.', 0.18709798157215118), ([[458, 1880], [601, 1880], [601, 1929], [458, 1929]], '괜찮.. ', 0.33400808954538813), ([[1555, 1914], [1710, 1914], [1710, 1971], [1555, 1971]], '위험하지', 0.9998248219490051), ([[453, 1949], [539, 1949], [539, 1991], [453, 1991]], '아요', 0.9999707502124274), ([[1540, 1984], [1694, 1984], [1694, 2036], [1540, 2036]], '암울까.', 0.3325742185115814), ([[705.1673891057563, 1470.017338538153], [840.1157210918705, 1425.1122217364177], [935.8326108942437, 1749.982661461847], [800.8842789081295, 1793.8877782635823]], '%', 0.16806060547394086), ([[1173.6024331283443, 1640.0056461177173], [1279.273469522583, 1651.0311712481664], [1239.3975668716557, 2019.9943538822827], [1133.726530477417, 2008.9688287518336]], '}', 0.0033113111299485354)]
[([[1463, 729], [1597, 729], [1597, 867], [1463, 867]], '1', 0.20085966695208768), ([[624.9639391574054, 2211.0538159110924], [777.4681045834917, 2239.782082102343], [758.0360608425946, 2326.9461840889076], [605.5318954165083, 2298.217917897657]], '대', 0.03848043650933519)]
[]
[]
[]
[]
[]
[([[1397, 1391], [1459, 1391], [1459, 1453], [1397, 1453]], "'", 0.5921511913968516)]
[([[274.99118479327933, 110.02545890693132], [417.18589532606086, 67.44294806676473], [490.00881520672067, 347.9745410930687], [347.81410467393914, 391.5570519332353]], '{', 0.21573121729032696)]
[([[274.97570496053686, 113.02624673046823], [413.8823181364162, 69.3804279891825], [489.02429503946314, 347.97375326953176], [350.1176818635838, 391.61957201081754]], '{', 0.533780800982786)]
[([[273.96511877846723, 114.02679242441718], [411.614402629605, 69.32930876580326], [490.03488122153277, 346.9732075755828], [352.385597370395, 391.67069123419674]], '{', 0.6061089634540764)]
[([[1509, 349], [1591, 349], [1591, 393], [1509, 393]], '가슴', 0.9990333724810286), ([[1442, 414], [1632, 414], [1632, 464], [1442, 464]], '부드컵네. ', 0.5062261124556037), ([[1460, 484], [1648, 484], [1648, 532], [1460, 532]], '브라는....', 0.3719898990886036), ([[188, 530], [302, 530], [302, 578], [188, 578]], '정액이', 0.989848902676187), ([[1470, 546], [1639, 546], [1639, 603], [1470, 603]], '입지 양은', 0.41464317133943684), ([[188, 598], [302, 598], [302, 646], [188, 646]], '스며든', 0.4488174292064496), ([[1499, 617], [1604, 617], [1604, 667], [1499, 667]], '거야?', 0.9991283069387876), ([[160, 665], [330, 665], [330, 714], [160, 714]], '옷 위에서', 0.9954920265767575), ([[150, 732], [340, 732], [340, 786], [150, 786]], '주물러지논', 0.561969170669143), ([[1252, 736], [1304, 736], [1304, 794], [1252, 794]], '응', 0.997502457833491), ([[144, 799], [346, 799], [346, 851], [144, 851]], '건 어때..?', 0.5427382568349789), ([[1310, 1196], [1360, 1196], [1360, 1270], [1310, 1270]], '2', 0.4072879612203941), ([[1274, 1282], [1394, 1282], [1394, 1572], [1274, 1572]], '@', 0.021599078271848704), ([[1536, 1578], [1656, 1578], [1656, 1630], [1536, 1630]], '오늘은', 0.6336959497957733), ([[1526, 1646], [1664, 1646], [1664, 1698], [1526, 1698]], '보라 안', 0.3746001270512565), ([[189, 1683], [269, 1683], [269, 1727], [189, 1727]], '원가', 0.9361273287661561), ([[1505, 1712], [1632, 1712], [1632, 1768], [1505, 1768]], '찢어요.', 0.1353265792131424), ([[84, 1748], [314, 1748], [314, 1798], [84, 1798]], '미곤미곤하고', 0.9890533111284455), ([[152, 1818], [306, 1818], [306, 1870], [152, 1870]], '젖꼭지가', 0.9433729648590088), ([[84, 1884], [359, 1884], [359, 1938], [84, 1938]], '옷에 스처서.. .', 0.323153088238824), ([[80, 1952], [372, 1952], [372, 2004], [80, 2004]], '기분이 좋아요 ', 0.6938791802343629), ([[707.1742584090877, 1468.0170534999206], [844.5402348155285, 1425.1619757263488], [934.8257415909123, 1749.9829465000794], [797.4597651844715, 1792.8380242736512]], '%', 0.036299393413497194), ([[1174.6024331283443, 1639.0056461177173], [1282.4817722973617, 1651.1178351012], [1239.3975668716557, 2018.9943538822827], [1131.5182277026383, 2005.8821648988]], '}', 0.003760441124676328)]
[([[275.9704390450211, 113.02651747341032], [412.62679890297613, 69.3315905646295], [490.0295609549789, 346.9734825265897], [353.37320109702387, 390.6684094353705]], '{', 0.7247062118839409)]
[]
[]
[([[1007, 159], [1705, 159], [1705, 225], [1007, 225]], '~양말에 정액올 넣은 채 신는다~', 0.40934457287744896), ([[1122, 734], [1324, 734], [1324, 786], [1122, 786]], '양말이요 .?', 0.4567578345711087), ([[1164, 804], [1286, 804], [1286, 856], [1164, 856]], '조금만', 0.9998863699390178), ([[1104, 872], [1334, 872], [1334, 922], [1104, 922]], '기다려주세요', 0.9980660887227009), ([[53, 2227], [255, 2227], [255, 2400], [53, 2400]], '치', 0.006421262824662932)]
[([[1411, 451], [1481, 451], [1481, 493], [1411, 493]], '네..', 0.6958694793328899), ([[1418, 514], [1502, 514], [1502, 562], [1418, 562]], '내도', 0.9999160445100361), ([[1372, 582], [1496, 582], [1496, 632], [1372, 632]], '좋아요', 0.9886040739452486), ([[1399, 1611], [1540, 1611], [1540, 1674], [1399, 1674]], '갖 벗은', 0.6089043262101345), ([[192, 1670], [276, 1670], [276, 1724], [192, 1724]], '팬텔', 0.2287793181359828), ([[1372, 1682], [1568, 1682], [1568, 1738], [1372, 1738]], '양말이라는', 0.8569903020810378), ([[170, 1738], [292, 1738], [292, 1792], [170, 1792]], '보여@', 0.39533581499670123), ([[1368, 1746], [1569, 1746], [1569, 1807], [1368, 1807]], '것만으로도', 0.6310445986949635), ([[1368, 1818], [1574, 1818], [1574, 1874], [1368, 1874]], '흥분되네..', 0.26869466236082196), ([[0, 2291], [99, 2291], [99, 2400], [0, 2400]], '9', 0.17314104146611076)]
[([[963, 284], [1071, 284], [1071, 353], [963, 353]], '굉장', 0.9992854328362377), ([[958, 362], [1054, 362], [1054, 416], [958, 416]], '해9', 0.6503415155314621), ([[1471, 421], [1619, 421], [1619, 475], [1471, 475]], '운와6663', 0.12085700916215526), ([[1456, 489], [1628, 489], [1628, 545], [1456, 545]], '양말 엄청', 0.8505752725880634), ([[1437, 554], [1652, 554], [1652, 611], [1437, 611]], '무거워요.6', 0.46249625887780516), ([[1134, 678], [1270, 678], [1270, 726], [1134, 726]], '다들 꽤', 0.9029740898881883), ([[1102, 744], [1282, 744], [1282, 796], [1102, 796]], '내석네요 .', 0.4242654682119565), ([[785, 1331], [877, 1331], [877, 1537], [785, 1537]], '8', 0.01583964201331356), ([[848, 1438], [896, 1438], [896, 1526], [848, 1526]], '8', 0.12185172543353051), ([[1174, 1320], [1298, 1320], [1298, 1586], [1174, 1586]], '냐', 0.0021459699025916518), ([[1424, 1464], [1504, 1464], [1504, 1512], [1424, 1512]], '그럼', 0.999859653879197), ([[1383, 1531], [1541, 1531], [1541, 1581], [1383, 1581]], '다음으로', 0.9999131560325623), ([[1424, 1602], [1504, 1602], [1504, 1650], [1424, 1650]], '이거', 0.9999624052181145), ([[1358, 1666], [1572, 1666], [1572, 1722], [1358, 1722]], '신어줄래.. ?', 0.26815379904306247), ([[0, 2291], [99, 2291], [99, 2400], [0, 2400]], ')', 0.11296898772216313), ([[837.4589874473143, 1500.0209380703538], [893.3642012902504, 1525.5027403324164], [839.5410125526857, 1642.9790619296462], [783.6357987097496, 1617.4972596675836]], '9', 0.18009461920144165), ([[1085.5392966642744, 1659.0081659325385], [1177.5717188159597, 1644.0953613005418], [1227.4607033357256, 1966.9918340674615], [1136.4282811840403, 1981.9046386994582]], '{', 0.40313809138388024), ([[920.4914763457601, 1712.0161786284336], [979.4182752816059, 1695.0109421213263], [1030.50852365424, 1884.9838213715664], [972.5817247183941, 1901.9890578786737]], '9', 0.06583332450063395)]
[([[1448, 346], [1530, 346], [1530, 396], [1448, 396]], '어떤', 0.9998093329816814), ([[1419, 414], [1561, 414], [1561, 464], [1419, 464]], '느낌 ?', 0.7638210654258728), ([[932, 648], [1106, 648], [1106, 702], [932, 702]], '방금 나온', 0.9860079147549982), ([[918, 716], [1120, 716], [1120, 772], [918, 772]], '정액이 너무', 0.9655912102327144), ([[904, 784], [1124, 784], [1124, 836], [904, 836]], '따뜻해요.6.6', 0.12577249325649065), ([[1264, 1264], [1354, 1264], [1354, 1312], [1264, 1312]], '으음', 0.9884009272449529), ([[1238, 1332], [1412, 1332], [1412, 1384], [1238, 1384]], '양말 안이', 0.9951009137923458), ([[127, 1393], [351, 1393], [351, 1449], [127, 1449]], '정액투성이의', 0.8524165164331443), ([[1286, 1400], [1362, 1400], [1362, 1450], [1286, 1450]], '엄청', 0.9870450885836721), ([[134, 1462], [344, 1462], [344, 1514], [134, 1514]], '다리틀 보고', 0.2939576900235705), ([[1250, 1468], [1402, 1468], [1402, 1520], [1250, 1520]], '끈적곤적', 0.5255956649780273), ([[166, 1530], [316, 1530], [316, 1584], [166, 1584]], '있있더니', 0.2739904820919037), ([[1249, 1536], [1402, 1536], [1402, 1585], [1249, 1585]], '해요..', 0.511145293712616), ([[136, 1600], [342, 1600], [342, 1650], [136, 1650]], '다시 발기해', 0.749828211917905), ([[146, 1666], [306, 1666], [306, 1718], [146, 1718]], '버(다..', 0.057838828188348686), ([[162, 1734], [316, 1734], [316, 1788], [162, 1788]], '이번에는', 0.859866201877594), ([[116, 1802], [362, 1802], [362, 1854], [116, 1854]], '치마에 뿌려도', 0.9241031125461089), ([[146, 1872], [336, 1872], [336, 1920], [146, 1920]], '괜찮아 . ?', 0.22134062451378136), ([[0, 2291], [99, 2291], [99, 2400], [0, 2400]], '9', 0.1562006006875274), ([[968.6001106806883, 1400.0047039292544], [1093.3000614434404, 1413.2104710073772], [1045.3998893193116, 1858.9952960707456], [920.6999385565595, 1845.7895289926228]], '"', 0.2033984507631068), ([[464.471638521055, 1570.01396804794], [536.0844751017542, 1555.05897823392], [581.5283614789449, 1778.98603195206], [509.91552489824585, 1794.94102176608]], '속', 0.5702379598165521), ([[539.455544456383, 1894.0164835303192], [606.9988668407328, 1878.05560147162], [650.544455543617, 2076.9835164696806], [583.0011331592672, 2092.9443985283797]], ';', 0.003484559825974509), ([[450.1830676055473, 1951.033424787677], [514.5368590708728, 1919.0144212817672], [594.8169323944527, 2092.9665752123233], [531.4631409291272, 2124.985578718233]], '3', 0.8820508184808205)]
[([[917, 75], [1773, 75], [1773, 140], [917, 140]], '~치만큼 걷어 올리고 자위하는 겉 본다~', 0.3694632429003441), ([[1388, 388], [1504, 388], [1504, 438], [1388, 438]], '이렇게', 0.7505027323978393), ([[1405, 459], [1485, 459], [1485, 503], [1405, 503]], '하면', 0.999967041323548), ([[1386, 522], [1507, 522], [1507, 577], [1386, 577]], '돌까요', 0.37160014497097965), ([[1450, 596], [1478, 596], [1478, 636], [1450, 636]], '?', 0.998870215218858), ([[154, 1452], [324, 1452], [324, 1505], [154, 1505]], '팬티 안에', 0.8274229221748607), ([[158, 1524], [322, 1524], [322, 1576], [158, 1576]], '정액 넣제', 0.601459637672444), ([[182, 1592], [300, 1592], [300, 1642], [182, 1642]], '해주면', 0.9260590672492981), ([[159, 1660], [301, 1660], [301, 1710], [159, 1710]], '중젯어.', 0.11004375666379929), ([[1061.1860994200488, 1370.0132521954947], [1221.526199193152, 1286.0055383252784], [1429.8139005799512, 1726.9867478045053], [1269.473800806848, 1810.9944616747216]], '흙', 0.07138261806307256)]
[([[1515, 382], [1675, 382], [1675, 438], [1515, 438]], '보지에서', 0.9471254348754883), ([[326, 422], [408, 422], [408, 470], [326, 470]], '조금', 0.9999944366205292), ([[1552, 450], [1638, 450], [1638, 506], [1552, 506]], '실을', 0.15873974009861813), ([[325, 491], [407, 491], [407, 535], [325, 535]], '부끄', 0.998945817257935), ([[1552, 518], [1642, 518], [1642, 574], [1552, 574]], '뿐고', 0.4519936832144976), ([[286, 556], [406, 556], [406, 606], [286, 606]], '럽네요', 0.8554034035836422), ([[1512, 586], [1678, 586], [1678, 640], [1512, 640]], '있어666666', 0.12175267080768788), ([[1480, 1306], [1566, 1306], [1566, 1362], [1480, 1362]], '훨세', 0.29321207972938096), ([[1440, 1374], [1606, 1374], [1606, 1430], [1440, 1430]], '흥분하고', 0.9789400696754456), ([[1478, 1444], [1566, 1444], [1566, 1498], [1478, 1498]], '왜금', 0.011346091621468372), ([[1444, 1512], [1598, 1512], [1598, 1566], [1444, 1566]], '렌가6663', 0.10015862667270703), ([[925, 1917], [1011, 1917], [1011, 2081], [925, 2081]], '국', 0.9744912736174207)]
[([[335, 506], [452, 506], [452, 558], [335, 558]], '괜티에', 0.7545665732471504), ([[1429, 547], [1554, 547], [1554, 600], [1429, 600]], '우와아', 0.683023523410903), ([[334, 576], [452, 576], [452, 626], [334, 626]], '진하게', 0.9995946975454334), ([[314, 644], [470, 644], [470, 694], [314, 694]], '나용네요', 0.24690519273281097), ([[232, 1366], [350, 1366], [350, 1416], [232, 1416]], '이대로', 0.9999233975944345), ([[252, 1436], [334, 1436], [334, 1484], [252, 1484]], '입는', 0.8151563954682681), ([[216, 1504], [328, 1504], [328, 1552], [216, 1552]], '군요..', 0.5354616782722075), ([[744.3203026673904, 1817.0177809471554], [839.8686228408818, 1865.8674662606713], [754.6796973326096, 2033.9822190528446], [658.1313771591182, 1985.1325337393287]], '%', 0.0025120748744723725), ([[896.9887921301151, 2185.034123525704], [1009.2972904136058, 2157.6287336987607], [1052.0112078698849, 2362.965876474296], [939.7027095863942, 2390.3712663012393]], '3', 0.8855637590613838)]
[([[200, 268], [448, 268], [448, 322], [200, 322]], '젯음 생각하면', 0.12118439526644798), ([[595, 267], [877, 267], [877, 328], [595, 328]], '잡에 물아용 워', 0.031652347623393855), ([[1096, 268], [1274, 268], [1274, 324], [1096, 324]], '통학 로콩', 0.06417663913620178), ([[1436, 274], [1658, 274], [1658, 326], [1436, 326]], '~[록로말?', 0.002359920394218343), ([[168, 336], [480, 336], [480, 392], [168, 392]], '그리명 안 탤볕다', 0.016310614543597078), ([[610, 338], [862, 338], [862, 394], [610, 394]], '예한율 만나교', 0.03456881116248891), ([[1056, 336], [1314, 336], [1314, 392], [1056, 392]], '전철어 센매', 0.010759660356729095), ([[198, 404], [448, 404], [448, 458], [198, 458]], '맨때분터 없향', 0.005270857099021243), ([[612, 406], [866, 406], [866, 462], [612, 462]], '달아오령 몸울', 0.15252121893173762), ([[1018, 404], [1350, 404], [1350, 460], [1018, 460]], '눈켓움 때응 벌써', 0.05797262595852477), ([[174, 472], [474, 472], [474, 526], [174, 526]], '동액 냄새에 따체', 0.12797200900482222), ([[555, 473], [915, 473], [915, 530], [555, 530]], '달래레교 이래쪽으텅', 0.028981267137142032), ([[1031, 470], [1338, 470], [1338, 530], [1031, 530]], '없마 슬에 남컷의', 0.02812237318152277), ([[173, 539], [471, 539], [471, 591], [173, 591]], '어력습 데생6 666666', 0.00012996583094073718), ([[625, 541], [853, 541], [853, 601], [625, 601]], '손율 씩없곡', 0.04386708084705761), ([[1060, 542], [1310, 542], [1310, 596], [1060, 596]], '맛지마} 물어가', 0.03216000222996842), ([[633, 607], [847, 607], [847, 667], [633, 667]], '문습 생각에', 0.5911521154916379), ([[1082, 610], [1286, 610], [1286, 664], [1082, 664]], ')없습데탕', 0.01641397469042278), ([[580, 675], [897, 675], [897, 736], [580, 736]], '물어엔체 틈미에', 0.0780470422856916), ([[1083, 675], [1282, 675], [1282, 732], [1083, 732]], '젯한이라늄', 0.047951712693131775), ([[632, 746], [844, 746], [844, 802], [632, 802]], '중음 정액움', 0.17409856380935593), ([[1044, 744], [1320, 744], [1320, 800], [1044, 800]], '젓울 알교 대튼', 0.0018906100845594172), ([[596, 814], [880, 814], [880, 870], [596, 870]], '만@-세 자위률', 0.03237774509637473), ([[1040, 812], [1330, 812], [1330, 868], [1040, 868]], '물아렉울 때에컨', 0.004198232172471004), ([[574, 882], [902, 882], [902, 938], [574, 938]], '세작해 트력습내탕', 0.011061934366708562), ([[1017, 877], [1351, 877], [1351, 939], [1017, 939]], '이미 남성의 모습음', 0.6302681387359144), ([[590, 950], [884, 950], [884, 1006], [590, 1006]], '정액에 발휘원령', 0.014137421729879305), ([[1048, 948], [1320, 948], [1320, 1002], [1048, 1002]], '없없습데생6635666', 0.009725610794492284), ([[568, 1020], [908, 1020], [908, 1074], [568, 1074]], '솟음 냄새름 맘@', 0.028664994072174856), ([[1054, 1018], [1316, 1018], [1316, 1074], [1054, 1074]], '때신에 남자가', 0.03724499023701001), ([[628, 1085], [845, 1085], [845, 1142], [628, 1142]], '하눈 자원쁨', 0.006817988799649747), ([[1040, 1084], [1326, 1084], [1326, 1140], [1040, 1140]], '강묘보 생각되늄', 0.015978013455804914), ([[567, 1153], [909, 1153], [909, 1213], [567, 1213]], '켓한율 만있움 때의', 0.019560239023479004), ([[1102, 1150], [1265, 1150], [1265, 1210], [1102, 1210]], '정액만에', 0.17190253734588623), ([[658, 1224], [820, 1224], [820, 1276], [658, 1276]], '손포함이', 0.09821036458015442), ([[1050, 1220], [1318, 1220], [1318, 1276], [1050, 1276]], '쉬매 안예 다음', 0.01302990101618717), ([[598, 1292], [878, 1292], [878, 1346], [598, 1346]], '@세 생각나]', 0.10698800851891502), ([[1028, 1286], [1342, 1286], [1342, 1346], [1028, 1346]], '남@외없습데계66', 0.009400553493566298), ([[636, 1360], [838, 1360], [838, 1416], [636, 1416]], '@래쪽어', 0.20217148959636688), ([[572, 1426], [906, 1426], [906, 1483], [572, 1483]], '평소 @상의 쾌샌움', 0.09446816548143973), ([[566, 1496], [912, 1496], [912, 1552], [566, 1552]], '노껴습내트 그리곡', 0.007782612888070619), ([[553, 1560], [925, 1560], [925, 1621], [553, 1621]], '젠눈 된객하페 절정에', 0.003834631891576051), ([[580, 1632], [898, 1632], [898, 1688], [580, 1688]], '탈해 표력습데타', 0.009520003998128877), ([[178, 2060], [490, 2060], [490, 2221], [178, 2221]], "'", 0.17532412315969115), ([[557.3094867947484, 2002.0183517412706], [653.4657258855938, 2045.288412505352], [576.6905132052516, 2215.9816482587294], [480.53427411440623, 2172.711587494648]], '', 0.0), ([[258.7338312761985, 2239.2159226362323], [621.2775210818612, 2210.8990832429595], [621.2661687238015, 2314.7840773637677], [257.72247891813873, 2343.1009167570405]], '', 0.0)]
[([[1370, 548], [1612, 548], [1612, 604], [1370, 604]], '터기에 정액에', 0.3382591068967891), ([[1371, 615], [1611, 615], [1611, 669], [1371, 669]], '공적공적6656663', 0.07668607972116945), ([[249, 688], [368, 688], [368, 740], [249, 740]], '팬티가', 0.7597607191258681), ([[1339, 683], [1641, 683], [1641, 739], [1339, 739]], '미공미공해서5666', 0.2920634293614677), ([[229, 754], [384, 754], [384, 809], [229, 809]], '정액으로', 0.9984899759292603), ([[1421, 751], [1559, 751], [1559, 805], [1421, 805]], '좀 기분', 0.7487137317657471), ([[216, 826], [402, 826], [402, 878], [216, 878]], '번저버럿네', 0.6533159304947365), ([[1384, 820], [1602, 820], [1602, 874], [1384, 874]], '콩음치로5663', 0.01906981920439159), ([[243, 896], [331, 896], [331, 944], [243, 944]], '요..', 0.5280320121274887), ([[982, 1810], [1130, 1810], [1130, 2076], [982, 2076]], '중', 0.14439494552267096)]
[([[226, 520], [304, 520], [304, 568], [226, 568]], '괜티', 0.4070021178396679), ([[204, 588], [328, 588], [328, 640], [204, 640]], '안족에', 0.5856059462139409), ([[172, 656], [358, 656], [358, 708], [172, 708]], '끈적거리는', 0.5061946619254856), ([[180, 724], [350, 724], [350, 776], [180, 776]], '게 붙어서', 0.9992400487282156), ([[224, 794], [304, 794], [304, 842], [224, 842]], '대단', 0.9999366117282888), ([[173, 862], [352, 862], [352, 911], [173, 911]], '해요... 9', 0.4865741729410612), ([[539, 1477], [679, 1477], [679, 1735], [539, 1735]], '{', 0.02146563566589066), ([[1182, 1860], [1304, 1860], [1304, 2110], [1182, 2110]], '7', 0.27422392000932305), ([[1198.0625747279903, 290.0630529871277], [1303.8518247045304, 321.5673457435982], [1284.9374252720097, 377.9369470128723], [1180.1481752954696, 347.4326542564018]], '우와', 0.9893915050147302), ([[1185.0593947347957, 357.0741868292132], [1285.6864445852202, 375.08575132774763], [1272.9406052652043, 431.9258131707868], [1173.3135554147798, 412.91424867225237]], '아9', 0.726558616412339)]
[([[1258, 172], [1692, 172], [1692, 244], [1258, 244]], '소필라치오톱 하다', 0.00865781572895989), ([[960, 266], [1036, 266], [1036, 314], [960, 314]], '엄청', 0.9655728784342439), ([[911, 331], [1088, 331], [1088, 382], [911, 382]], '크네요..', 0.5052521057010263), ([[300, 548], [326, 548], [326, 580], [300, 580]], '@', 0.47066950651512585), ([[222, 608], [416, 608], [416, 662], [222, 662]], '터리에서로', 0.08013252889131059), ([[213, 673], [427, 673], [427, 733], [213, 733]], '자짓 냄새간', 0.0949026199058118), ([[215, 740], [422, 740], [422, 802], [215, 802]], '느껴츠66666)', 0.05089204544246374), ([[524, 1070], [580, 1070], [580, 1128], [524, 1128]], "옷'", 0.984333453199086), ([[94, 1562], [220, 1562], [220, 1616], [94, 1616]], '남자에', 0.14248256531069567), ([[50, 1630], [262, 1630], [262, 1684], [50, 1684]], '자지늄 이런', 0.05280536471747397), ([[94, 1698], [220, 1698], [220, 1752], [94, 1752]], '냄새량', 0.352181693235896), ([[49, 1763], [265, 1763], [265, 1823], [49, 1823]], '아는문다666)', 0.0035576514716095884), ([[486.2900074199777, 1014.0640118719643], [584.8833167820826, 984.9847016832665], [598.7099925800222, 1041.9359881280357], [501.11668321791734, 1071.0152983167336]], '오오', 0.9999283511093476)]
[([[1016, 330], [1104, 330], [1104, 382], [1016, 382]], '조담', 0.20623013524320982), ([[991, 391], [1129, 391], [1129, 452], [991, 452]], '쓰데66형', 0.0023005825060028367), ([[691, 871], [753, 871], [753, 933], [691, 933]], '0', 0.9999846220607687), ([[1381, 1150], [1643, 1150], [1643, 1213], [1381, 1213]], '오오옷, 입술의', 0.8462074931490999), ([[1369, 1221], [1657, 1221], [1657, 1281], [1369, 1281]], '부드러운 감속이', 0.48488143825158075), ([[158, 1276], [328, 1276], [328, 1332], [158, 1332]], '문가 차체', 0.05464655143299486), ([[1372, 1292], [1652, 1292], [1652, 1346], [1372, 1346]], '자지에서 전해적', 0.8836235384300113), ([[180, 1341], [307, 1341], [307, 1401], [180, 1401]], '댐새률', 0.03318017395784683), ([[1425, 1357], [1598, 1357], [1598, 1418], [1425, 1418]], '온다 ', 0.7046555615390628), ([[159, 1410], [328, 1410], [328, 1466], [159, 1466]], '맡으면663', 0.04025354027101786), ([[1388, 1428], [1638, 1428], [1638, 1484], [1388, 1484]], '입속 따듯해..', 0.3483402322176809), ([[184, 1480], [306, 1480], [306, 1536], [184, 1536]], '머리라', 0.22858042666003803), ([[159, 1545], [327, 1545], [327, 1605], [159, 1605]], '유용활공', 0.008987091481685638), ([[151, 1614], [334, 1614], [334, 1671], [151, 1671]], '해치네-663)', 0.0011322126458024272), ([[774.8842518252328, 312.0781879591533], [875.4724146788087, 333.14290026986725], [859.1157481747672, 398.9218120408467], [758.5275853211913, 377.85709973013275]], '응', 0.9192398689744188)]
[([[937, 569], [1042, 569], [1042, 637], [937, 637]], '으응', 0.9995919586000422), ([[1408, 1264], [1638, 1264], [1638, 1318], [1408, 1318]], '머리카락으로', 0.997306634442835), ([[1439, 1331], [1605, 1331], [1605, 1385], [1439, 1385]], '자위해도', 0.9998236894607544), ([[1412, 1398], [1634, 1398], [1634, 1454], [1412, 1454]], '괜찮올까 .?', 0.2903772617751751), ([[342, 1410], [490, 1410], [490, 1660], [342, 1660]], '엷', 0.07324929275631664), ([[606, 1666], [830, 1666], [830, 1718], [606, 1718]], '머리카락에서', 0.9955936478880192), ([[576, 1732], [856, 1732], [856, 1789], [576, 1789]], '중은 냄새 나.', 0.5168561425537967), ([[602, 1802], [834, 1802], [834, 1856], [602, 1856]], '보송보송해서', 0.890790988712102), ([[632, 1870], [798, 1870], [798, 1920], [632, 1920]], '너무 기분', 0.9039253337635743), ([[642, 1940], [730, 1940], [730, 1990], [642, 1990]], '좋아 .', 0.7451412081718445)]
[([[1100, 368], [1184, 368], [1184, 416], [1100, 416]], '되체', 0.2973240176010053), ([[1046, 429], [1235, 429], [1235, 489], [1046, 489]], '진하다66666', 0.012078723791350778), ([[1056, 500], [1230, 500], [1230, 556], [1056, 556]], '현 웨어제', 0.02410167272877394), ([[860, 564], [958, 564], [958, 620], [860, 620]], '으응', 0.9973340384645974), ([[1062, 568], [1226, 568], [1226, 624], [1062, 624]], '달라분고', 0.18395043464209795), ([[1402, 594], [1548, 594], [1548, 646], [1402, 646]], '욕, 기분', 0.8322247509091341), ([[153, 464], [333, 464], [333, 836], [153, 836]], '내', 0.034119846943083454), ([[1082, 638], [1202, 638], [1202, 690], [1082, 690]], '있어', 0.9087173126512974), ([[1414, 662], [1536, 662], [1536, 716], [1414, 716]], '좋아서', 0.9950655369791602), ([[1386, 730], [1560, 730], [1560, 782], [1386, 782]], '입안에 싸', 0.9351084619812751), ([[1383, 794], [1564, 794], [1564, 850], [1383, 850]], '버(다.', 0.11428199708461761), ([[138, 1012], [354, 1012], [354, 1364], [138, 1364]], '빚', 0.0162814860248075), ([[1194, 1562], [1310, 1562], [1310, 1610], [1194, 1610]], '이대로', 0.9999124544578184), ([[1126, 1630], [1300, 1630], [1300, 1678], [1126, 1678]], '오중 싸도', 0.6338823225233834), ([[259, 1691], [341, 1691], [341, 1735], [259, 1735]], '여자', 0.5651224385486278), ([[1143, 1699], [1282, 1699], [1282, 1747], [1143, 1747]], '돼.. ?', 0.21100749750403736), ([[242, 1756], [358, 1756], [358, 1806], [242, 1806]], '머리에', 0.9974191456699507), ([[234, 1824], [368, 1824], [368, 1874], [234, 1874]], '싸는 거', 0.861276264719859), ([[240, 1892], [360, 1892], [360, 1944], [240, 1944]], '배덕감', 0.9624779214126314), ([[212, 1957], [331, 1957], [331, 2011], [212, 2011]], '저네~.', 0.6020925641059875), ([[816.2962108034036, 826.0123868166618], [950.5233809067491, 777.0068493621828], [1073.7037891965965, 1149.9876131833382], [940.4766190932509, 1198.9931506378173]], '8', 0.2837676412667953)]
[([[912, 444], [1024, 444], [1024, 517], [912, 517]], '응옷', 0.7324955478063401), ([[1318, 654], [1530, 654], [1530, 710], [1318, 710]], '무심코 너무', 0.986768681153395), ([[1316, 724], [1530, 724], [1530, 778], [1316, 778]], '기분 좋아서', 0.9935685174083057), ([[1380, 794], [1466, 794], [1466, 842], [1380, 842]], '오중', 0.13714944309145563), ([[1324, 860], [1526, 860], [1526, 916], [1324, 916]], '싸버로어.', 0.5718481425610643), ([[1333, 928], [1514, 928], [1514, 982], [1333, 982]], '미안해 . ', 0.16996027842615807), ([[776.4121165381152, 743.0101679515293], [892.466856822558, 706.0064116588865], [997.5878834618848, 1065.9898320484708], [881.533143177442, 1103.9935883411135]], '^', 0.25632946218303587), ([[564.3083723977826, 909.0119622959168], [699.1094003924504, 865.0307929358918], [810.6916276022174, 1237.9880377040831], [675.8905996075496, 1282.9692070641083]], '~', 0.8121761518100925), ([[907.3758459897215, 1269.0162430026535], [997.9315619081697, 1249.1564756683279], [1046.6241540102785, 1484.9837569973465], [956.0684380918303, 1505.8435243316721]], '중', 0.057956178656027646)]
[([[903, 893], [1009, 893], [1009, 953], [903, 953]], '푸하', 0.929579946725849), ([[910, 966], [966, 966], [966, 1022], [910, 1022]], '앗', 0.282247841759272), ([[1390, 1248], [1512, 1248], [1512, 1302], [1390, 1302]], '교복이', 0.989033929518186), ([[1364, 1316], [1530, 1316], [1530, 1370], [1364, 1370]], '엉망이 돼', 0.8465178716399667), ([[1361, 1383], [1537, 1383], [1537, 1435], [1361, 1435]], '버럿네. ', 0.15937921216752418), ([[184, 1634], [430, 1634], [430, 1690], [184, 1690]], '입습이 이상한', 0.3321439742083195), ([[204, 1704], [408, 1704], [408, 1760], [204, 1760]], '맛이치만666', 0.18678370182859072), ([[165, 1770], [443, 1770], [443, 1827], [165, 1827]], '테금이라면 실체', 0.02599490646213802), ([[215, 1837], [392, 1837], [392, 1897], [215, 1897]], '양@5666형3#처 ', 5.098946635290054e-05), ([[212, 1903], [398, 1903], [398, 1963], [212, 1963]], '오히력6366', 0.014555113381924143), ([[179, 1973], [433, 1973], [433, 2033], [179, 2033]], '발콤붐움히6', 0.004507531816458482), ([[555.2371966419125, 922.0145520181085], [685.5317268727086, 865.0070695861552], [825.7628033580875, 1223.9854479818914], [696.4682731272914, 1280.9929304138448]], '~', 0.38554831123321165)]
[([[1130, 154], [1749, 154], [1749, 218], [1130, 218]], '~자위하면서 부카켓 당한다~', 0.7906970964783394), ([[356, 600], [410, 600], [410, 656], [356, 656]], '응', 0.9998062942858645), ([[0, 942], [182, 942], [182, 1360], [0, 1360]], '9', 0.021914181743998284), ([[1505, 1051], [1787, 1051], [1787, 1311], [1505, 1311]], '[익', 0.025317262650328343), ([[1690, 1276], [1770, 1276], [1770, 1406], [1690, 1406]], '9', 0.41959452830170463), ([[1405, 1453], [1525, 1453], [1525, 1505], [1405, 1505]], '정액과', 0.9998407394564993), ([[346, 1506], [464, 1506], [464, 1556], [346, 1556]], '팬티가', 0.6458532074438477), ([[1386, 1522], [1542, 1522], [1542, 1570], [1386, 1570]], '오중으로', 0.6334231880091786), ([[346, 1574], [464, 1574], [464, 1628], [346, 1628]], '젖어서', 0.9977152740370214), ([[1353, 1590], [1573, 1590], [1573, 1644], [1353, 1644]], '질적질적해진', 0.9269082405076154), ([[362, 1642], [448, 1642], [448, 1692], [362, 1692]], '보지', 0.9996185923283326), ([[739, 1573], [823, 1573], [823, 1779], [739, 1779]], '독', 0.5124472750910094), ([[1378, 1658], [1550, 1658], [1550, 1712], [1378, 1712]], '옷올 입고', 0.5517295562678012), ([[343, 1707], [468, 1707], [468, 1764], [343, 1764]], '모양이', 0.7747275233268738), ([[937, 1687], [1001, 1687], [1001, 1793], [937, 1793]], '규', 0.07075809424900914), ([[1402, 1724], [1524, 1724], [1524, 1778], [1402, 1778]], '자위해', 0.9998812769301537), ([[326, 1778], [482, 1778], [482, 1832], [326, 1832]], '선명하게', 0.9382450580596924), ([[1388, 1794], [1540, 1794], [1540, 1844], [1388, 1844]], '준다니 .', 0.41224292125816603), ([[344, 1846], [464, 1846], [464, 1896], [344, 1896]], '보이고', 0.9999629719645542), ([[1376, 1860], [1550, 1860], [1550, 1914], [1376, 1914]], '너무 흥분', 0.7185554281879456), ([[328, 1914], [480, 1914], [480, 1964], [328, 1964]], '있어 ', 0.4720894362087967), ([[1370, 1930], [1560, 1930], [1560, 1980], [1370, 1980]], '되는데.   ', 0.3519301616377505), ([[999.3481403603935, 281.01011960467014], [1137.4717910032934, 220.00530035344133], [1311.6518596396065, 644.9898803953298], [1173.5282089967066, 706.9946996465587]], '"', 0.20257203981124405)]
[([[1004, 222], [1040, 222], [1040, 254], [1004, 254]], "'", 0.13031213606553038), ([[1453, 259], [1626, 259], [1626, 320], [1453, 320]], '옷 너머로', 0.15123428134664116), ([[1416, 330], [1660, 330], [1660, 386], [1416, 386]], '젖꼼지량 틀리', 0.12019483078289708), ([[1416, 396], [1661, 396], [1661, 456], [1416, 456]], '만지늄 네66666', 0.12238649217372576), ([[1440, 466], [1636, 466], [1636, 522], [1440, 522]], '미공미공한', 0.8997210822734588), ([[1434, 534], [1642, 534], [1642, 588], [1434, 588]], '선의 스_세', 0.06014544662598091), ([[1418, 604], [1654, 604], [1654, 656], [1418, 656]], '기분 동어65666', 0.01730260433257986), ([[1400, 1438], [1562, 1438], [1562, 1490], [1400, 1490]], '자위하고', 0.9995327591896057), ([[1440, 1506], [1522, 1506], [1522, 1558], [1440, 1558]], '있는', 0.3089146757603303), ([[171, 1580], [381, 1580], [381, 1640], [171, 1640]], '@렵터레움', 0.28053505025572406), ([[1384, 1576], [1580, 1576], [1580, 1628], [1384, 1628]], '여자애한터', 0.48100075896934297), ([[194, 1650], [356, 1650], [356, 1706], [194, 1706]], '정액으로', 0.45080772042274475), ([[740, 1576], [820, 1576], [820, 1778], [740, 1778]], '독', 0.45145165804345666), ([[1440, 1644], [1520, 1644], [1520, 1694], [1440, 1694]], '정액', 0.9998738146675162), ([[163, 1717], [391, 1717], [391, 1777], [163, 1777]], '되점질적해]', 0.034668519190378014), ([[937, 1683], [1001, 1683], [1001, 1793], [937, 1793]], '규', 0.05986179922490842), ([[1422, 1712], [1540, 1712], [1540, 1762], [1422, 1762]], '부카켓', 0.8083272364457316), ([[262, 1786], [388, 1786], [388, 1840], [262, 1840]], '젓페람', 0.00042449045970880403), ([[1384, 1780], [1578, 1780], [1578, 1830], [1384, 1830]], '하는 거 . ', 0.3006789695266482), ([[182, 1856], [370, 1856], [370, 1908], [182, 1908]], '렌되이66', 0.002230130193109881), ([[1383, 1844], [1578, 1844], [1578, 1901], [1383, 1901]], '배덕감으로', 0.9891727995291807), ([[154, 1922], [402, 1922], [402, 1978], [154, 1978]], '@니어 된단히', 0.04904574606690337), ([[1416, 1916], [1548, 1916], [1548, 1970], [1416, 1970]], '죽을 거', 0.39642228096598203), ([[160, 1990], [390, 1990], [390, 2044], [160, 2044]], '라내없어66336)', 0.004482683738828185), ([[1414, 1984], [1546, 1984], [1546, 2036], [1414, 2036]], '같아.', 0.3077830962628319), ([[527.4090265158775, 704.0218579643463], [587.7540247240771, 687.0356138519355], [631.5909734841225, 854.9781420356537], [570.2459752759229, 871.9643861480645]], '{', 0.0966445062223551), ([[960.430815328157, 765.0147358334294], [1038.2935927788978, 748.076327644863], [1087.569184671843, 979.9852641665706], [1008.7064072211022, 997.923672355137]], '~', 0.8183755050157551), ([[1254.2429671440989, 824.0143326042114], [1397.3728199041398, 786.2864491809761], [1475.7570328559011, 1127.9856673957886], [1332.6271800958602, 1164.713550819024]], '목', 0.012263642651527684), ([[136.10014351795962, 888.0144634085439], [394.8643257399379, 1052.2469378759943], [263.8998564820404, 1254.9855365914561], [5.135674260062125, 1090.7530621240057]], '>4', 0.0068909768700653115), ([[172.9266873708001, 1780.0967805394005], [271.76914368584494, 1798.3516732326157], [261.0733126291999, 1846.9032194605995], [162.23085631415506, 1829.6483267673843]], '서36기', 0.002376923803240061)]
[([[1461, 191], [1740, 191], [1740, 257], [1461, 257]], '~프리 정액~', 0.999197643534194), ([[342, 396], [500, 396], [500, 450], [342, 450]], '눈앞에서', 0.997719407081604), ([[338, 464], [496, 464], [496, 514], [338, 514]], '자위해도', 0.9678436494696642), ([[359, 531], [481, 531], [481, 585], [359, 585]], '좋다는', 0.8471678966037438), ([[331, 599], [509, 599], [509, 653], [331, 653]], '말이야..?', 0.5747561962042397), ([[1322, 602], [1404, 602], [1404, 650], [1322, 650]], '프리', 0.9995234367037382), ([[358, 668], [482, 668], [482, 722], [358, 722]], '나중에', 0.9894317829827258), ([[1261, 669], [1461, 669], [1461, 723], [1261, 723]], '정액입니다!', 0.9248703383549531), ([[324, 736], [518, 736], [518, 790], [324, 790]], '신고하거나', 0.9957443111410454), ([[1274, 740], [1448, 740], [1448, 790], [1274, 790]], '저클 향해', 0.34646628214549985), ([[332, 804], [506, 804], [506, 858], [332, 858]], '하지 않울', 0.49833914273356955), ([[1300, 806], [1422, 806], [1422, 858], [1300, 858]], '마음껏', 0.9999010295650125), ([[338, 872], [496, 872], [496, 922], [338, 922]], '거야 . ?', 0.2365767449893022), ([[1284, 874], [1440, 874], [1440, 924], [1284, 924]], '사정하고', 0.9999933838844299), ([[1292, 942], [1430, 942], [1430, 992], [1292, 992]], '가세요', 0.9995061244435314), ([[174, 1416], [326, 1416], [326, 1466], [174, 1466]], '안 해요', 0.7152644976287724), ([[188, 1486], [312, 1486], [312, 1536], [188, 1536]], '오빠의', 0.7250012159347534), ([[190, 1554], [310, 1554], [310, 1606], [190, 1606]], '정액이', 0.991034616142276), ([[204, 1622], [290, 1622], [290, 1670], [204, 1670]], '갖고', 0.9998594010085109), ([[192, 1690], [308, 1690], [308, 1742], [192, 1742]], '싶다 .', 0.7063077092170715), ([[1293, 1723], [1339, 1723], [1339, 1765], [1293, 1765]], '어', 0.9999901056534419), ([[152, 1758], [338, 1758], [338, 1808], [152, 1808]], '이려나 . 9', 0.7907724169054346), ([[1248, 1786], [1426, 1786], [1426, 1840], [1248, 1840]], '그게 무슨', 0.9994944672666928), ([[1244, 1854], [1434, 1854], [1434, 1908], [1244, 1908]], '말이야. ?', 0.5531155244765068), ([[180, 2048], [638, 2048], [638, 2222], [180, 2222]], '개- 0', 0.8997836112976074), ([[185, 2196], [645, 2196], [645, 2365], [185, 2365]], '#-스', 0.27792566937762647), ([[1110.0370214010773, 327.0665540877557], [1206.7102447734994, 353.00685798806944], [1189.9629785989227, 412.9334459122443], [1092.2897552265006, 386.99314201193056]], '안녕', 0.9993340604639553)]
[([[250, 378], [326, 378], [326, 426], [250, 426]], '엄청', 0.9596453721508328), ([[232, 444], [344, 444], [344, 494], [232, 494]], '열심히', 0.9996189228504466), ([[247, 513], [329, 513], [329, 557], [247, 557]], '자위', 0.9999549874625158), ([[210, 580], [370, 580], [370, 630], [210, 630]], '햇구나~!', 0.8817061396049167), ([[1402, 626], [1603, 626], [1603, 1044], [1402, 1044]], '3', 0.14215084565987102), ([[1474, 1364], [1588, 1364], [1588, 1416], [1474, 1416]], '어라?', 0.8872040846514025), ([[242, 1404], [320, 1404], [320, 1452], [242, 1452]], '정액', 0.9998441445117705), ([[1444, 1434], [1618, 1434], [1618, 1484], [1444, 1484]], '오중 싸는', 0.7931127844887687), ([[208, 1469], [360, 1469], [360, 1521], [208, 1521]], '뿌려저서', 0.9435291886329651), ([[1454, 1502], [1606, 1502], [1606, 1550], [1454, 1550]], '거야 ?', 0.9093890190124512), ([[222, 1538], [340, 1538], [340, 1588], [222, 1588]], '기분이', 0.9998587713785425), ([[194, 1606], [370, 1606], [370, 1658], [194, 1658]], '중앞어..?', 0.1881237227894515), ([[635, 1989], [775, 1989], [775, 2131], [635, 2131]], '세', 0.09084383185973266), ([[1000.9325976492793, 101.0172673627294], [1225.4364686837348, 22.450886214049227], [1361.0674023507208, 475.9827326372706], [1136.5635313162652, 554.5491137859508]], '#', 0.750303834080924), ([[1119.029349837601, 594.0790340093668], [1223.8109575955812, 615.5057537611362], [1210.970650162399, 666.9209659906332], [1107.1890424044188, 645.4942462388638]], '아아', 0.9992786907588532), ([[1107.9266873708002, 660.0967805394006], [1204.6677851765564, 675.031190412354], [1195.0733126291998, 726.9032194605994], [1098.3322148234436, 711.968809587646]], '아9', 0.897676121796445), ([[414.4449510517205, 664.0118546102605], [507.74594239412585, 645.1177763892877], [560.5550489482795, 923.9881453897395], [467.25405760587415, 943.8822236107123]], '#', 0.071722332838001), ([[947.7286908644003, 2029.0404465710842], [1063.6325947181838, 1949.0100069053908], [1228.2713091355997, 2225.9595534289156], [1112.3674052818162, 2304.9899930946094]], '$', 0.10524081776317473), ([[552.8835668880396, 2070.044586100494], [641.6107716474191, 2018.0133292741014], [748.1164331119604, 2222.955413899506], [660.3892283525809, 2274.9866707258984]], '{', 0.06174466880667162)]
[([[1444, 119], [2325, 119], [2325, 185], [1444, 185]], '~정액으로 더러워진 교복올 세탁 받듣다~', 0.601400176913376), ([[515, 398], [601, 398], [601, 451], [515, 451]], '부탁', 0.9999390562009917), ([[414, 468], [626, 468], [626, 518], [414, 518]], '드립니다 . ', 0.19635264995454532), ([[1840, 758], [1920, 758], [1920, 806], [1840, 806]], '그럼', 0.9999044122857167), ([[1786, 826], [1978, 826], [1978, 880], [1786, 880]], '미끌미골한', 0.8135015793819748), ([[1840, 896], [1922, 896], [1922, 946], [1840, 946]], '정액', 0.9997724988920826), ([[1792, 962], [1972, 962], [1972, 1012], [1792, 1012]], '씻어줄게~', 0.7298554633195461)]
[([[2062, 90], [2298, 90], [2298, 258], [2062, 258]], '루', 0.031998898883159654), ([[472, 260], [640, 260], [640, 312], [472, 312]], '다행이네!', 0.8986517491315232), ([[450, 326], [660, 326], [660, 380], [450, 380]], '꼭 깨끗하게', 0.9979619473009587), ([[482, 396], [626, 396], [626, 444], [482, 444]], '월 거야!', 0.19783826868288365), ([[1085, 397], [1193, 397], [1193, 459], [1085, 459]], '@릇', 0.30706551780396896), ([[1084, 482], [1182, 482], [1182, 536], [1084, 536]], '해@', 0.38604919244703645), ([[2101, 621], [2149, 621], [2149, 665], [2101, 665]], '오', 0.9999949932161059), ([[1712, 640], [1766, 640], [1766, 696], [1712, 696]], '8', 0.9989306210906399), ([[2067, 683], [2184, 683], [2184, 733], [2067, 733]], '제대로', 0.9999960769466525), ([[2052, 752], [2202, 752], [2202, 802], [2052, 802]], '셋겨지고', 0.47816944122314453), ([[2062, 820], [2194, 820], [2194, 872], [2062, 872]], '있장아!', 0.32089996337890625), ([[818, 1250], [874, 1250], [874, 1314], [818, 1314]], '0', 0.25718648640921415), ([[714, 1256], [854, 1256], [854, 1516], [714, 1516]], '생', 0.010502941795875798), ([[2034, 1250], [2202, 1250], [2202, 1422], [2034, 1422]], '빚', 0.017824548342053825), ([[2143, 1375], [2303, 1375], [2303, 1585], [2143, 1585]], '%미', 0.05269233719025759), ([[1486.8734718386786, 36.020475563660604], [1813.4199158665836, 117.61822378912004], [1741.1265281613214, 372.9795244363394], [1414.5800841334164, 291.38177621088]], '( (', 0.032549471079998234), ([[808.9356958316196, 594.0354374742942], [929.2831870916815, 581.7537659085791], [943.0643041683804, 775.9645625257058], [823.7168129083185, 788.2462340914209]], '맑', 0.0012420260449875903), ([[1283.372827582938, 820.0140550995195], [1391.0349230883548, 848.3056012423554], [1333.627172417062, 1070.9859449004805], [1225.9650769116452, 1043.6943987576446]], '{', 0.5584506516829926), ([[456.3050044115791, 1137.015101466319], [573.2344140334576, 1119.5704913301408], [608.694995588421, 1398.984898533681], [491.7655859665424, 1416.4295086698592]], '{9', 0.05788087302552395)]
[([[556, 366], [680, 366], [680, 420], [556, 420]], '굉장한', 0.6363243346588017), ([[548, 434], [684, 434], [684, 486], [548, 486]], '냄새66)', 0.04885702762215087), ([[1096, 430], [1156, 430], [1156, 482], [1096, 482]], '해', 0.9999351511978603), ([[2041, 477], [2151, 477], [2151, 521], [2041, 521]], '이야.', 0.5704636009701376), ([[2058, 542], [2136, 542], [2136, 590], [2058, 590]], '이제', 0.9999694858180386), ([[2030, 612], [2164, 612], [2164, 660], [2030, 660]], '전부 다', 0.8324232001517734), ([[2054, 680], [2144, 680], [2144, 728], [2054, 728]], '낫어', 0.687812446442123), ([[1752, 1086], [1836, 1086], [1836, 1136], [1752, 1136]], '오중', 0.7828144111447327), ([[1716, 1152], [1874, 1152], [1874, 1206], [1716, 1206]], '목욕으로', 0.9992777109146118), ([[1700, 1222], [1888, 1222], [1888, 1272], [1700, 1272]], '꼭 몸 셋고', 0.8775870564062703), ([[1708, 1292], [1876, 1292], [1876, 1340], [1708, 1340]], '가야 돼~', 0.9782524134693781), ([[592.3088020879675, 299.0601719014147], [694.9886564819465, 326.69896932211725], [683.6911979120325, 363.9398280985853], [581.0113435180535, 335.30103067788275]], '의3663', 0.10586997837385577), ([[1078.024835732059, 366.2844414890011], [1176.268036862948, 350.3904677449204], [1183.975164267941, 413.7155585109989], [1085.731963137052, 429.6095322550796]], '굉장', 0.9986706944441972)]
[([[1460, 212], [1632, 212], [1632, 286], [1460, 286]], '움일 어', 0.011312653310596943), ([[309, 1732], [656, 1732], [656, 1860], [309, 1860]], "'", 0.623603451972091), ([[310, 1842], [658, 1842], [658, 1970], [310, 1970]], "'", 0.623603451972091)]
[([[1375, 549], [1453, 549], [1453, 591], [1375, 591]], '프리', 0.9966528030869588), ([[361, 569], [419, 569], [419, 611], [361, 611]], '네!', 0.8901565212511858), ([[330, 634], [452, 634], [452, 684], [330, 684]], '오늘도', 0.9514517784118652), ([[1314, 614], [1514, 614], [1514, 668], [1314, 668]], '정액입니다!', 0.9288487977510013), ([[286, 700], [498, 700], [498, 754], [286, 754]], '원하는 만큼', 0.9003610979802098), ([[1328, 684], [1498, 684], [1498, 732], [1328, 732]], '저흘 향해', 0.3125524859793918), ([[350, 770], [432, 770], [432, 820], [350, 820]], '사정', 0.9999824669560387), ([[1352, 746], [1475, 746], [1475, 803], [1352, 803]], '마음껏', 0.9998123840030909), ([[290, 838], [450, 838], [450, 888], [290, 888]], '하세요 .', 0.5701013632187479), ([[1338, 818], [1492, 818], [1492, 870], [1338, 870]], '사정하고', 0.9999850392341614), ([[1344, 886], [1482, 886], [1482, 936], [1344, 936]], '가세요!', 0.7645776867866516), ([[1279, 1718], [1399, 1718], [1399, 1768], [1279, 1768]], '오늘도', 0.9999076367298039), ([[305, 1727], [659, 1727], [659, 1860], [305, 1860]], '개- 0', 0.5914024079673922), ([[1298, 1786], [1382, 1786], [1382, 1834], [1298, 1834]], '발산', 0.9996997590542916), ([[1250, 1852], [1430, 1852], [1430, 1906], [1250, 1906]], '해버길까?', 0.22493371904771298), ([[308, 1840], [664, 1840], [664, 1969], [308, 1969]], '4-스', 0.35952944550872673)]
[([[1367, 591], [1491, 591], [1491, 641], [1367, 641]], '오늘도', 0.9996218821970752), ([[1343, 657], [1514, 657], [1514, 711], [1343, 711]], '엄청난 양', 0.9621701528450632), ([[272, 686], [360, 686], [360, 734], [272, 734]], '저기,', 0.992944873646695), ([[1340, 728], [1462, 728], [1462, 776], [1340, 776]], '이네요', 0.9988809810366267), ([[238, 752], [392, 752], [392, 806], [238, 806]], '미끌미골', 0.6512250900268555), ([[236, 818], [396, 818], [396, 872], [236, 872]], '해려는데', 0.09214551746845245), ([[224, 884], [409, 884], [409, 944], [224, 944]], '셋겨줄까?', 0.9224846506371087), ([[20, 2214], [406, 2214], [406, 2400], [20, 2400]], '개-', 0.9931275601019148), ([[1187.9666700642313, 371.0766894303488], [1291.6534672762295, 391.824828005848], [1277.0333299357687, 451.9233105696512], [1174.3465327237705, 430.175171994152]], '우와', 0.9917228187427741), ([[1172.887552844813, 443.10403007750915], [1270.6677851765564, 457.0311904123541], [1261.112447155187, 507.89596992249085], [1164.3322148234436, 493.9688095876459]], '아9', 0.5217560136407291), ([[1255.4963814054831, 1250.0063417976785], [1408.1398677605905, 1285.3896614641196], [1314.5036185945169, 1686.9936582023215], [1161.8601322394095, 1652.6103385358804]], "'2", 0.09284041476755837)]
[([[1156, 336], [1254, 336], [1254, 392], [1156, 392]], '오옷', 0.8966900421653652), ([[247, 681], [469, 681], [469, 746], [247, 746]], '모르움 사람', 0.18565541443023795), ([[1432, 686], [1606, 686], [1606, 740], [1432, 740]], '대람해66', 0.012634387868801474), ([[229, 749], [486, 749], [486, 814], [229, 814]], '앞예 보르늄', 0.03303542798945037), ([[1378, 756], [1662, 756], [1662, 810], [1378, 810]], '워야 이내각666)', 0.015899468108499532), ([[236, 824], [482, 824], [482, 880], [236, 880]], '사람이 더레움', 0.2813637448990659), ([[1413, 823], [1625, 823], [1625, 883], [1413, 883]], '기분 동아?', 0.018568329022595764), ([[296, 892], [422, 892], [422, 948], [296, 948]], '오충올', 0.24889118494355603), ([[214, 960], [500, 960], [500, 1014], [214, 1014]], '눈집어쓰고3666666', 0.03302280666824863), ([[364, 1030], [448, 1030], [448, 1082], [364, 1082]], '법접', 0.09113754696226839), ([[243, 1090], [472, 1090], [472, 1154], [243, 1154]], '더러워치66666', 0.004009778005576273), ([[269, 1161], [443, 1161], [443, 1218], [269, 1218]], '최고@', 0.028983543335845786), ([[1150, 1222], [1230, 1222], [1230, 1348], [1150, 1348]], '숲', 0.12443367921090331), ([[1247, 1385], [1283, 1385], [1283, 1435], [1247, 1435]], '6', 0.9976241412029054), ([[1199, 1389], [1261, 1389], [1261, 1541], [1199, 1541]], '푹', 0.05939201298821306), ([[269.84551323567393, 1024.112117501937], [370.7036327389459, 1038.137589309732], [362.15448676432607, 1086.887882498063], [261.2963672610541, 1073.862410690268]], '나66형?', 0.00856487628027529), ([[1372.313738520237, 1615.0102404279341], [1666.5627135050195, 1837.5363737510395], [1546.686261479763, 1995.9897595720659], [1252.4372864949805, 1773.4636262489605]], '들,978', 0.002508666786814499)]
[([[1416, 606], [1498, 606], [1498, 658], [1416, 658]], '정말', 0.8642997277407098), ([[1380, 672], [1530, 672], [1530, 726], [1380, 726]], '굉장해빵', 0.025143016129732132), ([[358, 706], [446, 706], [446, 760], [358, 760]], '용이', 0.28277917561883503), ([[269, 771], [533, 771], [533, 831], [269, 831]], '물러붙늄다666어', 0.007544468488358507), ([[338, 842], [460, 842], [460, 896], [338, 896]], '@업', 0.014848116937453524), ([[277, 905], [521, 905], [521, 968], [277, 968]], '뿐려베 퇴면', 0.06387997451366628), ([[312, 978], [488, 978], [488, 1032], [312, 1032]], '또 만지교', 0.015534841156527224), ([[305, 1044], [494, 1044], [494, 1100], [305, 1100]], '싶어트6366', 0.025602669678691178), ([[668, 1306], [772, 1306], [772, 1478], [668, 1478]], '[크', 0.037082267034993274), ([[18, 2210], [410, 2210], [410, 2400], [18, 2400]], '개-', 0.5986544182805643), ([[1104.4930385159748, 726.0128587647057], [1180.926682641955, 715.1873604979502], [1210.5069614840252, 942.9871412352943], [1134.073317358045, 953.8126395020498]], '섞', 0.0026157567634427364)]
[([[55, 416], [218, 416], [218, 480], [55, 480]], '정액으로', 0.9941139817237854), ([[1474, 462], [1558, 462], [1558, 512], [1474, 512]], '그럼', 0.9998701058839454), ([[60, 490], [214, 490], [214, 546], [60, 546]], '공적관적', 0.4799317717552185), ([[1454, 528], [1580, 528], [1580, 582], [1454, 582]], '다음에', 0.9949825888614342), ([[48, 558], [226, 558], [226, 614], [48, 614]], '해진 옷올', 0.6832062543753422), ([[1444, 598], [1590, 598], [1590, 648], [1444, 648]], '또 올게', 0.9907811617431164), ([[50, 626], [222, 626], [222, 680], [50, 680]], '입은 채로', 0.9357030747709485), ([[30, 696], [242, 696], [242, 750], [30, 750]], '자위하능 데', 0.3322235889751443), ([[32, 762], [242, 762], [242, 818], [32, 818]], '너문 리분이', 0.3028415369507532), ([[311, 759], [398, 759], [398, 808], [311, 808]], '네.', 0.6405746861575783), ([[30, 832], [243, 832], [243, 886], [30, 886]], '동아서66666666 ', 0.039460355544306366), ([[306, 826], [404, 826], [404, 876], [306, 876]], '또 잘', 0.8737510442733765), ([[30, 900], [244, 900], [244, 954], [30, 954]], '아응 정액움', 0.09352431388750926), ([[276, 892], [434, 892], [434, 948], [276, 948]], '부탁드럽', 0.446011483669281), ([[47, 963], [225, 963], [225, 1026], [47, 1026]], '음@ 및체', 0.10006111461475761), ([[279, 957], [430, 957], [430, 1017], [279, 1017]], '내다6663', 0.12365091121914565), ([[74, 1034], [198, 1034], [198, 1090], [74, 1090]], '양@면', 0.18691714559703676), ([[48, 1102], [226, 1102], [226, 1158], [48, 1158]], '용분활 수', 0.1638498088081289), ([[34, 1172], [240, 1172], [240, 1226], [34, 1226]], '없는 변태가', 0.8973929324667516), ([[48, 1240], [222, 1240], [222, 1294], [48, 1294]], '되어 라뭄', 0.2920284355744909), ([[16, 1307], [253, 1307], [253, 1361], [16, 1361]], '뒷입리다 66663', 0.017196887930389055), ([[1384, 1308], [1546, 1308], [1546, 1364], [1384, 1364]], '다음에도', 0.8778570294380188), ([[1378, 1374], [1553, 1374], [1553, 1435], [1378, 1435]], '부탁할게!', 0.5229725694645654), ([[19, 2213], [409, 2213], [409, 2400], [19, 2400]], '개-', 0.9615719335972943)]
[([[1505, 333], [1555, 333], [1555, 373], [1505, 373]], '그', 0.9999953508431112), ([[278, 410], [488, 410], [488, 460], [278, 460]], '요즘 바빠서', 0.9984964924899066), ([[1447, 396], [1577, 396], [1577, 444], [1447, 444]], '그러면.', 0.9519774317741394), ([[322, 478], [440, 478], [440, 528], [322, 528]], '자위틀', 0.4216084351975733), ([[290, 546], [424, 546], [424, 596], [290, 596]], '못해서..', 0.5510886650208372), ([[294, 614], [472, 614], [472, 664], [294, 664]], '벌써 갈 것', 0.8136382732420356), ([[300, 684], [440, 684], [440, 734], [300, 734]], '같아...', 0.19087889409487518), ([[293, 745], [473, 745], [473, 805], [293, 805]], '나오는 곳', 0.9013033287157933), ([[326, 818], [440, 818], [440, 868], [326, 868]], '잘 화!', 0.643112510535255), ([[1544, 1050], [1626, 1050], [1626, 1102], [1544, 1102]], '엄청', 0.9836141309371097), ([[1489, 1114], [1676, 1114], [1676, 1171], [1489, 1171]], '커며네요~', 0.3700773550484212), ([[279, 1702], [451, 1702], [451, 1756], [279, 1756]], '알걀어오', 0.08022303134202957), ([[322, 1770], [408, 1770], [408, 1822], [322, 1822]], '정액', 0.9989080655549498), ([[275, 1836], [450, 1836], [450, 1890], [275, 1890]], '나오는 곳', 0.953288190555286), ([[296, 1906], [432, 1906], [432, 1958], [296, 1958]], '잘 보고', 0.9997722480104592), ([[280, 1972], [452, 1972], [452, 2028], [280, 2028]], '있-게요', 0.21942605078220367), ([[999.9942078752791, 1673.0158104338745], [1220.623958357635, 1608.6930810254935], [1333.005792124721, 2054.9841895661257], [1112.376041642365, 2120.3069189745065]], '탓', 0.21313094409391997), ([[1395.9363244879175, 1883.0246089390191], [1535.5719623666766, 1790.0071128596014], [1744.0636755120825, 2144.9753910609807], [1603.4280376333234, 2237.9928871403986]], '국', 0.046048151027120676)]
[([[21, 2213], [407, 2213], [407, 2400], [21, 2400]], '개-', 0.5651202290864978)]
[([[302, 534], [469, 534], [469, 591], [302, 591]], '이 이후는', 0.900127549303498), ([[329, 611], [445, 611], [445, 655], [329, 655]], '오마켓', 0.4775956869125366), ([[286, 678], [486, 678], [486, 726], [286, 726]], '파트입니다!', 0.5902049193165513), ([[325, 745], [443, 745], [443, 793], [325, 793]], '앞으로', 0.7411518096923828), ([[283, 810], [492, 810], [492, 865], [283, 865]], '조금밖에 안', 0.5252635686093284), ([[310, 882], [462, 882], [462, 930], [310, 930]], '남앗지만', 0.7258391380310059), ([[330, 950], [444, 950], [444, 998], [330, 998]], '즐겁게', 0.98677896148785), ([[310, 1018], [462, 1018], [462, 1066], [310, 1066]], '화켓으면', 0.5960381031036377), ([[291, 1081], [478, 1081], [478, 1137], [291, 1137]], '중계어요 9', 0.17481341699411881)]
[([[988, 114], [1790, 114], [1790, 186], [988, 186]], '~정액올 봉납하능 관례가 있공 마을~', 0.05082938443876486), ([[64, 312], [274, 312], [274, 368], [64, 368]], '이렇체 해세', 0.1373901215321861), ([[422, 324], [516, 324], [516, 372], [422, 372]], '앗  ', 0.30670989393331444), ([[1416, 300], [1664, 300], [1664, 356], [1416, 356]], '이마을에서늄', 0.07900556355050606), ([[83, 377], [258, 377], [258, 438], [83, 438]], '이번 달이', 0.33649125178794537), ([[414, 389], [524, 389], [524, 442], [414, 442]], '네.', 0.5021023613556296), ([[1420, 368], [1662, 368], [1662, 424], [1420, 424]], '한 달에 한번', 0.8535855402521526), ([[100, 448], [236, 448], [236, 504], [100, 504]], '컷 번째', 0.14200415295541916), ([[353, 450], [583, 450], [583, 513], [353, 513]], '그럼, 공양해', 0.6137473275277524), ([[1397, 437], [1685, 437], [1685, 497], [1397, 497]], '남자가} 문걀에체', 0.1281048558337112), ([[90, 516], [250, 516], [250, 572], [90, 572]], '참배객에', 0.49904361367225647), ([[378, 524], [518, 524], [518, 574], [378, 574]], '주세요 .', 0.8178656469194), ([[1398, 506], [1681, 506], [1681, 562], [1398, 562]], '정액울 @친다늄', 0.11551612804307491), ([[110, 584], [234, 584], [234, 640], [110, 640]], '남근이', 0.8331449377721492), ([[1394, 574], [1688, 574], [1688, 630], [1394, 630]], '관습의 왜습내다', 0.2149978784212636), ([[102, 654], [238, 654], [238, 708], [102, 708]], '제 질에', 0.5824909270396158), ([[1403, 641], [1678, 641], [1678, 697], [1403, 697]], '덧붙여서 성행원', 0.64550001119555), ([[94, 721], [249, 721], [249, 775], [94, 775]], '들어가계', 0.2842172086238861), ([[1420, 711], [1660, 711], [1660, 765], [1420, 765]], '이외의-사정이', 0.47679388489264485), ([[82, 788], [260, 788], [260, 842], [82, 842]], '티)다생', 0.008156228810548782), ([[1422, 778], [1662, 778], [1662, 834], [1422, 834]], '음지되어 외기', 0.1593112086557106), ([[1374, 842], [1707, 842], [1707, 903], [1374, 903]], '때문에, 필연적으로', 0.6620530331058823), ([[1376, 914], [1706, 914], [1706, 968], [1376, 968]], '여성과 사귀지 안논', 0.17012015555170032), ([[1424, 982], [1664, 982], [1664, 1036], [1424, 1036]], '남성은 여기서', 0.9935290247354357), ([[1406, 1050], [1680, 1050], [1680, 1106], [1406, 1106]], '한 달 치 정자름', 0.2546895657607684), ([[1398, 1117], [1684, 1117], [1684, 1172], [1398, 1172]], '봉날하게 덥니다:', 0.174785346188084), ([[1188, 1326], [1340, 1326], [1340, 1374], [1188, 1374]], '이번에도', 0.9961416721343994), ([[1224, 1394], [1306, 1394], [1306, 1442], [1224, 1442]], '부탁', 0.999922872138422), ([[1159, 1459], [1328, 1459], [1328, 1512], [1159, 1512]], '드립니다.', 0.4700664690588698)]
[([[1084, 240], [1296, 240], [1296, 294], [1084, 294]], '00635 잡세 움', 0.014488469509626534), ([[1448, 240], [1648, 240], [1648, 296], [1448, 296]], '뺨배롭물음', 0.028573867006221765), ([[1048, 307], [1337, 307], [1337, 364], [1048, 364]], '따표안 문언과', 0.13142976765505407), ([[1449, 309], [1645, 309], [1645, 365], [1449, 365]], '훨사적으로', 0.455681366277547), ([[1101, 372], [1282, 372], [1282, 432], [1101, 432]], '제안@로', 0.08286838233470917), ([[1428, 378], [1674, 378], [1674, 432], [1428, 432]], '허리름 움직여', 0.13596575278630452), ([[1082, 441], [1301, 441], [1301, 501], [1082, 501]], '내오사탓울', 0.0034783992672195205), ([[1426, 446], [1674, 446], [1674, 502], [1426, 502]], '모아문 정액움', 0.13585214936713833), ([[1085, 511], [1295, 511], [1295, 567], [1085, 567]], '일`습내닥', 0.0035521343400954663), ([[1458, 514], [1634, 514], [1634, 566], [1458, 566]], '페안으로', 0.06627068668603897), ([[1486, 582], [1612, 582], [1612, 634], [1486, 634]], '내려교', 0.49461224495506756), ([[1455, 648], [1646, 648], [1646, 705], [1455, 705]], '합내타66366', 0.00757425098274625)]
[([[132, 202], [358, 202], [358, 258], [132, 258]], '켓번째 마을', 0.3907416311640265), ([[121, 269], [373, 269], [373, 329], [121, 329]], '사람에 봉날이', 0.1680071774175288), ([[1267, 269], [1327, 269], [1327, 329], [1267, 329]], '잇', 0.12029721666124615), ([[143, 337], [349, 337], [349, 393], [143, 393]], '끝나습니다.', 0.20316373778882615), ([[140, 406], [350, 406], [350, 460], [140, 460]], '첫 번째라고', 0.9412104623495271), ([[158, 476], [332, 476], [332, 530], [158, 530]], '화지만 질', 0.47362988458685973), ([[163, 541], [325, 541], [325, 595], [163, 595]], '안페서문', 0.06650623679161072), ([[130, 612], [358, 612], [358, 666], [130, 666]], '다 담지-못할', 0.5735742925017854), ([[126, 680], [366, 680], [366, 736], [126, 736]], '정토의 정액이', 0.42283082086776547), ([[116, 748], [320, 748], [320, 802], [116, 802]], '봉납되니다 .', 0.11445127710985416), ([[162, 818], [328, 818], [328, 866], [162, 866]], '정말 진한', 0.9963535903356096), ([[118, 884], [372, 884], [372, 938], [118, 938]], '정액이 질 안을', 0.905525618307668), ([[140, 952], [350, 952], [350, 1006], [140, 1006]], '채우는 젓올', 0.25835820442429897), ([[112, 1020], [378, 1020], [378, 1074], [112, 1074]], '알 수 있습니다.', 0.8578863734588706), ([[1459, 1493], [1567, 1493], [1567, 1537], [1459, 1537]], '이야~', 0.9999817612606994), ([[1412, 1556], [1618, 1556], [1618, 1610], [1412, 1610]], '개운해젓어!', 0.6480837344314722), ([[1400, 1624], [1628, 1624], [1628, 1677], [1400, 1677]], '다음 달도 또', 0.9978382026000275), ([[1432, 1694], [1600, 1694], [1600, 1744], [1432, 1744]], '부탁할게!', 0.560659211675763), ([[1136.1098497881023, 1426.0568283471991], [1230.7871036717927, 1457.2867505294505], [1208.8901502118977, 1517.9431716528009], [1114.2128963282073, 1486.7132494705495]], '질척', 0.9570171053674458)]
[([[910, 228], [1258, 228], [1258, 284], [910, 284]], '잡안에 다 물어카체', 0.043114567522104276), ([[1450, 232], [1588, 232], [1588, 286], [1450, 286]], '3리곡', 0.004214584944250533), ([[901, 294], [1265, 294], [1265, 355], [901, 355]], '양습되움 입체 퇴명', 0.009302430753179982), ([[1430, 300], [1604, 300], [1604, 354], [1430, 354]], '페의 -에', 0.00405842354844998), ([[916, 364], [1252, 364], [1252, 420], [916, 420]], '퍼예체 문리 용으면', 0.01795543661256124), ([[1418, 368], [1616, 368], [1616, 422], [1418, 422]], '참내?물이', 0.06102273999065682), ([[978, 432], [1192, 432], [1192, 488], [978, 488]], '@다능 둥이', 0.03296496961179753), ([[1420, 434], [1614, 434], [1614, 490], [1420, 490]], '번갈이화면', 0.047837811439741786), ([[889, 499], [1277, 499], [1277, 559], [889, 559]], '정액움 몸에 문립데연', 0.06857518857304036), ([[1454, 504], [1580, 504], [1580, 558], [1454, 558]], '정액움', 0.24814404799324263), ([[891, 569], [1275, 569], [1275, 629], [891, 629]], '정액이 뿐려집 때마@', 0.04575399432488398), ([[1391, 569], [1644, 569], [1644, 626], [1391, 626]], '문해맵내타633?', 8.789250209002947e-05), ([[955, 635], [1215, 635], [1215, 695], [955, 695]], '따뜻안 용걷과}', 0.019519147321699078), ([[901, 701], [1265, 701], [1265, 762], [901, 762]], '전해체 흉내타666636635 ', 0.0004774190276825445)]
[([[104, 188], [268, 188], [268, 242], [104, 242]], '나중예늄', 0.3203888535499573), ([[1524, 186], [1676, 186], [1676, 242], [1524, 242]], '한달켓', 0.1904627815086554), ([[127, 255], [249, 255], [249, 311], [127, 311]], '분정올', 0.5917102443478509), ([[1469, 251], [1723, 251], [1723, 316], [1469, 316]], '정액울 모으늄', 0.20640126274959997), ([[106, 324], [268, 324], [268, 380], [106, 380]], '정화하기', 0.8178281188011169), ([[417, 313], [522, 313], [522, 378], [417, 378]], '굉장', 0.9992479301998511), ([[1495, 323], [1704, 323], [1704, 380], [1495, 380]], '분물이 만족', 0.07041288401248105), ([[136, 392], [238, 392], [238, 448], [136, 448]], '원해', 0.5103122026826762), ([[428, 386], [488, 386], [488, 438], [428, 438]], '해', 0.9999865293956454), ([[1223, 389], [1283, 389], [1283, 449], [1223, 449]], '앞', 0.3420328055171673), ([[1473, 388], [1727, 388], [1727, 449], [1473, 449]], '때문에 굉장히', 0.6951984341013507), ([[116, 460], [256, 460], [256, 514], [116, 514]], '에 모습', 0.31103654772373923), ([[1494, 460], [1704, 460], [1704, 516], [1494, 516]], '진한 정액이', 0.285049056083997), ([[121, 523], [249, 523], [249, 583], [121, 583]], '및대로', 0.06579400333361012), ([[1481, 521], [1716, 521], [1716, 584], [1481, 584]], '제 몸 안으로', 0.43585274175595085), ([[98, 596], [274, 596], [274, 650], [98, 650]], '그날 일에', 0.7662550838407893), ([[1248, 612], [1304, 612], [1304, 672], [1248, 672]], '와', 0.4671816905942059), ([[1497, 595], [1701, 595], [1701, 649], [1497, 649]], '들어움니다.', 0.4787661033875527), ([[84, 664], [292, 664], [292, 720], [84, 720]], '종사합내다', 0.6137896785513283), ([[1502, 664], [1696, 664], [1696, 718], [1502, 718]], '미골미골한', 0.6329120599017414), ([[1538, 734], [1662, 734], [1662, 786], [1538, 786]], '느낌이', 0.6758025768319639), ([[1500, 800], [1698, 800], [1698, 856], [1500, 856]], '피부에서로', 0.8370859145830224), ([[1496, 868], [1704, 868], [1704, 922], [1496, 922]], '전해체 와서', 0.3040097530885061), ([[1535, 931], [1664, 931], [1664, 994], [1535, 994]], '이상한', 0.9602080323919518), ([[1469, 1004], [1727, 1004], [1727, 1056], [1469, 1056]], '느낌입데다...', 0.2760568843183671), ([[1233.2557915924647, 305.04633273971797], [1337.981388891921, 346.5277850874799], [1316.7442084075353, 396.95366726028203], [1212.018611108079, 356.4722149125201]], '하아', 0.9998550179195939), ([[1281.282155104837, 528.03690451692], [1378.9556982461636, 589.2137036765206], [1346.717844895163, 638.96309548308], [1250.0443017538364, 577.7862963234794]], '하아 ', 0.9569806950828199), ([[627.0378045449468, 2212.0515822680054], [770.7277788167577, 2246.8032121345577], [749.9621954550532, 2322.9484177319946], [606.2722211832423, 2288.1967878654423]], '(', 0.13897747907893532)]
[]
[([[677, 201], [893, 201], [893, 264], [677, 264]], '영& 오늘음', 0.0508373290566018), ([[1042, 200], [1258, 200], [1258, 254], [1042, 254]], '에 학교에요', 0.022626687418960026), ([[1383, 192], [1660, 192], [1660, 260], [1383, 260]], '소현 당순', 0.06108249919091235), ([[652, 272], [920, 272], [920, 328], [652, 328]], '과보장 이규다', 0.02670795812453472), ([[1068, 268], [1232, 268], [1232, 322], [1068, 322]], '현기 당수', 0.049123668311994405), ([[688, 342], [882, 342], [882, 398], [688, 398]], '맞울다프', 0.01434590294957161), ([[1046, 336], [1254, 336], [1254, 390], [1046, 390]], '이라늄없이', 0.09025267305663147), ([[1030, 404], [1270, 404], [1270, 458], [1030, 458]], '있습데타6636665', 0.0019176633030249858), ([[642, 471], [929, 471], [929, 535], [642, 535]], '하이용 분화계 합', 0.13189146182940717), ([[1024, 472], [1276, 472], [1276, 528], [1024, 528]], '된단히 말해', 0.08116930407019547), ([[654, 546], [914, 546], [914, 602], [654, 602]], '없면 %여움 얘', 0.016973444934078888), ([[1070, 538], [1230, 538], [1230, 594], [1070, 594]], '여학생음', 0.8566926121711731), ([[681, 611], [889, 611], [889, 671], [681, 671]], '좀이 통곧]', 0.02934410427928799), ([[1068, 608], [1232, 608], [1232, 664], [1068, 664]], '남학생이', 0.572291628947846), ([[1008, 674], [1292, 674], [1292, 730], [1008, 730]], '사용하늄 변기롭', 0.02151330522361399), ([[1006, 744], [1292, 744], [1292, 798], [1006, 798]], '대신해야 합다늄', 0.2734138186861898), ([[1040, 812], [1256, 812], [1256, 866], [1040, 866]], '%입데타6665', 0.007051141797424129)]
[([[1431, 315], [1481, 315], [1481, 357], [1431, 357]], '자', 0.9999855757279796), ([[116, 360], [330, 360], [330, 416], [116, 416]], '제대로 옛고', 0.2056083233150128), ([[1400, 378], [1518, 378], [1518, 428], [1400, 428]], '제대로', 0.9999957328192642), ([[142, 428], [302, 428], [302, 484], [142, 484]], '왜충지도', 0.020929422229528427), ([[1418, 446], [1502, 446], [1502, 496], [1418, 496]], '물고', 0.9992858542165166), ([[100, 496], [350, 496], [350, 552], [100, 552]], '모르늄 차지름', 0.169542667309073), ([[1420, 514], [1500, 514], [1500, 566], [1420, 566]], '있어', 0.991946838557215), ([[164, 564], [282, 564], [282, 618], [164, 618]], '얼치로', 0.6231476529321993), ([[140, 632], [310, 632], [310, 688], [140, 688]], '입에 밀어', 0.36737677665653323), ([[1115, 663], [1159, 663], [1159, 711], [1115, 711]], '0', 0.9092735943135644), ([[116, 700], [332, 700], [332, 754], [116, 754]], '넣습데타66666', 0.16859214113713122), ([[111, 764], [338, 764], [338, 827], [111, 827]], '햄새 정도눈;', 0.05757045067022921), ([[122, 838], [330, 838], [330, 892], [122, 892]], '좀 멀정하체', 0.6765684113961418), ([[128, 906], [322, 906], [322, 960], [128, 960]], '해주없으면_', 0.6685638209377354), ([[132, 974], [320, 974], [320, 1024], [132, 1024]], '합내다 55', 0.11092103512618846), ([[1274, 1394], [1396, 1394], [1396, 1448], [1274, 1448]], '업청반', 0.07121949626190115), ([[1256, 1462], [1413, 1462], [1413, 1517], [1256, 1517]], '냄새663', 0.10492007381703174), ([[478, 1532], [650, 1532], [650, 1582], [478, 1582]], '나고장 입', 0.899641041321344), ([[1276, 1532], [1396, 1532], [1396, 1584], [1276, 1584]], '머리가', 0.16199690041252363), ([[468, 1600], [664, 1600], [664, 1650], [468, 1650]], '부드러워~', 0.22378967622695023), ([[1258, 1600], [1410, 1600], [1410, 1654], [1258, 1654]], '어칠어질 ', 0.6439930822516223), ([[486, 1666], [648, 1666], [648, 1720], [486, 1720]], '따뜻해서', 0.9964591264724731), ([[474, 1736], [656, 1736], [656, 1786], [474, 1786]], '금방 올 것', 0.9117702694755588), ([[486, 1804], [642, 1804], [642, 1854], [486, 1854]], '같아   !', 0.26478782097262), ([[1136.1303028434654, 571.0421192876934], [1234.9743701907253, 626.3212661200291], [1196.8696971565346, 691.9578807123066], [1098.0256298092747, 636.6787338799709]], '응료', 0.08719774260287218), ([[1272.1210468075817, 1664.0778621224576], [1405.9329683838316, 1685.184020267336], [1396.8789531924183, 1729.9221378775424], [1263.0670316161684, 1708.815979732664]], '해56666)', 0.08357022835579488)]
[([[1344, 764], [1394, 764], [1394, 820], [1344, 820]], '응', 0.18041899329635047), ([[1215, 1174], [1483, 1174], [1483, 1517], [1215, 1517]], '꽃', 0.06712128448147414), ([[336, 1836], [386, 1836], [386, 1886], [336, 1886]], '으', 0.4181521580063787), ([[315, 1905], [411, 1905], [411, 1949], [315, 1949]], '산다!', 0.6509274254156266)]
[([[1464, 188], [1670, 188], [1670, 240], [1464, 240]], '머리낌 없이', 0.14268671984347966), ([[1460, 255], [1674, 255], [1674, 307], [1460, 307]], '교복 위에서', 0.994370246756469), ([[1442, 322], [1688, 322], [1688, 376], [1442, 376]], '전에게 정액올', 0.34160686341124263), ([[1465, 389], [1670, 389], [1670, 445], [1465, 445]], '뿐립니다 .', 0.4849086036428486), ([[1446, 458], [1690, 458], [1690, 514], [1446, 514]], '공적한 정액올', 0.5482861741171441), ([[1236, 530], [1338, 530], [1338, 610], [1236, 610]], '으규', 0.43044065152059624), ([[1508, 528], [1630, 528], [1630, 582], [1508, 582]], '교복이', 0.9995178928370546), ([[1230, 604], [1282, 604], [1282, 666], [1230, 666]], '웃', 0.09402690106728429), ([[1470, 594], [1666, 594], [1666, 650], [1470, 650]], '빨아들여서', 0.9348263220742622), ([[1459, 661], [1676, 661], [1676, 716], [1459, 716]], '피부에 달라', 0.9628835727743961), ([[1454, 732], [1682, 732], [1682, 786], [1454, 786]], '붙습니다 666', 0.23521310869613976), ([[280, 936], [364, 936], [364, 986], [280, 986]], '으옷', 0.9982172326427962), ([[241, 1001], [412, 1001], [412, 1055], [241, 1055]], '오늘은 꽤', 0.7378640013943167), ([[260, 1072], [392, 1072], [392, 1120], [260, 1120]], '나건네!', 0.15608006715774536)]
[([[1002, 222], [1250, 222], [1250, 278], [1002, 278]], '그령체 말하면', 0.03130481981259861), ([[1413, 220], [1632, 220], [1632, 293], [1413, 293]], '따요장 내', 0.15361483386991998), ([[998, 289], [1249, 289], [1249, 345], [998, 345]], '없에베 오른움', 0.0215966376525115), ([[1458, 298], [1588, 298], [1588, 352], [1458, 352]], '오롭다', 0.02863764310080897), ([[978, 355], [1271, 355], [1271, 417], [978, 417]], '따오관 남학생콩', 0.05859541874145346), ([[1384, 363], [1653, 363], [1653, 423], [1384, 423]], '마려워3어6366]', 0.00562953274544974), ([[1021, 426], [1227, 426], [1227, 482], [1021, 482]], '입습데타6)', 0.004286162667738531), ([[999, 493], [1253, 493], [1253, 553], [999, 553]], '코룹 젠롭록안', 0.005536973895755505), ([[1000, 562], [1250, 562], [1250, 618], [1000, 618]], '오롭이 업울예', 0.2418600727398276), ([[960, 627], [1289, 627], [1289, 689], [960, 689]], '몰려 올라내린', 0.05048322248043015), ([[1000, 697], [1249, 697], [1249, 753], [1000, 753]], '액체콜 서스에', 0.05507415433059796), ([[975, 765], [1277, 765], [1277, 825], [975, 825]], '빨레 {어3} 옳', 0.017558420024656768), ([[968, 834], [1285, 834], [1285, 890], [968, 890]], '점접 문어워집내트', 0.011297197214675153), ([[982, 902], [1270, 902], [1270, 958], [982, 958]], '오문움 딸아툼인', 0.024511293188223027), ([[1048, 970], [1208, 970], [1208, 1026], [1048, 1026]], '세스에쎄', 0.005650188672052758), ([[980, 1038], [1268, 1038], [1268, 1094], [980, 1094]], '미치용안 음로로', 0.013898794749863311), ([[988, 1106], [1260, 1106], [1260, 1160], [988, 1160]], '접해집데생6636666', 0.011902318724435229)]
[([[138, 160], [316, 160], [316, 216], [138, 216]], ' 교복이', 0.7917022510862148), ([[99, 225], [353, 225], [353, 285], [99, 285]], '정액관} 오중올', 0.16536569478416022), ([[140, 296], [314, 296], [314, 350], [140, 350]], '너문 많이', 0.9089505747370734), ([[94, 363], [361, 363], [361, 419], [94, 419]], '빨아물여서666666', 0.051357786577501466), ([[102, 430], [352, 430], [352, 486], [102, 486]], '남자의 체액지', 0.2128985857925281), ([[1501, 433], [1551, 433], [1551, 475], [1501, 475]], '자', 0.9999918937847383), ([[120, 500], [330, 500], [330, 554], [120, 554]], '텔치고 있우', 0.03708635239071144), ([[1440, 496], [1622, 496], [1622, 548], [1440, 548]], '잘 마서뒤!', 0.8875258545193367), ([[143, 567], [305, 567], [305, 621], [143, 621]], '기분마체', 0.4114452004432678), ([[69, 628], [385, 628], [385, 765], [69, 765]], '하#이 학교에', 0.0010657743373197217), ([[1210, 495], [1315, 495], [1315, 799], [1210, 799]], '_', 0.0024786737599426095), ([[122, 772], [330, 772], [330, 826], [122, 826]], '있으면 망음', 0.41241978499509346), ([[146, 838], [306, 838], [306, 894], [146, 894]], '지원금이', 0.8563875555992126), ([[100, 908], [352, 908], [352, 962], [100, 962]], '나오기 때문에', 0.6806195178074027), ([[58, 976], [366, 976], [366, 1032], [58, 1032]], '참아야 합내다6하', 0.08108412013128162), ([[81, 1039], [371, 1039], [371, 1099], [81, 1099]], '앞으로 오년 동안', 0.8289550104348796), ([[114, 1112], [338, 1112], [338, 1168], [114, 1168]], '이런 일을-할', 0.5686105288040294), ([[124, 1180], [330, 1180], [330, 1234], [124, 1234]], '생각을 하디', 0.19789260976703796), ([[87, 1243], [366, 1243], [366, 1306], [87, 1306]], '마음이 꺾이기로', 0.31035060003701975), ([[137, 1316], [316, 1316], [316, 1370], [137, 1370]], '합니다 ', 0.0374579057097435), ([[1217, 1425], [1261, 1425], [1261, 1471], [1217, 1471]], '이', 0.999955058602783), ([[1524, 1468], [1608, 1468], [1608, 1518], [1524, 1518]], '오중', 0.7979649485443161), ([[1152, 1490], [1272, 1490], [1272, 1544], [1152, 1544]], '배덕감', 0.9149877504129192), ([[1502, 1536], [1632, 1536], [1632, 1586], [1502, 1586]], '싸는 거', 0.9287106910425652), ([[1136, 1558], [1342, 1558], [1342, 1612], [1136, 1612]], '정말 그만둘', 0.9862429090549644), ([[1524, 1604], [1608, 1604], [1608, 1652], [1524, 1652]], '기분', 0.9999103969758875), ([[1150, 1626], [1330, 1626], [1330, 1678], [1150, 1678]], '수가 없네!', 0.9217650014333896), ([[1522, 1674], [1616, 1674], [1616, 1722], [1522, 1722]], '좋아!', 0.847974088961939), ([[381.05825797292727, 760.2912898646362], [638.9867906334824, 708.9824143858206], [655.9417420270728, 839.7087101353638], [397.0132093665175, 891.0175856141794]], '리', 0.35037191875364115)]
[]
[([[1389, 137], [1713, 137], [1713, 203], [1389, 203]], '~바이브 팬티~', 0.6272547208729782), ([[1428, 286], [1672, 286], [1672, 338], [1428, 338]], '제 남자친구는', 0.6574299350518306), ([[122, 314], [326, 314], [326, 364], [122, 364]], '그런데 너무', 0.7231233137696534), ([[1138, 368], [1250, 368], [1250, 416], [1138, 416]], '이러면', 0.9999205069530143), ([[1428, 353], [1666, 353], [1666, 405], [1428, 405]], '저한데 바이브', 0.6202051389232599), ([[107, 380], [342, 380], [342, 435], [107, 435]], '부끄럽습니다.', 0.9110991174934862), ([[1173, 437], [1217, 437], [1217, 483], [1173, 483]], '된', 0.990815012614096), ([[1398, 424], [1700, 424], [1700, 476], [1398, 476]], '쓰는 겉 좋아하고', 0.7741941341559948), ([[98, 450], [352, 450], [352, 502], [98, 502]], '첫 참배들 이런', 0.42953937889398974), ([[1119, 505], [1269, 505], [1269, 549], [1119, 549]], '거야 ?', 0.9534220099449158), ([[1452, 492], [1644, 492], [1644, 542], [1452, 542]], '그중에서도', 0.9975798750422653), ([[100, 518], [346, 518], [346, 568], [100, 568]], '야한 차림으로', 0.9882012572392637), ([[1467, 563], [1633, 563], [1633, 607], [1467, 607]], '팬티 안에', 0.8743172520732431), ([[138, 588], [312, 588], [312, 636], [138, 636]], '해도 훨까', 0.2207400264156309), ([[1427, 625], [1671, 625], [1671, 679], [1427, 679]], '바이브틀 넣고', 0.3950592607511557), ([[120, 656], [328, 656], [328, 704], [120, 704]], '하는 생각도', 0.795311817053811), ([[1404, 696], [1696, 696], [1696, 746], [1404, 746]], '밖에 나와있는 걸', 0.5152613840815196), ([[128, 724], [258, 724], [258, 772], [128, 772]], '듭니다.', 0.6227437257766724), ([[1404, 764], [1694, 764], [1694, 814], [1404, 814]], '매우 좋아합니다.', 0.8842695279668066), ([[1426, 832], [1674, 832], [1674, 884], [1426, 884]], '게다가 오늘은', 0.999365985989746), ([[1422, 900], [1674, 900], [1674, 952], [1422, 952]], '질내사정 한 채', 0.9990388653852478), ([[1409, 962], [1689, 962], [1689, 1019], [1409, 1019]], '바이브로 보지름', 0.38885936268843546), ([[1386, 1034], [1666, 1034], [1666, 1090], [1386, 1090]], '막아버로습니다 .', 0.416580808393076), ([[334, 1198], [526, 1198], [526, 1250], [334, 1250]], '부탁이니까', 0.9216702272109317), ([[322, 1266], [532, 1266], [532, 1318], [322, 1318]], '참배 중어는', 0.7678654574059638), ([[344, 1334], [514, 1334], [514, 1386], [344, 1386]], '괜티 안쪽', 0.45890654945542597), ([[348, 1398], [509, 1398], [509, 1458], [348, 1458]], '생각해서', 0.7921306812519963), ([[362, 1468], [489, 1468], [489, 1525], [362, 1525]], '가랑이', 0.9717144446492709), ([[352, 1538], [506, 1538], [506, 1592], [352, 1592]], '부풀리지', 0.9950316548347473), ([[332, 1608], [480, 1608], [480, 1656], [332, 1656]], '말아 쥐.', 0.8077757188805522), ([[928.5971015988919, 1440.0081196525186], [1005.867688015118, 1432.175961040479], [1029.4028984011081, 1707.9918803474814], [952.132311984882, 1714.824038959521]], '{', 0.10146035038047785)]
[([[1352, 212], [1632, 212], [1632, 236], [1352, 236]], '애)', 0.0027762919683920304)]
[([[1390, 164], [1602, 164], [1602, 212], [1390, 212]], '참배틀 하고', 0.5380083635090727), ([[1398, 232], [1598, 232], [1598, 280], [1398, 280]], '와습니다..', 0.20182434539925675), ([[1400, 298], [1594, 298], [1594, 350], [1400, 350]], '엄청 젖없어', 0.9705322065297207), ([[1362, 366], [1554, 366], [1554, 416], [1362, 416]], '버릇습니다.', 0.2732044515234186), ([[290, 452], [408, 452], [408, 502], [290, 502]], '그렇게', 0.9563715667017462), ([[1341, 434], [1654, 434], [1654, 486], [1341, 486]], '그렇다기보다 새어', 0.8590149418054237), ([[304, 518], [391, 518], [391, 569], [304, 569]], '반히', 0.8085162069494742), ([[1310, 504], [1678, 504], [1678, 554], [1310, 554]], '나오고 말앗습니다.. ', 0.2758943685254478), ([[272, 588], [424, 588], [424, 636], [272, 636]], '쳐다보지', 0.9938910088382453), ([[297, 659], [360, 659], [360, 702], [297, 702]], '마 .', 0.9686701333613403), ([[1100, 1598], [1172, 1598], [1172, 1768], [1100, 1768]], '#', 0.10551892114062955), ([[991.3024029202134, 1771.0243617590515], [1068.3935185009448, 1764.59340485703], [1080.6975970797866, 1933.9756382409485], [1004.6064814990551, 1941.40659514297]], '%', 0.1251577800596806)]
[([[1368, 198], [1646, 198], [1646, 224], [1368, 224]], '036걸6666666아6666666어)', 1.1895552118724847e-07)]
[([[110, 170], [274, 170], [274, 218], [110, 218]], '저도 엄청', 0.7278541457289432), ([[1461, 163], [1609, 163], [1609, 211], [1461, 211]], '엄청나게', 0.9961943030357361), ([[76, 236], [314, 236], [314, 288], [76, 288]], '느끼고 있어서', 0.9948245036967337), ([[1390, 232], [1630, 232], [1630, 280], [1390, 280]], '정액 부카켓들', 0.2940322104307091), ([[76, 304], [312, 304], [312, 354], [76, 354]], '그런지 정액이', 0.9986156598840489), ([[1348, 298], [1614, 298], [1614, 352], [1348, 352]], '당해버력습니다.', 0.312943160887602), ([[73, 370], [316, 370], [316, 422], [73, 422]], '뿌려질 때마다', 0.7682286346801729), ([[1473, 369], [1533, 369], [1533, 413], [1473, 413]], '뭐 .', 0.9637160338648003), ([[115, 443], [269, 443], [269, 487], [115, 487]], '느껴저서,', 0.6133696669211427), ([[1376, 436], [1614, 436], [1614, 486], [1376, 486]], '괜찮습나다만.', 0.5301089813244635), ([[74, 508], [310, 508], [310, 558], [74, 558]], '가볍게 가버린', 0.9721125831242571), ([[110, 576], [276, 576], [276, 628], [110, 628]], '것은 역시', 0.7170435141774584), ([[61, 642], [326, 642], [326, 698], [61, 698]], '남자친구데계는', 0.22808825359174403), ([[124, 714], [258, 714], [258, 762], [124, 762]], '말할 수', 0.7271994176846327), ([[71, 782], [227, 782], [227, 832], [71, 832]], '없습니다.', 0.968024984404655), ([[398, 882], [566, 882], [566, 932], [398, 932]], '너무 많이', 0.797820758716373), ([[351, 950], [543, 950], [543, 1000], [351, 1000]], '내버럿잖아', 0.2428561301888917), ([[360, 1018], [604, 1018], [604, 1072], [360, 1072]], '기모노가 정액', 0.7667796006468772), ([[378, 1086], [586, 1086], [586, 1140], [378, 1140]], '때문에 큰일', 0.8073930900661107), ([[385, 1152], [508, 1152], [508, 1206], [385, 1206]], '낫는데', 0.48302445950314665), ([[1235, 1208], [1405, 1208], [1405, 1671], [1235, 1671]], '8', 0.013351297198883894), ([[1400, 1384], [1456, 1384], [1456, 1452], [1400, 1452]], '', 0.0), ([[876, 1440], [984, 1440], [984, 1715], [876, 1715]], '쥐', 0.04170048795018122), ([[1099, 1583], [1179, 1583], [1179, 1768], [1099, 1768]], '귀', 0.07209380250955988), ([[913.2667061024509, 1630.0206980133823], [1016.7687755440317, 1652.4026787352725], [975.7332938975491, 1832.9793019866177], [872.2312244559683, 1810.5973212647275]], '껏', 0.022393082144901655)]
[]
[([[1482, 390], [1600, 390], [1600, 438], [1482, 438]], '진하게', 0.9997968298438252), ([[1430, 456], [1646, 456], [1646, 506], [1430, 506]], '나건네요~9', 0.2264201984321825), ([[1438, 526], [1642, 526], [1642, 576], [1438, 576]], '굉장한 기세', 0.9621824147798556), ([[1446, 594], [1566, 594], [1566, 644], [1446, 644]], '엿어요', 0.3358797887265188), ([[226, 1306], [312, 1306], [312, 1356], [226, 1356]], '요즘', 0.9999014620901975), ([[198, 1372], [338, 1372], [338, 1426], [198, 1426]], '안 나온', 0.7265259942804043), ([[1434, 1386], [1554, 1386], [1554, 1438], [1434, 1438]], '얼굴에', 0.9744833466808428), ([[164, 1441], [370, 1441], [370, 1494], [164, 1494]], '만큼 냄새도', 0.9926181260355668), ([[1448, 1454], [1534, 1454], [1534, 1504], [1448, 1504]], '찰씩', 0.10227959731383943), ([[148, 1508], [380, 1508], [380, 1564], [148, 1564]], '강렬하네요9', 0.5484673075532257), ([[1386, 1520], [1602, 1520], [1602, 1576], [1386, 1576]], '붙어있어요~', 0.9922571450250056), ([[1155.9666700642313, 335.0766894303488], [1263.6944609973593, 356.9544702508069], [1250.0333299357687, 415.9233105696512], [1142.3055390026407, 394.0455297491931]], '은와}', 0.18497280018184167), ([[1164.4695455742813, 1115.0117299787569], [1258.2503377602977, 1139.4379603451146], [1199.5304544257187, 1364.9882700212431], [1105.7496622397023, 1340.5620396548854]], '서', 0.029783081059388872)]
[([[1309, 129], [1681, 129], [1681, 191], [1309, 191]], '~육상부의 그녀~', 0.9997465424702779), ([[1420, 364], [1568, 364], [1568, 412], [1420, 412]], "'자 자~", 0.6601655252362741), ([[1376, 432], [1610, 432], [1610, 486], [1376, 486]], '달리기한 뒤의', 0.8922201664749795), ([[230, 474], [481, 474], [481, 535], [230, 535]], "'따곤파곤해~", 0.5122711256660668), ([[1416, 502], [1572, 502], [1572, 554], [1416, 554]], '축축해진', 0.9959842562675476), ([[1356, 568], [1630, 568], [1630, 624], [1356, 624]], '유니품이라고~ !', 0.170002761381079), ([[279.055894065057, 109.02347070764506], [415.07218521513863, 71.44151656051588], [482.944105934943, 347.97652929235494], [345.92781478486137, 386.5584834394841]], '{', 0.3872648926449642), ([[520.5106115658283, 836.009983362793], [612.8684648581846, 859.160071621608], [550.4893884341717, 1104.990016637207], [458.1315351418155, 1080.839928378392]], '호', 0.016308527150094898), ([[1067.4739687332517, 1333.0086494908528], [1180.4253814981669, 1297.0056556689242], [1289.5260312667483, 1668.9913505091472], [1175.5746185018331, 1704.9943443310758]], '3', 0.012736315444095148)]
[([[303, 243], [345, 243], [345, 289], [303, 289]], '옷', 0.9996331735397749), ([[1388, 238], [1642, 238], [1642, 291], [1388, 291]], '5어때 어때~?.', 0.3708719882789512), ([[201, 306], [426, 306], [426, 362], [201, 362]], '이러움저러콩', 0.07630796266750581), ([[1365, 306], [1718, 306], [1718, 362], [1365, 362]], '자위해도 좋아~..]', 0.49489843497514624), ([[148, 378], [424, 378], [424, 426], [148, 426]], '하면서 자위하기', 0.9081882256835441), ([[162, 446], [360, 446], [360, 496], [162, 496]], '시작햇장야.', 0.10101503421606561), ([[136, 514], [348, 514], [348, 566], [136, 566]], '무슨 일이야', 0.8062075956498557), ([[114, 580], [453, 580], [453, 634], [114, 634]], '참을 수 없는 거야!]', 0.21585921545364498), ([[475, 810], [561, 810], [561, 1045], [475, 1045]], '육', 0.4911507178060823), ([[921, 911], [1005, 911], [1005, 1087], [921, 1087]], '약', 0.08847194967661043), ([[463, 1799], [629, 1799], [629, 1931], [463, 1931]], '4"', 0.07618751524772416), ([[613, 1881], [655, 1881], [655, 1933], [613, 1933]], '2', 0.9897721422021419), ([[1244.2594976178455, 457.0392776077462], [1363.999184339312, 509.8931422238273], [1338.7405023821545, 564.9607223922538], [1219.000815660688, 512.1068577761727]], "화 화'", 0.6227233435951425), ([[550.2963160801232, 1519.0225308499223], [630.545218935963, 1505.2985112919737], [661.7036839198768, 1696.9774691500777], [581.454781064037, 1711.7014887080263]], '#', 0.32408212589615815)]
[([[297, 93], [457, 93], [457, 357], [297, 357]], '<', 0.5394759646321887), ([[1464, 208], [1532, 208], [1532, 256], [1464, 256]], "'오", 0.4790347078667464), ([[1456, 276], [1614, 276], [1614, 326], [1456, 326]], '대량으로', 0.9997922778129578), ([[1453, 347], [1619, 347], [1619, 398], [1453, 398]], '넷네.]', 0.8156183958053589), ([[189, 409], [330, 409], [330, 463], [189, 463]], "'조금은", 0.9631705284118652), ([[178, 482], [340, 482], [340, 530], [178, 530]], '자제하나', 0.9999780654907227), ([[158, 548], [310, 548], [310, 598], [158, 598]], '햇더니 ', 0.23946493864059448), ([[474, 666], [532, 666], [532, 714], [474, 714]], '해', 0.999931813448768), ([[923, 1131], [1063, 1131], [1063, 1428], [923, 1428]], '8', 0.060279980478558315), ([[1271.203970247832, 491.03970247832007], [1367.9952479948288, 550.7243017932818], [1331.796029752168, 606.9602975216799], [1236.0047520051712, 547.2756982067182]], '우왕 ', 0.15234377894757678), ([[427.56879950923485, 606.435758674934], [526.0144416676249, 584.1158035704952], [536.4312004907651, 646.564241325066], [438.9855583323751, 668.8841964295048]], '굉장', 0.9978950771924122), ([[514.0029455144984, 1712.0382916884794], [590.5345270022464, 1655.010993845414], [730.9970544855016, 1867.9617083115206], [654.4654729977536, 1923.989006154586]], '중', 0.5038022487411733)]
[([[1461, 215], [1610, 215], [1610, 266], [1461, 266]], "'그러면.", 0.7404894816337302), ([[290, 238], [358, 238], [358, 288], [290, 288]], "'뭐", 0.6426321255290749), ([[1448, 282], [1655, 282], [1655, 337], [1448, 337]], '나는 이대로', 0.9948994570408124), ([[230, 308], [470, 308], [470, 360], [230, 360]], '정액으로 젖어', 0.680367197996644), ([[1468, 352], [1638, 352], [1638, 402], [1468, 402]], '조금만 더', 0.9615423818240598), ([[242, 376], [460, 376], [460, 428], [242, 428]], '있는 건 알고', 0.47888735372605373), ([[1432, 419], [1672, 419], [1672, 472], [1432, 472]], '달리고 올까!!', 0.5551853466658259), ([[252, 444], [372, 444], [372, 494], [252, 494]], '있냐고', 0.741129238548594), ([[328, 512], [446, 512], [446, 562], [328, 562]], '근렇게', 0.4634542467856558), ([[234, 582], [470, 582], [470, 630], [234, 630]], '눈에 띄어...?', 0.4372846853413825), ([[266, 650], [436, 650], [436, 698], [266, 698]], '뭐 땀이야', 0.6303064569930936), ([[287, 721], [415, 721], [415, 765], [287, 765]], '땀.. !', 0.7897123405141276), ([[340, 786], [426, 786], [426, 834], [340, 834]], '그런', 0.9999620680470559), ([[264, 854], [436, 854], [436, 902], [264, 902]], '거라고 할', 0.5624418583538683), ([[274, 922], [424, 922], [424, 972], [274, 972]], '테니까!]', 0.4749733139739049), ([[232, 1053], [468, 1053], [468, 1110], [232, 1110]], '5이야, 정액올', 0.434421770882112), ([[246, 1124], [458, 1124], [458, 1178], [246, 1178]], '몸에 묻히고', 0.6464422964657813), ([[233, 1191], [468, 1191], [468, 1246], [233, 1246]], '달린다니.', 0.7041545621819572), ([[232, 1256], [467, 1256], [467, 1317], [232, 1317]], '흥분되네..]', 0.533070416848013), ([[714, 1298], [786, 1298], [786, 1452], [714, 1452]], '생', 0.019179510743904338), ([[1276.1821112670282, 417.04794576973984], [1373.8960174277142, 455.79794191626996], [1348.8178887329718, 515.9520542302602], [1251.1039825722858, 477.20205808373004]], '그럼', 0.9998812322467456), ([[849.199210734348, 1589.0291870605677], [921.5385690048801, 1555.0131923004458], [1002.800789265652, 1747.9708129394323], [929.4614309951199, 1780.9868076995542]], '중', 0.030991527427559618)]
[([[337, 131], [423, 131], [423, 323], [337, 323]], "'", 0.623603451972091)]
[([[1249, 193], [1735, 193], [1735, 257], [1249, 257]], '~치마로 대딸 받흔다~', 0.3327162130636728), ([[1160, 332], [1216, 332], [1216, 390], [1160, 390]], '행', 0.0111117664853424), ([[167, 424], [330, 424], [330, 477], [167, 477]], '그나저나,', 0.9964591370640126), ([[130, 494], [372, 494], [372, 544], [130, 544]], '사정하는 힘이', 0.9412918679406124), ([[126, 562], [286, 562], [286, 612], [126, 612]], '대단하네', 0.9997949004173279), ([[150, 630], [352, 630], [352, 682], [150, 682]], '괜티에 힘껏', 0.7244493126522277), ([[129, 697], [374, 697], [374, 750], [129, 750]], '달라불고 있는', 0.6115070542080338), ([[144, 766], [328, 766], [328, 814], [144, 814]], '게 느껴저. .', 0.2559916820562203), ([[1434, 900], [1548, 900], [1548, 1164], [1434, 1164]], '술', 0.11848897626042376), ([[96, 1476], [262, 1476], [262, 1526], [96, 1526]], '치마 속이', 0.8043031701163461), ([[1518, 1492], [1650, 1492], [1650, 1542], [1518, 1542]], '이런 게', 0.9875525427644258), ([[105, 1543], [254, 1543], [254, 1595], [105, 1595]], '엄청나게', 0.9958600401878357), ([[1174, 1526], [1292, 1526], [1292, 1574], [1174, 1574]], '치마가', 0.9465513634719838), ([[1464, 1558], [1704, 1558], [1704, 1615], [1464, 1615]], '중은 거야..?', 0.2725860467595798), ([[97, 1611], [260, 1611], [260, 1663], [97, 1663]], '되버린 것', 0.9903782298289152), ([[1122, 1594], [1346, 1594], [1346, 1646], [1122, 1646]], '미끌미골해서', 0.9033993767495474), ([[1453, 1630], [1712, 1630], [1712, 1678], [1453, 1678]], '치마라고. ?', 0.44019183101083165), ([[106, 1682], [218, 1682], [218, 1730], [106, 1730]], '같다 .', 0.7191734986349916), ([[1140, 1662], [1326, 1662], [1326, 1712], [1140, 1712]], '기분 좋아!', 0.8757004316276494), ([[1571, 1699], [1691, 1699], [1691, 1743], [1571, 1743]], '아프지', 0.9912186421680458), ([[1531, 1763], [1638, 1763], [1638, 1814], [1531, 1814]], '않아?', 0.998686443026781), ([[643, 1860], [744, 1860], [744, 2081], [643, 2081]], '%', 0.016488541721230376), ([[969, 2041], [1057, 2041], [1057, 2319], [969, 2319]], '5', 0.7141142995619845), ([[1067.0819746145257, 456.02635829274914], [1168.5439031503497, 396.0092473797185], [1308.9180253854743, 661.9736417072509], [1207.4560968496503, 721.9907526202815]], '축', 0.15364520706037244), ([[916.127036057031, 956.0638451878109], [1050.9481285959398, 986.2127476858315], [1037.872963942969, 1035.9361548121892], [903.0518714040602, 1005.7872523141685]], '우와아;', 0.653372049331665), ([[895.8455132356739, 1026.112117501937], [978.5565541586172, 1038.7362186761188], [969.1544867643261, 1088.887882498063], [886.4434458413828, 1076.2637813238812]], '변태.', 0.9480380453241611), ([[976.3053712883528, 1064.1245024785526], [1035.9865262781746, 1075.7682386008796], [1031.6946287116473, 1094.8754975214474], [972.0134737218256, 1083.2317613991204]], '..0', 0.08667538749652896), ([[398.9002390192948, 1997.0252106206265], [568.8552915233113, 1947.725216194838], [647.0997609807052, 2262.9747893793733], [477.1447084766888, 2312.2747838051623]], '$', 0.11356083318944687)]
[([[1492, 258], [1664, 258], [1664, 312], [1492, 312]], '결국-안은', 0.9430211933842378), ([[1476, 326], [1680, 326], [1680, 378], [1476, 378]], '이렇계-되어-', 0.6752038579686093), ([[1446, 389], [1709, 389], [1709, 450], [1446, 450]], '버려습니다 . ', 0.31697875494578776), ([[1313, 903], [1413, 903], [1413, 995], [1313, 995]], '인', 0.25016608611578306), ([[1163, 1013], [1327, 1013], [1327, 1209], [1163, 1209]], '1/', 0.19076793578900644), ([[332, 1038], [550, 1038], [550, 1456], [332, 1456]], '8', 0.3019487963035914), ([[326, 1722], [408, 1722], [408, 1774], [326, 1774]], '팬티', 0.2895201711730823), ([[1308, 1732], [1470, 1732], [1470, 1784], [1308, 1784]], '결국 이건', 0.7440788814300212), ([[304, 1788], [426, 1788], [426, 1840], [304, 1840]], '비치고', 0.9995473483127492), ([[1308, 1798], [1470, 1798], [1470, 1848], [1308, 1848]], '역시 너무', 0.48529455541311123), ([[301, 1856], [429, 1856], [429, 1908], [301, 1908]], '있어66', 0.6013731956481934), ([[1350, 1868], [1430, 1868], [1430, 1918], [1350, 1918]], '많이', 0.9968823899253901), ([[1296, 1934], [1486, 1934], [1486, 1986], [1296, 1986]], '내버럿잖아', 0.21997963823713276), ([[1354, 2009], [1428, 2009], [1428, 2046], [1354, 2046]], '크크', 0.45605016642594626), ([[1058, 2054], [1170, 2054], [1170, 2102], [1058, 2102]], '웃겨국', 0.6829326202499437), ([[1205.5577794898145, 661.0400308166593], [1380.9774130172445, 590.4808824671431], [1484.4422205101855, 892.9599691833407], [1308.0225869827555, 964.5191175328569]], '동', 0.16021384226949298)]
[]
[([[180, 2048], [638, 2048], [638, 2222], [180, 2222]], '개- 0', 0.9182925224304199), ([[191, 2197], [643, 2197], [643, 2361], [191, 2361]], '4-스', 0.6156749865337904)]
[]
[([[1119, 132], [1733, 132], [1733, 195], [1119, 195]], '~옷 속에 정액올 내게 한다~', 0.7639870303086908), ([[496, 552], [626, 552], [626, 604], [496, 604]], '역시 옷', 0.9834473169366638), ([[500, 618], [622, 618], [622, 672], [500, 672]], '같은데', 0.9237137622524174), ([[502, 688], [620, 688], [620, 738], [502, 738]], '문으면', 0.8484353261824484), ([[518, 756], [606, 756], [606, 808], [518, 808]], '곤란', 0.9950972130077647), ([[484, 824], [640, 824], [640, 874], [484, 874]], '활까.. ?', 0.4144736032406578), ([[238, 1128], [412, 1128], [412, 1184], [238, 1184]], '괜찮아요!', 0.9625228649018946), ([[1354, 1360], [1526, 1360], [1526, 1414], [1354, 1414]], '이런 곳에', 0.7058463723453363), ([[1338, 1428], [1544, 1428], [1544, 1480], [1338, 1480]], '내고 싶으신', 0.9600411917748355), ([[1360, 1498], [1518, 1498], [1518, 1548], [1360, 1548]], '가요. ?', 0.7117948352250157), ([[804, 1576], [900, 1576], [900, 1708], [804, 1708]], '(', 0.12594819456279627), ([[160, 1716], [214, 1716], [214, 1764], [160, 1764]], '옛,', 0.9839637053394267), ([[91, 1782], [285, 1782], [285, 1836], [91, 1836]], '괜찮아...?!', 0.46105843195057283), ([[124, 1852], [254, 1852], [254, 1906], [124, 1906]], '이야~;', 0.9045023322105408), ([[122, 1918], [258, 1918], [258, 1970], [122, 1970]], '고마워', 0.2855013473915145)]
[]
[]
[]
[]
[]
[]
[]
[]
[]
[([[55, 2227], [255, 2227], [255, 2400], [55, 2400]], '민', 0.05101327120734944)]
[([[850, 276], [966, 276], [966, 324], [850, 324]], '굉장히', 0.999637160702993), ([[852, 344], [966, 344], [966, 392], [852, 392]], '열심히', 0.999770195141964), ([[832, 410], [984, 410], [984, 460], [832, 460]], '문지르고', 0.7329038977622986), ([[826, 480], [956, 480], [956, 530], [826, 530]], '있네요.', 0.4832962155342102), ([[382, 580], [496, 580], [496, 628], [382, 628]], '왜냐면', 0.9995982762787224), ([[356, 646], [522, 646], [522, 698], [356, 698]], '이런 일흘', 0.8894640355086859), ([[350, 716], [532, 716], [532, 764], [350, 764]], '할 수 있는', 0.6976416844105856), ([[336, 782], [542, 782], [542, 836], [336, 836]], '기회논 흔치', 0.8513139582326932), ([[354, 850], [528, 850], [528, 904], [354, 904]], '않으니까!', 0.37561099262825953), ([[1511, 1855], [1693, 1855], [1693, 1991], [1511, 1991]], '팀사', 0.011641724711306006)]
[([[0, 2291], [101, 2291], [101, 2400], [0, 2400]], '9', 0.13659149163420725)]
[([[0, 2291], [101, 2291], [101, 2400], [0, 2400]], '9', 0.25127292369109355)]
[([[0, 2293], [101, 2293], [101, 2400], [0, 2400]], "'", 0.08529898423967097)]
[([[0, 2282], [112, 2282], [112, 2400], [0, 2400]], ')', 0.3495698695145535)]
[]
[]
[]
[]
[]
[]
[([[412, 444], [540, 444], [540, 494], [412, 494]], '~*에게', 0.1533716768026352), ([[767, 479], [827, 479], [827, 539], [767, 539]], '앗', 0.34114392345916045), ([[371, 513], [580, 513], [580, 564], [371, 564]], '부카켓 하는', 0.5892520941701694), ([[436, 584], [516, 584], [516, 632], [436, 632]], '날이', 0.999931722788134), ([[383, 649], [551, 649], [551, 702], [383, 702]], '오다니. ', 0.2549695378561482), ([[435, 719], [513, 719], [513, 763], [435, 763]], '너무', 0.9999406577530219), ([[374, 786], [580, 786], [580, 838], [374, 838]], '행복해.. !', 0.3926268225130596), ([[1238, 1174], [1478, 1174], [1478, 1647], [1238, 1647]], '빛', 0.019825957403477368), ([[598, 1530], [844, 1530], [844, 1860], [598, 1860]], ')', 0.08224068286282105), ([[1375, 1957], [1419, 1957], [1419, 2003], [1375, 2003]], '욕', 0.9621411694089979), ([[1352, 2026], [1448, 2026], [1448, 2074], [1352, 2074]], '산다', 0.7862391848389998)]
[]
[]
[]
[]
[]
[]
[]
[]
[]
[]
