2797276
13
[([[2138, 1659], [2437, 1659], [2437, 1939], [2138, 1939]], '적', 0.8709934073050682), ([[1436, 1928], [1534, 1928], [1534, 2028], [1436, 2028]], '#', 0.07623031022150428), ([[2403, 2607], [2508, 2607], [2508, 2658], [2403, 2658]], '@.아마3', 0.004083321200593356), ([[2019.135059540618, 977.0138576672819], [2315.958198161971, 1148.4981505202245], [2199.864940459382, 1342.9861423327181], [1903.041801838029, 1171.5018494797755]], '#여', 0.10125125579583925), ([[703.1878920427177, 1208.2079357836865], [747.6482675660701, 1168.0263089373377], [826.8121079572823, 1266.7920642163135], [782.3517324339299, 1306.9736910626623]], '출', 0.08902567281254736), ([[2135.284369097313, 1984.0075321223787], [2624.835304217001, 2280.6575176076794], [2469.715630902687, 2526.9924678776215], [1980.1646957829987, 2230.3424823923206]], '대8', 0.002258937535848837), ([[2496.8674325266984, 2624.129959864804], [2558.572143302875, 2634.976264439711], [2550.1325674733016, 2676.870040135196], [2488.427856697125, 2666.023735560289]], '\'~4"9', 0.24570642910769563)]
[]
[]
[([[55, 50], [179, 50], [179, 149], [55, 149]], '진', 0.008618480016455488), ([[246, 50], [404, 50], [404, 147], [246, 147]], '74각', 0.03885699341853756), ([[750, 42], [1365, 42], [1365, 170], [750, 170]], "00'14'30'27", 0.7969794420136597), ([[1589, 50], [1785, 50], [1785, 176], [1589, 176]], '볕돕(', 0.0012318253140248133), ([[1320, 649], [1742, 649], [1742, 1252], [1320, 1252]], '4', 0.04631831614553139), ([[43, 2569], [311, 2569], [311, 2684], [43, 2684]], '5::', 0.008386611179707877), ([[60, 2686], [213, 2686], [213, 2794], [60, 2794]], '4', 0.9999899864447457), ([[1296, 2719], [1624, 2719], [1624, 2824], [1296, 2824]], '@-어_여0', 0.0062074852928238715), ([[216.81232717861488, 2678.054366246902], [396.00805862633746, 2704.019384774303], [375.1876728213851, 2812.945633753098], [195.99194137366254, 2786.980615225697]], '3073', 0.17196077300120524)]
[([[1233.7387977234655, 775.0198878338534], [1478.6621609091242, 631.0054810888988], [1750.2612022765345, 1171.9801121661467], [1505.3378390908758, 1314.994518911101]], '캐', 0.012678088570653223)]
[([[2381.2548739491967, 2104.094008401868], [2459.991597929665, 2123.775630155275], [2452.7451260508033, 2148.905991598132], [2374.008402070335, 2130.224369844725]], '@떤', 0.009297084239066156), ([[2454.2572186472917, 2130.1430466182296], [2509.9746607425536, 2139.6826438092326], [2505.7427813527083, 2158.8569533817704], [2450.0253392574464, 2149.3173561907674]], '-고데', 0.005831706803417795)]
[([[2402, 2606], [2556, 2606], [2556, 2675], [2402, 2675]], '@율3/5_79', 0.0006005921482236257)]
[([[2381.272393124891, 2104.089572499564], [2459.988581152488, 2123.738499149157], [2452.727606875109, 2149.910427500436], [2374.011418847512, 2131.261500850843]], '@하', 0.003042084168534627), ([[2454.2572186472917, 2130.1430466182296], [2509.9746607425536, 2139.6826438092326], [2505.7427813527083, 2158.8569533817704], [2450.0253392574464, 2149.3173561907674]], '-고9', 0.012285859433737636)]
[([[1846, 305], [2142, 305], [2142, 374], [1846, 374]], '안녕 ,  지위관~', 0.16779298816653795), ([[1948, 377], [2081, 377], [2081, 443], [1948, 443]], '후후}', 0.8446901856355009), ([[791, 2337], [1073, 2337], [1073, 2403], [791, 2403]], '좀 쉬려햇논데', 0.24529049599990282), ([[1771, 2373], [1848, 2373], [1848, 2409], [1771, 2409]], ')-물54"', 0.0009669202062250119), ([[877, 2407], [1001, 2407], [1001, 2471], [877, 2471]], '뭐지?', 0.9025608281031471), ([[1135, 2429], [1292, 2429], [1292, 2498], [1135, 2498]], '새로운', 0.9926225325518492), ([[1162, 2503], [1267, 2503], [1267, 2572], [1162, 2572]], '암살', 0.9959734769093208), ([[1092, 2577], [1351, 2577], [1351, 2652], [1092, 2652]], '계획인가??)', 0.6054046638638889)]
[([[177, 116], [268, 116], [268, 202], [177, 202]], '기', 0.06970487442035633), ([[104, 351], [199, 351], [199, 426], [104, 426]], "9'", 0.04033024766971261), ([[133, 1017], [164, 1017], [164, 1061], [133, 1061]], '오', 0.41030783728098186), ([[876, 847], [1105, 847], [1105, 1076], [876, 1076]], '장', 0.1652148330810954), ([[1611, 1496], [1834, 1496], [1834, 1748], [1611, 1748]], '광', 0.64875789977647), ([[1222, 1672], [1434, 1672], [1434, 1877], [1222, 1877]], '판', 0.21609744465968106), ([[407, 2722], [443, 2722], [443, 2747], [407, 2747]], '209', 0.03232784467398457), ([[128.69102647134787, 247.22423500387413], [200.7172780733484, 189.02145617508148], [292.30897352865213, 321.7757649961259], [220.2827219266516, 379.9785438249185]], '왕', 0.0633382253995487), ([[99.30973151003737, 407.02650963048575], [218.8932509344415, 491.6179407331611], [173.69026848996262, 554.9734903695143], [53.10674906555849, 471.3820592668389]], '0아무', 0.23304443214229942), ([[1238.8941441237164, 981.0218463300223], [1422.8048511739905, 899.058229973036], [1576.1058558762836, 1289.9781536699777], [1392.1951488260095, 1372.941770026964]], '콩', 0.4796141969541736), ([[830.7086771745093, 1557.221280326862], [1145.3635640162465, 1363.6660964219127], [1270.2913228254909, 1591.778719673138], [954.6364359837535, 1785.3339035780873]], '광사', 0.003068741724538633), ([[353.719631200671, 2734.4635574408053], [405.74112567744027, 2728.015885486664], [408.280368799329, 2749.5364425591947], [356.25887432255973, 2755.984114513336]], '(끊물5', 0.0015911742812022567)]
[([[1812, 2375], [1846, 2375], [1846, 2395], [1812, 2395]], '~"/', 0.11393090167251763), ([[1772, 2382], [1816, 2382], [1816, 2408], [1772, 2408]], ')구"?', 0.0006946352659724653)]
[([[407, 2722], [443, 2722], [443, 2747], [407, 2747]], '~09', 0.2285693005898196), ([[367.8905996075495, 2732.335899411324], [405.6641005886757, 2728.8905996075496], [407.1094003924505, 2750.664100588676], [369.3358994113243, 2753.1094003924504]], '식현6', 0.0032943985089645164)]
[]
