2797448
39
[([[93, 81], [425, 81], [425, 167], [93, 167]], '리자드맨', 0.9955747723579407), ([[458, 86], [700, 86], [700, 158], [458, 158]], '소쇼타와', 0.4313652515411377), ([[722, 72], [1501, 72], [1501, 175], [722, 175]], '로리 엘프의 성장기록', 0.5768709262691794), ([[1446, 179], [1759, 179], [1759, 267], [1446, 267]], '혼아4/하,*?', 6.818577015395755e-06), ([[99, 1291], [347, 1291], [347, 1407], [99, 1407]], '@@', 0.6428942923968183), ([[83, 1385], [341, 1385], [341, 1493], [83, 1493]], '@처@)', 0.033901646733284)]
[([[1283, 103], [1477, 103], [1477, 187], [1283, 187]], '6살 때', 0.33458441495895386), ([[1298, 224], [1554, 224], [1554, 276], [1298, 276]], '구엔의 남성기가 ', 0.6948256514427363), ([[1266, 276], [1552, 276], [1552, 328], [1266, 328]], '발달하여 군열에서', 0.6955309950696883), ([[1296, 324], [1550, 324], [1550, 379], [1296, 379]], '보족한 끝부분이', 0.6616136384308312), ([[1290, 376], [1546, 376], [1546, 426], [1290, 426]], '튀어나오게 된다:', 0.726821704191592), ([[1372, 428], [1550, 428], [1550, 476], [1372, 476]], '자랑스럽게', 0.8175437084970523), ([[1374, 478], [1552, 478], [1552, 530], [1374, 530]], '리리나에게', 0.9127124914902895), ([[1250, 528], [1546, 528], [1546, 580], [1250, 580]], '뿐내는 구엔이지만', 0.41478341989137374), ([[1298, 578], [1549, 578], [1549, 630], [1298, 630]], '리리나는 놀라서', 0.6690709301361026), ([[1408, 628], [1552, 628], [1552, 678], [1408, 678]], '당황하고', 0.9880951642990112), ([[1392, 680], [1546, 680], [1546, 728], [1392, 728]], '있는 모습:', 0.477938663886016), ([[1408, 730], [1552, 730], [1552, 782], [1408, 782]], '변험없이', 0.40210191343644425), ([[1440, 782], [1552, 782], [1552, 830], [1440, 830]], '사이는', 0.39401887749477926), ([[1428, 832], [1542, 832], [1542, 880], [1428, 880]], '쫓지만', 0.359898657135283), ([[1324, 882], [1550, 882], [1550, 930], [1324, 930]], '이 무렵이 되면', 0.9894912602028733), ([[1342, 932], [1550, 932], [1550, 982], [1342, 982]], '달라붙으면서', 0.6188042849204458), ([[1324, 982], [1550, 982], [1550, 1032], [1324, 1032]], '노는 일은 거의', 0.7856847493060215), ([[1326, 1032], [1550, 1032], [1550, 1086], [1326, 1086]], '없어지게 된다:', 0.6107469808448169), ([[102, 1986], [407, 1986], [407, 2040], [102, 2040]], '목욕과 수면은 함께.', 0.9846169550468938)]
[([[146, 114], [443, 114], [443, 247], [146, 247]], '(살 때', 0.116667740046978), ([[106, 276], [842, 276], [842, 330], [106, 330]], '메리벌 씨에게 모유름 권유받고 거절하는 리리나:', 0.20807644037512862), ([[76, 331], [872, 331], [872, 386], [76, 386]], '리리나가 메리벌 씨의 모유름 마시 것은 유소년기의', 0.5699365832589273), ([[74, 386], [736, 386], [736, 438], [74, 438]], '잠시차이없지만 작년까지 몰래 빨던 구엔은', 0.4372770897497443), ([[76, 440], [376, 440], [376, 490], [76, 490]], '어쩐지 원하고 있다:', 0.9633480098066877)]
[([[906, 110], [1546, 110], [1546, 164], [906, 164]], '엘프치고는 조숙햇년 모양인지 리리나에제', 0.20729054674343533), ([[592, 114], [822, 114], [822, 212], [592, 212]], '8살 때', 0.7968446238658992), ([[870, 165], [1132, 165], [1132, 217], [870, 217]], '초경이 찾아온다', 0.7395266290166129), ([[98, 1028], [856, 1028], [856, 1082], [98, 1082]], '상담을 받은 메리엘(40 씨가 적절하게 대처햇지만', 0.41388304811853943), ([[64, 1081], [864, 1081], [864, 1136], [64, 1136]], '성별 차이 의식과 수치심이 씩트면서 구엔과 리리나의', 0.6664056208376028), ([[64, 1136], [844, 1136], [844, 1188], [64, 1188]], '관계가 약간 서먹해지고 거리가 멀어진 게 나타나게', 0.7449606031967594), ([[64, 1192], [146, 1192], [146, 1240], [64, 1240]], '된다:', 0.6128422610440896)]
[([[68, 88], [248, 88], [248, 164], [68, 164]], '(8살 때', 0.3540583790104408), ([[1150, 1880], [1478, 1880], [1478, 1932], [1150, 1932]], '리리나가 구엔 앞에서', 0.6923145977166463), ([[1115, 1930], [1546, 1930], [1546, 1980], [1115, 1980]], '벌거방는 것올 부끄러워하게', 0.3277709252874981), ([[1116, 1980], [1426, 1980], [1426, 2032], [1116, 2032]], '되고 같이 목욕하지', 0.8126024739295957), ([[1116, 2030], [1276, 2030], [1276, 2080], [1116, 2080]], '않게 된다:', 0.49904927158576756)]
[([[1060, 238], [1288, 238], [1288, 336], [1060, 336]], '오살 때', 0.5004886300347811), ([[1072, 372], [1528, 372], [1528, 426], [1072, 426]], '옛날 일범 보는 구엔과 리리나:', 0.4017959757182178), ([[1038, 424], [1442, 424], [1442, 472], [1038, 472]], '사진 속의 자신들올 보면서', 0.8879421314293515), ([[1038, 472], [1492, 472], [1492, 524], [1038, 524]], '두 사람은 무슨 생각올 햇올까', 0.6563006541131189)]
[([[175, 1553], [419, 1553], [419, 1645], [175, 1645]], '(0살 때', 0.4837483828977869), ([[125, 1694], [592, 1694], [592, 1744], [125, 1744]], '두 사람의 관계는 다시 예전으로', 0.6149379568854694), ([[94, 1750], [566, 1750], [566, 1800], [94, 1800]], '돌아온 것 같다: 구엔의 제안으로', 0.7570003694369365), ([[94, 1804], [420, 1804], [420, 1856], [94, 1856]], '같이 목욕하는 리리나:', 0.5638270706287583)]
[([[338, 82], [1002, 82], [1002, 130], [338, 130]], '리리나의 젖심이 발달하고 구엔도 다른 성별인', 0.46599966633211826), ([[86, 89], [776, 89], [776, 188], [86, 188]], '1{@살 때리라라의불몸해 관심물갖게되다입', 0.0009047339567096775), ([[88, 222], [790, 222], [790, 272], [88, 272]], '처음에는 부끄러워하던 리리나엿지만 구엔에게', 0.3077306474383962), ([[56, 274], [872, 274], [872, 324], [56, 324]], '떠밀러서 시키논 대로 다리블 벌려 보인다: 흥미진진하게', 0.3640103700920233), ([[56, 322], [554, 322], [554, 375], [56, 375]], '리리나의 여성기틀 살펴보분 구엔.', 0.29128700799344365), ([[593, 2048], [708, 2048], [708, 2115], [593, 2115]], '질적', 0.7076967149323783)]
[([[145, 99], [389, 99], [389, 189], [145, 189]], '(0살 때', 0.7722023102243714), ([[88, 205], [806, 205], [806, 257], [88, 257]], '답례로 리리나에게 자신의 가랑이틀 보여주는 구엔', 0.4093486961962391), ([[56, 258], [704, 258], [704, 310], [56, 310]], '이 무렵이 되니 완전한 남성기 모양이 되없다', 0.5812093981116615), ([[56, 314], [680, 314], [680, 364], [56, 364]], '당황하면서도 흥미늄 있는 듯 엉거주충하여', 0.14749967396994604), ([[56, 367], [508, 367], [508, 418], [56, 418]], '구엔의 폐니스트 만지는 리리나:', 0.32949853384569094), ([[1180, 1846], [1554, 1846], [1554, 1896], [1180, 1896]], '나중에 갑자기 부끄러워진', 0.899852851691146), ([[1168, 1900], [1312, 1900], [1312, 1948], [1168, 1948]], '모양이다:', 0.6157996400896726)]
[([[94, 100], [346, 100], [346, 202], [94, 202]], '{@살 때', 0.5826155981052711), ([[768, 718], [818, 718], [818, 770], [768, 770]], ')', 0.9145312747665493), ([[646, 992], [1174, 992], [1174, 1042], [646, 1042]], '리자드맨과 세스하는 메리벌 씨(42)', 0.3676913009347933), ([[613, 1046], [1550, 1046], [1550, 1115], [613, 1115]], '두 사람은 보건체육 수업으로 행위의 의미늄 알고 있지만 실제로', 0.43327253383081527), ([[613, 1101], [1542, 1101], [1542, 1154], [613, 1154]], '행위틀 보는 것은 당연히 처음이기 때문에   놀라움과 호기심으로', 0.6577294197728396), ([[614, 1158], [938, 1158], [938, 1208], [614, 1208]], '뚫어저라 엿보고 있다:', 0.7340602606117645), ([[691, 1982], [1543, 1982], [1543, 2046], [691, 2046]], '성교육올 위해서라도 메리엘 씨는 앞으로도 두 사람이 엿볼', 0.34182550433445164), ([[846, 2043], [1544, 2043], [1544, 2095], [846, 2095]], '타이망에 정기적으로 리자드맵이나 혹은 엘프와', 0.3980601327062292), ([[1248, 2100], [1540, 2100], [1540, 2148], [1248, 2148]], '세스홀 하게 되없다:', 0.2543242819340178), ([[346.3677629812733, 424.02223433408113], [409.59867109471395, 405.0199335792905], [459.6322370187267, 583.9777656659188], [396.40132890528605, 602.9800664207095]], '칠', 0.1385689461881947), ([[172.16866881586026, 632.0288309483878], [257.10306484415355, 609.1857239637256], [303.83133118413974, 799.9711690516122], [218.89693515584645, 823.8142760362744]], '철', 0.10603565982961616)]
[([[113, 89], [337, 89], [337, 197], [113, 197]], '@살 때', 0.4050579360889219), ([[108, 1088], [1166, 1088], [1166, 1141], [108, 1141]], '메리벌 씨의 흉내름 내는 두 사람이지만; 아직-구엔의 성기의 경도와 길이가', 0.34120508710838776), ([[79, 1145], [1038, 1145], [1038, 1196], [79, 1196]], '부족해서 잘 십입활 수 없다 그래도 자기 전에 누가 먼저활 것도 없이-', 0.3886576921590783), ([[80, 1202], [754, 1202], [754, 1252], [80, 1252]], '세스 놀이률 하는 것이 두 사람의 일과가 되없다:', 0.35543343792133003), ([[1003.2736737481338, 586.0441247346969], [1048.3322300499055, 577.1497723895451], [1067.7263262518663, 679.9558752653031], [1022.6677699500945, 689.8502276104549]], '틀', 0.9582908679478805), ([[81.32012998543549, 1564.0257158077484], [147.4992301766027, 1540.0138568211512], [203.6798700145645, 1713.9742841922516], [138.5007698233973, 1737.9861431788488]], '밀', 0.5597193121075748)]
[([[92, 86], [266, 86], [266, 163], [92, 163]], '8살 때', 0.632567285370369), ([[67, 553], [153, 553], [153, 619], [67, 619]], '이름', 0.999701950498368), ([[1297, 585], [1383, 585], [1383, 649], [1297, 649]], '이름', 0.9996438777057453), ([[113, 614], [237, 614], [237, 698], [113, 698]], '구엔', 0.719930726798991), ([[1343, 642], [1488, 642], [1488, 720], [1343, 720]], '리래나_', 0.2804746627807617), ([[74, 1896], [618, 1896], [618, 1944], [74, 1944]], '기록올 위해 앞으로 함께 살게 된 두 사람', 0.8478047041166297), ([[76, 1942], [646, 1942], [646, 1992], [76, 1992]], '리자드맨과 엘프라는 세간적으로는 특이한', 0.48694167444207853), ([[76, 1990], [762, 1990], [762, 2038], [76, 2038]], '조합이지만 어린 두 사람에제는 종족의 구별이라는', 0.5306205215192391), ([[77, 2039], [637, 2039], [637, 2083], [77, 2083]], '의식은 없는 것 같다 이때는 초면이없지만', 0.7792740088475009), ([[973, 2017], [1180, 2017], [1180, 2103], [973, 2103]], "조-욕'", 0.918035626411438), ([[74, 2088], [501, 2088], [501, 2133], [74, 2133]], '구엔과 리리나는 금방 친해적다:', 0.5115023516919531)]
[([[100, 114], [352, 114], [352, 234], [100, 234]], '{(살 때', 0.18636866868648805), ([[92, 274], [424, 274], [424, 319], [92, 319]], '완전히 서로틀 파트너로', 0.34554681213817195), ([[62, 328], [470, 328], [470, 376], [62, 376]], '인정한 것인지 일상적으로도', 0.6468098247944556), ([[62, 382], [346, 382], [346, 430], [62, 430]], '항상 함께 잎게 된다:', 0.3526550314450851), ([[62, 438], [432, 438], [432, 486], [62, 486]], '한때는 다른 이불에서 잠율', 0.6095208488355753), ([[60, 492], [546, 492], [546, 542], [60, 542]], '잠지만 지금은 다시 옛날처럼 서로', 0.5905461614168749), ([[62, 548], [470, 548], [470, 596], [62, 596]], '맨살올 포개며 바싹 붙어있다:', 0.5012295383346063), ([[765.8069000274562, 999.1820800878598], [793.542875285166, 978.0370104182882], [835.1930999725438, 1038.81791991214], [807.457124714834, 1058.9629895817118]], '%', 0.026598048551813358)]
[([[233, 95], [307, 95], [307, 161], [233, 161]], '때', 0.9997564702499382), ([[86, 205], [694, 205], [694, 255], [86, 255]], '평소처럼 잠자기 전에 렉스 놀이름 하고 있던', 0.2997874453295992), ([[56, 258], [770, 258], [770, 310], [56, 310]], '둘이없으나 서서히 발달하여 충분히 렉스할 수 있는', 0.2541589896626714), ([[54, 314], [618, 314], [618, 362], [54, 362]], '크기로 되어있던 구엔의 폐니스가 드디어', 0.5827632665946593), ([[54, 368], [396, 368], [396, 420], [54, 420]], '리리나의 질에 십입되다:', 0.41335626645534584), ([[1313, 876], [1393, 876], [1393, 1062], [1313, 1062]], '풀', 0.5299055283184408), ([[159, 1274], [278, 1274], [278, 1327], [159, 1327]], '7772', 0.6991721391677856), ([[609, 1759], [669, 1759], [669, 1845], [609, 1845]], '특', 0.9288257902992427), ([[588, 2036], [1530, 2036], [1530, 2084], [588, 2084]], '리자드먼에 비해 뜨거울 정도로 체온이 크게 차이 나는 엘프의 질살로', 0.5713801254390751), ([[558, 2089], [1537, 2089], [1537, 2138], [558, 2138]], '갑자기 음경이 감싸지는 감추에  십입과 동시에 사정해버리고 마는 구엔 ', 0.3852789071117917), ([[93.30093083492353, 93.14539884255652], [231.94357832977195, 79.92549892429203], [235.69906916507645, 170.85460115744348], [97.05642167022803, 183.07450107570796]], '(?살', 0.5737177251257428), ([[1035.037927696395, 589.0934312516142], [1104.8387895187773, 608.7405890293593], [1091.962072303605, 649.9065687483858], [1022.1612104812226, 630.2594109706407]], '사사"', 0.04939371064917848)]
[([[111, 123], [363, 123], [363, 237], [111, 237]], '(7살 때', 0.3491815262180099), ([[86, 1650], [1001, 1650], [1001, 1702], [86, 1702]], '리자드먼이 처음으로-사정하는 평균 연령은 지거단구엔이없지만', 0.07484464143965806), ([[54, 1708], [948, 1708], [948, 1758], [54, 1758]], '그때까지는 사정감을 느낌 시점에서 세스 놀이률 끝느기 때문에,', 0.13524241186000377), ([[56, 1762], [950, 1762], [950, 1818], [56, 1818]], '구엔에게 있어서 정액올 싸는 것은 리리나의 질내가 처음이없다:', 0.6952106042491604), ([[56, 1818], [602, 1818], [602, 1868], [56, 1868]], '첫 질내사정에 당황하던 리리나없으나:', 0.5908134023571076), ([[773.5553403101275, 1414.0198114734276], [816.0421699726667, 1409.109817820564], [830.4446596898725, 1535.9801885265724], [787.9578300273333, 1540.890182179436]], '중', 0.1929942050916802)]
[([[1021, 133], [1251, 133], [1251, 243], [1021, 243]], '살 때', 0.9981483817100525), ([[1024, 288], [1510, 288], [1510, 338], [1024, 338]], '처음 리리나의 안에 사정하고 나서', 0.9213437895736806), ([[1014, 343], [1512, 343], [1512, 394], [1014, 394]], '구엔은 그 새로운 놀이에 푹 빠지고', 0.9186116725210608), ([[79, 381], [117, 381], [117, 453], [79, 453]], '응', 0.5517376683383759), ([[1071, 400], [1460, 400], [1460, 450], [1071, 450]], '틈만 나면 리리나름 고섞다:', 0.21057554198049902), ([[1024, 456], [1508, 456], [1508, 506], [1024, 506]], '처음에는 구엔올 위해 어울러 주년', 0.481068673523962), ([[1073, 510], [1460, 510], [1460, 562], [1073, 562]], '리리나금지만  직접 자신도', 0.40681868676618926), ([[1086, 568], [1443, 568], [1443, 619], [1086, 619]], '성적 쾌학올 느끼게 되고', 0.3468541955293522), ([[1107, 624], [1428, 624], [1428, 672], [1107, 672]], '그후로는 메리벌 씨가', 0.8357500156643572), ([[1128, 681], [1405, 681], [1405, 729], [1128, 729]], '부재중인 날 같으면', 0.6743917519446457), ([[1127, 739], [1405, 739], [1405, 783], [1127, 783]], '하루 종일 세스하는', 0.32743572884663436), ([[1141, 795], [1393, 795], [1393, 839], [1141, 839]], '일도 적지 않앉다:', 0.9166900028407834), ([[1307, 911], [1471, 911], [1471, 1085], [1307, 1085]], '판', 0.13882699869056125), ([[1250, 1140], [1430, 1140], [1430, 1292], [1250, 1292]], '땅', 0.5814318650801944), ([[1399.5116820441494, 1622.0170532313361], [1455.666770057128, 1616.201332661715], [1470.4883179558506, 1778.9829467686639], [1414.333229942872, 1784.798667338285]], '물', 0.35064829648493756)]
[([[752, 220], [804, 220], [804, 246], [752, 246]], '0 )', 0.513518750667572), ([[1348, 1382], [1530, 1382], [1530, 1460], [1348, 1460]], '{7살 때', 0.6669698511273006), ([[1078, 1476], [1550, 1476], [1550, 1529], [1078, 1529]], '거의 매일 질내 사정올 반복해앉기', 0.424038783427276), ([[1080, 1534], [1551, 1534], [1551, 1582], [1080, 1582]], '때문에 리리나가 임신햇다 이종간', 0.40354951215508517), ([[1134, 1588], [1496, 1588], [1496, 1636], [1134, 1636]], '교배라도 아이가 태어나는', 0.9302999432705519), ([[1191, 1645], [1437, 1645], [1437, 1689], [1191, 1689]], '사례는 적지 않다:', 0.6889724524583813)]
[([[791, 92], [1036, 92], [1036, 192], [791, 192]], '((?살 때', 0.1480837631845134), ([[1061, 106], [1522, 106], [1522, 154], [1061, 154]], '리리나의 배가 눈에 띄게 커적다:', 0.3855242237896091)]
[([[785, 485], [1025, 485], [1025, 575], [785, 575]], '{감살 때', 0.1553893839316835), ([[684, 610], [1180, 610], [1180, 658], [684, 658]], '순조롭게 성장하여 임신이 안정기에', 0.5665436204212422), ([[696, 665], [1165, 665], [1165, 714], [696, 714]], '접어든 리리나: 그때까지 보류햇년', 0.4505327025286515), ([[775, 721], [1087, 721], [1087, 765], [775, 765]], '색스틀 즐기논 두 사람', 0.253664350437925), ([[1328.6297119285061, 1383.0784937780027], [1401.6807202805844, 1339.019323061713], [1485.3702880714939, 1493.9215062219973], [1411.3192797194156, 1538.980676938287]], '푹', 0.13837970504850805)]
[([[101, 143], [337, 143], [337, 233], [101, 233]], '(?살 때', 0.10509247233384954), ([[92, 262], [364, 262], [364, 312], [92, 312]], '리리나름 배려하여', 0.8116558975921526), ([[62, 318], [340, 318], [340, 368], [62, 368]], '함께 목욕해서 몸올', 0.8824198548774623), ([[60, 374], [275, 374], [275, 423], [60, 423]], '씻겨주는 구엔', 0.5196322379243603), ([[434, 1808], [510, 1808], [510, 1880], [434, 1880]], '푹', 0.06408656024931592), ([[90, 1931], [530, 1931], [530, 1975], [90, 1975]], '리리나는 모유름 분비할 수 앞게', 0.22483483161032924), ([[60, 1984], [491, 1984], [491, 2032], [60, 2032]], '되엇기 때문에 구엔이 장난으로', 0.5528404916782198), ([[59, 2041], [491, 2041], [491, 2085], [59, 2085]], '가슴을 주무르자 하안 물방울이', 0.8159166238779302), ([[60, 2094], [268, 2094], [268, 2142], [60, 2142]], '솟구처 나오다:', 0.24873874067568671)]
[([[89, 99], [329, 99], [329, 189], [89, 189]], '(?살 때', 0.4761824698513236), ([[87, 214], [366, 214], [366, 262], [87, 262]], '드디어 출산하눈날', 0.685925206863712), ([[56, 267], [392, 267], [392, 319], [56, 319]], '쿠엔이 지켜보눈 가운데', 0.31459662994079357), ([[56, 323], [360, 323], [360, 372], [56, 372]], '출산의 고통올 견디는', 0.6118631686567259), ([[58, 379], [336, 379], [336, 428], [58, 428]], '리리나: 질 입구에서', 0.9625353755849093), ([[56, 434], [260, 434], [260, 482], [56, 482]], '서서히 머리가', 0.998943526622429), ([[59, 491], [295, 491], [295, 535], [59, 535]], '보이기 시작하다:', 0.7740415889819139), ([[60, 2084], [822, 2084], [822, 2134], [60, 2134]], '무사히 출산 두 사람을 속 닮은 새로운 가족이 태어낫다:', 0.39600412875889174)]
[([[811, 69], [1049, 69], [1049, 161], [811, 161]], '78살 때', 0.39035658878594287), ([[866, 167], [1499, 167], [1499, 215], [866, 215]], '출산 후 반년이 지낫다: 새로운 가족을 맞이하여,', 0.621492549341354), ([[834, 217], [1390, 217], [1390, 269], [834, 269]], '아빠와 엄마가 된 구엔과 리리나의 생활은', 0.8296987278861585), ([[836, 270], [1292, 270], [1292, 319], [836, 319]], '앞으로도 계속되어 가능 것이없다:', 0.531595081077951)]
[([[95, 93], [289, 93], [289, 181], [95, 181]], '8살 때', 0.39959150054317877), ([[74, 220], [475, 220], [475, 270], [74, 270]], '놀다 지치고 바싹 달라붙어서', 0.9756156604583341), ([[149, 271], [399, 271], [399, 315], [149, 315]], '낮잠 자는 두 사람', 0.5541448395086602), ([[1363.2666855696395, 57.02692374709664], [1471.8639392383213, 145.35601012694642], [1415.7333144303605, 212.97307625290335], [1308.1360607616787, 124.64398987305357]], '(리|', 0.39155284467350515)]
[([[897, 717], [1017, 717], [1017, 829], [897, 829]], '08', 0.5009481459272673)]
[([[33, 19], [189, 19], [189, 55], [33, 55]], '(어관없건야 ?', 0.010824159501010592), ([[1, 53], [221, 53], [221, 89], [1, 89]], '@전 @운양다교', 0.011590975325912337), ([[280, 44], [348, 44], [348, 76], [280, 76]], '주교', 0.07866827927214977), ([[47, 85], [175, 85], [175, 123], [47, 123]], '뒷발@', 0.011659359131538285), ([[241, 75], [347, 75], [347, 113], [241, 113]], '대라물', 0.004226191964605595), ([[43, 121], [181, 121], [181, 159], [43, 159]], '매문 좁다', 0.040942335103544926), ([[248, 114], [378, 114], [378, 144], [248, 144]], '@ {;', 0.001819693949073553), ([[46, 158], [176, 158], [176, 190], [46, 190]], '&가물뭄', 0.00019808465731330216), ([[43, 189], [179, 189], [179, 225], [43, 225]], '옷}가@숙교', 0.012955537236363944), ([[910, 172], [992, 172], [992, 222], [910, 222]], '바짝', 0.6033807176043875), ([[39, 223], [187, 223], [187, 261], [39, 261]], ' 명1야?', 0.011381277683489656), ([[906, 218], [986, 218], [986, 266], [906, 266]], '바싹', 0.7032355022673844), ([[346.0513167019495, 76.15395010584845], [387.7574350900542, 83.8182421042625], [381.9486832980505, 111.84604989415155], [340.2425649099458, 104.1817578957375]], '@0', 0.49810244057019604)]
[([[319, 31], [361, 31], [361, 67], [319, 67]], '', 0.0), ([[3, 53], [239, 53], [239, 91], [3, 91]], '(왕 ?600 @운안', 0.023979773427744988), ([[281, 65], [413, 65], [413, 103], [281, 103]], '@즈', 0.14665260262889976), ([[18, 78], [222, 78], [222, 126], [18, 126]], '뿐화 출권 한때', 0.025477638965446737), ([[278, 100], [413, 100], [413, 140], [278, 140]], '@8 엷', 0.02089955962384751), ([[9, 119], [227, 119], [227, 161], [9, 161]], '@뵙체 단젠공셈', 0.0006185901414946952), ([[259, 136], [436, 136], [436, 174], [259, 174]], '술셈 @태고8', 0.004639721472132447), ([[29, 157], [211, 157], [211, 197], [29, 197]], '해주눈권 @ )', 0.0054546490505645384)]
[([[298, 32], [382, 32], [382, 64], [298, 64]], '(@리?', 0.08970578759908676), ([[279, 65], [401, 65], [401, 103], [279, 103]], '@간 %', 0.11367284996492538), ([[4, 102], [218, 102], [218, 134], [4, 134]], '@@안7로!@어 @', 0.0006329416176583284), ([[293, 101], [389, 101], [389, 137], [293, 137]], '@남럿', 0.03993697485004461), ([[55, 131], [171, 131], [171, 171], [55, 171]], '@램 출음', 0.003325677699782341), ([[257, 137], [427, 137], [427, 175], [257, 175]], '건운로@.000)', 0.006451414527580702), ([[15, 169], [211, 169], [211, 205], [15, 205]], '민@글내월간: 몰@@죄', 0.0007461111911386957), ([[15, 203], [213, 203], [213, 239], [15, 239]], '@어교다0)', 0.10779002025914465), ([[811.4019155871075, 196.03589937299262], [851.4414617361614, 191.21228780489236], [859.5980844128925, 288.9641006270074], [820.5585382638386, 293.78771219510764]], '@', 0.45877587130690145)]
[([[52, 58], [108, 58], [108, 90], [52, 90]], '표', 0.05046213068173788), ([[19, 87], [143, 87], [143, 123], [19, 123]], '워 @ 말숨', 0.03451767107751782), ([[171, 73], [419, 73], [419, 109], [171, 109]], "(@컴@')))", 0.004677822833193834), ([[23, 119], [137, 119], [137, 155], [23, 155]], '(왕}감@@?', 0.009685743132723895), ([[19, 151], [139, 151], [139, 187], [19, 187]], '@88데', 0.0062727006152272224), ([[52, 186], [110, 186], [110, 216], [52, 216]], '@령', 0.02919700575785146), ([[17, 215], [143, 215], [143, 251], [17, 251]], '@리로/씨0', 0.002381737737265436), ([[31, 561], [47, 561], [47, 591], [31, 591]], '2', 0.9444022477725902), ([[824.4257255601344, 211.0275458253983], [874.4667145519563, 204.1820322772398], [891.5742744398656, 326.9724541746017], [841.5332854480437, 334.8179677227602]], '품', 0.7720861727134185)]
[([[147, 19], [233, 19], [233, 55], [147, 55]], '@@@', 0.2110998660938128), ([[299, 29], [405, 29], [405, 67], [299, 67]], '@월언', 0.006118609990486205), ([[117, 51], [261, 51], [261, 87], [117, 87]], '@페 @쑤', 0.01941117047683774), ([[310, 66], [392, 66], [392, 98], [310, 98]], '@', 0.23558601400591872), ([[147, 83], [231, 83], [231, 119], [147, 119]], '@쪽%', 0.008692336933817643), ([[325, 95], [377, 95], [377, 131], [325, 131]], '@숨', 0.16068457986593127), ([[131, 115], [247, 115], [247, 153], [131, 153]], '따디8까', 0.005657011643052101), ([[306, 130], [400, 130], [400, 162], [306, 162]], '노@@', 0.031132299025730403), ([[46, 146], [260, 146], [260, 200], [46, 200]], '하례   기블 중렉0 ', 0.003785367008424922), ([[10, 192], [148, 192], [148, 266], [10, 266]], '곱투째@교', 0.00102506974208459), ([[848, 171], [898, 171], [898, 283], [848, 283]], '중', 0.6458970438428793), ([[11, 261], [145, 261], [145, 297], [11, 297]], '@리되/씨0', 0.010830977641642679), ([[630.3516449153894, 185.03513322158327], [676.583323709385, 178.2126788553512], [690.6483550846106, 288.96486677841676], [644.416676290615, 295.7873211446488]], '중', 0.692705542334707)]
[([[196, 20], [252, 20], [252, 50], [196, 50]], '예럿', 0.013526654158466498), ([[306, 35], [447, 35], [447, 68], [306, 68]], '@?  @입하', 0.013979778693904708), ([[154, 52], [296, 52], [296, 82], [154, 82]], '@륙 @다 어.', 0.005241691833997964), ([[52, 76], [114, 76], [114, 108], [52, 108]], '워말', 0.012835330846767617), ([[158, 80], [292, 80], [292, 112], [158, 112]], '@갑자 @@고', 0.033242386827786054), ([[334, 68], [420, 68], [420, 100], [334, 100]], '젯금 @', 0.27961117029190063), ([[11, 105], [291, 105], [291, 143], [11, 143]], '@어문 @@ @@어0000', 0.04181080914168664), ([[320, 96], [430, 96], [430, 124], [320, 124]], '&내교3어60', 0.017298077101737246), ([[0, 136], [166, 136], [166, 168], [0, 168]], '여동@@ @예', 0.07843910600152654), ([[341, 123], [411, 123], [411, 159], [341, 159]], '@웅0', 0.03308607357870737), ([[3, 163], [161, 163], [161, 201], [3, 201]], '끊액음 ( -네', 0.0062774396150910815), ([[18, 196], [148, 196], [148, 228], [18, 228]], '박@@@', 0.028193533420562744), ([[142.61346793042907, 220.01871968341928], [174.8661897404547, 226.4620152837213], [154.38653206957093, 330.98128031658075], [123.1338102595453, 324.5379847162787]], '풀', 0.5524028606102007)]
[([[248, 26], [276, 26], [276, 56], [248, 56]], '내', 0.2256922691529093), ([[66, 68], [120, 68], [120, 92], [66, 92]], '@깨', 0.015165826588254078), ([[201, 53], [285, 53], [285, 89], [201, 89]], '다임예', 0.11755950943516626), ([[311, 53], [463, 53], [463, 93], [311, 93]], '@정 원림애', 0.0084237571026984), ([[25, 93], [165, 93], [165, 129], [25, 129]], '@관어균야', 0.006378477000872516), ([[173, 83], [313, 83], [313, 119], [173, 119]], '딴화관다3', 0.01872341760763542), ([[333, 87], [445, 87], [445, 123], [333, 123]], '따운양까', 0.022987619042396545), ([[55, 123], [135, 123], [135, 159], [55, 159]], '@돈료', 0.03763132020140035), ([[193, 113], [293, 113], [293, 149], [193, 149]], '콤전히제', 0.007131480146199465), ([[326, 118], [453, 118], [453, 156], [326, 156]], '도이이8', 0.024779966101050377), ([[24, 142], [316, 142], [316, 190], [24, 190]], '#소째 닭발 @음 컨리되', 0.0004737879876601109), ([[37, 183], [155, 183], [155, 219], [37, 219]], '좁05국짓 ?', 0.0014517953528131592), ([[19, 235], [111, 235], [111, 271], [19, 271]], '민 @안', 0.00549970199821112), ([[4, 267], [123, 267], [123, 297], [4, 297]], '@년@-?', 0.027019797755922254), ([[682.4478423696257, 224.0305813266319], [721.2821734951227, 220.1671922106911], [732.5521576303743, 323.96941867336807], [692.7178265048773, 327.8328077893089]], '꿈', 0.08647970965559271)]
[]
[([[1017, 35], [1144, 35], [1144, 62], [1017, 62]], '아`--기*말!', 3.107215509090661e-05), ([[785, 41], [893, 41], [893, 79], [785, 79]], '7:-*', 0.0030847107991576195), ([[1019, 55], [1097, 55], [1097, 75], [1019, 75]], '버태 하하쓰.', 0.0004430721733205788), ([[785, 77], [841, 77], [841, 115], [785, 115]], '0묘', 0.017401515249748), ([[1074, 80], [1156, 80], [1156, 106], [1074, 106]], '버-담리;+.', 0.004843287604941316), ([[784, 112], [899, 112], [899, 151], [784, 151]], '7구긋47', 0.003908791693975212), ([[1010, 134], [1082, 134], [1082, 158], [1010, 158]], '답어값!?', 0.011836090988778355), ([[1008, 158], [1224, 158], [1224, 188], [1008, 188]], '~라+ 리,. >어4 (어78!?', 0.0003570505584239687), ([[834, 392], [908, 392], [908, 416], [834, 416]], "'+;- 가.", 0.00226950714121633), ([[835, 413], [899, 413], [899, 433], [835, 433]], '[리,서7+', 0.0007378670240693337), ([[835, 433], [903, 433], [903, 453], [835, 453]], '묘리+마어`걸', 0.00016542266027857547), ([[10, 1081], [257, 1081], [257, 1172], [10, 1172]], '번역후기', 0.9949999451637268), ([[350, 1106], [936, 1106], [936, 1156], [350, 1156]], '[0살 때]의 0눈 아라비아 숫자가 아니라서', 0.7158091075411406), ([[446, 1144], [829, 1144], [829, 1192], [446, 1192]], '8살부터 시작하는 게 아니고', 0.6650018392291146), ([[338, 1178], [946, 1178], [946, 1228], [338, 1228]], '숫자가 두 자릿수로 되는 장면으로 계산해보면', 0.5052200531848485), ([[324, 1212], [958, 1212], [958, 1260], [324, 1260]], '처음에 4살로 시작하고 엔덩은 14살이라는 것올', 0.3773592413640594), ([[341, 1249], [943, 1249], [943, 1293], [341, 1293]], '알 수 있지만 사실 예전에 연재한 폐이지 보면', 0.5708381254677127), ([[400, 1282], [882, 1282], [882, 1330], [400, 1330]], '아라비이 숫자로 잘만 나와있습니다.', 0.5063922477768535), ([[1060, 1280], [1262, 1280], [1262, 1354], [1060, 1354]], '[예)', 0.02824325549287638), ([[373, 1319], [913, 1319], [913, 1363], [373, 1363]], '등장인물들이 너무 어려서 바군 것일지도.', 0.9760315146696682), ([[1033, 1347], [1279, 1347], [1279, 1384], [1033, 1384]], '문의 : @*|,_히@-리;-<어 ', 0.00018206487068944753), ([[240.400119964012, 507.0605878236588], [309.0, 534.0], [297.599880035988, 561.9394121763412], [229.0, 534.0]], '{:움', 0.00026971122987600507), ([[242.2172729245717, 534.1039098209152], [283.9574635093524, 550.4966019558549], [272.78272707542834, 576.8960901790848], [231.04253649064762, 559.5033980441451]], '트', 0.004378878042743617)]
[([[65, 67], [772, 67], [772, 116], [65, 116]], '두 사람을 돌보는 역할로는 둘 중 어느 종족도 아난', 0.27386767296967823), ([[64, 120], [798, 120], [798, 170], [64, 170]], '수인 메리벌 씨(36)가 뽑률다 온화하고 보살편 많은', 0.2780631248584998), ([[1308, 82], [1516, 82], [1516, 179], [1308, 179]], '낫살 때', 0.5012307167053223), ([[70, 174], [722, 174], [722, 224], [70, 224]], '보모 역할로는 안성맞춥이없지만 아이틀 보면', 0.5133902512775892), ([[66, 228], [590, 228], [590, 276], [66, 276]], '젖올 딴 아이에게도 모유름 먹이는 등', 0.07129357442573832), ([[66, 280], [462, 280], [462, 331], [66, 331]], '모성이 너무 강한 면도 있다', 0.6514239867125495), ([[98, 335], [614, 335], [614, 384], [98, 384]], '수유 관습이 업는 리자드맨인 구엔은', 0.5302398736082486), ([[66, 388], [590, 388], [590, 440], [66, 440]], '지금까지 모유름 먹은 적이 없없지만', 0.42666718528490083), ([[67, 441], [734, 441], [734, 491], [67, 491]], '역으로 그 때문인지 메리벌 씨의 모유름 먹느 게', 0.23557077011803834), ([[66, 496], [637, 496], [637, 544], [66, 544]], '너무 좋아지기도 해서 하루에 몇 번이나', 0.7333454645626152), ([[66, 548], [312, 548], [312, 598], [66, 598]], '수유하게 되없다:', 0.6580669937397533)]
[([[1260, 1174], [1488, 1174], [1488, 1274], [1260, 1274]], '낫살 때', 0.5394250714287601), ([[1117, 1363], [1461, 1363], [1461, 1407], [1117, 1407]], '신부늘이름 하는 두 사람', 0.1979051929628161), ([[1084, 1410], [1548, 1410], [1548, 1460], [1084, 1460]], '구엔은 히이지만 성별 차이 의식이', 0.314243984404694), ([[1085, 1458], [1457, 1458], [1457, 1503], [1085, 1503]], '씩트지 않아서 아내 역할올', 0.4950066854757902), ([[1086, 1506], [1222, 1506], [1222, 1550], [1086, 1550]], '좋아한다', 0.9620991967437104)]
[([[146, 132], [384, 132], [384, 234], [146, 234]], '8살 때', 0.714248776435852), ([[106, 281], [648, 281], [648, 330], [106, 330]], '구엔의 옷올 갈아입히면서 노는 리리나:', 0.5786592244034653), ([[77, 328], [783, 328], [783, 379], [77, 379]], '요즘은 오로지 여자애스러운 놀이름 자주 하고 있다', 0.706813477839594)]
[([[1274, 94], [1454, 94], [1454, 172], [1274, 172]], '8살 때', 0.9788179733832851), ([[1329, 227], [1529, 227], [1529, 271], [1329, 271]], '물놀이틀 하는', 0.4836911292234431), ([[1299, 275], [1411, 275], [1411, 317], [1299, 317]], '두 사람', 0.985505074806368), ([[87, 1441], [508, 1441], [508, 1497], [87, 1497]], '리자드맨의 성별적인 특징은', 0.4903816214782208), ([[58, 1495], [556, 1495], [556, 1546], [58, 1546]], '일정한 나이가 되기 전까지는 그닥', 0.6993066551675984), ([[56, 1545], [522, 1545], [522, 1598], [56, 1598]], '나타나지 않르다 구엔의 군열올', 0.1716725207718931), ([[58, 1598], [590, 1598], [590, 1650], [58, 1650]], '열리게 하면 발달되지 않은 남성기가', 0.8690887914294853), ([[56, 1652], [474, 1652], [474, 1700], [56, 1700]], '들어가 있는 것울 알 수 있다:', 0.35428215584796535)]
[([[1209, 159], [1431, 159], [1431, 247], [1209, 247]], '오살 때', 0.41137422598334733), ([[1211, 285], [1455, 285], [1455, 329], [1211, 329]], '쿠엔이 프로레슬림', 0.4397757141631477), ([[1183, 337], [1493, 337], [1493, 381], [1183, 381]], '흉내 같은 남자애스러운', 0.6530494065724052), ([[1179, 387], [1500, 387], [1500, 435], [1179, 435]], '놀이률 좋아하게 되지만;', 0.4445405531545461), ([[1181, 441], [1341, 441], [1341, 485], [1181, 485]], '완력은 아직', 0.9713724564620052), ([[1179, 490], [1451, 490], [1451, 539], [1179, 539]], '리리나 쪽이 더 세다:', 0.9348672319929395)]
[([[438, 91], [1014, 91], [1014, 141], [438, 141]], '구엔이 그다지 여자애 차림올 하지 암게 되고', 0.4286991486055897), ([[121, 95], [371, 95], [371, 209], [121, 209]], '0살 때', 0.6230987475370313), ([[410, 146], [846, 146], [846, 196], [410, 196]], '행동도 남자아이스러워지고 있다:', 0.8961867235424681), ([[83, 1441], [175, 1441], [175, 1867], [83, 1867]], '틀', 0.24860062873879318), ([[1282, 1720], [1380, 1720], [1380, 2001], [1282, 2001]], '8', 0.8926586772200871), ([[100, 2042], [1424, 2042], [1424, 2090], [100, 2090]], '자신과 리리나의 변화 차이틀 눈치채지 못한 구엔은 개의치 않고 서서 오중 싸자고 리리나에제 제안한다:', 0.17919659114347003), ([[73, 2096], [895, 2096], [895, 2141], [73, 2141]], '제안받은 리리나도 동행하고 있지만 부끄러움이 분명해 보인다:', 0.6347053767879346)]
