2801650
74
[([[436, 18], [502, 18], [502, 72], [436, 72]], '내', 0.1684130945235376), ([[432, 114], [512, 114], [512, 308], [432, 308]], '8', 0.04356546850489451), ([[6, 170], [80, 170], [80, 516], [6, 516]], "'", 0.5568199036375177), ([[6, 658], [104, 658], [104, 688], [6, 688]], '[지-)', 0.03006654791533947), ([[412, 634], [515, 634], [515, 688], [412, 688]], '[집9', 0.11983263693964166), ([[5, 685], [165, 685], [165, 720], [5, 720]], '@@@_ ', 0.017675998109531858), ([[354, 678], [515, 678], [515, 720], [354, 720]], '[니@ ', 0.03408953174948692)]
[([[16, 2], [88, 2], [88, 74], [16, 74]], '속품오', 0.003645889558664804), ([[420, 428], [456, 428], [456, 456], [420, 456]], '유질', 0.10278755366936837), ([[276, 458], [320, 458], [320, 486], [276, 486]], '8', 0.39227958519609274), ([[392, 670], [472, 670], [472, 696], [392, 696]], '~부인사점-', 0.9345629797095364)]
[([[412, 350], [450, 350], [450, 378], [412, 378]], '{안', 0.0775348630297716), ([[19, 419], [41, 419], [41, 435], [19, 435]], '무', 0.022384368710803848), ([[346, 404], [414, 404], [414, 434], [346, 434]], "요습니:'", 0.017915285866862484), ([[429, 563], [445, 563], [445, 587], [429, 587]], '늦', 0.08858193875973175), ([[400, 670], [474, 670], [474, 696], [400, 696]], '-부인사점-', 0.5061108122671725)]
[([[398, 438], [448, 438], [448, 468], [398, 468]], "'임질", 0.18608953058719635), ([[392, 670], [472, 670], [472, 696], [392, 696]], '~부인사점-', 0.9139623289076828)]
[([[11, 183], [35, 183], [35, 203], [11, 203]], '야', 0.5426777086946721), ([[303, 229], [335, 229], [335, 245], [303, 245]], '손님의', 0.9441438049475935), ([[291, 243], [347, 243], [347, 257], [291, 257]], '무유가 배이', 0.5998821923481804), ([[293, 257], [349, 257], [349, 271], [293, 271]], "'두사버려서", 0.08889021150809248), ([[83, 535], [107, 535], [107, 549], [83, 549]], '저도', 0.8185733871393848), ([[75, 549], [119, 549], [119, 565], [75, 565]], '스위치가', 0.9432739019393921), ([[75, 577], [117, 577], [117, 593], [75, 593]], '너럿어요', 0.6109899878501892), ([[395, 597], [497, 597], [497, 635], [395, 635]], '책임저요.', 0.2628713526173046), ([[353.5430712064641, 272.3775281716354], [401.3141198356202, 265.0908511356133], [404.4569287935359, 295.6224718283646], [356.6858801643798, 301.9091488643867]], '헤이', 0.3454917498817917)]
[([[303, 229], [335, 229], [335, 245], [303, 245]], '손님의', 0.9797588183519909), ([[291, 243], [347, 243], [347, 257], [291, 257]], '우유가 배예', 0.7179043314668228), ([[289, 257], [351, 257], [351, 271], [289, 271]], '가져 차버리서', 0.14853239182287079), ([[14, 545], [87, 545], [87, 647], [14, 647]], '작', 0.9995171414701964), ([[373, 657], [501, 657], [501, 673], [373, 673]], "'딴여자람 이러경 저리경하다가", 0.15764064457737711), ([[403, 669], [471, 669], [471, 685], [403, 685]], '유로음 못버티고', 0.23178046219451692), ([[387, 681], [487, 681], [487, 697], [387, 697]], '문과 마음까지 넘어가는', 0.3226874440413526), ([[415, 695], [459, 695], [459, 709], [415, 709]], '스토리 !?', 0.642694413577688), ([[360.6027607015021, 271.34524533285406], [401.3753467666904, 268.16758963712454], [402.3972392984979, 295.65475466714594], [361.6246532333096, 298.83241036287546]], '해이', 0.38217887725409755)]
[([[20, 46], [138, 46], [138, 96], [20, 96]], '안디애', 0.12804222721686187), ([[313, 85], [339, 85], [339, 105], [313, 105]], '옛?', 0.999925316601287), ([[189, 271], [259, 271], [259, 315], [189, 315]], '협석', 0.07089685290817675), ([[95, 469], [135, 469], [135, 483], [95, 483]], '자기인데', 0.358650267124176), ([[95, 483], [135, 483], [135, 495], [95, 495]], '보여춘기', 0.248396635055542), ([[95, 495], [137, 495], [137, 511], [95, 511]], '엎으니까', 0.2960723042488098), ([[95, 507], [131, 507], [131, 521], [95, 521]], '미라와 ', 0.517265796661377)]
[([[227, 31], [265, 31], [265, 45], [227, 45]], '지사길고', 0.012791041284799576), ([[433, 81], [475, 81], [475, 93], [433, 93]], '무서무니까', 0.4455592026647359), ([[441, 91], [475, 91], [475, 103], [441, 103]], '거기3어', 0.11189015954732895), ([[426, 99], [467, 99], [467, 113], [426, 113]], '{명데가지말', 0.08077262104806703), ([[37, 311], [83, 311], [83, 327], [37, 327]], '오현만데', 0.17015962348144464), ([[31, 327], [87, 327], [87, 343], [31, 343]], '카냥? 낭활', 0.005826849150308556), ([[37, 341], [83, 341], [83, 355], [37, 355]], '생기하고', 0.9032735824584961), ([[33, 355], [67, 355], [67, 369], [33, 369]], '하침논', 0.008511404914336622), ([[431, 349], [457, 349], [457, 365], [431, 365]], '말도', 0.20824951340384246), ([[418, 359], [455, 359], [455, 377], [418, 377]], '보로고', 0.7200549244880676), ([[411, 377], [463, 377], [463, 391], [411, 391]], '자. 만는', 0.16787118761310374), ([[417, 391], [467, 391], [467, 405], [417, 405]], '기민 하고', 0.7194412477889733), ([[447, 445], [499, 445], [499, 459], [447, 459]], '안되켓에', 0.1503174901008606), ([[447, 459], [497, 459], [497, 473], [447, 473]], '암주 눈물', 0.08342074796586844), ([[457, 485], [485, 485], [485, 499], [457, 499]], '낯다', 0.05285397194441141)]
[([[35, 57], [71, 57], [71, 73], [35, 73]], '미킬로', 0.35609855068084856), ([[25, 71], [81, 71], [81, 85], [25, 85]], '뇌쇄시켜서', 0.24877014215316443), ([[31, 85], [75, 85], [75, 101], [31, 101]], '만여자는', 0.9569738015537459), ([[17, 99], [89, 99], [89, 113], [17, 113]], '치다도 못모게', 0.25051707867683504), ([[45, 113], [81, 113], [81, 127], [45, 127]], '어마지', 0.5056889031860953), ([[325, 157], [446, 157], [446, 229], [325, 229]], '똑똑똑-', 0.9368351697921753), ([[411, 235], [453, 235], [453, 253], [411, 253]], '들어와!', 0.4874491689865061), ([[409, 253], [453, 253], [453, 269], [409, 269]], '다이', 0.5581383500816681), ([[411, 267], [451, 267], [451, 287], [411, 287]], '임얻어', 0.0039057688992974434), ([[275, 337], [315, 337], [315, 357], [275, 357]], '어때', 0.22731387707989367), ([[318, 360], [376, 360], [376, 384], [318, 384]], '군찰07', 0.5246429443359375), ([[396, 390], [488, 390], [488, 438], [396, 438]], '차락-', 0.9171558135264125), ([[31, 493], [79, 493], [79, 509], [31, 509]], '이려가', 0.13757086367229968), ([[43, 509], [69, 509], [69, 525], [43, 525]], '한념', 0.5726244074701913), ([[25, 527], [85, 527], [85, 543], [25, 543]], '04(7음', 0.02717896680633158)]
[([[57, 127], [113, 127], [113, 145], [57, 145]], '그먼0 솜순', 0.051943939523062164), ([[61, 145], [109, 145], [109, 161], [61, 161]], '나입이서', 0.5112584829330444), ([[379, 317], [401, 317], [401, 331], [379, 331]], '어거', 0.12420224701285011), ([[339, 331], [421, 331], [421, 349], [339, 349]], '내! 널끄러오다', 0.07984028028458459), ([[343, 349], [417, 349], [417, 365], [343, 365]], '반듬 * 다보자', 0.029838371287423594), ([[359, 369], [387, 369], [387, 383], [359, 383]], '마6', 0.17234303288780234)]
[([[9, 25], [55, 25], [55, 43], [9, 43]], '예예?', 0.16945894249946958), ([[393, 223], [429, 223], [429, 237], [393, 237]], '작시만', 0.17429137229919434), ([[389, 237], [423, 237], [423, 249], [389, 249]], '자기 ', 0.6717572217818901), ([[383, 249], [439, 249], [439, 265], [383, 265]], '이런곳예서', 0.9166461523683693), ([[413, 455], [437, 455], [437, 471], [413, 471]], '거기', 0.6769240912169457), ([[393, 473], [435, 473], [435, 489], [393, 489]], ')자6', 0.034301322030841), ([[397, 487], [451, 487], [451, 507], [397, 507]], '민규관거', 0.014590002596378326), ([[385, 507], [443, 507], [443, 525], [385, 525]], "잘 알'서", 0.07362320050524118), ([[334, 576], [370, 576], [370, 600], [334, 600]], '어질', 0.14002414059942606)]
[([[22, 20], [54, 20], [54, 46], [22, 46]], '흐움', 0.26187345655393396), ([[13, 47], [63, 47], [63, 67], [13, 67]], '이거왜', 0.10303076089576126), ([[13, 71], [61, 71], [61, 91], [13, 91]], '안마지', 0.45064167398298965), ([[346, 404], [422, 404], [422, 430], [346, 430]], '요즘 살다', 0.44392979506489705), ([[351, 431], [419, 431], [419, 449], [351, 449]], '보리자이가', 0.07139050611061609), ([[367, 451], [417, 451], [417, 471], [367, 471]], '안앞내', 0.10206803804845861), ([[430, 512], [481, 512], [481, 532], [430, 532]], '다이어트', 0.22175610065460205), ([[414, 530], [490, 530], [490, 556], [414, 556]], '80 젓7다', 0.03798510912867886), ([[418, 554], [492, 554], [492, 578], [418, 578]], '마칠전까-진', 0.2638410803025217), ([[414, 576], [490, 576], [490, 600], [414, 600]], '건찮아 논다', 0.21462011834656555), ([[430, 602], [476, 602], [476, 626], [430, 626]], '가슴이', 0.4510802513404877), ([[418, 626], [478, 626], [478, 650], [418, 650]], '구진건7', 0.16996657848358154)]
[([[3, 33], [75, 33], [75, 49], [3, 49]], '내가 유국안건', 0.3021639927044131), ([[14, 46], [53, 46], [53, 63], [14, 63]], '및 피만:', 0.2882876864600692), ([[239, 67], [271, 67], [271, 87], [239, 87]], '무집', 0.33057657421257136), ([[431, 277], [487, 277], [487, 293], [431, 293]], '적구칙으로', 0.07487290122081502), ([[431, 291], [477, 291], [477, 307], [431, 307]], '반다슬은', 0.09533964842557907), ([[372, 294], [396, 294], [396, 320], [372, 320]], '질', 0.036811296560600226), ([[20, 450], [58, 450], [58, 476], [20, 476]], '무', 0.015825122282075776), ([[407, 517], [469, 517], [469, 535], [407, 535]], '내대들다;', 0.12470965679431438), ([[400, 532], [474, 532], [474, 556], [400, 556]], '각지 감제로', 0.24031820718590416), ([[411, 557], [465, 557], [465, 573], [411, 573]], '가내"저서', 0.2959053558490798), ([[405, 573], [467, 573], [467, 593], [405, 593]], '도자 근느기', 0.07070840762911092), ([[407, 595], [469, 595], [469, 613], [407, 613]], "너무 주아 '", 0.3149507381030217), ([[281.0220279500418, 553.1638810551212], [321.7712263407149, 560.8509549318987], [315.9779720499582, 587.8361189448788], [275.2287736592851, 580.1490450681013]], '고집', 0.17854262479993027)]
[([[623, 15], [727, 15], [727, 51], [623, 51]], '진짜 0', 0.11058175563812256), ([[596, 268], [670, 268], [670, 298], [596, 298]], '안드는곁', 0.6392108201980591), ([[463, 293], [542, 293], [542, 334], [463, 334]], '[반보앗', 0.1305769830942154), ([[533, 311], [563, 311], [563, 325], [533, 325]], ':', 0.011851229785179385), ([[590, 294], [660, 294], [660, 320], [590, 320]], '아는데도', 0.39727041125297546), ([[590, 320], [644, 320], [644, 344], [590, 344]], '이런거', 0.9946601592077544), ([[594, 344], [656, 344], [656, 372], [594, 372]], '물라야"', 0.5396915852853712), ([[56, 462], [110, 462], [110, 490], [56, 490]], '밑대는', 0.11341779178490666), ([[28, 488], [140, 488], [140, 516], [28, 516]], '진짜야: 안대', 0.19266157465508596), ([[28, 510], [142, 510], [142, 542], [28, 542]], '박에 직인분도', 0.17857425061247442), ([[50, 538], [118, 538], [118, 564], [50, 564]], '계시논데', 0.3361979126930237), ([[518, 913], [579, 913], [579, 945], [518, 945]], '잠깐" !', 0.9831943890797008), ([[530, 940], [566, 940], [566, 968], [530, 968]], '듣고', 0.9804486473001588), ([[522, 966], [576, 966], [576, 994], [522, 994]], '9어?', 0.3620163307979252), ([[415, 985], [501, 985], [501, 1025], [415, 1025]], "'거9", 0.1028565634389823), ([[563, 993], [605, 993], [605, 1031], [563, 1031]], '야', 0.5376206311497214), ([[35.170867717450925, 167.6221280326862], [91.49615088301353, 159.3358994113243], [94.82913228254908, 185.3778719673138], [38.503849116986466, 194.6641005886757]], '하다', 0.5121059402313823)]
[([[610, 0], [733, 0], [733, 53], [610, 53]], '"약합콩밥-', 0.1468560221780233), ([[633, 69], [717, 69], [717, 131], [633, 131]], '뜻', 0.15530490549089393), ([[469, 321], [545, 321], [545, 363], [469, 363]], '고소육', 0.062124537861963224), ([[622, 340], [690, 340], [690, 366], [622, 366]], '소리내면', 0.9812451004981995), ([[622, 364], [694, 364], [694, 396], [622, 396]], '들키논곁', 0.1809602826833725), ([[620, 392], [694, 392], [694, 418], [620, 418]], '알먼서도', 0.17456142604351044), ([[614, 416], [698, 416], [698, 446], [614, 446]], '신음소리가', 0.93995678366115), ([[42, 452], [116, 452], [116, 480], [42, 480]], '안되다고', 0.9094318747520447), ([[612, 442], [680, 442], [680, 474], [612, 474]], '안 멈칙', 0.17951355359850885), ([[56, 478], [102, 478], [102, 506], [56, 506]], '행눈', 0.1768533292016817), ([[46, 506], [90, 506], [90, 532], [46, 532]], '대넷', 0.11374030836761974), ([[247, 541], [291, 541], [291, 583], [247, 583]], '급', 0.12965756616737067), ([[630, 630], [747, 630], [747, 732], [630, 732]], '넷 |', 0.16066167285480723), ([[104, 792], [172, 792], [172, 820], [104, 820]], '하이;', 0.17719629809067072), ([[659, 815], [723, 815], [723, 859], [659, 859]], '들', 0.3683298245502762), ([[29, 865], [85, 865], [85, 905], [29, 905]], '들', 0.7996872831278701), ([[194, 866], [306, 866], [306, 966], [194, 966]], '짐?', 0.035527265746230954), ([[541, 855], [625, 855], [625, 953], [541, 953]], '@', 0.13687038698614007), ([[596, 852], [670, 852], [670, 990], [596, 990]], '#', 0.42422260870438677), ([[657, 913], [697, 913], [697, 963], [657, 963]], '배', 0.010959702908339475), ([[633, 957], [697, 957], [697, 1017], [633, 1017]], '가사', 0.17606573972371697), ([[437.4940801759507, 118.01830642811976], [492.6336106673273, 112.19328888613637], [508.5059198240493, 269.98169357188027], [453.3663893326727, 275.8067111138636]], '{', 0.9929690405720635)]
[([[289, 323], [337, 323], [337, 361], [289, 361]], '하', 0.26309398068216083)]
[([[198, 214], [236, 214], [236, 238], [198, 238]], '수"', 0.041960626376745816), ([[52, 236], [98, 236], [98, 260], [52, 260]], '무', 0.046137804593211706), ([[416, 346], [496, 346], [496, 394], [416, 394]], '옛기', 0.850025067862157), ([[71, 469], [133, 469], [133, 483], [71, 483]], '똑쪽; 고객님?', 0.24166645411503654), ([[85, 481], [117, 481], [117, 497], [85, 497]], '무슨인', 0.3617620224197633), ([[73, 495], [131, 495], [131, 509], [73, 509]], '및으신가9?', 0.268351434559744), ([[136, 490], [174, 490], [174, 516], [136, 516]], '수파', 0.012919761529728293), ([[445, 499], [477, 499], [477, 513], [445, 513]], '고객님', 0.9320628779301396), ([[71, 507], [133, 507], [133, 521], [71, 521]], '소리가 나길래', 0.532322312220681), ([[459, 513], [481, 513], [481, 525], [459, 525]], '혹시', 0.3101939922893408), ([[447, 525], [491, 525], [491, 541], [447, 541]], '대답하기', 0.411644846200943), ([[447, 539], [491, 539], [491, 553], [447, 553]], '어러우신', 0.7292952537536621), ([[439, 553], [499, 553], [499, 567], [439, 567]], '상황이신가9', 0.5750077950877023)]
[([[31, 19], [63, 19], [63, 35], [31, 35]], '규정상', 0.3236322591446452), ([[17, 31], [77, 31], [77, 47], [17, 47]], '긴금상많이민', 0.35626372892482117), ([[31, 47], [63, 47], [63, 61], [31, 61]], '일도록', 0.22737942837800657), ([[21, 59], [73, 59], [73, 73], [21, 73]], '되어없어서', 0.23502493901188426), ([[205, 145], [229, 145], [229, 159], [205, 159]], '대답', 0.4076594779235015), ([[197, 157], [237, 157], [237, 171], [197, 171]], '엎으시면', 0.26270124316215515), ([[195, 171], [227, 171], [227, 185], [195, 185]], '연게요', 0.6161178324513497), ([[405, 275], [429, 275], [429, 287], [405, 287]], '가이', 0.3675762808591254), ([[395, 287], [419, 287], [419, 301], [395, 301]], '데대', 0.03871145386015818), ([[49, 393], [105, 393], [105, 407], [49, 407]], '관찬으신가요', 0.2478667464580352), ([[419, 473], [451, 473], [451, 485], [419, 485]], '@이기', 0.25333898184964293), ([[425, 643], [455, 643], [455, 657], [425, 657]], '찰아 ?', 0.05302929878234863), ([[48, 668], [95, 668], [95, 684], [48, 684]], '그래신가9', 0.6994079295863954), ([[444.544786249782, 97.17914499912801], [519.5857489010474, 92.1307743647413], [520.455213750218, 148.820855000872], [446.41425109895266, 153.8692256352587]], '@', 0.19412883956189209)]
[([[129, 45], [163, 45], [163, 59], [129, 59]], '싶미요', 0.609277526770536), ([[389, 41], [413, 41], [413, 55], [389, 55]], '래도', 0.9524187549839384), ([[431, 83], [473, 83], [473, 97], [431, 97]], '미내요', 0.42185547392938766), ([[429, 97], [475, 97], [475, 113], [429, 113]], '어무문세', 0.22223737835884094), ([[421, 113], [457, 113], [457, 127], [421, 127]], '없어오', 0.44388955003873376), ([[451, 157], [507, 157], [507, 177], [451, 177]], '하아)', 0.26352843496639167), ([[87, 357], [119, 357], [119, 375], [87, 375]], '아?', 0.6234518324382783)]
[([[87, 15], [147, 15], [147, 57], [87, 57]], '하웃', 0.15793685942416644), ([[63, 453], [143, 453], [143, 493], [63, 493]], '꼬약', 0.1389422610106125)]
[([[146, 77], [181, 77], [181, 95], [146, 95]], '그러면', 0.509472693458211), ([[133, 95], [197, 95], [197, 111], [133, 111]], '부슨일있으민', 0.26956075492190334), ([[135, 109], [189, 109], [189, 123], [135, 123]], '맘씀주세요', 0.382987716816596), ([[34, 342], [92, 342], [92, 366], [34, 366]], '하야  ', 0.09409773349761963), ([[377, 471], [425, 471], [425, 511], [377, 511]], '스옥', 0.5436407967411405)]
[([[41, 91], [83, 91], [83, 109], [41, 109]], '미처어', 0.2997846969949228), ([[247, 93], [283, 93], [283, 111], [247, 111]], '아이', 0.46558668749664744), ([[277, 143], [357, 143], [357, 163], [277, 163]], '여기 가주오는', 0.4759550069214785), ([[293, 161], [343, 161], [343, 179], [293, 179]], '가게인데', 0.24463707208633423), ([[299, 179], [337, 179], [337, 195], [299, 195]], '들기언', 0.4084894057482478), ([[279, 195], [359, 195], [359, 211], [279, 211]], "어:다 고그래'", 0.15493160292895894), ([[10, 268], [72, 268], [72, 296], [10, 296]], '하이"', 0.4846953473436507)]
[([[23, 25], [69, 25], [69, 41], [23, 41]], '여보오 -', 0.8667729989456868), ([[29, 35], [67, 35], [67, 73], [29, 73]], '단월주', 0.002323191199445266), ([[463, 51], [491, 51], [491, 65], [463, 65]], '자기', 0.9965512662015769), ([[21, 71], [71, 71], [71, 87], [21, 87]], '같이가자', 0.9947648048400879), ([[473, 67], [495, 67], [495, 81], [473, 81]], '인이', 0.4980464271296935), ([[450, 78], [507, 78], [507, 97], [450, 97]], '부탁하는더', 0.41667376442377574), ([[457, 95], [507, 95], [507, 111], [457, 111]], '무시하기', 0.573769681104714), ([[465, 111], [497, 111], [497, 127], [465, 127]], '있어?', 0.6967630350991408), ([[23, 325], [93, 325], [93, 343], [23, 343]], '가져아 ~', 0.5395264998196672), ([[217, 361], [265, 361], [265, 377], [217, 377]], '모야아 -', 0.807901837719661), ([[221, 377], [271, 377], [271, 391], [221, 391]], '무끄러워', 0.6816977262496948), ([[221, 391], [271, 391], [271, 409], [221, 409]], '아느기야', 0.5582994222640991), ([[408, 406], [506, 406], [506, 486], [408, 486]], '귀', 0.003310902985703912), ([[396, 530], [456, 530], [456, 556], [396, 556]], '출발하지', 0.971887469291687), ([[31, 577], [67, 577], [67, 593], [31, 593]], '자기가', 0.999906191412006), ([[25, 591], [71, 591], [71, 609], [25, 609]], '물고나는', 0.41401970386505127), ([[27, 607], [69, 607], [69, 623], [27, 623]], '가슴 좀', 0.980324398060238), ([[15, 621], [83, 621], [83, 637], [15, 637]], '걱정어쥐야지', 0.7800354221127317), ([[29, 635], [67, 635], [67, 651], [29, 651]], '밤마다', 0.9744773109756082), ([[25, 651], [71, 651], [71, 665], [25, 665]], '아프다구', 0.9583349823951721)]
[([[433, 115], [455, 115], [455, 129], [433, 129]], '아아', 0.6276726708350204), ([[427, 129], [481, 129], [481, 145], [427, 145]], '소리나길다', 0.4701820954071491), ([[431, 143], [477, 143], [477, 159], [431, 159]], '걱정되서', 0.24246473610401154), ([[419, 289], [459, 289], [459, 307], [419, 307]], '가아 .', 0.25138757727483707), ([[64, 353], [123, 353], [123, 379], [64, 379]], '하아"', 0.7140324919783175), ([[146, 491], [226, 491], [226, 532], [146, 532]], '찌리', 0.4174652074807073)]
[([[55, 29], [89, 29], [89, 45], [55, 45]], '그럴로', 0.17784019892577238), ([[51, 45], [95, 45], [95, 59], [51, 59]], '괜찮으신', 0.8973024487495422), ([[55, 59], [79, 59], [79, 73], [55, 73]], '가요', 0.9625878911335926), ([[129, 53], [177, 53], [177, 69], [129, 69]], '살겨오오', 0.08345573395490646), ([[140, 66], [192, 66], [192, 90], [140, 90]], '입으결로', 0.45862877368927), ([[402, 68], [438, 68], [438, 94], [402, 94]], '4 `', 0.2599293859493096), ([[121, 91], [187, 91], [187, 105], [121, 105]], "'설5니거'0", 0.060796536979807456), ([[388, 92], [446, 92], [446, 118], [388, 118]], "'제바말", 0.18089261651039124), ([[147, 507], [221, 507], [221, 543], [147, 543]], '(례어', 0.006691955891344271), ([[296.3447882227953, 451.3585340901496], [373.36634541852237, 441.8395096567692], [376.6552117772047, 480.6414659098504], [299.63365458147763, 489.1604903432308]], '제례', 0.2765354503292249)]
[([[55, 31], [89, 31], [89, 45], [55, 45]], '그럴로', 0.20293815887572914), ([[131, 37], [155, 37], [155, 51], [131, 51]], '40', 0.19342861203812065), ([[51, 45], [93, 45], [93, 59], [51, 59]], '괜찮으신', 0.2831259071826935), ([[53, 59], [85, 59], [85, 73], [53, 73]], '가요 :', 0.4454160437948231), ([[131, 53], [175, 53], [175, 69], [131, 69]], '^*02', 0.05672324448823929), ([[117, 69], [189, 69], [189, 89], [117, 89]], '처급 입연결로', 0.042270742696097076), ([[123, 91], [181, 91], [181, 105], [123, 105]], '구#다다', 0.0017327566165477037), ([[386, 88], [448, 88], [448, 114], [386, 114]], '제바말', 0.3780453030973139), ([[393, 119], [415, 119], [415, 139], [393, 139]], '7', 0.8798910081523594), ([[297, 444], [375, 444], [375, 483], [297, 483]], '제리"', 0.2840228439840124), ([[145, 507], [223, 507], [223, 543], [145, 543]], '찌리', 0.2928788460604902)]
[]
[([[91, 231], [159, 231], [159, 249], [91, 249]], '부타드리니다', 0.5804592518280299), ([[323, 317], [345, 317], [345, 335], [323, 335]], '식:', 0.060823819824587115), ([[209, 463], [265, 463], [265, 479], [209, 479]], '감사합니다', 0.9474153433916818), ([[280, 580], [340, 580], [340, 604], [280, 604]], '야 빨리', 0.6858595609664917), ([[272, 602], [348, 602], [348, 628], [272, 628]], '꺼쩌으면:', 0.1531159924940562), ([[434, 678], [496, 678], [496, 704], [434, 704]], ')%', 0.022931508437883653), ([[15.492979873436607, 270.13806578484224], [53.97439119569462, 274.77514049330125], [51.5070201265634, 288.86193421515776], [13.02560880430538, 284.22485950669875]], '*응어)', 0.00398534769192338), ([[53.57006641960765, 276.09713948117604], [85.98478355881794, 283.82621466609095], [82.42993358039234, 298.90286051882396], [50.01521644118206, 290.17378533390905]], '5{기머)', 4.1323957013644835e-05)]
[([[9, 15], [143, 15], [143, 57], [9, 57]], '[적-', 0.02979249883589803), ([[7, 53], [223, 53], [223, 97], [7, 97]], '@@-@ ', 0.04215412738214883), ([[19, 177], [135, 177], [135, 245], [19, 245]], '진', 0.08348138810877348), ([[119, 139], [517, 139], [517, 254], [119, 254]], "대학생 돌계-약 '", 0.10930744143725783), ([[45, 239], [487, 239], [487, 325], [45, 325]], '회스프래 세스 밝매경', 0.02146611807344598), ([[815, 420], [959, 420], [959, 499], [815, 499]], '[유히', 0.052471454486394724), ([[741, 481], [960, 481], [960, 538], [741, 538]], '오욕@', 0.008103760524761722)]
[]
[]
[([[129.1067444385465, 166.05002550306403], [235.7451752928928, 200.99693742425185], [210.8932555614535, 270.94997449693597], [104.25482470710719, 235.00306257574815]], '하음', 0.10114403806027522)]
[]
[([[170, 40], [204, 40], [204, 64], [170, 64]], '홍홍~', 0.06995313048960937), ([[171, 61], [203, 61], [203, 75], [171, 75]], '더이트', 0.2088573707902601), ([[405, 215], [437, 215], [437, 231], [405, 231]], '이것도', 0.5296429119176613), ([[405, 229], [439, 229], [439, 243], [405, 243]], '이쁘다', 0.796376063171191), ([[407, 243], [433, 243], [433, 257], [407, 257]], '자기', 0.9995070017671308), ([[399, 257], [443, 257], [443, 273], [399, 273]], '일로하바', 0.5130073428153992), ([[6, 368], [50, 368], [50, 392], [6, 392]], '자7?', 0.9794765875609278), ([[193, 371], [249, 371], [249, 391], [193, 391]], '요줄 0거', 0.35070802656548067), ([[189, 391], [255, 391], [255, 411], [189, 411]], '잘나7요+', 0.32570908981291813), ([[353, 397], [405, 397], [405, 417], [353, 417]], '사이주는', 0.9428430199623108), ([[359, 413], [399, 413], [399, 431], [359, 431]], '다이 그', 0.41066038608551025), ([[340, 428], [416, 428], [416, 454], [340, 454]], '다자-입한번', 0.2158821712592408), ([[347, 451], [411, 451], [411, 469], [347, 469]], '만계보 세오', 0.034256292948919284), ([[140, 466], [210, 466], [210, 492], [140, 492]], '조금더 크거', 0.3559790219591675), ([[155, 487], [197, 487], [197, 507], [155, 507]], '어나요', 0.057006372379032826), ([[166.25670585375283, 77.33103526837755], [205.91785703596014, 73.60308884931453], [206.74329414624717, 87.66896473162245], [167.08214296403986, 90.39691115068547]], '더이트 ~', 0.1292912615777506)]
[([[183, 185], [245, 185], [245, 223], [183, 223]], '하이', 0.049024956726453885), ([[611.1135155856441, 37.09946857683416], [687.7997031597855, 48.7500976448074], [679.8864844143559, 88.90053142316584], [604.2002968402145, 76.2499023551926]], '하라', 0.1823795333567608)]
[]
[]
[]
[]
[([[91, 177], [208, 177], [208, 244], [91, 244]], '찌격', 0.5278165179782011), ([[416.26455633745076, 50.19050351852838], [549.8701103944245, 40.901026571393764], [550.7354436625493, 110.80949648147163], [417.12988960557544, 120.09897342860623]], "질객'", 0.0769507337409547), ([[943.5086250343203, 349.22760010982483], [1017.9164445152533, 341.89171070218], [1020.4913749656797, 390.77239989017517], [947.0835554847467, 398.10828929782]], '공요', 0.0824650588826769)]
[]
[]
[]
[]
[([[40, 20], [122, 20], [122, 46], [40, 46]], '~부인사점-', 0.7689323955970171), ([[166, 178], [214, 178], [214, 202], [166, 202]], '크기늘', 0.24575380039849823), ([[162, 206], [218, 206], [218, 230], [162, 230]], '작치만', 0.10164742313340396), ([[148, 260], [230, 260], [230, 284], [148, 284]], '만점보사요', 0.06072633936880564), ([[162, 574], [214, 574], [214, 598], [162, 598]], '확실히 .', 0.9309416617776582), ([[152, 592], [224, 592], [224, 616], [152, 616]], '디자인이랑', 0.7556466284944451), ([[429, 591], [483, 591], [483, 611], [429, 611]], '그렇고 ?', 0.1736014037075405), ([[167, 613], [209, 613], [209, 633], [167, 633]], '감추이', 0.8373860255986588), ([[445, 611], [471, 611], [471, 625], [445, 625]], '53', 0.327912438048799), ([[164, 630], [210, 630], [210, 654], [164, 654]], '중네요', 0.15748406808813298), ([[424, 626], [488, 626], [488, 650], [424, 650]], '요즘 미계', 0.44564865459662356), ([[427, 647], [485, 647], [485, 667], [427, 667]], '잘나가9', 0.2563096582889557), ([[170.5857864376269, 239.5857864376269], [208.62403074268542, 233.83272790369486], [211.4142135623731, 252.4142135623731], [173.37596925731458, 259.16727209630517]], '단번', 0.4799625291388792), ([[12.335899411324313, 343.5038491169865], [75.72945714487926, 339.7549844602305], [76.6641005886757, 363.4961508830135], [13.270542855120732, 368.2450155397695]], '자아 ~', 0.5553662123046328)]
[([[726, 68], [842, 68], [842, 146], [726, 146]], '교육', 0.19889624148195814)]
[]
[([[417, 183], [527, 183], [527, 247], [417, 247]], '프육;', 0.744950910192802)]
[([[859, 29], [881, 29], [881, 45], [859, 45]], '에"', 0.12980532408837395), ([[842, 74], [952, 74], [952, 106], [842, 106]], '야 "안돼에', 0.5203001997150264), ([[878, 104], [926, 104], [926, 132], [878, 132]], '하아', 0.3371756710383696), ([[811, 181], [903, 181], [903, 217], [811, 217]], '그만두면', 0.7124080061912537), ([[828, 218], [858, 218], [858, 242], [828, 242]], '대', 0.4444319143118811), ([[867, 217], [895, 217], [895, 237], [867, 237]], '에', 0.670038138615169), ([[148, 216], [204, 216], [204, 286], [148, 286]], '양', 0.6063320944381445), ([[199, 222], [265, 222], [265, 345], [199, 345]], '값', 0.8035734150113605)]
[([[321, 289], [419, 289], [419, 349], [321, 349]], '하양', 0.8176761319061225)]
[]
[]
[]
[]
[]
[([[36, 24], [118, 24], [118, 50], [36, 50]], '~부인시점-', 0.9609223431726164), ([[415, 77], [467, 77], [467, 97], [415, 97]], '만격민도', 0.1381191909313202), ([[413, 97], [473, 97], [473, 115], [413, 115]], '부드리뒤서', 0.3690206073387702), ([[431, 115], [457, 115], [457, 131], [431, 131]], '무래', 0.11770102523450732), ([[415, 129], [467, 129], [467, 149], [415, 149]], '사용하기', 0.7472798824310303), ([[199, 134], [276, 134], [276, 177], [199, 177]], '교_육', 0.18511724571141408), ([[419, 149], [467, 149], [467, 167], [419, 167]], '*요시고', 0.1295585185289383), ([[460, 200], [500, 200], [500, 228], [460, 228]], '옷 !?', 0.9280087304378009), ([[27, 303], [67, 303], [67, 319], [27, 319]], '아래다', 0.21624794278113108), ([[21, 321], [75, 321], [75, 337], [21, 337]], '세트라시', 0.9555719494819641), ([[464, 312], [508, 312], [508, 336], [464, 336]], '라이', 0.17267161353011073), ([[15, 339], [79, 339], [79, 355], [15, 355]], '밥일밀때도', 0.2393407447136457), ([[29, 355], [67, 355], [67, 373], [29, 373]], '좋아요', 0.35738075200864383), ([[330, 392], [380, 392], [380, 418], [330, 418]], '도끼', 0.028150993200589624), ([[301, 487], [339, 487], [339, 503], [301, 503]], '시작도', 0.1426609925072373), ([[289, 503], [351, 503], [351, 521], [289, 521]], '가능미신데', 0.9822139900647259), ([[307, 521], [333, 521], [333, 537], [307, 537]], '간번', 0.3067026716094701), ([[293, 535], [345, 535], [345, 555], [293, 555]], '어떠나 ', 0.11888071894645691), ([[335, 647], [413, 647], [413, 709], [335, 709]], '불@', 0.2627607576944871)]
[]
[]
[]
[]
[]
[]
[]
[]
[]
[]
[([[99, 31], [121, 31], [121, 43], [99, 43]], '가야', 0.4132159943337104), ([[95, 43], [119, 43], [119, 55], [95, 55]], '자다', 0.4117838967867621), ([[291, 321], [313, 321], [313, 337], [291, 337]], '0 .', 0.44217056035995483), ([[51, 487], [77, 487], [77, 501], [51, 501]], '아아;', 0.7031160342585016), ([[49, 501], [85, 501], [85, 517], [49, 517]], '굉장만', 0.2532930374145508), ([[445, 505], [467, 505], [467, 519], [445, 519]], '잔뜩', 0.9970119175840855), ([[51, 517], [75, 517], [75, 531], [51, 531]], '국기', 0.6322449654519824), ([[425, 519], [487, 519], [487, 535], [425, 535]], '기대하신만큼', 0.9735170959349061), ([[429, 547], [483, 547], [483, 561], [429, 561]], '@드게요', 0.2442990094423294), ([[392, 670], [472, 670], [472, 696], [392, 696]], '~부인사점-', 0.8957768094517405)]
[([[383, 623], [419, 623], [419, 667], [383, 667]], '콩', 0.34506490179389004)]
[]
[]
[]
[]
[([[43, 75], [83, 75], [83, 93], [43, 93]], '가아 :', 0.08771155546637595), ([[261, 143], [297, 143], [297, 159], [261, 159]], '여기가', 0.9999388831925351), ([[253, 159], [305, 159], [305, 173], [253, 173]], '좀으신가요', 0.7265488882892774), ([[313, 323], [353, 323], [353, 341], [313, 341]], '아', 0.9013836893424276), ([[389, 333], [445, 333], [445, 349], [389, 349]], '지금 미가지', 0.9410830026352668), ([[395, 347], [437, 347], [437, 361], [395, 361]], '압으시면', 0.1845332533121109), ([[407, 361], [439, 361], [439, 377], [407, 377]], '많머보', 0.32991919253705854), ([[391, 375], [443, 375], [443, 389], [391, 389]], '착각해버길', 0.14538435152600646), ([[397, 389], [429, 389], [429, 403], [397, 403]], '거데요', 0.7075222808222316), ([[347, 435], [405, 435], [405, 455], [347, 455]], '아이"', 0.16629219301434112), ([[42, 540], [66, 540], [66, 566], [42, 566]], '야', 0.7871641322983045), ([[392, 670], [474, 670], [474, 696], [392, 696]], '~부인사점-', 0.9240073079053365)]
[([[19, 5], [85, 5], [85, 73], [19, 73]], "쭉품'", 0.028919756697377993), ([[416, 426], [464, 426], [464, 458], [416, 458]], '유질-', 0.17530544946128468), ([[276, 458], [316, 458], [316, 488], [276, 488]], '포업', 0.032541828040572526), ([[392, 670], [472, 670], [472, 696], [392, 696]], '~부인사점-', 0.7771266733285074)]
