2808592
12
[([[44, 30], [216, 30], [216, 224], [44, 224]], '레', 0.6368014916406537), ([[651, 41], [831, 41], [831, 223], [651, 223]], '오', 0.9999568467027444), ([[600, 835], [807, 835], [807, 902], [600, 902]], '번역8식자', 0.9190546721574456), ([[655, 893], [751, 893], [751, 955], [655, 955]], '떼약', 0.11855494253584166), ([[18, 958], [170, 958], [170, 1150], [18, 1150]], '님', 0.39522436640993774), ([[619, 985], [781, 985], [781, 1142], [619, 1142]], '겨', 0.005717482308572386)]
[([[703, 409], [793, 409], [793, 533], [703, 533]], '[경', 0.01390310989035805), ([[648, 824], [730, 824], [730, 854], [648, 854]], '너 마음에', 0.9508603476456776), ([[658, 850], [720, 850], [720, 880], [658, 880]], '들없다', 0.9926952093431273), ([[630, 874], [740, 874], [740, 904], [630, 904]], '내일도 와라"', 0.44049199797818905), ([[148, 986], [180, 986], [180, 1012], [148, 1012]], '네', 0.999850278736858), ([[142, 1012], [190, 1012], [190, 1042], [142, 1042]], '감사', 0.9999972183091315), ([[130, 1038], [200, 1038], [200, 1070], [130, 1070]], '합나다', 0.5219694594281479), ([[379, 1141], [485, 1141], [485, 1183], [379, 1183]], '`시-', 0.012414937071378992)]
[([[102, 960], [286, 960], [286, 1008], [102, 1008]], '한-9 8', 0.18946287576087315), ([[308, 958], [524, 958], [524, 1006], [308, 1006]], '013828', 0.08935645266191419), ([[103, 997], [169, 997], [169, 1039], [103, 1039]], '1?', 0.018695277204861745), ([[193, 997], [785, 997], [785, 1041], [193, 1041]], '6우분오입//+]처-라검+히; 8|-하데+/', 4.7928645125549746e-08), ([[101, 1028], [206, 1028], [206, 1076], [101, 1076]], '믿*훨', 0.0008951873416809089), ([[227, 1031], [407, 1031], [407, 1073], [227, 1073]], '212870', 0.9592624702510816), ([[103, 1064], [215, 1064], [215, 1108], [103, 1108]], '돌*37', 0.0015945137711241841), ([[241, 1067], [749, 1067], [749, 1109], [241, 1109]], '갖`처-라검+,히;@낫-라-~어검', 1.7772561249610978e-06), ([[101, 1099], [213, 1099], [213, 1143], [101, 1143]], '33]', 0.0721004466578618), ([[253, 1099], [559, 1099], [559, 1143], [253, 1143]], '2016528229', 0.255822458603948), ([[99, 1130], [218, 1130], [218, 1178], [99, 1178]], '옛물시]류;', 9.390955427611782e-06), ([[242, 1132], [490, 1132], [490, 1180], [242, 1180]], '309주92', 0.40821921494180113)]
[([[320, 1024], [544, 1024], [544, 1080], [320, 1080]], '2015/02/22', 0.5920128436121321), ([[213, 1062], [655, 1062], [655, 1125], [213, 1125]], '[하`안28안_8 |8`8아||0', 2.6313698283501392e-05)]
[([[574, 66], [732, 66], [732, 90], [574, 90]], '-(51금. 떠한<3', 0.003999700342463692), ([[500, 81], [822, 81], [822, 109], [500, 109]], '스취(#_벼 주주 450-_+{)00음따', 3.408410999364566e-05), ([[546, 102], [774, 102], [774, 126], [546, 126]], '도-토소가 하31(0주73!', 0.0007016602374192901), ([[561, 139], [745, 139], [745, 163], [561, 163]], '리+독름구디#다*@화7', 0.00022438418697517753), ([[486, 155], [834, 155], [834, 181], [486, 181]], "'0디분뜻0-채-산)내(.3(^0시)", 1.5860445714147143e-05), ([[619, 179], [697, 179], [697, 199], [619, 199]], '하하+~', 0.04561078920960426), ([[584, 194], [734, 194], [734, 218], [584, 218]], '2015/01/2574중', 0.1535311624317742)]
[([[315, 257], [545, 257], [545, 367], [315, 367]], '테오', 0.7973039895979477)]
[([[219, 249], [275, 249], [275, 285], [219, 285]], '실레', 0.9931955326593562), ([[205, 281], [285, 281], [285, 321], [205, 321]], '하켓습', 0.9813946947307256), ([[217, 319], [279, 319], [279, 355], [217, 355]], '니다]', 0.24550969898700714), ([[118, 578], [148, 578], [148, 610], [118, 610]], '오', 0.9999926090377045), ([[81, 609], [187, 609], [187, 649], [81, 649]], '기다하다', 0.16745583713054657), ([[591, 865], [671, 865], [671, 903], [591, 903]], '맛 네!', 0.26566644813652585), ([[714, 876], [788, 876], [788, 906], [714, 906]], '오늘밤은', 0.9949084520339966), ([[732, 902], [772, 902], [772, 926], [732, 926]], '니가', 0.3664816389480404), ([[722, 926], [782, 926], [782, 956], [722, 956]], '상대나', 0.9693838673832972), ([[522, 1068], [582, 1068], [582, 1098], [522, 1098]], '그렇제', 0.9632338431501148), ([[532, 1092], [574, 1092], [574, 1122], [532, 1122]], '얼거', 0.9986370745258941), ([[514, 1118], [588, 1118], [588, 1146], [514, 1146]], '없다고  ', 0.6756134044616183)]
[([[502, 70], [564, 70], [564, 102], [502, 102]], '이쪽은', 0.9972602154601242), ([[500, 102], [566, 102], [566, 132], [500, 132]], '제대로', 0.9999803847538816), ([[492, 132], [574, 132], [574, 162], [492, 162]], '얼어외네', 0.5034834742546082), ([[99, 621], [183, 621], [183, 657], [99, 657]], '오늘밤은', 0.991086483001709), ([[80, 654], [198, 654], [198, 686], [80, 686]], '제법 즐길 수', 0.44594647220313643), ([[85, 681], [197, 681], [197, 717], [85, 717]], '있을거 갈네', 0.12491878562846419), ([[751, 859], [793, 859], [793, 946], [751, 946]], '온', 0.7593289202291977), ([[52, 1048], [166, 1048], [166, 1104], [52, 1104]], '제오', 0.548979726683113), ([[3, 1085], [193, 1085], [193, 1178], [3, 1178]], '0니야임', 0.009865893051028252), ([[732.5168349130363, 314.02339960427406], [773.3852826541045, 329.32034494119085], [739.4831650869637, 426.97660039572594], [697.6147173458955, 411.67965505880915]], '엷', 0.0055952784677737455), ([[559.9950460742126, 1102.0460022089173], [779.691366521696, 1138.4125916636992], [759.0049539257874, 1232.9539977910827], [539.308633478304, 1196.5874083363008]], '308', 0.24037390221336502)]
[([[285, 141], [341, 141], [341, 177], [285, 177]], '좋아', 0.9916525212855649), ([[718, 306], [744, 306], [744, 348], [718, 348]], '응', 0.996570076237763), ([[140, 484], [164, 484], [164, 524], [140, 524]], '응', 0.9983109221695976), ([[354, 648], [412, 648], [412, 676], [354, 676]], '그래;', 0.6165769769872698), ([[342, 678], [434, 678], [434, 710], [342, 710]], '기분 좋다', 0.9422600781717932), ([[490, 864], [534, 864], [534, 894], [490, 894]], '기분', 0.9995248694968345), ([[480, 892], [544, 892], [544, 922], [480, 922]], '중으십', 0.44649154505392824), ([[486, 918], [542, 918], [542, 948], [486, 948]], '니까?', 0.5083754062652588), ([[100, 1026], [164, 1026], [164, 1056], [100, 1056]], '내꺼도', 0.9555729982977159), ([[90, 1056], [172, 1056], [172, 1086], [90, 1086]], '이렇게  ', 0.49149366579781184), ([[86.01978742397883, 275.0602781342285], [142.5909734841225, 248.02185796434634], [194.98021257602116, 371.9397218657715], [138.4090265158775, 398.97814203565366]], '젊', 0.00739278684975192), ([[518.9819816180111, 702.349548530431], [613.7424903130515, 687.3245700073851], [620.0180183819889, 741.650451469569], [524.2575096869485, 756.6754299926149]], '춤~움', 0.3289484625368988)]
[([[156, 92], [216, 92], [216, 122], [156, 122]], '레오님', 0.9898006533211515), ([[139, 118], [229, 118], [229, 146], [139, 146]], '넣  넣젯습', 0.43957311247723957), ([[164, 144], [210, 144], [210, 170], [164, 170]], '니다!', 0.2987047718811793), ([[104, 316], [160, 316], [160, 386], [104, 386]], '오', 0.5065132850936822), ([[440, 326], [482, 326], [482, 354], [440, 354]], '그래', 0.999994015152757), ([[100, 382], [150, 382], [150, 442], [100, 442]], '오', 0.9999778271950532), ([[577, 717], [639, 717], [639, 799], [577, 799]], '와', 0.36383357996152554), ([[594, 786], [646, 786], [646, 844], [594, 844]], '다', 0.9999631646687455), ([[511, 849], [859, 849], [859, 1214], [511, 1214]], '탄', 0.010061180900734712), ([[521.2844582472001, 264.06452035960035], [555.9191707350238, 256.10704159284023], [570.7155417527999, 326.93547964039965], [537.0808292649762, 335.89295840715977]], '8', 0.984551596121154)]
[([[327, 102], [410, 102], [410, 147], [327, 147]], '레오님', 0.9170893458862147), ([[328, 140], [418, 140], [418, 189], [328, 189]], "'조임이다", 0.2431876986324077), ([[219, 399], [311, 399], [311, 491], [219, 491]], '역해', 0.05962422647134585), ([[798, 438], [830, 438], [830, 490], [798, 490]], '햇', 0.42643227183717514), ([[234, 482], [306, 482], [306, 530], [234, 530]], '애애', 0.9609415091915791), ([[453, 680], [489, 680], [489, 818], [453, 818]], '콩', 0.4621048278900197), ([[41, 823], [105, 823], [105, 867], [41, 867]], '더는', 0.5195238078149267), ([[46, 858], [118, 858], [118, 911], [46, 911]], '안돼', 0.76979866489976), ([[321, 999], [409, 999], [409, 1059], [321, 1059]], '저도', 0.9999777465365097), ([[130, 1074], [162, 1074], [162, 1108], [130, 1108]], '0', 0.43503884699299533), ([[138, 998], [203, 998], [203, 1150], [138, 1150]], '#', 0.0933769016423047), ([[332, 1050], [400, 1050], [400, 1098], [332, 1098]], '갈거', 0.9989736256992807), ([[590, 1022], [692, 1022], [692, 1094], [590, 1094]], '간다', 0.9773289396991166), ([[80, 1088], [112, 1088], [112, 1130], [80, 1130]], '안', 0.9999380121300874), ([[308, 1095], [434, 1095], [434, 1148], [308, 1148]], '(갈습니대트', 0.40642516199464174), ([[603, 1085], [697, 1085], [697, 1149], [603, 1149]], '간다', 0.9185714298339133), ([[87, 1127], [123, 1127], [123, 1165], [87, 1165]], '에', 0.951314409749159), ([[92, 1160], [124, 1160], [124, 1198], [92, 1198]], '0', 0.5512651028920033), ([[585, 1145], [627, 1145], [627, 1187], [585, 1187]], '씨', 0.11146445638626634)]
[([[313, 147], [453, 147], [453, 283], [313, 283]], '째', 0.0025350181344337003), ([[576, 0], [840, 0], [840, 256], [576, 256]], '[복', 0.15913617792933388), ([[726, 188], [859, 188], [859, 358], [726, 358]], '끼', 0.049536165442962465), ([[382, 397], [467, 397], [467, 719], [382, 719]], '유', 0.4968616952113649), ([[678, 474], [782, 474], [782, 616], [678, 616]], '적', 0.033057777349655204), ([[712, 762], [768, 762], [768, 850], [712, 850]], '5', 0.03330264039283293), ([[51, 893], [191, 893], [191, 1047], [51, 1047]], '닿', 0.0041691341325658104), ([[692, 1018], [724, 1018], [724, 1050], [692, 1050]], '', 0.0), ([[241, 987], [375, 987], [375, 1133], [241, 1133]], '그', 0.05485358396096118), ([[150.38620094578093, 106.18064680962271], [265.03015669842665, 31.027947470642857], [365.61379905421904, 215.81935319037729], [250.96984330157338, 289.97205252935714]], '곡', 0.03137133608649734), ([[579.8404037912871, 773.0561590502577], [664.2879711591245, 736.0693197891627], [727.1595962087129, 899.9438409497423], [642.7120288408755, 935.9306802108373]], '떼', 0.009476655754606045), ([[610.0967224956457, 919.0511579616823], [669.9626509401539, 897.0581297437303], [710.9032775043543, 1022.9488420383177], [652.0373490598461, 1044.9418702562696]], '백', 0.2929538104517668)]
