2810875
133
[([[153, 41], [404, 41], [404, 93], [153, 93]], '주굵털군이9', 5.02479933072995e-05), ([[233, 202], [322, 202], [322, 241], [233, 241]], '카마', 0.16171892939946184), ([[295, 281], [341, 281], [341, 317], [295, 317]], '성@', 0.5270966337058762), ([[188, 312], [226, 312], [226, 340], [188, 340]], '40', 0.9999918235211795), ([[192, 342], [260, 342], [260, 368], [192, 368]], '0.01016', 0.28584614137260844), ([[75, 417], [225, 417], [225, 455], [75, 455]], '중수한눈 체위', 0.2646767239997541), ([[47, 455], [495, 455], [495, 499], [47, 499]], '침대가 {-지듯인 753570 요고해지는 첫물 종간한다', 0.002302095589699526), ([[49, 488], [463, 488], [463, 532], [49, 532]], '정 당하는 것에 기빨울 느끼지만 자존간이 놈기', 0.0051882538848929015), ([[49, 521], [507, 521], [507, 565], [49, 565]], '때문에 뜰고이의 대공물 [마스터 에제 @탁출수다다', 0.018597647716291556), ([[47, 555], [475, 555], [475, 599], [47, 599]], '제중모 7"굽기 때문기 들 자세물 해도 중계다:', 0.01855146636278996), ([[105, 1115], [221, 1115], [221, 1155], [105, 1155]], '전부약점)', 0.24055289088903248), ([[83, 1241], [147, 1241], [147, 1279], [83, 1279]], '속합8', 0.040482570601503315), ([[115, 1207], [499, 1207], [499, 1291], [115, 1291]], '81쩐? % 8방?', 0.00168331398826769), ([[63, 1305], [183, 1305], [183, 1341], [63, 1341]], '절의 흉다 8', 0.09613936982401815), ([[61, 1333], [489, 1333], [489, 1377], [61, 1377]], "'깊이7 상5당히 @슬운필 명소예님 손가락이한개", 0.01965585124513233), ([[60, 1366], [462, 1366], [462, 1414], [60, 1414]], '정도망 들어갈수 잇웅 정도3 국도3 중근 절히다?', 0.0027481043209289452), ([[61, 1401], [433, 1401], [433, 1445], [61, 1445]], '두퍼운 절인 감속월 -계 줄기기 위해 꽤다', 0.009343525711755984), ([[61, 1435], [493, 1435], [493, 1477], [61, 1477]], '"개발되 느손해지기 잇지만; 그래도 조0요 강하다?', 0.00592388826738344), ([[61, 1467], [491, 1467], [491, 1509], [61, 1509]], '유연해{ 노 국원 덧도 사입가능하다? 성7다3', 0.0066390540075303445), ([[61, 1502], [437, 1502], [437, 1545], [61, 1545]], '상당히 자극데 약해 살짝 꽃랜 덧만의도', 0.08437963342536564), ([[61, 1537], [465, 1537], [465, 1577], [61, 1577]], '가빠린다  콜리로리스 도5따하가지2 연간해', 0.006781402160467176), ([[59, 1567], [313, 1567], [313, 1611], [59, 1611]], '물기 엉도쪽 노하고 있다', 0.1570816332513848)]
[]
[]
[]
[]
[]
[]
[([[1430, 292], [1737, 292], [1737, 607], [1430, 607]], '(', 0.028246664519443465)]
[]
[]
[([[173.91534771090673, 2025.1190646990801], [232.48724347487146, 2035.7944057496395], [223.08465228909327, 2079.8809353009196], [164.51275652512854, 2069.2055942503607]], '@01', 0.04712977133287581)]
[]
[]
[]
[]
[]
[]
[]
[]
[]
[]
[]
[]
[]
[]
[]
[([[55, 69], [93, 69], [93, 187], [55, 187]], '"', 0.01751568571724338), ([[94, 16], [136, 16], [136, 207], [94, 207]], '"', 0.015646301014133), ([[1640, 252], [1688, 252], [1688, 318], [1640, 318]], '시', 0.1191435367162832)]
[([[47, 0], [410, 0], [410, 388], [47, 388]], '( ', 0.04377406469679804), ([[1685, 209], [1808, 209], [1808, 260], [1685, 260]], '왜 제가', 0.6036696977885445), ([[1654, 263], [1844, 263], [1844, 316], [1654, 316]], '화지 내는지', 0.24359986461228278), ([[1649, 320], [1851, 320], [1851, 373], [1649, 373]], "'아시젯나요?", 0.5562761803388132), ([[406, 514], [480, 514], [480, 558], [406, 558]], '카마 ,', 0.795129656791687), ([[64, 534], [102, 534], [102, 626], [64, 626]], '와', 0.33657154228718866), ([[383, 560], [512, 560], [512, 611], [383, 611]], '뜯금없이', 0.5892946124076843), ([[374, 612], [517, 612], [517, 661], [374, 661]], '불러내더니', 0.7559079290352442), ([[379, 665], [511, 665], [511, 709], [379, 709]], '다짜고짜', 0.9642669558525085), ([[378, 711], [512, 711], [512, 760], [378, 760]], '열흘 내네', 0.7819069654645753), ([[1822, 760], [1888, 760], [1888, 864], [1822, 864]], '8', 0.7252725947669347), ([[1808, 865], [1874, 865], [1874, 956], [1808, 956]], '8', 0.8016463556535349), ([[1854, 922], [1878, 922], [1878, 951], [1854, 951]], '0', 0.9999977350247811), ([[375, 1155], [480, 1155], [480, 1200], [375, 1200]], '"누가', 0.9030034636751253), ([[360, 1206], [481, 1206], [481, 1255], [360, 1255]], '모릎 줄', 0.5355633167292677), ([[380, 1260], [481, 1260], [481, 1309], [380, 1309]], '알고?', 0.9996589085401518), ([[50, 1634], [157, 1634], [157, 1687], [50, 1687]], '당신이', 0.9995297988914981), ([[52, 1690], [121, 1690], [121, 1741], [52, 1741]], '여러', 0.9745636631897412), ([[52, 1744], [186, 1744], [186, 1797], [52, 1797]], '서번트랑', 0.9720073342323303), ([[52, 1800], [157, 1800], [157, 1851], [52, 1851]], '관계름', 0.2621392895977651), ([[52, 1854], [130, 1854], [130, 1905], [52, 1905]], '갖고', 0.9994973094057225), ([[50, 1910], [157, 1910], [157, 1961], [50, 1961]], '있다는', 0.9658348097007162), ([[52, 1964], [163, 1964], [163, 2015], [52, 2015]], '사실울', 0.32634605872156536), ([[369, 2338], [445, 2338], [445, 2389], [369, 2389]], '진짜', 0.9987391149508402), ([[304, 2392], [512, 2392], [512, 2445], [304, 2445]], '역겨워서 말이', 0.9823895817386217), ([[1388, 2396], [1491, 2396], [1491, 2447], [1388, 2447]], '반응올', 0.8458773008156889), ([[304, 2448], [478, 2448], [478, 2499], [304, 2499]], '안나오네요', 0.9952195471284555), ([[1360, 2451], [1526, 2451], [1526, 2496], [1360, 2496]], '보니 소문이', 0.7600860005749784), ([[101, 2486], [267, 2486], [267, 2537], [101, 2537]], '아랫도리가', 0.6111357546183847), ([[317, 2502], [496, 2502], [496, 2553], [317, 2553]], '인리블 지권', 0.619414861478039), ([[1364, 2498], [1520, 2498], [1520, 2548], [1364, 2548]], '사실이없나', 0.9389148218089624), ([[131, 2540], [235, 2540], [235, 2591], [131, 2591]], '이토록', 0.9880190158062968), ([[353, 2558], [458, 2558], [458, 2609], [353, 2609]], '유일한', 0.6574406394115038), ([[1378, 2553], [1508, 2553], [1508, 2597], [1378, 2597]], '보군요~', 0.8289039731025696), ([[101, 2594], [267, 2594], [267, 2645], [101, 2645]], '가려워서야', 0.5211070004397451), ([[321, 2612], [492, 2612], [492, 2667], [321, 2667]], '마스터께서', 0.4565522504800725), ([[1355, 2599], [1527, 2599], [1527, 2647], [1355, 2647]], '그것도 작은', 0.9275126680877763), ([[1787, 2621], [1869, 2621], [1869, 2670], [1787, 2670]], '하아', 0.9999147801359076), ([[129, 2649], [230, 2649], [230, 2700], [129, 2700]], '쓰나  ', 0.6484745740890503), ([[1364, 2648], [1520, 2648], [1520, 2697], [1364, 2697]], '여자애들만', 0.9923351085137955), ([[1360, 2701], [1524, 2701], [1524, 2745], [1360, 2745]], '골라서 노린', 0.7677348833702106), ([[1653, 2686], [1719, 2686], [1719, 2754], [1653, 2754]], '출', 0.062021021866703885), ([[1379, 2750], [1500, 2750], [1500, 2798], [1379, 2798]], '다는 게.', 0.9943969893746059), ([[1584.1711513259243, 2343.0430527288736], [1676.9970797589829, 2397.7838627092165], [1641.8288486740757, 2454.9569472711264], [1550.0029202410171, 2401.2161372907835]], '점', 0.9794858356184513)]
[([[1898, 62], [1938, 62], [1938, 108], [1898, 108]], '뭐', 0.9999953508431112), ([[1271, 117], [1414, 117], [1414, 170], [1271, 170]], '당신같은', 0.6554852724075317), ([[1512, 49], [1651, 49], [1651, 204], [1512, 204]], '다', 0.377793683563997), ([[1751, 108], [1862, 108], [1862, 159], [1751, 159]], '알아서', 0.5953850746154785), ([[1052, 166], [1138, 166], [1138, 231], [1052, 231]], '오냐', 0.9027793638396845), ([[1292, 176], [1396, 176], [1396, 226], [1292, 226]], '로리롬', 0.0541452109136332), ([[1728, 164], [1885, 164], [1885, 217], [1728, 217]], '갈 데까지', 0.6245035125385688), ([[1032, 233], [1154, 233], [1154, 297], [1032, 297]], '알계다', 0.4606457522250325), ([[1274, 232], [1414, 232], [1414, 285], [1274, 285]], '마스터는', 0.7897355556488037), ([[1717, 221], [1891, 221], [1891, 274], [1717, 274]], '가주신다면', 0.9944983833864366), ([[1276, 286], [1414, 286], [1414, 341], [1276, 341]], '지우이나', 0.3439648747444153), ([[1735, 277], [1876, 277], [1876, 330], [1735, 330]], '저로서야', 0.999937891960144), ([[1746, 333], [1860, 333], [1860, 386], [1746, 386]], '좋지만', 0.5757228163692895), ([[1126, 1200], [1227, 1200], [1227, 1335], [1126, 1335]], '못', 0.004599166043878), ([[968, 1175], [1025, 1175], [1025, 1484], [968, 1484]], '#', 0.2878574885288323), ([[1341, 1523], [1394, 1523], [1394, 1579], [1341, 1579]], '예', 0.9537318264422225), ([[965, 1496], [1032, 1496], [1032, 1704], [965, 1704]], '경', 0.13064921679560726), ([[1276, 1575], [1333, 1575], [1333, 1732], [1276, 1732]], '댐', 0.7035388660667117), ([[208, 2287], [286, 2287], [286, 2351], [208, 2351]], '응?', 0.9991159579080461), ([[135, 2410], [217, 2410], [217, 2463], [135, 2463]], '세스', 0.27706736398616416), ([[96, 2471], [262, 2471], [262, 2536], [96, 2536]], '할 건데?', 0.9792285581496558), ([[233.78354252596847, 964.093026418795], [284.6231013383433, 933.024302869206], [348.21645747403153, 1044.906973581205], [297.3768986616567, 1076.975697130794]], '꿀', 0.007022566612513936)]
[([[945, 68], [1086, 68], [1086, 116], [945, 116]], '그런 건  ', 0.5826197685235124), ([[918, 119], [1108, 119], [1108, 168], [918, 168]], '데이트하면서', 0.9903904230252515), ([[1269, 99], [1372, 99], [1372, 150], [1269, 150]], '그렇계', 0.7517658665350744), ([[100, 150], [169, 150], [169, 189], [100, 189]], '아"\'', 0.37566359909202446), ([[1233, 153], [1403, 153], [1403, 204], [1233, 204]], '쉽사리 허락', 0.5121774032794028), ([[939, 177], [1089, 177], [1089, 221], [939, 221]], '키스 트고', 0.9962714696385186), ([[81, 198], [186, 198], [186, 247], [81, 247]], '아무튼', 0.9908583164215088), ([[945, 225], [1086, 225], [1086, 274], [945, 274]], '차근차근', 0.9955742955207825), ([[1244, 207], [1392, 207], [1392, 258], [1244, 258]], '해줄 리가', 0.9266679397043325), ([[1766, 207], [1885, 207], [1885, 258], [1766, 258]], '카마도', 0.999355201603867), ([[95, 252], [177, 252], [177, 301], [95, 301]], '저질!', 0.6782707475664628), ([[927, 277], [1104, 277], [1104, 328], [927, 328]], '순서클 밟은', 0.602569910461801), ([[1244, 261], [1399, 261], [1399, 312], [1244, 312]], '없잡아요', 0.8885494470596313), ([[1751, 266], [1903, 266], [1903, 319], [1751, 319]], '세스하고', 0.18469561636447906), ([[61, 304], [208, 304], [208, 352], [61, 352]], '나가 죽어', 0.9983365432510883), ([[963, 329], [1039, 329], [1039, 379], [963, 379]], '다음', 0.9994117649748564), ([[1753, 324], [1903, 324], [1903, 379], [1753, 379]], '싶나보다', 0.9994435906410217), ([[77, 356], [195, 356], [195, 404], [77, 404]], '주세요', 0.9990719456400659), ([[1780, 385], [1869, 385], [1869, 438], [1780, 438]], '해서', 0.9999036536637682), ([[414, 693], [537, 693], [537, 744], [414, 744]], '걱정 마 .', 0.9937698580672609), ([[1595, 668], [1664, 668], [1664, 798], [1595, 798]], '중', 0.15270849743810633), ([[419, 747], [532, 747], [532, 796], [419, 796]], '그 여신', 0.9313377013040139), ([[1544, 736], [1594, 736], [1594, 834], [1544, 834]], '통', 0.21708675187460358), ([[1827, 754], [1898, 754], [1898, 802], [1827, 802]], '음~', 0.9983136998622989), ([[394, 801], [559, 801], [559, 852], [394, 852]], '자매한테서', 0.6112393227735432), ([[1733, 785], [1806, 785], [1806, 836], [1733, 836]], '말은', 0.9996942804502564), ([[401, 853], [548, 853], [548, 904], [401, 904]], '배위문 게', 0.7360103467041248), ([[1681, 839], [1858, 839], [1858, 890], [1681, 890]], '그렇게 해도', 0.5788270034570686), ([[416, 909], [528, 909], [528, 960], [416, 960]], '많거튼 .', 0.34346224893294053), ([[1699, 893], [1842, 893], [1842, 944], [1699, 944]], '여긴 벌써', 0.9927096737088671), ([[1719, 947], [1822, 947], [1822, 998], [1719, 998]], '준비가', 0.9998092181096392), ([[1717, 1001], [1826, 1001], [1826, 1050], [1717, 1050]], '다 되어', 0.9912320221559696), ([[1712, 1053], [1822, 1053], [1822, 1106], [1712, 1106]], '있는컵', 0.1737408920513945), ([[905, 1178], [1137, 1178], [1137, 1452], [905, 1452]], '(', 0.9873222374735633), ([[486, 1330], [625, 1330], [625, 1590], [486, 1590]], '출', 0.1238987535040259), ([[695, 1400], [746, 1400], [746, 1522], [695, 1522]], '잔', 0.44504628408916247), ([[38, 1697], [94, 1697], [94, 1754], [38, 1754]], '맛,', 0.29286046215983946), ([[40, 1759], [115, 1759], [115, 1820], [40, 1820]], '거길', 0.9701460123926053), ([[37, 1824], [151, 1824], [151, 1886], [37, 1886]], '할으면', 0.10181801291945093), ([[650, 2010], [1038, 2010], [1038, 2230], [650, 2230]], '(_', 0.011611478040179032), ([[473, 2509], [582, 2509], [582, 2562], [473, 2562]], '어새신', 0.9992545880738148), ([[473, 2567], [584, 2567], [584, 2620], [473, 2620]], '주제에', 0.9967845459249252), ([[488, 2624], [568, 2624], [568, 2679], [488, 2679]], '속은', 0.9983424299286883), ([[473, 2682], [582, 2682], [582, 2735], [473, 2735]], '핑크네', 0.6178062751423017), ([[119.99624141525918, 1340.0252041636577], [336.10518012810155, 1417.0845885795836], [274.0037585847408, 1578.9747958363423], [58.89481987189842, 1502.9154114204164]], '(', 0.5014377166891713), ([[38.86809136574612, 2554.04008825702], [146.92407479533074, 2503.026707109283], [239.13190863425388, 2726.95991174298], [131.07592520466926, 2776.973292890717]], '팬', 0.019414061319644738), ([[40.96933989416386, 2681.0443427723008], [126.95096568137947, 2651.159656554387], [179.03066010583615, 2820.9556572276992], [94.04903431862053, 2850.840343445613]], '뜯', 0.034307073320036574)]
[([[1797, 44], [1861, 44], [1861, 88], [1797, 88]], '여길', 0.9971190469139163), ([[1794, 91], [1861, 91], [1861, 135], [1794, 135]], '자극', 0.9999827198358404), ([[699, 100], [776, 100], [776, 169], [699, 169]], '#', 0.26877410902221754), ([[1551, 100], [1648, 100], [1648, 224], [1551, 224]], '[혈', 0.49724594593804294), ([[1776, 141], [1884, 141], [1884, 185], [1776, 185]], '하는 게', 0.7650579887093991), ([[393, 184], [515, 184], [515, 245], [393, 245]], '싫엇0', 0.2347771732230912), ([[1653, 98], [1706, 98], [1706, 274], [1653, 274]], '잎', 0.11472891246399186), ([[1793, 187], [1862, 187], [1862, 235], [1793, 235]], '기분', 0.9993041421707641), ([[390, 242], [626, 242], [626, 306], [390, 306]], '이렇게 억지로', 0.3381484337394616), ([[1780, 234], [1880, 234], [1880, 285], [1780, 285]], '좋은가', 0.6846897578716232), ([[123, 328], [236, 328], [236, 456], [123, 456]], '79', 0.5191231294606389), ([[154, 15], [372, 15], [372, 604], [154, 604]], '쥐', 0.015776129910936243), ([[385, 299], [571, 299], [571, 434], [385, 434]], '함은대지', 0.05841058865189552), ([[1653, 267], [1768, 267], [1768, 432], [1653, 432]], '기톱', 0.004154143613183155), ([[1774, 285], [1877, 285], [1877, 329], [1774, 329]], '7보구나.', 0.41623246846456324), ([[182, 441], [235, 441], [235, 514], [182, 514]], '%', 0.5819117294229024), ([[95, 702], [190, 702], [190, 751], [95, 751]], '우오0', 0.6524998268012493), ([[77, 754], [208, 754], [208, 805], [77, 805]], '손가락에', 0.9765962958335876), ([[77, 806], [208, 806], [208, 856], [77, 856]], '보짓살이', 0.976695716381073), ([[105, 861], [176, 861], [176, 905], [105, 905]], '파고', 0.9997070919688392), ([[95, 909], [190, 909], [190, 958], [95, 958]], '듣다9', 0.3241574587702033), ([[133, 1753], [274, 1753], [274, 1806], [133, 1806]], '손가락은', 0.9894741773605347), ([[117, 1807], [287, 1807], [287, 1860], [117, 1860]], '빠빠햇지만', 0.16861876235003323), ([[135, 1863], [271, 1863], [271, 1914], [135, 1914]], '카마라면', 0.9993364214897156), ([[128, 1919], [280, 1919], [280, 1970], [128, 1970]], '문제 없이', 0.9548296698691653), ([[1653, 1873], [1697, 1873], [1697, 1956], [1653, 1956]], '통', 0.006658954449239085), ([[110, 1973], [294, 1973], [294, 2026], [110, 2026]], '받아들일 수', 0.9802821516475532), ([[1834, 1971], [1918, 1971], [1918, 2022], [1834, 2022]], '올어', 0.19534173038960143), ([[122, 2027], [278, 2027], [278, 2083], [122, 2083]], '있을 거야_', 0.5481322243527049), ([[1759, 2024], [1917, 2024], [1917, 2086], [1759, 2086]], '@런킬로', 0.22719699144363403), ([[1689, 2085], [1922, 2085], [1922, 2151], [1689, 2151]], '가버리스데', 0.06911249678015538), ([[1738, 2143], [1919, 2143], [1919, 2207], [1738, 2207]], '그 예센물', 0.4710427045626084), ([[210, 2154], [311, 2154], [311, 2287], [210, 2287]], '매', 0.0072363558681876605), ([[1707, 2204], [1919, 2204], [1919, 2270], [1707, 2270]], '때문에 과의', 0.3444030171925104), ([[254, 2265], [342, 2265], [342, 2380], [254, 2380]], '랜', 0.002858535840041476), ([[1448, 2316], [1591, 2316], [1591, 2354], [1448, 2354]], '마스터의', 0.9621139764785767), ([[1718, 2265], [1919, 2265], [1919, 2329], [1718, 2329]], '마스터가}이@', 0.1325033146515574), ([[100, 2334], [203, 2334], [203, 2372], [100, 2372]], '아프게', 0.9992925760597489), ([[78, 2379], [221, 2379], [221, 2421], [78, 2421]], '하지 암늘', 0.20974396655781857), ([[1457, 2365], [1550, 2365], [1550, 2414], [1457, 2414]], '물건 ,', 0.9992150068283081), ([[102, 2429], [187, 2429], [187, 2469], [102, 2469]], '다면:.', 0.5588505268096924), ([[1395, 2419], [1610, 2419], [1610, 2467], [1395, 2467]], '금시막해:..0', 0.3205278074780198), ([[114, 2475], [189, 2475], [189, 2517], [114, 2517]], '약간', 0.9999602136068284), ([[1405, 2478], [1578, 2478], [1578, 2518], [1405, 2518]], '안되: . 제:', 0.1733337005072455), ([[89, 2526], [189, 2526], [189, 2565], [89, 2565]], '정도만 ', 0.3107634056250712), ([[1422, 2527], [1581, 2527], [1581, 2575], [1422, 2575]], '세 몸으론', 0.5772175514426355), ([[1402, 2583], [1599, 2583], [1599, 2632], [1402, 2632]], '감당해벌 수', 0.3409805880182285), ([[1421, 2640], [1533, 2640], [1533, 2685], [1421, 2685]], '없어오', 0.5630624361419618), ([[833.9953585086708, 63.06333221850001], [918.6444715739095, 93.64159919528322], [894.0046414913292, 157.9366677815], [809.3555284260905, 127.35840080471678]], '가어', 0.06926578843514461), ([[65.94242442178853, 195.0400023676087], [166.53097303383046, 167.45259325795664], [211.05757557821147, 354.9599976323913], [110.46902696616955, 382.5474067420434]], '7', 0.3917024999287264), ([[1748.3063546793358, 822.0959211781542], [1846.3094152232059, 769.0572615704739], [1925.6936453206642, 939.9040788218458], [1826.6905847767941, 992.9427384295261]], '출', 0.006464283003285942), ([[867.0242857596863, 1529.0477147488002], [1023.7049604721914, 1567.5888296963499], [999.9757142403137, 1650.9522852511998], [843.2950395278086, 1612.4111703036501]], '좁새', 0.018065619710584617)]
[([[806, 176], [922, 176], [922, 229], [806, 229]], '역시 좀', 0.9980522880780521), ([[810, 230], [888, 230], [888, 283], [810, 283]], '좁은', 0.9460082148089912), ([[718, 331], [809, 331], [809, 406], [718, 406]], '데!', 0.6909101866800011), ([[91, 649], [158, 649], [158, 819], [91, 819]], '짚', 0.049445321491861316), ([[154, 768], [192, 768], [192, 813], [154, 813]], '<', 0.05256974657565672), ([[91, 816], [155, 816], [155, 1037], [91, 1037]], '출', 0.05957150012151047), ([[1654, 1112], [1714, 1112], [1714, 1162], [1654, 1162]], '캠', 0.01598383776379908), ([[1706, 1134], [1761, 1134], [1761, 1194], [1706, 1194]], '7', 0.013361809113574596), ([[49, 1611], [182, 1611], [182, 1748], [49, 1748]], '빨안', 0.008053213372174248), ([[61, 1733], [229, 1733], [229, 1790], [61, 1790]], '과올 만큼', 0.23990828532245237), ([[60, 1786], [173, 1786], [173, 1847], [60, 1847]], '깊고0', 0.06647516979879628), ([[1636, 1816], [1736, 1816], [1736, 1864], [1636, 1864]], '카마의', 0.999396424639094), ([[1814, 1802], [1918, 1802], [1918, 1851], [1814, 1851]], '우오오,', 0.7252964973449707), ([[1624, 1868], [1752, 1868], [1752, 1916], [1624, 1916]], '보지에서', 0.9615836143493652), ([[1827, 1852], [1925, 1852], [1925, 1900], [1827, 1900]], '몸집이', 0.893610034243203), ([[1603, 1900], [1924, 1900], [1924, 1967], [1603, 1967]], '무지 상스런 작은 만큼', 0.9385205191022835), ([[61, 1929], [185, 1929], [185, 2026], [61, 2026]], '0', 0.14844964476396072), ([[1614, 1970], [1758, 1970], [1758, 2014], [1614, 2014]], '소리가 나 ,', 0.5512226267808024), ([[1825, 1953], [1923, 1953], [1923, 2002], [1825, 2002]], '조임도', 0.9707182467164751), ([[1623, 2019], [1751, 2019], [1751, 2064], [1623, 2064]], '야하기도', 0.9997831583023071), ([[1787, 2003], [1918, 2003], [1918, 2051], [1787, 2051]], '굉장하군.', 0.8878332297201196), ([[1648, 2069], [1722, 2069], [1722, 2113], [1648, 2113]], '해라 ,', 0.8877751231193542), ([[660, 2071], [700, 2071], [700, 2176], [660, 2176]], '팀', 0.7594243874393811), ([[597, 2154], [642, 2154], [642, 2192], [597, 2192]], '드,', 0.9520607026330856), ([[555, 2199], [657, 2199], [657, 2244], [555, 2244]], '들으면', 0.9940019317360025), ([[79, 2198], [112, 2198], [112, 2297], [79, 2297]], '0', 0.12925464341515536), ([[570, 2253], [642, 2253], [642, 2291], [570, 2291]], '안돼', 0.5745530266838763), ([[586, 2301], [657, 2301], [657, 2340], [586, 2340]], '오0', 0.8587357253151733), ([[69, 2312], [106, 2312], [106, 2390], [69, 2390]], '적', 0.22971645545723973), ([[69, 2397], [106, 2397], [106, 2538], [69, 2538]], '총', 0.019216914289362563), ([[1288, 2385], [1676, 2385], [1676, 2680], [1288, 2680]], '얘', 0.08064486722645459), ([[616.1337797496775, -34.97791690632073], [815.9112844563879, 66.26550928652432], [747.8662202503225, 194.97791690632073], [548.0887155436121, 93.73449071347568]], '(씹', 0.024706550745223557), ([[52.08649972160886, 10.037996659306325], [214.75673563367377, 60.699426482971504], [182.91350027839115, 151.96200334069368], [20.243264366326226, 102.3005735170285]], ',상', 0.025824613840031194), ([[169.23100594047216, 1416.0095394010284], [369.521811581781, 1321.0043920422083], [609.7689940595278, 1880.9904605989716], [409.478188418219, 1976.9956079577917]], '=', 0.3550954699680511), ([[946.8393134156055, 1820.0187158837707], [1392.9968934090193, 1898.605382069891], [1325.1606865843944, 2201.9812841162293], [880.0031065909807, 2122.3946179301092]], '(0 [', 0.03004818595945835), ([[161.54397776061793, 1942.3863310579156], [334.0422999020542, 1920.2044747281136], [339.4560222393821, 1988.6136689420844], [165.95770009794583, 2010.7955252718864]], '488하0', 0.07640025664845396)]
[([[447, 31], [569, 31], [569, 92], [447, 92]], '떡움', 0.06957778048420406), ([[451, 87], [565, 87], [565, 151], [451, 151]], '$액에', 0.004285084516039798), ([[449, 148], [565, 148], [565, 209], [449, 209]], '질로', 0.07882667341168077), ([[1762, 171], [1894, 171], [1894, 222], [1762, 222]], '잠깐 : .', 0.21726255204123038), ([[465, 202], [549, 202], [549, 266], [465, 266]], '흉레', 0.05986750539561786), ([[646, 187], [697, 187], [697, 262], [646, 262]], '조', 0.0044688974801199155), ([[933, 208], [970, 208], [970, 257], [933, 257]], '0', 0.09067033670318381), ([[144, 245], [195, 245], [195, 310], [144, 310]], '0', 0.6276560603660961), ([[408, 257], [602, 257], [602, 332], [408, 332]], '물어오}하이0', 0.09877445284705366), ([[668, 254], [724, 254], [724, 321], [668, 321]], '값', 0.15231171557851386), ([[1760, 234], [1810, 234], [1810, 283], [1760, 283]], '만', 0.9999954700521272), ([[1848, 235], [1890, 235], [1890, 282], [1848, 282]], '0', 0.9821124179196126), ([[713, 301], [742, 301], [742, 332], [713, 332]], '0', 0.8170012096261559), ([[70, 428], [127, 428], [127, 528], [70, 528]], '#', 0.043996523854588965), ([[75, 552], [120, 552], [120, 626], [75, 626]], '어', 0.011054820803239274), ([[1787, 428], [1948, 428], [1948, 654], [1787, 654]], '흙', 0.1074915527817808), ([[1851, 1135], [1890, 1135], [1890, 1179], [1851, 1179]], '욕', 0.697556570506336), ([[1410, 1144], [1452, 1144], [1452, 1269], [1410, 1269]], '움', 0.057988583848644026), ([[1854, 1186], [1925, 1186], [1925, 1234], [1854, 1234]], '지금', 0.9999764821395298), ([[1850, 1238], [1934, 1238], [1934, 1286], [1850, 1286]], '안에!', 0.8824757307992788), ([[983, 1334], [1207, 1334], [1207, 1387], [983, 1387]], '왜:  왜 키스로', 0.727698360888981), ([[977, 1393], [1183, 1393], [1183, 1446], [977, 1446]], '얼버무리나요', 0.8759113781819712), ([[983, 1449], [1210, 1449], [1210, 1504], [983, 1504]], '마음대로 안에', 0.9934684226464564), ([[1024, 1508], [1167, 1508], [1167, 1561], [1024, 1561]], '싸다니: ', 0.9178818754983443), ([[876, 1547], [918, 1547], [918, 1587], [876, 1587]], '미', 0.9999911785320279), ([[1019, 1564], [1169, 1564], [1169, 1617], [1019, 1617]], '저집이야.', 0.4256780430432813), ([[852, 1599], [952, 1599], [952, 1643], [852, 1643]], '미안  ', 0.8651261925697327), ([[837, 1647], [967, 1647], [967, 1698], [837, 1698]], '귀여워서', 0.9971883893013), ([[860, 1701], [935, 1701], [935, 1750], [860, 1750]], '그만', 0.9999951952626506), ([[314, 1844], [363, 1844], [363, 1888], [314, 1888]], '벼_', 0.8723603597264257), ([[133, 1949], [208, 1949], [208, 1999], [133, 1999]], '뭐래', 0.9975326887188479), ([[1893, 1896], [1935, 1896], [1935, 2012], [1893, 2012]], '응', 0.32775944671218227), ([[1899, 2045], [1932, 2045], [1932, 2087], [1899, 2087]], '0', 0.9894845627141855), ([[1876, 2106], [1907, 2106], [1907, 2139], [1876, 2139]], '탁', 0.04727715727186799), ([[215, 2204], [331, 2204], [331, 2266], [215, 2266]], '이렇계', 0.3092753592670662), ([[216, 2264], [364, 2264], [364, 2321], [216, 2321]], '염치없고', 0.8658458590507507), ([[215, 2321], [340, 2321], [340, 2381], [215, 2381]], '발정반', 0.5672157255067024), ([[214, 2374], [425, 2374], [425, 2441], [214, 2441]], '원숨이 같음', 0.18785815355472985), ([[216, 2437], [343, 2437], [343, 2494], [216, 2494]], '사람음', 0.8569807663146515), ([[89, 2542], [218, 2542], [218, 2603], [89, 2603]], '과만이', 0.20139512889865446), ([[89, 2602], [308, 2602], [308, 2666], [89, 2666]], '사랑해출습', 0.6758380904242808), ([[90, 2664], [249, 2664], [249, 2721], [90, 2721]], '엎붙데6', 0.029052043333649635), ([[89, 2722], [252, 2722], [252, 2783], [89, 2783]], ';만@6', 0.012653755955398083), ([[849.5586840750719, 159.01218175880265], [905.3823377221808, 145.00914160642316], [953.4413159249281, 355.9878182411973], [897.6176622778192, 369.99085839357684]], '{', 0.004029529376975427), ([[1484.4340456828731, 1879.02004412851], [1547.8884174207467, 1893.6672774322144], [1513.5659543171269, 2035.97995587149], [1450.1115825792533, 2020.3327225677856]], '9', 0.28736898838452873), ([[570.8525674214488, 2494.0827152079974], [618.59981071461, 2462.022517495686], [690.1474325785512, 2578.9172847920026], [642.40018928539, 2610.977482504314]], '8', 0.46172071398365233), ([[599.0237203470788, 2581.068414464259], [642.5813183589762, 2556.024179692286], [698.9762796529212, 2665.931585535741], [655.4186816410238, 2689.975820307714]], '8', 0.1182483286831939)]
[([[874, 16], [1016, 16], [1016, 113], [874, 113]], '#>', 0.15659370642853437), ([[1060, 74], [1221, 74], [1221, 123], [1060, 123]], '저논 분신올', 0.47043359247564076), ([[1035, 122], [1248, 122], [1248, 170], [1035, 170]], '만들 수 있엇조!', 0.6335387499547384), ([[1265, 106], [1340, 106], [1340, 154], [1265, 154]], '맞다', 0.9995102887481202), ([[1061, 172], [1220, 172], [1220, 216], [1061, 216]], '자; 이번에는', 0.5596254910159809), ([[1047, 219], [1231, 219], [1231, 264], [1047, 264]], '저의 사랑으로', 0.934404905815283), ([[1036, 267], [1245, 267], [1245, 311], [1036, 311]], '밑바닥까지 떨어', 0.9671361757891358), ([[1049, 313], [1234, 313], [1234, 361], [1049, 361]], '트려주켓어요', 0.3331568624775888), ([[1442, 430], [1495, 430], [1495, 562], [1442, 562]], '동', 0.09263871184344996), ([[1758, 446], [1833, 446], [1833, 595], [1758, 595]], '권', 0.018774384252637555), ([[1750, 592], [1841, 592], [1841, 932], [1750, 932]], '출', 0.0335005134031372), ([[1776, 924], [1814, 924], [1814, 993], [1776, 993]], '용', 0.9037341316684468), ([[1714, 1006], [1745, 1006], [1745, 1046], [1714, 1046]], '8', 0.014202995423130693), ([[1779, 1162], [1916, 1162], [1916, 1202], [1779, 1202]], "말도 안돼'", 0.8168521387233351), ([[1785, 1207], [1893, 1207], [1893, 1245], [1785, 1245]], '손만으로', 0.5109974145889282), ([[1799, 1252], [1915, 1252], [1915, 1290], [1799, 1290]], '며   몇번', 0.20815900510844018), ([[1779, 1295], [1931, 1295], [1931, 1332], [1779, 1332]], '이나 가버권', 0.42566701317259614), ([[1800, 1339], [1910, 1339], [1910, 1372], [1800, 1372]], '거지  0', 0.4745745395334222), ([[155, 1454], [226, 1454], [226, 1504], [155, 1504]], '허접', 0.9121389491159302), ([[124, 1510], [260, 1510], [260, 1558], [124, 1558]], '로리보지', 0.9993376731872559), ([[354, 1522], [396, 1522], [396, 1578], [354, 1578]], '"', 0.05857377946525433), ([[135, 1564], [244, 1564], [244, 1615], [135, 1615]], '카마가', 0.9986774972906197), ([[119, 1618], [260, 1618], [260, 1671], [119, 1671]], '분신술올', 0.8776663541793823), ([[378, 1591], [460, 1591], [460, 1668], [378, 1668]], '@', 0.48734931145250826), ([[135, 1674], [247, 1674], [247, 1725], [135, 1725]], '씨방자', 0.04662042554729328), ([[137, 1730], [244, 1730], [244, 1781], [137, 1781]], '결과는', 0.9323926715782396), ([[122, 1782], [260, 1782], [260, 1835], [122, 1835]], '매한가지', 0.9985613822937012), ([[115, 1838], [258, 1838], [258, 1891], [115, 1891]], '아니켓나', 0.21806319057941437), ([[1855, 2015], [1920, 2015], [1920, 2057], [1855, 2057]], '양달', 0.2664560003417114), ([[1721, 2020], [1754, 2020], [1754, 2090], [1721, 2090]], '옷', 0.9450073029994179), ([[1827, 2061], [1923, 2061], [1923, 2110], [1827, 2110]], '부리지', 0.9990315501971857), ([[844, 2108], [942, 2108], [942, 2159], [844, 2159]], '이첫이', 0.13498382564019587), ([[1784, 2113], [1923, 2113], [1923, 2161], [1784, 2161]], '말고 같이', 0.9993822270198028), ([[815, 2153], [971, 2153], [971, 2206], [815, 2206]], '인간남성의', 0.7543313676396561), ([[1718, 2109], [1755, 2109], [1755, 2257], [1718, 2257]], '물', 0.2683820554432401), ([[1784, 2160], [1923, 2160], [1923, 2211], [1784, 2211]], '기분 증계', 0.9705276058469341), ([[847, 2208], [912, 2208], [912, 2250], [847, 2250]], '정액드', 0.44349104788912264), ([[1798, 2212], [1923, 2212], [1923, 2260], [1798, 2260]], '즐기기나', 0.9993546009063721), ([[828, 2250], [955, 2250], [955, 2301], [828, 2301]], '압도적인', 0.6829299330711365), ([[1806, 2260], [1917, 2260], [1917, 2312], [1806, 2312]], '하자구', 0.9995811396675814), ([[830, 2295], [928, 2295], [928, 2346], [830, 2346]], '중량감', 0.8421457409858704), ([[93, 2384], [156, 2384], [156, 2426], [93, 2426]], '그럼', 0.9998036856240686), ([[66, 2431], [180, 2431], [180, 2471], [66, 2471]], '차례대로', 0.989244282245636), ([[64, 2476], [183, 2476], [183, 2520], [64, 2520]], '싸죽테니', 0.31611642241477966), ([[71, 2526], [176, 2526], [176, 2568], [71, 2568]], '줄 서화.', 0.5976464858538831), ([[345.73486505339724, 26.259919729608036], [458.71117634609305, 2.5864912455948907], [471.26513494660276, 88.74008027039197], [359.28882365390695, 112.41350875440511]], '40', 0.11762404186477911), ([[1390.4756975137109, 454.02295165630466], [1439.5866000700366, 449.21357621516023], [1452.5243024862891, 579.9770483436953], [1402.4133999299634, 584.7864237848398]], '용', 0.2624061143165477), ([[76.11008360508019, 663.028312599759], [286.8518087999719, 736.9684013760042], [243.8899163949198, 847.971687400241], [34.14819120002813, 774.0315986239958]], '7고4', 0.07066457895621225)]
[]
[([[1715, 77], [1870, 77], [1870, 125], [1715, 125]], '앗 0 앗0', 0.3578903684793231), ([[1725, 127], [1859, 127], [1859, 169], [1725, 169]], '마스터0', 0.6071332097053528), ([[1131, 154], [1260, 154], [1260, 198], [1131, 198]], '까버로 이', 0.4041455182587739), ([[1725, 179], [1861, 179], [1861, 219], [1725, 219]], '거기 기분', 0.9986119468994817), ([[59, 183], [249, 183], [249, 264], [59, 264]], '안에다', 0.9978980208382386), ([[1117, 203], [1274, 203], [1274, 246], [1117, 246]], '가버려오이', 0.3512827418812808), ([[1736, 222], [1845, 222], [1845, 273], [1736, 273]], '통앗 0', 0.6376310582477583), ([[61, 281], [244, 281], [244, 372], [61, 372]], '산닷]', 0.3241463618239216), ([[80, 1065], [117, 1065], [117, 1125], [80, 1125]], '1비', 0.035411787075539235), ([[48, 1169], [93, 1169], [93, 1308], [48, 1308]], '{', 0.2697315343277893), ([[51, 1349], [94, 1349], [94, 1429], [51, 1429]], '#', 0.9992517441043134), ([[61, 1498], [92, 1498], [92, 1568], [61, 1568]], '#', 0.9970185362923054), ([[1693, 1576], [1785, 1576], [1785, 1620], [1693, 1620]], '여기도', 0.9998410147526916), ([[369, 1670], [517, 1670], [517, 1725], [369, 1725]], '굉장해0', 0.5205503106117249), ([[882, 1530], [992, 1530], [992, 1748], [882, 1748]], '날', 0.5471890981260721), ([[1674, 1620], [1806, 1620], [1806, 1728], [1674, 1728]], '@물', 0.027891169262824506), ([[325, 1723], [563, 1723], [563, 1789], [325, 1789]], '마스퇴의 자지 _', 0.12633686601335858), ([[348, 1783], [535, 1783], [535, 1845], [348, 1845]], '굉장해애', 0.4177401065826416), ([[1691, 1779], [1791, 1779], [1791, 1821], [1691, 1821]], '이로리', 0.9997240836089784), ([[382, 1840], [504, 1840], [504, 1901], [382, 1901]], '원래움', 0.7531074713334448), ([[1472, 1721], [1633, 1721], [1633, 1961], [1472, 1961]], '1;', 0.023136674910141132), ([[1701, 1825], [1779, 1825], [1779, 1873], [1701, 1873]], '애널!', 0.6917812031644164), ([[353, 1899], [532, 1899], [532, 1954], [353, 1954]], '비실비실한', 0.9794354225284371), ([[350, 1954], [536, 1954], [536, 2016], [350, 2016]], '동정이없면', 0.1715181952299957), ([[1866, 1999], [1911, 1999], [1911, 2039], [1866, 2039]], '자.', 0.9176801814730758), ([[366, 2013], [518, 2013], [518, 2075], [366, 2075]], '품제에@', 0.22406713664531708), ([[1544, 2059], [1732, 2059], [1732, 2112], [1544, 2112]], '이렇계애청의', 0.016228635165134384), ([[1571, 2106], [1705, 2106], [1705, 2159], [1571, 2159]], '몸끊담권', 0.00979803316295147), ([[1764, 2104], [1896, 2104], [1896, 2157], [1764, 2157]], '마지막은', 0.9982236623764038), ([[141, 2152], [183, 2152], [183, 2201], [141, 2201]], '옛', 0.9992044362856269), ([[561, 2172], [624, 2172], [624, 2210], [561, 2210]], '역시', 0.9999146958443157), ([[1555, 2151], [1723, 2151], [1723, 2204], [1555, 2204]], '연인 렉스표', 0.044651686345969006), ([[1791, 2158], [1867, 2158], [1867, 2206], [1791, 2206]], '너야.', 0.9344833416038966), ([[84, 2217], [129, 2217], [129, 2268], [84, 2268]], '옛', 0.999096240245084), ([[512, 2217], [621, 2217], [621, 2257], [512, 2257]], '오리지널', 0.9795823097229004), ([[1553, 2201], [1725, 2201], [1725, 2251], [1553, 2251]], '사랑밥늄센', 0.33592192457107894), ([[537, 2262], [621, 2262], [621, 2302], [537, 2302]], '한테는', 0.4713255100083929), ([[1573, 2248], [1702, 2248], [1702, 2299], [1573, 2299]], '다름이관', 0.12004172056913376), ([[510, 2307], [621, 2307], [621, 2347], [510, 2347]], '전력으로', 0.9951154589653015), ([[674, 2269], [711, 2269], [711, 2347], [674, 2347]], '네', 0.08448673166911025), ([[1553, 2293], [1723, 2293], [1723, 2346], [1553, 2346]], '과없문과 ', 0.10152960273064258), ([[525, 2352], [619, 2352], [619, 2390], [525, 2390]], '해야지,', 0.9769571423530579), ([[84, 2523], [144, 2523], [144, 2561], [84, 2561]], '각오', 0.7937008809664021), ([[65, 2565], [154, 2565], [154, 2608], [65, 2608]], '하라고', 0.9999604942587024), ([[78, 2613], [151, 2613], [151, 2651], [78, 2651]], '카마!', 0.9440668340125237), ([[101, 2749], [148, 2749], [148, 2780], [101, 2780]], '네!', 0.8387258360700972), ([[908.4336478860452, 179.00943658135438], [1039.9229550486943, 208.19655973673255], [972.5663521139548, 512.9905634186456], [841.0770449513058, 484.8034402632675]], '8', 0.5635606873713783), ([[124.94606962717206, 458.02925328909714], [252.43724951966726, 403.05443814984056], [355.05393037282795, 675.9707467109029], [227.56275048033274, 730.9455618501594]], '8', 0.13168526245137002), ([[120.71595862857053, 995.0067270628382], [167.01621934587897, 1001.3489063404237], [137.28404137142948, 1217.993272937162], [91.98378065412102, 1211.6510936595762]], ';', 0.17940955641576295)]
[([[519, 31], [605, 31], [605, 146], [519, 146]], '향', 0.06367028110823014), ([[572, 115], [645, 115], [645, 228], [572, 228]], '헌', 0.07017677785960164), ([[1258, 146], [1432, 146], [1432, 199], [1258, 199]], '이렇게-힘올', 0.046146653934910194), ([[249, 177], [423, 177], [423, 241], [249, 241]], '인 자세면', 0.5017052651193106), ([[1265, 200], [1426, 200], [1426, 253], [1265, 253]], '잔뜩 실고', 0.8221053684290056), ([[250, 241], [368, 241], [368, 298], [250, 298]], '이렇게', 0.7059486766624593), ([[1260, 252], [1435, 252], [1435, 305], [1260, 305]], '짙러 올리기', 0.2885220316078782), ([[249, 301], [421, 301], [421, 362], [249, 362]], '깊이 들어', 0.8142489632525738), ([[1804, 204], [1921, 204], [1921, 429], [1804, 429]], '못', 0.052278336988715646), ([[251, 359], [464, 359], [464, 423], [251, 423]], '오는구나9', 0.8271608733389006), ([[1366, 308], [1500, 308], [1500, 591], [1366, 591]], '좀', 0.01180220284696909), ([[1443, 233], [1805, 233], [1805, 903], [1443, 903]], '돌', 0.06438697349633404), ([[1710, 684], [1905, 684], [1905, 739], [1710, 739]], '오옷0 앗0', 0.4964294438905131), ([[1761, 737], [1910, 737], [1910, 797], [1761, 797]], '빗속에서', 0.6331232190132141), ([[1791, 794], [1905, 794], [1905, 847], [1791, 847]], '날뒤고', 0.23662039630264625), ([[57, 870], [237, 870], [237, 914], [57, 914]], '마스터의0', 0.7916404338841356), ([[1765, 847], [1906, 847], [1906, 907], [1765, 907]], '있어없0', 0.7108811140060425), ([[88, 925], [168, 925], [168, 973], [88, 973]], '성액', 0.7912666399747094), ([[63, 981], [143, 981], [143, 1030], [63, 1030]], '잔뜩', 0.9307584905119703), ([[154, 984], [228, 984], [228, 1026], [154, 1026]], '부어', 0.8802152599430717), ([[74, 1037], [220, 1037], [220, 1086], [74, 1086]], '넣어서0', 0.8380455374717712), ([[54, 1091], [204, 1091], [204, 1140], [54, 1140]], '임신시켜', 0.9988879561424255), ([[75, 1149], [221, 1149], [221, 1193], [75, 1193]], '두세요0', 0.1988837718963623), ([[1726, 1112], [1823, 1112], [1823, 1236], [1726, 1236]], '좋', 0.011271877184450274), ([[562, 1892], [640, 1892], [640, 1999], [562, 1999]], '탑', 0.08599487760179514), ([[112, 1873], [180, 1873], [180, 2230], [112, 2230]], '#', 0.4040882540753188), ([[242, 1922], [365, 1922], [365, 2086], [242, 2086]], '기', 0.8858311069963101), ([[1693, 2143], [1820, 2143], [1820, 2205], [1693, 2205]], '알앉어,', 0.3267989456653595), ([[1708, 2210], [1813, 2210], [1813, 2265], [1708, 2265]], '카마!', 0.9802251544725853), ([[1694, 2273], [1826, 2273], [1826, 2328], [1694, 2328]], '내 불알', 0.7059690566164373), ([[1717, 2338], [1806, 2338], [1806, 2395], [1717, 2395]], '에서', 0.9899163180883486), ([[1700, 2400], [1825, 2400], [1825, 2462], [1700, 2462]], '셈솟는', 0.09044741232111986), ([[1699, 2462], [1824, 2462], [1824, 2527], [1699, 2527]], '정액올', 0.8386644597970538), ([[1682, 2530], [1843, 2530], [1843, 2590], [1682, 2590]], '미성숙한', 0.48765749501712535), ([[1681, 2594], [1842, 2594], [1842, 2650], [1681, 2650]], '자궁으로', 0.9379687905311584), ([[1674, 2660], [1849, 2660], [1849, 2717], [1674, 2717]], '받아들여!', 0.9801100052173041), ([[525.4019155871075, 178.03589937299262], [563.5724787771376, 182.71253537143727], [552.5980844128925, 270.9641006270074], [513.4275212228624, 266.2874646285627]], '5', 0.6952011990067355), ([[1427.2341972528468, 2116.3512958792703], [1619.9785854259771, 2015.4959931067308], [1668.7658027471532, 2124.6487041207297], [1475.0214145740229, 2224.5040068932694]], '로보', 0.003761124614279225), ([[226.0367707173847, 2274.033175402078], [329.0292433116519, 2250.592345531917], [365.9632292826153, 2446.966824597922], [262.9707566883481, 2470.407654468083]], '4', 0.8283283063393334), ([[97.25988568919739, 2331.0152222474967], [232.40003408692797, 2311.829105094375], [267.7401143108026, 2609.9847777525033], [132.59996591307203, 2629.170894905625]], '(', 0.04165253922019141), ([[157.4443650813896, 2748.1105555697272], [230.1555426546945, 2712.0608628688924], [285.5556349186104, 2839.8894444302728], [212.8444573453055, 2875.9391371311076]], '2', 0.9492434690764107)]
[([[504, 85], [533, 85], [533, 114], [504, 114]], '0', 0.7904492348985492), ([[1548, 115], [1711, 115], [1711, 163], [1548, 163]], '이 정도면', 0.4500800366271259), ([[1727, 123], [1850, 123], [1850, 162], [1727, 162]], '하아아', 0.9837784931708786), ([[1568, 171], [1689, 171], [1689, 220], [1568, 220]], '한방에', 0.996871435558955), ([[1748, 176], [1862, 176], [1862, 224], [1748, 224]], '당신의', 0.9993364138854229), ([[1544, 225], [1711, 225], [1711, 276], [1544, 276]], '임신 가능', 0.822756298014068), ([[1746, 230], [1864, 230], [1864, 278], [1746, 278]], '사랑이', 0.5663760304450989), ([[1537, 281], [1882, 281], [1882, 334], [1537, 334]], '하켓네요0 이렇게나', 0.6386044820063015), ([[1730, 340], [1810, 340], [1810, 391], [1730, 391]], '등복', 0.12425424329357593), ([[112, 612], [139, 612], [139, 641], [112, 641]], '(', 0.1852400673938206), ([[1866, 523], [1963, 523], [1963, 704], [1866, 704]], '벼', 0.008153708078658062), ([[242, 739], [282, 739], [282, 828], [242, 828]], '길', 0.5613509925798468), ([[64, 840], [140, 840], [140, 885], [64, 885]], '네이', 0.2965155276583405), ([[64, 901], [210, 901], [210, 941], [64, 941]], '마스터의', 0.9915759563446045), ([[242, 834], [284, 834], [284, 1006], [242, 1006]], '턱', 0.0052478987930095755), ([[66, 957], [142, 957], [142, 997], [66, 997]], '자지', 0.38934088254705074), ([[66, 1011], [142, 1011], [142, 1053], [66, 1053]], '신짜', 0.5512157298133192), ([[63, 1062], [179, 1062], [179, 1113], [63, 1113]], '통아요', 0.903475284576416), ([[64, 1119], [102, 1119], [102, 1161], [64, 1161]], '0', 0.974360536601182), ([[1805, 1328], [1952, 1328], [1952, 1378], [1805, 1378]], '잘 뒷네~', 0.2253485182958293), ([[1338, 1361], [1444, 1361], [1444, 1451], [1338, 1451]], '한;', 0.2592136859125364), ([[1793, 1379], [1945, 1379], [1945, 1430], [1793, 1430]], '그 있잡아', 0.816503248763214), ([[974, 1418], [1165, 1418], [1165, 1468], [974, 1468]], '저 말고 다른', 0.8355329897820052), ([[1762, 1431], [1950, 1431], [1950, 1482], [1762, 1482]], '에우리알레는', 0.7307858098031298), ([[950, 1472], [1192, 1472], [1192, 1522], [950, 1522]], '여자들올 모조리', 0.9882625954951118), ([[1780, 1485], [1952, 1485], [1952, 1536], [1780, 1536]], '성에 안차면', 0.7760084922602706), ([[956, 1526], [1185, 1526], [1185, 1576], [956, 1576]], '해치우려구요9', 0.6380335376376289), ([[1807, 1539], [1952, 1539], [1952, 1588], [1807, 1588]], '화틀 내서', 0.38445432566698107), ([[963, 1577], [1178, 1577], [1178, 1630], [963, 1630]], '당신올 사랑할', 0.8427630544553195), ([[1823, 1591], [1925, 1591], [1925, 1639], [1823, 1639]], '말이지', 0.9992271294870614), ([[961, 1634], [1183, 1634], [1183, 1684], [961, 1684]], '자격이 앞는 건', 0.2768880555611948), ([[947, 1685], [1196, 1685], [1196, 1738], [947, 1738]], '저 뿐이니까 이해', 0.8236360203705125), ([[967, 1737], [1174, 1737], [1174, 1793], [967, 1793]], '해주실 거조?', 0.9985326328743961), ([[1834, 2336], [1923, 2336], [1923, 2384], [1834, 2384]], '어라?', 0.9887405529541642), ([[1837, 2391], [1913, 2391], [1913, 2433], [1837, 2433]], '카마,', 0.8002859473689864), ([[1814, 2437], [1943, 2437], [1943, 2485], [1814, 2485]], '어디 가?', 0.9926270603220937), ([[72, 2509], [235, 2509], [235, 2560], [72, 2560]], '미안]! 내가', 0.7994519650395622), ([[81, 2563], [231, 2563], [231, 2616], [81, 2616]], '잘못햇어!', 0.4046279773569694), ([[79, 2617], [235, 2617], [235, 2667], [79, 2667]], '그만덩어]', 0.12333367479087426), ([[302.43431457505073, 1020.0402020253554], [333.06534151775907, 1017.1444783166816], [340.56568542494927, 1097.9597979746447], [309.93465848224093, 1100.8555216833186]], '#', 0.20210045693616596), ([[1601.8555211561318, 2325.0730650178275], [1748.4956510111922, 2345.0294926534293], [1734.1444788438682, 2420.9269349821725], [1588.5043489888078, 2400.9705073465707]], '!', 0.3917324185059421)]
[([[770, 716], [1210, 716], [1210, 957], [770, 957]], '8중', 0.1277582143195204), ([[814.8300152097034, 519.0263376554158], [1224.5031213825125, 575.3053440255601], [1182.1699847902967, 792.9736623445842], [772.4968786174876, 735.6946559744399]], '보켜', 0.015249580400043069)]
[]
[]
[([[1375, 0], [1693, 0], [1693, 187], [1375, 187]], '"-()', 0.011506648734211922)]
[([[1653, 280], [1753, 280], [1753, 450], [1653, 450]], '벼', 0.001283160729680391), ([[1635.0984799331588, 11.058295485323308], [1682.5911015368033, -8.974998134278518], [1725.9015200668412, 101.94170451467669], [1678.4088984631967, 122.97499813427852]], '속', 0.003190283476960945)]
[]
[]
[([[1120, 24], [1687, 24], [1687, 139], [1120, 139]], '5 .국이', 0.0005731769407710563), ([[1336, 287], [1478, 287], [1478, 376], [1336, 376]], '카마', 0.956130892439495), ([[1065, 375], [1139, 375], [1139, 419], [1065, 419]], '감도', 0.9999468953838798), ([[1456, 376], [1558, 376], [1558, 429], [1456, 429]], '성욕8 ', 0.3440093994140625), ([[1060, 425], [1198, 425], [1198, 476], [1060, 476]], '인연레벌', 0.6063334941864014), ([[1060, 479], [1230, 479], [1230, 532], [1060, 532]], '질짜횟수 8', 0.39714145055168615), ([[1251, 477], [1340, 477], [1340, 526], [1251, 526]], "'76회", 0.8078547120094299), ([[1450, 478], [1717, 478], [1717, 540], [1450, 540]], '오모횟수8 87회', 0.1211210925610356), ([[1060, 522], [1234, 522], [1234, 577], [1060, 577]], '확정위험일', 0.8820471339896755), ([[1251, 524], [1351, 524], [1351, 573], [1251, 573]], '3/27', 0.7587065725919075), ([[1454, 524], [1736, 524], [1736, 580], [1454, 580]], '절정횟수 8 201회', 0.5105746048250511), ([[1055, 573], [1314, 573], [1314, 666], [1055, 666]], '순정화울', 0.12594517445833667), ([[1358, 584], [1548, 584], [1548, 653], [1358, 653]], '0.029', 0.7527762661698938), ([[1055, 677], [1304, 677], [1304, 732], [1055, 732]], '좋아하는 체위:', 0.7957991899867626), ([[1044, 727], [1639, 727], [1639, 784], [1044, 784]], '눈위서 훈배회로 박히늄첫올 중안한단 ', 0.07397748834800132), ([[1040, 765], [1597, 765], [1597, 829], [1040, 829]], '다양한 옷차림으로 식스하제 해줍다 }', 0.11699531036909691), ([[1042, 808], [1793, 808], [1793, 871], [1042, 871]], '예스의 약속울잡 -면 그날은 아문첫도 집중합수', 0.04071726956407149), ([[1043, 853], [1787, 853], [1787, 914], [1043, 914]], "언제털다; 부끄러움 때문인지 '분신3 사용하지만", 0.08557860691207891), ([[1042, 900], [1279, 900], [1279, 953], [1042, 953]], '바로 패배한다', 0.6859879599675301), ([[1108, 1864], [1319, 1864], [1319, 1924], [1108, 1924]], '전부야점어~', 0.18284003107210475), ([[1138, 2022], [1399, 2022], [1399, 2115], [1138, 2115]], '매발레팩', 0.08319669961929321), ([[1044, 2108], [1223, 2108], [1223, 2157], [1044, 2157]], '질답 8', 0.4041141330749365), ([[1384, 2111], [1495, 2111], [1495, 2159], [1384, 2159]], '질감도', 0.15165505616200614), ([[1524, 2118], [1544, 2118], [1544, 2147], [1524, 2147]], '8', 0.9774107200502193), ([[1040, 2153], [1174, 2153], [1174, 2204], [1040, 2204]], '출출함 %', 0.13745193040495451), ([[1386, 2158], [1556, 2158], [1556, 2209], [1386, 2209]], '자용감도 8', 0.1615643808301902), ([[1035, 2259], [1250, 2259], [1250, 2312], [1035, 2312]], '보지의 형태8', 0.946190232331068), ([[1026, 2309], [1610, 2309], [1610, 2366], [1026, 2366]], '상당히 압음 질로 모양음바물순 &유', 0.05463509088361794), ([[1026, 2349], [1720, 2349], [1720, 2404], [1026, 2404]], '평소에늄 손가락 한개가 들어가기 힘들 정도로', 0.5040435419844528), ([[1023, 2389], [1667, 2389], [1667, 2454], [1023, 2454]], '국로로 좁음 짙이닭 울벽에 듭퍼원 질감올', 0.012235706569584576), ([[1017, 2430], [1183, 2430], [1183, 2547], [1017, 2547]], '통스"', 0.026598955547946775), ([[1127, 2429], [1726, 2429], [1726, 2541], [1127, 2541]], '[캐전릭대마스트사 되렉 인@ 인@에', 0.00032398760496214887), ([[1013, 2507], [1150, 2507], [1150, 2629], [1013, 2629]], '불빛', 0.09742840562357424), ([[1133, 2519], [1775, 2519], [1775, 2579], [1133, 2579]], '흘러나온다? 운연한 짙음상당히 굶음컷드', 0.038057941099945404), ([[1132, 2563], [1774, 2563], [1774, 2620], [1132, 2620]], '관능하켓 한다  입문에 잡입한켓 만으로로', 0.07035554353115545), ([[1024, 2608], [1772, 2608], [1772, 2665], [1024, 2665]], '켓문이 좋다; 플리트린스훌- 동지에터금하면 리접', 0.0064771721375098835), ([[1024, 2651], [1405, 2651], [1405, 2706], [1024, 2706]], '직전까켓 금제가버린다', 0.16414466086630292), ([[1023, 2692], [1483, 2692], [1483, 2752], [1023, 2752]], '순청지키키 어려움럿이 고민', 0.23221743733571626)]
[]
[]
[]
[]
[]
[]
[]
[]
[]
[]
[]
[]
[]
[]
[]
[]
[]
[([[1584, 2281], [1955, 2281], [1955, 2614], [1584, 2614]], "'-", 0.17245828225386567), ([[918, 2698], [1077, 2698], [1077, 2880], [918, 2880]], '다', 0.06754070023762271), ([[461.39723400503283, 66.47668080603935], [714.7710151286966, -20.43959927858289], [751.6027659949672, 101.52331919396065], [498.2289848713034, 189.43959927858288]], '신)', 0.046968966252738845)]
[([[1332, 232], [1480, 232], [1480, 373], [1332, 373]], '!', 0.15462884156879486), ([[918, 2698], [1075, 2698], [1075, 2880], [918, 2880]], '다', 0.31948267545908493), ([[378.13141855362215, 123.2067880199929], [679.3053104740163, -59.498180356818054], [748.8685814463778, 93.7932119800071], [447.6946895259837, 278.49818035681807]], '쇼속)', 0.017794692888855934), ([[1633.7583625912257, 2237.019275437467], [1978.1352239139324, 2297.593372940722], [1907.2416374087743, 2638.980724562533], [1562.8647760860676, 2578.406627059278]], '"수', 0.013864019977243399)]
[]
[]
[]
[]
[]
[]
[]
[]
[]
[]
[]
[]
[([[554.3464540844378, 151.0267398301415], [617.3288448371086, 177.10656327027684], [569.6535459155622, 288.9732601698585], [507.6711551628914, 261.89343672972313]], '!', 0.11145327298965757)]
[]
[([[1368, 1586], [1409, 1586], [1409, 1633], [1368, 1633]], '0', 0.01943698981501374), ([[556.3569264806375, 149.02588835990525], [618.5142228333488, 178.35619758414745], [566.6430735193625, 288.97411164009475], [504.48577716665125, 259.6438024158526]], '!', 0.12426540492349947), ([[1540.357822286535, 396.0187610997516], [1625.580118675483, 413.185124038504], [1591.642177713465, 588.9812389002484], [1506.419881324517, 572.814875961496]], '8', 0.8462582300428636)]
[]
[([[766, 1818], [796, 1818], [796, 1856], [766, 1856]], '{~', 0.6297128199002461)]
[]
[]
[]
[]
[]
[]
[]
[]
[]
[]
[]
[]
[]
[]
[]
[([[470, 372], [502, 372], [502, 406], [470, 406]], '"', 0.16088937029985573)]
[]
[]
[]
[]
[]
[]
[]
[]
[([[1557, 485], [1611, 485], [1611, 546], [1557, 546]], '0', 0.8040404693475445), ([[564, 694], [608, 694], [608, 742], [564, 742]], '^', 0.6858493604999047)]
[]
[]
[]
[]
[]
[]
[]
[([[1375, 0], [1693, 0], [1693, 187], [1375, 187]], '"-()', 0.011506648734211922)]
[([[1653, 280], [1753, 280], [1753, 450], [1653, 450]], '벼', 0.001283160729680391), ([[1635.0984799331588, 11.058295485323308], [1682.5911015368033, -8.974998134278518], [1725.9015200668412, 101.94170451467669], [1678.4088984631967, 122.97499813427852]], '속', 0.003190283476960945)]
[]
[]
[([[1048, 70], [1078, 70], [1078, 108], [1048, 108]], '7', 0.1067579348153922)]
[([[1050, 70], [1078, 70], [1078, 108], [1050, 108]], '7', 0.3499914778309545)]
[]
[]
[]
[]
[]
[([[997, 313], [1246, 313], [1246, 629], [997, 629]], "'", 0.058696547270724375)]
[([[997, 315], [1244, 315], [1244, 633], [997, 633]], "('", 0.20691380596689357)]
[]
[([[285, 181], [468, 181], [468, 241], [285, 241]], '보심다?', 0.09903223067522049), ([[325, 253], [430, 253], [430, 315], [325, 315]], '분명', 0.9995686963998122), ([[285, 325], [468, 325], [468, 385], [285, 385]], '보심다?', 0.07610722503838217), ([[62, 1169], [196, 1169], [196, 1249], [62, 1249]], '분명', 0.9990680075544305), ([[35, 1273], [227, 1273], [227, 1341], [35, 1341]], '보심도', 0.26753527206177996), ([[89, 1367], [169, 1367], [169, 1433], [89, 1433]], '?!', 0.8904151973821426)]
[]
[]
[]
[]
