2810870
117
[([[637, 23], [896, 23], [896, 97], [637, 97]], '쓸:{고3', 0.002308536401892865), ([[659, 201], [845, 201], [845, 245], [659, 245]], '미유 예델되트', 0.22934791526508833), ([[568, 298], [610, 298], [610, 328], [568, 328]], '훨짜', 0.0240818098461263), ([[648, 296], [737, 296], [737, 336], [648, 336]], "'879 회", 0.3978009645006916), ([[561, 329], [731, 329], [731, 369], [561, 369]], '수_ 확출 9 20916', 0.06257209622719578), ([[555, 403], [707, 403], [707, 445], [555, 445]], '중안하는 제위 ?', 0.36969201058105766), ([[537, 441], [713, 441], [713, 483], [537, 483]], '정장위큼 중안하다:', 0.035032006159545125), ([[537, 473], [967, 473], [967, 515], [537, 515]], '{2 열굴울[고 하눈 덧울 중안하다 @발세 [고소는', 0.00043033519459212784), ([[537, 505], [973, 505], [973, 549], [537, 549]], '무리} 부사 절다 -돕다 야날 한기화가 01움', 0.002710277640092188), ([[537, 539], [789, 539], [789, 583], [537, 583]], '일이 @구5165 열 해한다', 0.010988715775552509), ([[847, 831], [923, 831], [923, 867], [847, 867]], '약점!', 0.10197366231641808), ([[597, 1205], [913, 1205], [913, 1293], [597, 1293]], '8삼셈 또운하하', 0.00040101341170294065), ([[537, 1323], [659, 1323], [659, 1363], [537, 1363]], '질위 면다 8', 0.02793879213798644), ([[535, 1352], [876, 1352], [876, 1400], [535, 1400]], '단단하지다 물주문 맛이 임옮 질이다', 0.035361638349886426), ([[535, 1387], [964, 1387], [964, 1431], [535, 1431]], '841간 틈기인 소함생 이지밥 필안문아7하표이', 0.008163428736855709), ([[537, 1425], [775, 1425], [775, 1461], [537, 1461]], '끈적끈적3한 패다 야', 0.0011948889659344657), ([[537, 1455], [905, 1455], [905, 1497], [537, 1497]], '안쪽에 따으편주금이 여장3메 {려 임고', 0.002732905761392457), ([[537, 1491], [919, 1491], [919, 1529], [537, 1529]], '그때관증-서기 떠문에 주의 @야와 함께', 0.030855745519612284), ([[537, 1523], [907, 1523], [907, 1565], [537, 1565]], '셈스하눈 덧이가3 입어국 출안진다', 0.006260439970321583)]
[]
[([[2274.007698233973, 1350.5115473509595], [2424.56498667029, 1274.9267459143975], [2456.992301766027, 1350.4884526490405], [2306.43501332971, 1425.0732540856025]], ')면', 0.03999016351271277)]
[]
[]
[]
[]
[]
[]
[]
[([[1197, 25], [1304, 25], [1304, 53], [1197, 53]], '이리야 씨가', 0.8206603104706846), ([[45, 86], [168, 86], [168, 134], [45, 134]], '다른데량', 0.5071848034858704), ([[621, 34], [652, 34], [652, 134], [621, 134]], '해', 0.8979999963006691), ([[1069, 43], [1102, 43], [1102, 123], [1069, 123]], '후', 0.903160565325468), ([[1214, 53], [1287, 53], [1287, 119], [1214, 119]], '외움월', 0.02877820834140433), ([[1310, 53], [1410, 53], [1410, 132], [1310, 132]], '(출없너무', 0.06946417425169349), ([[1844, 78], [1904, 78], [1904, 117], [1844, 117]], '다들', 0.9977674534228995), ([[528, 105], [619, 105], [619, 147], [528, 147]], '여기가', 0.9999476927915707), ([[1210, 121], [1291, 121], [1291, 150], [1210, 150]], '부리니까', 0.9964905381202698), ([[1315, 127], [1404, 127], [1404, 165], [1315, 165]], '힘들어~', 0.9998189210891724), ([[1815, 120], [1940, 120], [1940, 162], [1815, 162]], '수고햇다!', 0.6485785788314169), ([[51, 136], [111, 136], [111, 180], [51, 180]], '별반', 0.9978824409623828), ([[513, 148], [634, 148], [634, 197], [513, 197]], '마스터의', 0.9995038509368896), ([[1210, 155], [1289, 155], [1289, 184], [1210, 184]], '그렇조~', 0.9804993867874146), ([[1833, 168], [1915, 168], [1915, 207], [1833, 207]], '편히들', 0.9996637261075921), ([[51, 186], [144, 186], [144, 225], [51, 225]], '차이가', 0.9996528521740685), ([[511, 198], [634, 198], [634, 247], [511, 247]], '방이구나', 0.9979667663574219), ([[1842, 210], [1908, 210], [1908, 252], [1842, 252]], '쉬험!', 0.30306800698672764), ([[47, 227], [121, 227], [121, 276], [47, 276]], '없네.', 0.9344064766568094), ([[550, 260], [574, 260], [574, 277], [550, 277]], '0', 0.028886469851418184), ([[71, 357], [108, 357], [108, 516], [71, 516]], '푹', 0.01582908529802385), ([[478, 583], [579, 583], [579, 694], [478, 694]], '1)', 0.028613307117945012), ([[1760, 637], [1864, 637], [1864, 690], [1760, 690]], '멋대로', 0.9886012564293609), ([[1760, 695], [1871, 695], [1871, 748], [1760, 748]], '들어와', 0.98934188780505), ([[1746, 754], [1882, 754], [1882, 807], [1746, 807]], '버뒷어9', 0.07918312400579453), ([[1736, 809], [1890, 809], [1890, 869], [1736, 869]], '영의가 다', 0.9997654238863228), ([[1742, 869], [1887, 869], [1887, 922], [1742, 922]], '해려논데', 0.11774648725986481), ([[1760, 925], [1869, 925], [1869, 980], [1760, 980]], '여기서', 0.9998203675664549), ([[1744, 981], [1887, 981], [1887, 1036], [1744, 1036]], '갈아입어', 0.9998025894165039), ([[1760, 1042], [1869, 1042], [1869, 1093], [1760, 1093]], '버월까', 0.6503942436973953), ([[1848, 1569], [1884, 1569], [1884, 1616], [1848, 1616]], '뒷', 0.1598873718172058), ([[1728, 1757], [1882, 1757], [1882, 1810], [1728, 1810]], '자 어서어', 0.22568864739248393), ([[1702, 1810], [1913, 1810], [1913, 1872], [1702, 1872]], '갈아입올테니', 0.5850289564000448), ([[1726, 1872], [1887, 1872], [1887, 1925], [1726, 1925]], '뒤돌아 서', 0.9991572025878785), ([[1714, 1928], [1896, 1928], [1896, 1984], [1714, 1984]], '있으라구0', 0.7053908782883964), ([[1710, 1987], [1898, 1987], [1898, 2042], [1710, 2042]], '아니면 혹시', 0.7627400130590302), ([[1710, 2045], [1900, 2045], [1900, 2098], [1710, 2098]], '갈아입는 거', 0.9824179041655923), ([[1717, 2102], [1896, 2102], [1896, 2155], [1717, 2155]], '보고 싶어?', 0.6750677391692601), ([[71, 2386], [245, 2386], [245, 2450], [71, 2450]], '@여자애', 0.06364104896783829), ([[75, 2449], [214, 2449], [214, 2518], [75, 2518]], '특유의', 0.4533081649099505), ([[73, 2509], [309, 2509], [309, 2586], [73, 2586]], '좋음 -량-', 0.015267116215534955), ([[76, 2580], [212, 2580], [212, 2648], [76, 2648]], '몸매가', 0.03386497887289864), ([[73, 2641], [207, 2641], [207, 2713], [73, 2713]], '뒤원-', 0.031077451122328417), ([[75, 2708], [306, 2708], [306, 2776], [75, 2776]], '동려{다하입', 0.03089869751455565), ([[727.2436279361906, 686.0150611983844], [854.5261139750742, 631.0072854998231], [987.7563720638094, 974.9849388016156], [860.4738860249258, 1029.992714500177]], "'", 0.5407379757452055)]
[([[275, 41], [431, 41], [431, 114], [275, 114]], '$~', 0.5263439288094623), ([[1844, 60], [1915, 60], [1915, 102], [1844, 102]], '참자:', 0.447445038338351), ([[135, 56], [186, 56], [186, 211], [135, 211]], '올', 0.9619830852510667), ([[1839, 102], [1945, 102], [1945, 201], [1839, 201]], '참아야', 0.6841486331789659), ([[1869, 201], [1938, 201], [1938, 243], [1869, 243]], '니라!', 0.9605554352971957), ([[1241, 228], [1377, 228], [1377, 268], [1241, 268]], '마스터0', 0.42316022515296936), ([[1250, 280], [1366, 280], [1366, 322], [1250, 322]], '마력 틈', 0.9492967878785902), ([[1272, 332], [1348, 332], [1348, 372], [1272, 372]], '받아', 0.9983790800716179), ([[1257, 377], [1363, 377], [1363, 425], [1257, 425]], '갈게0', 0.91206913233458), ([[1261, 1023], [1301, 1023], [1301, 1069], [1261, 1069]], '음', 0.9989638629707684), ([[961, 1053], [1068, 1053], [1068, 1104], [961, 1104]], '좋아0', 0.3005554676055908), ([[1229, 1073], [1333, 1073], [1333, 1124], [1229, 1124]], '맛있어', 0.9872267806159057), ([[921, 1105], [1104, 1105], [1104, 1160], [921, 1160]], '자지도 반응', 0.9982966518419041), ([[1274, 1127], [1345, 1127], [1345, 1176], [1274, 1176]], '이것', 0.9941356907157956), ([[923, 1161], [1104, 1161], [1104, 1212], [923, 1212]], '하고 있으니', 0.9206060098798194), ([[1240, 1181], [1347, 1181], [1347, 1232], [1240, 1232]], '만으론', 0.9729178663796714), ([[927, 1213], [1097, 1213], [1097, 1266], [927, 1266]], '이쪽으로도', 0.9988557935546003), ([[1258, 1233], [1331, 1233], [1331, 1284], [1258, 1284]], '부족', 0.999413698466159), ([[927, 1267], [1099, 1267], [1099, 1320], [927, 1320]], '받아갈까9', 0.2218679273057198), ([[1226, 1287], [1363, 1287], [1363, 1338], [1226, 1338]], '하켓지어', 0.3424045443534851), ([[80, 1421], [205, 1421], [205, 1487], [80, 1487]], '마력올', 0.9818422794342041), ([[1787, 1327], [1851, 1327], [1851, 1469], [1787, 1469]], '통', 0.8332821048691272), ([[78, 1477], [167, 1477], [167, 1546], [78, 1546]], '너무', 0.7620509737529377), ([[80, 1540], [200, 1540], [200, 1607], [80, 1607]], '빨려서', 0.45764938206847966), ([[78, 1599], [197, 1599], [197, 1666], [78, 1666]], '힘의%', 0.12391225240023267), ([[1175, 1834], [1259, 1834], [1259, 1911], [1175, 1911]], '벼', 0.1978765927715962), ([[1412, 2103], [1501, 2103], [1501, 2145], [1412, 2145]], '어때어', 0.7004623528856807), ([[1377, 2151], [1538, 2151], [1538, 2200], [1377, 2200]], '맨들맨들한', 0.8613384465151478), ([[1394, 2198], [1521, 2198], [1521, 2252], [1394, 2252]], '00학생', 0.9637121558189392), ([[1397, 2252], [1522, 2252], [1522, 2303], [1397, 2303]], '허버지에', 0.33867761492729187), ([[133, 2304], [265, 2304], [265, 2364], [133, 2364]], '아항 0', 0.21762727200984955), ([[1395, 2304], [1522, 2304], [1522, 2355], [1395, 2355]], '비비니까', 0.9984441995620728), ([[158, 2369], [242, 2369], [242, 2418], [158, 2418]], '사정', 0.9762360311254331), ([[561, 2341], [673, 2341], [673, 2385], [561, 2385]], "으으:'", 0.5710253119468689), ([[1388, 2356], [1531, 2356], [1531, 2404], [1388, 2404]], '기분 좋아', 0.9996105983825251), ([[565, 2396], [665, 2396], [665, 2449], [565, 2449]], '산다!', 0.7044135646757764), ([[1416, 2411], [1501, 2411], [1501, 2453], [1416, 2453]], '~?0', 0.9174352976254668), ([[163, 2431], [237, 2431], [237, 2473], [163, 2473]], '너무', 0.9999776622433632), ([[156, 2487], [241, 2487], [241, 2532], [156, 2532]], '빨라', 0.9936152597299764), ([[1557.1626818219506, 772.0502591221897], [1668.9844961049962, 816.5343669263336], [1645.8373181780494, 868.9497408778103], [1535.0155038950038, 825.4656330736664]], '73 ~', 0.24415146750687194), ([[1443.120938695087, 1268.0554156911876], [1491.5410125526857, 1243.0209380703538], [1546.879061304913, 1360.9445843088124], [1498.4589874473143, 1385.9790619296462]], '초', 0.027784266784556033), ([[1866.4202018956437, 1284.028079525129], [1914.406397734822, 1293.0607232845082], [1895.5797981043563, 1398.971920474871], [1847.593602265178, 1389.9392767154918]], '@', 0.011262062745981405), ([[1319.9194081923158, 1844.0585553693054], [1431.1117875294544, 1869.8798873779858], [1409.0805918076842, 1955.9414446306946], [1297.8882124705456, 1930.1201126220142]], '백', 0.03421445450369576), ([[323.0116340551049, 2385.040772066769], [550.7767118583203, 2432.6958607233723], [524.9883659448951, 2529.959227933231], [297.22328814167975, 2482.3041392766277]], '[초료@);', 8.310032454985906e-05)]
[]
[([[888, 51], [981, 51], [981, 90], [888, 90]], '오도에', 0.590889096450906), ([[400, 56], [488, 56], [488, 155], [400, 155]], '7', 0.0733489886853258), ([[898, 92], [967, 92], [967, 141], [898, 141]], '남은', 0.9999216920535273), ([[1803, 80], [1899, 80], [1899, 120], [1803, 120]], '그래도', 0.9999812794832843), ([[52, 142], [170, 142], [170, 197], [52, 197]], '그렇계', 0.5198733553221067), ([[888, 143], [977, 143], [977, 187], [888, 187]], '정액도', 0.9832888576210062), ([[1802, 124], [1900, 124], [1900, 175], [1802, 175]], '정액은', 0.9994591886961334), ([[890, 195], [979, 195], [979, 232], [890, 232]], '모조리', 0.687754927655082), ([[1834, 178], [1903, 178], [1903, 226], [1834, 226]], '엄청', 0.9903259726245736), ([[50, 207], [168, 207], [168, 262], [50, 262]], '마력올', 0.9676021997648037), ([[686, 203], [807, 203], [807, 253], [686, 253]], '더는 못', 0.9233423673205403), ([[899, 237], [968, 237], [968, 282], [899, 282]], '빨아', 0.998320018771083), ([[1803, 231], [1904, 231], [1904, 275], [1803, 275]], '진하네', 0.9986258874839375), ([[50, 266], [212, 266], [212, 332], [50, 332]], '원한다면', 0.938023030757904), ([[702, 259], [793, 259], [793, 310], [702, 310]], '참아!', 0.9758371172322543), ([[885, 287], [979, 287], [979, 329], [885, 329]], '내야지', 0.9965974236348506), ([[52, 333], [170, 333], [170, 388], [52, 388]], '영주로', 0.9995503764523568), ([[54, 401], [132, 401], [132, 454], [54, 454]], '명: .', 0.5643543601036072), ([[882, 524], [1009, 524], [1009, 575], [882, 575]], '맛있없어', 0.9462894632029101), ([[887, 578], [1014, 578], [1014, 627], [887, 627]], '마스터)', 0.33920755982398987), ([[1762, 572], [1833, 572], [1833, 622], [1762, 622]], '네0', 0.22682249116333467), ([[1742, 628], [1853, 628], [1853, 679], [1742, 679]], '잘 먹엇', 0.25664643256566416), ([[1748, 682], [1846, 682], [1846, 735], [1748, 735]], '숨니다', 0.5926723894865615), ([[988, 729], [1050, 729], [1050, 782], [988, 782]], '도', 0.06928814802137939), ([[74, 1035], [125, 1035], [125, 1099], [74, 1099]], '할', 0.9786366801790791), ([[72, 1105], [125, 1105], [125, 1169], [72, 1169]], '줄', 0.9978259709802764), ([[660, 1164], [790, 1164], [790, 1285], [660, 1285]], '12', 0.8779548139629584), ([[68, 1177], [135, 1177], [135, 1409], [68, 1409]], '흙', 0.06039693451387862), ([[1770, 1374], [1809, 1374], [1809, 1418], [1770, 1418]], '욕', 0.7788205449402632), ([[1748, 1424], [1862, 1424], [1862, 1475], [1748, 1475]], '이망할', 0.9703723414563251), ([[1755, 1481], [1858, 1481], [1858, 1531], [1755, 1531]], '고멩이', 0.4924534885918477), ([[52, 2016], [132, 2016], [132, 2069], [52, 2069]], '인류', 0.999784720685531), ([[54, 2072], [170, 2072], [170, 2128], [54, 2128]], '최후의', 0.998523976368524), ([[52, 2131], [199, 2131], [199, 2184], [52, 2184]], '마스터클', 0.2274176925420761), ([[56, 2187], [170, 2187], [170, 2242], [56, 2242]], '우습게', 0.716972149076598), ([[56, 2248], [186, 2248], [186, 2299], [56, 2299]], '보지마!', 0.9923792481422424), ([[981, 2709], [1354, 2709], [1354, 2850], [981, 2850]], '567', 0.10918204375822663)]
[([[1043, 89], [1114, 89], [1114, 158], [1043, 158]], '0', 0.7742957203686842), ([[1525, 108], [1626, 108], [1626, 165], [1525, 165]], '보지루', 0.1939337600535471), ([[1333, 127], [1408, 127], [1408, 277], [1333, 277]], '앞', 0.12180123364841222), ([[1530, 160], [1637, 160], [1637, 213], [1530, 213]], '적신 채', 0.8359678424717663), ([[1914, 141], [1953, 141], [1953, 221], [1914, 221]], '3', 0.4163693600088578), ([[1541, 207], [1635, 207], [1635, 260], [1541, 260]], '꼬리나', 0.9736376423149741), ([[1557, 261], [1624, 261], [1624, 312], [1557, 312]], '치고', 0.9871409864022327), ([[173, 331], [224, 331], [224, 379], [173, 379]], '자', 0.8313372245973518), ([[1544, 311], [1617, 311], [1617, 364], [1544, 364]], '말야', 0.994287149864769), ([[179, 395], [259, 395], [259, 437], [179, 437]], '자지', 0.8646077966583661), ([[1330, 292], [1410, 292], [1410, 511], [1330, 511]], '값', 0.13135222588044204), ([[215, 444], [259, 444], [259, 498], [215, 498]], '0', 0.9366575324583017), ([[180, 506], [260, 506], [260, 562], [180, 562]], '국어', 0.9206889644645472), ([[1529, 526], [1606, 526], [1606, 571], [1529, 571]], '앗0', 0.5152218384647685), ([[1252, 492], [1296, 492], [1296, 675], [1252, 675]], ' ', 0.24095557947454438), ([[1518, 579], [1618, 579], [1618, 621], [1518, 621]], '그렇게', 0.9855221509933472), ([[1502, 631], [1634, 631], [1634, 671], [1502, 671]], '문지르지', 0.241428405046463), ([[1529, 678], [1605, 678], [1605, 720], [1529, 720]], '마0', 0.772345788960674), ([[1848, 1439], [1942, 1439], [1942, 1483], [1848, 1483]], '자지의', 0.9999155402183533), ([[1832, 1485], [1952, 1485], [1952, 1534], [1832, 1534]], '무서움올', 0.9156157374382019), ([[1830, 1540], [1956, 1540], [1956, 1580], [1830, 1580]], '뼈에 사무', 0.989414372820118), ([[1563, 1556], [1609, 1556], [1609, 1596], [1563, 1596]], '자', 0.9687961869468076), ([[1833, 1585], [1926, 1585], [1926, 1629], [1833, 1629]], '(치도록', 0.9260340929031372), ([[1536, 1610], [1634, 1610], [1634, 1654], [1536, 1654]], '잠깐..', 0.3347119987010956), ([[1533, 1659], [1652, 1659], [1652, 1712], [1533, 1712]], '안돼0', 0.6335597709173523), ([[1550, 1717], [1633, 1717], [1633, 1765], [1550, 1765]], '그것', 0.9999817083167456), ([[1550, 1773], [1630, 1773], [1630, 1822], [1550, 1822]], '만은', 0.9983526245265847), ([[313, 2021], [424, 2021], [424, 2074], [313, 2074]], '점막을', 0.32489358100207805), ([[288, 2081], [449, 2081], [449, 2134], [288, 2134]], '통해 직접', 0.7550407104211093), ([[311, 2140], [422, 2140], [422, 2193], [311, 2193]], '마력올', 0.9686998765837219), ([[144, 2196], [274, 2196], [274, 2251], [144, 2251]], '아직다', 0.7341992855072021), ([[295, 2201], [447, 2201], [447, 2258], [295, 2258]], '부어주지', 0.9997258186340332), ([[117, 2257], [301, 2257], [301, 2312], [117, 2312]], '들어가지도', 0.999962468258308), ([[146, 2315], [273, 2315], [273, 2370], [146, 2370]], '않앉어!', 0.29194560647010803), ([[1787, 2304], [1916, 2304], [1916, 2355], [1787, 2355]], '안돼애', 0.4627351642012024), ([[151, 2376], [269, 2376], [269, 2429], [151, 2429]], '끝까지', 0.9816798143605074), ([[1809, 2363], [1932, 2363], [1932, 2416], [1809, 2416]], '노큰은', 0.07813146793699707), ([[113, 2437], [305, 2437], [305, 2490], [113, 2490]], '제대로 집어', 0.9983441224909272), ([[1825, 2428], [1914, 2428], [1914, 2476], [1825, 2476]], '안되', 0.5030075454413235), ([[164, 2495], [253, 2495], [253, 2548], [164, 2548]], '삼켜', 0.9895797392396741), ([[1804, 2481], [1939, 2481], [1939, 2542], [1804, 2542]], '다구0', 0.9189195846217199), ([[1140, 2594], [1288, 2594], [1288, 2697], [1140, 2697]], '#/ ', 0.0017382736722718456), ([[1508.102633403899, 66.30790021169692], [1632.4046120882133, 57.39420488603998], [1632.897366596101, 107.69209978830308], [1509.5953879117867, 116.60579511396001]], '뜻내나는', 0.8453184962272644), ([[1646.4095257509891, 95.04382253162788], [1676.478467530314, 87.0287194983941], [1696.5904742490109, 169.95617746837212], [1666.521532469686, 177.97128050160592]], '5', 0.11484698838295149), ([[629.9559504388563, 1920.0194717613504], [998.5700796678345, 2009.1664918381807], [932.0440495611437, 2243.9805282386496], [563.4299203321655, 2153.8335081618193]], '( 되', 0.004972081139641637)]
[([[43, 20], [139, 20], [139, 71], [43, 71]], '이렇계', 0.7633044129946546), ([[45, 70], [148, 70], [148, 121], [45, 121]], '음란한', 0.7683944702881226), ([[623, 15], [885, 15], [885, 140], [623, 140]], '전계0', 0.15562591451124197), ([[1158, 60], [1220, 60], [1220, 128], [1158, 128]], '아', 0.04310081538393096), ([[769, 115], [798, 115], [798, 143], [769, 143]], '0', 0.9681862600906612), ([[45, 124], [204, 124], [204, 172], [45, 172]], '몸뚱아리로', 0.25118677188461574), ([[47, 176], [152, 176], [152, 224], [47, 224]], '날 이겨', 0.5435750914386264), ([[910, 159], [1073, 159], [1073, 223], [910, 223]], '마스터의', 0.8481879830360413), ([[45, 225], [154, 225], [154, 276], [45, 276]], '먹울 수', 0.8396983096094188), ([[926, 220], [1055, 220], [1055, 284], [926, 284]], '자지가', 0.9986188685778322), ([[45, 277], [172, 277], [172, 328], [45, 328]], '있율거라', 0.5551063418388367), ([[928, 280], [1055, 280], [1055, 342], [928, 342]], '깊숙이', 0.9996684060332269), ([[44, 327], [149, 327], [149, 380], [44, 380]], '생각한', 0.92863836733834), ([[895, 339], [1055, 339], [1055, 403], [895, 403]], '들어앉어트', 0.3395766043254063), ([[46, 384], [142, 384], [142, 428], [46, 428]], '거나:?', 0.7923714518547058), ([[1803, 564], [1870, 564], [1870, 603], [1803, 603]], '배가', 0.9996346063789429), ([[1775, 608], [1898, 608], [1898, 656], [1775, 656]], '뒤틀려서', 0.24344204366207123), ([[1773, 657], [1900, 657], [1900, 708], [1773, 708]], '(숨쉬기가', 0.42350703428826125), ([[38, 553], [150, 553], [150, 920], [38, 920]], '#', 0.04725940370700088), ([[23, 1387], [230, 1387], [230, 1650], [23, 1650]], '10', 0.39345580692429455), ([[1397, 1737], [1486, 1737], [1486, 1792], [1397, 1792]], '기분', 0.999697061894283), ([[1526, 1737], [1606, 1737], [1606, 1792], [1526, 1792]], '기분', 0.9995706349104418), ([[1636, 1739], [1779, 1739], [1779, 1788], [1636, 1788]], '노6으로', 0.12154106795787811), ([[1288, 1744], [1389, 1744], [1389, 1886], [1288, 1886]], '떼', 0.42971048448913507), ([[1401, 1786], [1478, 1786], [1478, 1852], [1401, 1852]], '좋아', 0.5101530766002783), ([[1530, 1791], [1606, 1791], [1606, 1844], [1530, 1844]], '좋아', 0.9663826967854907), ([[1670, 1789], [1745, 1789], [1745, 1840], [1670, 1840]], '하면', 0.9939368416409575), ([[1635, 1838], [1784, 1838], [1784, 1892], [1635, 1892]], "'안되는데;", 0.803972736070366), ([[1631, 1888], [1781, 1888], [1781, 1941], [1631, 1941]], "'책스 기분", 0.10605674525602737), ([[1640, 1944], [1747, 1944], [1747, 1993], [1640, 1993]], '좋아 .', 0.13305960595607758), ([[81, 1931], [156, 1931], [156, 2067], [81, 2067]], '9', 0.2914123416600525), ([[1058, 1976], [1180, 1976], [1180, 2111], [1058, 2111]], '팩', 0.20670173087552612), ([[1819.4935321878315, 46.00855275981544], [1930.5116218439357, 65.01633575319713], [1875.5064678121685, 371.9914472401846], [1764.4883781560643, 351.98366424680285]], '7', 0.2826535042758316), ([[868.9234480567936, 1045.0646188713868], [934.9149962351977, 1031.485142576133], [956.0765519432064, 1145.9353811286132], [891.0850037648023, 1159.514857423867]], '%', 0.08352065810381593), ([[255.11001377995865, 1588.9760220479338], [378.22603699064365, 1499.7060742090368], [437.88998622004135, 1595.0239779520662], [314.77396300935635, 1684.2939257909632]], '70', 0.5159454084090128), ([[68.95377736640181, 1692.091919245563], [110.39084320411666, 1721.3658379798067], [54.04622263359819, 1799.908080754437], [11.609156795883338, 1769.6341620201933]], '엷', 0.004103816614760503), ([[181.65193180040828, 1663.3542197596003], [289.8951432571005, 1749.1575084638098], [136.34806819959172, 1937.6457802403997], [28.104856742899546, 1851.8424915361902]], '0', 0.9942967188544038), ([[1439.101374366102, 2639.0367672664447], [1618.8141899138136, 2690.986719962854], [1587.898625633898, 2782.9632327335553], [1409.1858100861864, 2730.013280037146]], '447++0', 0.0590811018625657), ([[617.6821727161, 2695.010111642771], [656.9005622272316, 2700.375298580403], [633.3178272839, 2861.989888357229], [593.0994377727684, 2855.624701419597]], '쥐', 0.020840818032419328)]
[([[939, 42], [984, 42], [984, 86], [939, 86]], '어', 0.9999405154491434), ([[71, 70], [210, 70], [210, 114], [71, 114]], '후우: 0', 0.4989250668146227), ([[73, 123], [210, 123], [210, 162], [73, 162]], '후우:  0', 0.3531547560028105), ([[914, 95], [1000, 95], [1000, 143], [914, 143]], '어때:', 0.37851552881672773), ([[1061, 0], [1458, 0], [1458, 233], [1061, 233]], '79', 0.11867299837031976), ([[102, 172], [176, 172], [176, 216], [102, 216]], '잘못', 0.45330742407678304), ([[927, 151], [1000, 151], [1000, 202], [927, 202]], '내가', 0.9995246166509503), ([[71, 220], [209, 220], [209, 269], [71, 269]], '햇어오0', 0.13185052573680878), ([[909, 207], [1018, 207], [1018, 258], [909, 258]], '이뤄지', 0.12026043726493557), ([[71, 273], [207, 273], [207, 315], [71, 315]], '마스터)', 0.4838780164718628), ([[1834, 1224], [1936, 1224], [1936, 1275], [1834, 1275]], '꼬멩이', 0.594336619271649), ([[1758, 1268], [1796, 1268], [1796, 1314], [1758, 1314]], '질', 0.9992823696621578), ([[1829, 1278], [1936, 1278], [1936, 1327], [1829, 1327]], '주제에', 0.9940469762645374), ([[1544, 1251], [1657, 1251], [1657, 1504], [1544, 1504]], '놈', 0.02039042379230893), ([[1758, 1322], [1796, 1322], [1796, 1445], [1758, 1445]], '팬', 0.0035657818969747623), ([[1827, 1327], [1939, 1327], [1939, 1442], [1827, 1442]], '회려;', 0.016886085111957477), ([[1856, 1438], [1934, 1438], [1934, 1491], [1856, 1491]], '아양', 0.9777899857568689), ([[1825, 1494], [1898, 1494], [1898, 1545], [1825, 1545]], '떨긴', 0.8495453434573663), ([[1342, 1691], [1411, 1691], [1411, 1731], [1342, 1731]], '그래,', 0.8893921493335496), ([[1874, 1699], [1943, 1699], [1943, 1747], [1874, 1747]], '그럼', 0.999835884116574), ([[1311, 1736], [1447, 1736], [1447, 1788], [1311, 1788]], '착하지:', 0.7682202458381653), ([[1841, 1751], [1943, 1751], [1943, 1801], [1841, 1801]], '깨끗이', 0.9976594738554758), ([[1312, 1784], [1439, 1784], [1439, 1835], [1312, 1835]], '다음에도', 0.7326881885528564), ([[1856, 1802], [1936, 1802], [1936, 1853], [1856, 1853]], '빨아', 0.9912212665611938), ([[86, 1836], [139, 1836], [139, 1894], [86, 1894]], '웃드', 0.6805413097009572), ([[1298, 1836], [1455, 1836], [1455, 1885], [1298, 1885]], '응석부리고', 0.7507561550380528), ([[1829, 1856], [1936, 1856], [1936, 1905], [1829, 1905]], '글로에', 0.5403808295226683), ([[82, 1891], [329, 1891], [329, 1955], [82, 1955]], '쓰어@@ 쓰다듬어', 0.16441342126582803), ([[1292, 1886], [1459, 1886], [1459, 1934], [1292, 1934]], '싶어지면 와 .', 0.9916947057209856), ([[1311, 1938], [1445, 1938], [1445, 1983], [1311, 1983]], '내가 침대', 0.9979870671258692), ([[85, 1954], [295, 1954], [295, 2014], [85, 2014]], '주고 있어:', 0.7124046586012244), ([[1294, 1985], [1459, 1985], [1459, 2035], [1294, 2035]], '위에서 틈백', 0.15814975427710548), ([[82, 2015], [212, 2015], [212, 2077], [82, 2077]], '마스터', 0.999902681355662), ([[1330, 2036], [1423, 2036], [1423, 2085], [1330, 2085]], '귀여워', 0.9783132555948705), ([[85, 2074], [245, 2074], [245, 2138], [85, 2138]], '상낭해0', 0.4775409400463104), ([[1321, 2086], [1432, 2086], [1432, 2134], [1321, 2134]], '해주마 .', 0.8672708306747795), ([[82, 2193], [245, 2193], [245, 2257], [82, 2257]], '그나저나-', 0.6284515152928165), ([[1656, 2032], [1923, 2032], [1923, 2746], [1656, 2746]], '틀', 0.9707673548255116), ([[393.86004720019343, -10.95933919729176], [585.8184660544888, 29.965676194306116], [553.1399527998066, 160.95933919729177], [362.1815339455112, 121.03432380569389]], '매각)', 0.00015837436095392666), ([[288.26102134357376, 2501.013006157495], [629.9793438940658, 2672.0688019681484], [547.7389786564262, 2826.986993842505], [205.0206561059342, 2656.9311980318516]], '3496*4', 0.023756349045117295)]
[([[1693, 67], [1872, 67], [1872, 131], [1693, 131]], '노콩 렉장', 0.002629172313061854), ([[1716, 127], [1841, 127], [1841, 194], [1716, 194]], ')장해.', 0.032325055450201035), ([[188, 183], [232, 183], [232, 230], [188, 230]], '0', 0.3311180795439128), ([[1786, 188], [1874, 188], [1874, 252], [1786, 252]], '넷날', 0.006878915854880135), ([[123, 262], [210, 262], [210, 302], [123, 302]], '~0', 0.9117452811920174), ([[1714, 245], [1842, 245], [1842, 314], [1714, 314]], '광장해-', 0.13710591197013855), ([[1666, 307], [1877, 307], [1877, 371], [1666, 371]], '서칠 .쓰가', 0.021503587378288357), ([[1668, 368], [1874, 368], [1874, 432], [1668, 432]], '이렇계 9문', 0.026235693888373053), ([[1658, 427], [1877, 427], [1877, 495], [1658, 495]], '동음 패없움', 0.08922930515542), ([[1718, 487], [1841, 487], [1841, 551], [1718, 551]], '줄이@(', 0.3159576952457428), ([[50, 585], [125, 585], [125, 636], [50, 636]], '되게', 0.9968186687322552), ([[187, 567], [265, 567], [265, 618], [187, 618]], '앗0', 0.31775084170951473), ([[50, 639], [220, 639], [220, 692], [50, 692]], '묵직하다9', 0.5982689511174591), ([[50, 695], [157, 695], [157, 746], [50, 746]], '아직도', 0.999777421602064), ([[50, 749], [154, 749], [154, 800], [50, 800]], '정액이', 0.9583309791021524), ([[905, 714], [1045, 714], [1045, 793], [905, 793]], '{려 ', 0.0709862639600941), ([[48, 802], [175, 802], [175, 858], [48, 858]], '잔뜩 차', 0.999186686163357), ([[50, 857], [190, 857], [190, 910], [50, 910]], '있구나9', 0.7185935974121094), ([[171, 851], [460, 851], [460, 1144], [171, 1144]], '4무', 0.003854160042105364), ([[1768, 1012], [1910, 1012], [1910, 1076], [1768, 1076]], '한 번만', 0.4988674633879827), ([[1826, 1072], [1910, 1072], [1910, 1136], [1826, 1136]], '더어', 0.4234464501029367), ([[1768, 1133], [1913, 1133], [1913, 1195], [1768, 1195]], '한 번만', 0.9920875657179172), ([[93, 1080], [172, 1080], [172, 1324], [93, 1324]], '#', 0.0043788228237870985), ([[1827, 1195], [1878, 1195], [1878, 1252], [1827, 1252]], '더더', 0.16356020159270573), ([[98, 1327], [164, 1327], [164, 1465], [98, 1465]], '텍', 0.26213450350397594), ([[1309, 1446], [1428, 1446], [1428, 1561], [1309, 1561]], '전올', 0.009685445013350162), ([[1773, 1478], [1907, 1478], [1907, 1527], [1773, 1527]], '글로에:?', 0.6109906540131236), ([[1775, 1530], [1905, 1530], [1905, 1579], [1775, 1579]], '거기까진', 0.9959450960159302), ([[1802, 1584], [1876, 1584], [1876, 1633], [1802, 1633]], '빨지', 0.9960980865256717), ([[1771, 1636], [1876, 1636], [1876, 1687], [1771, 1687]], '않아도', 0.9983340579541435), ([[1679, 1674], [1754, 1674], [1754, 1725], [1679, 1725]], '욕]', 0.019537970737810193), ([[1523, 1697], [1660, 1697], [1660, 1750], [1523, 1750]], '잠깐   !', 0.3220969417012533), ([[1517, 1760], [1655, 1760], [1655, 1813], [1517, 1813]], '이제 끝', 0.9998347844545078), ([[1559, 1823], [1615, 1823], [1615, 1873], [1559, 1873]], '그,', 0.9983862416398237), ([[1535, 1883], [1651, 1883], [1651, 1932], [1535, 1932]], "그만 '", 0.8415187001228333), ([[463, 1980], [703, 1980], [703, 2567], [463, 2567]], '틀', 0.09980263774051057), ([[1173, 2501], [1251, 2501], [1251, 2768], [1173, 2768]], '류', 0.050953919406035775), ([[1344, 2616], [1380, 2616], [1380, 2696], [1344, 2696]], '=', 0.9353533598901755), ([[348, 2697], [410, 2697], [410, 2770], [348, 2770]], '최', 0.00864002409022846), ([[88.03156499751168, 166.0588329795958], [201.5698331722701, 192.41202284708714], [182.96843500248832, 263.94116702040424], [69.43016682772989, 237.58797715291286]], '3 ', 0.3680588883719676), ([[627.0223216201086, 396.13884133516285], [1237.2774088969165, 300.2685038364639], [1255.9776783798914, 566.8611586648371], [644.7225911030836, 663.7314961635361]], '이이이시', 0.017570575699210167), ([[452.0946425395748, 738.041067935323], [637.8540048051555, 784.2974756095805], [612.9053574604252, 867.958932064677], [427.14599519484455, 820.7025243904195]], '46', 0.013861445522525453), ([[228.5326251631084, 1053.0060687796736], [366.50636456854045, 1075.1367795883975], [302.4673748368916, 1473.9939312203264], [164.49363543145958, 1451.8632204116025]], '@', 0.017253283297089306), ([[1846.4181608737335, 1857.0141139989091], [1937.8284411913498, 1883.905193321814], [1877.5818391262665, 2086.985886001091], [1786.1715588086502, 2060.094806678186]], '@', 0.011334008705567777), ([[1712.3854229763222, 1900.015748038281], [1805.8293169609783, 1924.9059472222482], [1753.6145770236778, 2118.984251961719], [1660.1706830390217, 2094.094052777752]], '@', 0.9077111484302804)]
[([[414, 32], [467, 32], [467, 112], [414, 112]], '0', 0.07135354218212342), ([[1351, 35], [1458, 35], [1458, 77], [1351, 77]], '이번에는', 0.8492209911346436), ([[45, 72], [163, 72], [163, 121], [45, 121]], '반항하면', 0.9878576397895813), ([[650, 95], [719, 95], [719, 143], [650, 143]], '발뱀', 0.18147690088861784), ([[802, 49], [851, 49], [851, 157], [802, 157]], '뭐', 0.7028409129679893), ([[1344, 80], [1467, 80], [1467, 122], [1344, 122]], '내가 만족', 0.9937696631256846), ([[48, 123], [153, 123], [153, 162], [48, 162]], '이리저리', 0.9999517202377319), ([[1344, 125], [1470, 125], [1470, 165], [1344, 165]], '할 때까지', 0.9798152840272627), ([[51, 168], [162, 168], [162, 210], [51, 210]], '소문내고', 0.531263901009542), ([[635, 144], [737, 144], [737, 195], [635, 195]], '해방자', 0.46698129535540694), ([[1362, 168], [1425, 168], [1425, 212], [1362, 212]], '할래', 0.9534087767001064), ([[46, 210], [144, 210], [144, 255], [46, 255]], '다날 줄', 0.3273659526028572), ([[653, 196], [719, 196], [719, 244], [653, 244]], '이미', 0.9998309953206692), ([[48, 258], [138, 258], [138, 300], [48, 300]], '알아9', 0.4759666323661804), ([[626, 245], [748, 245], [748, 294], [626, 294]], '늦없어9', 0.6240109801292419), ([[52, 410], [125, 410], [125, 465], [52, 465]], '웨', 0.020438506609604667), ([[1692, 520], [1851, 520], [1851, 571], [1692, 571]], '병이지롭9', 0.24314396401238716), ([[70, 551], [159, 551], [159, 604], [70, 604]], '크으-', 0.4191517653589409), ([[154, 570], [190, 570], [190, 588], [154, 588]], '9', 0.04889686827270112), ([[1685, 572], [1860, 572], [1860, 622], [1685, 622]], '소문 퍼저서', 0.9846651399152269), ([[69, 607], [131, 607], [131, 671], [69, 671]], '이', 0.7992651902136494), ([[1669, 625], [1871, 625], [1871, 676], [1669, 676]], '마스터랑 색스', 0.2072319113738878), ([[70, 668], [186, 668], [186, 724], [70, 724]], '이런6', 0.23205081953619874), ([[1685, 677], [1858, 677], [1858, 728], [1685, 728]], '못하게 되는', 0.9863751978148836), ([[1681, 729], [1862, 729], [1862, 780], [1681, 780]], '상황은 나도', 0.9706929784435386), ([[1688, 783], [1855, 783], [1855, 834], [1688, 834]], '원치 않거튼', 0.7171615997474134), ([[350, 807], [457, 807], [457, 851], [350, 851]], '^', 0.006503484229294421), ([[1745, 851], [1771, 851], [1771, 867], [1745, 867]], '<', 0.014281305084702434), ([[1667, 1154], [1779, 1154], [1779, 1210], [1667, 1210]], '이제는', 0.8680092634580953), ([[1627, 1215], [1824, 1215], [1824, 1268], [1627, 1268]], '도망 못가0', 0.7501688862191785), ([[1645, 1274], [1806, 1274], [1806, 1329], [1645, 1329]], '그럼 다시', 0.9954841345077589), ([[1667, 1332], [1747, 1332], [1747, 1385], [1667, 1385]], '한번', 0.9999747119845447), ([[1661, 1391], [1786, 1391], [1786, 1444], [1661, 1444]], '잘 먹젯', 0.5875212384353892), ([[1654, 1449], [1797, 1449], [1797, 1504], [1654, 1504]], '습니다 0', 0.4507458079022967), ([[1362, 1605], [1404, 1605], [1404, 1641], [1362, 1641]], '스', 0.17858247386743997), ([[1408, 1561], [1501, 1561], [1501, 1660], [1408, 1660]], '[ ', 0.03862824707079851), ([[268, 1616], [424, 1616], [424, 1788], [268, 1788]], ';', 0.1198631407862969), ([[1741, 2464], [1889, 2464], [1889, 2536], [1741, 2536]], "'이런6%", 0.09410595325841552), ([[184, 2503], [311, 2503], [311, 2565], [184, 2565]], '아반0', 0.06509256982987799), ([[1790, 2533], [1881, 2533], [1881, 2597], [1790, 2597]], '이런', 0.8854581588019887), ([[182, 2572], [303, 2572], [303, 2629], [182, 2629]], '마스터', 0.9839950799942017), ([[1675, 2598], [1886, 2598], [1886, 2664], [1675, 2664]], '꼬봉이한계', 0.02841385033542238), ([[178, 2635], [316, 2635], [316, 2692], [178, 2692]], '자지 또', 0.9971500463583185), ([[1709, 2663], [1888, 2663], [1888, 2732], [1709, 2732]], '또다시6', 0.42659667134284973), ([[169, 2696], [327, 2696], [327, 2763], [169, 2763]], '커진다 0', 0.629735264864622), ([[1455.2088369900189, 1475.0313460742366], [1534.55995327592, 1464.6551226507104], [1550.7911630099811, 1620.9686539257634], [1471.44004672408, 1630.3448773492896]], '@', 0.6080659124422461), ([[1595.0895536990884, 1522.0835899750778], [1629.6358215799269, 1510.0405916765708], [1652.9104463009116, 1585.9164100249222], [1618.3641784200731, 1597.9594083234292]], '0', 0.38152543246093273), ([[1286.0725499096816, 2095.0358938348922], [1442.842294262044, 2156.0609108810686], [1404.9274500903184, 2247.9641061651078], [1248.157705737956, 2187.9390891189314]], '4"""', 0.043795112520456314), ([[644.2867900502247, 2610.01957891409], [729.4776185004752, 2565.0087767870764], [851.7132099497753, 2817.98042108591], [766.5223814995248, 2862.9912232129236]], '중', 0.7353054608466358)]
[([[1711, 125], [1814, 125], [1814, 187], [1711, 187]], '자아닥', 0.10352029556928499), ([[1696, 193], [1865, 193], [1865, 257], [1696, 257]], '마스터9', 0.7446678876876831), ([[1732, 260], [1827, 260], [1827, 324], [1732, 324]], '함께', 0.9992311594913573), ([[1711, 332], [1845, 332], [1845, 392], [1711, 392]], '가자9', 0.7366201917687669), ([[845, 318], [995, 318], [995, 511], [845, 511]], '곳', 0.1505620712991993), ([[59, 745], [323, 745], [323, 818], [59, 818]], '우와아아아약;', 0.17675035189767396), ([[58, 877], [245, 877], [245, 941], [58, 941]], '얘 완전 ', 0.8282520259477291), ([[1838, 882], [1889, 882], [1889, 949], [1838, 949]], '@', 0.18579364798597542), ([[60, 940], [234, 940], [234, 1008], [60, 1008]], '서규버스', 0.5259070542574591), ([[60, 1005], [268, 1005], [268, 1071], [60, 1071]], '로구만하', 0.720062255859375), ([[322, 956], [557, 956], [557, 1097], [322, 1097]], ']임', 0.007021037199920683), ([[60, 1070], [209, 1070], [209, 1134], [60, 1134]], '못 당해', 0.8017310428924176), ([[60, 1133], [241, 1133], [241, 1199], [60, 1199]], '내략다 :', 0.1499378083127627), ([[1751, 1433], [1909, 1433], [1909, 1635], [1751, 1635]], '돕', 0.025861450018789478), ([[140, 1766], [260, 1766], [260, 1817], [140, 1817]], '이렇게', 0.9417768726265437), ([[109, 1823], [285, 1823], [285, 1877], [109, 1877]], '하면 더욱', 0.9991149514353875), ([[118, 1887], [284, 1887], [284, 1931], [118, 1931]], '싸기 위위', 0.23316787814109768), ([[111, 1947], [257, 1947], [257, 1989], [111, 1989]], '시러나 ~', 0.26927470417585625), ([[1713, 2309], [1790, 2309], [1790, 2384], [1713, 2384]], '#', 0.1606362122090852), ([[47, 2385], [98, 2385], [98, 2440], [47, 2440]], '하', 0.9996869809047126), ([[104, 2369], [157, 2369], [157, 2512], [104, 2512]], '육', 0.10803554381186942), ([[46, 2483], [101, 2483], [101, 2641], [46, 2641]], '화', 0.09478826803317109), ([[829.0885668197667, -14.986151629676819], [1168.7119067763726, 147.85239880025256], [1054.9114331802334, 373.98615162967684], [715.2880932236275, 211.14760119974744]], '취', 0.035332479086513935), ([[171.12972068902064, 129.03448068166028], [327.80071708796424, 183.9156510882876], [292.87027931097936, 276.9655193183397], [135.19928291203573, 221.0843489117124]], "'^40", 0.11780374807242258), ([[1687.9632031319513, 759.0902578521221], [1732.3088757822422, 745.1445030794424], [1755.0367968680487, 827.9097421478779], [1710.6911242177578, 841.8554969205576]], '솜', 0.3670023456072755), ([[1402.309052155424, 1598.4834503460352], [1524.8419262005566, 1486.0154147248027], [1683.690947844576, 1691.5165496539648], [1562.1580737994434, 1804.9845852751973]], '성', 0.1550030720261617), ([[1571.7104633444399, 1757.0438111632648], [1705.3731258360233, 1710.51011707927], [1773.2895366555601, 1941.9561888367352], [1639.6268741639767, 1988.48988292073]], '평', 0.7555173285766159), ([[971.1343928719352, 1848.0249966844797], [1246.8777232396878, 1929.08862583379], [1205.8656071280648, 2050.97500331552], [929.1222767603123, 1969.91137416621]], '시,시037', 0.07865016373922722), ([[1842.951362344004, 2441.0789914704264], [1892.6116862340039, 2417.0267769323555], [1938.048637655996, 2520.9210085295736], [1888.3883137659961, 2544.9732230676445]], '프', 0.0676175235182166)]
[([[1337, 198], [1446, 198], [1446, 251], [1337, 251]], '정액량', 0.9088887245284335), ([[1487, 169], [1538, 169], [1538, 296], [1487, 296]], '양', 0.10050946503014657), ([[66, 204], [216, 204], [216, 349], [66, 349]], '(때', 0.04055320880889262), ([[1321, 254], [1462, 254], [1462, 310], [1321, 310]], '엄청나 9', 0.312962459097344), ([[1352, 313], [1428, 313], [1428, 364], [1352, 364]], '기분', 0.999826106531766), ([[196, 378], [336, 378], [336, 433], [196, 433]], '이번에야', 0.9973418712615967), ([[1337, 371], [1448, 371], [1448, 424], [1337, 424]], '좋앉어', 0.5111265397329051), ([[225, 437], [303, 437], [303, 490], [225, 490]], '말로', 0.9998156546617337), ([[205, 493], [325, 493], [325, 546], [205, 546]], '잘 먹엇', 0.383306774021111), ([[196, 551], [337, 551], [337, 604], [196, 604]], '습니다 0', 0.4976994820107108), ([[178, 1121], [343, 1121], [343, 1176], [178, 1176]], '이거 화9', 0.18140312933770975), ([[179, 1180], [342, 1180], [342, 1242], [179, 1242]], '흘러 넘질', 0.5857588938229407), ([[216, 1247], [301, 1247], [301, 1300], [216, 1300]], '만큼', 0.9997960996360097), ([[199, 1306], [324, 1306], [324, 1366], [199, 1366]], '싸취서', 0.9606900199417776), ([[196, 1370], [321, 1370], [321, 1426], [196, 1426]], '고마위,', 0.566932201385498), ([[184, 1433], [336, 1433], [336, 1486], [184, 1486]], '마스터어', 0.5043554306030273), ([[1328, 1549], [1425, 1549], [1425, 1697], [1328, 1697]], '끈', 0.03316825175335958), ([[619, 1710], [699, 1710], [699, 1871], [619, 1871]], '$', 0.02050461692279648), ([[1458, 1822], [1804, 1822], [1804, 2151], [1458, 2151]], '2', 0.6338703383844404), ([[1688, 2327], [1767, 2327], [1767, 2409], [1688, 2409]], '뉴', 0.07344557016711306), ([[1884, 2339], [1958, 2339], [1958, 2383], [1884, 2383]], '뛰야,', 0.43733387904242405), ([[339, 2415], [412, 2415], [412, 2455], [339, 2455]], '바이(', 0.9113539308470429), ([[1127, 2414], [1383, 2414], [1383, 2465], [1127, 2465]], '마력만 살짝 빨아', 0.5187663695351253), ([[1823, 2432], [1930, 2432], [1930, 2483], [1823, 2483]], '듣지도', 0.9012977115819679), ([[198, 2457], [325, 2457], [325, 2512], [198, 2512]], '오빠이', 0.22208606959789123), ([[1141, 2466], [1374, 2466], [1374, 2517], [1141, 2517]], '갈 생각이엎는데', 0.25762305411770786), ([[1820, 2486], [1932, 2486], [1932, 2539], [1820, 2539]], '않잡아', 0.5163438971710346), ([[1132, 2518], [1365, 2518], [1365, 2569], [1132, 2569]], '일이 커저버로네.', 0.4374329360319797), ([[1139, 2572], [1372, 2572], [1372, 2623], [1139, 2623]], '임신하면 책임저', 0.9055691870909051), ([[1184, 2624], [1327, 2624], [1327, 2672], [1184, 2672]], '쥐야 해어', 0.3412943324606203), ([[1424, 2637], [1518, 2637], [1518, 2688], [1424, 2688]], '용서해', 0.9993207918991597), ([[1407, 2694], [1535, 2694], [1535, 2736], [1407, 2736]], '주세요: .', 0.4960485046661702), ([[1437, 2748], [1506, 2748], [1506, 2786], [1437, 2786]], '제가', 0.9997121491604648), ([[1402, 2790], [1531, 2790], [1531, 2845], [1402, 2845]], '젖습니다 .', 0.30086367327406155), ([[1704.9333401284623, 109.1533788606976], [1925.5171991823465, 83.04046967502752], [1932.0666598715377, 203.84662113930239], [1711.4828008176535, 230.95953032497246]], '진다아', 0.28580358432020436), ([[1676.6022975800959, 253.38987959441206], [1950.124258041805, 196.1681051333404], [1967.3977024199041, 325.61012040558796], [1693.875741958195, 382.83189486665964]], "'아앗시", 0.2948682904243469), ([[1629.5082600965459, 290.017293370952], [1683.9985098740121, 313.0995001235176], [1627.4917399034541, 445.982706629048], [1572.0014901259879, 422.9004998764824]], '헌', 0.06457759148177278), ([[1617.0370214010773, 2309.066554087756], [1695.6854489576788, 2336.925205495893], [1673.9629785989227, 2394.933445912244], [1595.3145510423212, 2368.074794504107]], '뉴주', 0.010748428841734138), ([[361.052175279236, 2372.1139186448677], [433.7387844992808, 2381.5782087115413], [426.947824720764, 2420.8860813551323], [355.2612155007192, 2411.4217912884587]], '바이', 0.9999920764016744)]
[([[1420.00019994002, 54.10097970609797], [1456.6439429048864, 40.041639632373794], [1481.99980005998, 112.89902029390204], [1445.3560570951136, 126.95836036762621]], '5', 0.11330136945821323)]
[]
[([[1452, 86], [1472, 86], [1472, 111], [1452, 111]], '0', 0.7623469825148845)]
[]
[]
[]
[]
[]
[([[1125, 31], [1680, 31], [1680, 139], [1125, 139]], '도물 드', 0.005678924266248941), ([[1248, 296], [1584, 296], [1584, 380], [1248, 380]], '[유혜텔필트', 0.12886101148107748), ([[1086, 375], [1179, 375], [1179, 417], [1086, 417]], '감도 8', 0.604289746346245), ([[1467, 367], [1549, 367], [1549, 420], [1467, 420]], '성욕', 0.9731037861183646), ([[1073, 416], [1241, 416], [1241, 469], [1073, 469]], '인연례밑 ?', 0.02363826085494382), ([[1073, 470], [1241, 470], [1241, 526], [1073, 526]], '질짜 횟수8', 0.3058439913439239), ([[1265, 468], [1351, 468], [1351, 517], [1265, 517]], '34회', 0.9998807263348091), ([[1467, 470], [1727, 470], [1727, 526], [1467, 526]], '-긋_횟수 8 42회', 0.04675255960507638), ([[1071, 513], [1250, 513], [1250, 568], [1071, 568]], '학확정위험일', 0.1597781606011096), ([[1267, 515], [1365, 515], [1365, 564], [1267, 564]], '1/23', 0.9055281071725639), ([[1466, 512], [1730, 512], [1730, 572], [1466, 572]], '절정횟수 8 22회', 0.4466869223976308), ([[1066, 561], [1329, 561], [1329, 661], [1066, 661]], '수정확울', 0.31623244285583496), ([[1368, 567], [1509, 567], [1509, 645], [1368, 645]], '2496', 0.8967846632003784), ([[1069, 667], [1292, 667], [1292, 724], [1069, 724]], '종아하는 체원', 0.4616855124694087), ([[1070, 730], [1691, 730], [1691, 786], [1070, 786]], '정상원  서로 얼굴이-보이늄퍼세가 종야', 0.07895925239442235), ([[1071, 771], [1419, 771], [1419, 826], [1071, 826]], '퇴스풍많인한고 싶다.', 0.12609337631701215), ([[1366, 768], [1776, 768], [1776, 872], [1366, 872]], '여인부력-하루히원린다 ', 0.00036687988403206014), ([[1071, 807], [1382, 807], [1382, 868], [1071, 868]], '싫어한다; 교배 프레', 0.2772734027895238), ([[1066, 843], [1676, 843], [1676, 951], [1066, 951]], '해주주움나 양문 @리급운하드/ 켓로', 0.0010325366366419394), ([[1511, 1419], [1647, 1419], [1647, 1481], [1511, 1481]], "'야점9", 0.12080690264701843), ([[1442, 1870], [1572, 1870], [1572, 1925], [1442, 1925]], '야점~', 0.31940079029952617), ([[1151, 2011], [1451, 2011], [1451, 2104], [1151, 2104]], '매발레- %', 0.1384655596627719), ([[1055, 2097], [1160, 2097], [1160, 2148], [1055, 2148]], '질업 8', 0.15946361422538757), ([[1397, 2099], [1511, 2099], [1511, 2150], [1397, 2150]], '질감로', 0.4553372249152464), ([[1538, 2109], [1558, 2109], [1558, 2138], [1538, 2138]], '8', 0.9968232152534853), ([[1051, 2144], [1185, 2144], [1185, 2195], [1051, 2195]], '속족함 %', 0.09656622761558033), ([[1400, 2149], [1565, 2149], [1565, 2200], [1400, 2200]], '자용감도 8', 0.6704764821967859), ([[1049, 2248], [1264, 2248], [1264, 2303], [1049, 2303]], '보지의 형태 8', 0.6844407031693857), ([[1039, 2296], [1703, 2296], [1703, 2356], [1039, 2356]], '상당히 단단한 붐분이 많지만 풀어주습 맛이', 0.25675880741039636), ([[1040, 2340], [1657, 2340], [1657, 2395], [1040, 2395]], '잃랫재미난 질- 입문 분분임 쓰낌이 종다', 0.05709670156907571), ([[1040, 2380], [1757, 2380], [1757, 2440], [1040, 2440]], '초0학생처럼 패끗한 보지름-다지곡 양어면제모', 0.016860578448301675), ([[1036, 2423], [1715, 2423], [1715, 2484], [1036, 2484]], '질안은 질적질적하제 젖어있늄 초변태사양', 0.05827252651695334), ([[1037, 2471], [1745, 2471], [1745, 2524], [1037, 2524]], '안 쪽에 십입하면 복잡한 주름이 업현제 그대로', 0.04868068241143809), ([[1037, 2513], [1385, 2513], [1385, 2566], [1037, 2566]], '*버리기 때문에 주의!', 0.19757719211044628), ([[1036, 2555], [1715, 2555], [1715, 2615], [1036, 2615]], '이리야와 함께 씩스할 대간 간장 질현대전-', 0.056204268015772996), ([[1036, 2596], [1616, 2596], [1616, 2657], [1036, 2657]], '좋아진다 순청 타이망올 맞추고 짚다', 0.10089685537376764)]
[]
[]
[]
[]
[]
[]
[]
[]
[]
[]
[([[631, 19], [908, 19], [908, 103], [631, 103]], '콤 골입', 0.0063775028102099895), ([[590, 198], [916, 198], [916, 252], [590, 252]], '이외@스필돈_인주관로', 0.01152598818330659), ([[658, 334], [733, 334], [733, 365], [658, 365]], '8 50016', 0.2539409282544812), ([[560, 406], [696, 406], [696, 454], [560, 454]], '존요하는 제위', 0.16822212905805714), ([[537, 449], [937, 449], [937, 493], [537, 493]], '대권자위트 중어하다 여간터 렉스하 중다', 0.0008084785046334569), ([[534, 480], [961, 480], [961, 525], [534, 525]], '달로3 말월구 속살되지 현세괴전히물당하면', 0.0014099078915442301), ([[533, 511], [984, 511], [984, 560], [533, 560]], '4꿀하되다  @0뜨고스님 다 표하다6 라고 활 ', 0.0001360081199844668), ([[535, 547], [891, 547], [891, 591], [535, 591]], '출순 표움덧이다? 하면 %건지적553 ', 0.00012982879114540924), ([[605, 1103], [672, 1103], [672, 1143], [605, 1143]], '약점이', 0.040658424614963544), ([[599, 1207], [985, 1207], [985, 1295], [599, 1295]], '8   속% 8남심?}', 0.007924516769913577), ([[537, 1321], [659, 1321], [659, 1357], [537, 1357]], '절의 현다 8', 0.18241910399236747), ([[537, 1351], [713, 1351], [713, 1392], [537, 1392]], '순정소규생의보장', 0.038146945435380296), ([[535, 1383], [927, 1383], [927, 1427], [535, 1427]], '박티순 부터 42175 @어훨다 {원쾌각이', 0.0008251885374004053), ([[537, 1417], [947, 1417], [947, 1461], [537, 1461]], '덮기다 @건 연간분 외소순문 ( *습다눈', 0.0013794077215456453), ([[534, 1448], [804, 1448], [804, 1496], [534, 1496]], '굉53 콤적이 지문간되다', 0.005284750575903329), ([[533, 1483], [953, 1483], [953, 1527], [533, 1527]], '{본위문@나젯지망5 예스염때 느터지분다37가', 0.0014660417588156299), ([[535, 1517], [963, 1517], [963, 1561], [535, 1561]], '귀두예 달라발요{#  중독5 0483570 된다', 0.002232443376560674), ([[537, 1549], [955, 1549], [955, 1594], [537, 1594]], '러데오 다른 (이다과면 칠요구 분이 (금3이', 0.00048176390780767134), ([[535, 1583], [875, 1583], [875, 1627], [535, 1627]], '입 름문질되면 금세 가뻐다:', 0.0016158842020289545)]
[]
[([[120, 174], [453, 174], [453, 253], [120, 253]], '01.21.34', 0.3059648760145784), ([[1712, 195], [1885, 195], [1885, 279], [1712, 279]], '모설~', 0.004370758704083125)]
[]
[]
[([[2150, 2607], [2216, 2607], [2216, 2880], [2150, 2880]], '}', 0.05059421694473465)]
[([[351, 515], [375, 515], [375, 539], [351, 539]], '0', 0.9995893661611923), ([[2152, 2609], [2212, 2609], [2212, 2880], [2152, 2880]], '}', 0.019685814311508842)]
[([[2150, 2602], [2216, 2602], [2216, 2880], [2150, 2880]], '}', 0.12531028347240536), ([[1902.3251076384697, 912.010847556408], [2052.880679883265, 983.5082968863838], [1919.6748923615303, 1264.989152443592], [1769.1193201167348, 1193.4917031136163]], '5', 0.7626492741297284)]
[([[2152, 2618], [2212, 2618], [2212, 2880], [2152, 2880]], '#', 0.02917348004169562), ([[1892.2770869103567, 909.0113637493473], [2062.8832669533685, 974.5366406711801], [1946.7229130896433, 1272.9886362506527], [1776.1167330466317, 1206.46335932882]], '5', 0.5161477206963951)]
[([[749.5884743023908, 1814.0970813496447], [1081.0038457840947, 1740.642760594247], [1116.4115256976092, 1997.9029186503553], [785.9961542159052, 2070.357239405753]], '자', 0.20076033271811955)]
[([[750.5092380775626, 1818.1071616997267], [1082.651134215706, 1743.6731876728772], [1118.4907619224373, 1991.8928383002733], [785.348865784294, 2066.3268123271228]], '자', 0.17073947849263504)]
[([[1118, 24], [1687, 24], [1687, 139], [1118, 139]], '돕오하지격', 3.376734892619904e-05), ([[1047, 287], [1765, 287], [1765, 392], [1047, 392]], '이리야스필 품 아인앞배름', 0.026468598765375155), ([[1067, 374], [1171, 374], [1171, 422], [1067, 422]], '감도 :', 0.988750708793632), ([[1465, 369], [1540, 369], [1540, 420], [1465, 420]], '성욕', 0.8742675394531106), ([[1064, 419], [1205, 419], [1205, 469], [1064, 469]], '인연레텔', 0.34122833609580994), ([[1062, 468], [1234, 468], [1234, 531], [1062, 531]], '질씬횟수8', 0.2792908314113688), ([[1258, 470], [1345, 470], [1345, 519], [1258, 519]], '66회', 0.9890188789960893), ([[1455, 472], [1719, 472], [1719, 533], [1455, 533]], '-맵_횟수 8 77회', 0.039312006773585685), ([[1064, 515], [1239, 515], [1239, 568], [1064, 568]], '확정위험일', 0.8427895630148328), ([[1258, 515], [1336, 515], [1336, 566], [1258, 566]], '9/8', 0.7101893789572918), ([[1457, 512], [1722, 512], [1722, 572], [1457, 572]], '점정횟수 8 43회', 0.5065435852981556), ([[1061, 566], [1321, 566], [1321, 659], [1061, 659]], '수정활율', 0.23156437277793884), ([[1363, 575], [1499, 575], [1499, 641], [1363, 641]], '5596', 0.7888340950012207), ([[1062, 671], [1309, 671], [1309, 724], [1062, 724]], '좋아하는 체원 8', 0.6343208891931141), ([[1064, 734], [1477, 734], [1477, 787], [1064, 787]], '대면 좌위: 이찬러브렉스틀', 0.178442007448817), ([[1386, 726], [1656, 726], [1656, 834], [1386, 834]], '@작울요답답하다', 0.0003614017699931916), ([[1064, 774], [1396, 774], [1396, 825], [1064, 825]], '달 한 말장난관 함께', 0.11152478552862259), ([[1062, 809], [1301, 809], [1301, 871], [1062, 871]], '총아하늘 탓입?', 0.14926297926098034), ([[1066, 847], [1445, 847], [1445, 908], [1066, 908]], '교배 플렉스틀 싫어한다', 0.10256615990679292), ([[1063, 889], [1467, 889], [1467, 950], [1063, 950]], '탈기6 못안다  망가질경  ', 0.03414945572250897), ([[1114, 1879], [1248, 1879], [1248, 1934], [1114, 1934]], '야점9', 0.18166658419407525), ([[1141, 2011], [1408, 2011], [1408, 2109], [1141, 2109]], '매발레옮', 0.19374670088291168), ([[1411, 2034], [1437, 2034], [1437, 2078], [1411, 2078]], '8', 0.9989557609561786), ([[1046, 2099], [1151, 2099], [1151, 2150], [1046, 2150]], '질답 8', 0.248824343085289), ([[1388, 2104], [1502, 2104], [1502, 2152], [1388, 2152]], '질감로', 0.764033572026805), ([[1528, 2110], [1552, 2110], [1552, 2141], [1528, 2141]], '8', 0.9724062938949487), ([[1044, 2147], [1178, 2147], [1178, 2200], [1044, 2200]], '쓸속합 영-', 0.037432950641375765), ([[1393, 2151], [1561, 2151], [1561, 2202], [1393, 2202]], '붕감로 8', 0.04050606862634739), ([[1040, 2252], [1255, 2252], [1255, 2305], [1040, 2305]], '보지의 형태8', 0.8925616495213162), ([[1031, 2302], [1336, 2302], [1336, 2353], [1031, 2353]], '순정 초@학생 보지]', 0.4083229703281228), ([[1030, 2343], [1683, 2343], [1683, 2403], [1030, 2403]], '합입한 순간분터 허리켓 훈들-리늄 쾌감에', 0.015241954672734509), ([[1031, 2385], [1707, 2385], [1707, 2442], [1031, 2442]], '통항하다 대출합 `칙력과 분드레움질벽', 0.009444325914622853), ([[1028, 2429], [1585, 2429], [1585, 2485], [1028, 2485]], '애액에전습 달끔안 향기가 피어거다', 0.027122943857578446), ([[1028, 2471], [1696, 2471], [1696, 2528], [1028, 2528]], '본의 아프제 회말런 적스에서로 느껴린다', 0.05116451867356175), ([[1028, 2515], [1738, 2515], [1738, 2571], [1028, 2571]], '짓중 입문에 괴문가 빨리물어가눈 감각이 매운', 0.04056612762517704), ([[1031, 2558], [1727, 2558], [1727, 2611], [1031, 2611]], '충독적이여제 애용하계 된다 콤로예와 약점의', 0.11934064867186674), ([[1027, 2597], [1683, 2597], [1683, 2662], [1027, 2662]], '정르다;_질문 붐문예제 등락날락 하능컷의', 0.00674075437599246), ([[1028, 2644], [1234, 2644], [1234, 2699], [1028, 2699]], '기분이 종다', 0.08256756315192187)]
[([[738.9627918285473, 1803.0716439653725], [1057.0669713866164, 1750.063986545459], [1081.0372081714527, 2002.9283560346275], [762.9330286133835, 2056.936013454541]], '자', 0.0440089269922348)]
[([[727, 1771], [1077, 1771], [1077, 2018], [727, 2018]], '7', 0.45718457772706245)]
[([[729, 1771], [1118, 1771], [1118, 2020], [729, 2020]], '70', 0.5015747415419479)]
[([[728.877671310774, 1801.075165481913], [1088.0928506779057, 1745.7045337840257], [1108.122328689226, 2001.924834518087], [748.9071493220943, 2057.2954662159746]], '7', 0.10614402926947353)]
[([[1028, 589], [1052, 589], [1052, 616], [1028, 616]], '0', 0.9972260188991555), ([[885.0895536990885, 75.0835899750777], [923.8019803468819, 62.064736326880286], [947.9104463009115, 138.9164100249223], [909.1980196531181, 151.93526367311972]], '8', 0.09721448427080759)]
[([[894, 73], [930, 73], [930, 113], [894, 113]], '0', 0.1657370036758019), ([[1005, 555], [1042, 555], [1042, 601], [1005, 601]], '0', 0.9210411141149031), ([[1028, 589], [1052, 589], [1052, 616], [1028, 616]], '0', 0.9934616027936869)]
[]
[([[1133, 530], [1173, 530], [1173, 572], [1133, 572]], '0', 0.45361541916534875)]
[]
[([[1443, 795], [1522, 795], [1522, 892], [1443, 892]], '모', 0.037539637612518995), ([[1273.0984799331588, 106.05829548532331], [1323.7862963234793, 87.04430175383644], [1360.9015200668412, 196.9417045146767], [1309.2137036765207, 215.95569824616356]], '음', 0.022722605285354414)]
[([[144, 36], [392, 36], [392, 92], [144, 92]], '8끝털따,', 3.4572023135577764e-05), ([[168, 190], [208, 190], [208, 218], [168, 218]], '1', 0.6887864885362802), ([[213, 187], [387, 187], [387, 231], [213, 231]], '품야인_예른', 0.06421201182078404), ([[162, 320], [232, 320], [232, 350], [162, 350]], '8,36816', 0.2905070194865159), ([[60, 390], [196, 390], [196, 438], [60, 438]], '꿀안하는 제위', 0.19135480029554275), ([[41, 435], [411, 435], [411, 475], [41, 475]], '기승위 @네이트름 중안하다: 귀승우175 특 ', 0.005126836282145379), ([[40, 464], [450, 464], [450, 512], [40, 512]], '따주도적워 운}월수 임기 때문 중안한다?', 0.008190592841203229), ([[39, 499], [379, 499], [379, 541], [39, 541]], '@시 [고스 따세움 잘도하눈 썰이다 ', 0.0030058150065063157), ([[41, 533], [475, 533], [475, 577], [41, 577]], '고자세움너움 302139 금세 하-버리7 문이다:', 0.00026425847369113007), ([[97, 699], [159, 699], [159, 735], [97, 735]], '약점', 0.5785192871456765), ([[116, 1162], [172, 1162], [172, 1192], [116, 1192]], '8쇼고', 0.2573511844522296), ([[116, 1190], [182, 1190], [182, 1222], [116, 1222]], '8쇼쇼', 0.18879257012794595), ([[344, 1156], [496, 1156], [496, 1228], [344, 1228]], '81심', 0.01776580134095445), ([[45, 1259], [163, 1259], [163, 1295], [45, 1295]], '혈인 현다 8', 0.037991114891613505), ([[41, 1289], [467, 1289], [467, 1333], [41, 1333]], '다소표지만 유연서에 눈운질 집입하면 적당히', 0.05339894410200391), ([[41, 1322], [466, 1322], [466, 1367], [41, 1367]], '여여지과 실으에 의55 존재하고 잇남덧 7요', 0.006663473713336599), ([[39, 1355], [463, 1355], [463, 1399], [39, 1399]], '학{에 @결정모 자급구 부곤요 슬드문고 귀두가', 0.0014912058566333936), ([[41, 1389], [413, 1389], [413, 1431], [41, 1431]], '단기만 해도 싸버필켓 -운 @령기 자급6', 0.008506738479686244), ([[41, 1423], [467, 1423], [467, 1465], [41, 1465]], '야어6 때문에 공라시 자급 노크님 필수; @20와', 0.012984747645893208), ([[39, 1455], [409, 1455], [409, 1499], [39, 1499]], '필현5운 -지만 데고니장 이쪽이 위이다:', 0.016871483902272454)]
[([[1443, 795], [1522, 795], [1522, 892], [1443, 892]], '모', 0.047760075887154585), ([[1271.9193618380848, 115.08391576374228], [1318.6453874739252, 93.02981528160835], [1362.0806381619152, 192.91608423625772], [1316.3546125260748, 214.97018471839166]], '올', 0.022572063298247125)]
[([[1443, 795], [1522, 795], [1522, 892], [1443, 892]], '모', 0.037539637612518995), ([[1273.0984799331588, 106.05829548532331], [1323.7862963234793, 87.04430175383644], [1360.9015200668412, 196.9417045146767], [1309.2137036765207, 215.95569824616356]], '음', 0.022722605285354414)]
[([[1443, 795], [1522, 795], [1522, 892], [1443, 892]], '모', 0.057825164974307564), ([[1271.9193618380848, 115.08391576374228], [1318.6453874739252, 93.02981528160835], [1362.0806381619152, 192.91608423625772], [1316.3546125260748, 214.97018471839166]], '올', 0.03172661838164026)]
[]
[]
[]
[]
[]
[]
[([[120, 174], [451, 174], [451, 253], [120, 253]], '00:52:32', 0.8917500236032645), ([[1714, 195], [1883, 195], [1883, 279], [1714, 279]], '지설~', 0.00030452034874289184)]
[([[1116, 24], [1685, 24], [1685, 139], [1116, 139]], '돕숙나이격', 0.0007355253135769358), ([[1092, 299], [1693, 299], [1693, 396], [1092, 396]], '홀로에  아인주베름', 0.21513853303793984), ([[1059, 386], [1159, 386], [1159, 430], [1059, 430]], '감도 :', 0.972324031520917), ([[1464, 384], [1553, 384], [1553, 428], [1464, 428]], '성욕8', 0.804128740110789), ([[1053, 428], [1225, 428], [1225, 481], [1053, 481]], '인연레텔 : ', 0.3140334546321861), ([[1053, 482], [1223, 482], [1223, 535], [1053, 535]], '질씬횟수 8', 0.40470753220492145), ([[1247, 479], [1333, 479], [1333, 528], [1247, 528]], '67회', 0.8338743448257446), ([[1447, 482], [1707, 482], [1707, 537], [1447, 537]], '-묘꺾횟수 8 78회', 0.030225314531017223), ([[1053, 527], [1230, 527], [1230, 582], [1053, 582]], '확정위험일', 0.8749318790821363), ([[1247, 527], [1327, 527], [1327, 575], [1247, 575]], '9/8', 0.9359897375106812), ([[1449, 527], [1709, 527], [1709, 582], [1449, 582]], '절정횟수 8 82회', 0.44469083536664583), ([[1050, 575], [1309, 575], [1309, 668], [1050, 668]], '순청화울', 0.11502019315958023), ([[1354, 586], [1490, 586], [1490, 653], [1354, 653]], '3896', 0.9929839466152496), ([[1051, 682], [1297, 682], [1297, 735], [1051, 735]], '좋아하눈 체위 :', 0.14294694218868115), ([[1282, 737], [1553, 737], [1553, 797], [1282, 797]], '기승위가 특기다:', 0.7029260968017271), ([[1040, 729], [1306, 729], [1306, 889], [1040, 889]], '떡쪽기틈', 0.0022446406073868275), ([[1240, 783], [1565, 783], [1565, 836], [1240, 836]], "'주도할 수임기-때문", 0.49148255737542196), ([[1130, 824], [1432, 824], [1432, 874], [1130, 874]], '프레스엔늄 서둡다 ', 0.03041026133550575), ([[1048, 855], [1287, 855], [1287, 965], [1048, 965]], '힘안록픽액키', 0.0020454223563667823), ([[1055, 905], [1138, 905], [1138, 958], [1055, 958]], '금방', 0.9992708531106403), ([[1230, 856], [1766, 856], [1766, 965], [1230, 965]], '콤-출하락 탕컵이 너무실움증안 ', 3.218828197714325e-05), ([[1116, 1231], [1250, 1231], [1250, 1286], [1116, 1286]], '야복점~', 0.036200784146785736), ([[1131, 2024], [1433, 2024], [1433, 2117], [1131, 2117]], '매발레옮 8', 0.116362637007886), ([[1037, 2109], [1221, 2109], [1221, 2160], [1037, 2160]], '질답 8', 0.47538124081559624), ([[1377, 2113], [1493, 2113], [1493, 2164], [1377, 2164]], '질감도', 0.3101743341856169), ([[1519, 2122], [1543, 2122], [1543, 2153], [1519, 2153]], '8', 0.9921287828875656), ([[1033, 2158], [1167, 2158], [1167, 2209], [1033, 2209]], '속출함 %', 0.15018044315839504), ([[1382, 2160], [1581, 2160], [1581, 2211], [1382, 2211]], '자용감되 8', 0.07464371963808394), ([[1031, 2261], [1246, 2261], [1246, 2314], [1031, 2314]], '보지의 형태 8', 0.734391079488383), ([[1029, 2309], [1227, 2309], [1227, 2371], [1029, 2371]], '뒤소 좁치만', 0.1431028275180647), ([[1102, 2306], [1503, 2306], [1503, 2414], [1102, 2414]], '[흉내운연-왜웅음활', 0.00012823442860022182), ([[1033, 2354], [1111, 2354], [1111, 2407], [1033, 2407]], '십업', 0.1448915265031362), ([[1258, 2351], [1718, 2351], [1718, 2407], [1258, 2407]], "'적절히 영계 불는제 마치 질육", 0.10867140513401781), ([[1028, 2396], [1729, 2396], [1729, 2452], [1028, 2452]], '하뇨하나가 의지틀-다지고 입든젯 갈음 착각에', 0.008360057845038727), ([[1031, 2439], [1752, 2439], [1752, 2494], [1031, 2494]], '빠칠정로 자흉문 분관음특히 분드런-퀴문', 0.020768311164089285), ([[1033, 2484], [1608, 2484], [1608, 2537], [1033, 2537]], '닫기만 해드 사정해번질럿 갈음 명기', 0.10135863496525646), ([[1031, 2524], [1713, 2524], [1713, 2580], [1031, 2580]], '자둥이 약학기 대문에진궁 노력콩락음 필습', 0.007212279979748652), ([[1031, 2567], [1693, 2567], [1693, 2623], [1031, 2623]], '이리야와 질 내분의 형태늄 감지만 테크띄움', 0.1088673943127559), ([[1028, 2608], [1269, 2608], [1269, 2671], [1028, 2671]], '이쪽이 위이다', 0.10600642652790968)]
[]
[]
[]
[]
[]
[]
[]
[([[300, 1380], [662, 1380], [662, 1695], [300, 1695]], '0(', 0.017814987346284734)]
[([[324, 1393], [627, 1393], [627, 1666], [324, 1666]], '(((', 0.7500749077763277)]
[([[295, 1378], [665, 1378], [665, 1697], [295, 1697]], '<(', 0.15309958222442666)]
[([[117, 174], [442, 174], [442, 255], [117, 255]], '@807822', 0.5407273523712326), ([[1709, 193], [1888, 193], [1888, 279], [1709, 279]], '진료애', 0.0037463530300391418)]
[([[448, 479], [501, 479], [501, 598], [448, 598]], '0', 0.6204028338880221), ([[323, 1396], [626, 1396], [626, 1681], [323, 1681]], '(((', 0.3666184499517589)]
[([[14, 422], [208, 422], [208, 682], [14, 682]], '@', 0.18497744248009784)]
[]
[]
[]
[]
[]
[([[226, 1939], [290, 1939], [290, 2003], [226, 2003]], '0', 0.3249086894139488), ([[127, 2154], [579, 2154], [579, 2223], [127, 2223]], '어가다 가구-', 0.0006580225370389489), ([[0, 2641], [69, 2641], [69, 2880], [0, 2880]], '1', 0.023608702781530155)]
[]
[([[208, 952], [316, 952], [316, 1052], [208, 1052]], '5', 0.13633486597632327), ([[960.802230976821, 2095.3078084188733], [1007.6699077422622, 2053.02809786708], [1082.197769023179, 2145.6921915811267], [1035.3300922577378, 2187.97190213292]], '꿀', 0.6033345874920002)]
[([[117, 174], [440, 174], [440, 255], [117, 255]], '@0802845', 0.23970115104756837), ([[1709, 193], [1887, 193], [1887, 279], [1709, 279]], '진료애', 0.003960471237107094)]
[]
[]
[]
[]
[]
[]
[]
[]
[]
[([[466, 383], [521, 383], [521, 537], [466, 537]], '@', 0.0041146754978252376), ([[1253, 2731], [1392, 2731], [1392, 2841], [1253, 2841]], '34 ', 0.040148611481986736)]
[]
[([[477, 86], [634, 86], [634, 244], [477, 244]], '14', 0.021468395877161026), ([[1511, 130], [1573, 130], [1573, 223], [1511, 223]], '기', 0.12932590486889328)]
[([[1514, 131], [1567, 131], [1567, 217], [1514, 217]], '끼', 0.10515544621172523), ([[1730, 1933], [1862, 1933], [1862, 2240], [1730, 2240]], '$', 0.012103747204933235), ([[414.8675748105346, 377.0922063442613], [468.71455352261097, 360.21322563966487], [494.1324251894654, 451.9077936557387], [441.28544647738903, 468.78677436033513]], '솜', 0.03889572159325305), ([[274.28286162199197, 2141.019795358054], [366.66011565329507, 2115.106435092742], [424.71713837800803, 2347.980204641946], [333.33988434670493, 2373.893564907258]], '3', 0.5959360763799992)]
[([[1458, 121], [1579, 121], [1579, 236], [1458, 236]], '빠', 0.0035908468148704437), ([[1642.3873671399867, 565.0376738338928], [1682.6237394502402, 569.7437115584992], [1672.6126328600133, 655.9623261661072], [1632.3762605497598, 651.2562884415008]], '8', 0.10625791366667059), ([[306.33041051999305, 680.0450378479484], [345.5982526624562, 676.262322464862], [354.66958948000695, 763.9549621520516], [314.4017473375438, 768.737677535138]], '{', 0.03419864073887258)]
[]
[]
[]
[]
[]
[]
[]
