2812308
18
[([[466, 791], [1554, 791], [1554, 1206], [466, 1206]], '38(', 0.0010116971834367927)]
[([[397, 29], [1583, 29], [1583, 97], [397, 97]], '품기출@고창백해집키펴의피에달지르미음대로이리샌훔튼다', 5.4018364309057595e-05), ([[695, 133], [1583, 133], [1583, 197], [695, 197]], '영려물음쳐전므패질잘이특질어프{터바압관에', 5.9532743905208496e-05), ([[745, 181], [1573, 181], [1573, 247], [745, 247]], '{발휘권퇴물`께정-이때어과플렉운요다', 8.669560824492557e-05), ([[430, 280], [1577, 280], [1577, 346], [430, 346]], '@로훨흉패룻네트때눈말리페물질월얼마내발훨쾌품많진다', 2.392695787639128e-05), ([[483, 333], [1582, 333], [1582, 395], [483, 395]], '이밖러물증올런미프언만물먼마제한계에도달렉다', 0.0019979462599777962), ([[353, 459], [1585, 459], [1585, 527], [353, 527]], '간해@올에입월물렉늄문몰월쓰3입숙이프둘레물이눈손관 ?', 1.581390926100054e-05)]
[([[275, 27], [1573, 27], [1573, 95], [275, 95]], '{3입숙에질밀질리원둥어제@운양의주정-이질@@로방출렉다', 2.722251784753668e-05), ([[288, 124], [1568, 124], [1568, 198], [288, 198]], '및교탕롭렉움되들에@해동되말렉프렉합 정애@물록렉어올뷰로', 6.016577467436981e-06), ([[719, 179], [1583, 179], [1583, 243], [719, 243]], '텅-의합출울이리뷰-질접마에전달해@주', 0.0014499226062964334), ([[263, 276], [1553, 276], [1553, 340], [263, 340]], '쓰체의@에따킬발리즈물령백할이리데평생-험해롭물히등하행원로', 3.085592744781848e-05), ([[487, 328], [1583, 328], [1583, 391], [487, 391]], '업청주양의정액이표짝의따환이트이롭졸으어려집다', 0.00010232021043877437), ([[418, 1400], [634, 1400], [634, 1550], [418, 1550]], '윗', 0.1556343314984412), ([[404, 1596], [761, 1596], [761, 1764], [404, 1764]], '@문통 @', 0.004046838702303575), ([[37, 1883], [616, 1883], [616, 2112], [37, 2112]], '문출문짙유~', 4.531051205093174e-05)]
[([[97, 26], [820, 26], [820, 99], [97, 99]], '(발히프롭질렉물리스때-따정임렉', 0.00032962493808295446), ([[806, 26], [1150, 26], [1150, 154], [806, 154]], '훌틈하안속-올질', 0.00026173896956649384), ([[1142, 29], [1571, 29], [1571, 101], [1142, 101]], '안론이때트-기패적교', 0.0006462143215382595), ([[397, 83], [909, 83], [909, 147], [397, 147]], '@프료해훨밟3예에공관의', 0.0025420302604096676), ([[1101, 80], [1585, 80], [1585, 148], [1101, 148]], '텅안어들회이탈원집닿', 0.00014250603636044775), ([[537, 179], [1473, 179], [1473, 247], [537, 247]], '@드적트어3어지롭질해히고망관이버리둘질이', 4.923780091793736e-05), ([[965, 233], [1423, 233], [1423, 295], [965, 295]], '(교드인생최고의쾌들흘', 0.0046012455733738244), ([[697, 331], [1551, 331], [1551, 396], [697, 396]], '(논짝눈씩펴러 리레@렬리에떠관르하제안팎다', 7.962860432836638e-06), ([[354, 378], [1567, 378], [1567, 451], [354, 451]], '@우의출만라 진제의진장 롭중교 @품 -세자물렉어@내증훨표-', 3.758848598429549e-06), ([[590, 432], [1572, 432], [1572, 498], [590, 498]], '텔질@움명험하제룻할정토로빨웨진밥록운일이없다', 4.567350934403045e-05), ([[639, 529], [1585, 529], [1585, 597], [639, 597]], '@쓸어눈말전의러체술조리밥울렉전질품이없다 ', 0.0007245544320799461), ([[701, 1525], [907, 1525], [907, 1753], [701, 1753]], '9', 0.3387109767029415)]
[([[371, 27], [1583, 27], [1583, 95], [371, 95]], '@정이터의몰내럴중움어날주자드트미에블전@짙어제움평올쎄괜-', 3.274715732592406e-06), ([[815, 131], [1577, 131], [1577, 191], [815, 191]], '@@롭에블자켓@결데입터밟리어_급', 0.00020400393694949354), ([[757, 177], [1581, 177], [1581, 243], [757, 243]], '(@@로드들어진동합청액이물어제대팎다', 0.0025245371512856354), ([[724, 278], [1579, 278], [1579, 343], [724, 343]], '문장페컴되품기교전티쓰정물도워적이언제명', 2.590421679532945e-05), ([[338, 326], [1587, 326], [1587, 393], [338, 393]], '(지계이침묵터뷰이제터질%왼통증활병리앉히롯하괴요`다', 0.00028494481319958024)]
[([[206, 31], [980, 31], [980, 104], [206, 104]], '때량@따정에트물국히괴혜딱딱함월', 0.0025589450878649523), ([[1027, 49], [1071, 49], [1071, 89], [1027, 89]], '넷', 0.05356609117337374), ([[1169, 32], [2168, 32], [2168, 99], [1169, 99]], '@음려활흔들렉철철히여량에롭위에하렉앉워비-', 7.592700121380113e-06), ([[220, 86], [2186, 86], [2186, 158], [220, 158]], '퓨에터-되원로들어집원피흘들에올리혜렉-이에와히울전웬하에이흔질이즈리터제가 &다', 2.006838034962021e-06), ([[484, 192], [2176, 192], [2176, 271], [484, 271]], '당질관최피-롭렉-전워집움히@문송이의떠늘리물방덩어리에@해렉어관@', 3.1958735986628676e-06)]
[([[611, 24], [2184, 24], [2184, 98], [611, 98]], "(질교피출말렉때외즈_회말플함에리움[러랗적진적합 에움히'롭증", 1.7773479137940607e-06), ([[722, 136], [2169, 136], [2169, 210], [722, 210]], '`합요방의늄트렉운되록픽@질만트-이-@미의마문리_내폐', 9.470559559039534e-06), ([[1081, 194], [2153, 194], [2153, 261], [1081, 261]], '은뻗증체름렉렉원_질레드리괴되렬하베즈슬올준다', 3.4261021846055324e-06), ([[1053, 242], [2184, 242], [2184, 321], [1053, 321]], '말레정액훨미전말합밥콩 프한이내진회화움직입이청', 0.00010132725083883309)]
[([[850, 32], [2170, 32], [2170, 104], [850, 104]], '{정된@고형의정-임마체한출의론-철여증-@-어뜻이려다', 6.60833236293323e-05), ([[726, 86], [2172, 86], [2172, 160], [726, 160]], '용0꽂없어늘업정때동록안 @의청연이물철3꺼달리롭어리화내품없다', 6.529430958124767e-05), ([[910, 196], [2168, 196], [2168, 270], [910, 270]], '문할베콤니어예정퇴에마체엘리워훨집현동물위기체정-원', 2.6430466699829904e-05), ([[1114, 255], [2167, 255], [2167, 321], [1114, 321]], '죄돌합임취률내엎으예마켓미굉하묶엘여률항럽하다', 0.0001557291683632664), ([[230, 304], [2184, 304], [2184, 381], [230, 381]], '문자실정히-전되양카?름입적월론-렉움짚예으물이[낱임청-합 방황프전춘@이다', 9.822551124288321e-07), ([[384.0075188236086, 880.0864664714993], [835.5015164039626, 845.5746546753572], [833.9924811763914, 1040.9135335285007], [383.4984835960374, 1075.4253453246429]], '뵙음운유', 0.004054680932313204), ([[1247.000943841645, 899.0217083578336], [1889.7317220136076, 984.4973132746328], [1850.999056158355, 1174.9782916421664], [1208.2682779863924, 1089.5026867253673]], '음음웅료%유', 0.003022100698734215)]
[([[361, 25], [1537, 25], [1537, 93], [361, 93]], "[챔때지랗정-'드올이때말진눈어둥회품앞에언눈패랑이", 1.259335298753951e-05), ([[1148, 76], [1588, 76], [1588, 138], [1148, 138]], '{문활준비흘짚한다', 0.005774644930465864), ([[157, 175], [1475, 175], [1475, 242], [157, 242]], '몰전의롭운렉로@입의물@렉돌이기페롭하괴롭몰렉트어되진에물히째', 1.4651238104776925e-05), ([[53, 222], [1532, 222], [1532, 296], [53, 296]], '{병회다-굶위최의청-주함쪽방기움히림/롭렉@인홀데출슈하교웬', 3.113977701547577e-07)]
[([[442, 928], [1162, 928], [1162, 1306], [442, 1306]], '.@', 0.055702325741793374)]
[([[1372, 28], [1980, 28], [1980, 121], [1372, 121]], '때해-패잠되주다움3', 0.0022742202020182155), ([[1119, 99], [1983, 99], [1983, 187], [1119, 187]], '[정합젊플이실로제에@숙다', 0.0017727036604697254), ([[1301, 203], [1985, 203], [1985, 320], [1301, 320]], '&@때렉지끼', 0.0021988147520814604), ([[969, 325], [1983, 325], [1983, 441], [969, 441]], '@물럽젠거문잡안님지-', 0.0004891784982513819), ([[1116, 445], [1963, 445], [1963, 559], [1116, 559]], '떠문물적@@-러말-안', 0.0005867059514880724), ([[903, 538], [1983, 538], [1983, 652], [903, 652]], '또깥@물어춘숙짓트권름된황', 5.624358229754392e-05), ([[790, 666], [1986, 666], [1986, 788], [790, 788]], '@엔되도너중@제@고존안?', 0.0003257263512618137), ([[919, 1805], [1967, 1805], [1967, 1891], [919, 1891]], '@콤들어예배쨌이빨끝어들어물문-람', 5.56708620583678e-05), ([[943, 1876], [1975, 1876], [1975, 1964], [943, 1964]], '@숨물리-여찌가히블합얼굴렉말렉다', 0.0017307324350597725)]
[([[986, 40], [1974, 40], [1974, 160], [986, 160]], '미안인 --@와-=씹장스올종', 0.0003721825887571455), ([[947, 161], [1975, 161], [1975, 277], [947, 277]], '멸드런페미리장스안고', 0.00025100071911604766), ([[1060, 281], [1960, 281], [1960, 403], [1060, 403]], '@입수진음병물이올-필증', 0.00042534114764225246), ([[1220, 372], [1973, 372], [1973, 489], [1220, 489]], '@제문플렉화언없', 0.0023707522083526223), ([[1654, 506], [1975, 506], [1975, 616], [1654, 616]], '@여', 0.24418626781894767), ([[665, 1816], [1965, 1816], [1965, 1905], [665, 1905]], '(총)렬음으어둥락활달훨기눈전으뒷모습월@', 7.157039307986138e-05), ([[615, 1885], [1973, 1885], [1973, 1978], [615, 1978]], '@줄울싶품자워없지밥어굴어세미가괴듬화다', 0.0006862802767679529)]
[([[325, 35], [926, 35], [926, 121], [325, 121]], '출이주견체&-눈어필', 0.0008768672470650305), ([[987, 33], [1955, 33], [1955, 121], [987, 121]], '없이출울_예뛰여훨기다리괴로햇다', 0.0004325679372849377), ([[162, 101], [1668, 101], [1668, 197], [162, 197]], "문로내내람들이줄발'줄어페지관국굴기이밟데고올이", 2.5803063003464957e-05), ([[1864, 114], [1968, 114], [1968, 186], [1864, 186]], '[ ', 0.009218109748069653), ([[810, 196], [1950, 196], [1950, 316], [810, 316]], '(오영관덧페이만큼림퍼면-', 0.0005866312907347222), ([[1087, 291], [1965, 291], [1965, 405], [1087, 405]], '@장교정즈하?', 4.332364220796365e-05), ([[473, 405], [1909, 405], [1909, 521], [473, 521]], '(현진압제롭언제따지품락콤-권렉', 0.0006513642924249823), ([[1170, 498], [1961, 498], [1961, 611], [1170, 611]], '@3원적입기`', 0.0019644461609361753), ([[245, 627], [1947, 627], [1947, 719], [245, 719]], '지제증웬물터혜둥이늄기롭술이괴문-절하페발늄훨훨-렉터다_', 5.5856663614577e-06), ([[288, 737], [1960, 737], [1960, 857], [288, 857]], '(출음때진켓민키오입에@성콤빼어관중언3롭', 3.51055782131772e-06), ([[645, 1561], [1959, 1561], [1959, 1651], [645, 1651]], '@젠있-로-합@많자기켓진의쓰워이프러원편', 0.00012815152715261435), ([[1087, 1633], [1983, 1633], [1983, 1721], [1087, 1721]], '(어리스로적이예니전나눈주교', 0.001216162119827753), ([[267, 1733], [1979, 1733], [1979, 1866], [267, 1866]], '속젠스입올짚만프|갈엿앉어폐립용/합울', 5.427439482491694e-07), ([[628, 1877], [1975, 1877], [1975, 1967], [628, 1967]], '@;중얼런리혜키밟돌이오플하리눈없이없다', 0.005177518058853897)]
[([[281, 1805], [1958, 1805], [1958, 1901], [281, 1901]], '떠템지랑하눈어지가적[습가^@로돌이오물@&이리눕거', 5.5318777368594674e-06), ([[1592, 1886], [1954, 1886], [1954, 1964], [1592, 1964]], '@음되다_', 0.0029847565252332045)]
[([[951, 43], [1557, 43], [1557, 109], [951, 109]], '남자가 소원올 빌고 있을 무렵', 0.34509533290546485), ([[1549, 85], [1567, 85], [1567, 107], [1549, 107]], '9', 0.5158118794498137), ([[40, 100], [1572, 100], [1572, 172], [40, 172]], '그녀논 축제장 근처 인기척 없는 깊은 숲속 차가운 땅바닥 위에 누위 있있다.', 0.4810940488274651), ([[465, 223], [1573, 223], [1573, 289], [465, 289]], '그녀의 머리에선 검붉은 피가 흐르여 흙바닥올 적신다', 0.5042321654008255), ([[245, 280], [1573, 280], [1573, 349], [245, 349]], '어떤가 원망스러운듯 보이지만 초점 없이 명하니 하늘올 바라보는', 0.4500349526272234), ([[243, 340], [1586, 340], [1586, 413], [243, 413]], '생기름 잃은 두 눈이 그녀의 생명 활동이 정지 돼 있음올 말해준다.', 0.45483601471302987), ([[1210, 487], [1573, 487], [1573, 555], [1210, 555]], '그분만이 아니다:', 0.5186894155236816), ([[45, 604], [1576, 604], [1576, 676], [45, 676]], '그녀의 의상은 난독하게 벗겨지고 풍만한 유방과 피부가 그대로 드러난데다', 0.664496330064032), ([[701, 667], [1573, 667], [1573, 733], [701, 733]], '그녀의 사타구니도 품위 없이 벌려저 있다.', 0.41375095094925196), ([[365, 787], [1569, 787], [1569, 853], [365, 853]], '숨이 끊어저 반 껍데기가 되어버린 그녀는 그저 가만히 누위', 0.3758286879417546), ([[959, 847], [1587, 847], [1587, 915], [959, 915]], '그행위틀 당할 수밖에 없없다.', 0.6182573180926507), ([[763, 1010], [1574, 1010], [1574, 1082], [763, 1082]], '그리고 이런 참상을 만들어 맨 장본인이', 0.49824437857904647), ([[341, 1072], [1585, 1072], [1585, 1141], [341, 1141]], '숨올 혈떡거리면서 바지틀 내리여 그녀지 내려다보고 있없다', 0.15341353169830124)]
[([[381, 19], [1574, 19], [1574, 88], [381, 88]], '@이랍빨괴예롭어-롭싸-이레@러주헌넥입기철요눈장쪽', 6.438419118281534e-06), ([[887, 73], [1343, 73], [1343, 135], [887, 135]], '얼프로찾이함품세말움액', 0.0008077165503931374), ([[1385, 77], [1559, 77], [1559, 137], [1385, 137]], '@없즈야', 0.0021903373612952295), ([[693, 119], [1312, 119], [1312, 187], [693, 187]], '탤레엘물어레눈신히@질요없이', 0.00039855266791337255), ([[1346, 128], [1560, 128], [1560, 184], [1346, 184]], '임미회`구', 0.003991307309174756), ([[1131, 223], [1473, 223], [1473, 283], [1131, 283]], '몰여출발견현마음', 0.008703196007138583), ([[465, 271], [1477, 271], [1477, 338], [465, 338]], '바달에떨어페언데트돌질들에눈블의머리에때외나교안', 6.914284624376264e-05), ([[509, 323], [1525, 323], [1525, 385], [509, 385]], '밑여고입없이쓰러집밀다음에밟이할일로정히폐요언', 0.0014174582250123273), ([[209, 2010], [1581, 2010], [1581, 2077], [209, 2077]], "{지의행위킬별명의로정당화하움날지의눈앞에눈이'따뜻핑예롭패눈,명", 0.00011560842757602428), ([[419, 2065], [1571, 2065], [1571, 2127], [419, 2127]], '신효영직조-예장퇴제요회금장의델켓덩어리해들여폐없 에는', 0.00013311772531291127), ([[849, 2115], [1583, 2115], [1583, 2177], [849, 2177]], '@의이늄물리눈터질들이장해요없폐', 0.0033730024883408894)]
[([[740, 20], [1580, 20], [1580, 92], [740, 92]], '@피또지으리올러숙최진로진들3입밟', 1.7195997786947118e-05), ([[400, 123], [1577, 123], [1577, 190], [400, 190]], '얼절텔패 흥분@국_움쇠위움@임시장의-<없에알올이웨주진다', 1.0828821013499284e-05), ([[661, 177], [1237, 177], [1237, 239], [661, 239]], '여쨌의티렉에터질듯이땅장', 0.017972005148479152), ([[1408, 182], [1586, 182], [1586, 234], [1408, 234]], '잠마명', 0.03255804031457096), ([[282, 272], [1575, 272], [1575, 341], [282, 341]], '[딩임어리어--지눈은]랜제롭에눈앞의문-패@훨쓰최국-위해', 4.768005364659985e-06), ([[981, 327], [1579, 327], [1579, 389], [981, 389]], '(더더원답답해찌품렉움하이없다', 0.009083524471576308), ([[693, 423], [1589, 423], [1589, 489], [693, 489]], '[자드터지에음평흘지버숨에회리니들이탤-', 0.00026309966316570864)]
[([[251, 28], [1594, 28], [1594, 97], [251, 97]], '@패료-액으로음-적임음장임발플럽전키전의때에미프러폐들어관다', 3.3201304508259865e-05), ([[83, 127], [1576, 127], [1576, 199], [83, 199]], '{여말교늄눈위픽어지혜지긁위발뤄질@들전트@지의눈블매로플진플째진동하예', 2.5521981016840813e-07), ([[325, 185], [781, 185], [781, 245], [325, 245]], '적함물흉의[향황짧이', 0.00013661850952947666), ([[855, 185], [1589, 185], [1589, 247], [855, 247]], '[렉엿움잠진회골이틀입줌숙에``명', 0.00011765673406534512), ([[354, 276], [1581, 276], [1581, 348], [354, 348]], "'된이말지으흥분활더-문줌기메정기하되따는긁흩렉하렉림태탕교", 1.2554089319917902e-05), ([[745, 334], [1591, 334], [1591, 395], [745, 395]], '얼마밟남제요안음어물_정관이없말에오롭다', 0.0008715280927608896), ([[931, 1698], [1423, 1698], [1423, 1940], [931, 1940]], '쇼2', 0.0022064979038244788)]
