2820549
48
[]
[]
[]
[]
[([[219, 85], [1178, 85], [1178, 292], [219, 292]], '내기에서 젊다', 0.40213880336644775), ([[253, 403], [569, 403], [569, 469], [253, 469]], '본인의 승부욕이', 0.5275710513756057), ([[142, 461], [688, 461], [688, 537], [142, 537]], '자초한일이니달게받으세용', 0.5966532050974196), ([[899, 567], [1359, 567], [1359, 651], [899, 651]], '내한데 이런것 좀', 0.589380807665461), ([[997, 655], [1270, 655], [1270, 740], [997, 740]], '시키지마', 0.9998725056648254), ([[949, 728], [1343, 728], [1343, 938], [949, 938]], '이부키!', 0.6387966871261597), ([[854, 974], [1134, 974], [1134, 1190], [854, 1190]], '나용', 0.5978742074834518), ([[7.474411668772363, 1001.0138217066749], [80.02449916196126, 992.2070738212107], [105.52558833122764, 1210.986178293325], [32.97550083803874, 1219.7929261787895]], '용', 0.977252800498011), ([[1266.3315670795698, 1420.056245769462], [1314.9293542656899, 1459.25155156844], [1292.6684329204302, 1486.943754230538], [1244.0706457343101, 1448.74844843156]], '닐', 0.0175865722340518), ([[557.00992561958, 1534.800992561958], [599.4364804455784, 1518.608409568346], [605.99007438042, 1536.199007438042], [564.5635195544216, 1552.391590431654]], '7/-', 0.1259374548671285)]
[([[883, 1259], [1029, 1259], [1029, 1349], [883, 1349]], '(:', 0.020563906894078648), ([[1012, 1335], [1133, 1335], [1133, 1396], [1012, 1396]], '0235,', 0.9067114010026042)]
[([[883, 1261], [1025, 1261], [1025, 1349], [883, 1349]], '씨', 0.01012677932411693), ([[990, 1335], [1133, 1335], [1133, 1398], [990, 1398]], '1035', 0.24455611407756805)]
[([[418, 292], [474, 292], [474, 316], [418, 316]], '~', 0.918446609238547), ([[1274, 1058], [1306, 1058], [1306, 1094], [1274, 1094]], '1', 0.314315246152578), ([[1014, 1335], [1133, 1335], [1133, 1396], [1014, 1396]], '0235,', 0.8297021145166009), ([[282.2397140787303, 371.0581415117469], [406.99495348251145, 275.99622008127415], [430.7602859212697, 315.9418584882531], [306.00504651748855, 411.00377991872585]], '"\'~꼴 ', 0.012882367339246319), ([[260.7733766618118, 766.0085719359162], [283.1982412517722, 757.0065570982403], [344.2266233381882, 903.9914280640838], [322.8017587482278, 913.9934429017597]], '1', 0.042014363342119054)]
[([[375, 81], [569, 81], [569, 198], [375, 198]], '마코토', 0.4264416572735857), ([[146, 255], [441, 255], [441, 435], [146, 435]], '말인데', 0.8947783984835226), ([[313, 562], [553, 562], [553, 775], [313, 775]], '|가', 0.014295131070033197), ([[1261, 527], [1675, 527], [1675, 763], [1261, 763]], ' 찌때', 0.0042818524899691755), ([[1652, 752], [1885, 752], [1885, 908], [1652, 908]], '가슴', 0.9994297164855077), ([[1653, 1077], [1937, 1077], [1937, 1212], [1653, 1212]], '또 쫓', 0.04386938735842705), ([[541, 1204], [644, 1204], [644, 1326], [541, 1326]], '뭐', 0.99991285990777), ([[511, 1359], [938, 1359], [938, 1491], [511, 1491]], "그렇기   하지'", 0.34358676497924895), ([[1001, 1431], [1266, 1431], [1266, 1696], [1001, 1696]], '내너', 0.00843408792698385), ([[1548, 2219], [1715, 2219], [1715, 2329], [1548, 2329]], '왜?', 0.719287408786806), ([[1750, 2209], [1863, 2209], [1863, 2319], [1750, 2319]], '개', 0.9967891758847713), ([[1751, 2359], [1946, 2359], [1946, 2487], [1751, 2487]], '하나?', 0.42119750307178194), ([[2, 2587], [137, 2587], [137, 2675], [2, 2675]], '아 `', 0.46525609493255615), ([[0, 2661], [526, 2661], [526, 2834], [0, 2834]], '그런건   아니', 0.9010189704308782), ([[72.21348887709304, 108.10005100612804], [317.2843512550856, 87.08226420376197], [319.786511122907, 228.89994899387196], [74.71564874491438, 249.91773579623802]], '8반에', 0.9970430851259824), ([[1311.0154442465728, 798.1235539725814], [1617.2593611762247, 775.7425473583373], [1616.9845557534272, 909.8764460274186], [1309.7406388237753, 932.2574526416627]], '의외로', 0.9999395026171275), ([[1322.5266021615878, 949.1808946987975], [1849.0074164160415, 905.2761359482034], [1848.4733978384122, 1050.8191053012024], [1321.9925835839585, 1093.7238640517967]], '크지않나?', 0.45838055743296907), ([[1302.990380873653, 1095.119199338686], [1643.0457285373843, 1065.0863375874796], [1645.009619126347, 1212.880800661314], [1304.9542714626157, 1242.9136624125204]], '운동해서', 0.9993791580200195), ([[1575.4181083606827, 2374.073759459305], [1757.5753095122554, 2362.560524895303], [1759.5818916393173, 2514.926240540695], [1577.4246904877446, 2526.439475104697]], '좋아', 0.9951616055356752), ([[123.83069542181343, 2572.2381293981603], [333.7503404241775, 2548.1593861483275], [338.16930457818654, 2636.7618706018397], [128.2496595758225, 2661.8406138516725]], '아니', 0.999813294566478)]
[([[72, 463], [558, 463], [558, 625], [72, 625]], '어세끼 좋아버', 0.45519148424822176), ([[1286, 515], [1386, 515], [1386, 605], [1286, 605]], "덕'", 0.9570543863288163), ([[121, 604], [473, 604], [473, 753], [121, 753]], '넷네-규7', 0.15400114459446693)]
[([[173, 98], [503, 98], [503, 233], [173, 233]], '기1#묘0', 0.12494194296189363), ([[103, 241], [586, 241], [586, 367], [103, 367]], '중어{ ~', 0.011261591783650287), ([[1163, 852], [1946, 852], [1946, 967], [1163, 967]], '품바다비{눈 < +01 ?', 0.018049881524456794), ([[1406, 974], [1734, 974], [1734, 1089], [1406, 1089]], '}로] | <', 0.040328444637536084), ([[1336, 1102], [1757, 1102], [1757, 1210], [1336, 1210]], '#-0내', 0.007913841865956783), ([[580, 1242], [765, 1242], [765, 1352], [580, 1352]], '운 천-', 0.03941640204913518), ([[535, 1377], [886, 1377], [886, 1494], [535, 1494]], '군5+"히', 0.014945797454594201), ([[997, 1420], [1270, 1420], [1270, 1696], [997, 1696]], '?', 0.012324204379855763), ([[1575, 2202], [1926, 2202], [1926, 2313], [1575, 2313]], "하3]  7{7'", 0.010183425471513423), ([[1657, 2334], [1846, 2334], [1846, 2433], [1657, 2433]], '80)', 0.4329896310300784), ([[1563, 2452], [1923, 2452], [1923, 2562], [1563, 2562]], '*7:#07 ?', 0.05552982060721855), ([[144, 2578], [358, 2578], [358, 2683], [144, 2683]], '01,014', 0.3837192652436734), ([[0, 2686], [465, 2686], [465, 2786], [0, 2786]], '군5+7< <', 0.20272097360301858), ([[1267.7080721202753, 554.1012149591116], [1747.368430753615, 496.7465738157738], [1755.2919278797247, 718.8987850408884], [1275.631569246385, 776.2534261842262]], '#너`패', 0.00012936578423250467)]
[([[62, 176], [252, 176], [252, 346], [62, 346]], '91', 0.19492126267812898), ([[569, 193], [859, 193], [859, 329], [569, 329]], '우물; ', 0.10371225327253342)]
[([[72, 463], [558, 463], [558, 625], [72, 625]], '어세끼 좋아버', 0.45519148424822176), ([[1294, 489], [1398, 489], [1398, 608], [1294, 608]], '초', 0.01681056677803472), ([[121, 604], [473, 604], [473, 752], [121, 752]], '맛네-규7', 0.12094497983443495)]
[]
[]
[([[536.1675694221406, 1406.0875762840606], [602.9345899507591, 1426.279582121692], [590.8324305778594, 1460.9124237159394], [524.0654100492409, 1440.720417878308]], '7+', 0.13138148464982807)]
[([[528, 152], [826, 152], [826, 248], [528, 248]], '뛰다 이놈은 ', 0.3590974580346058), ([[547, 254], [990, 254], [990, 339], [547, 339]], '너가 교버트 가르시아나?', 0.19388581868379043)]
[]
[]
[]
[]
[]
[([[554, 212], [774, 212], [774, 336], [554, 336]], '2"', 0.18496173141825475), ([[77.26748712738153, 209.1003892954812], [285.1832204789703, 193.2496206504633], [286.7325128726185, 324.8996107045188], [79.81677952102967, 340.7503793495367]], '값<=', 0.02177442121749735)]
[]
[]
[]
[]
[]
[([[1451, 73], [1560, 73], [1560, 138], [1451, 138]], '그냥', 0.9997570742083332), ([[62, 140], [296, 140], [296, 220], [62, 220]], '미미안', 0.9996321797370911), ([[1407, 145], [1605, 145], [1605, 207], [1407, 207]], '마고토틀', 0.10850647836923599), ([[59, 225], [189, 225], [189, 309], [59, 309]], '사실', 0.9998975004030821), ([[1407, 213], [1605, 213], [1605, 277], [1407, 277]], '보여주고', 0.6954522421441948), ([[1423, 283], [1613, 283], [1613, 347], [1423, 347]], '싶어서', 0.9999461786409964), ([[58, 312], [266, 312], [266, 392], [58, 392]], '그런 건', 0.998705272058739), ([[1407, 351], [1599, 351], [1599, 415], [1407, 415]], '응? 별로', 0.9364644984609766), ([[61, 399], [406, 399], [406, 483], [61, 483]], '여기에 없어:', 0.9963552111115739), ([[1433, 415], [1590, 415], [1590, 487], [1433, 487]], '화나지', 0.9989295647205243), ([[1405, 487], [1633, 487], [1633, 553], [1405, 553]], '않있다고?', 0.666573290781966), ([[1165, 913], [1443, 913], [1443, 997], [1165, 997]], '역시 다들', 0.6505237561868833), ([[1039, 1001], [1627, 1001], [1627, 1089], [1039, 1089]], '마코토록 좋아하는게', 0.5665251445944506), ([[1205, 1091], [1459, 1091], [1459, 1177], [1205, 1177]], '분명해-!', 0.9808447482400885), ([[1444, 1720], [1472, 1720], [1472, 1754], [1444, 1754]], '"내', 0.00711657855204528)]
[([[1094, 0], [1372, 0], [1372, 222], [1094, 222]], '퍽', 0.3975701851869786), ([[30, 130], [306, 130], [306, 354], [30, 354]], "('", 0.18858384520132873), ([[94, 440], [442, 440], [442, 732], [94, 732]], '종', 0.07188743453611224), ([[561, 871], [699, 871], [699, 959], [561, 959]], '(5', 0.43627502132624857), ([[67, 1523], [127, 1523], [127, 1593], [67, 1593]], '(', 0.5667536800729103)]
[([[567.4437764224065, 1337.0520150387547], [616.9604829953166, 1371.5146749188007], [599.5562235775935, 1395.9479849612453], [550.0395170046834, 1362.4853250811993]], '노', 0.059168857681871856)]
[([[6, 811], [439, 811], [439, 1123], [6, 1123]], '홍곧', 0.1713542435970043), ([[1249, 1117], [1628, 1117], [1628, 1388], [1249, 1388]], '흉팬', 0.023950149276584388), ([[368.99540215650944, 401.0360899754813], [507.47088464154115, 458.1874854788091], [460.00459784349056, 567.9639100245187], [321.52911535845885, 510.8125145211909]], '. |', 0.2190892609661041)]
[([[330, 428], [502, 428], [502, 576], [330, 576]], "' |", 0.3869572579860687), ([[7, 812], [440, 812], [440, 1121], [7, 1121]], '홍곧', 0.22175212514767415), ([[1250, 1117], [1628, 1117], [1628, 1389], [1250, 1389]], '흉판', 0.13373946156589445)]
[([[62, 176], [252, 176], [252, 346], [62, 346]], '91', 0.3290407591344166), ([[571, 193], [859, 193], [859, 329], [571, 329]], '으물;', 0.15420689421662234)]
[]
[([[1125, 723], [1557, 723], [1557, 1071], [1125, 1071]], '벼)', 0.020549191658164042), ([[1256.506302824108, 1408.0348804359076], [1477.188561930121, 1329.0654327084317], [1582.493697175892, 1685.9651195640924], [1361.811438069879, 1764.9345672915683]], '5', 0.04950313187979205), ([[1251.4305656414992, 1776.0047687975011], [1499.2699392154132, 1749.021096055609], [1566.5694343585008, 2440.995231202499], [1318.7300607845868, 2468.9789039443913]], '물', 0.1652692277965606)]
[([[1075, 717], [1559, 717], [1559, 1079], [1075, 1079]], '=)', 0.006741912302186576), ([[1315, 1387], [1522, 1387], [1522, 1691], [1315, 1691]], '5', 0.45916934051564695), ([[1252, 1772], [1520, 1772], [1520, 2401], [1252, 2401]], '출', 0.2645434725997262)]
[([[89, 657], [598, 657], [598, 1125], [89, 1125]], '#보', 0.07155482028553577), ([[186, 1244], [544, 1244], [544, 1588], [186, 1588]], '털숲', 0.01911362392603106), ([[285, 1637], [561, 1637], [561, 2335], [285, 2335]], '출', 0.026045993508220455)]
[]
[([[1807, 133], [2726, 133], [2726, 426], [1807, 426]], "2'", 0.08490669480120525)]
[([[1430, 2253], [2041, 2253], [2041, 2485], [1430, 2485]], ')들헬', 0.0018149113600599528)]
[([[1299, 318], [1506, 318], [1506, 554], [1299, 554]], '동', 0.1777036032421373), ([[1239, 812], [1521, 812], [1521, 920], [1239, 920]], '내가 말', 0.5623645829280886), ([[1307, 906], [1687, 906], [1687, 1021], [1307, 1021]], '어쨌다오 / ,', 0.17717612384240516), ([[1084, 2484], [1797, 2484], [1797, 2724], [1084, 2724]], "24시7'", 0.005866613925790157)]
[([[0, 367], [91, 367], [91, 512], [0, 512]], '{', 0.028334436687066367), ([[257, 324], [989, 324], [989, 593], [257, 593]], '헤)-', 0.0005733914791692871), ([[0, 484], [97, 484], [97, 2775], [0, 2775]], '', 0.0), ([[2207.8164942857106, 346.02802942849235], [2401.2116433692804, 330.7761342003172], [2413.1835057142894, 606.9719705715077], [2219.7883566307196, 622.2238657996828]], '흔', 0.23315418150766565), ([[2033.2946006219568, 1611.284622923197], [2467.326841821537, 1574.8709600744485], [2467.7053993780432, 1683.715377076803], [2033.6731581784627, 1720.1290399255515]], '2024 ((2', 0.46684345105602065)]
[([[554, 212], [776, 212], [776, 336], [554, 336]], '리"', 0.1534101806674688), ([[77.1621014199603, 212.11302150167845], [277.95839836973727, 192.94479661019892], [281.8378985800397, 322.8869784983215], [81.04160163026272, 342.0552033898011]], '값', 0.021996131820075426)]
[([[406, 590], [510, 590], [510, 641], [406, 641]], '[소하', 0.000992422195494067), ([[597, 1142], [894, 1142], [894, 1230], [597, 1230]], '4231.30', 0.1314502176373279), ([[688, 1206], [832, 1206], [832, 1280], [688, 1280]], '개0,', 0.0020259363835489403)]
[([[0, 0], [741, 0], [741, 309], [0, 309]], '흉 속', 0.01768184541632268), ([[587, 309], [719, 309], [719, 677], [587, 677]], '못', 0.08601655291812804)]
[([[0, 0], [741, 0], [741, 314], [0, 314]], '홍부 보속', 0.001987635461921087), ([[73, 561], [109, 561], [109, 603], [73, 603]], '83', 0.35904606192928296), ([[585, 309], [722, 309], [722, 674], [585, 674]], '뜻', 0.12323335404494173)]
[([[1093, 399], [1259, 399], [1259, 513], [1093, 513]], '"', 0.00214484694681695)]
