2822567
30
[([[761, 394], [858, 394], [858, 456], [761, 456]], '너무', 0.6610072951491522), ([[1494, 418], [1560, 418], [1560, 457], [1494, 457]], '(4궁창', 0.000933549425099045), ([[1498, 448], [1563, 448], [1563, 484], [1498, 484]], '꼴1쪽', 0.007846906319448777), ([[720, 456], [909, 456], [909, 523], [720, 523]], '신나하시', 0.9942818284034729), ([[731, 522], [876, 522], [876, 587], [731, 587]], '짙아요', 0.3152848977243704), ([[958, 665], [1055, 665], [1055, 726], [958, 726]], '뭐가', 0.9306463198032223), ([[938, 733], [1073, 733], [1073, 796], [938, 796]], '그렇게', 0.782535970211029), ([[934, 800], [1093, 800], [1093, 864], [934, 864]], '좋아요?', 0.663828432559967), ([[578.5282288130986, 1596.0069567640423], [693.9662932179153, 1636.4830914561728], [579.4717711869014, 1966.9930432359577], [463.0337067820847, 1926.5169085438272]], '3', 0.06047724858860537), ([[2087.47893962031, 2284.4141973545266], [2142.5677466258376, 2279.4486530802233], [2144.52106037969, 2306.5858026454734], [2089.4322533741624, 2311.5513469197767]], '쇼9', 0.019722030245170486), ([[1997.9719194937463, 2294.5522631393687], [2093.552282329411, 2282.1611715000695], [2096.0280805062534, 2318.4477368606313], [2001.4477176705893, 2329.8388284999305]], '056?', 0.25167664885520935)]
[([[163, 201], [283, 201], [283, 287], [163, 287]], '아~', 0.9999924135756967), ([[130, 304], [303, 304], [303, 405], [130, 405]], '산다', 0.8052834557133923), ([[321, 405], [511, 405], [511, 491], [321, 491]], '임신해.', 0.9517241716384888), ([[1181, 409], [1313, 409], [1313, 471], [1181, 471]], '임신해', 0.9998216063960181), ([[0, 815], [345, 815], [345, 1043], [0, 1043]], '썩', 0.19272663503617427), ([[387, 889], [479, 889], [479, 985], [387, 985]], '잇', 0.05698939398656422), ([[0, 1204], [288, 1204], [288, 1400], [0, 1400]], '썩', 0.17793139568454208), ([[1760.0967951626114, 85.01359939869879], [2093.7394807182986, 251.05496684349103], [1974.9032048373886, 476.9864006013012], [1642.2605192817016, 310.945033156509]], '깐', 0.03372150543476948), ([[2.889984659481989, 456.02465483834476], [366.6446600645528, 522.880267834975], [318.11001534051803, 730.9753451616552], [-44.64466006455281, 664.119732165025]], '2여나', 0.010793075454702207), ([[1757.0305254075095, 525.0180809212538], [2127.449161576063, 638.6764508948031], [2055.9694745924903, 844.9819190787462], [1684.550838423937, 731.3235491051969]], '천액', 0.005551001661717828), ([[1846.8384650161884, 874.0269978480484], [2103.0144749690185, 924.1525153792687], [2053.1615349838116, 1138.9730021519517], [1796.9855250309815, 1088.8474846207312]], '적', 0.8875294777628575), ([[1455.310486659569, 1032.0069923167518], [1713.863869179613, 1089.9621194315519], [1598.689513340431, 1592.9930076832482], [1340.136130820387, 1535.0378805684481]], '않', 0.01685364357585173), ([[1737.9608360198254, 1504.0360386854848], [2039.6289064395987, 1553.6841145403575], [2013.0391639801746, 1677.9639613145152], [1710.3710935604013, 1628.3158854596425]], '임신해!', 0.8999599814414978), ([[-35.92645363929534, 1555.0488633058817], [427.96098430514326, 1500.3979393530287], [442.92645363929535, 1827.9511366941183], [-21.96098430514323, 1882.6020606469713]], '{', 0.025838871938878905)]
[([[1321, 1409], [1419, 1409], [1419, 1703], [1321, 1703]], '출', 0.3986289901741067), ([[104, 2375], [203, 2375], [203, 2478], [104, 2478]], '(흐', 0.0032579690361692138), ([[147, 2462], [172, 2462], [172, 2489], [147, 2489]], '0', 0.9684069096653367), ([[989, 2395], [1225, 2395], [1225, 2509], [989, 2509]], '피야', 0.015262832832181602), ([[1165.517528138243, 1131.0083160090498], [1268.0098279775452, 1114.1450156441563], [1319.482471861757, 1448.9916839909502], [1216.9901720224548, 1465.8549843558437]], '불', 0.6451643374768992), ([[568.5158659571927, 1300.006895097464], [686.4017789953349, 1264.004748497333], [803.4841340428073, 1684.993104902536], [684.5982210046651, 1720.995251502667]], '북', 0.15599962925343736)]
[([[599, 568], [743, 568], [743, 645], [599, 645]], '후아~', 0.9959472102792726), ([[561, 644], [775, 644], [775, 719], [561, 719]], '엄청삶다.', 0.2688656983398548), ([[1599, 928], [1665, 928], [1665, 1008], [1599, 1008]], '오', 0.771510379250774), ([[1856, 884], [1989, 884], [1989, 994], [1856, 994]], '오옷', 0.26502571344934406), ([[2472, 1235], [2680, 1235], [2680, 1321], [2472, 1321]], '한번 더', 0.999832012175208), ([[2479, 1327], [2673, 1327], [2673, 1413], [2479, 1413]], '할건데', 0.9834592992780357), ([[2461, 1417], [2596, 1417], [2596, 1509], [2461, 1509]], '괜찮', 0.5947302964361013), ([[2818, 1830], [2862, 1830], [2862, 1902], [2818, 1902]], '끝', 0.9763917742164416), ([[2142.043064939372, 783.0574389967882], [2245.6432211278634, 812.6375498332059], [2223.956935060628, 881.9425610032118], [2120.3567788721366, 851.3624501667941]], '움0', 0.11359023314872443), ([[316.07046540603244, 807.0180074756368], [615.5229394507433, 922.2385590839885], [536.9295345939676, 1112.9819925243632], [237.47706054925678, 998.7614409160115]], '셋', 0.18192031874606585), ([[301.7029022405378, 1493.1101833015932], [574.345537853152, 1436.4266283175034], [601.2970977594622, 1644.8898166984068], [328.65446214684806, 1700.5733716824966]], '극', 0.02592774617238036)]
[([[1494, 418], [1560, 418], [1560, 457], [1494, 457]], '(4궁[', 0.0011342231882736087), ([[1498, 448], [1563, 448], [1563, 484], [1498, 484]], '꼴1쪽', 0.011477530507050858), ([[579.5337258179595, 1592.006795556013], [699.0577486426824, 1633.556459818821], [583.4662741820405, 1966.993204443987], [463.9422513573176, 1924.443540181179]], '8', 0.14919398102343795)]
[([[607, 2055], [1164, 2055], [1164, 2566], [607, 2566]], '4', 0.09065177956361836)]
[]
[([[2162, 162], [2284, 162], [2284, 328], [2162, 328]], '7', 0.07591258246898125)]
[([[1156, 206], [1192, 206], [1192, 238], [1156, 238]], "'2", 0.0431684003540189)]
[]
[]
[([[278, 489], [367, 489], [367, 529], [278, 529]], '교배: .', 0.7238976525676903), ([[273, 525], [374, 525], [374, 567], [273, 567]], '뭐요??', 0.988988995552063), ([[222, 744], [495, 744], [495, 805], [222, 805]], '저 남자거튼요?', 0.6678136614192889), ([[244, 807], [466, 807], [466, 869], [244, 869]], '아시잖아요!', 0.38228782871032574), ([[1166, 1064], [1324, 1064], [1324, 1120], [1166, 1120]], '그런:. 걸', 0.21913152406306086), ([[1185, 1126], [1314, 1126], [1314, 1188], [1185, 1188]], '어떻게', 0.7738917717301343), ([[1193, 1190], [1304, 1190], [1304, 1243], [1193, 1243]], '해요?', 0.9999715751162594), ([[1170, 1276], [1327, 1276], [1327, 1333], [1170, 1333]], '미침???', 0.9988636314762627), ([[321, 2362], [540, 2362], [540, 2426], [321, 2426]], '엄청 햇다(', 0.5438855465928413), ([[971, 2061], [1167, 2061], [1167, 2532], [971, 2532]], '지', 0.3383200031422895), ([[681.3698861194083, 2109.0090255673495], [850.4237288076736, 2129.1984463373706], [804.6301138805917, 2501.9909744326505], [635.5762711923264, 2482.8015536626294]], '', 0.0)]
[]
[]
[([[0, 815], [343, 815], [343, 1045], [0, 1045]], "썩'", 0.01523357489541185), ([[0, 1203], [289, 1203], [289, 1401], [0, 1401]], '썩', 0.2958431096158485), ([[1757.0745147771509, 86.01427877968769], [2087.5918177149642, 241.06803038083928], [1974.9254852228491, 469.9857212203123], [1644.4081822850358, 314.9319696191607]], '뼈', 0.01755672986239265), ([[3.8948866130859985, 454.0244374557436], [362.63711417066776, 521.8583273412145], [313.105113386914, 729.9755625442564], [-44.63711417066778, 662.1416726587855]], '넷', 0.01312080169717339), ([[1756.0305254075095, 525.0180809212538], [2127.3960145729648, 636.4284253742985], [2055.9694745924903, 844.9819190787462], [1684.6039854270352, 733.5715746257015]], '천액', 0.026018754465097816), ([[1870.0407670796271, 858.019176990677], [2123.2787067744343, 964.1603244174099], [2038.9592329203729, 1155.9808230093229], [1785.7212932255654, 1048.8396755825902]], '썩', 0.05368096247249654), ([[-35.91885547721644, 1554.0472338125062], [427.3598160793478, 1498.3289813254933], [442.9188554772164, 1834.9527661874938], [-21.3598160793478, 1890.6710186745067]], '곧', 0.018796878841786935)]
[]
[([[297.8656334886119, 1484.095095072453], [578.4228644137398, 1439.4941284501413], [596.1343665113882, 1643.904904927547], [315.57713558626017, 1688.5058715498587]], '모', 0.6808976273497969)]
[([[169, 178], [483, 178], [483, 253], [169, 253]], '임시 알바래서', 0.997152395868625), ([[160, 252], [505, 252], [505, 330], [160, 330]], '구경 경 와랗다.', 0.18503356035076124), ([[256, 607], [529, 607], [529, 675], [256, 675]], '지금은 마침', 0.792805155199377), ([[308, 682], [473, 682], [473, 757], [308, 757]], '한가한', 0.9996468646351593), ([[259, 761], [534, 761], [534, 838], [259, 838]], '시간대인데.', 0.9058113728414886), ([[205, 1121], [494, 1121], [494, 1198], [205, 1198]], '온 김에 원가', 0.7125155744425249), ([[303, 1203], [407, 1203], [407, 1271], [303, 1271]], '먹고', 0.9824004247870098), ([[234, 1281], [474, 1281], [474, 1353], [234, 1353]], '가실래요?', 0.9990293991532037), ([[42, 1385], [99, 1385], [99, 1425], [42, 1425]], '물냉', 0.9324253396982917), ([[51, 1466], [113, 1466], [113, 1506], [51, 1506]], '비냉', 0.9863585164188308), ([[171, 1467], [253, 1467], [253, 1520], [171, 1520]], '일반', 0.9998699373029698), ([[60, 1531], [128, 1531], [128, 1575], [60, 1575]], '된찌', 0.9364166383973463), ([[182, 1521], [265, 1521], [265, 1574], [182, 1574]], '메뉴', 0.996320374474837), ([[51, 1605], [144, 1605], [144, 1641], [51, 1641]], '차돌림찌', 0.536811351776123), ([[64, 1671], [151, 1671], [151, 1710], [64, 1710]], '계란점', 0.5849224360769353), ([[206, 1693], [306, 1693], [306, 1731], [206, 1731]], '자위관용', 0.4174093008041382), ([[78, 1734], [160, 1734], [160, 1776], [78, 1776]], '공기밥', 0.999457605824169), ([[236, 1732], [290, 1732], [290, 1763], [236, 1763]], '메뉴', 0.5321400254563459), ([[1515, 2570], [1763, 2570], [1763, 2643], [1515, 2643]], '점심 먹은지', 0.9835292946826333), ([[1480, 2645], [1775, 2645], [1775, 2711], [1480, 2711]], '얼마 안돼는데:', 0.299633956245349), ([[1441, 2715], [1832, 2715], [1832, 2783], [1441, 2783]], '어떡하는게 종올까.', 0.2260515977704305)]
[([[323, 1955], [481, 1955], [481, 2043], [323, 2043]], '`관', 0.006191907846736551), ([[353, 2410], [498, 2410], [498, 2508], [353, 2508]], "'면염", 0.1508316096516182), ([[1232, 2605], [1579, 2605], [1579, 2691], [1232, 2691]], '잘먹없습니다', 0.5837705989510111), ([[365, 2820], [485, 2820], [485, 2874], [365, 2874]], '053;', 0.03747904673218727), ([[470, 2842], [519, 2842], [519, 2866], [470, 2866]], "'", 0.4773562733993373), ([[513, 2844], [537, 2844], [537, 2879], [513, 2879]], '2', 0.028062751213779658), ([[679.140954575654, 744.0284140923744], [840.9526746815186, 823.8917497598701], [790.859045424346, 920.9715859076256], [628.0473253184814, 842.1082502401299]], '&90)', 0.12624046206474304), ([[697.2271249247347, 2426.029911529077], [836.9998071117883, 2499.937889396821], [795.7728750752653, 2574.970088470923], [656.0001928882117, 2501.062110603179]], "'지다0", 0.019565148279070854)]
[([[44, 1387], [99, 1387], [99, 1425], [44, 1425]], '물냉', 0.8793910227287182), ([[51, 1466], [113, 1466], [113, 1506], [51, 1506]], '비냉', 0.9800075968660144), ([[171, 1467], [253, 1467], [253, 1520], [171, 1520]], '일반', 0.9998372327511591), ([[60, 1531], [128, 1531], [128, 1575], [60, 1575]], '된찌', 0.9290781606770423), ([[182, 1523], [265, 1523], [265, 1574], [182, 1574]], '메뉴', 0.9970660713758334), ([[51, 1605], [144, 1605], [144, 1641], [51, 1641]], '차돌림찌', 0.2542596757411957), ([[64, 1671], [151, 1671], [151, 1710], [64, 1710]], '계란짐', 0.42693893449065046), ([[205, 1690], [307, 1690], [307, 1734], [205, 1734]], '지위관용', 0.8458149433135986), ([[78, 1734], [158, 1734], [158, 1776], [78, 1776]], '공기밥', 0.9997492728588492), ([[236, 1732], [290, 1732], [290, 1761], [236, 1761]], '메냐', 0.25849811861709626)]
[([[364, 2819], [540, 2819], [540, 2880], [364, 2880]], "'", 0.3982409417353807)]
[([[727, 590], [775, 590], [775, 658], [727, 658]], '7', 0.16533979677433663), ([[700, 659], [753, 659], [753, 733], [700, 733]], '2', 0.6394655962233173)]
[([[2059, 151], [2351, 151], [2351, 239], [2059, 239]], '저기? 눈이', 0.9990946750114313), ([[2039, 243], [2375, 243], [2375, 329], [2039, 329]], '이상한데요?', 0.7191863558369179), ([[2242, 530], [2386, 530], [2386, 586], [2242, 586]], '오늘 저', 0.9265519427723381), ([[624, 620], [678, 620], [678, 652], [624, 652]], '00', 0.37314953022498143), ([[1038, 574], [1116, 574], [1116, 668], [1038, 668]], '월', 0.07974838653987959), ([[2215, 591], [2425, 591], [2425, 653], [2215, 653]], '그런생각은', 0.9998145254694828), ([[2189, 655], [2451, 655], [2451, 715], [2189, 715]], '안하고 앞는데', 0.4082107328619784), ([[991, 1061], [1237, 1061], [1237, 1149], [991, 1149]], '잠깐 놔:.', 0.4262763538088722), ([[943, 1155], [1289, 1155], [1289, 1243], [943, 1243]], '놔주실래요?', 0.9982928724106364), ([[1124, 1578], [1312, 1578], [1312, 1674], [1124, 1674]], '네?', 0.8275059433674027), ([[543.8709031195572, 577.0639474521029], [650.9766761056177, 599.5932680936058], [630.1290968804428, 684.9360525478971], [523.0233238943823, 662.4067319063942]], '물왕"', 0.003034677512800953), ([[1695.3300922577378, 1208.0280978670799], [1793.8738952378426, 1285.5851594494502], [1748.6699077422622, 1342.9719021329201], [1650.1261047621574, 1265.4148405505498]], "와'", 0.00020592635731553704)]
[([[1369, 1740], [1730, 1740], [1730, 2192], [1369, 2192]], "'(", 0.035563596732947934), ([[2115, 2417], [2256, 2417], [2256, 2490], [2115, 2490]], '\'터"5 쇼싹', 0.0006249352938914706)]
[([[2102, 158], [2290, 158], [2290, 334], [2102, 334]], '7', 0.9511588452500206), ([[1946, 964], [2084, 964], [2084, 1037], [1946, 1037]], '파육', 0.029289330692523936), ([[1640.2013029324607, 310.02280131806435], [1793.9775490720779, 416.2074585577688], [1725.7986970675393, 512.9771986819356], [1572.0224509279221, 406.7925414422312]], '싶', 0.3294783275874238), ([[124.22147491504587, 386.00797585423885], [505.58656611382264, 700.4098257834628], [299.77852508495414, 949.9920241457611], [-80.58656611382267, 635.5901742165372]], '(내', 0.017209327460838014)]
[([[1156, 206], [1192, 206], [1192, 238], [1156, 238]], "'2", 0.05453540335793136), ([[403, 605], [509, 605], [509, 689], [403, 689]], '꾸작', 0.07503815020716237), ([[392, 1026], [552, 1026], [552, 1106], [392, 1106]], '네가:', 0.9785918728927611), ([[392, 1118], [554, 1118], [554, 1198], [392, 1198]], '네가:', 0.9795197588317254), ([[325, 1207], [639, 1207], [639, 1295], [325, 1295]], '너무 끌리게', 0.5516366879665143), ([[359, 1299], [621, 1299], [621, 1385], [359, 1385]], '생경잖아', 0.6740078330039978), ([[605, 1511], [715, 1511], [715, 1639], [605, 1639]], '부역', 0.09360481949987436), ([[373.04660505060383, -46.98533585537626], [763.3759153221957, 95.81099617557135], [664.9533949493962, 339.98533585537626], [275.6240846778042, 195.18900382442865]], ')없', 0.013989185445941101)]
[([[600, 16], [743, 16], [743, 92], [600, 92]], '저논 .', 0.21846146881580353), ([[629, 101], [699, 101], [699, 169], [629, 169]], '전:', 0.9850745815827991), ([[624, 180], [734, 180], [734, 252], [624, 252]], '전혀', 0.9989866131047298), ([[584, 258], [775, 258], [775, 336], [584, 336]], '모르는:.', 0.9022808156216283), ([[796, 316], [934, 316], [934, 412], [796, 412]], '헤움', 0.08665086500420201), ([[1719, 515], [1859, 515], [1859, 651], [1719, 651]], '별', 0.06421602976846774), ([[48, 746], [336, 746], [336, 848], [48, 848]], '시끄러위', 0.5383802056312561), ([[377, 781], [511, 781], [511, 897], [377, 897]], '@)', 0.03605784490134654), ([[1383, 947], [1531, 947], [1531, 1055], [1383, 1055]], '뻔', 0.15393556665090902), ([[2098, 1066], [2170, 1066], [2170, 1262], [2098, 1262]], '움', 0.6006110126594457), ([[1424.9954021565095, 1275.0360899754812], [1573.4272465666713, 1330.0365356520067], [1530.0045978434905, 1441.9639100245188], [1380.5727534333287, 1386.9634643479933]], '4워', 0.0886075529938551), ([[2010.4451516363035, 1365.0140023988122], [2090.890074945579, 1357.3864489067541], [2107.5548483636962, 1584.9859976011878], [2027.1099250544214, 1591.6135510932459]], '합', 0.015197410041521364)]
[([[1107, 157], [1363, 157], [1363, 391], [1107, 391]], '과', 0.9406324997321605), ([[1797, 453], [2029, 453], [2029, 613], [1797, 613]], '뼈', 0.5154393451885539), ([[1474, 680], [1712, 680], [1712, 898], [1474, 898]], '평', 0.11356000966317481), ([[180, 864], [310, 864], [310, 938], [180, 938]], '혀더', 0.9557070496920248), ([[150, 948], [320, 948], [320, 1024], [150, 1024]], '내밀어', 0.9976078022969757), ([[1621, 1333], [1867, 1333], [1867, 1545], [1621, 1545]], '광9', 0.29584461928104805), ([[1893.1850834291515, 984.0110701927769], [2183.8860615643234, 1212.3878506601877], [2024.8149165708485, 1411.988929807223], [1735.1139384356768, 1183.6121493398123]], '40', 0.008097735642359398), ([[268.0675452416649, 1232.048434319983], [370.78210619314405, 1274.0315968877435], [340.9324547583351, 1345.951565680017], [237.21789380685595, 1303.9684031122565]], '넷어', 0.10334221517924515)]
[([[680.3145485392434, 354.0167902005674], [939.951304788395, 480.83334036612723], [884.6854514607566, 585.9832097994325], [625.048695211605, 459.16665963387277]], '산야9', 0.0033804464103082896)]
[([[135, 643], [231, 643], [231, 706], [135, 706]], '표정', 0.999915960218413), ([[444, 644], [501, 644], [501, 716], [444, 716]], '앞', 0.05946308058813443), ([[135, 714], [231, 714], [231, 779], [135, 779]], '벌써', 0.9998953931245746), ([[69, 784], [299, 784], [299, 853], [69, 853]], '망가져다고', 0.8792222868494253), ([[151, 857], [213, 857], [213, 917], [151, 917]], '너.', 0.4625779640792728), ([[35, 1023], [109, 1023], [109, 1121], [35, 1121]], '후우', 0.37494000853123655), ([[1414, 1163], [1490, 1163], [1490, 1257], [1414, 1257]], '년', 0.9998425307281344), ([[1340, 1276], [1567, 1276], [1567, 1380], [1340, 1380]], '암컷이', 0.967032800222387), ([[1363, 1390], [1550, 1390], [1550, 1502], [1363, 1502]], '맞다.', 0.9870410677229966), ([[1318, 1505], [1593, 1505], [1593, 1618], [1318, 1618]], '알깊어?', 0.16499063372612), ([[0, 1583], [283, 1583], [283, 1832], [0, 1832]], '꽤', 0.007724180479301346), ([[0, 1944], [285, 1944], [285, 2174], [0, 2174]], '0', 0.35590118763053624), ([[1324, 1845], [1596, 1845], [1596, 2168], [1324, 2168]], '적', 0.11792628333895383), ([[1323, 2583], [1596, 2583], [1596, 2815], [1323, 2815]], '썩;', 0.25601195970542495), ([[1191.3898297841522, 1751.0169361147405], [1272.2765445014884, 1737.2381532656916], [1305.6101702158478, 1952.9830638852595], [1223.7234554985116, 1966.7618467343084]], '병', 0.9198451568359047), ([[1296.336747098473, 2244.05325473618], [1455.838273644285, 2152.013517027168], [1602.663252901527, 2451.94674526382], [1443.161726355715, 2544.986482972832]], '출', 0.3777363871117281), ([[-25.94395784923014, 2359.063049121856], [288.92406621197995, 2313.501547656711], [307.9439578492301, 2572.936950878144], [-7.924066211979973, 2618.498452343289]], '넷격', 0.02205412770194923)]
