2823568
43
[([[766, 46], [840, 46], [840, 72], [766, 72]], '감-어0', 0.00026347735547460616), ([[659, 39], [949, 39], [949, 141], [659, 141]], '[@@@', 0.12140914797782898), ([[583, 485], [1016, 485], [1016, 587], [583, 587]], '[어>미=03', 0.0001787311763554573), ([[713, 595], [893, 595], [893, 637], [713, 637]], '(어)(처 +15', 0.00020651374488093603)]
[([[793, 13], [1165, 13], [1165, 201], [793, 201]], '우3', 0.06246121197228117)]
[([[836, 72], [1090, 72], [1090, 222], [836, 222]], '9>', 0.3914647768284957), ([[1081.930985278494, 603.448167612687], [1150.1263591163201, 551.4746716242418], [1175.069014721506, 590.551832387313], [1106.8736408836799, 643.5253283757582]], '4', 0.024190124987218065)]
[]
[]
[]
[([[1051, 293], [1291, 293], [1291, 481], [1051, 481]], '(', 0.9644573268489331), ([[1069.1370142686694, 485.46032711047206], [1147.3205568261756, 473.7697752660015], [1151.8629857313306, 511.53967288952794], [1073.6794431738244, 523.2302247339985]], '(-[', 0.17278344790753), ([[1400.9820268028814, 628.1317018509494], [1477.889549207922, 641.0665081900987], [1472.0179731971186, 673.8682981490506], [1395.110450792078, 660.9334918099013]], '( - 즈', 0.34549811860354723)]
[]
[]
[]
[]
[]
[]
[]
[]
[]
[]
[]
[]
[]
[]
[([[468, 292], [607, 292], [607, 331], [468, 331]], '다 씻으없어요?', 0.31117163568196654), ([[548, 1012], [640, 1012], [640, 1060], [548, 1060]], '액 !?', 0.7665730714797974), ([[711, 1654], [755, 1654], [755, 1680], [711, 1680]], '야드.', 0.8912909984705742), ([[682, 1661], [795, 1661], [795, 1710], [682, 1710]], '왜갑자기.?', 0.519251399808207), ([[407, 2375], [535, 2375], [535, 2404], [407, 2404]], '훔소핑 보다가', 0.1347696098035481), ([[462, 2397], [488, 2397], [488, 2426], [462, 2426]], '냥', 0.30962294824581704), ([[60, 3359], [220, 3359], [220, 3424], [60, 3424]], '실행버하권가?', 0.007640036470844799), ([[530, 4275], [756, 4275], [756, 4314], [530, 4314]], '조금 당황스럽긴 햇지만 .', 0.40986844819170254)]
[([[1206, 87], [1309, 87], [1309, 135], [1206, 135]], '#늦노', 0.020809420588474438), ([[1455, 180], [1524, 180], [1524, 222], [1455, 222]], '~조곳', 0.13565710264990927), ([[190, 510], [260, 510], [260, 538], [190, 538]], '나침', 0.24196064097292455), ([[265, 474], [432, 474], [432, 553], [265, 553]], '양락동동퍼구멘다', 2.97660247802117e-06), ([[1033, 439], [1145, 439], [1145, 529], [1033, 529]], "@일침'", 0.002234100364148617), ([[1658, 630], [1744, 630], [1744, 710], [1658, 710]], '올씨', 0.011203794348050288), ([[211.10557280900008, 474.08065044950047], [286.8907942545893, 496.9607062208998], [272.8944271909999, 538.9193495504995], [197.10920574541072, 516.0392937791003]], '9"\'', 0.027038904607351172), ([[269.4789396203098, 523.4141973545267], [309.39127644446205, 520.1884269360136], [310.5210603796902, 545.5858026454733], [271.60872355553795, 548.8115730639864]], "'위5", 0.1780368915700409), ([[206.98198161801108, 532.7801797798122], [273.6267330520804, 523.5507679712659], [276.01801838198895, 548.2198202201878], [210.3732669479196, 558.4492320287341]], '[아증', 0.024543544964354205)]
[([[296, 110], [422, 110], [422, 163], [296, 163]], '인어렇제마제', 0.0046301950339413585), ([[121, 281], [243, 281], [243, 338], [121, 338]], '똑{자증금.', 0.0068238358815670775), ([[189, 352], [213, 352], [213, 369], [189, 369]], '시경', 0.9977827006316751), ([[206, 1791], [291, 1791], [291, 1868], [206, 1868]], '햇', 0.9663595068546194), ([[468, 2361], [614, 2361], [614, 2488], [468, 2488]], '@질', 0.07525471820361915), ([[697, 4406], [784, 4406], [784, 4437], [697, 4437]], '잠기 우맛', 0.3439865628493991), ([[239.98198161801108, 333.78017977981216], [297.35721363493803, 321.1443211810062], [303.01801838198895, 349.21982022018784], [245.64278636506197, 361.8556788189938]], '일어라도', 0.9003587961196899), ([[212.65465441200737, 343.5201198532081], [247.6128099917114, 338.817272672745], [249.34534558799263, 357.4798801467919], [214.3871900082886, 363.182727327255]], '쓰이는', 0.8564702378969266), ([[215.07944680100655, 361.6953361612079], [278.60472942637335, 352.5115831849295], [281.92055319899345, 378.3046638387921], [217.39527057362662, 387.4884168150705]], '잇으석나?', 0.26231364917466604)]
[]
[]
[]
[([[965, 385], [991, 385], [991, 403], [965, 403]], '스', 0.060320794632515495), ([[728, 836], [778, 836], [778, 884], [728, 884]], '스', 0.06586145199897775), ([[1566, 1192], [1598, 1192], [1598, 1238], [1566, 1238]], '>', 0.9954747013585461)]
[([[1787, 285], [1847, 285], [1847, 365], [1787, 365]], '터', 0.20015564325150592), ([[520, 1196], [554, 1196], [554, 1222], [520, 1222]], '()', 0.3231980358376107), ([[1565, 1191], [1601, 1191], [1601, 1243], [1565, 1243]], '>', 0.9794663689798568)]
[([[979, 0], [1247, 0], [1247, 209], [979, 209]], '6~', 0.06033214468499032), ([[253, 237], [321, 237], [321, 275], [253, 275]], '뭐야', 0.16596156040126184), ([[196, 264], [366, 264], [366, 312], [196, 312]], '실프로문중엔', 0.10002096478887147), ([[165, 282], [394, 282], [394, 346], [165, 346]], '@갈갈출하롭하지', 0.013090333150033898), ([[224, 328], [336, 328], [336, 376], [224, 376]], '8있내3', 0.11771506071090698), ([[541, 603], [595, 603], [595, 641], [541, 641]], '@)', 0.09134918253296516), ([[1030, 660], [1110, 660], [1110, 710], [1030, 710]], '허(', 0.6760183769072)]
[([[947, 0], [1255, 0], [1255, 209], [947, 209]], "1'", 0.1957023424106232)]
[([[204, 91], [298, 91], [298, 119], [204, 119]], '실레집무실', 0.573967092643027), ([[186, 116], [320, 116], [320, 144], [186, 144]], '(에어컨 가동중)', 0.9691137852143478), ([[195, 473], [239, 473], [239, 519], [195, 519]], '@', 0.9999818802700702), ([[254, 690], [302, 690], [302, 722], [254, 722]], '춥다', 0.6494560224850421), ([[305, 683], [394, 683], [394, 728], [305, 728]], '땅습다', 0.12443143137311423), ([[255, 715], [375, 715], [375, 751], [255, 751]], '유때문에', 0.22097571194171906), ([[209, 741], [431, 741], [431, 779], [209, 779]], '세상마상에 한겨울에', 0.5098387683268569), ([[239, 767], [405, 767], [405, 805], [239, 805]], '에어컨올 크치3', 0.24631521196084544), ([[213, 791], [433, 791], [433, 833], [213, 833]], '숨다 안걸내에의미?', 0.0221978334952836), ([[798, 1030], [990, 1030], [990, 1086], [798, 1086]], '센생님 덩어', 0.07027430434539389), ([[241, 1317], [381, 1317], [381, 1355], [241, 1355]], '근체? `제?_', 0.18421951989460847), ([[187, 1343], [437, 1343], [437, 1385], [187, 1385]], '18도정도로만 합의하자', 0.7260461963875449), ([[421, 1470], [488, 1470], [488, 1515], [421, 1515]], '[3', 0.40069299036376743), ([[601, 2005], [673, 2005], [673, 2069], [601, 2069]], '주썹', 0.0929308749374693), ([[399, 2069], [465, 2069], [465, 2113], [399, 2113]], '838', 0.4421170589441527)]
[]
[([[1205, 93], [1307, 93], [1307, 133], [1205, 133]], "'부늦-", 0.24233995378017426), ([[1455, 183], [1525, 183], [1525, 221], [1455, 221]], '거조곳', 0.08570623061256762), ([[222, 480], [400, 480], [400, 528], [222, 528]], '모? ]두35', 0.008687243853156416), ([[1033, 439], [1145, 439], [1145, 529], [1033, 529]], "@일철'", 0.0020309907849878073), ([[202, 511], [428, 511], [428, 577], [202, 577]], '\'#7중하 팀"', 0.019894226193558805), ([[1658, 630], [1744, 630], [1744, 710], [1658, 710]], '올', 0.1439993737977261)]
[]
[([[707.5022635333836, 142.13033134734042], [1076.9938981005623, -18.991066920297023], [1203.4977364666163, 369.8696686526596], [834.0061018994377, 530.991066920297]], ')}', 0.10806559457338605), ([[400.96396323602215, 502.5603595596243], [498.38441270749945, 472.9040354969413], [512.0360367639779, 522.4396404403757], [413.61558729250055, 552.0959645030587]], "@:'?", 0.11870750784873962)]
[([[880, 1720], [940, 1720], [940, 1752], [880, 1752]], "'내감", 0.031600879515591734), ([[882, 1746], [944, 1746], [944, 1782], [882, 1782]], '국매""', 0.1964523047208786)]
[([[463, 1141], [549, 1141], [549, 1281], [463, 1281]], '+', 0.058861452272140014), ([[428, 1358], [715, 1358], [715, 1500], [428, 1500]], '"-)', 0.006179887564530838)]
[([[1206, 87], [1309, 87], [1309, 135], [1206, 135]], '#늦노', 0.020809420588474438), ([[1455, 180], [1524, 180], [1524, 222], [1455, 222]], '~조곳', 0.13565710264990927), ([[205, 465], [413, 465], [413, 505], [205, 505]], '~존 낭3어', 0.005326691507946241), ([[1033, 439], [1145, 439], [1145, 529], [1033, 529]], "@일침'", 0.002234100364148617), ([[175, 486], [372, 486], [372, 543], [175, 543]], '하 짓훈어 9중', 0.0071715636075089404), ([[203, 529], [265, 529], [265, 569], [203, 569]], '대8', 0.10218191483011847), ([[1658, 630], [1744, 630], [1744, 710], [1658, 710]], '올', 0.07248885731382959), ([[250.20891722009884, 521.5805096062273], [421.2609903369994, 497.8695048315003], [426.79108277990116, 557.4194903937727], [254.7390096630006, 581.1304951684997]], "'4가입다하{5", 0.006558238689340041), ([[364.98198161801105, 563.7801797798122], [413.26509935517794, 553.0329400336612], [419.01801838198895, 579.2198202201878], [370.73490064482206, 589.9670599663388]], '693', 0.12003654485925734)]
[([[1263, 543], [1421, 543], [1421, 677], [1263, 677]], '9', 0.9962860323221321)]
[([[1264, 548], [1422, 548], [1422, 672], [1264, 672]], '9', 0.9104195518208122)]
[([[1262, 544], [1422, 544], [1422, 668], [1262, 668]], '9', 0.9521650073228471)]
[([[1264, 544], [1420, 544], [1420, 670], [1264, 670]], '9', 0.9948670145348757)]
