2824149
16
[([[480, 442], [713, 442], [713, 591], [480, 591]], '임버', 0.20482457204163096), ([[385, 612], [821, 612], [821, 770], [385, 770]], '나건어-', 0.3808262050151825)]
[([[1618, 1814], [2426, 1814], [2426, 1984], [1618, 1984]], '[도밀우꼬산', 5.411118829787191e-06), ([[1787, 2053], [2254, 2053], [2254, 2223], [1787, 2223]], '[우=빨?!', 0.0019433070914542181)]
[([[765, 814], [985, 814], [985, 951], [765, 951]], '면빛', 0.00442338313613803), ([[170, 1549], [867, 1549], [867, 1682], [170, 1682]], "4^, !어산'8 [대/]?", 0.00021570822486051582), ([[261, 1694], [753, 1694], [753, 1797], [261, 1797]], '4<훔~, 버라5', 0.0002019001647048759), ([[190, 1813], [838, 1813], [838, 1945], [190, 1945]], '|어어`7입 {아* >어4', 9.604171561478557e-06), ([[777, 2010], [897, 2010], [897, 2084], [777, 2084]], '80', 0.3266791934948467), ([[759, 2146], [951, 2146], [951, 2224], [759, 2224]], '히용', 0.0039222704156224525), ([[648, 2250], [1018, 2250], [1018, 2389], [648, 2389]], ';틀미|어4$', 8.838995029295519e-05), ([[2005.3784875685546, 310.11475828152334], [2176.789200462647, 177.01038241941458], [2374.6215124314454, 483.88524171847666], [2203.210799537353, 616.9896175805854]], '8', 0.956991073768009), ([[1088.1877241839707, 716.1891589613832], [1201.7743807156162, 617.0142826067994], [1357.8122758160293, 831.8108410386168], [1243.2256192843838, 929.9857173932006]], '꿀', 0.02387025235748297)]
[([[1158, 484], [1394, 484], [1394, 594], [1158, 594]], '/보', 0.23265955025895582), ([[1914, 2064], [2678, 2064], [2678, 2173], [1914, 2173]], '잠물-서,;오 [형-', 0.0001541744811378696), ([[1516.055917498353, 429.40130299407065], [1652.0420283963092, 389.54956592442886], [1673.944082501647, 486.59869700592935], [1537.9579716036908, 526.4504340755711]], '(', 0.2933960838832128), ([[1418.1270311998162, 464.1970466391365], [1531.9199584325704, 451.24550825080985], [1536.8729688001838, 528.8029533608635], [1423.0800415674296, 541.7544917491902]], '(감', 0.06604661559778043)]
[([[1755, 73], [1829, 73], [1829, 163], [1755, 163]], '7', 0.883018740815178), ([[370, 134], [692, 134], [692, 269], [370, 269]], '_어서;,', 0.012028988685131529), ([[1557, 226], [1717, 226], [1717, 341], [1557, 341]], '씨뻐', 0.05387512537427007), ([[177, 288], [861, 288], [861, 426], [177, 426]], "요^하+'$ 버*어,그", 6.877592059008672e-05), ([[267, 449], [795, 449], [795, 571], [267, 571]], '버+^ !어뒤..', 0.002476301342027334), ([[976, 1926], [1291, 1926], [1291, 2126], [976, 2126]], '최6', 0.04715479842079017), ([[1481, 2269], [1731, 2269], [1731, 2443], [1481, 2443]], '움떤', 0.0011935228147879721), ([[2219.136530891134, 141.03394231740347], [2353.9004116100737, 203.52317003992553], [2311.863469108866, 289.96605768259656], [2177.0995883899263, 227.47682996007447]], '시', 0.08021050902675686), ([[2583.2384334935678, 232.0170669065594], [2755.832018853374, 374.6160659993075], [2660.7615665064322, 488.98293309344064], [2489.167981146626, 346.3839340006925]], '대:', 0.03670884810326814), ([[1733.0261988727912, 631.0296615137735], [1944.3843831622532, 692.6044619536419], [1900.9738011272088, 826.9703384862265], [1689.6156168377468, 765.3955380463581]], '`:', 0.004469521773508555)]
[([[0, 0], [207, 0], [207, 203], [0, 203]], '7', 0.08436124102996789), ([[1992, 336], [2636, 336], [2636, 470], [1992, 470]], "'`처 %어4 교 |아+", 0.00023432929212636254), ([[1894, 492], [2702, 492], [2702, 605], [1894, 605]], '[기마아 +^라7 [산|히굉!', 5.448968861512475e-05)]
[([[225, 168], [973, 168], [973, 288], [225, 288]], '기 김아마. (어`@;..', 0.00036421832630381554), ([[366, 308], [796, 308], [796, 441], [366, 441]], "1+'$ @어입", 0.04953450435256612), ([[326, 453], [862, 453], [862, 565], [326, 565]], '+0 퍽. 버서*러', 0.0013626705006411558)]
[([[184, 77], [1040, 77], [1040, 694], [184, 694]], '흥후-웃', 0.01569334603846073), ([[1356, 466], [1441, 466], [1441, 516], [1356, 516]], '새', 0.1754942497189269), ([[339, 1495], [607, 1495], [607, 1812], [339, 1812]], '폭', 0.7148985597776267), ([[467.83143919111274, 1748.0310567929193], [638.0227979519175, 1730.9606217194153], [654.1685608088873, 1979.9689432070807], [483.9772020480825, 1997.0393782805847]], '숲', 0.684686386960621)]
[([[1729, 1805], [2297, 1805], [2297, 1982], [1729, 1982]], '유유유유', 0.9902544617652893), ([[1736, 2020], [2281, 2020], [2281, 2195], [1736, 2195]], '유라??!', 0.9061798383042715)]
[([[767, 814], [985, 814], [985, 951], [767, 951]], '엿애]', 0.004979395466749469), ([[161, 1581], [872, 1581], [872, 1697], [161, 1697]], '아-네가 유라구나?', 0.9358693384797586), ([[237, 1708], [790, 1708], [790, 1821], [237, 1821]], '임버가 널 엄청', 0.8830268787058146), ([[385, 1834], [641, 1834], [641, 1945], [385, 1945]], '찾길래', 0.8934703757912617), ([[702, 2080], [952, 2080], [952, 2191], [702, 2191]], '질투해', 0.994008877515699), ([[612, 2203], [1049, 2203], [1049, 2314], [612, 2314]], '버럿지 뛰야', 0.4671866159411324), ([[2004.5080901124704, 304.1003173946328], [2180.8070180659693, 174.01050626678133], [2372.49190988753, 489.8996826053672], [2196.1929819340307, 619.9894937332186]], '8', 0.8333725362023223), ([[1184.189792866391, 619.0156352395254], [1383.8799064009922, 781.7573433865601], [1270.810207133609, 919.9843647604746], [1072.1200935990078, 757.2426566134399]], '예력', 0.006044169482649028)]
[([[1241, 491], [1394, 491], [1394, 593], [1241, 593]], '71', 0.17324999621502124), ([[2097, 1946], [2473, 1946], [2473, 2103], [2097, 2103]], '햄버는', 0.19466887715522238), ([[2041, 2134], [2535, 2134], [2535, 2291], [2041, 2291]], '내 거야-', 0.9860002986171083), ([[1516.9780675931288, 428.42323657595097], [1650.0988681408503, 389.5972581189935], [1671.0219324068712, 484.57676342404903], [1537.9011318591497, 522.4027418810065]], '(', 0.34075384421260324), ([[1418.164411712992, 463.18917622236154], [1531.9850260010464, 451.3246663741498], [1535.835588287008, 528.8108237776385], [1422.0149739989536, 540.6753336258502]], '(감', 0.10959513098010398)]
[([[364, 220], [653, 220], [653, 345], [364, 345]], '몰레이', 0.15103162472225412), ([[1560, 229], [1636, 229], [1636, 336], [1560, 336]], '새', 0.3779373834195212), ([[1660, 251], [1712, 251], [1712, 327], [1660, 327]], '씨', 0.11370539824844172), ([[154, 364], [850, 364], [850, 491], [154, 491]], '왜 이러논거야 .', 0.4348267859637884), ([[973, 1923], [1296, 1923], [1296, 2127], [973, 2127]], '돕6', 0.10437504653608642), ([[1481, 2269], [1731, 2269], [1731, 2443], [1481, 2443]], '움갑', 0.00311391478525384), ([[2220.122802554888, 143.03503193610263], [2353.877777835146, 203.3647784953702], [2312.877197445112, 289.9649680638974], [2179.122222164854, 229.6352215046298]], '시', 0.3317511839967757), ([[2583.2384334935678, 232.0170669065594], [2755.833430534554, 374.62605466820395], [2660.7615665064322, 488.98293309344064], [2488.166569465446, 346.37394533179605]], '대:', 0.011160581764490553), ([[1733.9715839731678, 629.0311355572697], [1946.3321411082993, 691.2818259020469], [1901.0284160268322, 827.9688644427303], [1688.6678588917007, 765.7181740979531]], '워:?', 0.027631414989566443)]
[([[0, 0], [208, 0], [208, 204], [0, 204]], '7', 0.1519610571265595), ([[1991, 238], [2622, 238], [2622, 376], [1991, 376]], '내가 유라보다', 0.8180557897947305), ([[2150, 395], [2456, 395], [2456, 527], [2150, 527]], '취얼씬', 0.13143232464790344), ([[2019, 550], [2598, 550], [2598, 687], [2019, 687]], '좋아한다구]!', 0.5032886915504682)]
[([[281, 184], [855, 184], [855, 321], [281, 321]], '몰레이 그만', 0.36109095538542607), ([[287, 342], [908, 342], [908, 487], [287, 487]], '이상해저버려', 0.9861369965170413), ([[491, 504], [651, 504], [651, 633], [491, 633]], '나 ', 0.28826384262350724)]
[([[184, 77], [1040, 77], [1040, 694], [184, 694]], '흥후-웃', 0.01569334603846073), ([[1356, 466], [1441, 466], [1441, 516], [1356, 516]], '새', 0.1754942497189269), ([[339, 1495], [607, 1495], [607, 1812], [339, 1812]], '폭', 0.7148985597776267), ([[467.83143919111274, 1748.0310567929193], [638.0227979519175, 1730.9606217194153], [654.1685608088873, 1979.9689432070807], [483.9772020480825, 1997.0393782805847]], '숲', 0.684686386960621)]
[([[398, 455], [810, 455], [810, 580], [398, 580]], '^<`~마', 0.00016912181147314627), ([[307, 623], [884, 623], [884, 769], [307, 769]], "1'<`깨,형-", 0.0005383745232673795)]
