2828248
154
[([[1527, 220], [1818, 220], [1818, 288], [1527, 288]], '가슴 느낌은:', 0.6820892622596348), ([[1617, 283], [1764, 283], [1764, 356], [1617, 356]], '어때?', 0.9999792835486102), ([[1826, 370], [2005, 370], [2005, 437], [1826, 437]], '어, 엄청', 0.9617790880199251), ([[1770, 433], [2057, 433], [2057, 497], [1770, 497]], '부드러워요"', 0.8605366404221305), ([[1498, 1687], [1691, 1687], [1691, 1824], [1498, 1824]], '옆', 0.8238806647955386), ([[1408, 2417], [1658, 2417], [1658, 2576], [1408, 2576]], '움어', 0.2277715004279776)]
[([[113, 185], [219, 185], [219, 264], [113, 264]], '%', 0.6984349962659877), ([[188, 247], [493, 247], [493, 309], [188, 309]], '그렇게 힘으로만', 0.9022674047651112), ([[176, 304], [465, 304], [465, 361], [176, 361]], '밀어 붙여서논:-', 0.3764248974779253), ([[1307, 457], [1430, 457], [1430, 512], [1307, 512]], '히젯', 0.020564129824746858), ([[1451, 626], [1543, 626], [1543, 681], [1451, 681]], '금방', 0.999723949303397), ([[1377, 677], [1612, 677], [1612, 732], [1377, 732]], '싸버길결:.?', 0.16132874488771995), ([[1584, 718], [1680, 718], [1680, 793], [1584, 793]], '(%', 0.8831410121031587), ([[0, 1595], [285, 1595], [285, 1860], [0, 1860]], '광요', 0.11891864437446009), ([[601, 1858], [789, 1858], [789, 1991], [601, 1991]], '터리', 0.12022653219218253), ([[1331, 1881], [1553, 1881], [1553, 2027], [1331, 2027]], "'잘요", 0.0026421798750720297), ([[955, 2291], [1142, 2291], [1142, 2428], [955, 2428]], '떠', 0.03442805202333776), ([[171, 2484], [519, 2484], [519, 2751], [171, 2751]], '광', 0.17040751770874696), ([[554.0597149997093, 451.23885999883737], [670.4922747316119, 438.3255621932394], [673.9402850002907, 506.76114000116263], [557.5077252683881, 519.6744378067606]], '평아', 0.09102589766080889)]
[]
[]
[]
[]
[]
[]
[]
[]
[]
[]
[([[122, 205], [228, 205], [228, 285], [122, 285]], '영', 0.17855640488850444), ([[214, 275], [262, 275], [262, 325], [214, 325]], '웃', 0.38152469613238793), ([[168, 321], [432, 321], [432, 405], [168, 405]], "저저기: '왜?", 0.3560116870887664), ([[574, 342], [663, 342], [663, 395], [574, 395]], '잇7', 0.07806905485717996), ([[470, 405], [559, 405], [559, 458], [470, 458]], '벌써', 0.999904665159737), ([[400, 439], [673, 439], [673, 527], [400, 527]], '쌀것 같히8&싹', 0.02776088674415998), ([[1304, 456], [1433, 456], [1433, 518], [1304, 518]], '_복', 0.056330594999301625), ([[164, 862], [251, 862], [251, 913], [164, 913]], '으웃-', 0.28656837344169617), ([[181, 919], [230, 919], [230, 961], [181, 961]], '네', 0.9999206081889866), ([[275, 977], [370, 977], [370, 1030], [275, 1030]], '아차', 0.04345000778490812), ([[207, 1031], [480, 1031], [480, 1088], [207, 1088]], '그럴거 같더라', 0.4324037849588389), ([[1396, 1587], [1531, 1587], [1531, 1685], [1396, 1685]], '용내', 0.03994675226882382), ([[0, 1599], [284, 1599], [284, 1857], [0, 1857]], '광요', 0.21745692133099576), ([[1418, 1684], [1780, 1684], [1780, 1810], [1418, 1810]], '@어원다까다', 0.03731337171349104), ([[601, 1858], [789, 1858], [789, 1991], [601, 1991]], '터리', 0.10416400665170142), ([[1335, 1889], [1548, 1889], [1548, 2018], [1335, 2018]], '잘련)', 0.02299819203937658), ([[957, 2292], [1140, 2292], [1140, 2424], [957, 2424]], '떠', 0.01939545848282287), ([[169, 2482], [519, 2482], [519, 2751], [169, 2751]], '광', 0.0739971569340705)]
[]
[]
[]
[]
[]
[]
[]
[([[1349.017513475693, 2425.0166475329447], [1597.3200288466521, 2560.756926548182], [1475.982486524307, 2777.9833524670553], [1227.6799711533479, 2642.243073451818]], '76', 0.2269012625245288)]
[]
[([[504, 1629], [802, 1629], [802, 1925], [504, 1925]], '7', 0.7596662507093157), ([[971, 2780], [1145, 2780], [1145, 2871], [971, 2871]], '까~+', 0.003686041625062249)]
[([[1336, 443], [1552, 443], [1552, 569], [1336, 569]], '응0', 0.1218522950967462), ([[275, 977], [343, 977], [343, 1030], [275, 1030]], "아'", 0.5186582084326307), ([[362, 1023], [479, 1023], [479, 1111], [362, 1111]], '%', 0.008023884865562048), ([[1279, 1844], [1456, 1844], [1456, 1972], [1279, 1972]], '패끗', 0.006549454070292525), ([[1604.2330955828024, 2311.097860245222], [1799.406454105897, 2293.8965403688503], [1802.7669044171976, 2432.902139754778], [1607.593545894103, 2450.1034596311497]], '#릇', 0.159211243508605)]
[([[1391, 117], [1562, 117], [1562, 183], [1391, 183]], "'네드", 0.030335457970227773), ([[580, 1689], [805, 1689], [805, 1926], [580, 1926]], '~', 0.13532097180481006), ([[934, 2775], [1034, 2775], [1034, 2852], [934, 2852]], '사', 0.01062728760020093), ([[1095, 2809], [1137, 2809], [1137, 2869], [1095, 2869]], '"', 0.15555192464559298)]
[([[1391, 117], [1562, 117], [1562, 183], [1391, 183]], "'비느", 0.05214375658290952)]
[([[971, 2780], [1145, 2780], [1145, 2871], [971, 2871]], '까~+', 0.00707573766514312), ([[420.4452119921263, 1668.108980307878], [571.7244263807947, 1520.0087478350968], [839.5547880078736, 1844.891019692122], [687.2755736192053, 1993.9912521649032]], '~', 0.5892530425373934), ([[944.2269793174761, 1907.0428138572847], [1016.9459451369956, 1964.1317568578756], [980.7730206825239, 2010.9571861427153], [907.0540548630044, 1953.8682431421244]], '이:', 0.10903872015904395)]
[]
[([[909.540235122517, 90.9862116102653], [966.8286543626227, 47.28545511680406], [996.459764877483, 90.0137883897347], [939.1713456373773, 133.71454488319594]], '나', 0.2059260755363681)]
[([[909.540235122517, 90.9862116102653], [966.8286543626227, 47.28545511680406], [996.459764877483, 90.0137883897347], [939.1713456373773, 133.71454488319594]], '나', 0.20437512410702485)]
[]
[]
[]
[]
[([[1335, 442], [1554, 442], [1554, 567], [1335, 567]], '응0', 0.22251220964056634), ([[275, 977], [343, 977], [343, 1030], [275, 1030]], "아'", 0.3845340616338573), ([[362, 1023], [479, 1023], [479, 1111], [362, 1111]], '%', 0.008696297389655605), ([[1279, 1844], [1459, 1844], [1459, 1972], [1279, 1972]], '패끗', 0.004104455347616764), ([[1605.3074231265036, 2310.0897773891343], [1799.5810934211588, 2297.1148551690894], [1800.6925768734964, 2435.9102226108657], [1606.4189065788412, 2448.8851448309106]], '#릇', 0.011259735835128104)]
[]
[]
[]
[]
[]
[]
[]
[]
[]
[]
[]
[]
[]
[]
[]
[([[971, 2780], [1147, 2780], [1147, 2873], [971, 2873]], '까~사', 0.000987629588068902)]
[([[1393, 116], [1559, 116], [1559, 178], [1393, 178]], "'~비니", 0.09425682207091189)]
[([[1391, 117], [1562, 117], [1562, 183], [1391, 183]], "'비느", 0.05214375658290952)]
[([[974, 2783], [1145, 2783], [1145, 2871], [974, 2871]], '바~사', 0.0059275414469129265), ([[940.2435857346211, 1906.0409887585138], [1015.9481047208678, 1964.1492116668326], [978.7564142653789, 2011.9590112414862], [904.0518952791322, 1953.8507883331674]], '시:', 0.06638709708292392)]
[]
[([[909.540235122517, 90.9862116102653], [966.8286543626227, 47.28545511680406], [996.459764877483, 90.0137883897347], [939.1713456373773, 133.71454488319594]], '나', 0.24438697707120927)]
[([[232, 162], [345, 162], [345, 237], [232, 237]], '응내', 0.020079327928932668), ([[274, 235], [567, 235], [567, 302], [274, 302]], '그렇게 힘으로', 0.8883606771669854), ([[150, 295], [615, 295], [615, 368], [150, 368]], '움직이기만 해선 안돼:', 0.8141990677484227), ([[447, 384], [815, 384], [815, 450], [447, 450]], '금방 싸버리찮아?', 0.3804377977023482), ([[332, 445], [848, 445], [848, 509], [332, 509]], '더 기분좋이질 수 잇는데:', 0.16412140152219246), ([[792, 542], [852, 542], [852, 598], [792, 598]], '웃', 0.9110678978324813), ([[726, 602], [959, 602], [959, 664], [726, 664]], '죄송해요: ', 0.9321770368783794), ([[804, 736], [926, 736], [926, 816], [804, 816]], '해', 0.7193173987335655), ([[213, 859], [466, 859], [466, 925], [213, 925]], '이번엔 내가', 0.9954524467340101), ([[1464, 820], [1596, 820], [1596, 899], [1464, 899]], '하7', 0.19350869166706988), ([[170, 919], [502, 919], [502, 986], [170, 986]], '움직여출테니까', 0.7170379960066173), ([[339, 1003], [563, 1003], [563, 1064], [339, 1064]], "잘 느껴화'", 0.35139176441496844), ([[400, 1057], [582, 1057], [582, 1131], [400, 1131]], '알켓지?', 0.2755788266658783), ([[42, 2407], [275, 2407], [275, 2567], [42, 2567]], '단', 0.00748338886714045), ([[672.5894778719749, 2321.1621362526143], [938.1844387270421, 2277.918407244498], [951.4105221280251, 2430.8378637473857], [685.8155612729579, 2475.081592755502]], '7폐 0', 0.0049183857627213), ([[1370.0296342266174, 2413.0156976024814], [1595.6965903557448, 2570.7441192165334], [1447.9703657733826, 2781.9843023975186], [1222.3034096442552, 2624.2558807834666]], '76', 0.2512233546236267)]
[([[909.540235122517, 90.9862116102653], [966.8286543626227, 47.28545511680406], [996.459764877483, 90.0137883897347], [939.1713456373773, 133.71454488319594]], '나', 0.24438697707120927)]
[]
[]
[]
[]
[([[1130, 133], [1259, 133], [1259, 237], [1130, 237]], '/', 0.6754089158821444), ([[190, 203], [323, 203], [323, 305], [190, 305]], '%', 0.9399568422419726), ([[260, 307], [554, 307], [554, 371], [260, 371]], '이렇게 천천히', 0.7126139168234119), ([[240, 364], [494, 364], [494, 440], [240, 440]], '움직이면서:', 0.9865694708604349), ([[551, 400], [711, 400], [711, 487], [551, 487]], '(하}', 0.7836109474393707), ([[496, 505], [648, 505], [648, 567], [496, 567]], '안까지', 0.9994188599760317), ([[406, 562], [659, 562], [659, 628], [406, 628]], '느끼는거야', 0.8046452895499735), ([[788, 725], [935, 725], [935, 822], [788, 822]], "'", 0.08302694319532922), ([[1460, 819], [1596, 819], [1596, 900], [1460, 900]], '_아7', 0.04707352480095281), ([[87, 2604], [286, 2604], [286, 2752], [87, 2752]], '저례', 0.07518794197227961), ([[1895.9581210524973, 150.0388221034631], [2046.896855888122, 191.55288074290502], [2011.0418789475027, 311.9611778965369], [1860.103144111878, 270.447119257095]], ')', 0.018251955538780784), ([[711.7051348428977, 2434.1654304159943], [933.0166539749591, 2393.4359085934425], [948.2948651571023, 2534.8345695840057], [726.9833460250409, 2574.5640914065575]], '"째온', 0.0023186637302214535)]
[([[423, 342], [496, 342], [496, 397], [423, 397]], '응:', 0.6287182193031825), ([[1216, 289], [1278, 289], [1278, 396], [1216, 396]], '움', 0.5489761475022448), ([[1967, 295], [2118, 295], [2118, 392], [1967, 392]], "'응내", 0.13550866518597), ([[554, 401], [705, 401], [705, 480], [554, 480]], '하애 ', 0.0015953939473599436), ([[1453, 836], [1604, 836], [1604, 929], [1453, 929]], "'퓨튼", 0.0720305358646523), ([[1903, 879], [2065, 879], [2065, 972], [1903, 972]], '숙애', 0.002747428353527734), ([[255, 1738], [273, 1738], [273, 1762], [255, 1762]], '4', 0.14246565973155967), ([[1911, 2244], [2042, 2244], [2042, 2343], [1911, 2343]], '원', 0.7067277350577719), ([[971, 2780], [1046, 2780], [1046, 2849], [971, 2849]], '[', 0.015075426697298833), ([[1046, 2801], [1088, 2801], [1088, 2832], [1046, 2832]], '~', 0.7122513566977808), ([[1091, 2808], [1142, 2808], [1142, 2868], [1091, 2868]], '"', 0.07017881475945842), ([[129.6604847784945, 1792.1968601931176], [333.8382421736983, 1757.1381431638586], [346.3395152215055, 1878.8031398068824], [142.16175782630174, 1913.8618568361414]], '원', 0.2828476004659173), ([[99.15411312672401, 2393.094897329223], [349.4, 2367.2], [354.84588687327596, 2525.905102670777], [104.6, 2550.8]], '속부', 0.0011104614282621788), ([[773.9127277988578, 2619.136731271319], [1021.1019555529407, 2588.8163862946676], [1028.0872722011422, 2726.863268728681], [780.8980444470593, 2757.1836137053324]], '운플', 0.0014593272028949524)]
[([[330, 51], [414, 51], [414, 119], [330, 119]], '대', 0.7333385972231135), ([[388, 109], [572, 109], [572, 181], [388, 181]], '어때: ?-', 0.9233806391399356), ([[1389, 112], [1567, 112], [1567, 196], [1389, 196]], "'세니", 0.07526833585778557), ([[523, 195], [772, 195], [772, 259], [523, 259]], "'아까보다 더", 0.7866776231402608), ([[1883, 161], [2038, 161], [2038, 288], [1883, 288]], '햇%', 0.16347990405401874), ([[537, 256], [718, 256], [718, 320], [537, 320]], '쫓지:.?', 0.8142572452789731), ([[753, 278], [875, 278], [875, 362], [753, 362]], '형비', 0.0098572509859032), ([[850, 458], [954, 458], [954, 518], [850, 518]], '으웃', 0.5708549036757751), ([[871, 522], [946, 522], [946, 573], [871, 573]], "네'", 0.40961706544689813), ([[1100, 637], [1245, 637], [1245, 704], [1100, 704]], '하안내', 0.004384316155706287), ([[1911, 2244], [2039, 2244], [2039, 2343], [1911, 2343]], '원', 0.6761226204702417), ([[671, 2408], [912, 2408], [912, 2534], [671, 2534]], '7리)', 0.05073768261755451), ([[1091, 2808], [1140, 2808], [1140, 2870], [1091, 2870]], '"', 0.1010382050661498), ([[1737.2484431729292, 870.1403476721608], [1895.1728076125105, 859.9287892061081], [1895.7515568270708, 953.8596523278392], [1737.8271923874895, 964.0712107938919]], '@', 0.283008658308038), ([[107.34998503325247, 1817.5449895232766], [316.57663297550533, 1732.2305902530668], [357.6500149667475, 1839.4550104767234], [148.42336702449467, 1923.7694097469332]], '원', 0.28637722014511624), ([[495.71914223619086, 1917.1744245352406], [721.0300080193554, 1884.0401502772509], [730.2808577638091, 2011.8255754647594], [504.96999198064464, 2044.9598497227491]], '7리0', 0.09189919715786787), ([[97.26748712738153, 2365.1003892954814], [322.4711046718716, 2348.6650405961864], [323.7325128726185, 2480.8996107045186], [98.5288953281284, 2498.3349594038136]], '7달;', 0.0011542306215706856)]
[([[1392, 116], [1562, 116], [1562, 189], [1392, 189]], '"네', 0.054986509167083954), ([[500, 205], [643, 205], [643, 262], [500, 262]], '좋아 ', 0.9814149472639123), ([[667, 258], [815, 258], [815, 320], [667, 320]], '이대로', 0.9999321383503018), ([[577, 316], [860, 316], [860, 383], [577, 383]], '계속 하자 .?', 0.40679980456257075), ([[1088, 257], [1229, 257], [1229, 385], [1088, 385]], '다)', 0.09639134531536156), ([[1842, 270], [1998, 270], [1998, 380], [1842, 380]], '@)', 0.6053353717672895), ([[1099, 630], [1248, 630], [1248, 707], [1099, 707]], '하아%', 0.23892209674643713), ([[0, 1960], [233, 1960], [233, 2283], [0, 2283]], '퍽', 0.9806583197128163), ([[1909, 2244], [2042, 2244], [2042, 2343], [1909, 2343]], '원', 0.2533083213226206), ([[1008, 2431], [1488, 2431], [1488, 2760], [1008, 2760]], '퍽', 0.0806947236218356), ([[474.2274126640244, 56.0248962923785], [673.99887424363, 143.8356318596763], [630.7725873359756, 234.97510370762149], [431.00112575637, 147.1643681403237]], "'및사도", 0.04830805957317352), ([[42.48888931827066, 640.1666698870299], [309.66095387602604, 592.9146191021947], [325.51111068172935, 752.8333301129701], [58.33904612397394, 800.0853808978053]], '기본_', 0.012105737082750319), ([[119.44390348165174, 1810.4214648743125], [314.5990782462699, 1737.2503408616235], [350.5560965183482, 1845.5785351256875], [155.40092175373007, 1917.7496591383765]], '원 -', 0.7089724301681992), ([[29.942976174048827, 2621.081499793015], [355.8839131490466, 2578.247985259045], [368.05702382595115, 2798.918500206985], [43.11608685095344, 2841.752014740955]], '제니모', 0.0028074975779589736), ([[742.202748732204, 2609.073534532889], [1041.0683440795906, 2588.4487075477655], [1040.797251267796, 2774.926465467111], [742.9316559204094, 2795.5512924522345]], '2내', 0.0008737926717209978)]
[([[1491, 204], [1620, 204], [1620, 270], [1491, 270]], '아차', 0.04477062641083661), ([[1390, 271], [1710, 271], [1710, 340], [1390, 340]], '엄청 움질거려', 0.8940155611164807), ([[1575, 358], [1990, 358], [1990, 431], [1575, 431]], '벌써부터 싸버리면', 0.45787007474423347), ([[1632, 426], [1881, 426], [1881, 495], [1632, 495]], '안되다  .?<', 0.2917056168162629), ([[1898, 492], [2020, 492], [2020, 580], [1898, 580]], '%)', 0.20008397900803396), ([[1851, 1533], [2106, 1533], [2106, 1673], [1851, 1673]], '스유-비', 0.030331511050462723), ([[1548.4310709188944, 1000.1553545944727], [1673.6377768816, 991.5345864614691], [1675.5689290811056, 1065.8446454055274], [1550.3622231184, 1074.465413538531]], '빠이', 0.027187639883266505), ([[1223.9889331450215, 1482.3535192090903], [1487.0748490525557, 1438.1920841321953], [1497.0110668549785, 1549.6464807909097], [1233.9251509474443, 1593.8079158678047]], '1 원빛;', 0.06210632427563136)]
[([[894, 243], [975, 243], [975, 325], [894, 325]], '응', 0.998927404163851), ([[698, 496], [952, 496], [952, 664], [698, 664]], '(부앗', 0.028060504591825998), ([[89, 1839], [230, 1839], [230, 1960], [89, 1960]], '원', 0.9230809609944721), ([[106, 2352], [352, 2352], [352, 2525], [106, 2525]], '장초', 0.0015457161136528254), ([[703, 2544], [1013, 2544], [1013, 2718], [703, 2718]], '임리', 0.018139816123601292), ([[973, 2780], [1046, 2780], [1046, 2849], [973, 2849]], '끝', 0.004699944994440708), ([[1048, 2803], [1088, 2803], [1088, 2830], [1048, 2830]], '~', 0.019482072080102775), ([[227.30843677664302, 344.0843677664302], [451.48235460603524, 325.6449956891791], [454.691563223357, 477.9156322335698], [230.51764539396473, 495.3550043108209]], '#릇', 0.07308947999385805), ([[944.235372136918, 1907.041886445954], [1017.9282107439396, 1965.0000520575757], [980.764627863082, 2011.958113554046], [907.0717892560604, 1952.9999479424243]], '이:', 0.08885324966986531), ([[1731.400519844052, 2117.2625472358545], [1948.5283152813458, 2080.374085147566], [1959.599480155948, 2191.7374527641455], [1742.4716847186542, 2229.625914852434]], '쨌나', 0.03223324688656906)]
[([[1442, 135], [1495, 135], [1495, 184], [1442, 184]], '우', 0.20619640114682003), ([[1385, 197], [1598, 197], [1598, 259], [1385, 259]], '자잠깐: .', 0.5453000689218234), ([[1581, 287], [1703, 287], [1703, 347], [1581, 347]], '좀만:', 0.8200152786615739), ([[1536, 348], [1769, 348], [1769, 414], [1536, 414]], '쉬없다가 ', 0.5633349029369533), ([[1355, 543], [1517, 543], [1517, 629], [1355, 629]], '(하없}', 0.03884061053395271), ([[1925, 674], [2052, 674], [2052, 743], [1925, 743]], '흐응:', 0.5547264584933254), ([[1905, 742], [2050, 742], [2050, 810], [1905, 810]], '그래?', 0.8359339237213135), ([[2004, 841], [2169, 841], [2169, 907], [2004, 907]], '이래는', 0.9242837634493223), ([[1862, 906], [2223, 906], [2223, 974], [1862, 974]], '아난 것 같은데:', 0.22788078185558755), ([[1857, 979], [1985, 979], [1985, 1076], [1857, 1076]], '%', 0.805981532650609), ([[1664, 2307], [1852, 2307], [1852, 2428], [1664, 2428]], '휴', 0.022838846370559773), ([[1815, 2704], [1883, 2704], [1883, 2790], [1815, 2790]], '0', 0.780249753779799), ([[139.01299719785837, 764.2506890716477], [255.29054671057938, 748.0574275845448], [260.9870028021416, 818.7493109283523], [144.70945328942062, 834.9425724154552]], '힘', 0.003531367385450901), ([[58.0474406941575, 2120.1368289285183], [268.6389633997676, 2100.219605988199], [271.9525593058425, 2218.8631710714817], [61.36103660023244, 2238.780394011801]], '운', 0.19191741380134264), ([[521.200559832056, 2247.2827431770743], [772.4065898036978, 2200.882752372252], [785.799440167944, 2323.7172568229257], [534.5934101963022, 2370.117247627748]], '댁임', 0.005096189143657353), ([[1068.2522791700983, 2340.095740447895], [1288.1109013778187, 2324.829162248676], [1288.7477208299017, 2462.904259552105], [1068.8890986221813, 2478.170837751324]], '부릇%', 0.008447186233065807), ([[1920.1621014199602, 2565.1130215016783], [2125.778408150017, 2541.7118838588435], [2132.8378985800396, 2675.8869784983217], [1927.2215918499828, 2698.2881161411565]], '팬쓰', 0.00842687043963545), ([[1606.0259943957167, 2723.5013781432954], [1832.378172497271, 2660.751124917471], [1858.9740056042833, 2793.4986218567046], [1633.621827502729, 2857.248875082529]], '움질:', 0.01814144431192279)]
[([[764, 96], [877, 96], [877, 187], [764, 187]], '0', 0.03323563758581205), ([[177, 172], [376, 172], [376, 241], [177, 241]], '오욕:  끓', 0.10261548361878027), ([[386, 316], [495, 316], [495, 380], [386, 380]], '아차', 0.03968254564867882), ([[559, 302], [667, 302], [667, 404], [559, 404]], "'용", 0.6113570379051265), ([[334, 379], [513, 379], [513, 443], [334, 443]], '이것 화-', 0.34171849262969584), ([[535, 442], [641, 442], [641, 506], [535, 506]], '아직', 0.999309788701789), ([[402, 503], [731, 503], [731, 572], [402, 572]], '더 활수있집아?', 0.4131125229110448), ([[347, 558], [440, 558], [440, 636], [347, 636]], '햇', 0.06283934157247373), ([[1970, 672], [2138, 672], [2138, 736], [1970, 736]], '나도 곧', 0.996908938089916), ([[1871, 733], [2234, 733], [2234, 801], [1871, 801]], '갈 것 갈으니까 -', 0.5508337459249302), ([[2058, 811], [2221, 811], [2221, 875], [2058, 875]], '좀만 더', 0.7386759129233318), ([[2027, 868], [2209, 868], [2209, 941], [2027, 941]], '힘내자?', 0.9970049262046814), ([[20, 2217], [251, 2217], [251, 2356], [20, 2356]], '운%', 0.027110123199954282), ([[712.2420936151634, 775.1557242449152], [829.7706387848083, 766.7057825843053], [831.7579063848366, 850.8442757550848], [714.2293612151917, 860.2942174156947]], '@', 0.9938134567985948), ([[467.26297068342905, 2280.209309442289], [744.1621989695176, 2227.889999084258], [760.7370293165709, 2380.790690557711], [483.83780103048235, 2432.110000915742]], '저', 0.6444336737895959), ([[1558.0109890941571, 2435.1043963944935], [1796.339056060029, 2402.534388450327], [1807.9890109058429, 2567.8956036055065], [1568.660943939971, 2600.465611549673]], '동스', 0.0007078939369162903), ([[1903.3696162031142, 2647.2176972186858], [2181.0456102470043, 2599.7365204548582], [2194.630383796886, 2738.7823027813142], [1916.9543897529957, 2787.2634795451418]], '음&', 0.07036768513835355)]
[([[368, 404], [477, 404], [477, 468], [368, 468]], '어때,', 0.836045832496498), ([[312, 465], [495, 465], [495, 529], [312, 529]], '좋아?', 0.9832078957869685), ([[1627, 409], [1829, 409], [1829, 544], [1627, 544]], '양*', 0.029366915082160872), ([[445, 553], [747, 553], [747, 621], [445, 621]], '움직여 주니까', 0.9706137815808258), ([[451, 616], [725, 616], [725, 684], [451, 684]], '훨씬 쫓지?~', 0.8198455920488295), ([[1634, 621], [1781, 621], [1781, 701], [1634, 701]], '해하내', 0.013269653940586369), ([[222, 715], [392, 715], [392, 779], [222, 779]], '크웃: !', 0.2277232212717429), ([[213, 780], [401, 780], [401, 844], [213, 844]], '잠깐  끓!', 0.14110338700656153), ([[391, 865], [506, 865], [506, 932], [391, 932]], '아직', 0.999861508264801), ([[331, 932], [568, 932], [568, 1005], [331, 1005]], '민김해: !', 0.7431381976161274), ([[769.1753137889527, 74.1395396281926], [905.981940755308, 60.04231564661313], [910.8246862110473, 162.8604603718074], [774.018059244692, 176.95768435338687]], '잇비', 0.00409187227915451), ([[707.3003734571489, 780.1619419771741], [828.1004920936938, 768.4698090424116], [831.6996265428511, 849.8380580228259], [709.8995079063062, 860.5301909575884]], '맨어노', 0.0003423895504005673), ([[2178.1934449912915, 832.1023159233645], [2365.01748815326, 812.4368575468161], [2370.8065550087085, 951.8976840766355], [2183.98251184674, 971.5631424531839]], '언리', 0.0038367006743430954), ([[26.173636824000578, 2232.1196398624043], [241.72409261551445, 2214.3484869246117], [243.82636317599943, 2335.8803601375957], [28.275907384485542, 2353.6515130753883]], '울', 0.13617317603770918), ([[468.34286587945155, 2278.1972013923255], [745.2149075141097, 2227.9575181971936], [760.6571341205484, 2380.8027986076745], [483.7850924858903, 2431.0424818028064]], '제계-', 0.004825514644108391), ([[1559.2154707026823, 2430.0839894484325], [1798.7659750069945, 2407.0431617016534], [1803.7845292973177, 2573.9160105515675], [1564.2340249930055, 2596.9568382983466]], "'니", 0.018717938038277267), ([[1903.3262683182795, 2648.2249830778487], [2182.082051634813, 2599.7880553071523], [2194.6737316817207, 2738.7750169221513], [1915.917948365187, 2787.2119446928477]], '움&', 0.057220244014289844)]
[([[589, 197], [695, 197], [695, 261], [589, 261]], '안에', 0.9888307300468503), ([[391, 260], [740, 260], [740, 326], [391, 326]], '잔뜩 싸으니까 .', 0.5080341374214891), ([[573, 328], [871, 328], [871, 396], [573, 396]], '남은것도 전부', 0.934770430560057), ([[558, 389], [836, 389], [836, 462], [558, 462]], '싸버리자  .?', 0.3111165656312828), ([[1936, 340], [2145, 340], [2145, 444], [1936, 444]], '히애', 0.05154280362988851), ([[512, 448], [638, 448], [638, 525], [512, 525]], '잇5', 0.13343162181947668), ([[782, 472], [965, 472], [965, 540], [782, 540]], '알켓지?', 0.3519810438156128), ([[1084, 609], [1219, 609], [1219, 726], [1084, 726]], '667', 0.40670094609395596), ([[1938, 675], [2058, 675], [2058, 750], [1938, 750]], '해', 0.003786541194045881), ([[297, 968], [375, 968], [375, 1025], [297, 1025]], "욕'", 0.3803572403336167), ([[244, 1032], [461, 1032], [461, 1096], [244, 1096]], '나와요: !', 0.7442954691063699), ([[412, 1143], [463, 1143], [463, 1201], [412, 1201]], '응', 0.9998064134836113), ([[519, 1210], [623, 1210], [623, 1271], [519, 1271]], '전부', 0.9998816537005948), ([[440, 1270], [650, 1270], [650, 1334], [440, 1334]], '안에 싸쥐', 0.8509115373639535), ([[478, 2265], [698, 2265], [698, 2410], [478, 2410]], '두[', 0.02858604448486625), ([[1485, 2713], [1518, 2713], [1518, 2758], [1485, 2758]], '4', 0.9993268192638425), ([[1096.1538461538462, 153.76923076923077], [1232.8349952887415, 112.7004904683342], [1252.8461538461538, 196.23076923076923], [1116.1650047112585, 237.2995095316658]], '아하>', 0.004029343170112372), ([[413.1086320966536, 152.03617478883928], [602.8838795386554, 208.40589643120703], [572.8913679033463, 296.9638252111607], [383.1161204613446, 240.59410356879297]], '{어차피', 0.372269868850708), ([[814.164411712992, 254.18917622236157], [921.6560755764807, 239.94222335174226], [926.835588287008, 319.81082377763846], [819.3439244235193, 333.05777664825774]], '음', 0.08737983396941562), ([[879.3005628453517, 784.1825890886176], [998.3849452517524, 771.1799923099517], [1002.6994371546483, 845.8174109113824], [883.6150547482476, 857.8200076900483]], '스의', 0.018502655292765815), ([[-0.6847634693327898, 2083.054642572275], [226.6538428644574, 2057.0337905989654], [239.68476346933278, 2288.945357427725], [12.346157135542594, 2313.9662094010346]], '원', 0.11733667052887942), ([[1555.8054836946833, 2438.127159774276], [1793.717775897193, 2394.8537980985234], [1812.1945163053167, 2561.872840225724], [1574.282224102807, 2605.1462019014766]], '저', 0.6236660552249305), ([[1892.0582579729273, 2606.2912898646364], [2095.507015747236, 2554.2947386726273], [2119.941742027073, 2685.7087101353636], [1915.492984252764, 2737.7052613273727]], '흉질노', 0.06646820552729561)]
[([[44, 292], [299, 292], [299, 468], [44, 468]], '(훨)', 0.022979747740747045), ([[792, 181], [1247, 181], [1247, 422], [792, 422]], '아7', 0.374690033979149), ([[1955, 318], [2204, 318], [2204, 514], [1955, 514]], '(', 0.38919810365201), ([[592, 432], [866, 432], [866, 606], [592, 606]], '#%', 0.1674036498353416), ([[1942, 675], [2055, 675], [2055, 750], [1942, 750]], '히니', 0.04317669415552737), ([[714, 1949], [966, 1949], [966, 2156], [714, 2156]], '#칙', 0.027477462446969487), ([[1572, 1952], [1832, 1952], [1832, 2132], [1572, 2132]], '#탓)', 0.021039312480584674), ([[112, 2089], [180, 2089], [180, 2178], [112, 2178]], '예', 0.011233553186601464), ([[878.2349547837564, 777.1747739187817], [1029.5835476573332, 764.1533717979449], [1031.7650452162436, 844.8252260812183], [881.4164523426667, 858.8466282020551]], '딱하니', 0.0072700056609660635), ([[14.149707918725749, 2175.1228093904433], [232.70467075171888, 2156.3188098191845], [234.85029208127426, 2277.8771906095567], [17.29532924828112, 2297.6811901808155]], '울', 0.26550058763247364), ([[1892.0582579729273, 2606.2912898646364], [2095.507015747236, 2554.2947386726273], [2119.941742027073, 2685.7087101353636], [1915.492984252764, 2737.7052613273727]], '흉질노', 0.05123165640987202)]
[([[1241, 147], [1362, 147], [1362, 284], [1241, 284]], '온용', 0.10042396283473783), ([[1560, 165], [1770, 165], [1770, 300], [1560, 300]], '아마느', 0.14558517430610501), ([[107, 377], [284, 377], [284, 500], [107, 500]], '올비', 0.00860851641166756), ([[2143, 601], [2287, 601], [2287, 703], [2143, 703]], '리비', 0.0014698420067663753), ([[1203, 677], [1318, 677], [1318, 765], [1203, 765]], '옛', 0.0772625250630341), ([[1941, 672], [2077, 672], [2077, 756], [1941, 756]], '해번', 0.03538723388483244), ([[112, 2089], [178, 2089], [178, 2174], [112, 2174]], '달', 0.012159547061172171), ([[7, 2158], [245, 2158], [245, 2299], [7, 2299]], '울내', 0.10292021200786108), ([[1439, 2269], [1692, 2269], [1692, 2441], [1439, 2441]], '(탓', 0.10711248949143526), ([[436.00294551449844, 54.03829168847944], [721.754411188829, 101.48504568107597], [696.9970544855016, 209.96170831152057], [412.24558881117105, 162.51495431892403]], '하 0', 0.10011184910039207), ([[884.3005628453517, 782.1825890886176], [1028.8458558686448, 769.8606452887265], [1030.6994371546484, 843.8174109113824], [886.1541441313552, 856.1393547112735]], '딱하7', 0.04956199077779891), ([[782.388245425324, 2253.076576965903], [981.0409891444926, 2240.09437749905], [982.611754574676, 2391.923423034097], [783.9590108555074, 2404.90562250095]], '담앗', 0.007741469850616139), ([[1893.0582579729273, 2606.2912898646364], [2095.4732010094563, 2554.2616546611907], [2119.941742027073, 2685.7087101353636], [1916.526798990544, 2737.7383453388093]], '월질노', 0.01047873577106637)]
[([[361, 269], [500, 269], [500, 329], [361, 329]], '와아', 0.44286312517974585), ([[283, 327], [643, 327], [643, 400], [283, 400]], '그렇게 셋는데도,', 0.24255096236068685), ([[618, 402], [769, 402], [769, 466], [618, 466]], '아직도', 0.995562969999398), ([[571, 463], [752, 463], [752, 524], [571, 524]], '딱딱해:-', 0.3993043972301675), ([[1958, 678], [2100, 678], [2100, 757], [1958, 757]], '해내;', 0.06246775683633476), ([[470, 807], [569, 807], [569, 893], [470, 893]], '%', 0.164364124141688), ([[159, 865], [459, 865], [459, 929], [159, 929]], '더 못할때까지', 0.9847557650678219), ([[132, 926], [459, 926], [459, 992], [132, 992]], '짜내줄 테니까이', 0.21001625968664023), ([[349, 1002], [638, 1002], [638, 1074], [349, 1074]], '같이 힘내자?', 0.9940304334925585), ([[32, 2190], [263, 2190], [263, 2326], [32, 2326]], '운%', 0.05461247397175834), ([[734, 2521], [946, 2521], [946, 2649], [734, 2649]], '울0', 0.21339387262020454), ([[854.2720052199187, 838.1504297535369], [971.7706387848083, 829.7057825843053], [972.7279947800813, 914.8495702464631], [856.2293612151917, 923.2942174156947]], '예야', 0.029484036791181927), ([[1916.1826005108053, 2631.4938819410604], [2182.7542427563826, 2567.6813210580026], [2203.8173994891945, 2698.5061180589396], [1937.2457572436172, 2762.3186789419974]], '움질다', 0.029685351930073788), ([[1366.116297203758, 2606.1187479096875], [1597.5653841772196, 2585.8078622766166], [1599.883702796242, 2714.8812520903125], [1368.4346158227804, 2735.1921377233834]], '뜰렉0', 0.024208461180707255)]
[([[1527, 220], [1818, 220], [1818, 288], [1527, 288]], '가슴 느낌은:', 0.7061622515846097), ([[1617, 283], [1764, 283], [1764, 356], [1617, 356]], '어때?', 0.9999782511688158), ([[1826, 370], [2005, 370], [2005, 437], [1826, 437]], '어, 엄청', 0.9638396784833532), ([[1770, 433], [2057, 433], [2057, 497], [1770, 497]], '부드러워요"', 0.8589475470607547), ([[1498, 1687], [1682, 1687], [1682, 1824], [1498, 1824]], '옆', 0.855273632128629), ([[1415.308436776643, 2428.08436776643], [1652.9892473102416, 2413.3407578095953], [1652.691563223357, 2561.91563223357], [1415.0107526897584, 2577.6592421904047]], '움', 0.55221894048465)]
[([[1491, 204], [1620, 204], [1620, 270], [1491, 270]], '아차', 0.058741064427925406), ([[1390, 271], [1751, 271], [1751, 340], [1390, 340]], '엄청 움질거려9', 0.8084043939295084), ([[1575, 358], [1990, 358], [1990, 431], [1575, 431]], '벌써부터 싸버리면', 0.6619734305345824), ([[1632, 426], [1883, 426], [1883, 495], [1632, 495]], '안되다  .?<', 0.3457798903338269), ([[1898, 492], [2020, 492], [2020, 580], [1898, 580]], '%)', 0.18641821897204572), ([[1544, 992], [1680, 992], [1680, 1072], [1544, 1072]], '(흰아다', 0.0104203587397933), ([[1851, 1533], [2106, 1533], [2106, 1673], [1851, 1673]], '스유-비', 0.020492728799581528), ([[1221.1799040483575, 1482.3095682176086], [1489.0634681663958, 1438.1736047483942], [1499.8200959516425, 1552.6904317823914], [1231.9365318336042, 1596.8263952516058]], '1 /질;', 0.11519230886193176)]
[([[1463, 198], [1627, 198], [1627, 273], [1463, 273]], "뛰야 '", 0.33092519640922546), ([[1395, 269], [1745, 269], [1745, 343], [1395, 343]], '왜 대답이 없어', 0.6672583600475245), ([[1686, 349], [1878, 349], [1878, 422], [1686, 422]], '진짜로?', 0.9984642863273621), ([[1710, 414], [1853, 414], [1853, 487], [1710, 487]], '벌써?', 0.9998868517103066), ([[1889, 487], [2174, 487], [2174, 551], [1889, 551]], '웃 아뇨 그  .', 0.33023226054301374), ([[1954, 548], [2106, 548], [2106, 610], [1954, 610]], '사실:', 0.9499121138739075), ([[1756, 712], [2012, 712], [2012, 776], [1756, 776]], '이대로 한번', 0.9431375772222896), ([[1691, 773], [2012, 773], [2012, 842], [1691, 842]], '해 보고 싶어서', 0.9944043830821377), ([[1850, 1533], [2106, 1533], [2106, 1673], [1850, 1673]], '스유-박', 0.033943261951208115), ([[708, 2637], [1047, 2637], [1047, 2813], [708, 2813]], '스유-7', 0.026000769984714726), ([[1471.8306954218135, 1156.2381293981605], [1630.19797903241, 1135.2734705288312], [1635.1693045781865, 1220.7618706018395], [1477.80202096759, 1241.7265294711688]], '하', 0.15084577710866043), ([[344.44865227487725, 1349.1740700094597], [440.4530817968404, 1340.6109341635188], [443.55134772512275, 1406.8259299905403], [347.5469182031596, 1415.3890658364812]], '엄쇄', 0.007435859489398871), ([[1222.0553245694164, 1483.3378956484905], [1488.9947183197655, 1437.0634180557704], [1499.9446754305836, 1551.6621043515095], [1234.0052816802345, 1597.9365819442296]], '1 /질;', 0.06989043881131826)]
[([[1463, 198], [1629, 198], [1629, 275], [1463, 275]], '뛰야  ', 0.24689139425754547), ([[1395, 269], [1745, 269], [1745, 343], [1395, 343]], '왜 대답이 없어', 0.9444815956902174), ([[1686, 349], [1878, 349], [1878, 422], [1686, 422]], '진짜로?', 0.8270390756006616), ([[1710, 414], [1853, 414], [1853, 487], [1710, 487]], '벌써?', 0.9998842363808275), ([[1889, 487], [2174, 487], [2174, 551], [1889, 551]], '웃 아뇨 그  .', 0.2895731157577085), ([[1954, 548], [2106, 548], [2106, 610], [1954, 610]], '사실:', 0.9662438004517879), ([[1756, 712], [2012, 712], [2012, 776], [1756, 776]], '이대로 한번', 0.8923446161462047), ([[1691, 773], [2012, 773], [2012, 842], [1691, 842]], '해 보고 싶어서', 0.9965982254592358), ([[1854, 1539], [2101, 1539], [2101, 1671], [1854, 1671]], '스옥비', 0.016734867622694622), ([[705, 2631], [1050, 2631], [1050, 2818], [705, 2818]], '스욕%', 0.08354988239721056), ([[1473.0388386486181, 1154.1941932430907], [1630.2545610783632, 1136.3553369096487], [1633.9611613513819, 1223.8058067569093], [1477.7454389216368, 1240.6446630903513]], '하', 0.050784177238981876), ([[1227.2384146236964, 1480.2967072690035], [1487.1559957915388, 1440.325888980608], [1496.7615853763036, 1551.7032927309965], [1235.8440042084612, 1590.674111019392]], '{ 은빛"', 0.05323388768995888)]
[([[1534, 251], [1600, 251], [1600, 317], [1534, 317]], '흥', 0.42928267207776116), ([[1556, 319], [1674, 319], [1674, 387], [1556, 387]], '좋아', 0.9983661050334288), ([[1663, 404], [2042, 404], [2042, 480], [1663, 480]], '대신 이번만이야', 0.9987979295727344), ([[1755, 471], [1950, 471], [1950, 548], [1755, 548]], '알켓어?', 0.29803141951560974), ([[1849, 674], [1973, 674], [1973, 736], [1849, 736]], '오옷;', 0.21145986020565033), ([[1867, 737], [1987, 737], [1987, 799], [1867, 799]], '법:!', 0.8862267342121973), ([[1475, 1147], [1627, 1147], [1627, 1231], [1475, 1231]], '몸', 0.06300038014707443), ([[349, 1341], [467, 1341], [467, 1414], [349, 1414]], '히*내', 0.003790691527745434), ([[1851, 1533], [2106, 1533], [2106, 1673], [1851, 1673]], '스유-비', 0.01960599794983864), ([[702, 2619], [1054, 2619], [1054, 2827], [702, 2827]], '스욕-%', 0.08535715937614441), ([[1221.1799040483575, 1482.3095682176086], [1489.0634681663958, 1438.1736047483942], [1499.8200959516425, 1552.6904317823914], [1231.9365318336042, 1596.8263952516058]], '1 /;', 0.17833653839885497)]
[([[744, 177], [799, 177], [799, 219], [744, 219]], '걸', 0.017449929961373067), ([[501, 166], [659, 166], [659, 279], [501, 279]], '옛', 0.5333885986628708), ([[1466, 292], [1683, 292], [1683, 365], [1466, 365]], '자아  내', 0.06396235216855473), ([[1686, 350], [1830, 350], [1830, 473], [1686, 473]], '%', 0.6292259321787732), ([[1453, 1356], [1705, 1356], [1705, 1533], [1453, 1533]], '#모', 0.0024799861047259284), ([[818, 1583], [1082, 1583], [1082, 1755], [818, 1755]], '부얹모', 0.04124378551520961)]
[([[1540, 1322], [1787, 1322], [1787, 1450], [1540, 1450]], '울애', 0.008061746457252047), ([[909, 1601], [1162, 1601], [1162, 1758], [909, 1758]], '-로내', 0.0017982168423555126), ([[1535.9642176806276, 486.1387890685809], [1725.4041198223351, 460.2559735695237], [1734.0357823193724, 588.8612109314191], [1544.5958801776649, 614.7440264304763]], '응', 0.6053858336513827)]
[([[1665, 268], [1839, 268], [1839, 341], [1665, 341]], '어때 ', 0.7360199028819081), ([[1622, 332], [1888, 332], [1888, 418], [1622, 418]], '만족햇어?', 0.6841778083708874)]
[([[113, 185], [219, 185], [219, 264], [113, 264]], '%', 0.7471543335278774), ([[188, 247], [493, 247], [493, 309], [188, 309]], '그렇게 힘으로만', 0.9553162137301349), ([[176, 304], [465, 304], [465, 361], [176, 361]], '밀어 붙여서논:-', 0.3862496022850928), ([[1312, 457], [1430, 457], [1430, 510], [1312, 510]], "'앉", 0.028522270253982348), ([[1451, 626], [1543, 626], [1543, 681], [1451, 681]], '금방', 0.99973608663583), ([[1377, 677], [1612, 677], [1612, 732], [1377, 732]], '싸버길결:.?', 0.18900066790538989), ([[1584, 718], [1680, 718], [1680, 793], [1584, 793]], '(%', 0.8749066947413211), ([[0, 1595], [287, 1595], [287, 1860], [0, 1860]], '광', 0.2988894283903143), ([[601, 1858], [789, 1858], [789, 1991], [601, 1991]], '터리', 0.17246996963839464), ([[1333, 1885], [1551, 1885], [1551, 2020], [1333, 2020]], "'잘_", 0.03238609640348995), ([[958, 2295], [1140, 2295], [1140, 2423], [958, 2423]], '떠', 0.013141189631960482), ([[171, 2484], [519, 2484], [519, 2751], [171, 2751]], '광', 0.14297135764378766), ([[552.0129971978583, 452.2506890716476], [671.5568446481046, 438.4165746149172], [674.9870028021417, 506.7493109283524], [555.4431553518954, 519.5834253850828]], '헤', 0.022955325322876696)]
[([[122, 207], [228, 207], [228, 285], [122, 285]], '영', 0.05480706544869762), ([[212, 275], [265, 275], [265, 325], [212, 325]], "웃'", 0.5658991068759035), ([[171, 324], [337, 324], [337, 377], [171, 377]], '저저기: .', 0.8977835113916006), ([[347, 347], [429, 347], [429, 402], [347, 402]], '왜?', 0.9994339304688308), ([[470, 405], [559, 405], [559, 458], [470, 458]], '벌써', 0.999914527261138), ([[400, 439], [673, 439], [673, 527], [400, 527]], '쌀것 같이8&싹', 0.0253338139069243), ([[1301, 450], [1437, 450], [1437, 523], [1301, 523]], '망육', 0.0017277790021080414), ([[160, 860], [250, 860], [250, 916], [160, 916]], '으옷', 0.335699619962755), ([[183, 921], [243, 921], [243, 961], [183, 961]], '네:', 0.4408065546690521), ([[275, 977], [370, 977], [370, 1030], [275, 1030]], '아차', 0.05297070965343284), ([[207, 1031], [480, 1031], [480, 1088], [207, 1088]], '그럴거 같더라', 0.3198168281687771), ([[1396, 1587], [1531, 1587], [1531, 1685], [1396, 1685]], '용내', 0.032407925481684766), ([[0, 1601], [282, 1601], [282, 1857], [0, 1857]], '광남', 0.016154980462536772), ([[1418, 1684], [1780, 1684], [1780, 1810], [1418, 1810]], '@어찌원까 ', 0.0333571375777451), ([[601, 1858], [791, 1858], [791, 1991], [601, 1991]], '터리', 0.17172896055624018), ([[1334, 1887], [1551, 1887], [1551, 2020], [1334, 2020]], '잘_,', 0.007485201163326894), ([[957, 2292], [1140, 2292], [1140, 2424], [957, 2424]], '떠', 0.016090429542457096), ([[169, 2484], [519, 2484], [519, 2751], [169, 2751]], '평', 0.18461009083035052)]
[]
[([[232, 162], [345, 162], [345, 237], [232, 237]], '응내', 0.019440877505571465), ([[274, 235], [567, 235], [567, 302], [274, 302]], '그렇게 힘으로', 0.8884992662881437), ([[150, 295], [615, 295], [615, 368], [150, 368]], '움직이기만 해선 안돼:', 0.843713203935258), ([[447, 384], [815, 384], [815, 450], [447, 450]], '금방 싸버리찮아?', 0.5851778540129587), ([[332, 445], [833, 445], [833, 509], [332, 509]], '더 기분좋아질 수 잇는데', 0.18738051790811908), ([[792, 542], [852, 542], [852, 598], [792, 598]], '웃', 0.9005317678157923), ([[726, 602], [952, 602], [952, 662], [726, 662]], "죄송해요: '", 0.40247183280254795), ([[800, 735], [927, 735], [927, 819], [800, 819]], '해`', 0.16346361284985342), ([[213, 859], [466, 859], [466, 923], [213, 923]], '이번엔 내가', 0.9959250312581316), ([[1465, 823], [1594, 823], [1594, 898], [1465, 898]], '하아니', 0.5503119980523714), ([[170, 919], [502, 919], [502, 986], [170, 986]], '움직여출테니까', 0.6573077258367532), ([[339, 1003], [563, 1003], [563, 1067], [339, 1067]], '잘 느껴화', 0.7722361583684244), ([[400, 1057], [582, 1057], [582, 1131], [400, 1131]], '알켓지?', 0.28664103150367737), ([[43, 2406], [275, 2406], [275, 2567], [43, 2567]], '~', 0.11928259470153169), ([[672.5894778719749, 2321.1621362526143], [938.1844387270421, 2277.918407244498], [951.4105221280251, 2430.8378637473857], [685.8155612729579, 2475.081592755502]], '주폐0', 0.0031077475807239287), ([[1359.017513475693, 2418.0166475329447], [1599.4154202607895, 2557.206564801198], [1472.982486524307, 2770.9833524670553], [1233.5845797392105, 2631.793435198802]], '76', 0.4104798892328804)]
[([[1124, 130], [1263, 130], [1263, 240], [1124, 240]], '/', 0.4459829641497812), ([[190, 203], [323, 203], [323, 305], [190, 305]], '%', 0.9270544777385261), ([[260, 307], [554, 307], [554, 371], [260, 371]], '이렇게 천천히', 0.6898328029556862), ([[238, 364], [496, 364], [496, 440], [238, 440]], '움직이면서:', 0.9545708529734245), ([[551, 400], [711, 400], [711, 487], [551, 487]], '(하}', 0.8623164111970973), ([[496, 505], [648, 505], [648, 567], [496, 567]], '안까지', 0.9994392307698574), ([[406, 562], [659, 562], [659, 628], [406, 628]], '느끼는거야', 0.7663882254843081), ([[1460, 822], [1594, 822], [1594, 898], [1460, 898]], '망아니', 0.0354060434785015), ([[87, 2604], [286, 2604], [286, 2752], [87, 2752]], '저례', 0.12032750502640302), ([[1897.9424244217885, 151.0400023676087], [2047.942140415371, 192.66136707865948], [2011.0575755782115, 310.9599976323913], [1862.057859584629, 269.33863292134055]], '%', 0.013959840527757672), ([[787.2755570137922, 733.1360091868909], [934.6495017270466, 719.2039629287491], [938.7244429862078, 817.8639908131091], [791.3504982729534, 831.7960370712509]], '하둘', 0.006144014357759749), ([[711.7051348428977, 2434.1654304159943], [932.9877366899991, 2393.4031056883987], [948.2948651571023, 2534.8345695840057], [728.0122633100009, 2574.5968943116013]], '"째', 0.015633990273481158)]
[([[1534, 251], [1600, 251], [1600, 317], [1534, 317]], '흥', 0.33863188986111936), ([[1556, 319], [1674, 319], [1674, 385], [1556, 385]], '좋아', 0.9979856382124334), ([[1663, 404], [2042, 404], [2042, 480], [1663, 480]], '대신 이번만이야', 0.9984876953522438), ([[1755, 471], [1950, 471], [1950, 548], [1755, 548]], '알켓어?', 0.25646477937698364), ([[1849, 674], [1960, 674], [1960, 738], [1849, 738]], "오옷'", 0.9691048488966014), ([[1867, 737], [1987, 737], [1987, 799], [1867, 799]], '법:!', 0.8662279992298029), ([[346, 1334], [452, 1334], [452, 1420], [346, 1420]], '하다', 0.12236389448784987), ([[1854, 1539], [2103, 1539], [2103, 1671], [1854, 1671]], '스유모', 0.04121469754691558), ([[1473.2420936151634, 1150.1557242449153], [1625.387295088587, 1139.5545173678577], [1626.7579063848366, 1225.8442757550847], [1474.612704911413, 1237.4454826321423]], '8아내', 0.013848464710649322), ([[1223.9889331450215, 1482.3535192090903], [1487.0748490525557, 1438.1920841321953], [1497.0110668549785, 1549.6464807909097], [1233.9251509474443, 1593.8079158678047]], '1 원빛;', 0.05391404794776763), ([[714.1807780563383, 2644.078947647891], [1040.9583283380505, 2623.114300973168], [1039.8192219436617, 2800.921052352109], [713.0416716619495, 2821.885699026832]], '스유-비', 0.06724704802036285)]
[([[425, 342], [496, 342], [496, 397], [425, 397]], '응', 0.9996352528401644), ([[1216, 289], [1278, 289], [1278, 396], [1216, 396]], '움', 0.5867752258387924), ([[1967, 295], [2118, 295], [2118, 395], [1967, 395]], '응내', 0.0316964113999686), ([[554, 401], [705, 401], [705, 480], [554, 480]], '히애 ', 0.0016976712595170652), ([[1453, 836], [1604, 836], [1604, 929], [1453, 929]], "'퓨", 0.08555894986063224), ([[1903, 879], [2065, 879], [2065, 972], [1903, 972]], '숙애', 0.003912833738280288), ([[491, 1629], [802, 1629], [802, 1925], [491, 1925]], '<', 0.15615139382367715), ([[1911, 2244], [2039, 2244], [2039, 2343], [1911, 2343]], '원', 0.5943322257540018), ([[973, 2785], [1046, 2785], [1046, 2849], [973, 2849]], '[', 0.0080990323951744), ([[1046, 2801], [1088, 2801], [1088, 2832], [1046, 2832]], '~', 0.6360965919625983), ([[1091, 2808], [1142, 2808], [1142, 2868], [1091, 2868]], '"', 0.05109103930920256), ([[97.16397266953801, 2386.0889184962416], [351.35696587367926, 2364.812346128225], [353.836027330462, 2526.9110815037584], [99.64303412632074, 2548.187653871775]], '뜨택', 0.0007968618997778513), ([[773.9127277988578, 2619.136731271319], [1021.1019555529407, 2588.8163862946676], [1028.0872722011422, 2726.863268728681], [780.8980444470593, 2757.1836137053324]], '달플', 0.0014074079234276341)]
[([[330, 51], [414, 51], [414, 119], [330, 119]], '대', 0.7333385972231135), ([[388, 109], [572, 109], [572, 181], [388, 181]], '어때: ?-', 0.9233806391399356), ([[1392, 116], [1559, 116], [1559, 178], [1392, 178]], "'~비", 0.2718390516624536), ([[523, 195], [772, 195], [772, 259], [523, 259]], "'아까보다 더", 0.7168048752228886), ([[1892, 166], [2034, 166], [2034, 283], [1892, 283]], '햇"', 0.02027031059903788), ([[537, 256], [718, 256], [718, 320], [537, 320]], '쫓지:.?', 0.7968678422220794), ([[755, 278], [875, 278], [875, 362], [755, 362]], '형', 0.09523418596666389), ([[850, 458], [956, 458], [956, 518], [850, 518]], '으웃;', 0.3243063995101783), ([[873, 524], [969, 524], [969, 573], [873, 573]], "네:'", 0.4920759396568072), ([[1102, 638], [1247, 638], [1247, 702], [1102, 702]], '평의%', 0.017195378202413167), ([[1730, 858], [1903, 858], [1903, 967], [1730, 967]], '(국사', 0.01585930456821002), ([[1911, 2244], [2039, 2244], [2039, 2343], [1911, 2343]], '원', 0.5654358328344102), ([[669, 2406], [914, 2406], [914, 2538], [669, 2538]], '7,많)', 0.03711667284369469), ([[129.06817128534044, 1783.1249188971215], [331.825545351659, 1759.7719732804974], [337.93182871465956, 1889.8750811028785], [135.17445464834097, 1913.2280267195026]], '원"', 0.04584686589153708), ([[494.6484868369894, 1918.1854670730331], [719.9773870691065, 1883.9699280735533], [730.3515131630106, 2010.8145329269669], [505.02261293089356, 2046.0300719264467]], '7리', 0.03247098167682106), ([[96.30635467933571, 2364.095921178154], [323.5567339282052, 2348.794609512262], [323.6936453206643, 2481.904078821846], [96.44326607179485, 2497.205390487738]], '제안)', 0.00547193836919623)]
[([[1392, 116], [1559, 116], [1559, 178], [1392, 178]], "'~비", 0.2984318797988005), ([[500, 205], [643, 205], [643, 262], [500, 262]], '좋아 ', 0.9795345153658946), ([[667, 258], [815, 258], [815, 320], [667, 320]], '이대로', 0.9999392273173023), ([[577, 316], [860, 316], [860, 383], [577, 383]], '계속 하자 .?', 0.541883193834525), ([[1090, 260], [1231, 260], [1231, 385], [1090, 385]], '다)', 0.024268113890080267), ([[1843, 271], [1997, 271], [1997, 374], [1843, 374]], '@)', 0.49851734109608264), ([[1102, 636], [1247, 636], [1247, 704], [1102, 704]], '하9%)', 0.028937479481101036), ([[0, 1955], [228, 1955], [228, 2264], [0, 2264]], '퍽', 0.9471112082361657), ([[1906, 2242], [2042, 2242], [2042, 2343], [1906, 2343]], '원', 0.10629044107281516), ([[1010, 2433], [1491, 2433], [1491, 2759], [1010, 2759]], '퍽', 0.07941186252311638), ([[474.2323448146799, 56.02457910900618], [673.9994996247183, 144.89041552854138], [630.7676551853201, 235.9754208909938], [431.00050037528166, 147.10958447145862]], "'및사도", 0.06964477151632309), ([[42.45555997597349, 640.1711438222038], [310.68756585802134, 592.9469751030588], [326.5444400240265, 751.8288561777962], [58.31243414197867, 800.0530248969412]], '계패_', 0.018758807331323624), ([[132.40051984405198, 1792.2625472358548], [332.0017663787607, 1752.695503067332], [346.599480155948, 1866.7374527641452], [146.99823362123928, 1906.304496932668]], '웬 ', 0.003437838456106244), ([[31.037570207123025, 2621.0771416304624], [356.2112569177602, 2579.0022624212106], [368.962429792877, 2797.9228583695376], [42.7887430822398, 2839.9977375787894]], '자획', 0.01880423106159188), ([[743.2703595964335, 2610.071351116846], [1042.3201801127013, 2589.1251795439434], [1042.7296404035665, 2772.928648883154], [743.6798198872985, 2793.8748204560566]], '엘러0', 0.004837546008870601)]
[([[894, 243], [975, 243], [975, 325], [894, 325]], '응', 0.998927404163851), ([[699, 498], [950, 498], [950, 663], [699, 663]], '부앗%', 0.007227564430151625), ([[96, 1840], [229, 1840], [229, 1957], [96, 1957]], '원', 0.12440193253052545), ([[108, 2353], [351, 2353], [351, 2524], [108, 2524]], '#털%', 0.0001736095842214112), ([[703, 2544], [1013, 2544], [1013, 2718], [703, 2718]], '임리', 0.011989554657593592), ([[971, 2778], [1145, 2778], [1145, 2871], [971, 2871]], '베~', 0.0014965302072871974), ([[228.22649338976865, 342.0875832366633], [452.2754342887432, 325.03587778854256], [454.7735066102314, 478.9124167633367], [229.72456571125676, 495.96412221145744]], '(릇 ', 0.004433295130686703), ([[575.0296342266175, 1583.0156976024812], [865.391069970682, 1725.986265222137], [749.9703657733825, 1951.9843023975188], [459.60893002931806, 1809.013734777863]], '/', 0.22278296176649892), ([[943.2516257571808, 1906.040119541782], [1017.9392121676029, 1965.0794922634811], [979.7483742428192, 2012.959880458218], [906.0607878323971, 1953.9205077365189]], '이:', 0.057375104099127036), ([[1732.400519844052, 2117.2625472358545], [1946.6717676232113, 2083.5761616534182], [1955.599480155948, 2191.7374527641455], [1741.3282323767887, 2226.4238383465818]], '울', 0.18818389826776727)]
[([[1442, 135], [1493, 135], [1493, 184], [1442, 184]], '올', 0.1302526711205907), ([[1385, 197], [1598, 197], [1598, 259], [1385, 259]], '자잠깐: .', 0.4377709695417604), ([[1581, 287], [1703, 287], [1703, 347], [1581, 347]], '좀만:', 0.8077590230941005), ([[1536, 348], [1780, 348], [1780, 414], [1536, 414]], "쉬없다가:'", 0.3304849986935218), ([[1357, 543], [1517, 543], [1517, 627], [1357, 627]], "'히반;", 0.010862239636480808), ([[1925, 674], [2054, 674], [2054, 743], [1925, 743]], '흐응:', 0.6099477110604126), ([[1905, 742], [2050, 742], [2050, 810], [1905, 810]], '그래?', 0.820229172706604), ([[2004, 841], [2169, 841], [2169, 907], [2004, 907]], '이래는', 0.9179500054655771), ([[1862, 906], [2223, 906], [2223, 974], [1862, 974]], '아난 것 같은데:', 0.19926799488065003), ([[1854, 977], [1988, 977], [1988, 1078], [1854, 1078]], "'%", 0.8575009433634041), ([[59, 2114], [273, 2114], [273, 2235], [59, 2235]], '운내', 0.015083819726276933), ([[1664, 2307], [1852, 2307], [1852, 2428], [1664, 2428]], '휴', 0.02340558855184227), ([[1817, 2704], [1883, 2704], [1883, 2788], [1817, 2788]], '0', 0.7804516262610584), ([[138.01299719785837, 765.2506890716477], [255.2531079418799, 748.0101461877928], [261.9870028021416, 819.7493109283523], [143.7468920581201, 836.9898538122072]], '헤의', 0.0018037277086241), ([[521.1137830891848, 2245.2802937548427], [772.1751729823612, 2199.2384269192353], [785.8862169108152, 2325.7197062451573], [533.8248270176388, 2370.7615730807647]], '댁-', 0.011722636867550398), ([[1066.1305400389217, 2341.109590330834], [1286.9046275736114, 2319.5411106790284], [1290.8694599610783, 2457.890409669166], [1070.0953724263886, 2478.4588893209716]], '부묶속', 0.0010563938872271397), ([[1918.0431823114293, 2567.1281855668617], [2125.7390158126345, 2540.662146512677], [2133.956817688571, 2672.8718144331383], [1926.2609841873652, 2699.337853487323]], '떨렉', 0.0043005383191933155), ([[1609.1826005108053, 2726.4938819410604], [1831.7292089818006, 2664.5174395005397], [1857.8173994891947, 2793.5061180589396], [1636.2707910181994, 2855.4825604994603]], '움질뇨', 0.02851356313585184)]
[([[917, 58], [990, 58], [990, 119], [917, 119]], '~', 0.2583684723372812), ([[763, 93], [881, 93], [881, 192], [763, 192]], '애', 0.07061855921509519), ([[177, 172], [376, 172], [376, 241], [177, 241]], '오욕:  끓', 0.10261548361878027), ([[386, 316], [495, 316], [495, 380], [386, 380]], '아차', 0.036594187688693054), ([[561, 302], [667, 302], [667, 401], [561, 401]], "'용좁", 0.0443860875144132), ([[334, 379], [515, 379], [515, 443], [334, 443]], '이것 화-', 0.39401678841118626), ([[535, 442], [641, 442], [641, 506], [535, 506]], '아직', 0.9993859756459781), ([[402, 503], [731, 503], [731, 572], [402, 572]], '더 활수있집아?', 0.3903481645200702), ([[347, 558], [438, 558], [438, 636], [347, 636]], '햇', 0.043377192944152654), ([[1970, 674], [2138, 674], [2138, 736], [1970, 736]], '나도 곧', 0.6012425434627346), ([[1871, 735], [2234, 735], [2234, 801], [1871, 801]], '갈 것 갈으니까 .', 0.5328836010912845), ([[2058, 811], [2221, 811], [2221, 875], [2058, 875]], '좀만 더', 0.758411399893283), ([[2027, 868], [2209, 868], [2209, 941], [2027, 941]], '힘내자?', 0.9972035884857178), ([[20, 2217], [251, 2217], [251, 2356], [20, 2356]], '운%', 0.025579023691451968), ([[712.2420936151634, 775.1557242449152], [829.7706387848083, 766.7057825843053], [831.7579063848366, 850.8442757550848], [714.2293612151917, 860.2942174156947]], '@', 0.9924630618925221), ([[466.1338161011568, 2281.2296598271723], [744.1029582236116, 2226.8148952019633], [761.8661838988431, 2378.7703401728277], [483.8970417763884, 2433.1851047980367]], '저0', 0.038846055355142635), ([[1556.9686984837765, 2436.1088958991227], [1795.2364228808322, 2401.4173030093657], [1808.0313015162235, 2566.8911041008773], [1568.7635771191678, 2601.5826969906343]], '동', 0.008927705219864635), ([[1903.3696162031142, 2647.2176972186858], [2181.019735539308, 2598.7001889004946], [2194.630383796886, 2738.7823027813142], [1916.9802644606923, 2787.2998110995054]], '움&', 0.05571329767716374)]
[([[368, 404], [479, 404], [479, 468], [368, 468]], '어때,', 0.9435193196921263), ([[309, 460], [497, 460], [497, 533], [309, 533]], '좋아 ?', 0.860617995262146), ([[1627, 415], [1827, 415], [1827, 543], [1627, 543]], '양0', 0.04729434151453491), ([[445, 553], [747, 553], [747, 621], [445, 621]], '움직여 주니까', 0.9710954425838518), ([[451, 615], [725, 615], [725, 684], [451, 684]], '훨씬 쫓지?~', 0.6786256920221512), ([[1632, 621], [1781, 621], [1781, 701], [1632, 701]], '해)', 0.05050857816984985), ([[222, 715], [392, 715], [392, 779], [222, 779]], '크웃: !', 0.19362303140010598), ([[213, 780], [401, 780], [401, 844], [213, 844]], '잠깐:  끓!', 0.06664155206839556), ([[391, 865], [506, 865], [506, 932], [391, 932]], '아직', 0.9998841824247826), ([[331, 932], [568, 932], [568, 1005], [331, 1005]], '민김해: !', 0.6850169475679718), ([[764.9947012387096, 77.16873730838644], [901.291184970159, 53.32496387381522], [913.0052987612904, 159.83126269161357], [776.708815029841, 183.67503612618478]], '@망', 0.03790692553344005), ([[707.3003734571489, 780.1619419771741], [828.1336159019414, 769.5126031523528], [831.6996265428511, 849.8380580228259], [709.8663840980586, 860.4873968476472]], '핑어노', 0.0006667362648682771), ([[2179.151986269207, 832.10708191518], [2363.9883728001228, 812.4038253315042], [2370.848013730793, 949.89291808482], [2185.0116271998772, 970.5961746684958]], '며리', 0.0020004886423080083), ([[24.074042802154374, 2233.1331081755116], [239.46636546281835, 2209.9674124297903], [244.92595719784563, 2332.8668918244884], [29.533634537181648, 2357.0325875702097]], '원어', 0.08642937400554675), ([[468.221216155075, 2279.2157833924803], [745.020040910055, 2224.711135890605], [762.778783844925, 2378.7842166075197], [485.979959089945, 2433.288864109395]], '저계-', 0.023706502792777473), ([[1559.2154707026823, 2430.0839894484325], [1797.7727103684556, 2408.0514842608077], [1802.7845292973177, 2573.9160105515675], [1564.2272896315444, 2596.9485157391923]], '저니', 0.018323313944826194), ([[1903.3262683182795, 2648.2249830778487], [2181.0639071772566, 2599.7623417867935], [2194.6737316817207, 2738.7750169221513], [1915.9360928227434, 2787.2376582132065]], '움&', 0.08644050479292884)]
[([[589, 197], [695, 197], [695, 261], [589, 261]], '안에', 0.989852445367597), ([[391, 260], [740, 260], [740, 326], [391, 326]], '잔뜩 싸으니까 .', 0.4979860194904403), ([[573, 328], [871, 328], [871, 396], [573, 396]], '남은것도 전부', 0.9157834382132168), ([[558, 389], [836, 389], [836, 462], [558, 462]], '싸버리자  :?', 0.2858608592793174), ([[1936, 340], [2145, 340], [2145, 444], [1936, 444]], '히애', 0.04098838973110159), ([[511, 448], [638, 448], [638, 525], [511, 525]], '잇5', 0.09394024423574177), ([[782, 472], [965, 472], [965, 540], [782, 540]], '알켓지?', 0.41388097405433655), ([[1084, 609], [1219, 609], [1219, 726], [1084, 726]], '667', 0.4867480288400342), ([[1938, 678], [2078, 678], [2078, 750], [1938, 750]], '해', 0.13908133450993265), ([[299, 970], [402, 970], [402, 1025], [299, 1025]], "욕' ", 0.10216297954320908), ([[244, 1032], [461, 1032], [461, 1096], [244, 1096]], '나와요: !', 0.7648902116804881), ([[412, 1143], [463, 1143], [463, 1201], [412, 1201]], '응', 0.9998060558903923), ([[519, 1210], [623, 1210], [623, 1271], [519, 1271]], '전부', 0.9998697687220024), ([[440, 1270], [650, 1270], [650, 1334], [440, 1334]], '안에 싸쥐', 0.8739092920535837), ([[477, 2266], [695, 2266], [695, 2407], [477, 2407]], '두', 0.16363990647673265), ([[1485, 2713], [1518, 2713], [1518, 2758], [1485, 2758]], '4', 0.9994700657248501), ([[1093.0076982339729, 159.5115473509594], [1228.9644517668066, 111.2601695035085], [1252.9923017660271, 189.4884526490406], [1117.0355482331934, 237.73983049649152]], '아넷', 0.010403927588797), ([[413.1086320966536, 152.03617478883928], [602.8838795386554, 208.40589643120703], [572.8913679033463, 296.9638252111607], [383.1161204613446, 240.59410356879297]], '{어차피', 0.4019419848918915), ([[814.164411712992, 254.18917622236157], [921.6560755764807, 239.94222335174226], [926.835588287008, 319.81082377763846], [819.3439244235193, 333.05777664825774]], '음', 0.05960317504101287), ([[879.164411712992, 781.1891762223615], [1017.5645066698379, 770.1237064442367], [1018.835588287008, 846.8108237776385], [881.4354933301621, 857.8762935557633]], '곧의니', 0.00039203944248442053), ([[1.3367470984730816, 2083.05325473618], [230.09493668860088, 2061.4101266054954], [239.66325290152693, 2290.94674526382], [10.905063311399111, 2312.5898733945046]], '울보', 0.10324974159962222), ([[1555.8054836946833, 2438.127159774276], [1793.717775897193, 2394.8537980985234], [1812.1945163053167, 2561.872840225724], [1574.282224102807, 2605.1462019014766]], '저', 0.6797601891635772), ([[1892.0582579729273, 2606.2912898646364], [2095.507015747236, 2554.2947386726273], [2119.941742027073, 2685.7087101353636], [1915.492984252764, 2737.7052613273727]], '흉질노', 0.05963370585040923)]
[([[44, 292], [297, 292], [297, 466], [44, 466]], '(뱃)', 0.02082930388086663), ([[790, 177], [1252, 177], [1252, 425], [790, 425]], '아고7', 0.008306636685817418), ([[592, 432], [864, 432], [864, 606], [592, 606]], '#%', 0.3588240880464984), ([[1940, 675], [2089, 675], [2089, 753], [1940, 753]], '해 ', 0.024351669670351173), ([[714, 1949], [964, 1949], [964, 2156], [714, 2156]], '#칙', 0.06288796424192934), ([[1573, 1953], [1831, 1953], [1831, 2130], [1573, 2130]], '#토5', 0.03527437586215912), ([[112, 2089], [178, 2089], [178, 2171], [112, 2171]], ' ', 0.004425793361513053), ([[1987.7900987919622, 317.03663006737617], [2206.656018664477, 351.605054288627], [2172.209901208038, 521.9633699326238], [1953.3439813355233, 486.394945711373]], '새0', 0.007796430699196662), ([[878.2682698535109, 777.1681762529056], [1029.6255837957792, 764.219783292198], [1031.731730146489, 845.8318237470944], [880.3744162042208, 857.780216707802]], '해야니', 0.001501095566699004), ([[14.149707918725749, 2175.1228093904433], [232.70467075171888, 2156.3188098191845], [234.85029208127426, 2277.8771906095567], [17.29532924828112, 2297.6811901808155]], '울', 0.350705547678686), ([[1892.0582579729273, 2606.2912898646364], [2095.507015747236, 2554.2947386726273], [2119.941742027073, 2685.7087101353636], [1915.492984252764, 2737.7052613273727]], '흉질노', 0.06557621489735357)]
[([[1241, 147], [1362, 147], [1362, 284], [1241, 284]], '온용', 0.10042396283473783), ([[1560, 165], [1770, 165], [1770, 300], [1560, 300]], '아마느', 0.14558517430610501), ([[107, 377], [284, 377], [284, 500], [107, 500]], '올비', 0.00860851641166756), ([[2140, 601], [2287, 601], [2287, 705], [2140, 705]], '(양)', 0.16806983498930148), ([[1203, 677], [1318, 677], [1318, 765], [1203, 765]], '옛', 0.07525035404847813), ([[1939, 672], [2086, 672], [2086, 758], [1939, 758]], '해번', 0.04085129738729533), ([[6, 2156], [246, 2156], [246, 2301], [6, 2301]], '운비', 0.05013290755245058), ([[771, 2238], [992, 2238], [992, 2407], [771, 2407]], '@떠', 0.002918236701454643), ([[1439, 2269], [1692, 2269], [1692, 2441], [1439, 2441]], '(탓', 0.09313456245883707), ([[436.00294551449844, 54.03829168847944], [721.754411188829, 101.48504568107597], [696.9970544855016, 209.96170831152057], [412.24558881117105, 162.51495431892403]], '하 0', 0.10011184910039207), ([[884.3005628453517, 782.1825890886176], [1028.8458558686448, 769.8606452887265], [1030.6994371546484, 843.8174109113824], [886.1541441313552, 856.1393547112735]], '딱하7', 0.040722226446340784), ([[98.79473893598744, 2100.081068126307], [162.41090789780637, 2074.1112802438197], [204.20526106401255, 2191.918931873693], [139.58909210219363, 2217.8887197561803]], '|', 0.0019875997323785116), ([[1893.0582579729273, 2606.2912898646364], [2096.507015747236, 2554.2947386726273], [2119.941742027073, 2685.7087101353636], [1916.492984252764, 2737.7052613273727]], '월질노', 0.03539793828217637)]
[([[501, 166], [659, 166], [659, 279], [501, 279]], '옛', 0.568923078935061), ([[1466, 292], [1683, 292], [1683, 367], [1466, 367]], '자아 ', 0.9338949064327442), ([[1686, 350], [1830, 350], [1830, 473], [1686, 473]], '%', 0.5595488912011639), ([[1456, 1355], [1706, 1355], [1706, 1529], [1456, 1529]], '부무', 0.01638047752329956), ([[815, 1578], [1095, 1578], [1095, 1762], [815, 1762]], '부얹히', 0.024116740483939553)]
[([[361, 269], [500, 269], [500, 329], [361, 329]], '와아', 0.47184215766869547), ([[283, 327], [643, 327], [643, 400], [283, 400]], '그렇게 셋는데도 ,', 0.16622059673301354), ([[618, 402], [769, 402], [769, 466], [618, 466]], '아직도', 0.9939709165020493), ([[571, 463], [752, 463], [752, 524], [571, 524]], '딱딱해: ', 0.38574750529626267), ([[1956, 675], [2100, 675], [2100, 755], [1956, 755]], '해하내', 0.01920277185604039), ([[153, 803], [573, 803], [573, 935], [153, 935]], '더옷할때까지 일', 0.046807932302332225), ([[851, 832], [976, 832], [976, 923], [851, 923]], '젓해', 0.0031423102645059993), ([[132, 926], [457, 926], [457, 992], [132, 992]], '짜내줄 테니까이', 0.214132225833622), ([[349, 1002], [638, 1002], [638, 1074], [349, 1074]], '같이 힘내자?', 0.9946218394608558), ([[33, 2191], [263, 2191], [263, 2326], [33, 2326]], '운', 0.6563356302543788), ([[734, 2521], [946, 2521], [946, 2649], [734, 2649]], '울0', 0.2677925179979845), ([[1914.9213686284638, 2622.2989800051655], [2185.746132056896, 2567.3285927813904], [2203.078631371536, 2704.7010199948345], [1932.253867943104, 2759.6714072186096]], '움계다', 0.037843234298037105), ([[1366.1394789811618, 2605.115831849295], [1597.5935523572823, 2585.851230827641], [1599.8605210188382, 2714.884168150705], [1368.4064476427177, 2734.148769172359]], '렉0', 0.21085817121002248)]
[([[1527, 220], [1818, 220], [1818, 288], [1527, 288]], '가슴 느낌은:', 0.6308184431141683), ([[1617, 283], [1764, 283], [1764, 356], [1617, 356]], '어때?', 0.9999782511688158), ([[1826, 370], [2005, 370], [2005, 437], [1826, 437]], '어, 엄청', 0.9638396784833532), ([[1770, 433], [2057, 433], [2057, 497], [1770, 497]], '부드러워요"', 0.8589475470607547), ([[1501, 1690], [1653, 1690], [1653, 1824], [1501, 1824]], '옆', 0.9173775876466586), ([[1404, 2407], [1664, 2407], [1664, 2584], [1404, 2584]], '똑;', 0.004187052223714294)]
[([[1491, 204], [1620, 204], [1620, 270], [1491, 270]], '아차', 0.049330834859367824), ([[1390, 271], [1710, 271], [1710, 340], [1390, 340]], '엄청 움질거려', 0.8929537868016112), ([[1575, 358], [1990, 358], [1990, 431], [1575, 431]], '벌써부터 싸버리면', 0.5499276550715289), ([[1632, 426], [1883, 426], [1883, 495], [1632, 495]], '안되다  .?<', 0.3549745066239736), ([[1898, 492], [2020, 492], [2020, 580], [1898, 580]], '%)', 0.1527144435433471), ([[1544, 991], [1698, 991], [1698, 1072], [1544, 1072]], '(성자', 0.009458785512925038), ([[1308, 1450], [1456, 1450], [1456, 1571], [1308, 1571]], '웬드', 0.07548238389262456), ([[1854, 1539], [2101, 1539], [2101, 1671], [1854, 1671]], '스유-모', 0.01790313608944416)]
[([[1463, 198], [1625, 198], [1625, 273], [1463, 273]], '뛰야 ', 0.5436340601254624), ([[1395, 268], [1747, 268], [1747, 343], [1395, 343]], '왜 대답이 없어', 0.9966281406319938), ([[1686, 349], [1878, 349], [1878, 422], [1686, 422]], '진짜로?', 0.9506295890796796), ([[1710, 414], [1853, 414], [1853, 487], [1710, 487]], '벌써?', 0.9999067420092292), ([[1889, 487], [2174, 487], [2174, 551], [1889, 551]], '웃 아뇨 그  .', 0.26965961967151325), ([[1954, 548], [2106, 548], [2106, 610], [1954, 610]], '사실:', 0.9660922587948555), ([[1756, 712], [2012, 712], [2012, 776], [1756, 776]], '이대로 한번', 0.9377405009993596), ([[1691, 773], [2012, 773], [2012, 842], [1691, 842]], '해 보고 싶어서', 0.9941680647950705), ([[344, 1344], [443, 1344], [443, 1411], [344, 1411]], '@', 0.9986899616113796), ([[1309, 1453], [1455, 1453], [1455, 1568], [1309, 1568]], '운드', 0.17487906771417228), ([[1847, 1529], [2109, 1529], [2109, 1676], [1847, 1676]], '스유-박', 0.028488032519817352), ([[700, 2625], [1053, 2625], [1053, 2822], [700, 2822]], '스무히', 0.027884128011493637), ([[1473.0388386486181, 1154.1941932430907], [1631.273755467902, 1136.3835090619352], [1635.9611613513819, 1223.8058067569093], [1477.726244532098, 1240.6164909380648]], '하사', 0.012387349527627975)]
[([[1534, 251], [1600, 251], [1600, 317], [1534, 317]], '흥', 0.42928267207776116), ([[1556, 319], [1674, 319], [1674, 387], [1556, 387]], '좋아', 0.9983227148423962), ([[1663, 404], [2042, 404], [2042, 480], [1663, 480]], '대신 이번만이야', 0.9985115948822022), ([[1755, 471], [1950, 471], [1950, 548], [1755, 548]], '알켓어?', 0.2879713475704193), ([[1849, 674], [1973, 674], [1973, 736], [1849, 736]], "오옷'", 0.26586657762527466), ([[1867, 737], [1987, 737], [1987, 799], [1867, 799]], '법: !', 0.446966290473938), ([[1475, 1145], [1627, 1145], [1627, 1231], [1475, 1231]], '젓원"', 0.0005638483242328596), ([[349, 1341], [467, 1341], [467, 1414], [349, 1414]], '히*내', 0.0018981056989035444), ([[1308, 1450], [1456, 1450], [1456, 1571], [1308, 1571]], '옛드', 0.05553658460378276), ([[1851, 1534], [2105, 1534], [2105, 1673], [1851, 1673]], '스유-박', 0.009107125923037529), ([[690, 2621], [1056, 2621], [1056, 2828], [690, 2828]], '스옥"', 0.1171362513932481)]
[([[744, 177], [801, 177], [801, 219], [744, 219]], ']', 0.008141684702369867), ([[501, 166], [661, 166], [661, 279], [501, 279]], '옛', 0.5818499851175716), ([[1466, 292], [1683, 292], [1683, 365], [1466, 365]], '자아 내', 0.0867641344666481), ([[1686, 350], [1830, 350], [1830, 473], [1686, 473]], '%', 0.5721240819049491), ([[1452, 1355], [1707, 1355], [1707, 1537], [1452, 1537]], '#%비', 0.0008632238064729937), ([[812, 1574], [1098, 1574], [1098, 1768], [812, 1768]], '부옷', 0.19614885628416565)]
[([[1539, 1318], [1788, 1318], [1788, 1451], [1539, 1451]], '울 ', 0.009896851444464524), ([[1535.9919929875355, 489.144751613995], [1724.615261233246, 460.87222760198597], [1735.0080070124645, 585.855248386005], [1546.384738766754, 614.127772398014]], '응0', 0.015213179889004683), ([[915.9127277988578, 1623.1367312713194], [1153.7773050840033, 1591.3698143948154], [1162.0872722011422, 1730.8632687286806], [925.2226949159968, 1763.6301856051846]], '끝리나', 0.4596038785073512)]
[([[1665, 268], [1839, 268], [1839, 341], [1665, 341]], '어때 ', 0.6121283438315671), ([[1622, 332], [1888, 332], [1888, 418], [1622, 418]], '만족햇어?', 0.7096189353927297)]
[([[173, 178], [280, 178], [280, 231], [173, 231]], '어머:', 0.9552864439727777), ([[289, 235], [463, 235], [463, 295], [289, 295]], '그렇게나', 0.9618536233901978), ([[235, 289], [475, 289], [475, 351], [235, 351]], '(하고싶없어?', 0.6431622434728279), ([[473, 329], [606, 329], [606, 402], [473, 402]], '야햇', 0.02080742921252088), ([[557, 443], [673, 443], [673, 515], [557, 515]], '@어', 0.1078657088937372), ([[1303, 457], [1430, 457], [1430, 512], [1303, 512]], '_젯)', 0.005383413643301791), ([[1328, 596], [1383, 596], [1383, 649], [1328, 649]], '응', 0.9989380081273147), ([[1613, 617], [1691, 617], [1691, 672], [1613, 672]], '아', 0.1393408201772397), ([[1386, 671], [1660, 671], [1660, 728], [1386, 728]], '안 도망가니까', 0.9858397952107537), ([[1304, 721], [1697, 721], [1697, 781], [1304, 781]], '천천히 해도 되는데: ', 0.9180860039021271), ([[15, 1529], [338, 1529], [338, 1787], [15, 1787]], '광요', 0.16534058668267693), ([[725, 1857], [907, 1857], [907, 1985], [725, 1985]], '저작', 0.01872784102140679), ([[1188, 1997], [1408, 1997], [1408, 2138], [1188, 2138]], '들꺼', 0.0016499006557061985), ([[929, 2272], [1091, 2272], [1091, 2389], [929, 2389]], '지직', 0.020769478088774142), ([[203, 2446], [559, 2446], [559, 2715], [203, 2715]], '광?', 0.03803930725879186), ([[1265.77112044652, 2175.4073697414274], [1485.0639217409796, 2124.770936918978], [1503.22887955348, 2239.5926302585726], [1283.9360782590204, 2289.229063081022]], '움@다 ', 0.007521791383624077)]
[([[113, 185], [219, 185], [219, 262], [113, 262]], '%', 0.6909592412007584), ([[188, 247], [493, 247], [493, 309], [188, 309]], '그렇게 힘으로만', 0.9758041498577945), ([[176, 304], [474, 304], [474, 361], [176, 361]], '밀어 붙여서논: ', 0.28224902493304627), ([[1310, 457], [1430, 457], [1430, 508], [1310, 508]], '_빛내', 0.013700589549252209), ([[1451, 626], [1543, 626], [1543, 681], [1451, 681]], '금방', 0.9997078505471054), ([[1375, 674], [1614, 674], [1614, 737], [1375, 737]], '씨버길겉: ?', 0.1280108427070158), ([[1587, 718], [1680, 718], [1680, 793], [1587, 793]], '%', 0.4307739059623259), ([[0, 1599], [284, 1599], [284, 1859], [0, 1859]], '광요', 0.16686174275556845), ([[604, 1862], [784, 1862], [784, 1985], [604, 1985]], '저주베', 0.027840560346830877), ([[1333, 1885], [1551, 1885], [1551, 2020], [1333, 2020]], "'제_", 0.042564867358078524), ([[969, 2299], [1131, 2299], [1131, 2414], [969, 2414]], '찌주', 0.019692384147795835), ([[171, 2484], [519, 2484], [519, 2751], [171, 2751]], '광', 0.09974896053167015), ([[554.0597149997093, 451.23885999883737], [671.4922747316119, 438.3255621932394], [674.9402850002907, 506.76114000116263], [558.5077252683881, 519.6744378067606]], '핑아', 0.02420179822204798)]
[([[1540, 1319], [1787, 1319], [1787, 1447], [1540, 1447]], '울최요', 0.0643312644460476), ([[909, 1601], [1162, 1601], [1162, 1758], [909, 1758]], '-로;', 0.0013300391464687062), ([[1537.0175441986348, 485.1315814897605], [1725.4398015154934, 460.2978898539486], [1733.9824558013652, 589.8684185102395], [1544.5601984845066, 613.7021101460514]], '응', 0.830901968987078)]
[([[122, 207], [228, 207], [228, 285], [122, 285]], '영', 0.058565369684121515), ([[212, 275], [262, 275], [262, 325], [212, 325]], '웃', 0.6221542892922685), ([[171, 324], [337, 324], [337, 377], [171, 377]], '저저기: .', 0.8977835113916006), ([[347, 347], [429, 347], [429, 402], [347, 402]], '왜?', 0.9995868173030087), ([[470, 405], [559, 405], [559, 458], [470, 458]], '벌써', 0.9999209334277391), ([[400, 439], [673, 439], [673, 527], [400, 527]], '쌀것 같이8&싹', 0.028793822653116946), ([[1304, 456], [1433, 456], [1433, 518], [1304, 518]], '_복', 0.06334588223734901), ([[162, 860], [250, 860], [250, 916], [162, 916]], '으옷', 0.27020845792791187), ([[183, 921], [243, 921], [243, 961], [183, 961]], '네:', 0.4693193938999524), ([[275, 977], [370, 977], [370, 1030], [275, 1030]], '아차', 0.04284593466920736), ([[207, 1031], [480, 1031], [480, 1088], [207, 1088]], '그럴거 같더라', 0.3651600938125775), ([[1396, 1587], [1533, 1587], [1533, 1685], [1396, 1685]], '홍내', 0.13781966495290657), ([[0, 1599], [282, 1599], [282, 1857], [0, 1857]], '광남', 0.06447254108570744), ([[1418, 1684], [1780, 1684], [1780, 1810], [1418, 1810]], '@어원다까다 ', 0.021626061242700483), ([[604, 1862], [784, 1862], [784, 1985], [604, 1985]], '저주베', 0.029745193326979672), ([[1340, 1893], [1544, 1893], [1544, 2014], [1340, 2014]], '제련', 0.009161444736174463), ([[969, 2301], [1131, 2301], [1131, 2414], [969, 2414]], '찌주', 0.06102539120891263), ([[169, 2484], [519, 2484], [519, 2751], [169, 2751]], '평}', 0.012769306514662732)]
[([[1335, 442], [1554, 442], [1554, 569], [1335, 569]], '응0', 0.1857190291995048), ([[275, 977], [343, 977], [343, 1030], [275, 1030]], "아'", 0.3585542457042193), ([[362, 1023], [479, 1023], [479, 1111], [362, 1111]], '%', 0.010902005124711123), ([[1278, 1840], [1460, 1840], [1460, 1973], [1278, 1973]], '색옷', 0.17997646134646794), ([[1604.2522791700983, 2311.095740447895], [1799.4428554580336, 2294.941404270452], [1802.7477208299017, 2433.904259552105], [1607.5571445419664, 2450.058595729548]], '#릇', 0.06473450912098365)]
[]
[([[232, 162], [345, 162], [345, 237], [232, 237]], '응내', 0.015666613619642902), ([[274, 235], [567, 235], [567, 302], [274, 302]], '그렇게 힘으로', 0.8654988988620016), ([[150, 295], [613, 295], [613, 368], [150, 368]], '움직이기만 해선 안돼:', 0.8450620086673042), ([[446, 380], [816, 380], [816, 453], [446, 453]], '금방 싸버리잡아?', 0.5742979087248609), ([[332, 445], [848, 445], [848, 509], [332, 509]], '더 기분좋이질 수 잇는데:', 0.1697044296671095), ([[792, 542], [859, 542], [859, 598], [792, 598]], "웃'", 0.9476201157138799), ([[726, 602], [950, 602], [950, 664], [726, 664]], '죄송해요:', 0.969299747336147), ([[796, 733], [898, 733], [898, 817], [796, 817]], '해', 0.08921886207824414), ([[213, 859], [466, 859], [466, 923], [213, 923]], '이번엔 내가', 0.9958413393522819), ([[1463, 822], [1595, 822], [1595, 899], [1463, 899]], '하아7', 0.4711647176662116), ([[170, 919], [502, 919], [502, 986], [170, 986]], '움직여출테니까', 0.6754743645743716), ([[339, 1003], [563, 1003], [563, 1064], [339, 1064]], "잘 느껴화'", 0.34853454444372806), ([[400, 1057], [582, 1057], [582, 1130], [400, 1130]], '알켓지?', 0.43188023567199707), ([[42, 2410], [275, 2410], [275, 2567], [42, 2567]], '국꺼', 0.002594450819763749), ([[677.8382066282488, 2323.1380117003405], [931.7048865570177, 2288.941367664574], [940.1617933717512, 2434.8619882996595], [686.2951134429823, 2469.058632335426]], '저러 요', 0.0053043365478515625)]
[([[1130, 133], [1259, 133], [1259, 237], [1130, 237]], '/', 0.6951581615567761), ([[190, 203], [323, 203], [323, 305], [190, 305]], '%', 0.9399568422419726), ([[260, 307], [554, 307], [554, 371], [260, 371]], '이렇게 천천히', 0.6789768757518394), ([[240, 364], [496, 364], [496, 440], [240, 440]], '움직이면서:', 0.9189583413290504), ([[551, 400], [711, 400], [711, 487], [551, 487]], '(하}', 0.8883642109406639), ([[496, 505], [648, 505], [648, 567], [496, 567]], '안까지', 0.9995134882899365), ([[406, 562], [659, 562], [659, 628], [406, 628]], '느끼는거야', 0.7962408090374303), ([[1460, 821], [1594, 821], [1594, 896], [1460, 896]], '희아니', 0.017341245011097947), ([[87, 2607], [284, 2607], [284, 2752], [87, 2752]], '저', 0.7457443512003614), ([[1897.9503312494323, 151.03940561745017], [2047.942140415371, 192.66136707865948], [2011.0496687505677, 311.9605943825498], [1862.057859584629, 269.33863292134055]], '%', 0.023690433621770035), ([[786.2484431729292, 733.1403476721608], [932.8083158211969, 720.4111023384747], [935.7515568270708, 816.8596523278392], [788.1916841788031, 828.5888976615253]], '히규', 0.0090626980716101), ([[712.7051348428977, 2436.1654304159943], [935.2368544048518, 2398.6917802567823], [948.2948651571023, 2536.8345695840057], [726.7631455951482, 2574.3082197432177]], '찢로온', 0.014565285638306953)]
[([[423, 342], [496, 342], [496, 397], [423, 397]], '응:', 0.6272274762964853), ([[1216, 289], [1278, 289], [1278, 396], [1216, 396]], '움', 0.5133719712105176), ([[1967, 295], [2118, 295], [2118, 395], [1967, 395]], '응내', 0.05146718320170301), ([[554, 401], [705, 401], [705, 480], [554, 480]], '히애 ', 0.002066516482331764), ([[1453, 836], [1602, 836], [1602, 927], [1453, 927]], "'휴튼", 0.05766508433611773), ([[1903, 879], [2063, 879], [2063, 970], [1903, 970]], '너앗', 0.005022806020598045), ([[1913, 2244], [2037, 2244], [2037, 2343], [1913, 2343]], '원', 0.086674645280155), ([[88, 2372], [360, 2372], [360, 2547], [88, 2547]], '(저적', 0.06206252381982092), ([[974, 2786], [1043, 2786], [1043, 2843], [974, 2843]], '좁', 0.009775580740332634), ([[1091, 2808], [1144, 2808], [1144, 2870], [1091, 2870]], '"', 0.013447508274791409), ([[1314, 2830], [1347, 2830], [1347, 2859], [1314, 2859]], '~', 0.1754390962110941), ([[772.8573136639777, 2619.1441211134347], [1016.1077107283046, 2588.824602490187], [1023.1426863360223, 2724.8558788865653], [779.8922892716954, 2754.175397509813]], '절로', 0.16546810620089222), ([[1051.0789916602316, 2797.1448741467184], [1092.910427500436, 2809.272393124891], [1085.9210083397684, 2833.8551258532816], [1043.089572499564, 2821.727606875109]], '~', 0.33775339899335677)]
[([[330, 51], [414, 51], [414, 119], [330, 119]], '대', 0.7282181985318381), ([[388, 109], [572, 109], [572, 181], [388, 181]], '어때: ?-', 0.9105725433385038), ([[1392, 116], [1559, 116], [1559, 178], [1392, 178]], "'~비", 0.23833937065854693), ([[523, 195], [774, 195], [774, 259], [523, 259]], "'아까보다 더", 0.7427718665552728), ([[1892, 166], [2034, 166], [2034, 283], [1892, 283]], '햇"', 0.02369139613502707), ([[537, 256], [716, 256], [716, 317], [537, 317]], '쫓지:  ?', 0.6993793294068471), ([[753, 278], [875, 278], [875, 362], [753, 362]], '형비', 0.010360628144575362), ([[850, 458], [956, 458], [956, 518], [850, 518]], '으웃;', 0.357725948998363), ([[873, 524], [969, 524], [969, 573], [873, 573]], "네:'", 0.40343716683405473), ([[1102, 638], [1247, 638], [1247, 704], [1102, 704]], '닿의%', 0.02793309027845561), ([[1733, 861], [1900, 861], [1900, 965], [1733, 965]], '(국', 0.20492807413279762), ([[138, 1778], [322, 1778], [322, 1904], [138, 1904]], '옆요', 0.008692348370446756), ([[496, 1894], [731, 1894], [731, 2034], [496, 2034]], '=직0', 0.0011551618087105645), ([[1909, 2242], [2042, 2242], [2042, 2343], [1909, 2343]], '원', 0.2016476505670619), ([[92, 2356], [328, 2356], [328, 2490], [92, 2490]], '제너%', 0.010689155435580976), ([[676, 2411], [910, 2411], [910, 2534], [676, 2534]], '저리', 0.12991215908311698)]
[([[1392, 116], [1559, 116], [1559, 178], [1392, 178]], "'~비", 0.2595704450109142), ([[500, 205], [645, 205], [645, 262], [500, 262]], "좋아 '", 0.47684277245121554), ([[667, 258], [815, 258], [815, 320], [667, 320]], '이대로', 0.9999249805652104), ([[1785, 253], [1830, 253], [1830, 311], [1785, 311]], '~', 0.016219810791412437), ([[577, 316], [860, 316], [860, 383], [577, 383]], '계속 하자  .?', 0.40809136665911055), ([[1840, 268], [2000, 268], [2000, 379], [1840, 379]], '@)', 0.7553140970203575), ([[1102, 636], [1247, 636], [1247, 704], [1102, 704]], '하9%)', 0.040336981415748596), ([[0, 1944], [330, 1944], [330, 2272], [0, 2272]], '퀴', 0.013253240798155597), ([[1911, 2244], [2042, 2244], [2042, 2341], [1911, 2341]], '원', 0.19486049968640007), ([[730, 2589], [1053, 2589], [1053, 2797], [730, 2797]], '간요', 0.0017221991059554317), ([[1022, 2439], [1466, 2439], [1466, 2755], [1022, 2755]], '퍽', 0.0712804487275207), ([[474.2323448146799, 56.02457910900618], [673.9994996247183, 144.89041552854138], [630.7676551853201, 235.9754208909938], [431.00050037528166, 147.10958447145862]], "'및사도", 0.08616434782743454), ([[1077.1799040483575, 287.3095682176086], [1216.6741418302106, 244.5067856607324], [1242.8200959516425, 357.6904317823914], [1103.3258581697894, 399.4932143392676]], '한', 0.1257081990262101), ([[41.35009808492804, 641.185696402989], [309.5043394220132, 589.7270974121427], [327.64990191507195, 749.814303597011], [59.495660577986826, 801.2729025878573]], '계본_', 0.01577066443860531), ([[130.58969783042826, 1791.2253985012699], [331.1098200596523, 1754.827390969742], [344.4103021695717, 1869.7746014987301], [143.8901799403477, 1906.172609030258]], '원어', 0.0011721405174592333), ([[31.00636944292775, 2624.079618036597], [353.2286901162996, 2582.023220712192], [364.99363055707227, 2798.920381963403], [42.77130988370041, 2839.976779287808]], '자', 0.03389326614491872)]
[([[894, 243], [975, 243], [975, 325], [894, 325]], '응', 0.998927404163851), ([[87, 1845], [227, 1845], [227, 1957], [87, 1957]], '올', 0.0473322145108066), ([[113, 2363], [346, 2363], [346, 2519], [113, 2519]], '부앗', 0.02337053302011023), ([[706, 2546], [1010, 2546], [1010, 2716], [706, 2716]], '부', 0.3822229808396891), ([[973, 2782], [1044, 2782], [1044, 2846], [973, 2846]], '끝', 0.005865092530258131), ([[1048, 2803], [1088, 2803], [1088, 2830], [1048, 2830]], '~', 0.01544600687301273), ([[229.3572387043235, 343.07955865453187], [452.6666458083644, 328.8894712131998], [453.6427612956765, 479.92044134546813], [229.33335419163558, 494.1105287868002]], '깥릇_', 0.025297569323850935), ([[710.3250434477113, 515.0879127532575], [939.2113297106271, 500.9744381184825], [938.6749565522887, 641.9120872467425], [710.7886702893729, 657.0255618815175]], '문유사', 0.007799302204592397), ([[932.0984799331588, 1910.0582954853232], [1016.8195265040474, 1942.4207412306416], [992.9015200668412, 2000.9417045146768], [908.1804734959526, 1967.5792587693584]], '이#', 0.02220777039795762), ([[1726.522745096252, 2121.438705875383], [1957.8708169133815, 2068.1781328713396], [1976.477254903748, 2187.561294124617], [1745.1291830866185, 2240.8218671286604]], '옛빛', 0.0059634763926347195)]
[([[1443, 136], [1492, 136], [1492, 180], [1443, 180]], '으', 0.35247323969316824), ([[1385, 197], [1598, 197], [1598, 259], [1385, 259]], '자잠깐: .', 0.3731862407178302), ([[1581, 287], [1703, 287], [1703, 347], [1581, 347]], '좀만:', 0.8152926035123665), ([[1536, 348], [1780, 348], [1780, 414], [1536, 414]], "쉬없다가:'", 0.39358390570254415), ([[1357, 543], [1517, 543], [1517, 627], [1357, 627]], "'히없)", 0.014454551041126251), ([[1925, 674], [2054, 674], [2054, 743], [1925, 743]], '흐응:', 0.6333188029314902), ([[1905, 742], [2050, 742], [2050, 810], [1905, 810]], '그래?', 0.9039792418479919), ([[2004, 841], [2169, 841], [2169, 907], [2004, 907]], '이래는', 0.9214012805799701), ([[1862, 906], [2223, 906], [2223, 974], [1862, 974]], '아난 것 같은데:', 0.22113695252511856), ([[1854, 977], [1988, 977], [1988, 1078], [1854, 1078]], "'%", 0.8391594821823966), ([[1661, 2303], [1852, 2303], [1852, 2431], [1661, 2431]], '뷰', 0.06107270249093433), ([[1913, 2552], [2132, 2552], [2132, 2691], [1913, 2691]], '걸본요', 0.0012471252061653404), ([[137.01299719785837, 765.2506890716477], [254.19728960114014, 747.9409880807019], [261.9870028021416, 819.7493109283523], [143.80271039885986, 838.0590119192981]], '붐', 0.008414973576569784), ([[56.14970791872575, 2119.1228093904433], [270.8368446424336, 2102.5240981205684], [271.85029208127423, 2221.8771906095567], [57.1631553575664, 2237.4759018794316]], '원0', 0.009388498188655732), ([[521.8783853330272, 2247.3284110652276], [769.9931104911788, 2197.9908213056697], [785.1216146669728, 2323.6715889347724], [537.0068895088212, 2373.0091786943303]], "'찢꺼-4", 0.3365801349407342), ([[1066.172949238008, 2338.10465837067], [1288.919484333439, 2317.561412999923], [1292.827050761992, 2456.89534162933], [1070.080515666561, 2477.438587000077]], '(릇', 0.23138104609777305), ([[1611.3755930353486, 2703.2037954262314], [1885.7535949902342, 2657.0080720156416], [1898.6244069646514, 2800.7962045737686], [1624.2464050097658, 2846.9919279843584]], '월&', 0.007882831149816591)]
[([[1665, 268], [1839, 268], [1839, 341], [1665, 341]], '어때 ', 0.643204371238515), ([[1622, 332], [1888, 332], [1888, 418], [1622, 418]], '만족햇어?', 0.6559419617452394)]
[([[917, 58], [990, 58], [990, 119], [917, 119]], '~', 0.2609699883027048), ([[763, 93], [881, 93], [881, 192], [763, 192]], '애', 0.061677904764217084), ([[177, 172], [376, 172], [376, 241], [177, 241]], '오욕:  끓', 0.07369979826023368), ([[386, 316], [495, 316], [495, 380], [386, 380]], '아차', 0.034561954532382665), ([[561, 302], [665, 302], [665, 401], [561, 401]], "'용좁", 0.046532899330880555), ([[334, 379], [513, 379], [513, 443], [334, 443]], '이것 화-', 0.40611919165922805), ([[535, 442], [641, 442], [641, 506], [535, 506]], '아직', 0.9992963044640834), ([[402, 503], [731, 503], [731, 572], [402, 572]], '더 활수있집아?', 0.373662139022342), ([[347, 558], [438, 558], [438, 636], [347, 636]], '옛', 0.04720228448482633), ([[1970, 674], [2138, 674], [2138, 736], [1970, 736]], '나도 곧', 0.6027485823245808), ([[1871, 735], [2234, 735], [2234, 801], [1871, 801]], '갈 것 갈으니까 .', 0.5970981596012357), ([[2058, 811], [2221, 811], [2221, 875], [2058, 875]], '좀만 더', 0.6165023057754624), ([[2027, 868], [2209, 868], [2209, 941], [2027, 941]], '힘내자?', 0.9972806572914124), ([[20, 2217], [251, 2217], [251, 2356], [20, 2356]], '운%', 0.02809010294977375), ([[712.2420936151634, 775.1557242449152], [830.7634906644433, 765.6969679754025], [832.7579063848366, 850.8442757550848], [714.2365093355567, 860.3030320245975]], '@의', 0.5692230775664753), ([[475.3423026518487, 2273.0861054577476], [678.6526954528923, 2258.2066707511513], [679.6576973481513, 2400.9138945422524], [476.3473045471077, 2414.7933292488487]], '저 -', 0.11263918107343397), ([[1557.0712399277454, 2435.098151291906], [1796.3651645439545, 2403.5644844246362], [1806.9287600722546, 2570.901848708094], [1566.6348354560455, 2602.4355155753638]], '짜보니', 0.0014053164465654758), ([[1903.5237693170557, 2643.1711390828004], [2184.5938227361034, 2599.4633810950954], [2196.4762306829443, 2750.8288609171996], [1914.4061772638966, 2794.5366189049046]], '원', 0.0434672036588859)]
[([[368, 404], [479, 404], [479, 468], [368, 468]], '어때,', 0.9385297325491974), ([[307, 460], [497, 460], [497, 533], [307, 533]], '좋아:?<', 0.36114020240460837), ([[1627, 412], [1829, 412], [1829, 544], [1627, 544]], '양', 0.5507416044736289), ([[442, 551], [748, 551], [748, 626], [442, 626]], '움직여 주니까', 0.9833372939654919), ([[451, 615], [725, 615], [725, 684], [451, 684]], '훨씬 쫓지?~', 0.7038139329401556), ([[1632, 621], [1781, 621], [1781, 701], [1632, 701]], '해 ', 0.07621136929055142), ([[222, 715], [392, 715], [392, 779], [222, 779]], '크웃: !', 0.19475728018508656), ([[213, 780], [401, 780], [401, 844], [213, 844]], '잠깐:  끓!', 0.06957424963369233), ([[391, 865], [506, 865], [506, 932], [391, 932]], '아직', 0.9998543435987215), ([[331, 932], [568, 932], [568, 1005], [331, 1005]], '민김해: !', 0.7889346696233932), ([[20, 2217], [251, 2217], [251, 2356], [20, 2356]], '운%', 0.03501829196029554), ([[764.9611170019083, 78.17447861106783], [900.1713249437943, 53.211971286862735], [913.0388829980917, 159.82552138893217], [777.8286750562057, 184.78802871313727]], '@망', 0.006776529583715476), ([[707.3003734571489, 780.1619419771741], [828.1078841968132, 769.4793132451937], [831.6996265428511, 849.8380580228259], [710.8921158031868, 860.5206867548063]], '명련노', 0.0010376051395576237), ([[2179.1934449912915, 832.1023159233645], [2365.0603636785245, 813.4858367930811], [2369.8065550087085, 951.8976840766355], [2184.9396363214755, 970.5141632069189]], '며리', 0.0063393428920630965), ([[475.2386965675893, 2269.091487048857], [694.5484860822677, 2251.731673706071], [696.7613034324107, 2398.908512951143], [477.4515139177323, 2416.268326293929]], '찌 [', 0.16234324489611254), ([[1560.2320034619395, 2430.082437042753], [1795.7863855920873, 2409.068411626187], [1799.7679965380605, 2574.917562957247], [1564.2136144079127, 2595.931588373813]], '저니', 0.03064254531143069), ([[1903.6927800380445, 2644.157294277725], [2184.8566438881494, 2601.1514762447864], [2196.3072199619555, 2750.842705722275], [1915.1433561118504, 2792.8485237552136]], '운계', 0.03348771068964133)]
[([[589, 197], [695, 197], [695, 261], [589, 261]], '안에', 0.9894683100344932), ([[391, 260], [740, 260], [740, 326], [391, 326]], '잔뜩 싸으니까 .', 0.6266961274370012), ([[571, 328], [871, 328], [871, 396], [571, 396]], '남은것도 전부', 0.9047592858483879), ([[558, 389], [836, 389], [836, 461], [558, 461]], '싸버리자 .?', 0.3015910278669637), ([[1933, 340], [2145, 340], [2145, 444], [1933, 444]], '히의)', 0.04343614850337753), ([[512, 448], [638, 448], [638, 525], [512, 525]], '잇5', 0.08544549301942948), ([[782, 472], [963, 472], [963, 540], [782, 540]], '알켓지?', 0.3846721649169922), ([[1082, 609], [1219, 609], [1219, 726], [1082, 726]], '087', 0.3301348436726576), ([[1938, 675], [2080, 675], [2080, 750], [1938, 750]], '해내', 0.014719371844966035), ([[299, 970], [402, 970], [402, 1025], [299, 1025]], '욕: ', 0.07986688613891602), ([[244, 1032], [461, 1032], [461, 1096], [244, 1096]], '나와요: !', 0.7969895795019243), ([[412, 1143], [463, 1143], [463, 1201], [412, 1201]], '응', 0.9997936593650003), ([[519, 1210], [621, 1210], [621, 1271], [519, 1271]], '전부', 0.9998798835947779), ([[440, 1270], [650, 1270], [650, 1334], [440, 1334]], '안에 싸쥐', 0.8653861432864627), ([[1485, 2713], [1518, 2713], [1518, 2758], [1485, 2758]], '4', 0.9996312004676753), ([[1091.7000105999682, 157.52001695994912], [1229.561787149248, 108.45394477836496], [1254.2999894000318, 190.47998304005088], [1116.438212850752, 238.54605522163504]], '아', 0.5953403578126348), ([[413.1086320966536, 152.03617478883928], [602.8838795386554, 208.40589643120703], [572.8913679033463, 296.9638252111607], [383.1161204613446, 240.59410356879297]], '{어차피', 0.5117940306663513), ([[814.164411712992, 254.18917622236157], [921.6218791492536, 239.9048612376189], [926.835588287008, 319.81082377763846], [820.3781208507464, 333.0951387623811]], '음', 0.0446170531645349), ([[880.200359892036, 780.1817634709763], [1019.6284984127318, 770.2244359530052], [1020.799640107964, 846.8182365290237], [881.3715015872682, 856.7755640469948]], '핑일니', 0.0003949674676571578), ([[0.29316350755879794, 2085.0560853148936], [226.73607387059386, 2060.102667731627], [239.7068364924412, 2288.9439146851064], [13.26392612940614, 2313.897332268373]], '올', 0.83011716690784), ([[468.83820662824877, 2278.1380117003405], [738.7690160662314, 2240.0293331934186], [749.1617933717512, 2389.8619882996595], [479.23098393376864, 2427.9706668065814]], "'체", 0.12420397439967197), ([[1555.8617878776597, 2433.114627262234], [1795.6931944945545, 2395.431284675947], [1811.1382121223403, 2565.885372737766], [1570.3068055054455, 2603.568715324053]], '짜나', 0.0023424799481944806), ([[1895.4904844417042, 2584.1862457594184], [2172.841356807316, 2540.130002951745], [2185.509515558296, 2684.8137542405816], [1908.158643192684, 2728.869997048255]], '원:', 0.006381080670234916)]
[([[44, 292], [297, 292], [297, 466], [44, 466]], '(뱃)', 0.02748255488996917), ([[791, 178], [1249, 178], [1249, 423], [791, 423]], '아 고', 0.005915842408273188), ([[592, 432], [866, 432], [866, 606], [592, 606]], '#%', 0.17661663228157642), ([[1940, 675], [2089, 675], [2089, 753], [1940, 753]], '해내', 0.02095646441143206), ([[112, 2089], [178, 2089], [178, 2171], [112, 2171]], ' ', 0.005260326588505615), ([[717, 1952], [963, 1952], [963, 2153], [717, 2153]], '#%', 0.14251293915186242), ([[1987.8045365444193, 315.0357602918025], [2206.622383860273, 350.5421150841652], [2172.1954634555805, 521.9642397081975], [1953.3776161397266, 486.4578849158348]], '0', 0.037708162868638206), ([[879.2682698535109, 777.1681762529056], [1029.6511692191852, 765.2608429463255], [1030.731730146489, 845.8318237470944], [880.3488307808148, 857.7391570536745]], '-일니', 0.0030998488341575266), ([[1597.8183439667714, 1947.0388282949264], [1835.3309386985777, 1979.4302945088136], [1807.1816560332286, 2134.9611717050734], [1569.6690613014223, 2102.569705491186]], '#릎', 0.04438677195666493), ([[15.241877390174054, 2174.110831382375], [232.80622047074382, 2158.4758284046557], [234.75812260982596, 2280.889168617625], [16.19377952925617, 2296.5241715953443]], '울0', 0.12393942308419267), ([[1895.3349517485879, 2587.210196016104], [2172.758548090675, 2539.014893368793], [2186.665048251412, 2683.789803983896], [1908.241451909325, 2730.985106631207]], '움', 0.07518378902750555)]
[([[429, 72], [571, 72], [571, 180], [429, 180]], '바', 0.11178927801906013), ([[630, 113], [705, 113], [705, 197], [630, 197]], '0', 0.7812324033905647), ([[1248, 157], [1357, 157], [1357, 221], [1248, 221]], '오웃', 0.438057467624056), ([[1295, 215], [1357, 215], [1357, 279], [1295, 279]], '응', 0.9983923940937167), ([[1560, 168], [1770, 168], [1770, 300], [1560, 300]], '아뇨느', 0.019127390390939247), ([[104, 375], [287, 375], [287, 504], [104, 504]], '올%', 0.04490484028828804), ([[2140, 601], [2287, 601], [2287, 703], [2140, 703]], '(리비)', 0.00654419232159853), ([[1203, 677], [1318, 677], [1318, 765], [1203, 765]], '옛', 0.06915674791332904), ([[1939, 672], [2086, 672], [2086, 758], [1939, 758]], '해번', 0.017141319759088423), ([[112, 2089], [180, 2089], [180, 2171], [112, 2171]], ')', 0.03772197236981101), ([[781, 2257], [976, 2257], [976, 2398], [781, 2398]], '애앗내', 0.006417821824231252), ([[1439, 2269], [1690, 2269], [1690, 2441], [1439, 2441]], '(모', 0.044582512140541986), ([[883.1878920427177, 783.2079357836865], [1023.8208100192876, 770.8195035365657], [1025.8121079572823, 841.7920642163135], [886.1791899807124, 855.1804964634343]], '옛량니', 0.0007767302608963544), ([[14.149707918725749, 2175.1228093904433], [233.72292194052017, 2156.346693448158], [236.85029208127426, 2277.8771906095567], [17.27707805947982, 2297.653306551842]], '울', 0.411688360698065), ([[1895.3349517485879, 2587.210196016104], [2172.766148990338, 2540.025375095984], [2185.665048251412, 2683.789803983896], [1909.233851009662, 2730.974624904016]], '움기심', 0.01019779229730321)]
[([[361, 267], [502, 267], [502, 329], [361, 329]], '와아', 0.7730834836104205), ([[283, 327], [643, 327], [643, 400], [283, 400]], '그렇게 셋든데도,', 0.20880577154489058), ([[618, 402], [769, 402], [769, 466], [618, 466]], '아직도', 0.9936145600805741), ([[571, 463], [765, 463], [765, 524], [571, 524]], '딱딱해: .', 0.44361379551922503), ([[1956, 678], [2100, 678], [2100, 755], [1956, 755]], '묘', 0.006655025011574944), ([[470, 807], [567, 807], [567, 893], [470, 893]], '%', 0.514647558081581), ([[159, 865], [459, 865], [459, 929], [159, 929]], '더 못할때까지', 0.9817147208697322), ([[132, 926], [457, 926], [457, 992], [132, 992]], '짜내줄 테니까이', 0.20092896638623417), ([[352, 1005], [637, 1005], [637, 1073], [352, 1073]], '같이 힘내자?', 0.7691495960361985), ([[33, 2190], [263, 2190], [263, 2324], [33, 2324]], '운', 0.8621531980431918), ([[731, 2518], [953, 2518], [953, 2650], [731, 2650]], '울키보', 0.0037916861695895397), ([[2119, 2618], [2187, 2618], [2187, 2700], [2119, 2700]], '0', 0.12257471269754205), ([[854.2720052199187, 838.1504297535369], [971.7706387848083, 829.7057825843053], [972.7279947800813, 914.8495702464631], [856.2293612151917, 923.2942174156947]], '예야', 0.04793283917866815), ([[1365.086129878744, 2604.1148779935766], [1597.0372426522522, 2580.7247477648157], [1601.913870121256, 2718.8851220064234], [1369.9627573477478, 2742.2752522351843]], '펼렉내', 0.0020938599569254148), ([[1910.8254555977155, 2637.5541857115477], [2138.2816130653055, 2571.65428686046], [2166.1745444022845, 2705.4458142884523], [1939.7183869346945, 2771.34571313954]], '월필소', 0.00619853553123424)]
[]
[([[844.7692307692307, 2137.846153846154], [1009.9303449320029, 2090.37703277854], [1030.2307692307693, 2182.153846153846], [865.0696550679971, 2229.62296722146]], '05', 0.2779320040236858)]
[]
[]
[([[173, 178], [280, 178], [280, 231], [173, 231]], '어머:', 0.9552864439727777), ([[290, 236], [465, 236], [465, 292], [290, 292]], '그렇게나', 0.9040764570236206), ([[235, 289], [475, 289], [475, 351], [235, 351]], '(하고싶없어?', 0.6467428101359198), ([[473, 327], [611, 327], [611, 404], [473, 404]], "'맛", 0.04708383226460255), ([[557, 447], [648, 447], [648, 513], [557, 513]], '@', 0.26923689740300816), ([[1305, 457], [1430, 457], [1430, 510], [1305, 510]], '햇봇', 0.0024935123374135297), ([[1330, 596], [1383, 596], [1383, 649], [1330, 649]], '응', 0.9886989101947328), ([[1613, 617], [1691, 617], [1691, 670], [1613, 670]], '아', 0.9071293953537953), ([[1386, 671], [1660, 671], [1660, 728], [1386, 728]], '안 도망가니까', 0.9880985875680394), ([[1304, 721], [1697, 721], [1697, 783], [1304, 783]], '천천히 해도 되는데: .', 0.5591925947554303), ([[15, 1529], [336, 1529], [336, 1787], [15, 1787]], '광요', 0.18708319761363185), ([[722, 1852], [911, 1852], [911, 1991], [722, 1991]], '례', 0.023836564216228817), ([[1196, 2010], [1402, 2010], [1402, 2134], [1196, 2134]], '&_', 0.0010008764877967196), ([[203, 2444], [557, 2444], [557, 2717], [203, 2717]], '땅;', 0.04366917779761859), ([[1273.0892107341047, 2173.153106551448], [1499.475321785647, 2153.1461437080206], [1501.9107892658953, 2258.846893448552], [1274.524678214353, 2278.8538562919794]], '흉빛{', 0.043054584562164815), ([[925.3052387456454, 2281.1029577142926], [1089.8868203771806, 2270.1978899078117], [1090.6947612543545, 2390.8970422857074], [927.1131796228194, 2401.8021100921883]], '떠', 0.03875413553746743)]
[]
[]
[]
[]
[]
[]
[]
[]
[]
[]
[([[173, 178], [280, 178], [280, 231], [173, 231]], '어머:', 0.9552864439727777), ([[290, 236], [465, 236], [465, 292], [290, 292]], '그렇게나', 0.9040764570236206), ([[235, 289], [475, 289], [475, 351], [235, 351]], '(하고싶없어?', 0.6770715281448358), ([[473, 327], [611, 327], [611, 404], [473, 404]], "'맛", 0.038538462640524525), ([[554, 443], [672, 443], [672, 518], [554, 518]], '(%', 0.05996754153612689), ([[1303, 457], [1430, 457], [1430, 512], [1303, 512]], '_쨌', 0.004617718839454345), ([[1328, 596], [1383, 596], [1383, 649], [1328, 649]], '응', 0.9986921059737632), ([[1613, 617], [1691, 617], [1691, 672], [1613, 672]], '아', 0.1573909849059243), ([[1386, 671], [1660, 671], [1660, 728], [1386, 728]], '안 도망가니까', 0.9881600458930047), ([[1304, 721], [1697, 721], [1697, 783], [1304, 783]], '천천히 해도 되는데: -', 0.5265707755535407), ([[14, 1526], [339, 1526], [339, 1790], [14, 1790]], '광%', 0.05755174655222867), ([[722, 1852], [911, 1852], [911, 1991], [722, 1991]], '지례', 0.001911652695881613), ([[1196, 2010], [1402, 2010], [1402, 2136], [1196, 2136]], '일_', 0.000685203609027043), ([[203, 2446], [557, 2446], [557, 2717], [203, 2717]], '땅 ', 0.028658809138611307), ([[1269.6910264713479, 2175.224235003874], [1497.153098216467, 2143.603548123626], [1504.3089735286521, 2249.775764996126], [1276.846901783533, 2282.396451876374]], '움빛%', 0.005684183941518763), ([[927.3253636439011, 2280.100518244379], [1089.8941018206206, 2270.206903530499], [1090.674636356099, 2390.899481755621], [928.1058981793793, 2400.793096469501]], '제', 0.05407859236444268)]
[]
[]
[([[1257, 2472], [1571, 2472], [1571, 2750], [1257, 2750]], '~', 0.07996135495563195)]
[]
[([[971, 2780], [1145, 2780], [1145, 2871], [971, 2871]], '배~+', 0.0041141171083029825)]
[([[1392.1579833204635, 132.2897482934367], [1558.527783160718, 118.66684476982688], [1559.8420166795365, 174.7102517065633], [1393.472216839282, 188.3331552301731]], "'~세스", 0.16250520944595337)]
[([[1390.7180652167642, 133.3823891286161], [1559.31773202249, 114.9856572703152], [1562.2819347832358, 175.6176108713839], [1393.68226797751, 194.0143427296848]], "'~세스", 0.09351162612438202)]
[([[971, 2780], [1145, 2780], [1145, 2871], [971, 2871]], '놀~+', 0.0034362197369871123), ([[944.2594976178453, 1904.0392776077463], [1017.9404184473758, 1964.0886319210517], [979.7405023821547, 2011.9607223922537], [905.0595815526242, 1952.9113680789483]], '-:', 0.009471677705886609)]
[]
[]
