2830201
18
[([[2428, 2581], [2843, 2581], [2843, 2845], [2428, 2845]], '품기', 0.1492784081620486), ([[34.694143986562196, 1986.0900412788367], [769.2607848277951, 1602.5181032568657], [1090.3058560134377, 2430.9099587211635], [355.73921517220487, 2814.4818967431343]], '액주', 0.008656194447683382), ([[446.1186017353938, 2594.3420723212957], [1067.846208518621, 2443.7964938951723], [1110.8813982646063, 2734.6579276787043], [488.1537914813789, 2885.2035061048277]], '아외사편', 0.06469757109880447)]
[([[30, 12], [275, 12], [275, 111], [30, 111]], '잠시후..', 0.6633883799816809), ([[799, 29], [854, 29], [854, 132], [799, 132]], '응', 0.6670823960636341), ([[152, 143], [421, 143], [421, 203], [152, 203]], '아 ,그러고보니', 0.5974988294530317), ([[162, 196], [422, 196], [422, 249], [162, 249]], '정기가 쌓이면', 0.9217872682605932), ([[117, 243], [465, 243], [465, 298], [117, 298]], '성욕이 늘어나는 걸', 0.4294367035127269), ([[79, 293], [472, 293], [472, 350], [79, 350]], '까먹고 말 안해략없네-', 0.21685539440655394), ([[149, 500], [343, 500], [343, 555], [149, 555]], '뭐 저렇게', 0.4001084924658498), ([[110, 547], [381, 547], [381, 602], [110, 602]], '잘 놀고있으네', 0.6124441558433795), ([[107, 593], [387, 593], [387, 655], [107, 655]], '상관없젯지~)', 0.28223082939473576), ([[1422, 1082], [1606, 1082], [1606, 1246], [1422, 1246]], '%.', 0.021860814770113427), ([[1675, 1987], [1902, 1987], [1902, 2053], [1675, 2053]], '완전자지에', 0.9494928949801336), ([[1633, 2038], [1942, 2038], [1942, 2102], [1633, 2102]], '빠져버린 모습도', 0.5593833951721384), ([[1619, 2079], [1956, 2079], [1956, 2154], [1619, 2154]], '쾌퀴엽령 말이야;', 0.03169887973752519), ([[173, 2311], [312, 2311], [312, 2368], [173, 2368]], '@무튼', 0.6407953500747681), ([[91, 2355], [394, 2355], [394, 2419], [91, 2419]], '당분화 아이사는', 0.29881050194167963), ([[151, 2404], [329, 2404], [329, 2464], [151, 2464]], '재들이랑', 0.08056320995092392), ([[107, 2450], [380, 2450], [380, 2523], [107, 2523]], '물렉같으니?', 0.1121230166639042), ([[302, 2540], [442, 2540], [442, 2593], [302, 2593]], '이 참에', 0.9087056572614324), ([[259, 2588], [485, 2588], [485, 2645], [259, 2645]], '다른 괜찮은', 0.9745673311352023), ([[1376, 2474], [1609, 2474], [1609, 2721], [1376, 2721]], '쭉니', 0.10867593398193418), ([[220, 2633], [529, 2633], [529, 2700], [220, 2700]], '합번 장난감이나', 0.6394568073371555), ([[226, 2683], [515, 2683], [515, 2745], [226, 2745]], '찾아불까나~5', 0.1891217317784133), ([[464.9764597529065, 1163.0327721453416], [801.6523205709585, 1217.6826425058566], [772.0235402470935, 1350.9672278546584], [435.34767942904153, 1295.3173574941434]], '%하안', 0.01769069659084554), ([[1432.0713356559263, 1296.026973281934], [1648.673643210264, 1370.7848937004587], [1600.9286643440737, 1499.973026718066], [1383.326356789736, 1425.2151062995413]], ' ;', 0.00293182559917017)]
[([[1715, 2052], [1765, 2052], [1765, 2114], [1715, 2114]], '스', 0.014390513051967313), ([[1631, 2268], [1687, 2268], [1687, 2319], [1631, 2319]], '9', 0.3088672189256272), ([[1609, 2308], [1915, 2308], [1915, 2397], [1609, 2397]], '@임', 0.10372684936032359), ([[1726, 2393], [2062, 2393], [2062, 2478], [1726, 2478]], "뜨요 '", 0.022249609231948853), ([[1787.4538372406557, 1009.0299188899671], [1824.920229122309, 1027.8964852781721], [1782.5461627593443, 1109.9700811100329], [1745.079770877691, 1091.1035147218279]], '즐', 0.0633436107842158), ([[1672.0194193243092, 2090.0970966215455], [1752.8576016939157, 2108.815219099045], [1741.9805806756908, 2149.9029033784545], [1661.1423983060843, 2131.184780900955]], '45', 0.030839682303622634), ([[1650.9193618380848, 2143.0839157637424], [1788.7909975010173, 2163.3022506247457], [1777.0806381619152, 2220.9160842362576], [1639.2090024989827, 2200.6977493752543]], '1개 _', 0.06797199014884178), ([[1653.9666700642313, 2205.076689430349], [1789.78802944825, 2226.2904222130333], [1778.0333299357687, 2285.923310569651], [1641.21197055175, 2263.7095777869667]], '수~', 0.05936548829969364), ([[1690.151471862576, 2265.060303038033], [1889.9852067803488, 2298.578930176257], [1878.848528137424, 2346.939696961967], [1679.0147932196512, 2313.421069823743]], "'뇨", 0.010973907941705855), ([[1891.0737387183583, 2294.0719277974936], [2067.939696961967, 2319.1514718625763], [2057.9262612816415, 2369.9280722025064], [1881.060303038033, 2345.8485281374237]], '5/', 0.025222804275623643), ([[1915.037927696395, 2361.093431251614], [2036.9394750272534, 2381.224379954398], [2028.962072303605, 2421.906568748386], [1906.0605249727466, 2401.775620045602]], "25'", 0.04778800962440719), ([[1627.029349837601, 2374.0790340093668], [1740.7862131139082, 2393.4126318006092], [1729.970650162399, 2446.9209659906332], [1616.2137868860918, 2427.5873681993908]], '도:', 0.5212543239475363), ([[1629.00019994002, 2450.100979706098], [1702.8148200985709, 2467.6518503724], [1692.99980005998, 2508.899020293902], [1618.1851799014291, 2491.3481496276]], '~', 0.9481025755518182), ([[1706.3446046887868, 2455.0359026679607], [1965.9978432385935, 2509.8391383039457], [1952.6553953112132, 2557.9640973320393], [1693.0021567614065, 2503.1608616960543]], '{< 표구', 0.0027355365420791726)]
[([[1243, 105], [1325, 105], [1325, 169], [1243, 169]], '<', 0.4017713866962822), ([[961, 367], [1018, 367], [1018, 467], [961, 467]], '2', 0.9986063332741004), ([[1774, 1788], [1823, 1788], [1823, 1853], [1774, 1853]], '좀', 0.1930798656626962), ([[1781.4382623811139, 1720.7506099048912], [1824.6779225740554, 1712.911617789802], [1827.5617376188861, 1731.2493900951088], [1784.3220774259446, 1739.088382210198]], '겨', 0.002895630407273711)]
[]
[]
[]
[([[852, 613], [1029, 613], [1029, 763], [852, 763]], '', 0.0)]
[]
[]
[([[749, 992], [1320, 992], [1320, 1109], [749, 1109]], '예느 때외 /이', 0.14896640368779154), ([[669, 1094], [1400, 1094], [1400, 1218], [669, 1218]], '@이-사에레 이장합', 0.03851983154498361), ([[751, 1199], [1314, 1199], [1314, 1316], [751, 1316]], '옳울 입어릭@}', 0.013979623623758354), ([[695, 1302], [1374, 1302], [1374, 1419], [695, 1419]], '제안하눈 양괴트-', 0.007843775294136816), ([[657, 1471], [1409, 1471], [1409, 1598], [657, 1598]], '해페만 이~ 제사음', 0.03980107897430808), ([[594, 1575], [1479, 1575], [1479, 1701], [594, 1701]], '평소되다다 순상쾌습.미', 0.014556549275822936), ([[1665, 2095], [1747, 2095], [1747, 2143], [1665, 2143]], "'", 0.18495185927140145), ([[1887, 2299], [2016, 2299], [2016, 2364], [1887, 2364]], "'", 0.4645948574250305), ([[1767, 2338], [1974, 2338], [1974, 2418], [1767, 2418]], '_', 0.6582311588715726), ([[1610, 2373], [1741, 2373], [1741, 2447], [1610, 2447]], '드:', 0.16429509496826705), ([[1925, 2427], [2048, 2427], [2048, 2469], [1925, 2469]], "'", 0.3924987529751469), ([[1634.174589772352, 2260.0570463609333], [1887.977265172598, 2290.4781752627096], [1877.825410227648, 2343.9429536390667], [1624.022734827402, 2313.5218247372904]], "'", 0.45583175739274395), ([[1625.0759931346036, 2298.05354095759], [1784.8831183444133, 2333.6374857182495], [1766.9240068653964, 2399.94645904241], [1607.1168816555867, 2364.3625142817505]], '4갑2', 0.02095088146733029), ([[1737.0100505063388, 2391.0703535443718], [1931.8988422353182, 2415.8142614908047], [1920.9899494936612, 2474.9296464556282], [1726.1011577646818, 2451.1857385091953]], '', 0.0)]
[([[172, 701], [443, 701], [443, 763], [172, 763]], '또 이상한 옷올', 0.7328073361855864), ([[106, 752], [512, 752], [512, 809], [106, 809]], '입어달라는 계약이야?', 0.8793198788680942), ([[115, 799], [503, 799], [503, 856], [115, 856]], '적당히 좀 하지 그래?', 0.9979302132757359), ([[1170, 812], [1454, 812], [1454, 874], [1170, 874]], '에이;왜 그래~', 0.7017786715288608), ([[1160, 863], [1476, 863], [1476, 925], [1160, 925]], '옷한번입어주고', 0.30308962188931343), ([[1140, 910], [1492, 910], [1492, 972], [1140, 972]], '새로움 마법배운면', 0.5343131810103664), ([[1175, 961], [1464, 961], [1464, 1018], [1175, 1018]], '남문장사아나?', 0.9551745652122894), ([[1150, 1266], [1415, 1266], [1415, 1323], [1150, 1323]], '마법도 종지만', 0.41760087591670353), ([[1089, 1312], [1474, 1312], [1474, 1374], [1089, 1374]], '내가 니 옷걸이나고 .', 0.6422414158373282), ([[1121, 1364], [1437, 1364], [1437, 1419], [1121, 1419]], '한 번이면 맺잡아', 0.49549249897266645), ([[1501, 1535], [1732, 1535], [1732, 1590], [1501, 1590]], '속는 셈 치고', 0.5641462582489205), ([[1438, 1580], [1793, 1580], [1793, 1640], [1438, 1640]], '한 번만 더 입어쥐~', 0.7917728143771037), ([[1375, 1631], [1858, 1631], [1858, 1687], [1375, 1687]], '이번엔 이상한 옷 아니니까', 0.6614634482067051), ([[1505, 1681], [1716, 1681], [1716, 1734], [1505, 1734]], '걱정말라구', 0.9480204729336061), ([[1710, 2052], [1765, 2052], [1765, 2114], [1710, 2114]], "'스", 0.031196593522448676), ([[1323, 2120], [1484, 2120], [1484, 2177], [1323, 2177]], '쫓 그래_', 0.5465294972863849), ([[1300, 2169], [1511, 2169], [1511, 2226], [1300, 2226]], '마지막으로', 0.9981363267329557), ([[1645, 2147], [1785, 2147], [1785, 2216], [1645, 2216]], '(: `', 0.1260165989180458), ([[1287, 2219], [1527, 2219], [1527, 2272], [1287, 2272]], '땀딱 한 번만 더', 0.6089020943483728), ([[1646, 2208], [1788, 2208], [1788, 2281], [1646, 2281]], '스~', 0.16040658985411044), ([[1292, 2266], [1522, 2266], [1522, 2321], [1292, 2321]], '어울려줄게.', 0.3486195178296482), ([[1634, 2268], [1689, 2268], [1689, 2319], [1634, 2319]], '9', 0.4630639050505039), ([[1726, 2393], [2062, 2393], [2062, 2478], [1726, 2478]], '뜨요 ', 0.01885328023163092), ([[1628, 2460], [1697, 2460], [1697, 2502], [1628, 2502]], '~', 0.9540502585225887), ([[1788.4710697270325, 1006.0280554341044], [1826.9808109706155, 1026.9745836623322], [1782.5289302729675, 1109.9719445658955], [1744.0191890293845, 1090.0254163376678]], '꼴', 0.18600168178852883), ([[1673.0194193243092, 2090.0970966215455], [1752.8542172175632, 2108.8014278475152], [1741.9805806756908, 2149.9029033784545], [1662.1457827824368, 2131.1985721524848]], '45', 0.02903893218974533), ([[1688.174589772352, 2263.0570463609333], [1890.9763197360933, 2295.46745665718], [1878.825410227648, 2346.9429536390667], [1677.0236802639067, 2314.53254334282]], '<보우', 0.0026701933798325534), ([[1892.1011677234321, 2293.0677069746516], [2065.9430835921416, 2319.1755259756565], [2054.898832276568, 2370.9322930253484], [1881.0569164078584, 2344.8244740243435]], "5'", 0.05024089408188664), ([[1623.226979317476, 2305.0428138572847], [1917.992076964071, 2349.6670439540917], [1905.773020682524, 2408.9571861427153], [1610.007923035929, 2364.3329560459083]], '7,요', 0.04699524027731877), ([[1912.0194193243092, 2361.0970966215455], [2036.928682127552, 2380.15851768554], [2028.9805806756908, 2420.9029033784545], [1904.071317872448, 2402.84148231446]], '2보', 0.1509792092215967), ([[1629.0593947347957, 2373.0741868292134], [1743.817866938534, 2394.5328857285435], [1730.9406052652043, 2447.9258131707866], [1617.182133061466, 2426.4671142714565]], '예:', 0.023670605327842775), ([[1706.337410843551, 2455.0366975919583], [1967.9984392161132, 2508.8631534779593], [1954.662589156449, 2556.9633024080417], [1693.0015607838868, 2503.1368465220407]], '{<-표구', 0.009686793468691682)]
[([[1243, 105], [1325, 105], [1325, 169], [1243, 169]], '<', 0.4372543939755502), ([[958, 366], [1019, 366], [1019, 464], [958, 464]], '2', 0.9979369562877629), ([[223, 704], [393, 704], [393, 757], [223, 757]], '이번에도', 0.9897385835647583), ([[205, 754], [413, 754], [413, 807], [205, 807]], '거짓말이면', 0.999890869602419), ([[162, 801], [458, 801], [458, 854], [162, 854]], '죽을 줄 알/. 어?', 0.2775281265355039), ([[1134, 999], [1394, 999], [1394, 1052], [1134, 1052]], '뭐; 뭐; 뛰야: ', 0.30358531485331597), ([[1133, 1043], [1393, 1043], [1393, 1103], [1133, 1103]], '이 해괴망추한', 0.7332544667389741), ([[1789, 1058], [1921, 1058], [1921, 1111], [1789, 1111]], '야 ,너]', 0.11100017198584715), ([[1112, 1094], [1421, 1094], [1421, 1149], [1112, 1149]], '변태 복장은??!', 0.8245679985861817), ([[1761, 1102], [1944, 1102], [1944, 1163], [1761, 1163]], "'이상한 옷", 0.9095987502918733), ([[1687, 1151], [2023, 1151], [2023, 1213], [1687, 1213]], '아니라고 햇찮아]', 0.28064680263273567), ([[1166, 1368], [1446, 1368], [1446, 1423], [1166, 1423]], '헤해;오랜만에', 0.27329033641351463), ([[1127, 1417], [1493, 1417], [1493, 1473], [1127, 1473]], '다시보는 반응인결?', 0.9274674951603705), ([[1098, 1467], [1516, 1467], [1516, 1524], [1098, 1524]], '자; 그러면 남은-계악도', 0.6726476086140094), ([[1167, 1513], [1449, 1513], [1449, 1575], [1167, 1575]], '잘 부탁하다고.', 0.6397850778060427), ([[1779, 1792], [1821, 1792], [1821, 1850], [1779, 1850]], '곧', 0.5035558056706577), ([[1203, 1995], [1417, 1995], [1417, 2059], [1203, 2059]], '남음페약?', 0.1782394614812706), ([[1138, 2044], [1476, 2044], [1476, 2111], [1138, 2111]], '느망월만입는 게', 0.06183781352851526), ([[1229, 2092], [1398, 2092], [1398, 2155], [1229, 2155]], '아필없니', 0.013092043809592724), ([[1279, 2173], [1497, 2173], [1497, 2233], [1279, 2233]], '자, 잠깐/ ?', 0.15163282712538745), ([[1151, 2222], [1622, 2222], [1622, 2282], [1151, 2282]], '원래대로 돌아가고 싶으면', 0.5417279673392672), ([[1163, 2273], [1617, 2273], [1617, 2328], [1163, 2328]], '남자의 정기올 모으라고?', 0.9055515327331679), ([[1240, 2322], [1536, 2322], [1536, 2377], [1240, 2377]], '나보고창녀짓올', 0.991905568827713), ([[1264, 2369], [1513, 2369], [1513, 2424], [1264, 2424]], '하라는거야!?', 0.4543435513031181), ([[1448, 2474], [1791, 2474], [1791, 2534], [1448, 2534]], '그러니까 계약서클', 0.9022111369955544), ([[1477, 2521], [1773, 2521], [1773, 2581], [1477, 2581]], '잘 읽없어야지~', 0.8721516258597225), ([[1473, 2568], [1762, 2568], [1762, 2628], [1473, 2628]], '자; 이러고 있을', 0.41972416445595623), ([[1454, 2618], [1787, 2618], [1787, 2680], [1454, 2680]], '시간이 어디있어?', 0.9210765166150685), ([[1528, 2669], [1707, 2669], [1707, 2724], [1528, 2724]], '빨리빨리', 0.9960896372795105), ([[1499, 2718], [1738, 2718], [1738, 2773], [1499, 2773]], '움직이라고~', 0.9936500135954431), ([[1781.4382623811139, 1720.7506099048912], [1824.6779225740554, 1712.911617789802], [1827.5617376188861, 1731.2493900951088], [1784.3220774259446, 1739.088382210198]], '장', 0.006335599981370843), ([[116.34336072864616, 2180.052690361883], [520.0370645018469, 1932.3705791470702], [830.6566392713538, 2565.947309638117], [426.9629354981531, 2813.62942085293]], '빵', 0.052283059293700695)]
[([[8, 0], [282, 0], [282, 115], [8, 115]], '@핏화', 0.002420472201783316), ([[1116, 70], [1185, 70], [1185, 118], [1116, 118]], '그.', 0.9082452402435776), ([[333, 119], [523, 119], [523, 172], [333, 172]], '저, 저기 .', 0.6399933546434331), ([[972, 115], [1342, 115], [1342, 172], [972, 172]], '쌓여있논거 같은데..', 0.38660990660120376), ([[266, 161], [590, 161], [590, 228], [266, 228]], '지나가는오빠. .?', 0.2643403793261227), ([[976, 161], [1346, 161], [1346, 224], [976, 224]], '내가 좀 도와줄까..?', 0.7967648119619782), ([[1289, 278], [1441, 278], [1441, 341], [1289, 341]], '아하3요', 0.02960476279258728), ([[123, 469], [167, 469], [167, 520], [123, 520]], '응', 0.9769873122788795), ([[33, 512], [284, 512], [284, 572], [33, 572]], '문슨일임. ?', 0.3301886980109969), ([[1607, 569], [1921, 569], [1921, 625], [1607, 625]], '내가 . 저, 정기틀', 0.2988220626524558), ([[1609, 619], [1923, 619], [1923, 674], [1609, 674]], '모으고 있거든. ?', 0.710257723423541), ([[1573, 664], [1954, 664], [1954, 721], [1573, 721]], '그러니 조금 협조름 .', 0.35118587241107074), ([[274, 910], [443, 910], [443, 1125], [274, 1125]], '함', 0.008028964539503802), ([[1116, 1037], [1234, 1037], [1234, 1090], [1116, 1090]], '네;', 0.19357765545659888), ([[1258, 1044], [1291, 1044], [1291, 1084], [1258, 1084]], '?', 0.410171834522519), ([[1018, 1077], [1390, 1077], [1390, 1145], [1018, 1145]], '갑자기 그게 무슨:?', 0.8223033898745093), ([[1763, 1567], [1839, 1567], [1839, 1611], [1763, 1611]], '으:', 0.3823355922749959), ([[239, 1625], [472, 1625], [472, 1682], [239, 1682]], '아히 하하:', 0.03401170785728156), ([[1590, 1606], [2012, 1606], [2012, 1667], [1590, 1667]], '대; 내가 이런 남자한터', 0.6159492598440568), ([[278, 1671], [439, 1671], [439, 1733], [278, 1733]], '여; 현질', 0.09292305776870975), ([[1558, 1657], [2041, 1657], [2041, 1721], [1558, 1721]], '스스로 다리름 벌리다넷. !', 0.19254382034300155), ([[243, 1724], [472, 1724], [472, 1779], [243, 1779]], '안되젠지3', 0.2858446732599628), ([[1684, 1702], [1913, 1702], [1913, 1764], [1684, 1764]], '양고르 녀석', 0.7194327487266146), ([[1606, 1752], [2007, 1752], [2007, 1816], [1606, 1816]], '절대 용서-못해에앗터', 0.32155371884455775), ([[446, 1933], [800, 1933], [800, 1988], [446, 1988]], '근런 변태 복장으로', 0.8556363629712079), ([[472, 1979], [776, 1979], [776, 2041], [472, 2041]], '유록하는 주제에', 0.8237449886224697), ([[454, 2026], [799, 2026], [799, 2090], [454, 2090]], '안월리가 있켓나?!', 0.30740572193787435), ([[1238, 2322], [1516, 2322], [1516, 2481], [1238, 2481]], '모내', 0.0030764124377961207), ([[1111, 2539], [1334, 2539], [1334, 2601], [1111, 2601]], '원하는 만큼', 0.441684872833041), ([[1089, 2590], [1356, 2590], [1356, 2645], [1089, 2645]], '잔뜩출테니까', 0.4325766732298603), ([[1060, 2639], [1387, 2639], [1387, 2695], [1060, 2695]], '걱정하지 말라고', 0.33512831631313433), ([[864, 2683], [1143, 2683], [1143, 2845], [864, 2845]], '저검@', 0.054613923027100345), ([[364.1242007682207, 2127.0174392823396], [670.815928171479, 2249.1600566877364], [596.8757992317793, 2421.9825607176604], [289.18407182852104, 2298.8399433122636]], '예( ', 0.012374626802739987)]
[([[9, 2], [285, 2], [285, 112], [9, 112]], '예칠 흙6', 0.4336929437796342), ([[170, 154], [322, 154], [322, 214], [170, 214]], '그니까;', 0.3171297609806061), ([[114, 201], [381, 201], [381, 263], [114, 263]], '다시원래대로', 0.9780019969157976), ([[26, 251], [468, 251], [468, 315], [26, 315]], '돌아가려면우렉중물이', 0.14037536231089517), ([[1456, 239], [1768, 239], [1768, 296], [1456, 296]], '입에다 싸는 것도', 0.6148813755372835), ([[87, 298], [410, 298], [410, 360], [87, 360]], '필요하다는-지3', 0.3517469182393676), ([[743, 275], [919, 275], [919, 403], [743, 403]], "'뚜58", 0.015898117795586586), ([[1487, 288], [1736, 288], [1736, 343], [1487, 343]], '카운트 되냐?', 0.6340629680566614), ([[1370, 332], [1854, 332], [1854, 398], [1370, 398]], '아니지; 직접 확인해 불기6', 0.3031072074475782), ([[238, 377], [504, 377], [504, 439], [238, 439]], '그래서오늘음', 0.5138786149952701), ([[240, 424], [504, 424], [504, 484], [240, 484]], '다른사람들로', 0.18157608430986238), ([[217, 474], [524, 474], [524, 536], [217, 536]], '잔뜩대려원으나', 0.15761739526318058), ([[256, 519], [488, 519], [488, 585], [256, 585]], '기대하라켓_', 0.19933207165199454), ([[201, 874], [347, 874], [347, 1040], [201, 1040]], '쌍', 0.014473687835839577), ([[1354, 973], [1647, 973], [1647, 1033], [1354, 1033]], '자 잠깐입은', 0.7967986019136583), ([[300, 966], [471, 966], [471, 1114], [300, 1114]], '평&', 0.0011425580116414256), ([[1436, 1024], [1565, 1024], [1565, 1079], [1436, 1079]], '으은들3', 0.11526212841272354), ([[1549, 1507], [1973, 1507], [1973, 1571], [1549, 1571]], '자; 네가근렇계 필요한', 0.04565907301199585), ([[1666, 1556], [1856, 1556], [1856, 1616], [1666, 1616]], '%물이내;', 0.028180076793300243), ([[707, 1541], [868, 1541], [868, 1759], [707, 1759]], '쥐', 0.28566763384137417), ([[1558, 1603], [1982, 1603], [1982, 1670], [1558, 1670]], '남림없이다 삼키라퀴', 0.18236879843124174), ([[270, 1780], [404, 1780], [404, 1835], [270, 1835]], '그러면', 0.8970125010800097), ([[181, 1823], [497, 1823], [497, 1889], [181, 1889]], '오늘되불할텅텅', 0.20980668102290484), ([[136, 1873], [549, 1873], [549, 1937], [136, 1937]], '빌때까지 싸짙런주마]', 0.28981040852770995), ([[160, 2529], [479, 2529], [479, 2727], [160, 2727]], ':력[', 0.012044810407890886), ([[1775.2784165517157, 523.0217147584823], [1864.0089763958717, 500.1693612243112], [1912.7215834482843, 712.9782852415177], [1823.9910236041283, 735.8306387756887]], '움', 0.9198815147428832), ([[1339.191611139641, 803.1496668378464], [1405.7221231314174, 757.023728402455], [1482.808388860359, 884.8503331621536], [1416.2778768685826, 930.976271597545]], '음', 0.30857465516576), ([[832.1634494367881, 1735.0218842426527], [930.5044809106139, 1672.0079551335414], [1095.8365505632119, 1957.9781157573473], [996.4955190893861, 2020.9920448664586]], '꼴', 0.023518428606179365), ([[102.32732720600369, 2152.007802578759], [495.3381145537612, 2442.8395403143995], [347.6726727939963, 2640.992197421241], [-44.33811455376123, 2350.1604596856005]], '돼고', 0.004112202450326812)]
[([[1370, 99], [1592, 99], [1592, 152], [1370, 152]], '우리만 하면', 0.9998322487064117), ([[1306, 144], [1658, 144], [1658, 204], [1306, 204]], '재미 없으니 이번엔', 0.9840487853224108), ([[347, 182], [508, 182], [508, 235], [347, 235]], '핵. 효핵', 0.23385745878561787), ([[1303, 196], [1678, 196], [1678, 249], [1303, 249]], '스스로 해보지 그래?', 0.9927453379816638), ([[274, 225], [603, 225], [603, 337], [274, 337]], '자; 잠깐혹심올 .', 0.13728527407140328), ([[999, 136], [1099, 136], [1099, 398], [999, 398]], '%', 0.37562349136295836), ([[115, 370], [269, 370], [269, 430], [115, 430]], '시끄러', 0.9564707013197342), ([[0, 418], [401, 418], [401, 482], [0, 482]], '쫓물 모은다며 빨리안', 0.13376260535402337), ([[112, 469], [275, 469], [275, 531], [112, 531]], '일어나?', 0.906994104385376), ([[1673, 476], [2025, 476], [2025, 540], [1673, 540]], '흔@}알죄다숲 :', 0.0016596776773211783), ([[1655, 526], [2054, 526], [2054, 590], [1655, 590]], '@이러데되논거지3', 0.057247650979780344), ([[40, 530], [191, 530], [191, 719], [40, 719]], '잘', 0.42395703070668844), ([[1003, 623], [1098, 623], [1098, 715], [1003, 715]], '얇', 0.003758365770050301), ([[1273, 621], [1613, 621], [1613, 695], [1273, 695]], '뜨래잘하눈문만', 0.016559884397763312), ([[1259, 676], [1625, 676], [1625, 743], [1259, 743]], '데숨콤좁기라문탕', 0.004698567544601696), ([[119, 688], [234, 688], [234, 823], [119, 823]], '씩', 0.10191760514413861), ([[607, 942], [922, 942], [922, 1007], [607, 1007]], '먼제고신 주제에', 0.06944900570488319), ([[557, 991], [981, 991], [981, 1055], [557, 1055]], '멋대카다가 떨어지나?', 0.4173855487823149), ([[1379, 1152], [1486, 1152], [1486, 1203], [1379, 1203]], '진장!', 0.2648789589475812), ([[656, 1214], [1069, 1214], [1069, 1274], [656, 1274]], '자 (잡아당기지 마앗. !', 0.6779917823168746), ([[1301, 1199], [1567, 1199], [1567, 1255], [1301, 1255]], '망할 녀설들 !', 0.3163658104912111), ([[750, 1263], [979, 1263], [979, 1323], [750, 1323]], '일어난다구!', 0.7892074796747639), ([[1237, 1245], [1630, 1245], [1630, 1309], [1237, 1309]], '나중에마법만 풀리면', 0.8634348150706576), ([[769, 1312], [955, 1312], [955, 1367], [769, 1367]], '일어날게!', 0.8989951635213023), ([[1306, 1293], [1564, 1293], [1564, 1357], [1306, 1357]], '전분박살올 .', 0.3406262581308304), ([[267, 1507], [441, 1507], [441, 1568], [267, 1568]], '댐위워지? ', 0.009998198266488107), ([[218, 1553], [495, 1553], [495, 1621], [218, 1621]], '분명이따 짓이', 0.33002843588816666), ([[141, 1606], [491, 1606], [491, 1667], [141, 1667]], '지분종흘리없올렌', 0.051754995767908624), ([[491, 1734], [665, 1734], [665, 1797], [491, 1797]], '아까부터', 0.9901599287986755), ([[1220, 1746], [1277, 1746], [1277, 1799], [1220, 1799]], '하', 0.9975898500307636), ([[431, 1786], [727, 1786], [727, 1847], [431, 1847]], '몸이 뜨거운게..', 0.4806123774293241), ([[827, 1828], [851, 1828], [851, 1848], [827, 1848]], '0', 0.9972216142822141), ([[468, 1836], [688, 1836], [688, 1891], [468, 1891]], '원가 이상해', 0.9895483672757673), ([[509, 1883], [654, 1883], [654, 1939], [509, 1939]], '설마: ?', 0.6367954486810736), ([[1535, 2367], [1846, 2367], [1846, 2424], [1535, 2424]], '오 표정 좋은데?', 0.9404791574242053), ([[1532, 2417], [1844, 2417], [1844, 2472], [1532, 2472]], '이제야 좀 볼만한', 0.6806968347157166), ([[740, 2430], [904, 2430], [904, 2562], [740, 2562]], '미럿', 0.015257023258992876), ([[1444, 2463], [1935, 2463], [1935, 2525], [1444, 2525]], '암컷 표정이나 나오는구만;', 0.8566157694427399), ([[1244.9805585009542, 1803.087239305534], [1339.7871748409682, 1823.416141622472], [1327.0194414990458, 1872.912760694466], [1233.2128251590318, 1852.583858377528]], '하아', 0.9899051402750773), ([[1164.8014232627104, 2516.0553712372725], [1323.845077482191, 2542.6433089093275], [1302.1985767372896, 2649.9446287627275], [1143.154922517809, 2624.3566910906725]], '꿀평', 0.06886719176515406)]
[([[110, 41], [244, 41], [244, 96], [110, 96]], '야,야;', 0.5893358588218689), ([[15, 84], [345, 84], [345, 150], [15, 150]], '딴생각 활시간이', 0.6120642287994843), ([[103, 136], [268, 136], [268, 196], [103, 196]], '어뒷나? ', 0.14491494726317478), ([[46, 183], [322, 183], [322, 247], [46, 247]], '다음사람 발을', 0.45791369050154906), ([[37, 233], [322, 233], [322, 295], [37, 295]], '준비나 하라교', 0.23238998024545737), ([[918, 270], [1079, 270], [1079, 323], [918, 323]], '자 잠깐', 0.9745087108214106), ([[941, 317], [1122, 317], [1122, 373], [941, 373]], '조금 쉬게', 0.7216062181203651), ([[875, 367], [1189, 367], [1189, 424], [875, 424]], '해달라고 햇잡아!', 0.9564156198005324), ([[877, 413], [1193, 413], [1193, 477], [877, 477]], '더튼 무리라니깐!', 0.46998034119315074), ([[1328, 528], [1516, 528], [1516, 650], [1328, 650]], '젯원', 0.0029327081568797804), ([[1381, 745], [1515, 745], [1515, 800], [1381, 800]], '게다가', 0.9933983614420632), ([[1333, 791], [1564, 791], [1564, 853], [1333, 853]], '근런 천박향', 0.13607066208979224), ([[1360, 838], [1535, 838], [1535, 898], [1360, 898]], '면장의로', 0.41101309657096863), ([[1311, 888], [1586, 888], [1586, 950], [1311, 950]], '밑리말올하면', 0.07366877551035012), ([[1284, 935], [1618, 935], [1618, 999], [1284, 999]], "설들력이외켓과3'", 0.15248265677058875), ([[264, 1001], [426, 1001], [426, 1064], [264, 1064]], '장난해?', 0.8655248880386353), ([[1814, 1001], [1925, 1001], [1925, 1057], [1814, 1057]], '에53', 0.43776389093078055), ([[172, 1051], [520, 1051], [520, 1117], [172, 1117]], '한창 재돼어지는데', 0.1585600283200741), ([[1709, 1048], [2025, 1048], [2025, 1109], [1709, 1109]], '대가켓리표정올', 0.037864489510968706), ([[172, 1099], [520, 1099], [520, 1163], [172, 1163]], '문최눕지간이야~', 0.009000321787611697), ([[1729, 1097], [2014, 1097], [2014, 1159], [1729, 1159]], '짓고있다고3', 0.7636050909854849), ([[148, 1572], [374, 1572], [374, 1634], [148, 1634]], '불인상태도', 0.2590290986685171), ([[143, 1621], [385, 1621], [385, 1683], [143, 1683]], '모플는-나?', 0.018028289017608917), ([[73, 1664], [446, 1664], [446, 1785], [73, 1785]], '몰안필안렉지', 0.004045208392983049), ([[1335, 1266], [1581, 1266], [1581, 2170], [1335, 2170]], '4', 0.01729023327592416), ([[332, 1844], [538, 1844], [538, 1906], [332, 1906]], '아 안랫넷', 0.22996993575942476), ([[273, 1891], [592, 1891], [592, 1958], [273, 1958]], '지금또 가버리면', 0.5558309001369031), ([[369, 1942], [494, 1942], [494, 1999], [369, 1999]], '원험하', 0.4002333557730227), ([[1700, 1978], [2045, 1978], [2045, 2199], [1700, 2199]], '오럿', 0.001000999997476817), ([[1660, 2276], [1933, 2276], [1933, 2336], [1660, 2336]], '정기 모으는 건', 0.386742273460727), ([[1590, 2326], [2005, 2326], [2005, 2387], [1590, 2387]], '운리카 만족 할때까지', 0.4828729854457603), ([[1636, 2374], [1959, 2374], [1959, 2429], [1636, 2429]], '보지에싸 줄테니', 0.47153831588978046), ([[1628, 2422], [1971, 2422], [1971, 2482], [1628, 2482]], '걱정하지말라고~', 0.5568472812570836), ([[649.120938695087, 152.0554156911875], [797.8727345430618, 182.6712713216747], [781.879061304913, 244.9445843088125], [634.1272654569382, 214.3287286783253]], '안00', 0.0017469207206808866), ([[350.08955369908847, 231.0835899750777], [429.7826624791186, 249.54187119539068], [417.91044630091153, 294.9164100249223], [338.2173375208814, 277.4581288046093]], '6들', 0.0008214954316692536), ([[184.32153673615846, 1977.006057224873], [658.0484201112629, 2355.54928599115], [452.67846326384154, 2612.993942775127], [-21.04842011126285, 2234.45071400885]], "'>", 0.09816504172176593), ([[965.0255489257318, 2520.023752977502], [1275.448295858543, 2599.334832457608], [1225.9744510742682, 2764.976247022498], [915.5517041414572, 2685.665167542392]], '상예빵', 0.0028961420593817846)]
[([[531, 122], [728, 122], [728, 177], [531, 177]], '오오록_', 0.25465357303619385), ([[536, 168], [723, 168], [723, 232], [536, 232]], '오호욕.(', 0.3323723794530565), ([[986, 155], [1147, 155], [1147, 211], [986, 211]], '너희들 ..', 0.3604803898920678), ([[901, 202], [1235, 202], [1235, 263], [901, 263]], '아직도 쌓여있지?', 0.8066962682430802), ([[527, 258], [693, 258], [693, 355], [527, 355]], '움픽8', 0.0015120663128860515), ([[95, 389], [203, 389], [203, 476], [95, 476]], '오오8', 0.01450414335283556), ([[591, 444], [737, 444], [737, 543], [591, 543]], '약웅', 0.0063476307639199), ([[948, 320], [1177, 320], [1177, 556], [948, 556]], ')', 0.07648143269282404), ([[1729, 505], [1886, 505], [1886, 567], [1729, 567]], '한번터', 0.07951816916465759), ([[1678, 555], [1940, 555], [1940, 617], [1678, 617]], '활생각있어?', 0.48941349718017935), ([[1041, 485], [1217, 485], [1217, 774], [1041, 774]], '옥', 0.05497629730145093), ([[53, 862], [295, 862], [295, 925], [53, 925]], '후 오랜만에', 0.925846921579479), ([[41, 916], [305, 916], [305, 973], [41, 973]], '괜찮은보지라', 0.40434337188942215), ([[51, 962], [295, 962], [295, 1024], [51, 1024]], '실컷 삶군만;', 0.06755148594596556), ([[1062, 968], [1131, 968], [1131, 1018], [1062, 1018]], '응 .', 0.9908897280693054), ([[1019, 1015], [1198, 1015], [1198, 1068], [1019, 1068]], '이 정도면', 0.6032938669820178), ([[953, 1061], [1271, 1061], [1271, 1121], [953, 1121]], '충분하지 않아:?', 0.6157339489494724), ([[76, 2094], [311, 2094], [311, 2156], [76, 2156]], '이절행으면', 0.08577664519576617), ([[40, 2143], [349, 2143], [349, 2205], [40, 2205]], '정기인지원가늄', 0.45385001847658546), ([[72, 2192], [321, 2192], [321, 2249], [72, 2249]], '다 모델켓지?', 0.3517561278948075), ([[540, 2257], [629, 2257], [629, 2310], [540, 2310]], '그럼', 0.25566582084139666), ([[416, 2304], [755, 2304], [755, 2359], [416, 2359]], '날도 어두워적으니', 0.8749990339161337), ([[391, 2350], [778, 2350], [778, 2412], [391, 2412]], '이제 슬슬 돌아가볼..', 0.5031788328469115), ([[141, 2463], [185, 2463], [185, 2552], [141, 2552]], '빵', 0.6410511132916241), ([[834, 2503], [1085, 2503], [1085, 2563], [834, 2563]], '무슨 소리야?', 0.8273564936207581), ([[753, 2551], [1157, 2551], [1157, 2612], [753, 2612]], '아직 모아야 할 정기록', 0.4089801171168006), ([[797, 2601], [1102, 2601], [1102, 2656], [797, 2656]], '반도 못채워다무_', 0.46168066774007366), ([[1091, 2680], [1259, 2680], [1259, 2735], [1091, 2735]], '그러내', 0.2673543095588684), ([[434, 2729], [541, 2729], [541, 2782], [434, 2782]], '잠깐 .', 0.9976348280906677), ([[1034, 2724], [1325, 2724], [1325, 2788], [1034, 2788]], '협조해 줄거지3', 0.6673276804747975), ([[388, 2776], [574, 2776], [574, 2837], [388, 2837]], '모문 주목', 0.15886886895897534), ([[1884.0242857596863, 2095.0477147488], [2041.7084344351267, 2133.6028556950305], [2016.9757142403137, 2216.9522852512], [1860.2915655648733, 2178.3971443049695]], '50', 0.058945539120900683), ([[1206.2017718737147, 2334.0265781057205], [1417.9624506535183, 2411.0514356309986], [1378.7982281262853, 2507.9734218942795], [1167.0375493464817, 2430.9485643690014]], "간하하방'", 0.006572951266013333), ([[26.17437490061546, 2386.0284360589244], [116.43529353173362, 2362.2497087093852], [161.82562509938452, 2554.9715639410756], [71.56470646826638, 2578.7502912906148]], '혈', 0.10498548297744126)]
