2832763
9
[([[526, 29], [729, 29], [729, 73], [526, 73]], '3.맣어마. 이5.', 3.351872084062706e-05), ([[112, 234], [188, 234], [188, 262], [112, 262]], '꼴라+?', 0.014362954534590244), ([[42, 260], [246, 260], [246, 288], [42, 288]], "1'빨7?6라어 빨어어천", 7.338032034800514e-05), ([[550, 296], [722, 296], [722, 326], [550, 326]], '-서+ *어나, {하+-35걸', 9.563914938755461e-05), ([[552, 320], [720, 320], [720, 352], [552, 352]], '|나+ 아 가! $교-^+!', 2.605815996767738e-05)]
[([[397, 29], [751, 29], [751, 72], [397, 72]], '^뉴+~대 10 [아,+^$ 0 나.', 5.5525257500434225e-05), ([[119, 191], [198, 191], [198, 228], [119, 228]], '표-없@5.', 0.004627302681235905), ([[63, 293], [217, 293], [217, 331], [63, 331]], '"\'710 악어+겉$', 0.005551954484573299), ([[53, 318], [184, 318], [184, 354], [53, 354]], '[-명,서9,하,+', 0.00019525296959072653), ([[606.0574282752855, 281.50337089551385], [667.0930711619856, 271.4636816471718], [671.9425717247145, 306.49662910448615], [610.9069288380144, 317.5363183528282]], "닦하`'", 0.002301745116710663)]
[([[446, 26], [752, 26], [752, 76], [446, 76]], '예뉴+~대 4 밥.라,5 08 나-.', 1.224655382397672e-05), ([[446, 710], [482, 710], [482, 740], [446, 740]], '2', 0.08987588157882342), ([[506, 722], [534, 722], [534, 752], [506, 752]], ')', 0.7316443516956816)]
[([[524, 28], [728, 28], [728, 78], [524, 78]], '상품 사용 전', 0.9984294763318258), ([[52, 240], [243, 240], [243, 270], [52, 270]], '뭐야? 으. 존나 기분', 0.5560133494911729), ([[76, 264], [220, 264], [220, 292], [76, 292]], '나쁘게 생격네..', 0.6460901904285562), ([[590, 300], [674, 300], [674, 326], [590, 326]], '저리꺼저', 0.6169224977493286), ([[574, 324], [690, 324], [690, 352], [574, 352]], '돼지새끼야!', 0.986335371490238)]
[([[502, 28], [752, 28], [752, 76], [502, 76]], '사용 10개월 후', 0.7278288317814963), ([[123, 189], [193, 189], [193, 225], [123, 225]], '네.. 법;', 0.3164097179190714), ([[94, 296], [170, 296], [170, 328], [94, 328]], '이 임신', 0.8644041419029236), ([[49, 313], [225, 313], [225, 358], [49, 358]], '10개월째 입니다"', 0.13453778506700892), ([[604.4050955543422, 277.33171977498705], [667.1638267263814, 269.5525114003464], [670.5949044456578, 307.66828022501295], [607.8361732736186, 315.4474885996536]], '귀혹', 0.2743586637711962)]
[([[530, 28], [722, 28], [722, 76], [530, 76]], '사용 4년 후', 0.9989708795406558), ([[506, 722], [534, 722], [534, 752], [506, 752]], ')', 0.7356400712196773)]
[]
[]
[([[506, 722], [534, 722], [534, 752], [506, 752]], ')', 0.5839860194872735)]
