2832698
42
[([[153, 495], [209, 495], [209, 531], [153, 531]], '하아', 0.9647150467907144), ([[414, 600], [474, 600], [474, 632], [414, 632]], '하아', 0.9998924429368495)]
[([[257, 519], [311, 519], [311, 563], [257, 563]], '색', 0.019073050035135708), ([[32, 654], [163, 654], [163, 728], [32, 728]], '[25:카', 0.00936056580004685), ([[445, 811], [499, 811], [499, 853], [445, 853]], '보', 0.044044170441424946), ([[442.6750472251236, 677.745066115173], [511.8812808539659, 659.2254332517365], [521.3249527748764, 698.254933884827], [452.1187191460341, 716.7745667482635]], '꼬르로', 0.3407439998711701)]
[([[119, 219], [171, 219], [171, 259], [119, 259]], '백직', 0.2652528419814596), ([[399, 521], [449, 521], [449, 565], [399, 565]], '후육', 0.09373960247388041)]
[([[63, 657], [159, 657], [159, 721], [63, 721]], '토 떼비', 0.036117568612098694)]
[([[343, 571], [423, 571], [423, 631], [343, 631]], ';와', 0.02536688147332749), ([[63, 659], [159, 659], [159, 721], [63, 721]], '토떼', 0.038392717372582194)]
[([[449, 501], [505, 501], [505, 545], [449, 545]], '위임', 0.9744342472662988), ([[63, 657], [159, 657], [159, 721], [63, 721]], '토 떼비', 0.04096775874495506), ([[83.5430712064641, 272.3775281716354], [147.55651367715745, 265.43021089999104], [150.4569287935359, 295.6224718283646], [85.44348632284256, 303.56978910000896]], '위이딩', 0.1874351380814998)]
[([[138, 487], [211, 487], [211, 532], [138, 532]], '장규고^', 0.0015970045933499932), ([[49, 570], [114, 570], [114, 609], [49, 609]], '3리라아', 7.650259794900194e-05), ([[420.4050955543422, 486.33171977498705], [477.0142762286359, 478.37052499204106], [480.5949044456578, 516.668280225013], [423.9857237713641, 524.629475007959]], '묘', 0.015511176913563851), ([[425.15046541746176, 595.0726994212782], [499.94601731176937, 622.2672566945527], [483.84953458253824, 662.9273005787218], [409.05398268823063, 635.7327433054473]], '서4하', 0.003909443859036092)]
[([[146, 590], [230, 590], [230, 635], [146, 635]], '[하뜩 *', 0.012081109286287533), ([[447.9038403974048, 655.1326882781833], [568.2582915835227, 626.3795128716783], [577.0961596025952, 667.8673117218167], [455.7417084164773, 695.6204871283217]], ':절{{북< *', 0.0019098704523679978)]
[([[466, 584], [543, 584], [543, 623], [466, 623]], '사사사*', 0.0014431275194510818), ([[422.4050955543422, 519.331719774987], [501.35044238735446, 509.8149288778123], [504.5949044456578, 549.668280225013], [425.64955761264554, 559.1850711221877]], '*^어+', 0.0018517663702368736), ([[441.2802656784306, 556.3885579247043], [511.3700885950516, 548.8453531933277], [513.7197343215694, 584.6114420752957], [443.6299114049484, 592.1546468066723]], '*사^', 0.008574651761408415)]
[([[405, 551], [478, 551], [478, 584], [405, 584]], '7]-', 0.0009521254440495998), ([[390.87867965644034, 512.8786796564403], [497.7574350900542, 497.8182421042625], [501.12132034355966, 527.1213203435597], [394.2425649099458, 542.1817578957375]], '콩~.2요 *', 0.002011870524101801), ([[39.4050955543422, 582.331719774987], [96.25493388482694, 577.6750472251236], [97.5949044456578, 612.668280225013], [40.74506611517306, 617.3249527748764]], '5벼타?', 0.0002866452559828758)]
[([[146, 590], [230, 590], [230, 635], [146, 635]], '[하뜩 *', 0.011797471997502114), ([[100, 658], [160, 658], [160, 710], [100, 710]], '내;', 0.01660224115092042), ([[447.9038403974048, 655.1326882781833], [568.2582915835227, 626.3795128716783], [577.0961596025952, 667.8673117218167], [455.7417084164773, 695.6204871283217]], ':시절{{같< *', 0.0007258667113026511)]
[([[341, 169], [381, 169], [381, 221], [341, 221]], '속', 0.018670122384151222), ([[423, 609], [489, 609], [489, 669], [423, 669]], '비둥', 0.5844231699512875), ([[86, 658], [156, 658], [156, 708], [86, 708]], '17니', 0.03469241821731729), ([[107.3500052999841, 582.7600084799745], [158.8115501070364, 565.8653674896524], [170.6499947000159, 607.2399915200255], [119.1884498929636, 624.1346325103476]], '버두', 0.572547159035345)]
[([[465, 501], [551, 501], [551, 545], [465, 545]], '-,어까?*', 0.0009476434853168831), ([[447, 783], [523, 783], [523, 823], [447, 823]], '[퍽6@', 0.00023621632135473192), ([[368.5611569566012, 835.8295040435816], [454.2790365515162, 817.7091662448312], [461.4388430433988, 855.1704959564184], [374.7209634484838, 873.2908337551688]], "'구절66*", 0.00700534406805864)]
[([[440, 510], [532, 510], [532, 560], [440, 560]], '[낭 ', 0.006555947604421869)]
[([[39.4050955543422, 582.331719774987], [96.25493388482694, 577.6750472251236], [97.5949044456578, 612.668280225013], [40.74506611517306, 617.3249527748764]], '궁연타?', 0.00027307006530463696)]
[([[74, 468], [156, 468], [156, 513], [74, 513]], '[처뜩*', 0.0013548783026635647), ([[34.218546905042494, 663.2304782391615], [158.9299230940269, 651.2803209682922], [161.7814530949575, 714.7695217608385], [37.07007690597311, 727.7196790317078]], '[47하', 0.0012750393342806506)]
[([[32, 654], [163, 654], [163, 728], [32, 728]], '[25:카', 0.01201962062851455), ([[447, 785], [523, 785], [523, 821], [447, 821]], '[절이퍽이@', 1.860837835871619e-05), ([[446.4654469694149, 462.0286568155586], [543.8839404417241, 524.9289604294464], [518.5345530305851, 564.9713431844415], [420.1160595582759, 502.0710395705535]], '*,6퍽|@', 0.015718615777081103), ([[21.357616545573705, 529.1430466182295], [161.13334000121924, 486.1865500832037], [173.6423834544263, 528.8569533817705], [33.86665999878077, 572.8134499167962]], '*-`관;8*', 0.03941179058786942)]
[([[46, 290], [70, 290], [70, 314], [46, 314]], '4', 0.8292907229940774), ([[403, 567], [421, 567], [421, 589], [403, 589]], '*', 0.9952125764984885), ([[416, 566], [480, 566], [480, 618], [416, 618]], '윗"{', 0.0024413314345896487), ([[52.024814048950056, 273.502481404895], [173.92745836113767, 231.90563886698243], [187.97518595104995, 275.497518595105], [67.07254163886232, 316.09436113301757]], '-`대;"8*', 0.02050380246782417)]
[([[63, 659], [159, 659], [159, 721], [63, 721]], '토떼', 0.03913773050106496), ([[39.4050955543422, 582.331719774987], [96.25493388482694, 577.6750472251236], [97.5949044456578, 612.668280225013], [40.74506611517306, 617.3249527748764]], '궁벼타?', 0.0003313932102173567)]
[([[185, 541], [265, 541], [265, 583], [185, 583]], '[1하;*', 0.0025423125506203966), ([[63, 657], [159, 657], [159, 721], [63, 721]], '토 떼비', 0.04328355938196182)]
[([[76, 276], [152, 276], [152, 315], [76, 315]], '[4 고', 0.006344497669488192), ([[521, 509], [541, 509], [541, 531], [521, 531]], '*', 0.74606763340066), ([[63, 657], [161, 657], [161, 721], [63, 721]], '도 떼', 0.03784442437280215), ([[476.30513841808187, 483.0815813559439], [527.9708819314556, 502.58303411488345], [516.6948615819181, 530.9184186440561], [465.02911806854445, 511.41696588511655]], '[4고]', 0.001373117440380156)]
[]
[([[388, 508], [440, 508], [440, 556], [388, 556]], '골로', 0.11976966617792173), ([[411, 587], [455, 587], [455, 631], [411, 631]], '골록', 0.12309028049087208)]
[([[48, 658], [158, 658], [158, 712], [48, 712]], '개고니', 0.8276468177510564)]
[]
[]
[([[33.173636824000575, 664.2424562488021], [162.03489992937443, 652.4531728485256], [163.82636317599943, 714.7575437511979], [35.96510007062556, 726.5468271514744]], '마 4기', 0.10066016354140858)]
[]
[]
[]
[([[33.12649295349734, 664.2553746325904], [158.84078730710448, 649.1418652650319], [162.87350704650265, 713.7446253674096], [38.15921269289553, 728.8581347349681]], '[2대주5', 0.0024366325644088727)]
[([[31, 652], [163, 652], [163, 728], [31, 728]], '[3:키', 0.06692463159561157)]
[]
[([[389, 515], [439, 515], [439, 557], [389, 557]], '히의', 0.7006623476056629)]
[([[63, 657], [159, 657], [159, 721], [63, 721]], '토 떼비', 0.026071960106492043)]
[([[63, 659], [159, 659], [159, 721], [63, 721]], '토떼', 0.022529727899989218)]
[([[63, 657], [161, 657], [161, 721], [63, 721]], '도 떼', 0.051329696908678044)]
[([[341, 169], [381, 169], [381, 221], [341, 221]], '속', 0.018670122384151222), ([[80, 528], [144, 528], [144, 578], [80, 578]], '버둥', 0.40015863983772315), ([[407, 553], [475, 553], [475, 613], [407, 613]], '버둥', 0.4113747615447496), ([[103, 661], [139, 661], [139, 709], [103, 709]], '니', 0.6592537494607917)]
[([[478, 416], [536, 416], [536, 464], [478, 464]], '운질', 0.538688033013586), ([[78, 456], [138, 456], [138, 510], [78, 510]], '숨', 0.13960030270988), ([[418, 798], [476, 798], [476, 846], [418, 846]], '보글', 0.9589969962173484), ([[377, 831], [429, 831], [429, 875], [377, 875]], '보클', 0.025788268039148632)]
[([[409, 495], [463, 495], [463, 539], [409, 539]], '우웬', 0.10770846781033945)]
[]
[([[376, 410], [452, 410], [452, 464], [376, 464]], '사유', 0.03791347918375301), ([[33.12649295349734, 664.2553746325904], [158.84078730710448, 649.1418652650319], [162.87350704650265, 713.7446253674096], [38.15921269289553, 728.8581347349681]], '[2대주5', 0.0027205552459765724)]
