2832791
33
[([[41, 66], [629, 66], [629, 126], [41, 126]], "[+'$ 5@-어물적찌탁깨| +0 `어|교,없 3| 대5@", 7.787611374101324e-08), ([[44, 122], [506, 122], [506, 170], [44, 170]], '냐@미서 -~,+라,+- 담^기^라머공녹', 1.7258546498325882e-07), ([[42, 172], [618, 172], [618, 226], [42, 226]], '[쑤+@뉴  3,미]3 커3,3 -나귀오-젊 닭,-?', 2.6051769746960064e-07), ([[407, 405], [477, 405], [477, 449], [407, 449]], '0', 0.27113740543995846), ([[216.10263340389898, 919.307900211697], [333.1405486511181, 905.9056891614629], [335.89736659610105, 960.692099788303], [219.85945134888192, 974.0943108385371]], '-고이 ?', 0.0003690483960460294), ([[179.15798332046344, 997.2897482934367], [299.11491387632555, 982.8634962079136], [302.8420166795365, 1039.7102517065632], [182.88508612367445, 1054.1365037920864]], '-고)7?', 6.619313340804757e-05)]
[([[42, 72], [780, 72], [780, 120], [42, 120]], '가즌엘물산서+-어마 +전입 (마어째--숨~~+;어탁 감 6도어*6', 1.132725626968151e-08), ([[46, 132], [70, 132], [70, 164], [46, 164]], '8', 0.08578579877859571), ([[70, 120], [870, 120], [870, 174], [70, 174]], '[3,/@ 3김어나,+ @5  3,] 64+ 교+ 룹리,-` +아6,연3`', 4.067450111386019e-08), ([[44, 170], [438, 170], [438, 227], [44, 227]], '+^@ -~,딪3미+ (|김명@+.거:', 1.913000334677878e-06), ([[242, 414], [344, 414], [344, 466], [242, 466]], '화하`연', 0.0001447212853236124), ([[1000, 564], [1102, 564], [1102, 616], [1000, 616]], '닦@약:(', 2.72006044194443e-05), ([[180.98381280760142, 716.0575527068926], [342.6816288116916, 744.6273809458731], [326.0161871923986, 821.9424472931074], [164.3183711883084, 793.3726190541269]], '@7밝숨', 0.0003246518026571721), ([[97.94842877189343, 803.0616445610941], [261.5798243663873, 826.2821674367344], [247.05157122810658, 905.9383554389059], [83.42017563361269, 882.7178325632656]], '@흑히?', 0.0005117059336043894), ([[872.9950874933648, 1050.056278690947], [1036.6476839658635, 1077.506496034383], [1020.0049125066352, 1156.943721309053], [856.3523160341365, 1129.493503965617]], '@7입7?', 0.0001273808915796164), ([[942.9838128076015, 1164.0575527068925], [1106.6334456315221, 1190.4576356422513], [1090.0161871923985, 1269.9424472931075], [926.3665543684779, 1243.5423643577487]], '@7술?', 0.0005035605863668025)]
[([[44, 68], [736, 68], [736, 122], [44, 122]], '[돌 +유입 -.검+라,+ 6,.3`- 룹리검+.-+ +}즌새물신.+5', 1.1318233486234475e-08), ([[39, 115], [747, 115], [747, 176], [39, 176]], '3물응 @연+ 할@3어훨 +0 `어|뉴훨 +실즌 서테 -~,+]미+?', 2.0506481471853153e-08), ([[146, 689], [351, 689], [351, 803], [146, 803]], '[떠의처', 0.0032745019998401403), ([[908, 1101], [1115, 1101], [1115, 1215], [908, 1215]], '[떠의처', 0.0014892120379954576)]
[([[41, 66], [771, 66], [771, 127], [41, 127]], '체내 마력농도가 높은 여성 서번트는 마력공급기로', 0.6129072536452063), ([[39, 117], [637, 117], [637, 177], [39, 177]], '개조하여 효율적으로 사용하도록 합니다:', 0.5149603791690228), ([[407, 393], [507, 393], [507, 453], [407, 453]], '옷 .', 0.42638644576072693), ([[216, 900], [304, 900], [304, 974], [216, 974]], '뜻군', 0.007289092478312418), ([[182, 974], [272, 974], [272, 1050], [182, 1050]], '토군', 0.043813545376104546)]
[([[44, 69], [544, 69], [544, 126], [44, 126]], '서번트의 배란일에 맛침 자궁 내에', 0.4860115554096686), ([[41, 115], [364, 115], [364, 180], [41, 180]], '정액올 주입해 줍니다', 0.7448927157966831), ([[434, 285], [529, 285], [529, 337], [434, 337]], '하아', 0.9987584953931227), ([[366, 351], [461, 351], [461, 403], [366, 403]], '하아', 0.9994698338177944), ([[1002, 684], [1094, 684], [1094, 734], [1002, 734]], '하아', 0.9998058771348687), ([[61, 1089], [181, 1089], [181, 1157], [61, 1157]], '려류이', 0.020871916204188372)]
[([[43, 66], [811, 66], [811, 127], [43, 127]], '안정적인 착상과 마력제어률 위해 부적올 붙어중니다:', 0.40612224631734867), ([[41, 117], [897, 117], [897, 177], [41, 177]], '이부적은 마력반응올 감지하눈 한 쉽계 떨어지지 않습니다:_', 0.3680110485833851), ([[400, 504], [521, 504], [521, 570], [400, 570]], '후/', 0.17482461840464958), ([[339, 574], [460, 574], [460, 637], [339, 637]], '후응', 0.16275544314270943), ([[1049, 1413], [1135, 1413], [1135, 1481], [1049, 1481]], '분률', 0.3712690825860517), ([[1118, 1466], [1206, 1466], [1206, 1538], [1118, 1538]], '분률', 0.25495661293587063), ([[53.573374594002786, 1171.197585023417], [267.41157297584846, 1131.264703280491], [281.42662540599724, 1261.802414976583], [67.58842702415154, 1301.735296719509]], '투슨어', 0.07020104530398144)]
[([[43, 67], [854, 67], [854, 127], [43, 127]], '서번트의 복부가 만식이 되어 배표이 분풀어 오른 시기가', 0.5664778942271372), ([[44, 120], [509, 120], [509, 176], [44, 176]], '수확하기 가장 종은 시기입니다:', 0.6477371348931912), ([[318, 520], [466, 520], [466, 576], [318, 576]], '후으의', 0.24405724761363315), ([[15.275758807716965, 785.3309105692604], [307.19885972952693, 653.1641272609876], [379.72424119228305, 832.6690894307396], [88.80114027047304, 964.8358727390124]], '불륙어', 0.2848155380402803)]
[([[45, 65], [999, 65], [999, 127], [45, 127]], '돌출된 배습에 부적올 붙여 태아에제 공급되논 마력올 음수합니다:', 0.17817629617350064), ([[45, 117], [911, 117], [911, 177], [45, 177]], '서번트는 부적올 제거하지 앞눈 이상 아이틀 낭울 수 없으미;', 0.2655691687312065), ([[43, 167], [649, 167], [649, 227], [43, 227]], '부적에 마력올 계속해서 공급하제 되니다 ', 0.27519100275676467), ([[372, 508], [493, 508], [493, 565], [372, 565]], '하아)', 0.4180545666481064), ([[856, 638], [975, 638], [975, 691], [856, 691]], '하아9', 0.9682857440618264)]
[([[43, 67], [815, 67], [815, 127], [43, 127]], '부적 내의 마력이 포화상태에 이르면 서번트는 강렬한', 0.7687187793924917), ([[41, 115], [893, 115], [893, 178], [41, 178]], '진통올 느끼계 되므로 꾸준히 마력올 수확해주도록 합시다: _', 0.3931494862449447), ([[279, 477], [389, 477], [389, 539], [279, 539]], '으옷어', 0.431292806225717), ([[367, 541], [477, 541], [477, 601], [367, 601]], '흐옷어', 0.13594101779677628), ([[933, 651], [1033, 651], [1033, 711], [933, 711]], '흐웃 ', 0.15192834827892926), ([[169, 742], [294, 742], [294, 815], [169, 815]], '움짜?', 0.30611096084061545), ([[109, 817], [233, 817], [233, 889], [109, 889]], '움집?', 0.1794433131844034), ([[841, 1109], [963, 1109], [963, 1177], [841, 1177]], '움집?', 0.47829165020354875), ([[932, 1178], [1058, 1178], [1058, 1251], [932, 1251]], '움집?', 0.22422825524983006), ([[915.8038216657567, 1391.2487898312404], [934.577243382163, 1377.0560587509685], [966.1961783342433, 1419.7512101687596], [947.422756617837, 1433.9439412490315]], '<', 0.7497836012689199)]
[([[41, 66], [709, 66], [709, 127], [41, 127]], '이렇제 개조된 서번트는 남은 인생올 살아있는', 0.43798741552110737), ([[41, 117], [601, 117], [601, 177], [41, 177]], '임산부 마력공급기로서 쓰이계 덥니다:', 0.2964430746880601), ([[374, 508], [482, 508], [482, 564], [374, 564]], '후우어', 0.4590718677157975), ([[858, 640], [960, 640], [960, 692], [858, 692]], '후우 ', 0.14706012681321717)]
[([[39, 67], [595, 67], [595, 127], [39, 127]], '개조가 완로되없으나 수확이 원활하지', 0.6662641085592098), ([[43, 116], [542, 116], [542, 179], [43, 179]], '암은 경우 추가작업울 진행합니다:', 0.38333641122539674), ([[432, 282], [552, 282], [552, 339], [432, 339]], '하아)', 0.28637777199487785), ([[366, 349], [485, 349], [485, 403], [366, 403]], '하아)', 0.5285417970173961), ([[1000, 678], [1121, 678], [1121, 735], [1000, 735]], '하아)', 0.8013449131583531)]
[([[42, 72], [562, 72], [562, 122], [42, 122]], '이미;@~+ -.물.미 ,+아 +}즌 흐,.+산5 05', 8.081503690421856e-07), ([[44, 120], [598, 120], [598, 174], [44, 174]], '+즌 -~마새,+ @탁 낫~5 @나히+어마 (라거', 2.81173821145906e-06), ([[432, 290], [504, 290], [504, 338], [432, 338]], '장하전', 0.0034185143215948125), ([[366, 356], [436, 356], [436, 404], [366, 404]], '장하}', 0.0034522808046033773), ([[998, 686], [1072, 686], [1072, 736], [998, 736]], '장하}', 0.003925384609200956), ([[54, 1100], [146, 1100], [146, 1167], [54, 1167]], "['", 0.17407598336957925)]
[([[43, 67], [621, 67], [621, 127], [43, 127]], '마력올 불필요하게 분산시키는 팔다리틀', 0.2394859623325334), ([[43, 117], [615, 117], [615, 178], [43, 178]], '제거한 뒤 절단면에 부적올 붙어중니다:', 0.3789787838560892), ([[361, 303], [479, 303], [479, 363], [361, 363]], '액어', 0.10487025976145456), ([[306, 540], [380, 540], [380, 612], [306, 612]], '국', 0.006847588404381932), ([[977, 561], [1049, 561], [1049, 623], [977, 623]], '태', 0.08421333876960091), ([[231, 626], [352, 626], [352, 690], [231, 690]], '@액', 0.05211189868974341), ([[1027, 623], [1143, 623], [1143, 683], [1027, 683]], '귀책이', 0.07196145050516216)]
[([[45, 66], [680, 66], [680, 128], [45, 128]], '절단편에 부착원 부적에서 많은 양의 만력올', 0.2925067549348885), ([[42, 117], [791, 117], [791, 177], [42, 177]], '수확할 수퍼지만 서번트가 망가질 위림이 높습니다:', 0.16770289357340623), ([[243, 409], [323, 409], [323, 469], [243, 469]], '특.드', 0.034589503507703435), ([[1005, 557], [1117, 557], [1117, 617], [1005, 617]], '귀억<', 0.21389784869061093), ([[169, 712], [307, 712], [307, 815], [169, 815]], '움질', 0.553270813248145), ([[94, 800], [220, 800], [220, 896], [94, 896]], '움질', 0.348905958154373), ([[864, 1046], [998, 1046], [998, 1149], [864, 1149]], '움질', 0.31089647556610933), ([[933, 1158], [1068, 1158], [1068, 1261], [933, 1261]], '움질', 0.6500723697180134)]
[([[44, 67], [570, 67], [570, 124], [44, 124]], '서번트가 완전히 망가질 경운 부적올', 0.45716348660066336), ([[44, 120], [658, 120], [658, 176], [44, 176]], '회수한 뒤 다음 서번트 개조틀 준비합니다?', 0.3260950279415615), ([[157, 675], [293, 675], [293, 785], [157, 785]], '콤들', 0.13638447533183878), ([[917, 1085], [1055, 1085], [1055, 1197], [917, 1197]], '콤플', 0.15705069003964792)]
[]
[]
[]
[]
[]
[([[915.8038216657567, 1391.2487898312404], [935.577243382163, 1377.0560587509685], [967.1961783342433, 1419.7512101687596], [947.422756617837, 1433.9439412490315]], '<', 0.6988209014124926)]
[]
[([[44, 70], [998, 70], [998, 127], [44, 127]], '예++3_룹 37 3어신@+ 곤@5 -+하6@ <어탁-@오+;어탁 3물| 커3물3 <|미+마아;', 2.683568018450903e-09), ([[44, 122], [854, 122], [854, 174], [44, 174]], "7고- 3어교서+ 담|탁'+<|값서 @위파 @3-없 (미+메 창+(서+.-5", 3.6993932737387945e-08), ([[49, 183], [69, 183], [69, 211], [49, 211]], '3', 0.25082704166402436), ([[69, 167], [467, 167], [467, 227], [69, 227]], "'하[@~맣교- 커3탁리 [@3-+믿어마", 2.5011973438442776e-08), ([[398, 509], [513, 509], [513, 566], [398, 566]], '장0못3', 0.0002535487583372742), ([[335, 576], [452, 576], [452, 637], [335, 637]], '장커못', 0.003308079962209064), ([[55.40051984405198, 1190.2625472358548], [290.002819143927, 1156.076274782602], [297.599480155948, 1264.7374527641452], [62.997180856072966, 1298.923725217398]], '가고@오드', 8.239334048083085e-05), ([[1026.172509771504, 1376.0490820806353], [1164.939851551394, 1415.0843251425244], [1145.827490228496, 1473.9509179193647], [1007.0601484486059, 1435.9156748574756]], '태0왕-갚?', 1.7036108076230836e-06), ([[1071.172509771504, 1456.0490820806353], [1208.9390183724422, 1495.0780325239411], [1189.827490228496, 1553.9509179193647], [1052.0609816275578, 1515.9219674760589]], '통흐라?', 9.865713946055621e-05)]
[]
[]
[]
[]
[([[42, 69], [814, 69], [814, 120], [42, 120]], "-즌6라-+ +물@+아 ^리,+.째+ 수- 감실입 +유즌 -.,+새,+'$", 1.864901864913984e-08), ([[41, 118], [831, 118], [831, 179], [41, 179]], '히교어-+ @물 (0@ 3,| `서5 6.꽂훨 6산++어미 [의탑명]_ @산+:', 1.0308155172161982e-07), ([[314, 526], [426, 526], [426, 576], [314, 576]], '장즐하}', 0.0031188714783638716), ([[27.17939749313149, 807.2664334821419], [355.77822857608123, 660.9388167476054], [409.8206025068685, 816.7335665178581], [81.2217714239188, 963.0611832523946]], '[득기터@)', 0.00025065706417550464)]
[([[44, 69], [930, 69], [930, 123], [44, 123]], '예++3-} 3마 3어산.+ ^~5 6.훨 6산++어마 +0 36도어,6 +유즌 커라73', 8.258870584040428e-08), ([[44, 122], [998, 122], [998, 174], [44, 174]], "+3+'-@어79+0 +^서 636! [,서-- +}입 3물신.+ 술.+도 *.김어차._", 4.7527564323732386e-08), ([[42, 170], [992, 170], [992, 225], [42, 225]], "5화@ 감어나어,'+6~36서+어 술커~ 6,+} (전입.물산.+ 커` :..명|7", 3.036467264928371e-09), ([[41, 218], [388, 218], [388, 272], [41, 272]], '엘6도어,6마9 ^서태 (라적]:', 6.18767570052388e-07), ([[369, 515], [465, 515], [465, 565], [369, 565]], '읽하꽉9', 0.001939280773513019), ([[854, 644], [946, 644], [946, 692], [854, 692]], '읽하화9', 0.00017613108502700925)]
[([[44, 72], [906, 72], [906, 122], [44, 122]], "[세 +}즌 3김나서+'5 ,분@맣 커3적라 -쪽~감 ^라훨서 새마 ;미+.-.", 4.746674506305615e-09), ([[41, 115], [977, 115], [977, 175], [41, 175]], '@|,+할3-+;어마 읽서대 교리,3 나-+ 6. ^라,+.--@| (어,-교-+.미+그없 +@', 1.7471536904814246e-10), ([[42, 170], [446, 170], [446, 225], [42, 225]], '[,@담찌,+ +^3+ ^라명명~탁교미9?', 7.317699375901581e-07), ([[290, 484], [386, 484], [386, 536], [290, 536]], '읽하9', 0.005290462690658785), ([[366, 548], [464, 548], [464, 600], [366, 600]], '03곤9', 0.0034960589837282896), ([[937, 652], [1056, 652], [1056, 713], [937, 713]], '장히하곤?', 0.0002806552814563341), ([[195, 751], [334, 751], [334, 806], [195, 806]], '(.라명9', 0.0002738394653214326), ([[135, 827], [274, 827], [274, 883], [135, 883]], '@리7?9', 0.009778549066727902), ([[866, 1112], [1011, 1112], [1011, 1175], [866, 1175]], '@객라?9', 0.00036903860208459895), ([[956, 1184], [1102, 1184], [1102, 1247], [956, 1247]], '@히7?9', 0.0007152836531964117), ([[922, 1386], [948, 1386], [948, 1410], [922, 1410]], '다', 0.5880100993688444)]
[([[44, 69], [770, 69], [770, 123], [44, 123]], '~~마 커응응,찌| [슷~ +^수-  +유즌 -~,+]미+ 커 [차@', 6.338813108374763e-08), ([[44, 122], [432, 122], [432, 170], [44, 170]], '+}입할.-+어세 ^~5[맣서녹-3', 1.3706753255229112e-07), ([[440, 132], [530, 132], [530, 164], [440, 164]], '교하풀히', 0.001304121222347021), ([[528, 124], [734, 124], [734, 176], [528, 176]], '교나저-커 나미+:', 0.00024507293703088755), ([[382, 509], [499, 509], [499, 566], [382, 566]], '장커~)', 0.0006469481159001589), ([[863, 636], [983, 636], [983, 696], [863, 696]], '장커올9', 0.0036806052085012197)]
[([[44, 70], [802, 70], [802, 123], [44, 123]], '~~마 +}~ 룹라검+.컨+@어  라,창5  |+ @어어| @마어나/교', 1.0553571987135413e-08), ([[44, 120], [706, 120], [706, 176], [44, 176]], '@@, 3,+같대 +^즌 커|_하,교-3+어탁 1- (|물명@-공;', 1.8944114077289252e-08), ([[41, 166], [698, 166], [698, 228], [41, 228]], '3풍히+;어탁미 [욕어-@|교,@ -어산히 6애 리권.뭄', 4.146747299184869e-09), ([[444, 287], [540, 287], [540, 337], [444, 337]], '장하교)', 0.002732798457145691), ([[378, 354], [472, 354], [472, 406], [378, 406]], '장하햇)', 0.00037457889993675053), ([[1009, 681], [1124, 681], [1124, 736], [1009, 736]], '장하}?', 0.003104717470705509)]
[([[43, 67], [753, 67], [753, 129], [43, 129]], '베손5 [천65 게` (-~서할-@ 얼3,3 나,물서-@-라,!:', 9.457534611057409e-08), ([[44, 120], [1016, 120], [1016, 172], [44, 172]], '지~김아머@카~5 이적6- 3,| 3++3-} 3김신서+- @교 +유즌 갚어----@-+|마:', 7.83367257298736e-10), ([[362, 307], [457, 307], [457, 363], [362, 363]], '휴.', 0.0030367454072130835), ([[462, 374], [554, 374], [554, 426], [462, 426]], '*@9', 0.0050641258049620086), ([[307, 545], [439, 545], [439, 606], [307, 606]], '(킬아:과)', 1.3007471114099396e-05), ([[974, 566], [1064, 566], [1064, 616], [974, 616]], '*라쪽)', 0.0017551329219713807), ([[234, 638], [328, 638], [328, 688], [234, 688]], '름애쩌)', 0.0004763275501318276), ([[1024, 628], [1135, 628], [1135, 682], [1024, 682]], '세라쪽)', 0.0027141498867422342)]
