2832794
27
[([[616, 850], [1168, 850], [1168, 923], [616, 923]], '거어애 + -라" +^. (;머목째슬|-쪽 (@ 6@', 4.2749612901394155e-07), ([[615, 925], [1045, 925], [1045, 969], [615, 969]], ':09`+~.응 교7 3 뉴~-} -3+.', 1.5324706127094706e-06)]
[([[619, 845], [939, 845], [939, 929], [619, 929]], '도축 예정인 가죽을', 0.8247564397010012), ([[618, 922], [1000, 922], [1000, 970], [618, 970]], '신선하게 판매하기 위한 방법', 0.9863009100098404)]
[([[734, 60], [1182, 60], [1182, 112], [734, 112]], '1. 작업중 가죽이 앞으로 쓰러지지', 0.9633284973232176), ([[732, 104], [992, 104], [992, 152], [732, 152]], '않도록 고정시권다:', 0.5306179177698465)]
[([[732, 59], [1189, 59], [1189, 115], [732, 115]], '2 발이나 기구등올 사용해 가죽의', 0.6320500202166808), ([[732, 104], [1066, 104], [1066, 156], [732, 156]], '복부틀 강하게 둥개준다.', 0.14483266961989136), ([[814, 424], [1058, 424], [1058, 730], [814, 730]], '퍽', 0.9999456413027019)]
[([[732, 59], [1116, 59], [1116, 112], [732, 112]], '3. 가축의 내장올 섞어준다는', 0.3377854365705002), ([[732, 104], [1076, 104], [1076, 152], [732, 152]], '느낌으로 작업올 진행하되', 0.88392366871004), ([[730, 146], [1116, 146], [1116, 196], [730, 196]], '죽어버리지 않도록 주의하다:', 0.4841022700425485), ([[759, 399], [941, 399], [941, 599], [759, 599]], '퍽', 0.9999470717758072), ([[803, 499], [1123, 499], [1123, 783], [803, 783]], '퍽퍽', 0.9318504426686727), ([[54, 1170], [176, 1170], [176, 1314], [54, 1314]], '퍽', 0.44611098669065896), ([[931, 1053], [1113, 1053], [1113, 1277], [931, 1277]], '퍽', 0.9986226536290275)]
[([[734, 60], [1160, 60], [1160, 110], [734, 110]], '4. 작업이 완료된 가죽은 운반과', 0.35308662229436866), ([[732, 104], [1202, 104], [1202, 152], [732, 152]], '도츠이 수월해지려 해체전까지 숨이', 0.2590137685217063), ([[732, 144], [1140, 144], [1140, 194], [732, 194]], '붙어있어 신선한 상태의 고기름', 0.5061341284185557), ([[732, 186], [950, 186], [950, 236], [732, 236]], '판매할 수 있다:', 0.5639843685648266), ([[616, 748], [720, 748], [720, 802], [616, 802]], '우월-', 0.12485295488197838), ([[135, 1203], [149, 1203], [149, 1233], [135, 1233]], '2', 0.9489165502657215), ([[985, 1229], [1071, 1229], [1071, 1291], [985, 1291]], '분들', 0.8345940451525912), ([[1077, 1265], [1163, 1265], [1163, 1327], [1077, 1327]], '분들', 0.8069050742443366), ([[101, 1371], [187, 1371], [187, 1433], [101, 1433]], '분들', 0.6507016661229247), ([[57, 1443], [139, 1443], [139, 1507], [57, 1507]], '분들', 0.8784675855776456)]
[([[734, 60], [1212, 60], [1212, 110], [734, 110]], '5. 가죽의 판매가 확정되경우 고정용', 0.45306981939547875), ([[732, 104], [1104, 104], [1104, 154], [732, 154]], '끈을 당겨 해체틀 준비한다.', 0.22088920280452237), ([[792, 422], [930, 422], [930, 526], [792, 526]], '귀 -', 0.4728857418807585)]
[([[734, 58], [1156, 58], [1156, 112], [734, 112]], '6. 해체틀 준비중인 가죽은 입에', 0.5014701870862338), ([[730, 104], [1116, 104], [1116, 152], [730, 152]], '거품올 물미 심한경런과 함께', 0.20159168509133252), ([[732, 144], [1072, 144], [1072, 194], [732, 194]], '배설 배뇨등올 동반하다.', 0.668542626573304), ([[787, 339], [871, 339], [871, 399], [787, 399]], '크욕', 0.4737881316962896), ([[79, 421], [139, 421], [139, 485], [79, 485]], '퀴', 0.007307925371051793), ([[75, 487], [165, 487], [165, 549], [75, 549]], '귀액', 0.24380449921696098), ([[783, 541], [825, 541], [825, 597], [783, 597]], '극', 0.9989938883701512), ([[712, 604], [790, 604], [790, 660], [712, 660]], '귀억', 0.916820742239089), ([[135, 1203], [149, 1203], [149, 1229], [135, 1229]], '2', 0.9696168819420024)]
[([[730, 60], [1182, 60], [1182, 112], [730, 112]], '7 가죽의 경권이 잦아들면 낙찰된', 0.1967213799852763), ([[732, 104], [1064, 104], [1064, 152], [732, 152]], '부위의 해체틀 시작하다:', 0.4636694396291663)]
[([[732, 58], [1158, 58], [1158, 111], [732, 111]], '8. 판매후 남은 몸통등의 부위는', 0.6630458692772914), ([[732, 104], [1122, 104], [1122, 152], [732, 152]], '분쇄육으로 만들어 사용하다:', 0.5205000747014378), ([[131, 1595], [179, 1595], [179, 1633], [131, 1633]], '이디0:', 0.014021972194314003), ([[90.01488842937003, 1568.701488842937], [138.82645635541715, 1544.6200720217291], [150.98511157062995, 1568.298511157063], [102.17354364458285, 1592.3799279782709]], '왜0트', 0.007579753357028556), ([[47.21456992734422, 1587.8858279709377], [100.12132034355965, 1568.8786796564405], [109.78543007265577, 1594.1141720290623], [55.878679656440355, 1613.1213203435595]], "'꼴토 `", 0.001501314421199338), ([[162.31671842700024, 1587.6583592135], [210.77409099088254, 1566.580785012433], [222.68328157299976, 1595.3416407865], [174.22590900911746, 1616.419214987567]], '[-', 0.13356728550180857), ([[60.42752122286237, 1605.4565127337173], [99.86564643080476, 1590.650667457505], [108.57247877713763, 1614.5434872662827], [69.13435356919524, 1629.349332542495]], "'?3*", 0.005468532915036328), ([[79.0, 1640.0], [128.64036670281618, 1612.4881884863128], [143.0, 1640.0], [93.35963329718382, 1666.5118115136872]], '(기0빼', 0.057490214705467224)]
[]
[([[735, 65], [1209, 65], [1209, 109], [735, 109]], "1 7절. +}. |훨~--어_| 나/ +0 '3터.", 4.402768239663906e-06), ([[733, 107], [1129, 107], [1129, 151], [733, 151]], "-나,. -^즌 티어,'+ 냐3 |,;79", 4.194759412778922e-05), ([[734, 146], [966, 146], [966, 196], [734, 196]], '+}찌 [어<.변나,@.', 5.437671969211902e-05), ([[717, 617], [765, 617], [765, 659], [717, 659]], '0', 0.7871398064928634)]
[]
[]
[]
[([[135, 1203], [149, 1203], [149, 1233], [135, 1233]], '2', 0.9413599841932161)]
[]
[([[133, 1203], [149, 1203], [149, 1231], [133, 1231]], '2', 0.9169094015524024)]
[]
[([[131, 1595], [179, 1595], [179, 1633], [131, 1633]], '이어0:', 0.01531895436346531), ([[91.21456992734423, 1566.8858279709377], [142.03712594485228, 1547.7977016812408], [150.78543007265577, 1573.1141720290623], [100.96287405514772, 1592.2022983187592]], '왜09도', 0.0026902758982032537), ([[47.21456992734422, 1587.8858279709377], [99.09430040838862, 1568.8519995811398], [108.78543007265577, 1594.1141720290623], [55.90569959161138, 1613.1480004188602]], '꼴:긋', 0.001058026865830486), ([[162.31671842700024, 1587.6583592135], [210.77409099088254, 1566.580785012433], [222.68328157299976, 1595.3416407865], [174.22590900911746, 1616.419214987567]], '[-', 0.1271472056461671), ([[59.42752122286237, 1606.4565127337173], [98.86564643080476, 1591.650667457505], [107.57247877713763, 1615.5434872662827], [68.13435356919524, 1630.349332542495]], "'태버*", 0.003781361162510575), ([[79.01985123916005, 1638.601985123916], [129.13856685041785, 1611.6196846557912], [143.98014876083997, 1640.398014876084], [93.86143314958215, 1667.3803153442088]], '10빼', 0.010260025039315224)]
[([[732, 64], [1128, 64], [1128, 112], [732, 112]], '2. 필-. >어고, 뉴@.+ 아,3 +아기|', 0.00011111012294120329), ([[733, 108], [1093, 108], [1093, 149], [733, 149]], '+0 -굽라-교 룹~5 36응어검.마.', 1.5550263603862996e-05), ([[837.3948504889051, 364.0073251917843], [1236.2355620497303, 649.8650564685829], [1108.6051495110949, 826.9926748082157], [709.7644379502698, 541.1349435314171]], '0위-쪽', 0.008681240491569042)]
[([[732, 60], [1197, 60], [1197, 112], [732, 112]], '3.[0교+ 라도카 >어0 리,. <할고-유79', 1.8304355924929128e-06), ([[734, 106], [1158, 106], [1158, 155], [734, 155]], '`라, 94+5 <어김명|서+.|거 64+ 6.', 2.954839243974094e-05), ([[732, 149], [1079, 149], [1079, 192], [732, 192]], '여라하.카미/ ,아+ +0 *텔굉 ^~<?', 1.418583194805814e-05), ([[775.1034024083145, 320.02682021885187], [1047.8595619072694, 396.95221585023495], [1007.8965975916855, 516.9731797811481], [735.1404380927306, 440.04778414976505]], '예묘위-쪽', 0.00034030067520169114), ([[856.3819437018306, 434.0083057080977], [1185.001534264965, 698.2968298553915], [1063.6180562981694, 851.9916942919023], [733.998465735035, 587.7031701446085]], '0위-쪽', 0.0028013912960886955), ([[1051.3180842932097, 498.0211571206783], [1239.9797594702518, 595.3330052658258], [1192.6819157067903, 680.9788428793217], [1004.0202405297482, 583.6669947341742]], "-묘'-쪽", 0.001492297649745888), ([[889.1172334123031, 1055.0205183645166], [1222.8582112657646, 1157.6831340444917], [1168.882766587697, 1307.9794816354834], [835.1417887342355, 1205.3168659555083]], '@오습-', 0.008705430664122105), ([[60.24255634285474, 1102.017938834235], [303.9873077041785, 1228.3628246929495], [239.75744365714525, 1344.982061165765], [-3.987307704178493, 1218.6371753070505]], '@~습-`', 0.000834553462614855)]
[([[734, 62], [1230, 62], [1230, 110], [734, 110]], '4 -|리젠/-+~,;9 3,응 +,3,-명어,+;79', 3.7415687441180254e-07), ([[733, 107], [1187, 107], [1187, 147], [733, 147]], '0 +^즌 |+~+어-| 게수/ 6. @3하;.대', 2.9775359610244295e-06), ([[732, 145], [1176, 145], [1176, 194], [732, 194]], '3카+서마 +^. [*어<@응,. -^@ 조|', 6.637612512135471e-07), ([[730, 188], [1103, 188], [1103, 237], [730, 237]], '도+라거 3;머@ 나,+; -화. 9서+5', 3.3309809124927624e-06), ([[730, 227], [1192, 227], [1192, 278], [730, 278]], '-고0/^+~마@어, ?라`미9 +찌 조@3+', 4.23138089864206e-07), ([[732, 272], [1006, 272], [1006, 320], [732, 320]], '뉴*. 35 [어도째6~:', 3.669123272221234e-05), ([[600, 746], [692, 746], [692, 798], [600, 798]], '0^', 0.00656565096533047), ([[133, 1203], [149, 1203], [149, 1233], [133, 1233]], '2', 0.9764684594370578), ([[951, 1219], [1090, 1219], [1090, 1279], [951, 1279]], '반신++변?', 5.8293346861190345e-06), ([[1054, 1276], [1190, 1276], [1190, 1330], [1054, 1330]], '[++라살', 8.382714846536347e-05), ([[87, 1372], [228, 1372], [228, 1433], [87, 1433]], '[갚?', 0.0013478475324136376), ([[44, 1446], [180, 1446], [180, 1502], [44, 1502]], '[6라?', 0.00018350823665969074)]
[([[734, 62], [1178, 62], [1178, 110], [734, 110]], "5. 이뉴 -화@'5 -||전 [젠 +}즌 *어명@", 7.211679928414069e-06), ([[732, 106], [1124, 106], [1124, 154], [732, 154]], '+0 [,.명3,. ^라5 -버히우/^+.<:', 2.448020889989019e-06), ([[783, 423], [911, 423], [911, 509], [783, 509]], '*@', 0.003437458901211002)]
[([[735, 63], [1137, 63], [1137, 105], [735, 105]], "6. 이}~7 -^.'$ 볶6어산+ +0 6.", 0.00012022153152307497), ([[728, 104], [1166, 104], [1166, 152], [728, 152]], '-리0/`+~마@응 -^찌 >태골 -+라,+ +0', 7.407189751564393e-07), ([[731, 146], [1228, 146], [1228, 194], [731, 194]], '<어,차나-긋 젠,;미3+. 3마것 (@너@표3+..', 1.1439070538115425e-07), ([[788, 348], [856, 348], [856, 396], [788, 396]], '*~쪽', 0.0019928598437746773), ([[74, 428], [146, 428], [146, 478], [74, 478]], '*하못', 0.00030483569980806), ([[72, 496], [160, 496], [160, 544], [72, 544]], '좁라쪽', 0.0010531016907319977), ([[783, 550], [883, 550], [883, 594], [783, 594]], '*^기못', 0.0034906056243926287), ([[710, 610], [778, 610], [778, 658], [710, 658]], '*~쪽', 0.0009905393454562716), ([[137.73567255981797, 328.0175441986347], [157.30035218169044, 326.022681470538], [163.26432744018203, 406.9824558013653], [144.69964781830956, 408.977318529462]], '5', 0.10384017015223268)]
[([[731, 65], [1157, 65], [1157, 105], [731, 105]], '7. 주~마 룹~마 <어,차나도;아마 ^라5', 2.6383201052282527e-06), ([[730, 106], [1029, 106], [1029, 150], [730, 150]], '-@++|.어 (어담마 -+3,+', 4.612893701767502e-05), ([[729, 143], [1104, 143], [1104, 194], [729, 194]], '(-교.김6.대79 `.5 60꺾>:', 1.5991909693100757e-06)]
[([[735, 64], [1137, 64], [1137, 107], [735, 107]], '8. 위~5 산,도어|어 3마응 |.너+아머~', 2.221102651833301e-05), ([[733, 107], [1116, 107], [1116, 151], [733, 151]], '6먼어훨명3,+$ 조끼이/ 6. 9싣어산/_', 3.811963222514902e-06), ([[733, 149], [1131, 149], [1131, 194], [733, 194]], '3모응 나-.어 35 9싣어젠/_ 굽목3+', 4.693263643289689e-06), ([[169, 1573], [217, 1573], [217, 1611], [169, 1611]], '이디0', 0.06572318265723075), ([[131, 1595], [179, 1595], [179, 1633], [131, 1633]], '이디0:', 0.022352252155542374), ([[91.12652114433655, 1567.1379563433009], [142.0935941807313, 1547.8513112355652], [150.87347885566345, 1571.8620436566991], [99.90640581926871, 1591.1486887644348]], '뉴0도', 0.017064567369166214), ([[47.316718427000254, 1586.6583592135], [100.14800041886012, 1568.9056995916114], [108.68328157299975, 1594.3416407865], [55.85199958113988, 1612.0943004083886]], "'후설 ", 0.0035492784809321165), ([[60.42752122286237, 1605.4565127337173], [98.85661667981054, 1591.6435249833173], [107.57247877713763, 1614.5434872662827], [69.14338332018946, 1629.3564750166827]], "'태3:", 0.0005756183689305569), ([[80.05825797292724, 1637.4116515945855], [129.72389126442786, 1613.5447609264208], [142.94174202707276, 1640.5883484054145], [93.27610873557215, 1665.4552390735792]], '기0빼', 0.03143658016950465)]
