2832752
21
[([[72, 30], [126, 30], [126, 62], [72, 62]], '배송', 0.9612645402910528), ([[0, 670], [28, 670], [28, 706], [0, 706]], '경"', 0.07195176043282071), ([[0.34801863336119165, 132.10925403674744], [44.99952757764783, 148.95653200918156], [37.65198136663881, 164.89074596325256], [-4.999527577647832, 148.04346799081844]], '7미:리', 0.02280351147055626)]
[([[46, 29], [484, 29], [484, 60], [46, 60]], '3. [,@명하,라+;아7 3,어 {미리| 가아치;-라+;어미도.', 3.2154501964475915e-07)]
[([[46, 28], [232, 28], [232, 56], [46, 56]], '4. 미도+리-들라+;아7 ;7', 0.00042085084065587636), ([[255, 26], [408, 26], [408, 58], [255, 58]], '명46의- -명라<..', 3.7419309777306354e-05), ([[461, 235], [530, 235], [530, 265], [461, 265]], '5퍼설:', 0.0016627723816782236), ([[180, 296], [253, 296], [253, 326], [180, 326]], '::.긋', 0.0021188929677009583), ([[510, 524], [552, 524], [552, 548], [510, 548]], '8(', 0.06383423357733636), ([[170, 540], [208, 540], [208, 564], [170, 564]], '>(', 0.009378245699893206)]
[([[45, 27], [389, 27], [389, 65], [45, 65]], '5. 터*명*라+;아< (하+서 |라담$ "서라*.', 3.745321459886279e-06), ([[461, 235], [530, 235], [530, 265], [461, 265]], '5퍼설:', 0.0010825161589309573), ([[180, 296], [253, 296], [253, 326], [180, 326]], '렉:극긋', 0.0013830311363562942)]
[([[43, 25], [555, 25], [555, 65], [43, 65]], "6. 가^. 명*어어나-+' $ @*명*라+;아탁 (리+. |35 @리명-.어", 8.795113181430862e-07), ([[461, 235], [532, 235], [532, 265], [461, 265]], '5:::', 0.0006130972760729492), ([[180, 296], [253, 296], [253, 326], [180, 326]], '렉:극긋', 0.0005705198855139315)]
[([[72, 26], [349, 26], [349, 63], [72, 63]], '마-오어도히| 이 +}@ 명*어응나<+.', 1.3808779764482792e-05), ([[460, 235], [532, 235], [532, 265], [460, 265]], '5:::', 0.001704318798147142), ([[180, 296], [253, 296], [253, 326], [180, 326]], '::극긋', 0.0008043499547056854)]
[([[0, 670], [28, 670], [28, 706], [0, 706]], '경', 0.12944489630692946), ([[0.38599444015448314, 131.0965827644789], [44.99593816572725, 149.8725996915493], [37.614005559845516, 165.9034172355211], [-5.995938165727253, 147.1274003084507]], '끄잇니다', 0.006009348202496767)]
[([[0, 670], [28, 670], [28, 706], [0, 706]], '경"', 0.046717525609363375), ([[0.38599444015448314, 131.0965827644789], [44.99952757764783, 148.95653200918156], [37.614005559845516, 165.9034172355211], [-4.999527577647832, 148.04346799081844]], '7미', 0.4681022192423173)]
[]
[([[462, 236], [530, 236], [530, 264], [462, 264]], '5:.:', 0.006638881750404835), ([[180, 296], [253, 296], [253, 326], [180, 326]], '-:.긋', 0.00228132214397192), ([[510, 524], [552, 524], [552, 548], [510, 548]], '8(', 0.09009789844198786), ([[170, 540], [208, 540], [208, 564], [170, 564]], '>(', 0.010609866506520916)]
[([[461, 235], [530, 235], [530, 265], [461, 265]], '5퍼설:', 0.0014745623338967562), ([[180, 296], [253, 296], [253, 326], [180, 326]], '렉:격_', 0.0011371271684765816)]
[([[46, 30], [174, 30], [174, 60], [46, 60]], '2. 포장제거', 0.8529070739335131), ([[0, 670], [28, 670], [28, 706], [0, 706]], '경"', 0.06885943421322), ([[1.4034500137281063, 131.09104004392995], [44.99593816572725, 149.8725996915493], [37.596549986271896, 166.90895995607005], [-5.995938165727253, 147.1274003084507]], '꼬미다', 0.017645563812452417)]
[([[461, 235], [532, 235], [532, 265], [461, 265]], '5:::', 0.0007628154708072543), ([[180, 296], [253, 296], [253, 326], [180, 326]], '렉:극긋', 0.0007122353417798877)]
[([[461, 235], [532, 235], [532, 265], [461, 265]], '5:::', 0.0007517576450482011), ([[180, 296], [253, 296], [253, 326], [180, 326]], '렉:극긋', 0.00040873014950193465)]
[([[46, 30], [126, 30], [126, 60], [46, 60]], '3. 가공', 0.9952042492644714)]
[([[44, 28], [228, 28], [228, 60], [44, 60]], '4. 공공장소 설치', 0.795000096550945), ([[461, 235], [530, 235], [530, 265], [461, 265]], '5퍼설:', 0.0009853048250079155), ([[180, 296], [253, 296], [253, 326], [180, 326]], ':::긋', 0.0021626914385706186), ([[510, 524], [552, 524], [552, 548], [510, 548]], '8(', 0.07662940715024202), ([[170, 540], [208, 540], [208, 564], [170, 564]], '>(', 0.009940231381297482)]
[([[45, 25], [232, 25], [232, 64], [45, 64]], '5. 사용기한 임박', 0.9679546304111109), ([[461, 235], [532, 235], [532, 265], [461, 265]], '5:::', 0.0007779778097756207), ([[180, 296], [253, 296], [253, 326], [180, 326]], '렉:극긋', 0.0009184138616546988)]
[([[43, 26], [229, 26], [229, 64], [43, 64]], '6. 사용기한 만료', 0.9624535014185351), ([[461, 235], [532, 235], [532, 265], [461, 265]], '5:꾸:', 0.0007017286261543632), ([[180, 296], [253, 296], [253, 326], [180, 326]], '렉:극긋', 0.0004461450153030455)]
[([[74, 30], [126, 30], [126, 60], [74, 60]], '폐기', 0.9978654242466632), ([[461, 235], [532, 235], [532, 265], [461, 265]], '5:::', 0.0005620962474495173), ([[180, 296], [253, 296], [253, 326], [180, 326]], '렉:극긋', 0.0006804497679695487)]
[([[74, 32], [170, 32], [170, 58], [74, 58]], '[*어어나(+', 0.00022583586673010814), ([[167, 25], [359, 25], [359, 66], [167, 66]], '땀,79 -유;명명;79.', 4.3770014811214344e-05), ([[0, 670], [28, 670], [28, 706], [0, 706]], '경', 0.15261874224459238), ([[0.38599444015448314, 131.0965827644789], [43.99950635566322, 148.9555665254297], [37.614005559845516, 165.9034172355211], [-4.99950635566322, 148.0444334745703]], '7미리', 0.10043513555773871)]
[([[47, 31], [65, 31], [65, 55], [47, 55]], '2', 0.9999997615814351), ([[72, 29], [335, 29], [335, 65], [72, 65]], '맛@악아앙미| 0뉴 [라-니라9마9:', 1.0497974263010138e-05), ([[0, 670], [28, 670], [28, 706], [0, 706]], '경"', 0.06856186677034186), ([[0.4034500137281063, 131.09104004392995], [44.99279601441196, 150.83040033919897], [37.596549986271896, 166.90895995607005], [-5.992796014411956, 147.16959966080103]], '`미', 0.2536877832148911)]
