2832998
11
[([[18, 278], [1014, 278], [1014, 430], [18, 430]], '몸기품- &훌중화33쇼"33천전운주8=', 6.517000177903939e-07), ([[27, 402], [316, 402], [316, 480], [27, 480]], '&요숨6화려고@', 0.00013665328350189883), ([[28, 464], [828, 464], [828, 540], [28, 540]], '&@속숨(3움3000337300*,033@', 0.00032813623431333206), ([[28, 519], [780, 519], [780, 600], [28, 600]], '`움003380)0583830033@', 0.0261725688131111), ([[307.6076433315133, 178.49757966248058], [461.3896260065324, 159.36334842845898], [465.3923566684867, 212.50242033751942], [311.6103739934676, 232.63665157154102]], '허초 -"', 0.07089036406943627)]
[]
[]
[([[77, 25], [203, 25], [203, 67], [77, 67]], '구*로6터다', 0.013324643957985058), ([[71, 77], [201, 77], [201, 97], [71, 97]], '27#7하5_#,] #다', 0.06641973664984394), ([[563, 467], [593, 467], [593, 485], [563, 485]], '협협', 0.018515760913018035), ([[549, 485], [607, 485], [607, 505], [549, 505]], '1굽"7국', 0.10310126988025277), ([[545, 507], [609, 507], [609, 525], [545, 525]], '##다벼 ', 0.10090950357583181), ([[88, 666], [146, 666], [146, 692], [88, 692]], '#:요', 0.031924308675357456), ([[102, 696], [158, 696], [158, 722], [102, 722]], '#표"', 0.21492021416218635)]
[([[25, 27], [259, 27], [259, 69], [25, 69]], '구*성6다다 ( 숫째 )', 0.020020925219703292), ([[71, 77], [201, 77], [201, 97], [71, 97]], '27#7하5_#, #방', 0.02382753760143986), ([[11, 497], [84, 497], [84, 538], [11, 538]], '맘미히내', 0.056846052408218384), ([[546, 442], [594, 442], [594, 528], [546, 528]], '"', 0.01764376375123633), ([[514, 596], [570, 596], [570, 654], [514, 654]], '모류', 0.13857776324003768), ([[45, 807], [103, 807], [103, 843], [45, 843]], '못뒤', 0.035808061103311695)]
[([[119, 24], [227, 24], [227, 60], [119, 60]], '-유리고7높@', 7.724613083109007e-05), ([[89, 69], [191, 69], [191, 83], [89, 83]], '2 이+서더5  >라,7', 0.00046933247401149774), ([[73, 85], [209, 85], [209, 101], [73, 101]], '새도볶이커 "`째어 -형가]7', 1.8049517552836467e-06), ([[563, 465], [593, 465], [593, 479], [563, 479]], '포^하-', 0.0034252976967293503), ([[549, 481], [607, 481], [607, 495], [549, 495]], '{하7* >어뒤', 0.0015854540192098024), ([[557, 497], [599, 497], [599, 511], [557, 511]], "뉴)' +룹8", 0.0003931407161408815), ([[557, 513], [599, 513], [599, 527], [557, 527]], '어*7`.', 0.003675811568826093), ([[65.10517502059216, 24.136560065894912], [125.82630789515315, 30.994026003420068], [121.89482497940784, 61.86343993410509], [61.17369210484686, 54.00597399657993]], '-^4용', 0.0031315346714109182), ([[85.41000317999045, 661.4560050879847], [159.70708605184123, 654.7070633782251], [161.58999682000953, 682.5439949120153], [87.29291394815878, 689.2929366217749]], '가^0권"', 0.000653211723893617), ([[79.47893962030982, 691.4141973545267], [153.69126710098058, 684.6744505323528], [155.52106037969017, 713.5858026454733], [81.30873289901943, 720.3255494676472]], '가0권거', 0.0008582374430261552)]
[([[19, 24], [269, 24], [269, 62], [19, 62]], '-나용 -^하하,용공 (5미.드)', 1.7473194877729646e-05), ([[89, 69], [191, 69], [191, 83], [89, 83]], '2 1+새칭5 0 "라,7', 0.000397570272201401), ([[73, 85], [209, 85], [209, 101], [73, 101]], '{져사이> 교`째어 -쇄<쇄7', 1.7663463527275915e-06), ([[547, 439], [605, 439], [605, 481], [547, 481]], '60}', 0.06229145965596162), ([[10, 490], [83, 490], [83, 539], [10, 539]], "'609}'", 0.028765729810521598), ([[515, 595], [581, 595], [581, 633], [515, 633]], '[차*싣', 0.0003485390043351799), ([[509, 641], [587, 641], [587, 679], [509, 679]], '*하하마구', 0.00016502617604505923), ([[41, 797], [107, 797], [107, 835], [41, 835]], '-08', 0.0083513201258734), ([[177.60276070150212, 175.34524533285406], [234.50382821968518, 169.34747337500778], [236.39723929849788, 199.65475466714594], [179.49617178031482, 205.65252662499222]], ',후쪽', 0.0012400968928658774)]
[([[68, 32], [224, 32], [224, 60], [68, 60]], '-낯습규3 +9 ;', 0.021780712805922704), ([[36, 76], [250, 76], [250, 100], [36, 100]], '#신+디+++2"" #-2', 0.008075002195393415), ([[547, 467], [613, 467], [613, 483], [547, 483]], ' . #켜표', 0.013328622945659955), ([[557, 483], [603, 483], [603, 499], [557, 499]], '삶: 한<', 0.13760701885829743), ([[541, 499], [605, 499], [605, 513], [541, 513]], '"+스술 총화', 0.02486159996110534), ([[83, 659], [144, 659], [144, 690], [83, 690]], '":', 0.07573961313100486), ([[102, 690], [160, 690], [160, 714], [102, 714]], '배누다', 0.03995341886020051)]
[([[44, 32], [264, 32], [264, 62], [44, 62]], '듯삶37 +내9> (*묻)', 0.0036215515650558994), ([[36, 76], [250, 76], [250, 100], [36, 100]], '{출\'+-0+++2\'"+14-*>', 0.007624539541972082), ([[499, 618], [595, 618], [595, 662], [499, 662]], '[비초청>', 0.0055909412993334125), ([[46, 806], [94, 806], [94, 836], [46, 836]], '7130', 0.4604854603922442), ([[160.47893962030983, 185.4141973545267], [239.72719446868285, 178.75003586852037], [241.52106037969017, 207.5858026454733], [162.27280553131715, 214.24996413147963]], '허초--"', 0.03968390917956274)]
[([[77, 33], [207, 33], [207, 69], [77, 69]], '원상 챔런지', 0.1677297639954139), ([[52, 72], [226, 72], [226, 96], [52, 96]], '갖 짜번 따끈다곤한 정액 2리터', 0.31275131172310777), ([[549, 473], [607, 473], [607, 493], [549, 493]], '잘, 잘먹켓', 0.7782706069914905), ([[551, 493], [603, 493], [603, 513], [551, 513]], '습니다 ', 0.6354333162307739), ([[94, 662], [144, 662], [144, 694], [94, 694]], '두근애', 0.1373564946189612), ([[108, 692], [160, 692], [160, 724], [108, 724]], '두근,', 0.16308409657007777)]
[([[39, 33], [243, 33], [243, 71], [39, 71]], '원사 철런지 (실패)', 0.2008739449981451), ([[52, 72], [226, 72], [226, 96], [52, 96]], '갖 짜번 따끈다곤한 정액 2리터', 0.3320727819084086), ([[545, 449], [597, 449], [597, 491], [545, 491]], '그움', 0.8057525130703445), ([[21, 491], [73, 491], [73, 531], [21, 531]], '그옥', 0.5224223187773134), ([[520, 604], [574, 604], [574, 636], [520, 636]], '끄으', 0.6560813462276519), ([[507, 631], [589, 631], [589, 675], [507, 675]], '으으욕', 0.8169920212669565), ([[47, 799], [95, 799], [95, 837], [47, 837]], '출팅', 0.1305987039731521), ([[166.17086771745093, 178.6221280326862], [230.58461538461538, 169.47692307692307], [233.82913228254907, 196.3778719673138], [169.41538461538462, 205.52307692307693]], "'브에액 :", 0.27108013560840927)]
