2835115
141
[([[66, 12], [288, 12], [288, 66], [66, 66]], '탈#사한되; ]@', 0.008332745203568592), ([[64, 56], [224, 56], [224, 110], [64, 110]], '[ (수 180#', 0.0018654533424834238), ([[433, 38], [471, 38], [471, 170], [433, 170]], '#', 0.7348054762806875), ([[1115, 11], [1177, 11], [1177, 131], [1115, 131]], '%', 0.013078427087825306), ([[4, 30], [64, 30], [64, 227], [4, 227]], '짧', 0.012655885557473712), ([[60, 93], [275, 93], [275, 183], [60, 183]], '#]스춤;', 0.0017835253997444238), ([[216, 168], [266, 168], [266, 218], [216, 218]], '대육', 0.012859001249872637), ([[81, 189], [99, 189], [99, 245], [81, 245]], '흙', 0.5936483963340642), ([[9, 237], [57, 237], [57, 277], [9, 277]], '벼8', 0.02664290065220922), ([[11, 285], [55, 285], [55, 605], [11, 605]], "'", 0.2930273704629691), ([[69, 513], [121, 513], [121, 619], [69, 619]], '품', 0.013369726777913427), ([[126, 448], [176, 448], [176, 622], [126, 622]], '#', 0.9688993268557624), ([[153, 455], [171, 455], [171, 501], [153, 501]], '군', 0.3617125946676403), ([[901, 532], [1087, 532], [1087, 577], [901, 577]], '#다가74슬권', 0.009664869188383286), ([[1108, 123], [1180, 123], [1180, 620], [1108, 620]], "'", 0.03529391477087884), ([[902, 568], [1092, 568], [1092, 616], [902, 616]], '꾸훈"교피운', 0.00026858133400889974)]
[([[316, 0], [421, 0], [421, 66], [316, 66]], '(', 0.9607563870065547), ([[913, 296], [939, 296], [939, 330], [913, 330]], '6', 0.20339054767113396), ([[259, 492], [313, 492], [313, 531], [259, 531]], '0', 0.09097198561807662), ([[219, 645], [439, 645], [439, 864], [219, 864]], '74', 0.2729999631471841), ([[1292, 1711], [1360, 1711], [1360, 1761], [1292, 1761]], '디0', 0.3145842353608047), ([[1179, 1773], [1339, 1773], [1339, 1878], [1179, 1878]], '@맘', 0.14098899949781), ([[42, 1951], [451, 1951], [451, 2374], [42, 2374]], '맨', 0.09774008701732839), ([[539, 2524], [680, 2524], [680, 2568], [539, 2568]], '#', 0.03132502314767138), ([[724, 2526], [843, 2526], [843, 2566], [724, 2566]], "'사4+", 0.005753956735134125), ([[1094.493720958576, 61.00356015475676], [1359.8449401243834, 106.73407426674892], [1230.506279041424, 843.9964398452432], [965.1550598756166, 798.265925733251]], '틀', 0.08355668094069202), ([[28.10381814744009, 461.09009054812094], [250.29925578022542, 431.01674987237624], [262.8961818525599, 605.909909451879], [40.70074421977458, 635.9832501276237]], '사스', 0.11824593709148798), ([[301.7639320225002, 491.5278640450004], [385.0686673560337, 478.09380903140453], [390.2360679774998, 520.4721359549995], [306.9313326439663, 533.9061909685955]], "'하51", 0.011247120797634125), ([[1303.5564528461489, 1021.004098976652], [1480.7160055274796, 1064.6455605966387], [1343.4435471538511, 1609.9959010233479], [1167.2839944725204, 1566.3544394033613]], "'", 0.169359776452219), ([[1007.0625747279902, 1445.0630529871278], [1084.6854489576788, 1473.925205495893], [1061.9374252720097, 1532.9369470128722], [984.3145510423213, 1505.074794504107]], '5', 0.7599872361198301)]
[]
[]
[]
[]
[]
[]
[]
[]
[]
[]
[([[354, 70], [423, 70], [423, 120], [354, 120]], '쫓밥', 0.7437212063783344), ([[309, 123], [472, 123], [472, 168], [309, 168]], '자지남에계', 0.8187130863719583), ([[292, 171], [465, 171], [465, 219], [292, 219]], '[타락해서요', 0.5303505426116872), ([[334, 258], [457, 258], [457, 306], [334, 306]], '오늘부터', 0.9996259212493896), ([[1009, 243], [1146, 243], [1146, 292], [1009, 292]], "'안되국다_", 0.2059637918415112), ([[308, 304], [489, 304], [489, 360], [308, 360]], '이 분 전용의', 0.9982256924567386), ([[1002, 288], [1181, 288], [1181, 348], [1002, 348]], "'싫어 활수록", 0.9639303131843742), ([[348, 356], [447, 356], [447, 407], [348, 407]], '칼집이', 0.6565004764141688), ([[1042, 340], [1142, 340], [1142, 397], [1042, 397]], '몸통이', 0.8829792385698594), ([[340, 405], [453, 405], [453, 457], [340, 457]], '돌계롯~', 0.045413680374622345), ([[1009, 393], [1175, 393], [1175, 441], [1009, 441]], '금방 무너저', 0.6818451374723691), ([[1028, 441], [1152, 441], [1152, 491], [1028, 491]], '요우무의', 0.9945511221885681), ([[875, 506], [922, 506], [922, 549], [875, 549]], '0 @', 0.2982062191276116), ([[1044, 493], [1138, 493], [1138, 542], [1044, 542]], '조언도', 0.9977798816745774), ([[10, 546], [124, 546], [124, 594], [10, 594]], '요우무~', 0.9811455607414246), ([[326, 520], [374, 520], [374, 628], [326, 628]], '물', 0.9745635298807009), ([[1036, 542], [1146, 542], [1146, 594], [1036, 594]], '구할 수', 0.5992647795767952), ([[0, 596], [139, 596], [139, 649], [0, 649]], '오늘 밥은', 0.9977319292648131), ([[1050, 594], [1134, 594], [1134, 642], [1050, 642]], '있에!', 0.534107068825543), ([[325, 625], [375, 625], [375, 666], [325, 666]], '까', 0.9987423800182036), ([[14, 647], [120, 647], [120, 697], [14, 697]], '팔날이', 0.18497907235068117), ([[37, 700], [95, 700], [95, 744], [37, 744]], '먹고', 0.9995123115072259), ([[0, 717], [349, 717], [349, 1026], [0, 1026]], '7', 0.8574372525529874), ([[1206, 936], [1292, 936], [1292, 1115], [1206, 1115]], '보', 0.15952245159132872), ([[289, 1579], [333, 1579], [333, 1597], [289, 1597]], '요구', 0.01416827854882697), ([[1256, 1704], [1365, 1704], [1365, 1764], [1256, 1764]], '구.~', 0.005275023169404119), ([[137, 1852], [235, 1852], [235, 1909], [137, 1909]], '만다', 0.23409893284823302), ([[1351, 1948], [1411, 1948], [1411, 2012], [1351, 2012]], '0', 0.6403090468515735), ([[539, 2526], [891, 2526], [891, 2568], [539, 2568]], '후##꺼', 0.0020627430640161037), ([[570.5297731996558, 26.009216591221488], [661.3849653895188, 38.276094566172034], [625.4702268003442, 304.9907834087785], [533.6150346104812, 292.72390543382795]], '"', 0.11334230184507987), ([[483.7528044540644, 154.0043660500231], [538.2339828874993, 146.0039116637683], [583.2471955459356, 450.99563394997693], [527.7660171125007, 458.9960883362317]], '[', 0.07656692522631658), ([[1067.1248731882679, 1717.0225398523987], [1287.8602237327784, 1812.8244872602866], [1226.8751268117321, 1944.9774601476013], [1006.1397762672216, 1849.1755127397134]], '@쁨', 0.011061699124344203), ([[253.3446046887869, 1866.0359026679605], [331.9032194605994, 1924.9266873708002], [299.6553953112131, 1968.9640973320395], [221.09678053940056, 1909.0733126291998]], '5*"', 0.2459533254721534), ([[1308.4034500137282, 1959.09104004393], [1351.9981916813663, 1977.9149705667503], [1344.5965499862718, 1994.90895995607], [1301.0018083186337, 1976.0850294332497]], '838', 0.10195374187665518), ([[1026.1711513259243, 2218.0430527288736], [1120.9921800141622, 2270.6463637161874], [1086.8288486740757, 2329.9569472711264], [992.007819985838, 2276.3536362838126]], '어옷;', 0.16633680307912838), ([[1022.3720990679193, 2342.0395826365625], [1110.9940034997974, 2388.755195906873], [1087.6279009320806, 2430.9604173634375], [999.0059965002026, 2384.244804093127]], '나+~', 0.06656442163877994)]
[]
[]
[]
[]
[]
[]
[]
[]
[]
[]
[([[1871, 153], [2025, 153], [2025, 239], [1871, 239]], '구.~', 0.012135099876358597), ([[1667, 267], [1751, 267], [1751, 333], [1667, 333]], "'", 0.5768610242840033), ([[1853, 267], [2027, 267], [2027, 333], [1853, 333]], "'", 0.7633863089019002), ([[815, 1344], [1013, 1344], [1013, 1406], [815, 1406]], '+', 0.10754428335218691), ([[1119, 1345], [1335, 1345], [1335, 1405], [1119, 1405]], '거:', 0.1353000465169824)]
[]
[]
[]
[]
[]
[]
[]
[]
[]
[]
[([[1871, 153], [2025, 153], [2025, 239], [1871, 239]], '구.~', 0.016676189328964638), ([[1667, 265], [1751, 265], [1751, 333], [1667, 333]], "'", 0.5768610242840033), ([[1853, 267], [2027, 267], [2027, 333], [1853, 333]], "'", 0.23678183356443672), ([[1114, 1346], [1336, 1346], [1336, 1408], [1114, 1408]], '나', 0.09035646737489689), ([[1362, 1350], [1414, 1350], [1414, 1406], [1362, 1406]], '+', 0.8565612378410812)]
[]
[]
[]
[]
[]
[]
[]
[]
[]
[]
[([[1871, 153], [2025, 153], [2025, 239], [1871, 239]], '구.~', 0.01228105428920682), ([[1667, 267], [1751, 267], [1751, 333], [1667, 333]], "'", 0.5768610242840033), ([[1849, 265], [2027, 265], [2027, 333], [1849, 333]], "'", 0.6905553042901182), ([[815, 1345], [1093, 1345], [1093, 1409], [815, 1409]], '#', 0.03493280377527186), ([[1133, 1345], [1337, 1345], [1337, 1409], [1133, 1409]], '+', 0.02857948216627748)]
[]
[]
[([[1871, 153], [2025, 153], [2025, 239], [1871, 239]], '구.~', 0.01414500699785754), ([[1667, 265], [1755, 265], [1755, 333], [1667, 333]], "'", 0.5768610242840033), ([[1851, 267], [2031, 267], [2031, 333], [1851, 333]], "'", 0.7144765998848612), ([[813, 1344], [1015, 1344], [1015, 1411], [813, 1411]], '짝', 0.03187369786218497), ([[1115, 1347], [1341, 1347], [1341, 1409], [1115, 1409]], '나+:', 0.20426612551376783), ([[1357, 1349], [1417, 1349], [1417, 1409], [1357, 1409]], '+', 0.9113419130017064)]
[([[1871, 153], [2025, 153], [2025, 239], [1871, 239]], '구.입', 0.012649280074592626), ([[1667, 265], [1753, 265], [1753, 333], [1667, 333]], "'", 0.5768610242840033), ([[1851, 264], [2025, 264], [2025, 332], [1851, 332]], "'", 0.30767399074102286), ([[816, 1348], [1002, 1348], [1002, 1404], [816, 1404]], '사', 0.03998191322743683), ([[1167, 1347], [1339, 1347], [1339, 1409], [1167, 1409]], '+:', 0.02998618273706963)]
[([[1871, 153], [2025, 153], [2025, 239], [1871, 239]], '구.~', 0.013965915235419731), ([[1667, 265], [1753, 265], [1753, 333], [1667, 333]], "'", 0.5987756883602202), ([[1851, 269], [2021, 269], [2021, 333], [1851, 333]], '비문-?', 0.0021101930178701878), ([[1121, 1347], [1337, 1347], [1337, 1409], [1121, 1409]], '+', 0.05731201010460851), ([[1362, 1348], [1414, 1348], [1414, 1406], [1362, 1406]], '+', 0.9435859274245253)]
[([[1871, 153], [2025, 153], [2025, 239], [1871, 239]], '구.입', 0.010166274417256073), ([[1667, 267], [1751, 267], [1751, 333], [1667, 333]], '다', 0.13901352294146818), ([[1851, 269], [1953, 269], [1953, 333], [1851, 333]], ';', 0.13352795300678455), ([[815, 1345], [1043, 1345], [1043, 1409], [815, 1409]], '내', 0.07764830592590499)]
[([[1871, 153], [2025, 153], [2025, 239], [1871, 239]], '구.~', 0.012044464175577559), ([[1667, 265], [1751, 265], [1751, 333], [1667, 333]], "'", 0.5768610242840033), ([[1853, 269], [1935, 269], [1935, 333], [1853, 333]], '꽤)', 0.0015941069093816137), ([[814, 1344], [1023, 1344], [1023, 1410], [814, 1410]], '#', 0.17398248915306258), ([[1145, 1345], [1415, 1345], [1415, 1409], [1145, 1409]], '# +', 0.3271336854540319)]
[([[383, 169], [493, 169], [493, 223], [383, 223]], '이런~', 0.9999085314504857), ([[367, 236], [506, 236], [506, 297], [367, 297]], '저런 일', 0.9998252947254496), ([[379, 307], [496, 307], [496, 367], [379, 367]], '오늘도', 0.9998174081411082), ([[394, 375], [484, 375], [484, 440], [394, 440]], '힘이', 0.9973800624353975), ([[637, 355], [704, 355], [704, 424], [637, 424]], '(', 0.7519269126628956), ([[387, 461], [489, 461], [489, 493], [387, 493]], '나네~', 0.9443558720765619), ([[1144, 518], [1273, 518], [1273, 566], [1144, 566]], '베이지', 0.9998606984567576), ([[1131, 583], [1286, 583], [1286, 643], [1131, 643]], '않논 것', 0.3743707236902336), ([[37, 549], [210, 549], [210, 800], [37, 800]], '1', 0.023915872091102353), ([[1137, 654], [1284, 654], [1284, 714], [1137, 714]], '따위는!', 0.4702540636062622), ([[1162, 722], [1260, 722], [1260, 785], [1162, 785]], '별로!', 0.6771564757748132), ([[1156, 793], [1264, 793], [1264, 853], [1156, 853]], '없다!', 0.7858205979355555), ([[1256, 1704], [1365, 1704], [1365, 1764], [1256, 1764]], '구.입', 0.0025970717614173344), ([[927, 1783], [993, 1783], [993, 1883], [927, 1883]], '"', 0.0022818626629048655), ([[537, 2524], [895, 2524], [895, 2568], [537, 2568]], '+나나국버', 0.004655540050774269), ([[356.91541525424566, 1795.2447440678318], [406.6697793233946, 1749.024957066512], [495.08458474575434, 1854.7552559321682], [446.3302206766054, 1900.975042933488]], '"', 0.329395400040994)]
[([[1871, 153], [2025, 153], [2025, 239], [1871, 239]], '유.입', 0.010957305054177203), ([[1667, 265], [1753, 265], [1753, 333], [1667, 333]], "'", 0.5447508607403506), ([[1853, 269], [1955, 269], [1955, 333], [1853, 333]], '반다', 0.0012921428288851628), ([[814, 1348], [1011, 1348], [1011, 1409], [814, 1409]], '++', 0.04133004449965299), ([[1165, 1345], [1419, 1345], [1419, 1409], [1165, 1409]], '#버 +', 0.14715295412785065)]
[([[1871, 153], [2025, 153], [2025, 239], [1871, 239]], '구.~', 0.01360867787896614), ([[1667, 267], [1753, 267], [1753, 333], [1667, 333]], "'", 0.5495550096679978), ([[1850, 265], [2024, 265], [2024, 334], [1850, 334]], '%?', 0.040664055099310197), ([[815, 1344], [1013, 1344], [1013, 1406], [815, 1406]], '+', 0.09597038901394317), ([[1115, 1345], [1291, 1345], [1291, 1407], [1115, 1407]], '++', 0.08237172619970924)]
[([[1871, 153], [2025, 153], [2025, 239], [1871, 239]], '구.입', 0.01551974261348708), ([[1667, 265], [1753, 265], [1753, 333], [1667, 333]], "'", 0.5832761223882841), ([[1853, 269], [2025, 269], [2025, 333], [1853, 333]], '3', 0.03225181940790933), ([[815, 1344], [1007, 1344], [1007, 1406], [815, 1406]], '+', 0.31720497884089127)]
[([[1871, 153], [2025, 153], [2025, 239], [1871, 239]], '구.~', 0.016430676573480452), ([[1667, 265], [1751, 265], [1751, 333], [1667, 333]], '대', 0.190240951459125), ([[1851, 269], [2019, 269], [2019, 333], [1851, 333]], '석:하로7', 0.0044834041193419815), ([[815, 1349], [1008, 1349], [1008, 1405], [815, 1405]], '4', 0.15347404635337458), ([[1119, 1347], [1339, 1347], [1339, 1409], [1119, 1409]], '나:버', 0.1122707416796068), ([[1360, 1348], [1414, 1348], [1414, 1406], [1360, 1406]], '+', 0.9392546239187141)]
[([[1871, 153], [2025, 153], [2025, 239], [1871, 239]], '구.~', 0.015415343929198662), ([[1667, 267], [1751, 267], [1751, 333], [1667, 333]], "'", 0.5768610242840033), ([[1853, 269], [1935, 269], [1935, 333], [1853, 333]], '마희', 0.00010172067679683476), ([[817, 1347], [1091, 1347], [1091, 1409], [817, 1409]], '내4', 0.04459690578087029)]
[([[1871, 153], [2025, 153], [2025, 239], [1871, 239]], '구.~', 0.013973186339802775), ([[1667, 267], [1751, 267], [1751, 333], [1667, 333]], "'", 0.5768610242840033), ([[1851, 269], [2009, 269], [2009, 333], [1851, 333]], '꽤', 0.0024352972112312715), ([[815, 1347], [1023, 1347], [1023, 1409], [815, 1409]], '444', 0.022265546758740224), ([[1161, 1345], [1343, 1345], [1343, 1409], [1161, 1409]], '#', 0.7611481914961047), ([[1358, 1350], [1414, 1350], [1414, 1404], [1358, 1404]], '+', 0.24634464530521516)]
[([[1869, 152], [2026, 152], [2026, 240], [1869, 240]], '묘.입', 0.019604672513560552), ([[1667, 265], [1753, 265], [1753, 333], [1667, 333]], "'", 0.5768610242840033), ([[1851, 269], [2021, 269], [2021, 333], [1851, 333]], '비고적', 0.006148311347765479), ([[815, 1349], [1008, 1349], [1008, 1406], [815, 1406]], '4', 0.012646313696038414), ([[1167, 1347], [1419, 1347], [1419, 1409], [1167, 1409]], '+ +', 0.30417123007055663)]
[([[1871, 155], [2025, 155], [2025, 239], [1871, 239]], '구입', 0.012472333489236372), ([[1667, 264], [2025, 264], [2025, 332], [1667, 332]], '00:2.06"  37', 0.16768613128796409), ([[817, 1347], [1043, 1347], [1043, 1407], [817, 1407]], '4', 0.013891207172265274), ([[1115, 1347], [1337, 1347], [1337, 1409], [1115, 1409]], '나+나:', 0.03877485170960426), ([[1362, 1350], [1416, 1350], [1416, 1406], [1362, 1406]], '+', 0.5215725476972608)]
[]
[]
[([[947, 145], [1064, 145], [1064, 201], [947, 201]], "요우무'", 0.4816371500492096), ([[931, 227], [969, 227], [969, 260], [931, 260]], '내', 0.9999940395444042), ([[975, 217], [1084, 217], [1084, 272], [975, 272]], "칼집이' ", 0.41632984268565687), ([[433, 272], [517, 272], [517, 326], [433, 326]], '에?', 0.9968485350040087), ([[944, 291], [1065, 291], [1065, 335], [944, 335]], '되어쥐!', 0.5090954303741455), ([[420, 337], [525, 337], [525, 404], [420, 404]], '잠깐', 0.9999791795203197), ([[404, 410], [549, 410], [549, 472], [404, 472]], '뛰야!?', 0.5100370645523071), ([[60, 450], [149, 450], [149, 495], [60, 495]], '어머', 0.9948081771400431), ([[979, 477], [1005, 477], [1005, 511], [979, 511]], '7', 0.16428675748466048), ([[63, 523], [148, 523], [148, 565], [63, 565]], "'어머", 0.6526824779547182), ([[81, 603], [132, 603], [132, 623], [81, 623]], '권새', 0.0021541617512455835), ([[155, 1187], [253, 1187], [253, 1235], [155, 1235]], '라니', 0.9999690643533463), ([[87, 1248], [291, 1248], [291, 1315], [87, 1315]], '이미 벌써', 0.7497345213312159), ([[22, 1316], [358, 1316], [358, 1388], [22, 1388]], '칼집이 되어있지', 0.6080041553015277), ([[72, 1384], [306, 1384], [306, 1461], [72, 1461]], '않습니까!?', 0.6485164962024155), ([[47, 1462], [331, 1462], [331, 1524], [47, 1524]], '이미 납도되어', 0.7616777357622319), ([[76, 1525], [304, 1525], [304, 1598], [76, 1598]], '있잡아요즐', 0.03656701829805909), ([[27, 1633], [309, 1633], [309, 1702], [27, 1702]], '16회 인기투표', 0.9989631269315904), ([[103, 1704], [230, 1704], [230, 1772], [103, 1772]], '1위인', 0.9995346163755741), ([[1018, 1678], [1109, 1678], [1109, 1780], [1018, 1780]], '월', 0.44099285743834926), ([[1100, 1735], [1124, 1735], [1124, 1763], [1100, 1763]], '4', 0.9303478775120371), ([[1256, 1704], [1365, 1704], [1365, 1764], [1256, 1764]], '구.~', 0.0026007196426148984), ([[69, 1788], [117, 1788], [117, 1829], [69, 1829]], '내', 0.9999307406020286), ([[125, 1777], [274, 1777], [274, 1840], [125, 1840]], '보지에', 0.9981673328432263), ([[68, 1848], [167, 1848], [167, 1922], [68, 1922]], '꽃밥', 0.3834076607039289), ([[48, 1931], [189, 1931], [189, 1981], [48, 1981]], '자지가', 0.997727632522583), ([[271, 1956], [307, 1956], [307, 2004], [271, 2004]], '벼', 0.008637321993452185), ([[18, 1989], [221, 1989], [221, 2061], [18, 2061]], '[들어자에', 0.17281140452971663), ([[541, 2524], [706, 2524], [706, 2568], [541, 2568]], '사+', 0.02817912651078165), ([[726, 2526], [891, 2526], [891, 2566], [726, 2566]], "'사", 0.00645496214585194), ([[282.200359892036, 1984.1817634709764], [335.6366986067678, 1938.022549644574], [421.799640107964, 2050.8182365290236], [368.3633013932322, 2096.9774503554263]], '중', 0.20873470789343518)]
[]
[]
[]
[]
[]
[]
[]
[]
[]
[]
[([[172, 29], [518, 29], [518, 91], [172, 91]], '인기 오유무의 보진!', 0.462147565599357), ([[161, 102], [528, 102], [528, 157], [161, 157]], '그러니까 나의 요도:.', 0.3397739492183029), ([[205, 163], [479, 163], [479, 235], [205, 235]], "'아니 안눈 힘을", 0.31898361339893594), ([[95, 214], [172, 214], [172, 277], [95, 277]], '특록', 0.4312484197845986), ([[198, 238], [492, 238], [492, 303], [198, 303]], '칼로 만들어쥐.', 0.41813374344952103), ([[216, 321], [295, 321], [295, 359], [216, 359]], '내가', 0.9998929486831356), ([[301, 311], [474, 311], [474, 371], [301, 371]], '자랑하는', 0.713324785232544), ([[41, 355], [470, 355], [470, 446], [41, 446]], "'하면 어제같이 요우무릎", 0.23026881807742133), ([[66, 427], [201, 427], [201, 483], [66, 483]], '수 없어', 0.9463115176566069), ([[216, 446], [470, 446], [470, 514], [216, 514]], '(임신한 것처럼', 0.8911674684253172), ([[35, 496], [230, 496], [230, 557], [35, 557]], '근런 명청한', 0.19224175172208288), ([[230, 519], [458, 519], [458, 583], [230, 583]], '만들고 있에!', 0.3893535271770939), ([[59, 565], [206, 565], [206, 625], [59, 625]], '임신고백', 0.9985854625701904), ([[67, 644], [196, 644], [196, 686], [67, 686]], '이라니', 0.8562205502120367), ([[598, 1052], [646, 1052], [646, 1112], [598, 1112]], '친5', 0.0009875823314208325), ([[1094, 1338], [1148, 1338], [1148, 1408], [1094, 1408]], '(', 0.3936152544139446), ([[1072, 1417], [1144, 1417], [1144, 1499], [1072, 1499]], '0', 0.47702136241278836), ([[1242, 1643], [1346, 1643], [1346, 1698], [1242, 1698]], '@라고', 0.9971385088620898), ([[1247, 1707], [1342, 1707], [1342, 1763], [1247, 1763]], '광광', 0.8878947160961178), ([[1205, 1771], [1386, 1771], [1386, 1828], [1205, 1828]], '하지 말아', 0.8648392203674099), ([[1231, 1836], [1362, 1836], [1362, 1892], [1231, 1892]], '주세요', 0.9359583854675293), ([[187, 1904], [223, 1904], [223, 1937], [187, 1937]], '내', 0.9999377737189121), ([[228, 1895], [269, 1895], [269, 1946], [228, 1946]], '칼', 0.9988252992161541), ([[1211, 1902], [1380, 1902], [1380, 1955], [1211, 1955]], '두 사람이', 0.9902527842658597), ([[30, 1931], [179, 1931], [179, 1979], [30, 1979]], '비겁해요:', 0.8271654529797944), ([[1125, 1952], [1202, 1952], [1202, 1994], [1125, 1994]], '미치', 0.9999554932180673), ([[171, 1965], [288, 1965], [288, 2021], [171, 2021]], '솜씨에', 0.9978736635131178), ([[1215, 1967], [1374, 1967], [1374, 2021], [1215, 2021]], '생자지와', 0.8941269591655128), ([[43, 1996], [166, 1996], [166, 2058], [43, 2058]], '말을 잘', 0.5389729714998428), ([[1004, 1988], [1067, 1988], [1067, 2069], [1004, 2069]], '05', 0.14558091391996872), ([[1116, 2013], [1211, 2013], [1211, 2063], [1116, 2063]], '켓에', 0.3100788313800125), ([[169, 2035], [286, 2035], [286, 2090], [169, 2090]], '반해쥐', 0.9943598885520706), ([[1203, 2028], [1388, 2028], [1388, 2092], [1203, 2092]], '생자궁으로', 0.9149466898758413), ([[34, 2070], [175, 2070], [175, 2122], [34, 2122]], '못하니까', 0.9348365664482117), ([[1103, 2075], [1226, 2075], [1226, 2135], [1103, 2135]], '첫눈에', 0.9878921699987913), ([[1241, 2098], [1348, 2098], [1348, 2148], [1241, 2148]], '만나고', 0.9994161071703218), ([[58, 2140], [153, 2140], [153, 2190], [58, 2190]], '성기로', 0.999928352982331), ([[1120, 2142], [1211, 2142], [1211, 2197], [1120, 2197]], '반해', 0.999980612504731), ([[1229, 2157], [1364, 2157], [1364, 2221], [1229, 2221]], '있어요!', 0.6850992441177368), ([[49, 2206], [160, 2206], [160, 2266], [49, 2266]], '자궁을', 0.3552803416435872), ([[362, 2229], [393, 2229], [393, 2259], [362, 2259]], '9', 0.9953928728328378), ([[1127, 2214], [1202, 2214], [1202, 2252], [1127, 2252]], '버리', 0.9999914863472156), ([[34, 2279], [177, 2279], [177, 2336], [34, 2336]], '설득하면', 0.9995746612548828), ([[1108, 2273], [1203, 2273], [1203, 2323], [1108, 2323]], '깊에', 0.1655956296191398), ([[42, 2352], [169, 2352], [169, 2400], [42, 2400]], '안돼요', 0.9303556600922479), ([[539, 2526], [893, 2526], [893, 2568], [539, 2568]], '+나사거나:', 0.002901358695921657), ([[1150.2595183338062, 815.009793017878], [1359.5039390074708, 793.6622866721069], [1396.7404816661938, 1248.990206982122], [1187.4960609925292, 1270.337713327893]], '(', 0.05810002601985276), ([[574.7904036539431, 979.1053008274758], [623.3582981456261, 962.133048263779], [651.2095963460569, 1049.8946991725243], [602.6417018543739, 1066.866951736221]], '4', 0.07272847225527812), ([[288.09399788384616, 1030.0373743945383], [373.3379956834723, 1012.518693553897], [401.90600211615384, 1172.9626256054617], [316.6620043165277, 1190.481306446103]], '틀', 0.10447206403094711), ([[4.206640349326088, 1244.0350359473848], [67.55111108154381, 1219.016889370836], [122.7933596506739, 1374.9649640526152], [59.4488889184562, 1399.983110629164]], '술', 0.04858644916829746)]
[]
[]
[]
[]
[]
[]
[]
[]
[]
[]
[([[4, 22], [52, 22], [52, 143], [4, 143]], '{', 0.6019094615533191), ([[943, 56], [1029, 56], [1029, 128], [943, 128]], '반틈', 0.38707846176494065), ([[946, 134], [1032, 134], [1032, 194], [946, 194]], '발견', 0.9952107635287336), ([[973, 213], [1005, 213], [1005, 255], [973, 255]], '!', 0.05342238748436845), ([[213, 1017], [292, 1017], [292, 1090], [213, 1090]], '1/', 0.06188721977493852), ([[430, 932], [545, 932], [545, 1071], [430, 1071]], '맨', 0.0032736024280423243), ([[214, 1335], [287, 1335], [287, 1399], [214, 1399]], '새', 0.37742225512193806), ([[1256, 1702], [1365, 1702], [1365, 1764], [1256, 1764]], '구설~', 0.002171297080584785), ([[212, 2161], [301, 2161], [301, 2224], [212, 2224]], '<', 0.014406965001017236), ([[541, 2526], [708, 2526], [708, 2568], [541, 2568]], '+#', 0.00637541771774311), ([[732, 2528], [833, 2528], [833, 2564], [732, 2564]], '후', 0.012688951466339804), ([[276.25028918451045, 21.010410642376605], [620.8640837885232, 246.29426494216312], [493.74971081548955, 434.9895893576234], [150.13591621147685, 209.70573505783688]], '(서디', 0.00025262189066320375), ([[651.5176948604782, 202.01941626992894], [700.3282011773514, 213.00769823397295], [672.4823051395218, 337.9805837300711], [623.6717988226486, 327.9923017660271]], '(', 0.8358906931150933), ([[24.415793762163013, 312.0342469783856], [62.95435470949509, 319.9661695312663], [43.58420623783699, 406.9657530216144], [5.045645290504909, 399.0338304687337]], '1', 0.04274939122553634)]
[]
[]
[]
[]
[]
[]
[]
[]
[]
[]
[([[1270, 150], [1375, 150], [1375, 192], [1270, 192]], '어때?', 0.9995565703781094), ([[12, 114], [114, 114], [114, 276], [12, 276]], '콜', 0.011155703334825517), ([[1306, 221], [1344, 221], [1344, 251], [1306, 251]], '내', 0.9998400275317323), ([[493, 237], [590, 237], [590, 286], [493, 286]], '그리고', 0.9999755669820186), ([[19, 265], [57, 265], [57, 305], [19, 305]], '0', 0.7504151516082516), ([[519, 303], [563, 303], [563, 347], [519, 347]], '이', 0.9999767543236295), ([[1248, 273], [1399, 273], [1399, 335], [1248, 335]], '[갈솜씨님', 0.06330323581898177), ([[1313, 347], [1333, 347], [1333, 383], [1313, 383]], '?', 0.792496877579471), ([[475, 359], [606, 359], [606, 427], [475, 427]], '산정량', 0.741857640459826), ([[1146, 421], [1231, 421], [1231, 473], [1146, 473]], '이런', 0.9998114402070647), ([[1086, 487], [1316, 487], [1316, 544], [1086, 544]], '인정하고 싶지', 0.7794826311385483), ([[0, 560], [150, 560], [150, 601], [0, 601]], '어머어머', 0.9839287400245667), ([[1128, 552], [1251, 552], [1251, 608], [1128, 608]], '않지만', 0.9154746595686792), ([[334, 578], [445, 578], [445, 632], [334, 632]], '요리', 0.009354337778974667), ([[42, 614], [110, 614], [110, 647], [42, 647]], '아기', 0.9999195004683767), ([[1130, 616], [1269, 616], [1269, 671], [1130, 671]], '꽤 빠른', 0.5484835163416498), ([[26, 655], [122, 655], [122, 707], [26, 707]], '만들기', 0.9994362026753635), ([[1, 712], [148, 712], [148, 750], [1, 750]], '해버리네', 0.9439981579780579), ([[1125, 680], [1276, 680], [1276, 740], [1125, 740]], '솜씨네요', 0.9898679256439209), ([[4, 755], [149, 755], [149, 808], [4, 808]], '빨리 얼굴', 0.9552380993463543), ([[1123, 744], [1278, 744], [1278, 805], [1123, 805]], '순식간에', 0.9982651472091675), ([[45, 811], [103, 811], [103, 851], [45, 851]], '보고', 0.9999983141264758), ([[266, 820], [362, 820], [362, 870], [266, 870]], '속도와', 0.9962994823795001), ([[1104, 812], [1296, 812], [1296, 866], [1104, 866]], '한 대 뱃겨', 0.5025478687727386), ([[15, 859], [136, 859], [136, 903], [15, 903]], '싶어라~', 0.5718423339184715), ([[268, 868], [362, 868], [362, 921], [268, 921]], '무게틀', 0.15409110738712195), ([[1112, 876], [1267, 876], [1267, 933], [1112, 933]], '버릇어요', 0.2226007729768753), ([[1253, 901], [1281, 901], [1281, 927], [1253, 927]], '00', 0.2389945092718351), ([[268, 919], [362, 919], [362, 971], [268, 971]], '경비한', 0.3655236065387726), ([[1285, 917], [1314, 917], [1314, 951], [1285, 951]], '0', 0.6960366676232752), ([[1250, 934], [1290, 934], [1290, 984], [1250, 984]], '내', 0.008490344653793669), ([[237, 969], [395, 969], [395, 1021], [237, 1021]], '칼 솜씨 <', 0.21354889723113452), ([[161, 1040], [334, 1040], [334, 1088], [161, 1088]], '임신 전에도', 0.5480426199562509), ([[105, 1091], [394, 1091], [394, 1135], [105, 1135]], '이미 저의 인기 시.1', 0.295972442673182), ([[116, 1136], [382, 1136], [382, 1193], [116, 1193]], '가슴이 모유틀 내서', 0.8327599537595421), ([[112, 1187], [384, 1187], [384, 1243], [112, 1243]], '아이틀 키울 준비률', 0.6986046825525285), ([[149, 1239], [346, 1239], [346, 1287], [149, 1287]], '하고 있어요 ', 0.5905662759116693), ([[97, 1311], [186, 1311], [186, 1347], [97, 1347]], '그러나', 0.9999541623474844), ([[187, 1300], [286, 1300], [286, 1354], [187, 1354]], '몸통이', 0.935662270882501), ([[72, 1352], [306, 1352], [306, 1404], [72, 1404]], '튼튼하지 않으면', 0.9876205456318139), ([[60, 1402], [316, 1402], [316, 1451], [60, 1451]], '머머지않아 무너지고', 0.555010506629372), ([[117, 1456], [258, 1456], [258, 1500], [117, 1500]], '말 거예요', 0.997346857566613), ([[135, 1503], [241, 1503], [241, 1552], [135, 1552]], '빠르면', 0.7414507127589349), ([[104, 1552], [272, 1552], [272, 1602], [104, 1602]], '된다는 것은', 0.8719241557124208), ([[123, 1607], [254, 1607], [254, 1649], [123, 1649]], '아니에요', 0.9994216561317444), ([[1256, 1704], [1365, 1704], [1365, 1764], [1256, 1764]], '구.입', 0.0025348324119025658), ([[42, 1852], [145, 1852], [145, 1902], [42, 1902]], '과연 .', 0.8332516551017761), ([[391, 1854], [423, 1854], [423, 1890], [391, 1890]], '사', 0.03942328627153935), ([[731, 1840], [800, 1840], [800, 1888], [731, 1888]], '중', 0.1207014895724976), ([[757, 1882], [816, 1882], [816, 1939], [757, 1939]], '% ', 0.05993310340401239), ([[24, 1910], [161, 1910], [161, 1965], [24, 1965]], '지구력의', 0.9949864149093628), ([[1007, 1943], [1031, 1943], [1031, 1977], [1007, 1977]], '4', 0.22163951886938182), ([[31, 1968], [156, 1968], [156, 2030], [31, 2030]], '승부다!', 0.7606150507926941), ([[379, 2151], [416, 2151], [416, 2200], [379, 2200]], '수', 0.9136435350438319), ([[1010, 2001], [1280, 2001], [1280, 2437], [1010, 2437]], '=', 0.3366261801259043), ([[390.36307024470153, 66.05103551714942], [420.4276424244681, 51.022925452446856], [461.63692975529847, 135.94896448285058], [431.5723575755319, 151.97707454755314]], '?', 0.20904968148645597), ([[352.8399704188685, 118.17190238226611], [381.6175075210944, 103.0479518649956], [409.1600295811315, 158.8280976177339], [379.3824924789056, 174.95204813500442]], '류', 0.030955242606723665), ([[-7.823638287412601, 332.03397672230756], [57.49689786049633, 292.01235300402374], [156.8236382874126, 472.96602327769244], [91.50310213950367, 512.9876469959763]], '국', 0.4321399810237523), ([[1138.3783634944432, 1061.0322895466554], [1250.9817728480955, 1119.5326739962425], [1224.6216365055568, 1168.9677104533446], [1111.0182271519045, 1110.4673260037575]], '? 이요움5', 0.01977559223796706), ([[371.18138082696214, 1143.0305030812924], [446.53078196382296, 1107.012813348865], [531.8186191730379, 1298.9694969187076], [456.46921803617704, 1335.987186651135]], '숲', 0.09009791651807575), ([[321.3222776215669, 1826.0208974693844], [453.65682974925323, 1937.273834250191], [392.6777223784331, 2009.9791025306156], [260.34317025074677, 1898.726165749809]], '(', 0.29080279399954634), ([[291.9604922764289, 2005.0602335772887], [351.56492155370944, 1969.0177472960202], [429.0395077235711, 2108.9397664227113], [369.43507844629056, 2145.98225270398]], '흙', 0.03055252687325294), ([[1061.4890571443436, 2409.043830620845], [1086.084436062788, 2420.8424258297455], [1048.5109428556564, 2495.956169379155], [1024.915563937212, 2484.1575741702545]], '%', 0.45478284328659413)]
[]
[]
[]
[]
[]
[]
[]
[]
[]
[]
[([[23, 75], [154, 75], [154, 184], [23, 184]], '~"', 0.008280617906492422), ([[676, 117], [783, 117], [783, 206], [676, 206]], '갈:', 0.044907060915990546), ([[0, 744], [55, 744], [55, 823], [0, 823]], '1', 0.20768431069783233), ([[138, 1252], [260, 1252], [260, 1361], [138, 1361]], '0', 0.08226543568344269), ([[44, 1388], [173, 1388], [173, 1553], [44, 1553]], '{"', 0.012947165814451756), ([[1256, 1704], [1365, 1704], [1365, 1764], [1256, 1764]], '구.~', 0.0026873388512371034), ([[538, 2524], [680, 2524], [680, 2569], [538, 2569]], '#', 0.10983647348247505), ([[512.4506862136171, -13.986275727656292], [597.1080119637442, -5.742084673120345], [574.5493137863829, 207.98627572765628], [489.89198803625584, 198.74208467312036]], '0', 0.8628935305978445), ([[185.3630551041605, 597.012683114429], [308.12360185323945, 635.4993268974982], [230.6369448958395, 879.987316885571], [108.87639814676056, 841.5006731025018]], '둑', 0.057380694582713554), ([[1192.3660421961777, 753.0077300432807], [1379.989960651337, 730.9572275877298], [1426.6339578038223, 1214.9922699567194], [1239.010039348663, 1236.04277241227]], '탑', 0.0048814466185303496), ([[1110.2479716345165, 1951.0083178801415], [1440.2089388738761, 2254.708472116823], [1243.7520283654835, 2470.9916821198585], [913.7910611261237, 2168.291527883177]], '사', 0.22550983498203525)]
[]
[]
[]
[]
[]
[]
[]
[]
[]
[]
[([[396, 65], [476, 65], [476, 103], [396, 103]], '배가', 0.9494180732870008), ([[377, 114], [496, 114], [496, 179], [377, 179]], '엄청나', 0.9772230446017159), ([[41, 150], [162, 150], [162, 212], [41, 212]], '오늘은', 0.9996900851387972), ([[387, 179], [483, 179], [483, 229], [387, 229]], '구나~', 0.8674749732017517), ([[23, 216], [176, 216], [176, 277], [23, 277]], '이정도로', 0.9996984601020813), ([[364, 237], [505, 237], [505, 294], [364, 294]], '1요우무되', 0.2572859557945645), ([[37, 277], [168, 277], [168, 345], [37, 345]], '용서해', 0.9996473463909857), ([[370, 298], [499, 298], [499, 350], [370, 350]], '먹먹보네~', 0.27348056974461266), ([[1003, 292], [1027, 292], [1027, 326], [1003, 326]], '땀', 0.015303338016532886), ([[1291, 257], [1363, 257], [1363, 319], [1291, 319]], '음~', 0.9994113435790272), ([[19, 343], [154, 343], [154, 410], [19, 410]], '줄께요.', 0.3185049891471863), ([[138, 379], [178, 379], [178, 398], [138, 398]], '660', 0.22832129842950935), ([[1268, 321], [1385, 321], [1385, 383], [1268, 383]], '오유무', 0.9992762659768689), ([[0, 413], [203, 413], [203, 469], [0, 469]], '그런 날라리', 0.9942938253408284), ([[1266, 388], [1391, 388], [1391, 450], [1266, 450]], '칼잡이', 0.3257890555530574), ([[1089, 438], [1210, 438], [1210, 502], [1089, 502]], '오옷  !', 0.3271232223075478), ([[1288, 453], [1364, 453], [1364, 507], [1288, 507]], '너무', 0.9999312170361038), ([[3, 474], [202, 474], [202, 537], [3, 537]], '성기 남은  ', 0.34970612965496184), ([[1084, 504], [1213, 504], [1213, 564], [1084, 564]], '정자 _', 0.183831125497818), ([[1264, 515], [1391, 515], [1391, 583], [1264, 583]], '좋아서', 0.9626524631799842), ([[58, 544], [143, 544], [143, 594], [58, 594]], '나의', 0.9996908247199264), ([[333, 569], [448, 569], [448, 635], [333, 635]], '요6', 0.004387494929172418), ([[1067, 567], [1232, 567], [1232, 631], [1067, 631]], '칼씀씨가', 0.4857759475708008), ([[1268, 583], [1385, 583], [1385, 643], [1268, 643]], '기분이', 0.9996518886617357), ([[27, 605], [178, 605], [178, 668], [27, 668]], '거지같은', 0.846944565903097), ([[1106, 634], [1185, 634], [1185, 689], [1106, 689]], '너무', 0.9999519529307797), ([[1288, 649], [1366, 649], [1366, 705], [1288, 705]], '너무', 0.9999655240519858), ([[7, 672], [196, 672], [196, 732], [7, 732]], '칼집보지논', 0.3390732711601996), ([[1085, 696], [1214, 696], [1214, 764], [1085, 764]], '좋아 !', 0.6016746446841749), ([[1274, 710], [1381, 710], [1381, 774], [1274, 774]], '중네~', 0.7035171241290915), ([[16, 737], [187, 737], [187, 794], [16, 794]], '언제까지', 0.998589193256422), ([[37, 802], [167, 802], [167, 862], [37, 862]], '라도.', 0.5867088841274899), ([[0, 879], [79, 879], [79, 976], [0, 976]], '4', 0.24493213398778835), ([[156, 1010], [291, 1010], [291, 1165], [156, 1165]], '%', 0.3948802274590122), ([[1, 1385], [59, 1385], [59, 1424], [1, 1424]], '어어', 0.01610046572784226), ([[552, 1499], [584, 1499], [584, 1543], [552, 1543]], '버', 0.027184168782298457), ([[458, 1475], [562, 1475], [562, 1641], [458, 1641]], '거', 0.14508421633370094), ([[687, 1640], [753, 1640], [753, 1670], [687, 1670]], '다 5', 0.039800338447093964), ([[1256, 1704], [1365, 1704], [1365, 1764], [1256, 1764]], '구.입', 0.004442896871595487), ([[1321, 1984], [1383, 1984], [1383, 2054], [1321, 2054]], '4', 0.14879264377270918), ([[1008, 1895], [1289, 1895], [1289, 2441], [1008, 2441]], '드', 0.9122592759119676), ([[539, 2524], [680, 2524], [680, 2568], [539, 2568]], '사', 0.021837290416954147), ([[706, 2526], [891, 2526], [891, 2566], [706, 2566]], '거', 0.007034751992296473), ([[66.00019994002, 89.10097970609796], [146.61365492127507, 100.07277705820155], [138.99980005998, 147.89902029390203], [58.38634507872492, 136.92722294179845]], '오.', 0.6508503214427963), ([[937.200159952016, 177.08078376487836], [971.1549671820818, 170.17037197520253], [983.799840047984, 233.91921623512164], [949.8450328179182, 240.82962802479747]], '콩', 0.6979637447416032), ([[-33.351089226978885, 1433.057147121649], [235.61063334251693, 1228.5145636540476], [299.3510892269789, 1346.942852878351], [29.38936665748306, 1551.4854363459524]], '@로 체|', 0.002038654894766092), ([[731.3630702447015, 1670.0510355171493], [783.9845194001015, 1707.6484247588146], [761.6369297552985, 1739.9489644828507], [708.0154805998985, 1702.3515752411854]], "사'", 0.28669953584607044)]
[]
[]
[]
[]
[]
[]
[]
[]
[]
[]
[([[369, 664], [412, 664], [412, 710], [369, 710]], '0', 0.9540678407816472), ([[360, 695], [384, 695], [384, 729], [360, 729]], '0', 0.5079521783191154), ([[1094, 1338], [1148, 1338], [1148, 1408], [1094, 1408]], '(', 0.48523680654909995), ([[1253, 1689], [1370, 1689], [1370, 1789], [1253, 1789]], '%(', 0.011159990112291514), ([[78, 2134], [205, 2134], [205, 2309], [78, 2309]], '0', 0.09825905390077683), ([[541, 2526], [710, 2526], [710, 2566], [541, 2566]], '4 ', 0.01512015253528063), ([[243.40132890528602, 504.0199335792905], [312.4034048374375, 496.32684341272557], [330.59867109471395, 671.9800664207095], [261.5965951625625, 679.6731565872744]], "(;'", 0.15311010028856284), ([[323.22712492473465, 512.0299115290769], [399.7552971333178, 498.38707444598003], [426.77287507526535, 660.9700884709231], [349.2447028666822, 674.61292555402]], '{', 0.3796195486247598), ([[1145.2691785672143, 808.0095391243127], [1351.6889929395, 783.3823103613909], [1398.7308214327857, 1246.9904608756874], [1192.3110070605, 1271.6176896386091]], '주', 0.014318917984477209), ([[962.4544155877285, 1376.180909114099], [1071.8248207355289, 1302.01890796547], [1175.5455844122716, 1481.819090885901], [1066.1751792644711, 1555.98109203453]], '7', 0.11319967245470153), ([[950.0428478744543, 2052.0183295232573], [1137.6089327402055, 2033.3626294346318], [1161.9571521255457, 2362.9816704767427], [974.3910672597945, 2381.637370565368]], '승', 0.1068225435671053)]
[]
[]
[]
[]
[]
[]
[]
[]
[]
[]
