2838329
31
[([[60, 17], [504, 17], [504, 78], [60, 78]], "'90어]웃 <어김/-^-형*0", 7.480127569437426e-05)]
[([[63, 20], [283, 20], [283, 76], [63, 76]], '9젠|어톤웃<)', 8.528731606424235e-05), ([[321, 18], [506, 18], [506, 69], [321, 69]], '(5^보뉴이-어*0', 5.887425049684089e-05)]
[([[66, 32], [208, 32], [208, 73], [66, 73]], '9남어컨', 0.00048211714602075517), ([[227, 18], [506, 18], [506, 71], [227, 71]], '괴김/-^신6처*0', 0.0008108421567880055)]
[([[63, 20], [283, 20], [283, 76], [63, 76]], '9젠|어톤웃<)', 8.528731606424235e-05), ([[321, 18], [506, 18], [506, 69], [321, 69]], '(5^보뉴이-어*0', 5.887425049684089e-05)]
[([[60, 18], [504, 18], [504, 78], [60, 78]], "'90굽칭어]웃 <어김/-각{6형*0", 3.672799892708316e-06), ([[1945, 1124], [1983, 1124], [1983, 1188], [1945, 1188]], '2', 0.0091560365613228)]
[([[60, 18], [504, 18], [504, 78], [60, 78]], "'90굽하어]웃 <어김/-화각{6형*0", 1.3593417460769316e-06), ([[1945, 1126], [1983, 1126], [1983, 1186], [1945, 1186]], '4', 0.07978478192241312)]
[([[63, 20], [283, 20], [283, 76], [63, 76]], '9젠|어톤웃<)', 8.528731606424235e-05), ([[321, 18], [506, 18], [506, 69], [321, 69]], '(5^보뉴이-어*0', 5.887425049684089e-05), ([[652.8894806035925, 1422.2834134568848], [704.6405130944898, 1468.6288062810204], [625.1105193964075, 1554.7165865431152], [573.3594869055102, 1509.3711937189796]], '{', 0.44557927212651194)]
[([[63, 20], [283, 20], [283, 76], [63, 76]], '90|어]웃<아', 7.55266890512172e-05), ([[322, 20], [503, 20], [503, 69], [322, 69]], "'$^뉴`6어*0", 0.0003708255305960753), ([[1948, 1125], [1979, 1125], [1979, 1181], [1948, 1181]], '7', 0.1919770839683146)]
[([[60, 18], [506, 18], [506, 78], [60, 78]], "'90굽칭어]웃 <어김/:^{6어*0", 4.080351345704739e-06), ([[1947, 1124], [1985, 1124], [1985, 1186], [1947, 1186]], '2', 0.1170552245427281)]
[([[63, 20], [283, 20], [283, 76], [63, 76]], '90|어]웃<기', 6.447761569694003e-05), ([[322, 20], [503, 20], [503, 69], [322, 69]], "'$^각뉴`6어*0", 0.00011182985069676178)]
[([[60, 18], [504, 18], [504, 79], [60, 79]], "'90굽어]웃 <어김/-^0뉴6형*0", 1.5020274302298725e-05)]
[([[63, 20], [283, 20], [283, 76], [63, 76]], '9젠|아]웃<)', 6.242134408088926e-05), ([[321, 18], [506, 18], [506, 69], [321, 69]], '(5^나뉴이퍽어*0', 3.5105359357459585e-05)]
[([[59, 18], [507, 18], [507, 80], [59, 80]], "'90어]웃 <어김/-^뉴`처*0", 5.434200700401073e-06), ([[236, 1231], [1699, 1231], [1699, 1450], [236, 1450]], '^ ,~담 `어산할도 ]멋+.,_', 4.55063248793429e-05)]
[([[60, 18], [504, 18], [504, 78], [60, 78]], "'90굽칭어히웃 <어김/-화{6형*0", 3.116499745157093e-06), ([[1262, 1276], [1315, 1276], [1315, 1340], [1262, 1340]], '(', 0.23090091206856656), ([[1311, 1344], [1350, 1344], [1350, 1386], [1311, 1386]], '다', 0.2608771266118346), ([[1941.2583685632087, 1124.069353385006], [1976.1286652959661, 1117.162537993715], [1988.7416314367913, 1184.930646614994], [1953.8713347040339, 1192.837462006285]], '<', 0.7780265687188148)]
[([[60, 18], [506, 18], [506, 78], [60, 78]], "'90굽칭어]웃 <어김/-^{6어*0", 3.822617000592578e-06), ([[1945, 1124], [1985, 1124], [1985, 1186], [1945, 1186]], '7', 0.01806257766105901), ([[1259, 1275], [1319, 1275], [1319, 1341], [1259, 1341]], '<', 0.20100904840882894), ([[1308, 1344], [1348, 1344], [1348, 1386], [1308, 1386]], '다', 0.25085546117048807)]
[([[66, 33], [183, 33], [183, 75], [66, 75]], '무신값7기', 4.843802916975354e-05), ([[198, 34], [305, 34], [305, 67], [198, 67]], '이]아풀', 0.0013180926907807589), ([[304, 20], [481, 20], [481, 69], [304, 69]], '/546어사', 0.011216142393940183), ([[1947, 1124], [1983, 1124], [1983, 1186], [1947, 1186]], '4', 0.0771975929785782), ([[1260, 1276], [1315, 1276], [1315, 1340], [1260, 1340]], '(', 0.19216971082278178), ([[1311, 1344], [1348, 1344], [1348, 1386], [1311, 1386]], '다', 0.4260306821525752)]
[([[63, 20], [283, 20], [283, 76], [63, 76]], '9젠|어]웃 <아', 8.286455557692427e-05), ([[322, 20], [503, 20], [503, 69], [322, 69]], "'$^뉴`6어*0", 0.000655378614341708)]
[([[60, 18], [504, 18], [504, 78], [60, 78]], "'90굽칭어]웃 <어김/-화{뉴6형*0", 1.0915326007805889e-06), ([[1945, 1124], [1983, 1124], [1983, 1184], [1945, 1184]], '7', 0.18200473171249598)]
[([[59, 18], [507, 18], [507, 80], [59, 80]], "'90어]웃 <령김/-^뉴6어*0", 6.913481440817925e-06)]
[([[60, 18], [507, 18], [507, 78], [60, 78]], "'90,어]웃 <어김/-화6어*0", 1.558687064993983e-05), ([[236, 1233], [743, 1233], [743, 1433], [236, 1433]], '^ {~담', 0.0022903387964759016), ([[1152, 1235], [1583, 1235], [1583, 1436], [1152, 1436]], '1하+.,', 0.004845523691784721), ([[788.8853464322809, 1210.0221954502508], [1177.494769741974, 1287.9431144249374], [1120.1146535677192, 1516.9778045497492], [732.5052302580259, 1440.0568855750626]], '(고덕$', 0.0015098010189831257)]
[([[60, 18], [504, 18], [504, 78], [60, 78]], "'90굽하어]웃 <어김/-화각{6형*0", 2.2575416792978355e-06), ([[1945, 1124], [1983, 1124], [1983, 1186], [1945, 1186]], '7', 0.24941231615580595)]
[([[60, 17], [507, 17], [507, 78], [60, 78]], "'90굽어]웃 <어김/-^0뉴-어*0", 9.493422669920286e-06), ([[1945, 1119], [1985, 1119], [1985, 1188], [1945, 1188]], '7', 0.3145516799356898)]
[([[60, 17], [507, 17], [507, 78], [60, 78]], "'90어]웃 <어김/-^0-어*0", 3.7131341287115695e-05)]
[([[60, 18], [504, 18], [504, 78], [60, 78]], "'90굽하어]웃 <어김/-화6어*0", 6.474504139454237e-06)]
[([[60, 18], [504, 18], [504, 78], [60, 78]], "'90굽하어]웃 <어김/-각6어*0", 3.9455620000380176e-06), ([[486, 1235], [1507, 1235], [1507, 1433], [486, 1433]], '/:김. 이머],', 0.0001008272805159033)]
[([[60, 17], [507, 17], [507, 78], [60, 78]], "'90어]웃 <어김/-^0-어*0", 3.7131341287115695e-05), ([[1738, 532], [1778, 532], [1778, 576], [1738, 576]], "'7", 0.6137462089950959)]
[([[60, 17], [507, 17], [507, 78], [60, 78]], "'90어]웃 <어김/-^0-어*0", 3.7131341287115695e-05)]
[([[60, 17], [504, 17], [504, 78], [60, 78]], "'90어]웃 <어김/-^-형*0", 7.480127569437426e-05)]
[([[60, 18], [504, 18], [504, 78], [60, 78]], "'90굽하어]웃 <어김/-화6형*0", 7.769853019832873e-06), ([[1945, 1124], [1983, 1124], [1983, 1186], [1945, 1186]], '7', 0.15865342466472399)]
[([[60, 18], [506, 18], [506, 78], [60, 78]], "'90굽칭어]웃 <어김/-화6형*0", 5.024214212508758e-06)]
[([[60, 18], [504, 18], [504, 78], [60, 78]], "'90굽하어]웃 <어김/-화{6형*0", 3.0795391163722074e-06), ([[1945, 1124], [1985, 1124], [1985, 1188], [1945, 1188]], '(', 0.06670557652912468)]
