2840102
16
[([[71.22148515341125, 134.49800991421037], [242.0107072996016, 110.14643241147726], [246.77851484658876, 176.50199008578963], [76.98929270039841, 200.85356758852274]], '력비부에', 0.18680012226104736), ([[81.30930882401475, 191.4660647072413], [266.1810315853881, 168.47398449100706], [269.69069117598525, 234.5339352927587], [84.81896841461192, 257.52601550899294]], '입부 하지', 0.9903754497754274), ([[91.71806521676417, 253.3823891286161], [246.1128222551942, 232.5892223648554], [251.28193478323584, 295.61761087138393], [95.8871777448058, 316.4107776351446]], '않올래?', 0.5323432683944702)]
[([[714, 94], [780, 94], [780, 142], [714, 142]], '아웃', 0.23984737398704958), ([[141, 1025], [303, 1025], [303, 1069], [141, 1069]], '가까이에서', 0.9957059604147032), ([[141, 1065], [211, 1065], [211, 1107], [141, 1107]], '화도', 0.8544190840296798), ([[143, 1105], [257, 1105], [257, 1149], [143, 1149]], '굉장해 !', 0.9989303334954253), ([[992, 1096], [1118, 1096], [1118, 1144], [992, 1144]], '굉장해~', 0.9985455870628357), ([[479, 1105], [563, 1105], [563, 1229], [479, 1229]], '뼈', 0.012590908101526077), ([[993, 1139], [1103, 1139], [1103, 1183], [993, 1183]], '나 지금', 0.998336128481318), ([[993, 1178], [1095, 1178], [1095, 1222], [993, 1222]], '선배랑', 0.8155969809677364), ([[991, 1219], [1087, 1219], [1087, 1261], [991, 1261]], ':하고', 0.08184874281181123), ([[992, 1256], [1092, 1256], [1092, 1304], [992, 1304]], '있어! !', 0.9721016750882788)]
[([[921, 135], [1053, 135], [1053, 195], [921, 195]], '굉장히', 0.9998191287370972), ([[942, 192], [1030, 192], [1030, 244], [942, 244]], '커! !', 0.9167737364768982), ([[133, 541], [275, 541], [275, 585], [133, 585]], '몸이 점점', 0.9923061893463168), ([[132, 578], [298, 578], [298, 626], [132, 626]], '뜨거워저: .', 0.757874446984844), ([[496, 794], [562, 794], [562, 842], [496, 842]], '아옷', 0.34923305351052525), ([[861, 937], [925, 937], [925, 981], [861, 981]], '기분', 0.9994755649037652), ([[847, 979], [939, 979], [939, 1023], [847, 1023]], '좋아" ', 0.6925725340843201), ([[161, 1247], [225, 1247], [225, 1291], [161, 1291]], '이제', 0.9998453245698589)]
[([[991, 163], [1033, 163], [1033, 215], [991, 215]], '움', 0.7870917905714556), ([[79, 241], [135, 241], [135, 279], [79, 279]], '하아', 0.9979366085985873), ([[70, 1096], [338, 1096], [338, 1344], [70, 1344]], '넷', 0.051694891582919844), ([[630.9632031319512, 678.0902578521221], [700.676356919752, 698.0560421507698], [686.0367968680488, 746.9097421478779], [616.323643080248, 726.9439578492302]], '꿀걸', 0.5229624022847027)]
[([[596, 104], [704, 104], [704, 152], [596, 152]], '굉장해!', 0.9676005244255066), ([[344, 170], [490, 170], [490, 218], [344, 218]], '선배의 안', 0.9987488390912028), ([[1041, 175], [1105, 175], [1105, 219], [1041, 219]], '하룻', 0.5848141490350721), ([[339, 219], [495, 219], [495, 263], [339, 263]], '기분 좋아 !', 0.9038242809152303), ([[91, 751], [160, 751], [160, 960], [91, 960]], '아', 0.02771988881156151), ([[470, 1164], [554, 1164], [554, 1216], [470, 1216]], '곤도', 0.5116581220867491), ([[140, 1314], [230, 1314], [230, 1370], [140, 1370]], '선배', 0.9998921057727004), ([[397, 1293], [486, 1293], [486, 1356], [397, 1356]], '갈거', 0.9955472286775788), ([[126, 1368], [246, 1368], [246, 1424], [126, 1424]], '저도', 0.8855854635101781), ([[393, 1351], [495, 1351], [495, 1411], [393, 1411]], '같아!', 0.7036857367774197), ([[1056.024835732059, 58.284441489001104], [1149.3147962165572, 44.44446038580822], [1154.975164267941, 105.71555851099889], [1061.6852037834428, 119.55553961419179]], '하아', 0.9998660599428273), ([[262.6035584757197, 677.0056141929049], [370.9629805703333, 701.854346391521], [289.3964415242803, 1057.9943858070951], [181.0370194296667, 1033.145653608479]], '#', 0.198493685649769)]
[([[557, 445], [601, 445], [601, 501], [557, 501]], '웃', 0.9457274344016611), ([[451.5804581530519, 116.00800360995969], [533.7333883725156, 106.13743286556867], [566.419541846948, 399.9919963900403], [485.26661162748434, 409.86256713443134]], '육', 0.07174479416461566)]
[([[840, 24], [1034, 24], [1034, 98], [840, 98]], '귀가길)', 0.2739579379558563), ([[46, 140], [376, 140], [376, 188], [46, 188]], '47 7 66  ', 0.02659875040277349), ([[855, 131], [1047, 131], [1047, 175], [855, 175]], '%    ', 0.170221446399322), ([[1061, 137], [1147, 137], [1147, 177], [1061, 177]], '?', 0.08739375367654478), ([[373, 541], [511, 541], [511, 585], [373, 585]], '어색해 ~', 0.8656477234122657), ([[987, 521], [1169, 521], [1169, 583], [987, 583]], '우와아 ~', 0.7160960439098872), ([[326, 584], [562, 584], [562, 632], [326, 632]], '무슨 이야기하면', 0.7569556004703466), ([[306, 626], [580, 626], [580, 674], [306, 674]], '좋율지 모르켓어 ~', 0.34303231836800996), ([[218, 1182], [334, 1182], [334, 1230], [218, 1230]], '사길래?', 0.639607310295105), ([[1040, 1190], [1140, 1190], [1140, 1234], [1040, 1234]], '어떻게', 0.8716579260987816), ([[1057, 1235], [1125, 1235], [1125, 1279], [1057, 1279]], '하지', 0.9995409673900277)]
[([[750, 1248], [806, 1248], [806, 1280], [750, 1280]], '선배,', 0.7615203857421875), ([[381, 1259], [449, 1259], [449, 1299], [381, 1299]], '와~', 0.8734258789113831), ([[734, 1278], [820, 1278], [820, 1310], [734, 1310]], '이름으로', 0.999182403087616), ([[364, 1296], [464, 1296], [464, 1344], [364, 1344]], '기뻐요', 0.9954463123636007), ([[551, 1303], [659, 1303], [659, 1347], [551, 1347]], '학교 밖', 0.9904439612457429), ([[744, 1308], [810, 1308], [810, 1340], [744, 1340]], '불러도', 0.9998342011749184), ([[738, 1338], [816, 1338], [816, 1370], [738, 1370]], '되나요?', 0.9988729953765869), ([[542, 1344], [666, 1344], [666, 1392], [542, 1392]], '에서라면', 0.9967935681343079), ([[556, 1388], [656, 1388], [656, 1436], [556, 1436]], '괜찮아', 0.9919246791310304), ([[536, 1512], [668, 1512], [668, 1560], [536, 1560]], '07 어', 0.23886871123448483), ([[541.0939460213589, 1449.1039678918432], [657.9569983975094, 1465.415052410803], [651.9060539786411, 1499.8960321081568], [535.0430016024906, 1483.584947589197]], '부끄러워-1', 0.918383980105375)]
[([[485, 217], [771, 217], [771, 357], [485, 357]], '선배]', 0.184842669401743), ([[447, 1252], [768, 1252], [768, 1376], [447, 1376]], '유   #', 0.0823942524751881), ([[23, 1413], [325, 1413], [325, 1503], [23, 1503]], '법역8심자', 0.004410042840135517), ([[97, 1493], [243, 1493], [243, 1583], [97, 1583]], '용약', 0.015245924349860256)]
[([[77, 531], [195, 531], [195, 575], [77, 575]], '피곤해~', 0.9993936419487), ([[263, 871], [321, 871], [321, 911], [263, 911]], '오늘', 0.999997049721879), ([[225, 907], [359, 907], [359, 947], [225, 947]], '평상시보다', 0.9996368307691463), ([[221, 941], [363, 941], [363, 981], [221, 981]], '연습 빠.지', 0.140996293221166), ([[782, 988], [830, 988], [830, 1018], [782, 1018]], '비1', 0.023698540028386172), ([[119, 1243], [157, 1243], [157, 1283], [119, 1283]], '8', 0.2945757519144223), ([[221, 1250], [355, 1250], [355, 1290], [221, 1290]], '그러고보니', 0.9986601906815583), ([[261, 1289], [317, 1289], [317, 1325], [261, 1325]], '서도', 0.05563758341228022), ([[155, 1481], [201, 1481], [201, 1523], [155, 1523]], '응?', 0.9966689010423009), ([[270.8503320980383, 1010.4856974058804], [369.3006451451613, 997.449617413916], [373.1496679019617, 1040.5143025941197], [274.6993548548387, 1053.550382586084]], '괜찮아?', 0.9981561899185181), ([[175.5098937119894, 1158.0301390671143], [208.01948749746046, 1173.3765108628622], [173.4901062880106, 1246.9698609328857], [140.98051250253954, 1231.6234891371378]], '톤', 0.49440722938066983)]
[([[501, 95], [641, 95], [641, 135], [501, 135]], '왜 걱비부에', 0.28843306730383517), ([[497, 139], [645, 139], [645, 181], [497, 181]], '들어간거야?', 0.9992955382292229), ([[165, 263], [233, 263], [233, 301], [165, 301]], '음-', 0.883250603179248), ([[147, 305], [257, 305], [257, 345], [147, 345]], '그건말야', 0.9995493292808533), ([[429, 339], [572, 339], [572, 382], [429, 382]], '중학교 때는', 0.9844251345228275), ([[405, 383], [597, 383], [597, 425], [405, 425]], '부활동 아무것도', 0.9695399893252945), ([[423, 427], [579, 427], [579, 469], [423, 469]], '안 햇없잡아?', 0.7816537707060853), ([[831, 829], [891, 829], [891, 865], [831, 865]], '그건', 0.9987878190543348), ([[475, 841], [581, 841], [581, 885], [475, 885]], '어~이', 0.9799803140063819), ([[807, 861], [917, 861], [917, 901], [807, 901]], '입학하고', 0.9899038144513664), ([[497, 877], [565, 877], [565, 919], [497, 919]], '너*2', 0.9619587720281412), ([[166, 906], [198, 906], [198, 936], [166, 936]], '또', 0.9998620796078264), ([[807, 899], [915, 899], [915, 935], [807, 935]], '얼마되지', 0.9991141557693481), ([[137, 934], [225, 934], [225, 977], [137, 977]], '부활동', 0.9998054328040142), ([[446, 912], [612, 912], [612, 962], [446, 962]], '종은 몸하고', 0.6448998937797976), ([[817, 931], [903, 931], [903, 971], [817, 971]], '안되서', 0.9994123220641293), ([[479, 949], [583, 949], [583, 993], [479, 993]], '잇네-!!', 0.2779520935406241), ([[129, 973], [237, 973], [237, 1013], [129, 1013]], '권유가?!', 0.9819509743239879), ([[478, 1190], [506, 1190], [506, 1218], [478, 1218]], '도', 0.9866882698639223), ([[475, 1291], [531, 1291], [531, 1329], [475, 1329]], '저기', 0.9999751334499342), ([[475, 1325], [533, 1325], [533, 1363], [475, 1363]], '저논', 0.588739479946249), ([[439, 1361], [573, 1361], [573, 1401], [439, 1401]], '부활동은 .', 0.7521333248759521), ([[64, 1396], [136, 1396], [136, 1446], [64, 1446]], '방글', 0.45175148026772977), ([[430.01985123916006, 1167.601985123916], [538.3776336248245, 1136.8572001734985], [547.9801487608399, 1169.398014876084], [438.62236637517555, 1200.1427998265015]], '숫사', 0.27650421297259076)]
[([[134, 210], [314, 210], [314, 330], [134, 330]], '취향', 0.9985644431524096), ([[367, 271], [490, 271], [490, 321], [367, 321]], '턱비부에', 0.07302520424127579), ([[369, 315], [489, 315], [489, 359], [369, 359]], '입부하지', 0.9983353614807129), ([[134, 316], [306, 316], [306, 432], [134, 432]], '저적', 0.8429352764093309), ([[375, 355], [485, 355], [485, 399], [375, 399]], '않울래?', 0.3244193196296692), ([[389, 911], [425, 911], [425, 951], [389, 951]], '옛', 0.9986739980971073), ([[343, 987], [379, 987], [379, 1023], [343, 1023]], '아', 0.9927277938082604), ([[513, 1286], [710, 1286], [710, 1331], [513, 1331]], '부디 입부하게', 0.9966745556393759), ([[537, 1327], [689, 1327], [689, 1371], [537, 1371]], '해주세요', 0.9959897196591639)]
[([[240, 110], [326, 110], [326, 158], [240, 158]], '그건?', 0.9990627929907339), ([[481, 433], [583, 433], [583, 471], [481, 471]], '어라? 너', 0.9468867013118734), ([[471, 467], [591, 467], [591, 509], [471, 509]], '유니품은?', 0.6433517615661074), ([[798, 520], [828, 520], [828, 554], [798, 554]], '안', 0.9999711515599898), ([[740, 552], [884, 552], [884, 590], [740, 590]], '가르처주자~', 0.7466362571650432), ([[319, 743], [389, 743], [389, 811], [319, 811]], '으', 0.7892675128928808), ([[652, 774], [718, 774], [718, 804], [652, 804]], '그러나', 0.9978951997880304), ([[229, 895], [275, 895], [275, 935], [229, 935]], '응?', 0.9985102655368329), ([[133, 967], [213, 967], [213, 1003], [133, 1003]], '여기:', 0.8549007516166424), ([[543, 1117], [639, 1117], [639, 1157], [543, 1157]], '없네  ', 0.4161636233329773), ([[318, 1352], [400, 1352], [400, 1396], [318, 1396]], '알앉어', 0.4617928172395205), ([[788, 1374], [818, 1374], [818, 1408], [788, 1408]], '난', 0.9969792563014188), ([[331, 1393], [387, 1393], [387, 1429], [331, 1429]], '그럼', 0.9997141720392131), ([[721, 1405], [883, 1405], [883, 1445], [721, 1445]], '유니품 찾으러', 0.8593204095214937), ([[305, 1427], [417, 1427], [417, 1463], [305, 1463]], '먼저 갈께', 0.958948212296474), ([[747, 1443], [853, 1443], [853, 1479], [747, 1479]], '갈데니까', 0.6172893643379211), ([[757, 1475], [847, 1475], [847, 1515], [757, 1515]], '먼저 가', 0.999809205532074), ([[882.2281155986319, 73.05993983124449], [937.9994898739975, 109.92857871608575], [912.7718844013681, 146.9400601687555], [858.0005101260025, 109.07142128391425]], '(선배', 0.9962435552315143), ([[605.8800042399873, 215.60800678397965], [687.4639298315659, 203.99970249163093], [690.1199957600127, 238.39199321602035], [609.5360701684341, 249.00029750836907]], '흐흐흐', 0.5749919106476088), ([[843.0939460213589, 424.10396789184324], [908.8328760536051, 437.8558578944463], [899.9060539786411, 474.89603210815676], [834.1671239463949, 460.1441421055537]], '그건', 0.9540853095809827), ([[536.3417354349018, 1421.2442560653724], [659.8055929442446, 1390.4074693523607], [670.6582645650982, 1443.7557439346276], [547.1944070557554, 1474.5925306476393]], '스와', 0.013068116787570333)]
[([[817, 127], [981, 127], [981, 189], [817, 189]], '력비부실', 0.5144200325012207), ([[591, 527], [699, 527], [699, 569], [591, 569]], '(열려있어', 0.3165193226679686), ([[465, 655], [599, 655], [599, 695], [465, 695]], '누가 있냐?', 0.6340560433048313), ([[851, 897], [917, 897], [917, 965], [851, 965]], '?1', 0.5592122078706134), ([[717, 1037], [861, 1037], [861, 1109], [717, 1109]], '선배', 0.8293142915836599), ([[970, 992], [1026, 992], [1026, 1108], [970, 1108]], '로', 0.4983767942978581)]
[([[750, 84], [774, 84], [774, 112], [750, 112]], '호', 0.41550582246863144), ([[778, 80], [808, 80], [808, 124], [778, 124]], '음', 0.6885579663539829), ([[1046, 88], [1147, 88], [1147, 145], [1046, 145]], '저건', 0.9997412205484149), ([[1068, 140], [1124, 140], [1124, 190], [1068, 190]], '내', 0.9999966621426779), ([[1004, 190], [1190, 190], [1190, 244], [1004, 244]], '유니롬! !', 0.3739253398674302), ([[327, 631], [445, 631], [445, 683], [327, 683]], '선배꺼', 0.8840755281053114), ([[338, 678], [434, 678], [434, 728], [338, 728]], '크다 !', 0.9699925780296326), ([[92, 720], [170, 720], [170, 772], [92, 772]], '하아', 0.9988371979731987), ([[939, 835], [1019, 835], [1019, 899], [939, 899]], '두근', 0.5358006778173108), ([[998, 878], [1086, 878], [1086, 958], [998, 958]], '두근', 0.16188548090072993), ([[441, 1031], [485, 1031], [485, 1081], [441, 1081]], '가', 0.03079342152156883), ([[817, 1064], [1057, 1064], [1057, 1132], [817, 1132]], '어떻게하면', 0.453631000032726), ([[833, 1131], [1047, 1131], [1047, 1195], [833, 1195]], '종지-?!!', 0.7334035464207066), ([[126, 1388], [223, 1388], [223, 1443], [126, 1443]], '좋아 !', 0.5532787442207336), ([[640, 1348], [732, 1348], [732, 1426], [640, 1426]], '불륙', 0.845124273552317), ([[712, 1446], [744, 1446], [744, 1496], [712, 1496]], '=', 0.821548903420851), ([[700.5089293568014, 179.01340722946742], [767.9192783274052, 172.20702719770196], [788.4910706431986, 379.9865927705326], [721.0807216725948, 386.79297280229804]], '출', 0.01290412733757429), ([[1029.4913427360586, 669.0324733412566], [1059.862912373651, 665.094186098212], [1070.5086572639414, 754.9675266587434], [1039.137087626349, 758.905813901788]], '로', 0.8587483581343349), ([[857.0748539593628, 844.0614046952215], [942.6826371755957, 871.9161669022336], [921.9251460406372, 932.9385953047785], [836.3173628244043, 905.0838330977664]], '두군', 0.38653214040694445), ([[576.2885444962039, 1138.0316983574844], [735.9966219353115, 1204.76754006002], [707.7114555037961, 1265.9683016425156], [548.0033780646885, 1200.23245993998]], '두근두군', 0.6354367136955261)]
[([[601, 60], [677, 60], [677, 247], [601, 247]], '틀', 0.18767148542324108), ([[230, 320], [304, 320], [304, 368], [230, 368]], '아니', 0.999988873250124), ([[1007, 299], [1063, 299], [1063, 380], [1007, 380]], '8', 0.27596547919560876), ([[214, 364], [306, 364], [306, 414], [214, 414]], '이건;;', 0.24465397000312805), ([[406, 1192], [472, 1192], [472, 1240], [406, 1240]], '하룻', 0.5065001623781187), ([[1029, 1207], [1123, 1207], [1123, 1251], [1029, 1251]], '설마?!', 0.9980315566062927)]
