2840206
56
[([[44, 340], [871, 340], [871, 440], [44, 440]], '부족의 연자 (여전사) 에페 토움받고 ,', 0.18511552589245106), ([[42, 482], [708, 482], [708, 578], [42, 578]], '그녀의 소유물이 되는 이야기', 0.9518864351726571), ([[663, 627], [1105, 627], [1105, 713], [663, 713]], '역식 밟각서감353', 0.0007456856610484962)]
[([[0, 136], [328, 136], [328, 592], [0, 592]], '역', 0.04382752433241799), ([[815, 39], [1200, 39], [1200, 470], [815, 470]], '4', 0.944369578914209), ([[970, 644], [1066, 644], [1066, 768], [970, 768]], '올', 0.1493081953348332), ([[85, 749], [197, 749], [197, 883], [85, 883]], '외둘`', 5.073084427830606e-05)]
[([[584, 1172], [744, 1172], [744, 1248], [584, 1248]], '나4', 0.11207561720739012), ([[885.1562861231785, 51.01078741627714], [1116.5205220847872, -8.349386265303437], [1231.8437138768215, 507.98921258372286], [1000.4794779152128, 567.3493862653035]], '$', 0.07257981270999725), ([[55.77087002038219, 3.0198836298095983], [386.6613347291804, 62.9866736767642], [318.2291299796178, 387.9801163701904], [-12.661334729180407, 328.0133263232358]], '4?', 0.06452448108360709), ([[763.5687221228153, 141.01329838960822], [818.6778799743761, 130.03290026335637], [854.4312778771847, 316.9867016103918], [799.3221200256239, 328.96709973664366]], '주', 0.009335135186142374), ([[44.38826445728536, 690.0124792034914], [160.1850975715615, 707.4300287293877], [119.61173554271464, 964.9875207965086], [3.814902428438513, 947.5699712706123]], '2', 0.08115145950292746), ([[356.6601166578198, 1140.075038254596], [433.65834764594644, 1094.0180728437751], [517.3398833421802, 1252.924961745404], [440.34165235405356, 1299.9819271562249]], '겪', 0.02979276138185072)]
[([[40, 26], [474, 26], [474, 102], [40, 102]], '안쪽이 너무 기분 좋아서', 0.7845728848329584), ([[43, 137], [307, 137], [307, 205], [43, 205]], '금방 싸버랗다.', 0.22361372129608362), ([[67, 243], [321, 243], [321, 311], [67, 311]], '조금 빨컷지만', 0.30875514742535554), ([[43, 351], [262, 351], [262, 413], [43, 413]], '신경 쓰지마,', 0.7691201360326815), ([[41, 453], [337, 453], [337, 519], [41, 519]], '다음에도 힘내자다', 0.516433800623045)]
[([[0, 30], [214, 30], [214, 332], [0, 332]], '9', 0.8134383277325128), ([[887.0859433253785, 48.01347873033212], [1109.8195904114466, -3.9975666646014965], [1200.9140566746214, 448.9865212696679], [978.1804095885533, 500.9975666646015]], '꽃', 0.048586048452348374), ([[726.0221615176292, 250.02079566428822], [900.7873642229008, 370.8797385088974], [789.9778384823708, 530.9792043357118], [614.2126357770992, 410.1202614911026]], '그', 0.1236808002389802), ([[23.042875933557422, 472.0459097089972], [96.98662427795257, 450.1993202287673], [135.9571240664426, 595.9540902910028], [63.01337572204743, 617.8006797712327]], '용', 0.37628498569853264), ([[915.1635758176236, 498.0205890977591], [1028.5498739382501, 445.00889530807274], [1149.8364241823765, 734.9794109022408], [1037.4501260617499, 787.9911046919273]], '8', 0.033905392713690086), ([[1.2135462705664035, 542.034427484457], [69.182820625327, 527.268717498692], [96.7864537294336, 673.965572515543], [28.817179374673003, 688.731282501308]], '용', 0.5486963675019894), ([[492.01949579678757, 901.3760336074714], [615.6379351857522, 860.0031096600117], [642.9805042032125, 963.6239663925286], [519.3620648142478, 1004.9968903399883]], '3@', 0.04331815508035501), ([[356.78378896411033, 911.2486714420854], [414.67413857992324, 859.0227490171361], [507.21621103588967, 974.7513285579146], [450.32586142007676, 1026.977250982864]], '$', 0.27734824350353904)]
[([[868, 6], [1200, 6], [1200, 438], [868, 438]], '요', 0.013670772912380613), ([[102, 652], [150, 652], [150, 724], [102, 724]], '%', 0.3806282283586029), ([[124, 708], [252, 708], [252, 900], [124, 900]], '빵', 0.17179055820124578), ([[456, 898], [506, 898], [506, 974], [456, 974]], '{', 0.02255239344380855), ([[55.64299184157325, 432.0049030332661], [151.6264706150546, 442.85110006428414], [108.35700815842675, 821.9950969667339], [11.37352938494542, 811.1488999357158]], '(', 0.0693151836963466), ([[924.1947113936909, 475.02163192265095], [1027.0373938028324, 444.1390099087517], [1092.805288606309, 690.978368077349], [988.9626061971676, 721.8609900912483]], '명', 0.005330142078548761), ([[382.2117748398972, 893.0389258829615], [436.5150582239837, 866.0165975282523], [502.7882251601028, 1009.9610741170385], [448.4849417760163, 1036.9834024717477]], '딸', 0.06397914066862942)]
[([[26, 0], [330, 0], [330, 76], [26, 76]], '축 처저버량다.', 0.25199474880611794), ([[103, 113], [197, 113], [197, 177], [103, 177]], '에?', 0.9983581009760603), ([[30, 230], [218, 230], [218, 310], [30, 310]], '괜찮아?', 0.9975175857543945), ([[32, 358], [352, 358], [352, 434], [32, 434]], '너무 과행나.?', 0.4372536651028389), ([[930.3541873206257, 5.009068614274035], [1097.2952855138876, -21.382134646329238], [1156.6458126793743, 406.99093138572596], [989.7047144861124, 433.38213464632923]], '콩', 0.11261245043570867)]
[([[42, 24], [396, 24], [396, 102], [42, 102]], "'그럼 휴식올 취할 경", 0.7151868739948827), ([[23, 137], [269, 137], [269, 205], [23, 205]], '온전에 갈까?', 0.7035426815829368), ([[46, 238], [180, 238], [180, 306], [46, 306]], '\'온전 ."', 0.3086370099346302), ([[26, 340], [384, 340], [384, 416], [26, 416]], '그 말에 조금 끌럽다.', 0.6482903646810771), ([[27, 453], [363, 453], [363, 515], [27, 515]], '그래도 과연 거기서', 0.993490864337404), ([[22, 552], [306, 552], [306, 624], [22, 624]], '쉬계 해 줄까?', 0.7628518575208031), ([[27, 661], [55, 661], [55, 681], [27, 681]], '66', 0.9992286312509966), ([[43, 671], [205, 671], [205, 731], [43, 731]], "'자, 가자.", 0.5953793883661117)]
[([[124, 0], [342, 0], [342, 118], [124, 118]], '올 용', 0.2765289131359639), ([[714, 43], [787, 43], [787, 157], [714, 157]], '흙', 0.14823451614155747), ([[128, 100], [176, 100], [176, 152], [128, 152]], '@', 0.7723674449232618), ([[167, 81], [323, 81], [323, 305], [167, 305]], '@', 0.013966138899053127), ([[54, 628], [178, 628], [178, 780], [54, 780]], '약', 0.010791630881584746), ([[0, 1094], [238, 1094], [238, 1428], [0, 1428]], '시', 0.0162516139713631), ([[984.1823426163575, 0.01078515994678142], [1249.6523269999284, 245.37022144271913], [1068.8176573836427, 440.9892148400532], [804.3476730000716, 196.62977855728087]], '아꿈새', 0.002453736216340397), ([[781.5847726007313, 103.0172712087756], [824.7830794262028, 113.84615011014516], [794.4152273992687, 232.9827287912244], [752.2169205737972, 222.15384988985483]], '출', 0.426781481670119), ([[298.59647391731176, 129.01018356277254], [356.35678749809966, 116.00796004256736], [403.40352608268824, 342.9898164372275], [345.64321250190034, 355.9920399574326]], '통', 0.043484341970042806), ([[1058.452236865945, 495.0166846014976], [1127.9574288501808, 485.21544125772505], [1152.547763134055, 676.9833153985024], [1083.0425711498192, 686.784558742275]], '동', 0.17347689415606737)]
[([[658, 0], [712, 0], [712, 56], [658, 56]], '4', 0.047838361913026484), ([[232, 200], [288, 200], [288, 266], [232, 266]], '@', 0.9958165621220729), ([[864, 218], [962, 218], [962, 296], [864, 296]], '4', 0.5630372852976961), ([[951, 85], [1200, 85], [1200, 382], [951, 382]], "'", 0.18143956410111262), ([[966, 270], [1040, 270], [1040, 400], [966, 400]], '"', 0.10281140329229643), ([[1070, 576], [1148, 576], [1148, 654], [1070, 654]], '모', 0.08075570648672059), ([[0, 478], [204, 478], [204, 890], [0, 890]], '%', 0.2969706415730258), ([[246.45976766702037, 23.009122943803135], [362.3145760818979, 0.16829959981852483], [424.5402323329796, 350.9908770561969], [307.6854239181021, 373.8317004001815]], '급', 0.003953178822591552), ([[691.2821551048371, 29.036904516920035], [741.796184411542, 21.23437204985866], [757.7178448951629, 139.96309548307997], [708.203815588458, 147.76562795014135]], '"', 0.09396986703704702), ([[122.21067312297171, 58.028356409306724], [193.54121564742002, 26.013322357373557], [271.7893268770283, 218.97164359069328], [199.45878435257998, 250.98667764262643]], '통', 0.05494753945157882), ([[751.502481404895, 122.02481404895005], [788.652272562857, 115.04272852228728], [808.497518595105, 231.97518595104995], [772.347727437143, 238.9572714777127]], '출', 0.3599285781048458), ([[728.0251953221502, 272.019804924896], [912.3243367869126, 297.40693237472635], [871.9748046778498, 565.980195075104], [686.6756632130874, 540.5930676252736]], '9', 0.9950811702644877), ([[719.6684018715786, 929.0808953469442], [790.6459422414662, 885.0189818950751], [872.3315981284214, 1032.9191046530557], [802.3540577585338, 1076.981018104925]], '@', 0.010335980805503076)]
[([[25, 3], [609, 3], [609, 69], [25, 69]], '액시 이렇계 되없지만 신기하계도_', 0.22348757710467745), ([[44, 76], [898, 76], [898, 148], [44, 148]], '피로가 날아켓지? 이 온전은 그런 효과만} 있페터', 0.06684446751230325), ([[27, 225], [71, 225], [71, 245], [27, 245]], '000', 0.5681248418434006), ([[59, 187], [211, 187], [211, 247], [59, 247]], "'자 그럼", 0.7387582326839376), ([[690, 277], [903, 277], [903, 545], [690, 545]], '9', 0.9980474713957257), ([[52, 830], [302, 830], [302, 882], [52, 882]], '여기서도 아이', 0.7953938141239454), ([[26, 922], [250, 922], [250, 998], [26, 998]], '많이 만들자다', 0.3355193969685887), ([[159, 1251], [487, 1251], [487, 1485], [159, 1485]], '공', 0.015526272343379333)]
[([[9, 1], [523, 1], [523, 67], [9, 67]], '나는 잡혀서 압도당하고 있다.', 0.9129155233705616), ([[6, 102], [712, 102], [712, 175], [6, 175]], '그것도, 강한 신체틀 지난 채 밀림에 사슴', 0.3174898650614373), ([[9, 213], [631, 213], [631, 275], [9, 275]], '아마조네스 느낌의 여성에계 말이다', 0.7140246425976989), ([[51, 349], [515, 349], [515, 411], [51, 411]], '그러니까 .포기하라니까 .?', 0.6770375008763795), ([[37, 491], [339, 491], [339, 555], [37, 555]], '어떻 이런 일이', 0.7387368063821084), ([[39, 591], [581, 591], [581, 659], [39, 659]], '나는 분명 1시간 전 까지만 해도', 0.7700331380972453), ([[37, 697], [463, 697], [463, 765], [37, 765]], '배틀 타고 다음 목적지로', 0.6899911441815059), ([[39, 803], [333, 803], [333, 869], [39, 869]], '향하고 있엿는데.', 0.341784762929727)]
[([[1080, 226], [1184, 226], [1184, 420], [1080, 420]], '용', 0.6084802025522187), ([[874.3972196513735, -0.9937347689342992], [1087.8861396238326, -29.170571188406548], [1154.6027803486265, 537.9937347689342], [942.1138603761673, 567.1705711884066]], '8', 0.40485185941464863), ([[-12.578019113638662, 246.01193744994438], [90.11137093248436, 231.35011461877824], [125.57801911363866, 515.9880625500556], [21.88862906751563, 530.6498853812218]], '몸', 0.026240379297214567), ([[882.0759931346034, 487.05354095759], [942.244505134755, 467.09739239430627], [979.9240068653966, 588.9464590424101], [919.755494865245, 609.9026076056938]], '지', 0.0062659607575171195), ([[169.25580075178374, 519.0277300739023], [239.7579063848366, 502.1557242449152], [276.74419924821626, 672.9722699260977], [206.2420936151634, 689.8442757550848]], '흉', 0.005863695798184132)]
[([[0, 14], [216, 14], [216, 560], [0, 560]], '종', 0.004857057009275467), ([[976, 4], [1184, 4], [1184, 669], [976, 669]], '#', 0.03595139999998853)]
[([[971, 13], [1135, 13], [1135, 199], [971, 199]], '(', 0.20098272695214803), ([[28, 161], [200, 161], [200, 392], [28, 392]], '모', 0.05013296061128636), ([[875.5103918137454, 420.0119930004053], [951.0446726114149, 403.05471673933016], [999.4896081862546, 643.9880069995946], [923.9553273885851, 660.9452832606698]], '및', 0.009722793113355055), ([[164.30751429754818, 580.0199973475837], [250.85752217787837, 558.1446378647175], [299.6924857024518, 776.9800026524163], [213.14247782212163, 798.8553621352825]], '댐', 0.18906052454060873)]
[([[20, 6], [418, 6], [418, 82], [20, 82]], '망랑베다} 떼공없문데6', 0.0061101659508537975), ([[18, 112], [586, 112], [586, 184], [18, 184]], '운잡예 입필 명 빌이나 사정하다.', 0.019746681284603853), ([[21, 225], [537, 225], [537, 289], [21, 289]], '스래터 물무치 가라앉지 않고 ,', 0.06180821754158702), ([[859, 55], [1023, 55], [1023, 371], [859, 371]], '육', 0.3020130604679174), ([[20, 321], [442, 321], [442, 395], [20, 395]], '예속 딱딱하게 발기되고', 0.8618458189124945), ([[21, 433], [319, 433], [319, 497], [21, 497]], '사정량로 임청나.', 0.46902206998126106), ([[1014.5275849646072, 374.0085865266964], [1107.5629389514813, 350.01219419082247], [1185.472415035393, 674.9914134733036], [1092.4370610485187, 698.9878058091775]], '$', 0.43281284982782964)]
[([[435, 13], [459, 13], [459, 33], [435, 33]], '9', 0.9900692527232344), ([[61, 15], [189, 15], [189, 79], [61, 79]], "'그러면", 0.9991620779037476), ([[176, 50], [208, 50], [208, 74], [176, 74]], '0', 0.9999570851161934), ([[194, 6], [444, 6], [444, 84], [194, 84]], "슬속 나갈마?'", 0.07947377762930971), ([[60, 220], [348, 220], [348, 294], [60, 294]], "'훈후; 알고 있어", 0.3316608381164258), ([[36, 322], [508, 322], [508, 396], [36, 396]], '온전의 효과가 너무 좋아서', 0.7773572027040248), ([[37, 431], [317, 431], [317, 499], [37, 499]], '아직 부족하지?', 0.9742161933849708), ([[37, 537], [371, 537], [371, 603], [37, 603]], '시간은 넉넉하니까.', 0.9736223256333086), ([[32, 640], [356, 640], [356, 712], [32, 712]], "우선 밥부터 먹자 '", 0.47484800362542096)]
[([[69, 0], [267, 0], [267, 71], [69, 71]], "'흥흥흥~}", 0.11996758688067613), ([[44, 98], [620, 98], [620, 170], [44, 170]], '요리하면서 탕노래틀 부로고 잇어', 0.1348944148016664), ([[43, 207], [467, 207], [467, 275], [43, 275]], '난 온전에서 잇있던 일로', 0.21990071494717883), ([[40, 311], [433, 311], [433, 377], [40, 377]], '머리가 아파 죽컷는데', 0.4569359238222747), ([[41, 421], [283, 421], [283, 483], [41, 483]], '아임리타이어', 0.9149414767266985), ([[41, 527], [283, 527], [283, 587], [41, 587]], '아임리타이어', 0.9603793553578841), ([[40, 629], [310, 629], [310, 697], [40, 697]], '아임리타이에6@', 0.1877122233225258), ([[65, 733], [331, 733], [331, 799], [65, 799]], '기다길 수 없어', 0.59733027727081), ([[41, 841], [309, 841], [309, 901], [41, 901]], '이제 한 끼라도', 0.8090303235352103), ([[43, 943], [257, 943], [257, 1009], [43, 1009]], '먹지 못하면', 0.9565637499454417), ([[71, 1051], [171, 1051], [171, 1119], [71, 1119]], '맺다.', 0.7802566602556287)]
[([[68, 28], [656, 28], [656, 102], [68, 102]], '그것은 고기가 들어간 걸줌한 스프', 0.4515110478935816), ([[67, 149], [113, 149], [113, 189], [67, 189]], '이', 0.9999104758272814), ([[114, 132], [866, 132], [866, 206], [114, 206]], '사람과 어울길 법 한, 상당히 거친 요리엿다.', 0.37636355323245885), ([[88, 238], [398, 238], [398, 312], [88, 312]], '향이 엄청 중네요.', 0.7210989931474989), ([[86, 344], [506, 344], [506, 416], [86, 416]], "'비법 재료가 들어갖거든_", 0.7605305721375396), ([[65, 453], [257, 453], [257, 519], [65, 519]], '자, 먹어쥐', 0.8841818405729411), ([[89, 559], [235, 559], [235, 623], [89, 623]], '맛있다!', 0.9277215003967285), ([[67, 663], [323, 663], [323, 729], [67, 729]], '맛도 그렇제만', 0.9400730538602176), ([[64, 764], [382, 764], [382, 836], [64, 836]], '이 느낌은 물까?', 0.5730585378377785), ([[346, 870], [374, 870], [374, 896], [346, 896]], '9', 0.9962447440131861), ([[87, 875], [359, 875], [359, 937], [87, 937]], "'너무 맛있어오", 0.3151071768639147), ([[78, 972], [280, 972], [280, 1028], [78, 1028]], '그치 그치?', 0.9990881398466056)]
[([[72, 44], [770, 44], [770, 116], [72, 116]], "'사실은 고기보다 그 향신로가 더 중요해.", 0.9045942250798287), ([[75, 145], [495, 145], [495, 207], [75, 207]], '우와, 귀한 재료인가요?', 0.8361404329846313), ([[75, 250], [370, 250], [370, 326], [75, 326]], '우리밖에 만들지', 0.9914377969395209), ([[50, 358], [344, 358], [344, 430], [50, 430]], '못하는 재료거든', 0.543564539968193), ([[53, 465], [461, 465], [461, 533], [53, 533]], '부작용으로 기분이 너무', 0.997934504844389), ([[48, 566], [382, 566], [382, 640], [48, 640]], '하이해저서 환각을', 0.5627990930976511), ([[54, 670], [318, 670], [318, 744], [54, 744]], '볼 수도 잇지만_', 0.8559387114308872), ([[57, 771], [81, 771], [81, 791], [57, 791]], '66', 0.5938553396892621), ([[134, 780], [234, 780], [234, 832], [134, 832]], '어.?', 0.9073191878330452), ([[73, 887], [295, 887], [295, 953], [73, 953]], "'걱정하지 마,", 0.9093923977140168), ([[49, 993], [251, 993], [251, 1059], [49, 1059]], '이곳에서논', 0.378197656792554), ([[50, 1094], [262, 1094], [262, 1166], [50, 1166]], '합법이니까', 0.9469963024104339), ([[51, 1191], [406, 1191], [406, 1259], [51, 1259]], '그건 괜찮은 권가.?', 0.7778501508200841), ([[76, 1302], [295, 1302], [295, 1378], [76, 1378]], '슬슬 효과가', 0.7238887541258581), ([[50, 1408], [454, 1408], [454, 1480], [50, 1480]], '나타날 때가 뒷올 거야.', 0.6178848093848963), ([[80.13600260995938, 773.0752148767684], [158.81842032626358, 793.6647750903124], [144.86399739004062, 839.9247851232316], [66.18157967373642, 819.3352249096876]], '허드', 0.45628821896958127)]
[([[482, 25], [572, 25], [572, 205], [482, 205]], '@', 0.33621055991526205), ([[880, 300], [952, 300], [952, 416], [880, 416]], '8', 0.09998627731386822), ([[951, 33], [1199, 33], [1199, 422], [951, 422]], '7', 0.021697032458673826), ([[0, 248], [251, 248], [251, 704], [0, 704]], '옆', 0.17790426808990478), ([[284, 634], [434, 634], [434, 854], [284, 854]], '엷', 0.006593952417611126), ([[376.91357104748977, 112.04928152238756], [454.59627743259557, 67.01482360482845], [549.0864289525102, 245.95071847761244], [471.40372256740443, 291.98517639517155]], '용', 0.13574421408225934), ([[1086.1890822799826, 811.0253164797225], [1188.7708328980966, 830.404558880715], [1156.8109177200174, 996.9746835202775], [1054.2291671019034, 977.595441119285]], '%', 0.46049053564206943)]
[([[0, 771], [127, 771], [127, 919], [0, 919]], '7리`', 0.002041041178577776), ([[983, 1117], [1069, 1117], [1069, 1205], [983, 1205]], '4', 0.09272343448607501), ([[497, 1191], [659, 1191], [659, 1325], [497, 1325]], '$@', 0.008377419176904405), ([[111.1246429755435, 18.01236133423951], [399.99609547199157, 222.50799848457157], [247.87535702445652, 433.98763866576047], [-39.996095471991566, 229.49200151542843]], '%', 0.2850609449879471), ([[489.3816999397877, 146.02392922326152], [550.0778770324407, 138.2745597511821], [567.6183000602123, 290.9760707767385], [506.92212296755935, 298.7254402488179]], '@', 0.0064233860592912695), ([[66.20037842953867, 326.012298960007], [265.5080258022702, 366.778422736231], [193.7996215704613, 702.987701039993], [-4.5080258022702, 663.221577263769]], '흙', 0.6132199522901125), ([[1031.818053031755, 430.0437159286927], [1131.6220973352774, 369.0120984833706], [1254.181946968245, 596.9562840713073], [1153.3779026647226, 657.9879015166294]], '8', 0.01769029254151122), ([[1046.2229487538725, 1046.0232441896717], [1145.905805454133, 1030.6006176059263], [1174.7770512461275, 1238.9767558103283], [1075.094194545867, 1255.3993823940737]], '꽃', 0.4341328234907884)]
[([[62, 18], [546, 18], [546, 98], [62, 98]], '내외} 타보 있원 및 빼문', 0.004960280170116085), ([[61, 137], [618, 137], [618, 229], [61, 229]], '품중으콩 엔해 손텔되없;', 0.004581550173206069), ([[55, 265], [667, 265], [667, 353], [55, 353]], '해련되}에- 정신을 &련 떼뭄', 0.00956086982751822), ([[59, 391], [581, 391], [581, 477], [59, 477]], '전텔되 빼름 보페 되없다.', 0.02423327384461674), ([[58, 498], [692, 498], [692, 578], [58, 578]], '내바} 조금 전에 타고 있면 배문', 0.10339650262233678), ([[55, 623], [521, 623], [521, 707], [55, 707]], '매운 꼼직한 상태없다.', 0.42989077461001113), ([[57, 747], [721, 747], [721, 831], [57, 831]], '그리고 주변에 다 이외의 사람은', 0.6325624489027384), ([[54, 876], [364, 876], [364, 954], [54, 954]], '아무꿈 없없다 ', 0.14293235385178357), ([[56, 986], [511, 986], [511, 1066], [56, 1066]], '여미 예속 있타가늄', 0.1920007744904157), ([[56, 1111], [641, 1111], [641, 1201], [56, 1201]], '소리하페 죽음 레 딴하기에', 0.042606763878497066), ([[59, 1235], [701, 1235], [701, 1323], [59, 1323]], '딴 6면올 떼나 숲으~ |하다', 0.0023647642475252027)]
[([[30, 22], [210, 22], [210, 76], [30, 76]], '머리가안', 0.3508172035217285), ([[210, 10], [344, 10], [344, 86], [210, 86]], '돌아가.', 0.9772822856903076), ([[32, 120], [60, 120], [60, 144], [32, 144]], '66', 0.9590437922371255), ([[48, 120], [406, 120], [406, 192], [48, 192]], "'참지 않아로 괜찮아.", 0.5007042017958564), ([[25, 207], [569, 207], [569, 295], [25, 295]], '남은 세앗로 전부 내 안에 예침.', 0.3350750145709832), ([[27, 333], [293, 333], [293, 401], [27, 401]], '사양하지 말고', 0.8795330829157819), ([[26, 432], [283, 432], [283, 507], [26, 507]], '욕망에 반처쥐드', 0.10942173510506015), ([[28, 538], [340, 538], [340, 612], [28, 612]], '이젠 야한 일밟에', 0.030699718861822618), ([[150, 612], [174, 612], [174, 658], [150, 658]], '용', 0.5521054674768813), ([[27, 648], [311, 648], [311, 717], [27, 717]], '떠오로지 않@?@', 0.04887261959433782), ([[1007, 866], [1156, 866], [1156, 1158], [1007, 1158]], '#', 0.023717174684288134), ([[500.30265739077055, 140.04886747447082], [537.4204416484569, 135.20600943645806], [547.6973426092295, 220.95113252552918], [510.57955835154314, 225.79399056354194]], '@', 0.02315160563806118), ([[908.5168349130363, 290.02339960427406], [950.3449308644932, 286.1842798077823], [958.4831650869637, 402.97660039572594], [916.6550691355068, 406.8157201922177]], '@', 0.3395668839209556)]
[([[0, 43], [275, 43], [275, 383], [0, 383]], '다', 0.048891115302830634), ([[725, 0], [1051, 0], [1051, 333], [725, 333]], '또', 0.4081691198742341), ([[1021, 321], [1083, 321], [1083, 455], [1021, 455]], '살', 0.028264328308998055), ([[749, 1047], [877, 1047], [877, 1155], [749, 1155]], '사예', 0.0009778332016141449), ([[227.30225062474568, 76.20900249898267], [271.6699868465098, 44.03213679629803], [327.6977493752543, 129.79099750101733], [283.3300131534902, 161.96786320370197]], '콩', 0.2560678320421097), ([[630.101167723432, 81.0677069746514], [670.5481566867932, 59.0250921139549], [717.898832276568, 158.9322930253486], [677.4518433132068, 179.97490788604512]], '@', 0.7243909401001112), ([[32.488229876453254, 433.0163860726708], [92.20208806223557, 453.9223129569921], [40.511770123546746, 604.9836139273292], [-19.202088062235575, 584.0776870430079]], '%', 0.055095188333657896), ([[702.2070176794539, 1076.0526325959042], [749.9679231794955, 1061.0785876077919], [777.7929823205461, 1162.9473674040958], [731.0320768205045, 1176.9214123922081]], '@', 0.029542070822899724)]
[([[533, 7], [603, 7], [603, 47], [533, 47]], '', 0.0), ([[615, 7], [727, 7], [727, 121], [615, 121]], '통', 0.011389622866179394), ([[717, 61], [825, 61], [825, 223], [717, 223]], '혈', 0.2008376024265459), ([[0, 0], [298, 0], [298, 456], [0, 456]], '4', 0.6249925699663983), ([[4, 556], [84, 556], [84, 834], [4, 834]], '흙', 0.24351094791290961), ([[766, 1014], [814, 1014], [814, 1078], [766, 1078]], '0', 0.4253837893995751), ([[221.18966554241237, 2.0328861716720557], [293.33611743884177, -12.723299610314362], [324.81033445758766, 144.96711382832794], [251.66388256115823, 160.72329961031437]], '뿐', 0.023484779650893906), ([[1011.2106731229717, 324.02835640930675], [1089.4653178924507, 301.0980348801666], [1139.7893268770283, 484.97164359069325], [1061.5346821075493, 508.9019651198334]], '8', 0.23322547680942307)]
[([[54, 0], [310, 0], [310, 74], [54, 74]], "'응  잠들없니?", 0.599861297187672), ([[33, 121], [81, 121], [81, 163], [33, 163]], '네', 0.9998928337200006), ([[83, 111], [619, 111], [619, 177], [83, 177]], '입장에서는 바뿐 하루엿켓지만.', 0.2941490257318605), ([[721, 109], [765, 109], [765, 193], [721, 193]], '@', 0.12028934029757554), ([[30, 212], [380, 212], [380, 284], [30, 284]], '지금은 자계놔둘까', 0.3046236881257823), ([[28, 317], [362, 317], [362, 391], [28, 391]], '내일부터 기대되네-', 0.8738605079414714), ([[1069, 333], [1200, 333], [1200, 513], [1069, 513]], '댐', 0.010048989603932468), ([[1140, 852], [1164, 852], [1164, 938], [1140, 938]], '8', 0.9726405912775569), ([[1142, 970], [1171, 970], [1171, 1025], [1142, 1025]], '8', 0.4273256304496478), ([[761.4538372406557, 142.02991888996715], [803.4941190544082, 138.2284585036642], [811.5461627593443, 242.97008111003285], [769.5058809455918, 246.7715414963358]], '@', 0.06027908048344721)]
[([[85, 37], [173, 37], [173, 103], [85, 103]], '흐음', 0.7542400592164962), ([[63, 141], [501, 141], [501, 209], [63, 209]], '난 지금 생각에 빠져있다.', 0.7976796605461586), ([[58, 240], [398, 240], [398, 316], [58, 316]], '처음의 목적은 물론', 0.9975342335749001), ([[60, 346], [492, 346], [492, 422], [60, 422]], '그 남자의 아이틀 가지논', 0.656242438681502), ([[59, 459], [269, 459], [269, 521], [59, 521]], '것이없지만 .', 0.2186401369140631), ([[61, 565], [313, 565], [313, 627], [61, 627]], '그러기 위해션', 0.6913740536572577), ([[60, 660], [498, 660], [498, 738], [60, 738]], '노력올 아제지 않을 거야.', 0.2668976030895276), ([[60, 780], [150, 780], [150, 828], [60, 828]], '어제', 0.9999565890220194), ([[146, 768], [400, 768], [400, 842], [146, 842]], '잇엇런 일들도', 0.10894963312638346), ([[62, 886], [188, 886], [188, 934], [62, 934]], '그래서', 0.9999827248156229), ([[182, 874], [520, 874], [520, 948], [182, 948]], '필요한 일들이있다.', 0.4207988290619083)]
[([[46, 26], [494, 26], [494, 102], [46, 102]], '1아이틀 만들기 위해서는', 0.3792740914193409), ([[48, 132], [804, 132], [804, 206], [48, 206]], '2 부족에 전해 내려오는 비법 요리틀 만들고', 0.3347861394152201), ([[48, 236], [400, 236], [400, 312], [48, 312]], '3.그 요리틀 먹는다.', 0.16329242527145743), ([[48, 340], [478, 340], [478, 420], [48, 420]], '이걸 열흘 동안 반복하고', 0.36329834484811624), ([[46, 448], [442, 448], [442, 522], [46, 522]], '결국 임신하게 되는 게', 0.6749135218078103), ([[52, 552], [350, 552], [350, 626], [52, 626]], '본래의 흐름인데._', 0.35571694075220345), ([[48, 658], [362, 658], [362, 732], [48, 732]], '저 남자는 좋아해.', 0.6564964392035427), ([[51, 769], [393, 769], [393, 833], [51, 833]], '그리고 저 남자와의', 0.8088684853679503), ([[50, 880], [140, 880], [140, 928], [50, 928]], '아이', 0.9999812868505445), ([[138, 868], [434, 868], [434, 942], [138, 942]], '만들기도 즐거워 ', 0.5370165202479293), ([[49, 981], [187, 981], [187, 1041], [49, 1041]], '하지만.', 0.9977874755859375), ([[48, 1078], [436, 1078], [436, 1150], [48, 1150]], '이대로도 괜찮은 걸까.', 0.6784572070894622)]
[([[36, 8], [868, 8], [868, 88], [36, 88]], '좀 더 시간을 들이지 않고 하눈 방법은 없으려나.', 0.5090826564834796), ([[40, 120], [536, 120], [536, 192], [40, 192]], '욕, 벌써 시간이 이렇계 맺나.', 0.5198692100926957), ([[39, 227], [423, 227], [423, 295], [39, 295]], '남자가 일어나기 전에', 0.9822735866709996), ([[36, 324], [506, 324], [506, 400], [36, 400]], '아침 식사클 만들지 않으면', 0.2976369879193971), ([[62, 444], [152, 444], [152, 494], [62, 494]], '그래', 0.9999987355947788)]
[([[87, 35], [445, 35], [445, 97], [87, 97]], '우_!맛있어 보여요!', 0.12968467397970831), ([[90, 138], [656, 138], [656, 212], [90, 212]], "'어제보다 열 배는 더 맛있~거야.", 0.23488656330806432), ([[68, 242], [266, 242], [266, 317], [68, 317]], '자, 먹자 }-', 0.33246235700690424), ([[70, 350], [448, 350], [448, 422], [70, 422]], '오늘의 아침 식사에는', 0.7420694001373135), ([[68, 450], [320, 450], [320, 526], [68, 526]], '비법 향신로틀', 0.4735873322703092), ([[71, 561], [423, 561], [423, 629], [71, 629]], '원래의 열 배정물로', 0.18108260221410455), ([[71, 679], [117, 679], [117, 721], [71, 721]], '더', 0.9998124925781191), ([[119, 667], [259, 667], [259, 735], [119, 735]], '넣없어', 0.40185671619225255), ([[70, 768], [420, 768], [420, 840], [70, 840]], '분명 열 배의 속도로', 0.8657875101289649), ([[68, 874], [408, 874], [408, 946], [68, 946]], '수정활 수 앗켓( >', 0.03210614786051572)]
[([[45, 7], [335, 7], [335, 75], [45, 75]], '자, 어떻계 할까.', 0.5751073476561698), ([[47, 111], [637, 111], [637, 177], [47, 177]], '식사 후에 바로 넘어트려저 버(어', 0.3862072350330788)]
[([[1111, 1221], [1147, 1221], [1147, 1275], [1111, 1275]], '8', 0.24596455345588097), ([[993, 1391], [1155, 1391], [1155, 1600], [993, 1600]], '@', 0.04051477726886166), ([[40.222755129292516, -61.985611509102114], [319.9999024025245, 93.93597590730937], [228.77724487070748, 249.9856115091021], [-49.999902402524526, 93.06402409269063]], '@', 0.3099710265576192), ([[774.1896515005305, 19.0136844157047], [935.0663722074808, -34.91087840084825], [1056.8103484994695, 362.9863155842953], [895.9336277925192, 417.9108784008482]], '제', 0.01740986815151424), ([[939.4431129410376, 82.00775458325003], [1071.4394543168066, 34.0048285852949], [1221.5568870589625, 480.99224541675], [1089.5605456831934, 528.995171414705]], '직', 0.0023957766203742126), ([[-14.800944629057257, 1156.0246970092724], [72.51958449853532, 1112.0103875366167], [177.80094462905726, 1343.9753029907276], [89.48041550146468, 1387.9896124633833]], '물', 0.061815129275651026), ([[1101.4188023731606, 1270.0153648527337], [1189.7899007607793, 1282.6470833864335], [1162.5811976268394, 1480.9846351472663], [1074.2100992392207, 1469.3529166135665]], '밭', 0.016858251851581407), ([[140.11167031868118, 1362.0303866527452], [224.5598250174337, 1319.012059595538], [323.8883296813188, 1533.9696133472548], [239.4401749825663, 1576.987940404462]], '품', 0.06264586306493047)]
[([[34, 6], [444, 6], [444, 86], [34, 86]], '하지만 곧 숲속에서', 0.8014959471341216), ([[33, 129], [493, 129], [493, 215], [33, 215]], '짐승에계 습격당햇고 ,', 0.6666618776741939), ([[42, 256], [72, 256], [72, 282], [42, 282]], '66', 0.9474172462484124), ([[310, 256], [342, 256], [342, 282], [310, 282]], '9', 0.39743263847311844), ([[63, 254], [325, 254], [325, 343], [63, 343]], '야; 죽없다 .<', 0.05981007461092857), ([[36, 386], [394, 386], [394, 462], [36, 462]], '라고 생각하다가', 0.6754496943350662), ([[36, 512], [482, 512], [482, 588], [36, 588]], '그녀에게 무조되있다.', 0.361516688958446), ([[604, 636], [634, 636], [634, 660], [604, 660]], '9', 0.9999916553671397), ([[61, 631], [618, 631], [618, 717], [61, 717]], "'뭐라고 감사흘 해야 활치$", 0.22574461144643979), ([[58, 760], [116, 760], [116, 814], [58, 814]], '이', 0.9999177472816569), ([[111, 747], [567, 747], [567, 831], [111, 831]], '숲은 우리의 영역이고,', 0.8384489204486075), ([[25, 869], [557, 869], [557, 960], [25, 960]], '당연한 일흘 햇올 뿐이야. ', 0.24439391272337546), ([[27, 990], [698, 990], [698, 1076], [27, 1076]], '야성미 넘치논 전사같은 느낌의,', 0.4525002118376387), ([[32, 1118], [686, 1118], [686, 1196], [32, 1196]], '매우 강인해 보이는 여성이없다.', 0.5675852164227897)]
[([[7, 46], [193, 46], [193, 260], [7, 260]], '%', 0.04533798928445609), ([[43, 245], [107, 245], [107, 351], [43, 351]], '[', 0.005854723709745935), ([[1052, 1092], [1106, 1092], [1106, 1158], [1052, 1158]], '9', 0.002455529289167091), ([[125, 1271], [187, 1271], [187, 1347], [125, 1347]], '%', 0.025129326817643127), ([[1084, 1093], [1199, 1093], [1199, 1330], [1084, 1330]], '향', 0.21054846088503698), ([[0, 1147], [213, 1147], [213, 1600], [0, 1600]], '@', 0.019644059619411403), ([[938, 1321], [1191, 1321], [1191, 1600], [938, 1600]], '울목', 0.17887693873149485), ([[829.0686323523807, 234.0197235161846], [994.3187518353371, 211.63340067900205], [1026.9313676476193, 513.9802764838154], [861.6812481646629, 536.3665993209979]], '돌', 0.9247159533111358)]
[([[526, 2], [1198, 2], [1198, 74], [526, 74]], '조금이라도 더 과격하게 해끗으면 해서', 0.6283141921028443), ([[0, 0], [192, 0], [192, 255], [0, 255]], '@', 0.06607407822290057), ([[727, 111], [1195, 111], [1195, 177], [727, 177]], '가버운 마음으로 넣은 건데', 0.8017410613498666), ([[716, 210], [1070, 210], [1070, 286], [716, 286]], '설마 이 정도일 줄은', 0.9390053250891222), ([[737, 321], [1129, 321], [1129, 389], [737, 389]], '다시 움직이고 있어어.', 0.7743030349167493), ([[19, 1050], [81, 1050], [81, 1185], [19, 1185]], '욕', 0.10667958130652355), ([[5, 1187], [93, 1187], [93, 1411], [5, 1411]], '@', 0.17056303256581273), ([[1051, 1339], [1111, 1339], [1111, 1421], [1051, 1421]], '간9', 0.005736628602372764), ([[1108, 1216], [1172, 1216], [1172, 1475], [1108, 1475]], '@', 0.263473709787295), ([[49.30003645370266, 206.01885786866754], [139.78692807004387, 257.7445067147919], [39.69996354629734, 435.9811421313325], [-49.78692807004387, 385.2554932852081]], '8', 0.1517053685483214), ([[-0.8478641535457407, 1401.02767845075], [92.16644716365077, 1367.0524364834764], [162.84786415354574, 1579.97232154925], [69.83355283634923, 1614.9475635165236]], '못', 0.4827588282207671), ([[973.145035400145, 1432.0304956020311], [1045.5189944420858, 1387.011228387817], [1162.8549645998548, 1595.9695043979689], [1090.4810055579142, 1641.988771612183]], '물', 0.32676630963237585)]
[([[260, 46], [350, 46], [350, 193], [260, 193]], '총', 0.031146535173750323), ([[222, 130], [302, 130], [302, 254], [222, 254]], '썰', 0.04688334808434136), ([[844, 0], [1200, 0], [1200, 576], [844, 576]], '털', 0.04068557780745885), ([[0, 884], [292, 884], [292, 1286], [0, 1286]], '8', 0.03403267120624087), ([[652.25097310286, 4.056422478876167], [724.9996457292658, 42.94048040798493], [704.74902689714, 79.94357752112383], [631.0003542707342, 42.05951959201507]], '길과', 0.0003961688623430432), ([[-64.57182539299806, 347.71408730350095], [164.02158678517893, 206.8431814329875], [263.57182539299805, 373.28591269649905], [32.97841321482108, 514.1568185670125]], '용돈', 0.09016848621852981)]
[([[0, 56], [202, 56], [202, 410], [0, 410]], '7', 0.010578644619949396), ([[174, 244], [254, 244], [254, 376], [174, 376]], '밑', 0.01422977032406042), ([[1081, 281], [1191, 281], [1191, 399], [1081, 399]], '오', 0.4792722225415993), ([[775, 311], [947, 311], [947, 473], [775, 473]], '%', 0.042197891610877614), ([[728, 782], [820, 782], [820, 838], [728, 838]], '스', 0.1047050558384024), ([[929, 473], [1181, 473], [1181, 835], [929, 835]], '요', 0.084375645372746), ([[1, 1271], [127, 1271], [127, 1379], [1, 1379]], '4*', 0.033306220552818955), ([[257.0430573326053, -0.961783342433499], [349.60516409211004, -14.08117609663976], [368.9569426673947, 147.9617833424335], [276.39483590788996, 162.08117609663975]], '한', 0.022475787957830562), ([[396.154696648639, 10.039784475573267], [468.73193302296664, 19.061344235356195], [452.845303351361, 133.96021552442673], [381.26806697703336, 124.93865576464381]], '5', 0.12812971872335766), ([[206.35920434983427, 166.01712134190083], [287.4995665365462, 139.01040312289177], [358.6407956501657, 376.9828786580992], [278.5004334634538, 402.9895968771082]], '움', 0.03691040958655467), ([[770.101167723432, 423.0677069746514], [887.9016393442623, 449.91803278688525], [874.898832276568, 500.9322930253486], [756.0983606557377, 474.08196721311475]], '쇼사]6', 0.005880063399672508), ([[633.951362344004, 746.0789914704267], [679.5368754921932, 714.0206186014889], [752.048637655996, 825.9210085295733], [707.4631245078068, 857.9793813985111]], '뻔', 0.025886200436971762), ([[245.8233031891709, 1150.1165159458544], [291.2376608928236, 1182.0730718540103], [225.1766968108291, 1276.8834840541456], [178.76233910717642, 1244.9269281459897]], '8', 0.9879743006458739)]
[([[31, 1], [427, 1], [427, 87], [31, 87]], '몇 시간이나 취남지?', 0.07678629445266266), ([[34, 108], [256, 108], [256, 184], [34, 184]], '전사인 내라(', 0.7360868560610752), ([[287, 105], [375, 105], [375, 171], [287, 171]], '(텅계', 0.21345481964372684), ([[35, 217], [201, 217], [201, 279], [35, 279]], '당하고만', 0.9996516704559326), ([[288, 208], [472, 208], [472, 284], [288, 284]], '필 줄이야.', 0.26051316311897393), ([[276, 268], [328, 268], [328, 330], [276, 330]], '9', 0.643502972046818), ([[1020, 524], [1094, 524], [1094, 614], [1020, 614]], '6', 0.8855000412953729), ([[1101, 845], [1191, 845], [1191, 1035], [1101, 1035]], '양', 0.012352195174717195), ([[186, 1041], [296, 1041], [296, 1209], [186, 1209]], '%', 0.02429365627257618), ([[133, 1187], [171, 1187], [171, 1237], [133, 1237]], '영', 0.8532228550905963), ([[649.3798263270539, -1.9613893835683385], [730.9029033784547, 51.01941932430908], [706.6201736729461, 87.96138938356833], [626.0970966215453, 33.98058067569092]], '43', 0.003311986190875641), ([[928.5097063202039, 8.005226417562792], [1094.7764801658495, -8.498560781197678], [1143.4902936797962, 522.9947735824372], [978.2235198341505, 540.4985607811976]], '모', 0.08935434565118161), ([[189.2323448146799, 139.0245791090062], [315.87651522209103, 239.28291346186634], [253.7676551853201, 318.9754208909938], [126.12348477790896, 218.71708653813366]], '대@양', 0.004440276803473438), ([[1077.4199852094343, 736.0859511911331], [1093.5089865985592, 734.0658509254747], [1099.5800147905657, 772.9140488088669], [1083.4910134014408, 775.9341490745253]], '8', 0.9954685165268984), ([[54.132708873058355, 1032.0313824482052], [140.9127291278321, 1005.1534195953625], [192.86729112694164, 1193.9686175517948], [106.08727087216789, 1220.8465804046375]], '@', 0.046474621389229975), ([[11.186909216003395, 1204.127055433624], [81.67267279399631, 1143.0174150758712], [201.8130907839966, 1300.872944566376], [131.32732720600367, 1361.9825849241288]], '@', 0.02808430783336835)]
[([[45, 23], [93, 23], [93, 65], [45, 65]], '이', 0.999965548812046), ([[93, 8], [402, 8], [402, 82], [93, 82]], '남자는 이제 나클', 0.16430241254591493), ([[47, 117], [593, 117], [593, 185], [47, 185]], '암컷으로만 보는 전사가 되없어', 0.5950319614165049), ([[47, 235], [93, 235], [93, 275], [47, 275]], '이', 0.9999369392800226), ([[94, 218], [190, 218], [190, 292], [94, 292]], '나클.', 0.24999440562938016), ([[43, 329], [497, 329], [497, 393], [43, 393]], '자신의 정자로 수정시키고', 0.7095857282035526), ([[45, 435], [255, 435], [255, 499], [45, 499]], '임신시켜서', 0.9993152861167014), ([[42, 532], [386, 532], [386, 608], [42, 608]], '자신의 아이틀 낭논', 0.6529005815814927), ([[47, 643], [307, 643], [307, 711], [47, 711]], '암컷으로 말야.', 0.9670086959704691), ([[47, 853], [583, 853], [583, 919], [47, 919]], '절대로 자신의 것으로 만드려는', 0.6850427259469056), ([[47, 965], [294, 965], [294, 1019], [47, 1019]], '의지가 느껴저', 0.7430784155702106), ([[45, 1063], [337, 1063], [337, 1129], [45, 1129]], '이렇계 집요하게', 0.9236182935153999), ([[45, 1169], [397, 1169], [397, 1233], [45, 1233]], '몇 번이고 몇 번이고', 0.5889554470378653), ([[45, 1273], [505, 1273], [505, 1339], [45, 1339]], '이상하지만 기쁨이 느껴저.', 0.9347369803771479)]
[([[45, 11], [309, 11], [309, 77], [45, 77]], '몇 시간에 결친', 0.7765147839429483), ([[42, 115], [292, 115], [292, 181], [42, 181]], '진정한 교미로', 0.996695615862331), ([[43, 221], [313, 221], [313, 287], [43, 287]], '내 몸도 완전히', 0.6514339739692053), ([[43, 327], [213, 327], [213, 395], [43, 395]], '박정낫어여', 0.10477401668071325), ([[45, 537], [421, 537], [421, 603], [45, 603]], '그래세 이제-트이라고', 0.19090576503229661), ([[45, 639], [447, 639], [447, 707], [45, 707]], "본능으로 이해해버로어'", 0.30233613040512236)]
[([[196, 312], [299, 312], [299, 519], [196, 519]], '병', 0.12865883221710206), ([[962, 814], [1200, 814], [1200, 1120], [962, 1120]], '%', 0.9094391097588108), ([[973.3486328543988, 344.03037154206686], [1027.7230769230769, 335.2153846153846], [1047.6513671456012, 464.96962845793314], [992.276923076923, 474.7846153846154]], '명', 0.027567530997886003), ([[903.9563638994289, 407.06836563565963], [952.5866515442884, 377.0215389976773], [1021.0436361005711, 498.93163436434037], [972.4133484557116, 528.9784610023227]], '영', 0.017808489276455397), ([[-32.668159723576956, 1163.0085867528564], [141.18293216950585, 1105.026924104328], [290.66815972357693, 1603.9914132471436], [115.81706783049414, 1661.973075895672]], '물', 0.5625309352359551)]
[([[972, 0], [1200, 0], [1200, 536], [972, 536]], '""', 0.6565332623694718), ([[299, 1457], [385, 1457], [385, 1571], [299, 1571]], '{', 0.0029680080355101723), ([[-32.77928837595274, 98.01047241455797], [176.35292917446012, 57.947648359622804], [253.77928837595275, 527.989527585442], [42.64707082553989, 568.0523516403772]], '붕', 0.018270654379508366), ([[1004.4364498349748, 555.0083594386504], [1142.6671942774692, 540.5821473136427], [1179.5635501650252, 929.9916405613496], [1040.3328057225308, 944.4178526863573]], '협', 0.010028080359703928), ([[-24.494623975916628, 605.0064393248015], [110.04483823615466, 585.2455615889024], [170.49462397591662, 1026.9935606751985], [34.95516176384534, 1047.7544384110975]], '~', 0.004446090148547965), ([[814.8453573396972, 1445.3958581664258], [1202.8433719896723, 1261.761948762976], [1262.1546426603027, 1436.6041418335742], [875.1566280103278, 1620.238051237024]], '%사양6', 0.030025504529476166), ([[-4.692216686651586, 1280.0477646462668], [273.8040578907626, 1256.3853943992078], [280.6922166866516, 1516.9522353537332], [1.1959421092374463, 1539.6146056007922]], '닭로', 0.03451368884649492)]
[([[0, 1267], [231, 1267], [231, 1577], [0, 1577]], '(5', 0.0007339002554338462), ([[185, 1381], [341, 1381], [341, 1497], [185, 1497]], '@고쇠', 0.002057894733766864), ([[340, 1462], [408, 1462], [408, 1494], [340, 1494]], '<0', 0.06092549108912394), ([[746, 1395], [1023, 1395], [1023, 1509], [746, 1509]], '최최~/', 0.00022666722361464053), ([[972.426880751231, 38.00608338297886], [1172.0138155865764, 17.926902928161784], [1219.573119248769, 562.9939166170211], [1019.9861844134236, 583.0730970718382]], '군', 0.025003844935041153), ([[-35.96453230191555, 563.0186133803874], [146.19010117650285, 522.0562650141701], [211.96453230191554, 871.9813866196126], [28.809898823497157, 912.9437349858299]], '%', 0.09911466701402105), ([[1028.1696237537517, 1235.0127719969303], [1233.0231524019573, 1265.0426079318124], [1177.8303762462483, 1613.9872280030697], [973.9768475980426, 1583.9573920681876]], '@', 0.07775738294637424)]
[([[84, 46], [512, 46], [512, 124], [84, 124]], '그래도.감사합니다!', 0.8466014325267162), ([[96, 168], [410, 168], [410, 248], [96, 248]], '좀 부끄러운데.', 0.6513959657713634), ([[63, 293], [789, 293], [789, 381], [63, 381]], '자 다른 짐승들이 올 수도 잇으니까', 0.6599419396673362), ([[63, 421], [559, 421], [559, 505], [63, 505]], '일단 우리 집으로 가자! *', 0.6926544701804275), ([[97, 557], [269, 557], [269, 619], [97, 619]], '네 . 네!', 0.47722634900633093)]
[([[360, 8], [592, 8], [592, 64], [360, 64]], '하아 하아', 0.9752923995721369), ([[360, 122], [572, 122], [572, 198], [360, 198]], '이 느낌은.', 0.9335619078646343)]
[([[27, 25], [727, 25], [727, 115], [27, 115]], '여기에 온 지 벌써 몇 주가 흘없다.', 0.5848166748750652), ([[84.59920998118524, 327.51668192097804], [258.90560033108767, 252.21636860679635], [311.40079001881475, 406.48331807902196], [137.09439966891233, 481.7836313932037]], "'2", 0.053256724015377205)]
[([[536, 4], [640, 4], [640, 156], [536, 156]], '뺨', 0.040895071025581764), ([[717, 57], [771, 57], [771, 101], [717, 101]], '쇼', 0.03682889852702065), ([[769, 79], [795, 79], [795, 97], [769, 97]], '9', 0.05573368743891445), ([[455, 61], [545, 61], [545, 171], [455, 171]], '_0', 0.015138883589128625), ([[459, 151], [569, 151], [569, 293], [459, 293]], '2', 0.012209356016549044), ([[284, 218], [360, 218], [360, 370], [284, 370]], '뽑', 0.00774778479651439), ([[894, 332], [966, 332], [966, 484], [894, 484]], '"', 0.008243457900803719), ([[0, 437], [193, 437], [193, 745], [0, 745]], '%', 0.025677471891951464), ([[-26.036209930354435, 9.017323082402406], [200.63097548972868, -27.735351209917912], [252.03620993035443, 369.9826769175976], [24.369024510271323, 407.7353512099179]], '0', 0.7236631445680928), ([[907.2680600330423, 116.06006447580799], [1049.6865541508207, 6.009428910127106], [1248.7319399669577, 309.939935524192], [1106.3134458491793, 419.9905710898729]], '동', 0.7831463874278235), ([[1026.3602274342645, 311.00852878491753], [1208.2423091036267, 337.9839751797715], [1146.6397725657355, 733.9914712150825], [964.7576908963732, 706.0160248202285]], '묵', 0.21526343707577755)]
[([[71, 5], [283, 5], [283, 66], [71, 66]], '그래 그래', 0.9991347627976729), ([[296, 0], [922, 0], [922, 72], [296, 72]], '너외의 아이는 잘 자라고 있어', 0.5239098020815695), ([[54, 122], [84, 122], [84, 148], [54, 148]], '66', 0.9999463896296019), ([[70, 254], [254, 254], [254, 321], [70, 321]], '왜그래?', 0.9903497695922852), ([[76, 374], [442, 374], [442, 454], [76, 454]], '왜 날 고른 거야?=', 0.7034566901258255), ([[68, 498], [540, 498], [540, 578], [68, 578]], "'에6문습 뜻이야 그게? ", 0.18940581881410012)]
[([[60, 28], [424, 28], [424, 100], [60, 100]], "'결정 적인 건 냄새야.", 0.7196927612019054), ([[81, 139], [203, 139], [203, 201], [81, 201]], "'냄새? ", 0.44263425975747656), ([[62, 236], [662, 236], [662, 312], [62, 312]], "'이어운명올 누껴다고 해야 하려나?", 0.2551870713964546), ([[56, 346], [362, 346], [362, 418], [56, 418]], "'곧은 눈으로 하늘", 0.2666352650554005), ([[404, 342], [598, 342], [598, 418], [404, 418]], '말울 틈고,', 0.42939637469771785), ([[58, 449], [729, 449], [729, 522], [58, 522]], '그 이상의 말은 필요 없다는 걸 느껴다', 0.648600919773115), ([[61, 557], [447, 557], [447, 625], [61, 625]], "'첫째에 반있다고 해서", 0.2912105459120988), ([[38, 656], [510, 656], [510, 732], [38, 732]], '이렇숙 현박한 짓율 하면서', 0.1727890133474618), ([[38, 760], [636, 760], [636, 836], [38, 836]], '웃는 사람이 잇을 지논 모르켓지만.', 0.5115654491574048), ([[64, 974], [446, 974], [446, 1048], [64, 1048]], "'그래서 다른 사람들움", 0.7866499623520479), ([[42, 1078], [398, 1078], [398, 1152], [42, 1152]], '모두 돌려 보맨 거야 .', 0.34441988400205), ([[83, 1189], [421, 1189], [421, 1255], [83, 1255]], "'그건 무슨 뜻이야?", 0.5948995984252047)]
[([[31, 13], [385, 13], [385, 77], [31, 77]], '그날 배에 타고 윗던', 0.20801003339525084), ([[28, 112], [650, 112], [650, 186], [28, 186]], '대부분의 승객들은 탈출에 성공하여', 0.9945528273001869), ([[31, 223], [273, 223], [273, 291], [31, 291]], '살아있없지만', 0.6889833274214661), ([[30, 320], [442, 320], [442, 398], [30, 398]], '바다로 떠내려온 모틀올', 0.13621487643282149), ([[30, 428], [566, 428], [566, 502], [30, 502]], '구조하여 육치로 올려보내 주고', 0.6925241809794229), ([[30, 534], [598, 534], [598, 606], [30, 606]], '근처 마을의 군조대에 보내 준 게', 0.6156916067493615), ([[31, 645], [329, 645], [329, 709], [31, 709]], '그녀없다고 한다.', 0.444797007903037), ([[51, 742], [613, 742], [613, 809], [51, 809]], '아, 그 남자는 내가 가질 테니까', 0.7027645216932049), ([[28, 842], [426, 842], [426, 918], [28, 918]], '잠시 잠들어 잇제 해쥐.', 0.39871207057173935), ([[29, 959], [407, 959], [407, 1025], [29, 1025]], '라는 것이 지금까지의', 0.5747614363264004), ([[28, 1058], [286, 1058], [286, 1132], [28, 1132]], '내용인 것이다.', 0.6456875935626056)]
[([[42, 16], [904, 16], [904, 92], [42, 92]], '라고 활까, 근처 마을에서 구조대틀 불핏다는 것은.', 0.22024164317484532), ([[895, 67], [917, 67], [917, 81], [895, 81]], '96', 0.21491420637612746), ([[66, 119], [389, 119], [389, 193], [66, 193]], "'스마트혼 잇는데?`", 0.12331051996674099), ([[70, 226], [544, 226], [544, 302], [70, 302]], '쓸데없이 문화틀 잘 알아!"', 0.3121523528255311), ([[71, 331], [447, 331], [447, 399], [71, 399]], '요새는 어느 분|이나', 0.27728719794013607), ([[42, 436], [470, 436], [470, 508], [42, 508]], '이 정도는 보통이라구.?', 0.7638617982475694), ([[42, 543], [514, 543], [514, 617], [42, 617]], '거리에늄 비행장도 있으니,', 0.8852907689662831), ([[47, 651], [311, 651], [311, 713], [47, 713]], '곧 네 나라예도', 0.49818017383626495), ([[44, 748], [404, 748], [404, 824], [44, 824]], '돌아갈 수 잇을 거야.', 0.49799012533999826), ([[67, 863], [367, 863], [367, 929], [67, 929]], '비행장도 있구나.', 0.6953899316737208), ([[66, 958], [580, 958], [580, 1036], [66, 1036]], "'축구팀올 만들 수 잇을 정도로", 0.16075132672042752), ([[42, 1066], [368, 1066], [368, 1141], [42, 1141]], '아이름 낭은 튀에;', 0.21459663320067585), ([[43, 1177], [477, 1177], [477, 1239], [43, 1239]], '다같이 너희 나라로 가차', 0.7644377426616946), ([[68, 1290], [200, 1290], [200, 1342], [68, 1342]], '아하하', 0.9994425341470708), ([[223, 1283], [483, 1283], [483, 1351], [223, 1351]], '그훈 괜찮켓네', 0.05811181565707927), ([[72, 1466], [100, 1466], [100, 1490], [72, 1490]], '~', 0.9576567260365074), ([[97, 1447], [191, 1447], [191, 1513], [97, 1513]], '끝 ~', 0.11010495573282242)]
[([[38, 32], [486, 32], [486, 110], [38, 110]], '그리고 지금에 이르러_', 0.985710935599229), ([[62, 156], [626, 156], [626, 234], [62, 234]], '원가 기분이 상하신 건가요', 0.599182839505424), ([[646, 172], [678, 172], [678, 220], [646, 220]], '2', 0.55519331655859), ([[36, 276], [66, 276], [66, 300], [36, 300]], '66', 0.9996480076685201), ([[56, 280], [500, 280], [500, 358], [56, 358]], '아니, 그런 건 아니야.', 0.421749979497415), ([[55, 527], [329, 527], [329, 611], [55, 611]], "'우선 이 숲음", 0.5517038844662029), ([[30, 654], [350, 654], [350, 734], [30, 734]], '아까 말한 대로', 0.7431256948906497), ([[30, 782], [380, 782], [380, 858], [30, 858]], '우리의 영역이야 .', 0.9405555766173289), ([[29, 1034], [416, 1034], [416, 1112], [29, 1112]], '그리고 우리에레는', 0.42788551746974923), ([[28, 1160], [270, 1160], [270, 1236], [28, 1236]], '규칙이있에', 0.46665633947449486), ([[32, 1284], [242, 1284], [242, 1362], [32, 1362]], '그 규칙은.', 0.9591426374214584)]
[([[36, 2], [502, 2], [502, 76], [36, 76]], '사냥으로 얻은 모든 물건은', 0.863808365707552), ([[12, 108], [450, 108], [450, 182], [12, 182]], '그 사람의 소유물이 된다.', 0.8583538295538596), ([[12, 210], [374, 210], [374, 289], [12, 289]], '도움올 받은 사람도 ,', 0.8192587979646714), ([[14, 330], [62, 330], [62, 380], [14, 380]], '그', 0.9999812842291114), ([[60, 316], [362, 316], [362, 392], [60, 392]], '물건에 포함되지', 0.9859735762067198), ([[15, 427], [473, 427], [473, 493], [15, 493]], '즉,년 내 사람이라는 거야', 0.6988752589910271), ([[37, 539], [209, 539], [209, 601], [37, 601]], '그, 그런 .', 0.8870396693132988), ([[42, 634], [514, 634], [514, 712], [42, 712]], '그렇제 비관할 필요는 없어.', 0.07472728878328994), ([[19, 743], [503, 743], [503, 811], [19, 811]], '식량도 내가 사냥해 올 거고', 0.7256750973598243), ([[16, 848], [456, 848], [456, 920], [16, 920]], '짐승은 내가 처리합 되야.', 0.2867353278786292), ([[18, 952], [358, 952], [358, 1024], [18, 1024]], '혼자 잇는 것보다늄', 0.4519582245960171), ([[16, 1054], [338, 1054], [338, 1132], [16, 1132]], '훨씬 안전하켓체?', 0.48674747271206176), ([[19, 1173], [279, 1173], [279, 1239], [19, 1239]], '그건 그럴 제묵', 0.3262900517368168)]
[([[95, 43], [513, 43], [513, 112], [95, 112]], '너는 안전히 살 수 잇고 ,', 0.6296377097138607), ([[70, 142], [668, 142], [668, 216], [70, 216]], '나는 너로부터 아기씨틀 받논 거야.', 0.5283435137701228), ([[90, 270], [410, 270], [410, 342], [90, 342]], "'원원.인건가요.?", 0.7505615410799451), ([[71, 381], [523, 381], [523, 447], [71, 447]], '부족의 전사라는 이미지가', 0.9062763416865239), ([[71, 491], [279, 491], [279, 551], [71, 551]], '무너쳐간다.', 0.3124935093179307), ([[90, 606], [254, 606], [254, 658], [90, 658]], '그러니까', 0.9998728632926941), ([[243, 639], [271, 639], [271, 659], [243, 659]], '0', 0.9999740125437171), ([[63, 707], [277, 707], [277, 769], [63, 769]], '이젠 포기해', 0.8243617126073601), ([[69, 821], [459, 821], [459, 885], [69, 885]], '뭐, 생명의 은인이니까', 0.738709752297845), ([[73, 923], [467, 923], [467, 991], [73, 991]], '보답이 필 수 있대면야.', 0.18521612932751522), ([[67, 1132], [379, 1132], [379, 1201], [67, 1201]], '아니 잠깐만 아까', 0.9043509425763088), ([[66, 1246], [268, 1246], [268, 1296], [66, 1296]], '아기씨라고', 0.4375886285036345)]
[([[42, 16], [430, 16], [430, 90], [42, 90]], '그녀는 내 옷올 뱃기고', 0.27038966879996607), ([[40, 122], [230, 122], [230, 196], [40, 196]], '날 눕한 뒤', 0.6450437880087426), ([[40, 230], [356, 230], [356, 302], [40, 302]], '내 위에 올라린다.', 0.2244432729234099), ([[46, 346], [166, 346], [166, 396], [46, 396]], '그리고', 0.9984356164932251), ([[52, 468], [104, 468], [104, 516], [52, 516]], '꽤', 0.9995713693356834), ([[104, 451], [317, 451], [317, 528], [104, 528]], '종음 물건올', 0.5021805592470944), ([[27, 565], [287, 565], [287, 631], [27, 631]], '가지고 잇잡아(', 0.4506986561827907), ([[31, 777], [323, 777], [323, 839], [31, 839]], '그럼.시작하다?', 0.44519216837473446)]
