2841222
37
[([[551, 799], [1023, 799], [1023, 979], [551, 979]], '배상색량', 0.414178350501821), ([[45, 1377], [127, 1377], [127, 1413], [45, 1413]], '세매내', 0.013435011199752211), ([[45, 1307], [236, 1307], [236, 1387], [45, 1387]], '권-18', 0.14380674064159393), ([[121, 1377], [237, 1377], [237, 1413], [121, 1413]], '7 0', 0.22769196331501007), ([[569, 1226], [1054, 1226], [1054, 1456], [569, 1456]], '옛#소@', 0.012687630020081997), ([[42, 1412], [186, 1412], [186, 1466], [42, 1466]], ')시미', 0.02130700237908962), ([[52.08819829125457, 545.0166331803753], [729.8484312755585, 666.2512797261551], [678.9118017087454, 868.9833668196247], [2.1515687244415034, 746.7487202738449]], '@@주렉자때@', 0.006407358023861635), ([[7.0551699292142835, 1005.0171730533928], [683.7866934982877, 1121.6763817268873], [632.9448300707858, 1331.9828269466072], [-42.786693498287676, 1215.3236182731127]], '어[웬#골', 1.4094806916916381e-05)]
[([[98, 566], [178, 566], [178, 714], [98, 714]], '푹', 0.09975547407762875), ([[858.3540577585338, 132.01898189507506], [939.2586241677064, 123.49374621791195], [955.6459422414662, 323.98101810492494], [874.7413758322936, 331.50625378208804]], '흙', 0.002230838789081313)]
[([[416, 702], [564, 702], [564, 876], [416, 876]], '로?', 0.007212498319095421), ([[592, 1180], [666, 1180], [666, 1320], [592, 1320]], '푹', 0.007304373044414669), ([[148.9592354240868, 1161.0493466360438], [228.4780059112233, 1195.9328178654682], [128.0407645759132, 1424.9506533639562], [48.521994088776694, 1390.0671821345318]], '@', 0.22173886606768978)]
[([[106, 152], [224, 152], [224, 182], [106, 182]], '요스레 오빠', 0.7679365971266783), ([[107, 183], [225, 183], [225, 219], [107, 219]], '이쪽 구멍도', 0.9965362968120737), ([[132, 218], [202, 218], [202, 250], [132, 250]], '준비가', 0.9998881593753898), ([[799, 219], [839, 219], [839, 267], [799, 267]], '0"', 0.9292269061413444), ([[91, 249], [243, 249], [243, 285], [91, 285]], '다 맺다고요   ?', 0.11497856429020936), ([[157, 945], [201, 945], [201, 1011], [157, 1011]], '쇼', 0.4109443140996518), ([[494, 824], [607, 824], [607, 1096], [494, 1096]], '틈', 0.022212774620641085), ([[297.6055263370666, 1082.038921433492], [468.6681211825699, 1019.6510287227632], [557.3944736629334, 1310.961078566508], [386.3318788174301, 1373.3489712772368]], '=', 0.9731347891147379)]
[([[820, 664], [898, 664], [898, 866], [820, 866]], '흙', 0.3747422338986759), ([[387, 1003], [423, 1003], [423, 1077], [387, 1077]], ' ', 0.02692052806866152), ([[136, 1068], [168, 1068], [168, 1130], [136, 1130]], '숲', 0.5181206999377288), ([[503, 939], [984, 939], [984, 1415], [503, 1415]], '', 0.0)]
[([[144, 250], [172, 250], [172, 282], [144, 282]], '요', 0.993014181084618), ([[114, 281], [188, 281], [188, 317], [114, 317]], '요스레:', 0.6252942085266113), ([[136, 320], [184, 320], [184, 350], [136, 350]], '나도', 0.9999777465365097), ([[113, 350], [209, 350], [209, 386], [113, 386]], '좀 줄래?', 0.9963670821433156), ([[691, 853], [727, 853], [727, 889], [691, 889]], '아뇨', 0.05388909897846261), ([[215, 1147], [271, 1147], [271, 1189], [215, 1189]], '들어', 0.9996496933690481), ([[191, 1189], [259, 1189], [259, 1227], [191, 1227]], '올다 .', 0.100407175719738), ([[851, 1235], [891, 1235], [891, 1277], [851, 1277]], '윗', 0.3927324748931369)]
[([[300, 590], [374, 590], [374, 618], [300, 618]], '잠깐  !', 0.47356748945702787), ([[282, 622], [394, 622], [394, 654], [282, 654]], '월 올라타는', 0.7903743081705332), ([[310, 656], [368, 656], [368, 688], [310, 688]], '건데!', 0.46757046887114256), ([[834, 688], [952, 688], [952, 718], [834, 718]], '요스레 오빠', 0.6239762157887072), ([[859, 719], [929, 719], [929, 755], [859, 755]], '이쪽은', 0.9980154738036954), ([[830, 754], [926, 754], [926, 786], [830, 786]], '어떠세요 ', 0.6718396606596823), ([[414, 1032], [490, 1032], [490, 1196], [414, 1196]], '축', 0.2173275127561789), ([[112, 1196], [186, 1196], [186, 1384], [112, 1384]], '쭉', 0.1614878656691907), ([[594, 1234], [648, 1234], [648, 1332], [594, 1332]], '탑', 0.11589241677197126)]
[([[646, 144], [674, 144], [674, 180], [646, 180]], '옷', 0.71581970526967), ([[553, 265], [639, 265], [639, 305], [553, 305]], '슬슬""!', 0.2770704687636416), ([[211, 587], [287, 587], [287, 623], [211, 623]], '그대로', 0.533623456954956), ([[212, 628], [286, 628], [286, 660], [212, 660]], '싸취"', 0.07955118265002122), ([[156, 820], [278, 820], [278, 852], [156, 852]], '요스레 오빠', 0.835012688793857), ([[171, 853], [265, 853], [265, 889], [171, 889]], '저한데도', 0.5319169759750366), ([[667, 853], [759, 853], [759, 889], [667, 889]], '맛, 언니', 0.31174131418805434), ([[171, 887], [263, 887], [263, 923], [171, 923]], '주세요"', 0.6621093153953552), ([[674, 890], [756, 890], [756, 922], [674, 922]], '치사해!', 0.749042809009552)]
[([[551, 395], [591, 395], [591, 437], [551, 437]], '와', 0.9996731548393569), ([[38, 429], [78, 429], [78, 514], [38, 514]], '@', 0.3025874832929141), ([[98, 1040], [176, 1040], [176, 1116], [98, 1116]], '당', 0.43815561855214824), ([[114, 1134], [170, 1134], [170, 1200], [114, 1200]], '9', 0.8650306167798796), ([[591, 1025], [819, 1025], [819, 1426], [591, 1426]], '톤', 0.1018270495759035), ([[409.3720990679193, 168.0395826365625], [450.43673942783175, 162.21086857389423], [461.6279009320807, 256.9604173634375], [420.56326057216825, 261.78913142610577]], '도', 0.006338509769662437), ([[63.342541837830325, 1176.0309434810015], [115.36123772230488, 1197.499207838065], [75.65745816216968, 1295.9690565189985], [23.63876227769512, 1274.500792161935]], ')', 0.0637297481962742)]
[([[225, 139], [309, 139], [309, 233], [225, 233]], '기', 0.07016154152313803), ([[799, 197], [881, 197], [881, 237], [799, 237]], '네 번은', 0.9964612616162796), ([[816, 238], [866, 238], [866, 270], [816, 270]], '역시', 0.9995354890408884), ([[806, 274], [858, 274], [858, 306], [806, 306]], "과해'", 0.6567889924915474), ([[296, 658], [340, 658], [340, 690], [296, 690]], '하?', 0.9998782820712581), ([[179, 709], [233, 709], [233, 745], [179, 745]], '네가', 0.9989582888944978), ([[818, 700], [888, 700], [888, 732], [818, 732]], '언니가', 0.9323112368583679), ([[783, 731], [919, 731], [919, 767], [783, 767]], '요스레 오빠틀', 0.5481607453418781), ([[145, 745], [267, 745], [267, 781], [145, 781]], '넘겨드니까', 0.30748096880660547), ([[806, 766], [896, 766], [896, 798], [806, 798]], '놓아주지', 0.9993561506271362), ([[179, 781], [229, 781], [229, 817], [179, 817]], '그런', 0.9998277923202521), ([[789, 797], [915, 797], [915, 833], [789, 833]], '않아서 그래!', 0.6859100098246077), ([[161, 817], [249, 817], [249, 855], [161, 855]], '거잖아?', 0.32252901792526245), ([[359, 1065], [433, 1065], [433, 1101], [359, 1101]], '미안해,', 0.8323798179626465), ([[373, 1099], [425, 1099], [425, 1135], [373, 1135]], '엄마', 0.9992096695080133), ([[346, 1136], [448, 1136], [448, 1168], [346, 1168]], '것까지-', 0.8388225436210632)]
[([[224, 1210], [294, 1210], [294, 1258], [224, 1258]], '어?', 0.9996968933218533)]
[]
[([[884, 160], [918, 160], [918, 186], [884, 186]], '아', 0.9999048732493208), ([[666, 470], [750, 470], [750, 502], [666, 502]], '아무것도', 0.9819326400756836), ([[665, 501], [758, 501], [758, 532], [665, 532]], '아니니까 ,', 0.5814671501259931), ([[665, 535], [735, 535], [735, 573], [665, 573]], '계속해', 0.9991141993698369), ([[792.6980509539325, 883.0946685248979], [859.3657172207372, 922.8283262067165], [770.3019490460675, 1071.905331475102], [703.6342827792628, 1032.1716737932836]], ' ', 0.056375781687934)]
[([[877, 525], [931, 525], [931, 565], [877, 565]], '후후', 0.9999189104264612), ([[179, 545], [233, 545], [233, 581], [179, 581]], '으옷', 0.5710972595442402), ([[172, 584], [232, 584], [232, 616], [172, 616]], "그거'", 0.5951827400752054), ([[491, 811], [551, 811], [551, 903], [491, 903]], '#', 0.07313061109590624), ([[547, 1029], [661, 1029], [661, 1067], [547, 1067]], '카오리 씨,', 0.9212457574045892), ([[889, 1006], [934, 1006], [934, 1094], [889, 1094]], '동', 0.018471739913011653), ([[563, 1065], [651, 1065], [651, 1103], [563, 1103]], '굉장:!', 0.5540361404418945), ([[147, 1007], [281, 1007], [281, 1229], [147, 1229]], '탑', 0.2948063254072544), ([[554.5101234830722, 525.0150127740765], [610.9976160660666, 515.0624460830351], [642.4898765169278, 703.9849872259235], [586.0023839339334, 713.9375539169649]], '출', 0.9675381813977424), ([[108.70214498561522, 690.1213684237607], [154.6699868465098, 665.032136796298], [200.29785501438477, 756.8786315762393], [155.3300131534902, 782.967863203702]], '축', 0.4134162023621144)]
[([[112, 18], [304, 18], [304, 406], [112, 406]], '볼', 0.043524746565712036), ([[103, 759], [161, 759], [161, 799], [103, 799]], '아웃;', 0.41748466793014655), ([[124, 802], [156, 802], [156, 836], [124, 836]], '극,', 0.9261584546714354), ([[101, 837], [189, 837], [189, 873], [101, 873]], '산다  !', 0.4016446572893491), ([[530, 1077], [682, 1077], [682, 1424], [530, 1424]], '5', 0.030716451478858042), ([[784.4278974814345, 33.010914013581385], [897.000061005523, 79.80202677612978], [795.5721025185655, 324.9890859864186], [682.999938994477, 278.19797322387024]], '북', 0.2360252377785379), ([[303.25648042353095, 261.01023937417364], [504.4273456607558, 235.34888218587463], [550.743519576469, 677.9897606258264], [350.5726543392442, 703.6511178141254]], '풀', 0.14508110598967505), ([[854.3674052818162, 468.01000690539075], [1009.0820799971638, 508.87190749143144], [926.6325947181838, 823.9899930946093], [771.9179200028362, 783.1280925085686]], '복', 0.027366634422151037), ([[14.403315891873643, 538.0751484538606], [114.663556439586, 463.01295514659824], [254.59668410812637, 677.9248515461394], [155.33644356041398, 752.9870448534018]], '술', 0.2917131375359219), ([[833.5235109722906, 1000.0606583133311], [956.8750289109128, 1090.7363429806655], [816.4764890277094, 1278.9393416866687], [694.1249710890872, 1188.2636570193345]], '넷', 0.01236336658259063), ([[650.7001889004945, 1279.9802644606923], [797.9188877293332, 1172.7748713139686], [873.2998110995055, 1292.0197355393077], [725.0811122706668, 1398.2251286860314]], '거)', 0.008390863421890516)]
[([[351, 199], [429, 199], [429, 237], [351, 237]], '벌써?', 0.9983189105987549), ([[291, 455], [375, 455], [375, 493], [291, 493]], '굉장해 ', 0.9704758524894714), ([[801, 1039], [873, 1039], [873, 1081], [801, 1081]], '엄마!', 0.9664218591164175), ([[182, 1190], [262, 1190], [262, 1222], [182, 1222]], '우리한터', 0.270252525806427), ([[168, 1219], [275, 1219], [275, 1257], [168, 1257]], '식스 지도록', 0.33374865239102486), ([[190, 1256], [254, 1256], [254, 1288], [190, 1288]], '애주지', 0.693253952745476), ([[177, 1287], [267, 1287], [267, 1323], [177, 1323]], '않울래! ?', 0.41388526400528913)]
[([[292, 200], [338, 200], [338, 228], [292, 228]], '그래', 0.9999921606951768), ([[570, 192], [616, 192], [616, 224], [570, 224]], '이런', 0.9995824345641119), ([[282, 232], [350, 232], [350, 264], [282, 264]], '그렇게', 0.4671200178327826), ([[544, 224], [646, 224], [646, 256], [544, 256]], '식으로 ?', 0.6704750976615946), ([[152, 318], [284, 318], [284, 350], [152, 350]], '엉덩이 구멍에', 0.9305380613307003), ([[172, 350], [262, 350], [262, 382], [172, 382]], '힘흘 주고', 0.5021440993145957), ([[147, 831], [203, 831], [203, 871], [147, 871]], '으옷', 0.523759512040632), ([[575, 758], [654, 758], [654, 887], [575, 887]], '술', 0.9774481983544128), ([[722, 1134], [836, 1134], [836, 1164], [722, 1164]], '요스레 오빠,', 0.7453027238883322), ([[758, 1166], [802, 1166], [802, 1196], [758, 1196]], '기분', 0.9995100359033163), ([[726, 1196], [834, 1196], [834, 1228], [726, 1228]], '좋아 보여베', 0.2376858527491718)]
[([[783, 265], [901, 265], [901, 301], [783, 301]], '그럼 다음은', 0.9985511725554322), ([[774, 300], [908, 300], [908, 332], [774, 332]], '제 차례네요"', 0.500981251104686), ([[700, 550], [772, 550], [772, 646], [700, 646]], '%', 0.05077463417154626), ([[494, 796], [610, 796], [610, 828], [494, 828]], '이런 식으로', 0.9904946018294666), ([[496, 830], [606, 830], [606, 862], [496, 862]], '하는 건가?', 0.8595656763588044), ([[170, 934], [218, 934], [218, 966], [170, 966]], '같은', 0.7610586432336546), ([[145, 965], [241, 965], [241, 1001], [145, 1001]], '자세인데,', 0.9958125846034974), ([[160, 1000], [230, 1000], [230, 1032], [160, 1032]], '아까랑', 0.8467578388535727), ([[133, 1031], [257, 1031], [257, 1067], [133, 1067]], '전혀 달라 "!', 0.5809384721348834), ([[900, 1050], [950, 1050], [950, 1122], [900, 1122]], '4', 0.060743166059122666), ([[661, 1147], [737, 1147], [737, 1183], [661, 1183]], '에앗"', 0.06469670842686337), ([[829, 1129], [873, 1129], [873, 1199], [829, 1199]], '4', 0.9075310269236212), ([[707, 1283], [781, 1283], [781, 1319], [707, 1319]], '에잇"', 0.1321120515948187)]
[([[686.5582738957006, 422.02446506130553], [720.4961389383568, 415.0308884931453], [740.4417261042994, 519.9755349386945], [706.5038610616432, 526.9691115068547]], '병', 0.006795638050223707)]
[([[529, 213], [593, 213], [593, 251], [529, 251]], '떼', 0.0049870234475229425), ([[847, 217], [905, 217], [905, 253], [847, 253]], '잠깐', 0.9999777465365097), ([[759, 299], [849, 299], [849, 339], [759, 339]], '카나:?', 0.7212442755699158), ([[198, 452], [252, 452], [252, 476], [198, 476]], '왜 불러', 0.9938558507270473), ([[186, 474], [268, 474], [268, 506], [186, 506]], '에 우러', 0.8009464644906185), ([[216, 822], [261, 822], [261, 927], [216, 927]], '5', 0.9843990145006423), ([[439, 863], [489, 863], [489, 899], [439, 899]], '후후', 0.999567853569447), ([[676, 882], [708, 882], [708, 920], [676, 920]], '월', 0.9820818203393742), ([[655, 923], [751, 923], [751, 963], [655, 963]], '하는"!', 0.6017993092536926), ([[688, 982], [716, 982], [716, 1014], [688, 1014]], '부,', 0.6340430387194955), ([[647, 1011], [721, 1011], [721, 1051], [647, 1051]], '내불말;', 0.09300106085082346)]
[([[553, 615], [594, 615], [594, 692], [553, 692]], '도', 0.09125872168567994), ([[131, 809], [171, 809], [171, 887], [131, 887]], '"', 0.02275987609392871), ([[171, 837], [255, 837], [255, 999], [171, 999]], '"', 0.0388437455995414), ([[124.56685191817579, 222.01879705902158], [166.96571895876474, 216.0941476894751], [182.4331480818242, 346.9812029409784], [140.03428104123526, 352.9058523105249]], '동', 0.0109171567798525), ([[322.558684075072, 766.0121817588026], [385.07791538688014, 787.8181899637981], [322.441315924928, 962.9878182411974], [259.92208461311986, 940.1818100362019]], '닭', 0.005471871360834213)]
[([[526, 204], [648, 204], [648, 236], [526, 236]], '일급 번째라곧', 0.8302150539141251), ([[539, 236], [633, 236], [633, 266], [539, 266]], '생각 못 할', 0.9501789648975988), ([[796, 224], [846, 224], [846, 286], [796, 286]], '5', 0.6078763864366579), ([[516, 264], [646, 264], [646, 296], [516, 296]], '굉장한 양이네:', 0.5339107919953514), ([[488, 1182], [554, 1182], [554, 1214], [488, 1214]], '그런데 ,', 0.6769442499351818), ([[458, 1212], [588, 1212], [588, 1244], [458, 1244]], '아직도 건강해', 0.9021354760215646), ([[469, 1241], [557, 1241], [557, 1278], [469, 1278]], '보이네요', 0.7735223770141602)]
[([[302, 198], [402, 198], [402, 228], [302, 228]], '카오리 씨,', 0.9741086025438421), ([[320, 232], [368, 232], [368, 264], [320, 264]], '더는', 0.925875516317669), ([[389, 1071], [443, 1071], [443, 1107], [389, 1107]], '으웃,', 0.4041090618013026), ([[378, 1108], [430, 1108], [430, 1136], [378, 1136]], '싸', 0.7265248011712835), ([[260, 1318], [312, 1318], [312, 1372], [260, 1372]], '뉴', 0.09398342498553891), ([[583.2269358608581, 177.03743936683853], [644.3804378596716, 160.12000055104156], [678.7730641391419, 295.96256063316144], [617.6195621403284, 312.8799994489585]], '곰', 0.1681087459509678), ([[391.2046128552039, 346.07987764350486], [421.6529249970875, 368.3702334628379], [378.7953871447961, 422.92012235649514], [349.3470750029125, 400.6297665371621]], '내', 0.08957314916893111), ([[928.3410893700699, 1099.027181377846], [989.2149108622365, 1123.9626511958716], [942.6589106299301, 1235.972818622154], [881.7850891377635, 1211.0373488041284]], '', 0.0)]
[([[192, 218], [262, 218], [262, 248], [192, 248]], '요스레', 0.4310765770657721), ([[414, 205], [445, 205], [445, 255], [414, 255]], '내', 0.5331415434300233), ([[921, 199], [998, 199], [998, 238], [921, 238]], '요스레', 0.38624879892857006), ([[205, 251], [247, 251], [247, 289], [205, 289]], "군'", 0.8192750031319116), ([[919, 237], [988, 237], [988, 274], [919, 274]], '오빠', 0.9992055400757387), ([[421, 273], [443, 273], [443, 293], [421, 293]], '"1', 0.23537008302582313), ([[138, 314], [184, 314], [184, 344], [138, 344]], '뱃볕', 0.008402583098764835), ([[396, 300], [426, 300], [426, 378], [396, 378]], '!', 0.031317443896413444), ([[835, 301], [921, 301], [921, 343], [835, 343]], '문질문질', 0.9994131922721863), ([[128, 348], [192, 348], [192, 378], [128, 378]], '하자하', 0.17594064253069394), ([[855, 341], [899, 341], [899, 377], [855, 377]], '기분', 0.9998616768453605), ([[826, 372], [925, 372], [925, 415], [826, 415]], '중은가요?', 0.9446081019238118), ([[125, 1403], [185, 1403], [185, 1463], [125, 1463]], '싫', 0.015399628279231303), ([[699, 1301], [807, 1301], [807, 1447], [699, 1447]], '출', 0.02600696276448744), ([[852.4093171924557, 1202.017460552501], [929.5559883604133, 1224.4489062634525], [881.5906828075443, 1390.982539447499], [804.4440116395867, 1368.5510937365475]], '{', 0.02568542385031325), ([[202.49468196802647, 1244.0159750948183], [262.85528484893615, 1230.0458509048938], [301.5053180319735, 1417.9840249051817], [241.14471515106385, 1431.9541490951062]], '초', 0.029446886982814613)]
[([[412, 0], [805, 0], [805, 347], [412, 347]], '=역', 0.06271059285563041), ([[560, 422], [612, 422], [612, 446], [560, 446]], '이거  ', 0.5840349197387695), ([[537, 447], [627, 447], [627, 483], [537, 483]], '굉장하네"', 0.8322217348295563), ([[118, 536], [176, 536], [176, 568], [118, 568]], '에앗;', 0.12001148611307144), ([[65, 601], [113, 601], [113, 643], [65, 643]], '문질', 0.9996073825376142), ([[57, 641], [119, 641], [119, 679], [57, 679]], '문질;', 0.8392895223141357), ([[672, 1108], [726, 1108], [726, 1138], [672, 1138]], '아양;', 0.5158146684005028), ([[676, 1164], [708, 1164], [708, 1194], [676, 1194]], '군;', 0.17721235701985633), ([[590, 1180], [628, 1180], [628, 1204], [590, 1204]], '더.', 0.7892383301867246), ([[581, 1207], [629, 1207], [629, 1243], [581, 1243]], '좀더', 0.9217742347237746), ([[574, 1246], [628, 1246], [628, 1274], [574, 1274]], '쥐어*', 0.0861941422014621), ([[302.31673516940407, 72.01796821867737], [399.7460958890158, 59.55143519957827], [424.68326483059593, 287.98203178132263], [327.2539041109842, 300.4485648004217]], '물', 0.9929153484563358), ([[670.9580569325292, 1135.1867537178289], [725.8905537288898, 1143.1970684086418], [722.0419430674708, 1167.8132462821711], [666.1094462711102, 1159.8029315913582]], '요스레', 0.34594145373649904)]
[([[966, 284], [994, 284], [994, 360], [966, 360]], '3', 0.05828335776691862), ([[960, 375], [1035, 375], [1035, 436], [960, 436]], '잔뜩', 0.9988057672817211), ([[946, 428], [1040, 428], [1040, 480], [946, 480]], '싸네이', 0.26199637694348354), ([[55, 534], [107, 534], [107, 629], [55, 629]], '용', 0.13421950312955122), ([[549, 1055], [591, 1055], [591, 1119], [549, 1119]], '표', 0.25010938648594916), ([[645.2718515713218, 922.0147338116498], [776.0346584725856, 896.4580066409318], [829.7281484286782, 1204.9852661883501], [698.9653415274144, 1231.541993359068]], '내', 0.03289931656830469)]
[([[860, 548], [974, 548], [974, 578], [860, 578]], '그러고 보니', 0.9925498361093792), ([[449, 577], [537, 577], [537, 613], [449, 613]], '아\'"""', 0.4909873153408885), ([[884, 580], [954, 580], [954, 612], [884, 612]], '말이야', 0.9985833612717673), ([[653, 825], [705, 825], [705, 867], [653, 867]], '응?', 0.9995634708549037), ([[478, 994], [508, 994], [508, 1036], [478, 1036]], '쪽', 0.005529855871760303), ([[630, 1154], [744, 1154], [744, 1190], [630, 1190]], '서규버스가', 0.875892059096858), ([[631, 1193], [755, 1193], [755, 1231], [631, 1231]], '못다고 해도', 0.257291602405473), ([[629, 1229], [751, 1229], [751, 1267], [629, 1267]], '필라만 하면', 0.8479696111255102), ([[631, 1269], [713, 1269], [713, 1305], [631, 1305]], '되는 거', 0.9330788886228982), ([[627, 1303], [739, 1303], [739, 1343], [627, 1343]], '아니없어?', 0.5899855784537464)]
[([[150, 942], [368, 942], [368, 974], [150, 974]], '껏)]##*0)#품스@ ]', 0.042330090075333074), ([[166, 969], [264, 969], [264, 987], [166, 987]], '~2021/02/25', 0.6693230687343535), ([[70, 1038], [110, 1038], [110, 1062], [70, 1062]], '얼수;', 0.00973016383209795), ([[132, 1006], [402, 1006], [402, 1078], [132, 1078]], '킬&나닥나', 8.961412710070045e-05), ([[70, 1110], [108, 1110], [108, 1134], [70, 1134]], '#떼', 0.3777959738225105), ([[174, 1068], [350, 1068], [350, 1140], [174, 1140]], "' 소", 0.06696104872563192), ([[865, 1101], [881, 1101], [881, 1161], [865, 1161]], '물', 0.06113104734340369), ([[70, 1180], [110, 1180], [110, 1204], [70, 1204]], '[위', 0.0075330389151031995), ([[141, 1151], [375, 1151], [375, 1239], [141, 1239]], '유슈', 0.0056032827090788315), ([[925, 1233], [1027, 1233], [1027, 1253], [925, 1253]], '@1,1 _3818', 0.11105469281909097), ([[70, 1252], [110, 1252], [110, 1276], [70, 1276]], '테뭐기', 0.0018418220048099618), ([[132, 1250], [282, 1250], [282, 1276], [132, 1276]], '#코숲차 터청소_', 0.040067010181150955), ([[701, 1255], [767, 1255], [767, 1271], [701, 1271]], '@하화진응', 0.0003529259472661838), ([[773, 1257], [819, 1257], [819, 1271], [773, 1271]], '교0칭뜰', 0.0001672827493166551), ([[73, 1291], [111, 1291], [111, 1309], [73, 1309]], '[라히1', 0.00011841980449389666), ([[132, 1288], [358, 1288], [358, 1314], [132, 1314]], '미기-+나*,@"어머_-@8가3;-<아<', 1.5780258229119563e-08), ([[68, 1322], [116, 1322], [116, 1348], [68, 1348]], '명*;머', 0.006709372159093618), ([[132, 1322], [208, 1322], [208, 1346], [132, 1346]], '32812997', 0.9999994099440488), ([[218, 1322], [286, 1322], [286, 1346], [218, 1346]], '가감++~대', 0.0013302312909259403), ([[294, 1324], [420, 1324], [420, 1350], [294, 1350]], '미니나`!나_8령<.', 2.2914118775864318e-05), ([[847, 1299], [861, 1299], [861, 1349], [847, 1349]], '응', 0.28994637836200354), ([[71, 1357], [171, 1357], [171, 1377], [71, 1377]], '*##디 @ #빛', 0.015585442171629688), ([[169, 1357], [345, 1357], [345, 1395], [169, 1395]], '\'똑몸_스$ 충듬{터" * *', 0.002892911462833952), ([[73, 1375], [163, 1375], [163, 1391], [73, 1391]], '#1 자17', 0.07775443256756785), ([[70, 1384], [253, 1384], [253, 1403], [70, 1403]], '#* " 볶4손,디차*$', 0.006324043762984127), ([[71, 1407], [181, 1407], [181, 1423], [71, 1423]], "디0 7미+ -5 '리", 0.005258519709019377), ([[185, 1405], [317, 1405], [317, 1423], [185, 1423]], '>미대니5 >+훌미신+ 미신', 4.709525555512705e-05), ([[326, 1403], [405, 1403], [405, 1423], [326, 1423]], '[*틱도도형7', 0.0003418326206941309)]
[]
[([[123, 313], [361, 313], [361, 399], [123, 399]], '@: 불] 커;#께', 0.0004847107483818221), ([[330, 382], [514, 382], [514, 472], [330, 472]], '_주6', 0.009879063758264904), ([[253, 765], [367, 765], [367, 809], [253, 809]], '시-%', 0.00695350380550208)]
[([[1698, 758], [2178, 758], [2178, 955], [1698, 955]], '{초-#싹속', 0.001095109969693615), ([[2120, 905], [2474, 905], [2474, 1082], [2120, 1082]], '화주속6', 0.0009182001813314855), ([[174, 1352], [944, 1352], [944, 1623], [174, 1623]], '{)리*껍', 0.0017599477632453493), ([[855, 1584], [935, 1584], [935, 1666], [855, 1666]], '0', 0.999984383644037), ([[238, 1673], [461, 1673], [461, 1764], [238, 1764]], '여-18', 0.11569476127624512), ([[1959, 1680], [2185, 1680], [2185, 1766], [1959, 1766]], '시엔공꾸신', 0.000425546815329573), ([[237, 1752], [465, 1752], [465, 1800], [237, 1800]], '스 , 이', 0.0029068187255849847), ([[235, 1795], [405, 1795], [405, 1859], [235, 1859]], '현시미', 0.006090143059652898), ([[893.8992927800863, 1569.0233096100364], [1429.246045358414, 1641.7841176200875], [1385.1007072199136, 1856.9766903899636], [850.7539546415861, 1784.2158823799125]], '"퍼소@', 0.030866572633385658)]
[([[479, 458], [586, 458], [586, 506], [479, 506]], '요스키', 0.542110025882721), ([[399, 619], [485, 619], [485, 659], [399, 659]], '요스레', 0.5143935057902931), ([[405, 661], [479, 661], [479, 701], [405, 701]], '오빠!', 0.2790234386920929)]
[([[885, 537], [937, 537], [937, 575], [885, 575]], '흐음,', 0.8628428575739359), ([[803, 573], [931, 573], [931, 609], [803, 609]], '서규버스가', 0.8798292013109077), ([[869, 609], [943, 609], [943, 645], [869, 645]], '말이지', 0.9997761139563844), ([[361, 1111], [433, 1111], [433, 1147], [361, 1147]], '우리도', 0.9999693038832459), ([[361, 1145], [435, 1145], [435, 1181], [361, 1181]], '아인화', 0.8105490994246869), ([[344, 1179], [445, 1179], [445, 1217], [344, 1217]], '햇으니까', 0.9536340236663818), ([[338, 1216], [456, 1216], [456, 1248], [338, 1248]], '언제 그래도', 0.9997990848715271), ([[340, 1252], [454, 1252], [454, 1284], [340, 1284]], '이상하지는', 0.6773990907374812), ([[351, 1285], [425, 1285], [425, 1321], [351, 1321]], '않지만:', 0.8694421052932739)]
[([[572, 198], [620, 198], [620, 228], [572, 228]], '뭐어,', 0.7137191495462214), ([[542, 230], [654, 230], [654, 260], [542, 260]], '되어버린 건', 0.9910324326958188), ([[562, 260], [636, 260], [636, 292], [562, 292]], '어절 수', 0.92730251160764), ([[556, 292], [642, 292], [642, 324], [556, 324]], '없으니까', 0.9088088870048523), ([[420, 362], [486, 362], [486, 394], [420, 394]], '적당히', 0.9998925641436717), ([[398, 394], [508, 394], [508, 424], [398, 424]], '시간 보내고', 0.996604723950855), ([[394, 424], [508, 424], [508, 456], [394, 456]], "있' 테니까", 0.30356290165663175), ([[418, 458], [490, 458], [490, 488], [418, 488]], '먼저 새', 0.6763698418610536), ([[358, 644], [386, 644], [386, 674], [358, 674]], '에', 0.9641185513510244), ([[163, 713], [263, 713], [263, 749], [163, 749]], '참으라고', 0.9993523359298706), ([[195, 915], [261, 915], [261, 951], [195, 951]], '엄마는', 0.9110366993965114), ([[884, 926], [910, 926], [910, 950], [884, 950]], '어', 0.9999631646687455), ([[169, 947], [283, 947], [283, 983], [169, 983]], '괜찮으니까,', 0.787970656462534), ([[205, 985], [253, 985], [253, 1021], [205, 1021]], '둘이', 0.33126402539967603), ([[811, 983], [865, 983], [865, 1012], [811, 1012]], '그게,', 0.7900472009816645), ([[196, 1018], [258, 1018], [258, 1046], [196, 1046]], '먼저  ', 0.9310986399650574)]
[([[473, 275], [541, 275], [541, 311], [473, 311]], '그러면', 0.9998977948093828), ([[484, 310], [532, 310], [532, 340], [484, 340]], '내가', 0.9995223410388353), ([[464, 342], [540, 342], [540, 372], [464, 372]], '먼저', 0.9998156546617337), ([[99, 435], [195, 435], [195, 471], [99, 471]], '진정하고', 0.952777622608176), ([[113, 471], [185, 471], [185, 507], [113, 507]], '여기선', 0.9993003526097121), ([[91, 505], [205, 505], [205, 541], [91, 541]], '가위바위보', 0.9784783647754451), ([[114, 542], [162, 542], [162, 574], [114, 574]], '라도', 0.9998948030868257), ([[939, 697], [985, 697], [985, 733], [939, 733]], '하?', 0.9994342675877215), ([[488, 898], [554, 898], [554, 930], [488, 930]], '당연히', 0.9999047460944879), ([[466, 930], [578, 930], [578, 962], [466, 962]], '언니인 내가', 0.9212376145505379), ([[490, 964], [556, 964], [556, 994], [490, 994]], '먼저지', 0.9990860531290829), ([[202, 1081], [301, 1081], [301, 1135], [202, 1135]], '요스레', 0.7924182469335614), ([[145, 1179], [209, 1179], [209, 1215], [145, 1215]], '오빠!', 0.7721179674191123), ([[983.2322461431675, 422.0422306724555], [1035.1380976108696, 447.24605921984966], [968.7677538568325, 580.9577693275445], [917.8619023891305, 555.7539407801504]], '@', 0.0610898347187947)]
[([[477, 85], [541, 85], [541, 129], [477, 129]], '내가', 0.999942175013533), ([[478, 134], [544, 134], [544, 182], [478, 182]], '먼저', 0.9992272828569037), ([[394, 262], [458, 262], [458, 310], [394, 310]], '조?', 0.9996609032987365), ([[552, 260], [616, 260], [616, 308], [552, 308]], '지?', 0.9958648681979119)]
[([[381, 425], [503, 425], [503, 465], [381, 465]], '어느 쪽올', 0.5724837394014513), ([[397, 467], [487, 467], [487, 507], [397, 507]], '골라야', 0.9827386918232788), ([[741, 1045], [801, 1045], [801, 1083], [741, 1083]], '하는', 0.25191149532691604), ([[717, 1087], [829, 1087], [829, 1125], [717, 1125]], '거지: !?', 0.6183265965344897)]
