2842590
16
[([[694, 876], [742, 876], [742, 952], [694, 952]], '7', 0.4682673947641547), ([[21, 998], [974, 998], [974, 1179], [21, 1179]], '04고감토-9위꺾드', 5.228187096999372e-05), ([[337, 1139], [671, 1139], [671, 1277], [337, 1277]], '60-(', 0.0068294452503323555), ([[817, 1211], [915, 1211], [915, 1279], [817, 1279]], '"18', 0.07983894949727573), ([[2, 1226], [313, 1226], [313, 1316], [2, 1316]], '법역8식자', 0.719609171494219), ([[788, 1292], [830, 1292], [830, 1316], [788, 1316]], "5이'", 0.019283421510469526), ([[884, 1281], [938, 1281], [938, 1308], [884, 1308]], '어미그커', 0.0013944479869678617), ([[835, 1321], [897, 1321], [897, 1335], [835, 1335]], '<이름.름5', 0.000893669061425769), ([[86, 1300], [226, 1300], [226, 1386], [86, 1386]], '농약', 0.9909601357039577), ([[839, 1331], [891, 1331], [891, 1345], [839, 1345]], "'사-니신-긋", 0.0001373781754550018), ([[825.5857864376269, 1292.585786437627], [885.7483145522431, 1283.0287141376427], [889.4142135623731, 1305.414213562373], [828.2516854477569, 1314.9712858623573]], '4어신|{', 0.0005413117885997259)]
[([[430, 96], [480, 96], [480, 128], [430, 128]], '업-청', 0.8789302023399282), ([[818, 90], [878, 90], [878, 120], [818, 120]], '어이2', 0.9855875434596549), ([[434, 124], [476, 124], [476, 154], [434, 154]], '안에', 0.9869277812152687), ([[826, 116], [870, 116], [870, 148], [826, 148]], '벌써', 0.9997985440080989), ([[407, 147], [503, 147], [503, 183], [407, 183]], '나오고잇네', 0.15612400850352184), ([[810, 136], [882, 136], [882, 208], [810, 208]], '#턱', 0.004470028875515415), ([[346, 330], [396, 330], [396, 360], [346, 360]], '오싹', 0.3720650341412036), ([[360, 360], [410, 360], [410, 390], [360, 390]], '오싹', 0.26650873214611137), ([[163, 967], [269, 967], [269, 1005], [163, 1005]], '또오라구', 0.3318219780921936), ([[181, 1001], [253, 1001], [253, 1037], [181, 1037]], '언제든', 0.989973720133385), ([[143, 1029], [283, 1029], [283, 1071], [143, 1071]], '상대해출데니', 0.5460395067393661), ([[823, 1159], [909, 1159], [909, 1259], [823, 1259]], '규', 0.6853905662773663)]
[([[479, 143], [551, 143], [551, 181], [479, 181]], '형씨들', 0.9295823248085524), ([[485, 175], [545, 175], [545, 213], [485, 213]], '어때?', 0.9970078605232107), ([[49, 439], [121, 439], [121, 477], [49, 477]], '어이*2', 0.8467217683792114), ([[62, 474], [108, 474], [108, 506], [62, 506]], '너무', 0.9999232935974118), ([[25, 501], [141, 501], [141, 543], [25, 543]], '들이대지마', 0.6817043254552797), ([[21, 1015], [247, 1015], [247, 1221], [21, 1221]], '때', 0.00693757215706331), ([[848.5936748921307, 371.12457939593213], [897.6643638388299, 339.027633934041], [958.4063251078693, 442.87542060406787], [910.3356361611701, 474.972366065959]], '$', 0.0716395261202365), ([[540.9146451951455, 1164.0294715906768], [889.1987566017998, 1219.3957386798215], [853.0853548048545, 1387.9705284093232], [504.8012433982002, 1331.6042613201785]], '>대스', 0.0004289200812959427)]
[([[442, 660], [512, 660], [512, 690], [442, 690]], '이런결', 0.9973555043777507), ([[458, 686], [494, 686], [494, 712], [458, 712]], '아직', 0.9952921619748328), ([[432, 710], [520, 710], [520, 740], [432, 740]], '부족하다고', 0.9998905497262024)]
[]
[([[799, 715], [907, 715], [907, 845], [799, 845]], '[모', 0.08857938955623774)]
[([[836, 438], [900, 438], [900, 470], [836, 470]], '오르가', 0.9895886210730821), ([[824, 468], [912, 468], [912, 500], [824, 500]], '월 하려는', 0.2476227661944078), ([[842, 498], [896, 498], [896, 530], [842, 530]], '거야?', 0.8588193565686773)]
[]
[]
[([[106, 448], [156, 448], [156, 508], [106, 508]], '극', 0.9044880215824946), ([[210, 678], [244, 678], [244, 708], [210, 708]], '놈;', 0.2868536849880794), ([[126, 802], [242, 802], [242, 854], [126, 854]], "'죽인다))", 0.5290598193483849), ([[427.5495148203676, 225.07534227552912], [518.6888199148982, 172.01695572756634], [608.4504851796324, 348.9246577244709], [517.3111800851018, 402.98304427243363]], '계', 0.008655452549422904)]
[([[825, 407], [907, 407], [907, 471], [825, 471]], '발리', 0.5611487099507427), ([[793, 457], [944, 457], [944, 531], [793, 531]], '(가버려', 0.21981139481067657), ([[219, 567], [255, 567], [255, 649], [219, 649]], '약', 0.011540165152719217), ([[800, 726], [848, 726], [848, 778], [800, 778]], '오', 0.999963283875843), ([[812, 778], [844, 778], [844, 842], [812, 842]], '오', 0.8387164514275014), ([[277, 893], [361, 893], [361, 979], [277, 979]], '네', 0.33313788556235124), ([[600, 1142], [704, 1142], [704, 1264], [600, 1264]], '|', 0.021731506511486254)]
[([[98, 782], [150, 782], [150, 832], [98, 832]], '응?', 0.9863942815514786)]
[([[846, 28], [926, 28], [926, 116], [846, 116]], '(떠', 0.025079583474797985), ([[662, 344], [694, 344], [694, 368], [662, 368]], '꿀쩍', 0.331683286147045), ([[648, 366], [684, 366], [684, 392], [648, 392]], '꿀쩍', 0.9430268557538591), ([[823, 423], [933, 423], [933, 553], [823, 553]], '@', 0.12563437103905528), ([[554, 934], [626, 934], [626, 982], [554, 982]], '잔뜩', 0.9985024296543706), ([[542, 976], [638, 976], [638, 1026], [542, 1026]], '값네7', 0.15041911071594635), ([[369, 1097], [467, 1097], [467, 1163], [369, 1163]], '(835', 0.6498839259147644), ([[44.03366982607264, 1244.0467992085482], [212.68802704477565, 1280.5216675001736], [189.96633017392736, 1366.9532007914518], [21.31197295522434, 1329.4783324998264]], ":'", 0.49158790668421726)]
[]
[([[641, 115], [739, 115], [739, 181], [641, 181]], '코옷', 0.7299490975156416), ([[448, 320], [514, 320], [514, 368], [448, 368]], '그햇', 0.09285039458830402), ([[71, 1035], [231, 1035], [231, 1251], [71, 1251]], '한', 0.06660758136612177), ([[393.8686291501015, 1017.0804040507106], [498.2780842410626, 1032.6789324336899], [485.1313708498985, 1102.9195959492893], [380.7219157589374, 1086.3210675663101]], '예;)', 0.006437582811954764)]
[([[458, 114], [592, 114], [592, 218], [458, 218]], "'>", 0.39404360495668217), ([[698, 916], [810, 916], [810, 1014], [698, 1014]], '끼', 0.018238534363579362)]
