2847511
16
[([[747, 190], [941, 190], [941, 247], [747, 247]], '그. 선생님', 0.9831349402055679), ([[610, 245], [1084, 245], [1084, 305], [610, 305]], '잠깐 시간 괜찮으신가요.?', 0.6434235152684222), ([[385, 365], [523, 365], [523, 420], [385, 420]], '선생님!', 0.6164923310279846), ([[231, 420], [677, 420], [677, 482], [231, 482]], '잠깐 시간 괜찮으세요??', 0.8318628131710352), ([[190, 476], [722, 476], [722, 540], [190, 540]], '유우카 선배가 할말이 잇대요!', 0.4878511771851526), ([[1122, 1236], [1173, 1236], [1173, 1274], [1122, 1274]], '77', 0.9705024503892488), ([[439, 2412], [786, 2412], [786, 2510], [439, 2510]], '좋아 뭐든', 0.6444391320103856), ([[448, 2518], [788, 2518], [788, 2617], [448, 2617]], '말만하럼!', 0.17561181064862705)]
[]
[([[1612, 778], [1892, 778], [1892, 1067], [1612, 1067]], '1)', 0.7295498689780746), ([[999.8601719775369, 816.0240701350406], [1182.9521487497652, 941.6854339514649], [987.1398280224631, 1224.9759298649594], [804.0478512502349, 1098.3145660485352]], '{', 0.05806113368331811)]
[([[1130, 1294], [1455, 1294], [1455, 1590], [1130, 1590]], '가', 0.29637152935663735)]
[([[1122, 1236], [1173, 1236], [1173, 1274], [1122, 1274]], '77', 0.9737328596838625)]
[]
[([[1622, 799], [1887, 799], [1887, 1048], [1622, 1048]], '1)', 0.2253757387467402), ([[975.174124279917, 816.0117622250856], [1182.1480047291225, 931.4587939700447], [1017.825875720083, 1224.9882377749145], [810.8519952708775, 1109.5412060299552]], '{', 0.29038187992297537)]
[([[1133, 1302], [1449, 1302], [1449, 1584], [1133, 1584]], '2', 0.17797713261366344)]
[([[1436, 165], [1788, 165], [1788, 242], [1436, 242]], '선생님 자지는', 0.7485017985074496), ([[1458, 243], [1725, 243], [1725, 321], [1458, 321]], '정말이지 .', 0.6728055778181455), ([[1582, 889], [1851, 889], [1851, 1165], [1582, 1165]], '#중', 0.003103811202631277), ([[1302, 2460], [1474, 2460], [1474, 2529], [1302, 2529]], '선생님', 0.9999565024010044), ([[1493, 2461], [1672, 2461], [1672, 2529], [1493, 2529]], '그럼 잘', 0.9006238091575538), ([[1341, 2532], [1632, 2532], [1632, 2607], [1341, 2607]], '부탁 드러요', 0.4506008357305785), ([[190.7814941526878, 322.02475615612], [454.5400371279408, 375.2613055337044], [396.2185058473122, 627.97524384388], [132.45996287205918, 573.7386944662957]], '모:', 0.005902464672890478), ([[1516.0521235346139, 1391.0187254257335], [1810.413085572798, 1499.724829485141], [1732.9478764653861, 1691.9812745742665], [1439.586914427202, 1583.275170514859]], '타다', 0.03755251853885724), ([[153.98178152903355, 1767.024699498091], [455.3459452318274, 1845.7997584072007], [404.0182184709665, 2014.975300501909], [101.65405476817261, 1936.2002415927993]], '하아;', 0.7001433847246559)]
[([[1037, 225], [1248, 225], [1248, 312], [1037, 312]], '선새니', 0.9749129920189114), ([[1086, 332], [1233, 332], [1233, 401], [1086, 401]], '자지', 0.9990878112215827), ([[1043, 418], [1271, 418], [1271, 506], [1043, 506]], '앉다아', 0.3225799254276779), ([[1033, 520], [1284, 520], [1284, 600], [1033, 600]], '아아아!', 0.6406540870666504), ([[93, 573], [349, 573], [349, 970], [93, 970]], '석', 0.005608207841004076), ([[925, 909], [1167, 909], [1167, 1156], [925, 1156]], "'|:", 0.7961763940340337), ([[1386.6917825559285, 1201.2034387030212], [1676.3372414579799, 976.0572367400999], [1790.3082174440715, 1173.7965612969788], [1500.6627585420201, 1399.9427632599]], '편', 0.9818998986238512), ([[1502.9200140397263, 1825.0243116819222], [1792.384874041048, 1893.3445153707946], [1737.0799859602737, 2094.9756883180776], [1447.615125958952, 2026.6554846292054]], '타하?', 0.02488333128347531), ([[732.1751792644711, 2525.01890796547], [1027.9101126744658, 2634.2033742771696], [968.8248207355289, 2778.98109203453], [673.089887325534, 2669.7966257228304]], '닿아', 0.023227594842501493)]
[([[1122, 1295], [1463, 1295], [1463, 1595], [1122, 1595]], '개', 0.0711401608777038), ([[1057, 2111], [1376, 2111], [1376, 2197], [1057, 2197]], '저희논 아직', 0.6665315072398404), ([[1015, 2199], [1414, 2199], [1414, 2280], [1015, 2280]], '만족 못햇는데.', 0.3994809126697978), ([[978, 2281], [1469, 2281], [1469, 2365], [978, 2365]], '연장 가능하시조 ?', 0.967313719930156), ([[1105, 2366], [1326, 2366], [1326, 2451], [1105, 2451]], '선생님?', 0.9998331665992737), ([[225.96501345473763, 474.02329869517547], [570.1245132220994, 551.71462692554], [519.0349865452623, 741.9767013048246], [173.87548677790056, 664.28537307446]], '하아', 0.7282288128916272), ([[1623.8580936535993, 1686.0232945131838], [1959.5773807835935, 1749.6071253736795], [1905.1419063464007, 1986.9767054868162], [1569.4226192164065, 1923.3928746263205]], '히군', 0.0037906461541276247)]
[([[747, 190], [941, 190], [941, 247], [747, 247]], '그. 선생님', 0.9831349402055679), ([[610, 245], [1084, 245], [1084, 305], [610, 305]], '잠깐 시간 괜찮으신가요.?', 0.6434235152684222), ([[385, 365], [523, 365], [523, 420], [385, 420]], '선생님!', 0.6164923310279846), ([[231, 420], [677, 420], [677, 482], [231, 482]], '잠깐 시간 괜찮으세요??', 0.8318628131710352), ([[190, 476], [722, 476], [722, 540], [190, 540]], '유우카 선배가 할말이 잇대요!', 0.4878511771851526), ([[1122, 1236], [1173, 1236], [1173, 1274], [1122, 1274]], '77', 0.9705024503892488), ([[439, 2412], [786, 2412], [786, 2510], [439, 2510]], '좋아 뭐든', 0.6444391320103856), ([[448, 2518], [788, 2518], [788, 2617], [448, 2617]], '말만하럼!', 0.17561181064862705)]
[([[1436, 165], [1787, 165], [1787, 242], [1436, 242]], '선생님 자지는', 0.7440145173497805), ([[1458, 243], [1725, 243], [1725, 321], [1458, 321]], '정말이지 .', 0.8300821678709014), ([[1582, 889], [1851, 889], [1851, 1165], [1582, 1165]], '#중', 0.006512942232940338), ([[1302, 2460], [1672, 2460], [1672, 2529], [1302, 2529]], '선생님. 그럼 잘', 0.9207045113847833), ([[1341, 2532], [1632, 2532], [1632, 2607], [1341, 2607]], '부탁 드려요', 0.5139887996480428), ([[191.7814941526878, 322.02475615612], [454.5400371279408, 375.2613055337044], [396.2185058473122, 627.97524384388], [132.45996287205918, 573.7386944662957]], '모심', 0.0020548136082584093), ([[1519.0668539970839, 1389.018147725056], [1810.5748548395327, 1506.5026430767662], [1729.9331460029161, 1693.981852274944], [1438.4251451604673, 1577.4973569232338]], '타령', 0.004436994014114124), ([[152.97182280886526, 1767.0251853008513], [455.2941688724812, 1842.6012307166156], [404.0281771911348, 2012.9748146991487], [102.70583112751879, 1936.3987692833844]], '하아;', 0.8293838250426743)]
[([[1040, 232], [1245, 232], [1245, 309], [1040, 309]], '선새니', 0.9734148305770908), ([[1086, 332], [1233, 332], [1233, 401], [1086, 401]], '자지', 0.9985997475362853), ([[1043, 418], [1271, 418], [1271, 506], [1043, 506]], '앉다아', 0.3437527299766346), ([[1033, 520], [1284, 520], [1284, 600], [1033, 600]], '아아아!', 0.6767679452896118), ([[91, 575], [347, 575], [347, 914], [91, 914]], '새', 0.5954163356040034), ([[937, 923], [1065, 923], [1065, 1144], [937, 1144]], "'|", 0.46103143437487604), ([[1387.9969776874614, 1202.1740081121675], [1677.1874030105328, 975.078946095521], [1788.0030223125386, 1167.8259918878325], [1498.8125969894672, 1393.9210539044789]], '편', 0.963256780065965), ([[1501.9002390192948, 1826.0252106206265], [1791.2782636565826, 1890.0736923396184], [1738.0997609807052, 2091.9747893793733], [1449.7217363434174, 2026.9263076603816]], '타하', 0.06164138467674874), ([[733.1333231433516, 2524.0197768394005], [1028.9109153552445, 2635.162262144161], [967.8666768566484, 2780.9802231605995], [672.0890846447556, 2669.837737855839]], '닿어', 0.005559350001625859)]
[([[1057, 2111], [1376, 2111], [1376, 2197], [1057, 2197]], '저희논 아직', 0.6727379687846524), ([[1015, 2199], [1412, 2199], [1412, 2280], [1015, 2280]], '만족 못햇는데', 0.33565395141189364), ([[978, 2281], [1469, 2281], [1469, 2365], [978, 2365]], '연장 가능하시조 ?', 0.9591467382946959), ([[1103, 2366], [1326, 2366], [1326, 2451], [1103, 2451]], '선생님?', 0.9997710751145145), ([[226.97423594296345, 474.0228851223812], [571.1939148451874, 554.9642611185893], [518.0257640570366, 743.9771148776188], [173.80608515481265, 663.0357388814107]], '하아', 0.6695811538612957), ([[1624.8487110720848, 1687.0236790516612], [1958.411750514677, 1747.2423243887315], [1905.1512889279152, 1985.9763209483388], [1572.588249485323, 1925.7576756112685]], '타마', 0.01697306785099323)]
[([[1122, 1236], [1173, 1236], [1173, 1274], [1122, 1274]], '77', 0.9737328596838625)]
