2850362
201
[([[1674, 2756], [2076, 2756], [2076, 2880], [1674, 2880]], '84 7;빨.', 0.004791364017726896)]
[]
[([[682, 0], [755, 0], [755, 98], [682, 98]], '2', 0.953611103934012), ([[184.14720110444821, 1978.1776088355857], [319.8209052017855, 1878.0146543500064], [458.8527988955518, 2103.8223911644145], [323.1790947982145, 2203.9853456499936]], '<', 0.4279615197358453)]
[([[752, 2359], [957, 2359], [957, 2658], [752, 2658]], '그', 0.4784479576419223), ([[220.85246826815725, 1933.0329478659364], [359.59034604417496, 1883.3249036779212], [441.1475317318427, 2146.9670521340636], [302.40965395582504, 2196.675096322079]], '{', 0.6838831945183053)]
[([[220.85900418922975, 1932.0325733115205], [360.55269490186976, 1881.3180702436416], [443.1409958107703, 2146.9674266884795], [303.44730509813024, 2197.6819297563584]], '{', 0.6489812562350039)]
[([[682, 0], [755, 0], [755, 98], [682, 98]], '2', 0.960001004278638), ([[225.76599077936706, 1928.0346358727338], [377.15457090484887, 1878.6123774395824], [451.2340092206329, 2149.965364127266], [299.84542909515113, 2199.3876225604176]], '~', 0.20888614453806387)]
[([[755, 2276], [956, 2276], [956, 2659], [755, 2659]], '', 0.0), ([[196.24560510977642, 1959.0700638722053], [329.7741681162561, 1880.013625498328], [454.7543948902236, 2127.929936127795], [320.2258318837439, 2207.986374501672]], '<', 0.18401133115329404)]
[([[484, 1393], [557, 1393], [557, 1441], [484, 1441]], '7', 0.23272163534841273), ([[503, 1463], [605, 1463], [605, 1491], [503, 1491]], '|', 0.04845255761438594), ([[1752, 2407], [1975, 2407], [1975, 2700], [1752, 2700]], "'", 0.007510819129337654), ([[491.28501414857493, 1447.9710084891449], [589.9206924535073, 1438.4423796102722], [591.7149858514251, 1456.0289915108551], [493.07930754649277, 1466.5576203897278]], '째', 0.0032954001685079337)]
[]
[]
[]
[]
[]
[]
[([[409, 215], [576, 215], [576, 301], [409, 301]], '0 0', 0.9496951103210449), ([[1819, 535], [1987, 535], [1987, 1098], [1819, 1098]], '몸', 0.23554467423824477), ([[0, 2286], [418, 2286], [418, 2616], [0, 2616]], '씨', 0.027857871221787178), ([[178, 2584], [613, 2584], [613, 2880], [178, 2880]], "'시", 0.35803910253112176), ([[42.14983741720811, 1399.0329026819845], [286.9109803915582, 1457.6033945098804], [259.8501625827919, 1549.9670973180155], [15.08901960844177, 1492.3966054901196]], '등용', 0.07075318129368292), ([[174.6334368540005, 1498.3167184270003], [334.06501132646923, 1456.783532953264], [347.3665631459995, 1508.6832815729997], [186.93498867353077, 1550.216467046736]], '오요히', 0.013249541232991772), ([[15.65611878468297, 1598.2679364650344], [467.31642272148235, 1526.7282592182257], [479.343881215317, 1701.7320635349656], [27.68357727851762, 1773.2717407817743]], '[말1동덧', 2.6221083264488574e-05)]
[([[1179, 0], [1298, 0], [1298, 108], [1179, 108]], '다', 0.9114284047484489), ([[250, 2686], [589, 2686], [589, 2878], [250, 2878]], '7절/', 0.004833759883544259), ([[8.751841974417308, 2679.0338923292784], [235.73787005617598, 2715.1925241628232], [198.24815802558268, 2908.9661076707216], [-27.73787005617598, 2872.8074758371768]], '구거', 0.005569304316852837)]
[([[1410, 336], [2036, 336], [2036, 536], [1410, 536]], '장6훨어처도', 0.0008749699466198618), ([[1203, 535], [1311, 535], [1311, 681], [1203, 681]], '다', 0.967259478131016), ([[0, 0], [313, 0], [313, 1427], [0, 1427]], '통', 0.023148812397894014), ([[1715, 1384], [2036, 1384], [2036, 2876], [1715, 2876]], '통', 0.6810056389928185), ([[516.2385422254389, 807.2841702656099], [670.7853461411095, 899.7090964189342], [29.761457774561055, 1868.7158297343901], [-124.78534614110943, 1776.2909035810658]], "'", 0.9894810052914558)]
[([[251, 2689], [588, 2689], [588, 2877], [251, 2877]], '7절/', 0.0030371888818882644), ([[8.751841974417308, 2679.0338923292784], [234.73787005617598, 2715.1925241628232], [196.24815802558268, 2908.9661076707216], [-28.73787005617598, 2872.8074758371768]], '구거', 0.010557215153645438)]
[]
[]
[]
[]
[]
[]
[]
[([[1702.2006392330225, 2467.0159808255644], [1859.4773779940713, 2506.201249099401], [1794.7993607669775, 2756.9840191744356], [1638.5226220059287, 2716.798750900599]], '-', 0.1313876775509506)]
[([[1682.132971329542, 2460.017906174917], [1848.3342336350747, 2488.65302159723], [1802.867028670458, 2743.982093825083], [1635.6657663649253, 2716.34697840277]], '0', 0.22396491529845264)]
[([[871.8544156450987, 1795.0262610631526], [1022.6007879815737, 1696.0072199665344], [1233.1455843549013, 2062.9737389368474], [1082.3992120184264, 2161.992780033466]], '=', 0.9483984731770221)]
[([[1005.1464477920329, 1823.0151829561225], [1287.9432974279866, 1974.3512100573541], [1188.8535522079671, 2151.9848170438772], [906.0567025720134, 2000.6487899426459]], '/1', 0.6488792922800312)]
[]
[]
[]
[]
[([[1708, 19], [1796, 19], [1796, 73], [1708, 73]], '거4', 0.20361126962693404), ([[1350, 39], [1999, 39], [1999, 315], [1350, 315]], '[장-용', 0.00019470583356451243), ([[1666, 194], [1886, 194], [1886, 401], [1666, 401]], '1감', 0.000646936596580397), ([[1799.9632031319513, 10.090257852122116], [1925.8423514302838, 28.63364361711106], [1915.0367968680487, 78.90974214787788], [1790.1576485697162, 60.366356382888945]], '묘묘거', 0.0011110324122741507)]
[]
[([[1708, 19], [1796, 19], [1796, 73], [1708, 73]], '거4', 0.20361126962693404), ([[1350, 39], [1999, 39], [1999, 315], [1350, 315]], '[장-용', 0.00019470583356451243), ([[1666, 194], [1886, 194], [1886, 401], [1666, 401]], '1감', 0.000646936596580397), ([[762, 2072], [853, 2072], [853, 2139], [762, 2139]], "돼'", 0.0026524588718671743), ([[1799.9632031319513, 10.090257852122116], [1925.8423514302838, 28.63364361711106], [1915.0367968680487, 78.90974214787788], [1790.1576485697162, 60.366356382888945]], '묘묘거', 0.0011110324122741507), ([[550.5623984301982, 2146.3435976452975], [762.5147281234887, 2076.3569064755247], [780.4376015698018, 2144.6564023547025], [568.4852718765113, 2214.6430935244753]], '자^#게`', 8.983353785447474e-05), ([[644.7867564002621, 2194.914702560105], [886.9268777559664, 2122.572648015704], [911.2132435997379, 2207.085297439895], [669.0731222440336, 2279.427351984296]], '}%형목량4', 1.2630685494739217e-05), ([[547.2757735012893, 2240.8067017028366], [660.6647956741252, 2203.0064250936725], [681.7242264987107, 2279.1932982971634], [568.3352043258748, 2316.9935749063275]], '30*', 0.35120939229601367)]
[([[962, 521], [1112, 521], [1112, 635], [962, 635]], ':새*', 0.008176085705432027), ([[611.627626839024, 644.7573551492671], [954.7493713042102, 534.6889797863621], [979.372373160976, 641.2426448507329], [636.2506286957898, 751.3110202136379]], '7보니게|', 6.027595536013429e-05), ([[770.1072936600453, 734.2965642940408], [1165.1280516746906, 614.8537297641795], [1199.8927063399547, 746.7034357059592], [805.8719483253094, 865.1462702358205]], '{히어4', 0.0005086021265015006), ([[600.6702776885622, 797.3503051362426], [794.3350758634588, 739.7858194340942], [824.3297223114378, 875.6496948637574], [630.6649241365412, 933.2141805659058]], '30*', 0.15824370271966723)]
[]
[([[1477, 423], [1560, 423], [1560, 487], [1477, 487]], '{@0)', 0.003385432530194521)]
[]
[([[265, 296], [466, 296], [466, 517], [265, 517]], '8', 0.08454732821130406), ([[131, 2143], [363, 2143], [363, 2404], [131, 2404]], '다', 0.004924135297246279), ([[751.9780675931288, 246.42323657595094], [889.0903219013509, 150.24866045403874], [934.0219324068712, 232.57676342404906], [795.9096780986491, 328.7513395459613]], ')', 0.10161225540756291)]
[([[176, 289], [471, 289], [471, 523], [176, 523]], '0시', 0.02906193232661245), ([[748.8099186518884, 245.4727315512318], [893.5090383580228, 150.47894457689523], [936.1900813481116, 233.5272684487682], [790.4909616419772, 328.52105542310477]], '[', 0.014473313162156887), ([[86.12858470402347, 2082.010548276169], [338.6582445169848, 2018.8239955236802], [457.87141529597653, 2566.989451723831], [205.34175548301525, 2631.17600447632]], '존', 0.058952316280525885)]
[([[265, 310], [463, 310], [463, 515], [265, 515]], '무 {', 0.008368166555922658), ([[91, 2092], [376, 2092], [376, 2408], [91, 2408]], '7', 0.14135263866046444), ([[757.740093166806, 244.54627018373728], [890.0387102552409, 159.36221099101567], [928.259906833194, 234.45372981626272], [795.9612897447591, 320.6377890089843]], ')이', 0.031848739018714385)]
[]
[]
[]
[]
[]
[]
[([[517.2275661783697, 1735.5605875096853], [809.4794160450181, 1602.7255540306694], [894.7724338216303, 1845.4394124903147], [602.5205839549819, 1978.2744459693306]], '이이이|', 0.016704702749848366)]
[([[528.1729859549839, 1736.6130339884246], [814.7827346201054, 1606.6271416039942], [896.8270140450161, 1838.3869660115754], [610.2172653798946, 1968.3728583960058]], '이이이1', 0.025140224024653435)]
[([[500.3242028399206, 1728.2260430033568], [828.987645584749, 1618.9907391551205], [888.6757971600794, 1868.7739569966432], [560.012354415251, 1978.0092608448795]], '이이이1', 0.02736487425863743)]
[([[496.43071206464106, 1754.775281716354], [810.6600543289146, 1588.2903965635746], [917.569287935359, 1825.224718283646], [604.3399456710854, 1991.7096034364254]], '1이이1', 0.005718342028558254)]
[]
[([[69, 2616], [544, 2616], [544, 2837], [69, 2837]], '거4드.', 0.01719134859740734)]
[]
[([[410, 3], [806, 3], [806, 239], [410, 239]], '다', 0.007368129837034054), ([[2, 2726], [482, 2726], [482, 2880], [2, 2880]], '3숲 7;라', 0.0017704128927754825), ([[1390.0645165272701, 1940.706451652727], [1555.0194110256873, 1852.0579769305461], [1603.9354834727299, 1944.293548347273], [1438.9805889743127, 2032.9420230694539]], '+어5', 0.005638969219743064), ([[1178.5952119495578, 2266.0063035808043], [1575.472185751769, 1879.362028384553], [1636.4047880504422, 1970.9936964191957], [1239.527814248231, 2357.637971615447]], '4-좁뉴밥`어5!', 0.00023660470644813446), ([[1173.1933541266035, 2144.029616121806], [1411.3669716973689, 1951.0299570009445], [1456.8066458733965, 2029.9703838781936], [1217.6330283026311, 2223.9700429990553]], '7,"호$', 0.0006942044223463103)]
[([[1835, 652], [1895, 652], [1895, 716], [1835, 716]], '19', 0.8941588883331766), ([[908, 2292], [1188, 2292], [1188, 2637], [908, 2637]], '드', 0.026131469872361146), ([[996.1514718625762, 398.060303038033], [1070.852162770056, 427.6762965162968], [1048.848528137424, 479.939696961967], [975.1478372299438, 449.3237034837032]], '표요로', 0.0079836256696542)]
[([[1836, 653], [1891, 653], [1891, 715], [1836, 715]], '19', 0.895289747252065), ([[996.1514718625762, 398.060303038033], [1070.852162770056, 427.6762965162968], [1048.848528137424, 479.939696961967], [975.1478372299438, 449.3237034837032]], '국스로', 0.010099840493699894)]
[([[1835, 652], [1895, 652], [1895, 716], [1835, 716]], '19', 0.901715905528197), ([[77.0, 532.0], [401.35833424791906, 243.31315009668998], [658.0, 532.0], [333.64166575208094, 820.68684990331]], '<', 0.204346239027978), ([[996.1514718625762, 398.060303038033], [1070.852162770056, 427.6762965162968], [1048.848528137424, 479.939696961967], [975.1478372299438, 449.3237034837032]], '조스로', 0.004613425803136315)]
[([[1805, 106], [1992, 106], [1992, 318], [1805, 318]], '9', 0.044842265788830105), ([[1835, 652], [1895, 652], [1895, 716], [1835, 716]], '19', 0.8438602899714666), ([[907, 2235], [1196, 2235], [1196, 2656], [907, 2656]], '옆', 0.10580150163335489), ([[996.1514718625762, 398.060303038033], [1070.852162770056, 427.6762965162968], [1048.848528137424, 479.939696961967], [975.1478372299438, 449.3237034837032]], '표스로', 0.007225746677487122), ([[136.66884626161766, 425.06973256901483], [506.3584531348799, 335.7688830307717], [559.3311537383823, 669.9302674309852], [189.64154686512012, 759.2311169692283]], '', 0.0)]
[([[1630, 28], [1954, 28], [1954, 257], [1630, 257]], '이', 0.061292923135219946), ([[1835, 652], [1895, 652], [1895, 716], [1835, 716]], "19'", 0.6535978518467257), ([[997.1631888689246, 398.058640969365], [1071.9107653781884, 430.969052550316], [1048.8368111310754, 480.941359030635], [974.0892346218117, 448.030947449684]], '표로', 0.28732923572369307), ([[1830.8539644141306, 398.0386733291313], [2092.0898072384157, 439.51200373263345], [2063.1460355858694, 579.9613266708686], [1801.9101927615843, 538.4879962673666]], '흐입기', 0.16860816547354723)]
[([[1686, 217], [2111, 217], [2111, 394], [1686, 394]], '27729', 0.5605492164324064), ([[1821, 415], [2122, 415], [2122, 567], [1821, 567]], '12 77', 0.4574209799622354), ([[1835, 652], [1895, 652], [1895, 716], [1835, 716]], "19'", 0.6012569273606017), ([[1871.9140693930924, -44.97640395887649], [2116.820456297373, 24.790848498543653], [2051.085930606908, 234.9764039588765], [1805.179543702627, 164.20915150145635]], '<2', 0.4254683027990813), ([[1581.2560449230714, 5.072539076857531], [1825.8846527361814, -16.736004056891073], [1830.7439550769286, 166.92746092314246], [1587.1153472638186, 189.73600405689106]], '977', 0.9932959079742432), ([[996.1514718625762, 398.060303038033], [1071.8698291872965, 428.7569773485725], [1049.848528137424, 479.939696961967], [975.1301708127035, 449.2430226514275]], '조스로', 0.005801490514926316)]
[([[94, 157], [158, 157], [158, 241], [94, 241]], '0', 0.624857244835372), ([[1758, 163], [1857, 163], [1857, 289], [1758, 289]], '2', 0.6628992904070721), ([[164, 423], [526, 423], [526, 694], [164, 694]], '프', 0.08602952445393441), ([[1836, 653], [1891, 653], [1891, 715], [1836, 715]], '19', 0.9099918569625955), ([[1804.9133747173905, -17.971867954361958], [2133.0753130625494, 42.83706194736329], [2092.0866252826095, 216.97186795436195], [1763.9246869374506, 156.16293805263672]], '7171', 0.9560579061508179), ([[996.1394255660866, 399.06203640599784], [1070.8668144844644, 428.74282546761475], [1049.8605744339134, 479.93796359400216], [975.1331855155355, 449.25717453238525]], '표훈로', 0.007984685267563558), ([[920.4336382708595, 2460.00446160218], [1147.0349694059776, 2326.443343311769], [1254.5663617291405, 2552.99553839782], [1028.9650305940224, 2686.556656688231]], '무 "', 0.009428606564901373)]
[([[1514, 20], [1723, 20], [1723, 161], [1514, 161]], '두군', 0.6417582401411792), ([[1829, 0], [2000, 0], [2000, 100], [1829, 100]], '두?', 0.11661123794465364), ([[1751, 131], [1837, 131], [1837, 206], [1751, 206]], '돈', 0.5171390120076502), ([[1534, 180], [1669, 180], [1669, 297], [1534, 297]], '또', 0.14258327868507426), ([[1849, 287], [1955, 287], [1955, 371], [1849, 371]], '두군', 0.4172932457633753), ([[2016, 285], [2132, 285], [2132, 405], [2016, 405]], '원', 0.9485096934006378), ([[1795, 391], [1955, 391], [1955, 524], [1795, 524]], '두근', 0.23411499262094188), ([[142, 351], [523, 351], [523, 782], [142, 782]], '좀', 0.027688484078583153), ([[1966, 465], [2115, 465], [2115, 576], [1966, 576]], '두근', 0.38927821807600765), ([[1836, 653], [1891, 653], [1891, 715], [1836, 715]], '19', 0.8793476731862464), ([[996.1394255660866, 399.06203640599784], [1070.8668144844644, 428.74282546761475], [1049.8605744339134, 479.93796359400216], [975.1331855155355, 449.25717453238525]], '표스로', 0.00442208933788208)]
[([[0, 2], [473, 2], [473, 251], [0, 251]], '3 `늑명', 0.023470638874311906), ([[1568, 27], [1725, 27], [1725, 208], [1568, 208]], '향', 0.9015960252072865), ([[9, 284], [348, 284], [348, 449], [9, 449]], '[##<', 0.006286470219492912), ([[1837, 170], [2132, 170], [2132, 460], [1837, 460]], '함품', 0.12364188190658837), ([[1835, 652], [1895, 652], [1895, 716], [1835, 716]], "19'", 0.7484304716770648), ([[1904.136530891134, 21.033942317403472], [1983.195069888632, -6.934889480981752], [2039.863469108866, 169.96605768259653], [1960.804930111368, 197.93488948098175]], '허', 0.004589163968522547), ([[996.1514718625762, 398.060303038033], [1071.8698291872965, 428.7569773485725], [1049.848528137424, 479.939696961967], [975.1301708127035, 449.2430226514275]], '국#로', 0.006695948554200615)]
[([[797.1557272211602, 260.13513582218144], [1083.8762939932499, 172.19696185840542], [1139.84427277884, 424.86486417781856], [852.1237060067501, 512.8030381415946]], '내', 0.5324308173038084), ([[745.2388277727381, 2433.0125987366896], [958.4134801455642, 2636.8390012822715], [823.7611722272619, 2780.9874012633104], [609.5865198544358, 2577.1609987177285]], '14', 0.08275409928454794)]
[([[410, 3], [806, 3], [806, 239], [410, 239]], '다', 0.007368129837034054), ([[2, 2726], [482, 2726], [482, 2880], [2, 2880]], '3숲 7;라', 0.001745658360689578)]
[]
[]
[]
[]
[([[1790, 521], [1958, 521], [1958, 752], [1790, 752]], '9', 0.12835992657420636)]
[([[2029, 24], [2263, 24], [2263, 115], [2029, 115]], '시시', 0.1338997274411474), ([[2312, 33], [2437, 33], [2437, 121], [2312, 121]], '사', 0.2303509257701677), ([[1832.9266618452134, 480.01986982076374], [2096.1684039270936, 577.8571292005519], [2005.0733381547866, 807.9801301792362], [1741.8315960729067, 710.1428707994481]], '0', 0.13387769207737676)]
[([[1771, 513], [2042, 513], [2042, 758], [1771, 758]], '0', 0.22387480026066076)]
[([[1772, 505], [2037, 505], [2037, 759], [1772, 759]], '3', 0.15649317515155392)]
[]
[]
[([[405, 2], [805, 2], [805, 251], [405, 251]], '스-', 0.04779218853162999), ([[2, 2726], [482, 2726], [482, 2880], [2, 2880]], '3숲 7;라', 0.0023363176131285996)]
[([[41, 1724], [246, 1724], [246, 2010], [41, 2010]], '9', 0.2007361372421821)]
[]
[]
[([[1331.272077938642, 1040.272077938642], [1798.4951576915103, 928.8403008720137], [1828.727922061358, 1075.727922061358], [1361.5048423084897, 1187.1596991279864]], ',', 0.004874448740664283)]
[]
[]
[]
[([[1169, 1691], [1339, 1691], [1339, 1836], [1169, 1836]], '#', 0.8123525653645771), ([[1633.9870643756633, 1957.0171055196308], [1879.042442260582, 2087.480921097584], [1757.0129356243367, 2312.982894480369], [1511.957557739418, 2182.519078902416]], '[', 0.017685579833383258)]
[]
[([[1695.1163363254102, 724.1262341096757], [2357.4537590142795, 624.2852281512041], [2374.88366367459, 903.8737658903243], [1711.5462409857203, 1003.7147718487959]], '"_|| |', 0.10856973805897385)]
[([[1412, 2661], [2076, 2661], [2076, 2880], [1412, 2880]], '8,7;리', 0.0033742470450858477)]
[([[600, 384], [821, 384], [821, 603], [600, 603]], '', 0.0), ([[281, 785], [499, 785], [499, 1021], [281, 1021]], '")', 0.11128665316568351), ([[2427, 1014], [2712, 1014], [2712, 1274], [2427, 1274]], '이', 0.022399691929288146), ([[1729.2918766400667, 731.2225761125542], [2413.9263963220174, 613.6387116064556], [2434.7081233599333, 875.7774238874458], [1750.0736036779824, 992.3612883935444]], '"_||', 0.05685211718082428)]
[([[1083, 2660], [1849, 2660], [1849, 2880], [1083, 2880]], '3-위게하*<"', 0.00011052705674792374)]
[]
[]
[]
[]
[([[1325, 1953], [1615, 1953], [1615, 2063], [1325, 2063]], '"029?', 0.09438165260750891), ([[989.0550196978472, 1816.6925689424652], [1527.387734787921, 1731.5540515365226], [1538.9449803021528, 1886.3074310575348], [1001.6122652120789, 1970.4459484634774]], '-오#(-]', 6.583261986925707e-05), ([[1051.9393827043632, 1972.1332468235962], [1341.7010351762183, 1940.7367297575338], [1347.0606172956368, 2080.866753176404], [1057.2989648237817, 2112.263270242466]], '존60', 0.022756638029579928)]
[]
[]
[]
[([[14, 2673], [622, 2673], [622, 2880], [14, 2880]], "897'라", 0.008277503072093077), ([[943.0464391207083, 2591.0216606555837], [1109.222888099134, 2621.5340510881156], [1062.9535608792917, 2852.9783393444163], [897.777111900866, 2822.4659489118844]], '(', 0.7302863726275213)]
[]
[]
[]
[([[714.1910232926864, 2641.091130597595], [944.2161077977335, 2620.9590634870397], [947.8089767073136, 2775.908869402405], [718.7838922022665, 2796.0409365129603]], '매', 0.21655239958132544)]
[([[1180.2317787204026, 1091.0196850478512], [1280.953126184509, 1055.0303122785942], [1363.7682212795974, 1315.9803149521488], [1262.046873815491, 1351.9696877214058]], '늘', 0.041588030565631096), ([[1336.9277033146718, 2638.9740172124116], [1396.8599517389696, 2688.6158058139417], [1242.0722966853282, 2858.0259827875884], [1182.1400482610304, 2808.3841941860583]], '턱', 0.8317516112082082)]
[([[1190.3167351694042, 1096.0179682186774], [1282.613488954916, 1064.0144837876119], [1361.6832648305958, 1311.9820317813226], [1269.386511045084, 1343.9855162123881]], '늘', 0.20030046786945732), ([[1215.660821039986, 2759.0900756958968], [1345.9202592460815, 2634.8004583025286], [1393.339178960014, 2704.9099243041032], [1263.0797407539185, 2829.1995416974714]], '1', 0.5048376953002389)]
[([[2231, 944], [2273, 944], [2273, 995], [2231, 995]], '8', 0.01297717468874554), ([[2202, 991], [2241, 991], [2241, 1029], [2202, 1029]], '~^', 0.17030332644781102), ([[908, 1320], [994, 1320], [994, 1424], [908, 1424]], '다', 0.7847927616592223), ([[2272.4781819497143, 908.0692732139435], [2292.414213562373, 913.5857864376269], [2282.5218180502857, 948.9307267860565], [2262.585786437627, 943.4142135623731]], '8', 0.03984945660252848)]
[([[2231, 944], [2273, 944], [2273, 995], [2231, 995]], '8', 0.03515076844901288), ([[2202, 991], [2241, 991], [2241, 1029], [2202, 1029]], '~^', 0.11702563639481076), ([[893, 1037], [1011, 1037], [1011, 1111], [893, 1111]], '8다', 0.004453456079166987), ([[913, 1302], [1006, 1302], [1006, 1429], [913, 1429]], '7', 0.33934525384928804), ([[2282.6958856314923, 880.0232566046988], [2302.1368637399105, 885.3545393238135], [2281.3041143685077, 948.9767433953012], [2261.8631362600895, 943.6454606761865]], '3', 0.07338298922857067)]
[([[2231, 944], [2273, 944], [2273, 995], [2231, 995]], '8', 0.023829419074573366), ([[913, 1302], [1003, 1302], [1003, 1426], [913, 1426]], '7', 0.1286807686383895), ([[2282.6958856314923, 880.0232566046988], [2302.1368637399105, 885.3545393238135], [2281.3041143685077, 948.9767433953012], [2261.8631362600895, 943.6454606761865]], '3', 0.05883537491181223), ([[2192.214569927344, 1006.8858279709377], [2234.6222727739405, 986.4764645738703], [2247.785430072656, 1013.1141720290623], [2204.3777272260595, 1033.5235354261297]], '감', 0.00882882641919025)]
[([[2231, 944], [2273, 944], [2273, 995], [2231, 995]], '8', 0.026851210806499104), ([[913, 1302], [1001, 1302], [1001, 1426], [913, 1426]], '7', 0.15656403846209344), ([[2194.2562854188427, 1016.5587995863798], [2227.754901555295, 984.0965324796351], [2246.7437145811573, 1007.4412004136202], [2213.245098444705, 1039.9034675203648]], '나', 0.0382812184705037)]
[([[1674, 2756], [2076, 2756], [2076, 2880], [1674, 2880]], '84 7;빨.', 0.0065764749006089595)]
[([[1725, 294], [1948, 294], [1948, 515], [1725, 515]], '0', 0.6018296488385921)]
[([[2231, 944], [2273, 944], [2273, 995], [2231, 995]], '8', 0.026851210806499104), ([[910, 1301], [1009, 1301], [1009, 1434], [910, 1434]], '구', 0.10048588346132092), ([[2194.2562854188427, 1016.5587995863798], [2227.754901555295, 984.0965324796351], [2246.7437145811573, 1007.4412004136202], [2213.245098444705, 1039.9034675203648]], '나', 0.0382812184705037)]
[([[2233, 944], [2273, 944], [2273, 995], [2233, 995]], '{', 0.04536318531167183), ([[2202, 991], [2241, 991], [2241, 1029], [2202, 1029]], '~^', 0.21125380570977076), ([[907, 1308], [1009, 1308], [1009, 1434], [907, 1434]], '4', 0.667998226892653)]
[]
[]
[]
[]
[([[2052, 336], [2285, 336], [2285, 525], [2052, 525]], '9', 0.16265112015480554)]
[]
[([[138, 127], [180, 127], [180, 167], [138, 167]], '3', 0.8342515317900165), ([[83, 189], [146, 189], [146, 222], [83, 222]], '77', 0.048712357265811815), ([[393, 393], [484, 393], [484, 558], [393, 558]], '2', 0.3278971144264488), ([[723, 942], [994, 942], [994, 1187], [723, 1187]], '7 (', 0.15429304540157318)]
[([[731, 949], [992, 949], [992, 1174], [731, 1174]], '0 (', 0.6595737338066101), ([[616.9146451951455, 2131.029471590677], [749.3528848347921, 2079.138883894549], [842.0853548048545, 2354.970528409323], [710.6471151652079, 2405.861116105451]], '논', 0.10716117724920426)]
[([[757.7863710445876, 924.0283403541748], [995.0736455344401, 968.2612164723403], [946.2136289554124, 1189.9716596458252], [709.9263544655599, 1145.7387835276597]], ') (', 0.013333960499848153)]
[([[1674, 2756], [2076, 2756], [2076, 2880], [1674, 2880]], '84 7;랑.', 0.00613189959024446)]
[([[765, 954], [981, 954], [981, 1174], [765, 1174]], '01 (', 0.2795125535954066), ([[575.8803499651326, 2080.024119191076], [755.057331396497, 2020.4966002433791], [854.1196500348674, 2363.975880808924], [674.942668603503, 2424.5033997566206]], '곰', 0.41433089479881247)]
[]
[]
[]
[]
[]
[([[207, 1207], [365, 1207], [365, 1449], [207, 1449]], ':', 0.250586973047362)]
[([[1039, 474], [1146, 474], [1146, 543], [1039, 543]], '러공6', 0.00010897490820122994), ([[1349, 663], [1442, 663], [1442, 725], [1349, 725]], '8*6', 0.0004877647823741122), ([[1500, 712], [1607, 712], [1607, 776], [1500, 776]], '@*)며', 0.001282876473851502), ([[1513.8436118307445, 295.0418432642737], [1606.6010791544695, 231.01129449110834], [1749.1563881692555, 464.9581567357263], [1657.3989208455305, 528.9887055088916]], '물', 0.2916203654030234), ([[194.89730454975444, 837.3481400189196], [482.93777362612104, 787.6863442211511], [495.10269545024556, 908.6518599810804], [206.06222637387896, 957.3136557788489]], '문질  문자', 0.035086540615159215), ([[222.89626450442196, 1126.0290255840173], [490.4930641329806, 1179.188441211416], [448.10373549557806, 1357.9709744159827], [179.50693586701942, 1303.811558788584]], '질철}', 0.18196596826540815), ([[351.9010393159889, 1310.043199313059], [532.9440199645494, 1344.6659258387847], [505.0989606840111, 1464.956800686941], [325.0559800354506, 1430.3340741612153]], '질계', 0.1050625571898671)]
[([[1559, 256], [1694, 256], [1694, 389], [1559, 389]], '0', 0.5478060152186437), ([[369, 775], [692, 775], [692, 935], [369, 935]], '속우울 ?', 0.12708095037414655), ([[1506, 1220], [1689, 1220], [1689, 1437], [1506, 1437]], '올', 0.046102129792189084)]
[([[1408, 87], [1516, 87], [1516, 218], [1408, 218]], '홍', 0.32848463745739664), ([[1554, 287], [1658, 287], [1658, 347], [1554, 347]], '아.', 0.7199333298079659), ([[845, 310], [1084, 310], [1084, 470], [845, 470]], '@영', 0.012122210386128984), ([[1576, 644], [1705, 644], [1705, 743], [1576, 743]], '0리', 0.04010102550335096), ([[1545, 769], [1652, 769], [1652, 837], [1545, 837]], '06초', 0.08227727691049125), ([[419, 736], [624, 736], [624, 944], [419, 944]], '빵', 0.07161452913904132), ([[214, 1084], [364, 1084], [364, 1219], [214, 1219]], '때때', 0.013329779245634317), ([[744, 1180], [810, 1180], [810, 1260], [744, 1260]], '뜻', 0.2644816105366523), ([[1431, 1253], [1734, 1253], [1734, 1412], [1431, 1412]], '두"', 0.08392881034579991), ([[1540, 1389], [1717, 1389], [1717, 1517], [1540, 1517]], '두군', 0.36307066546479105), ([[874.436464432426, 1194.0265229837155], [923.0416215304239, 1208.565443043007], [891.563535567574, 1311.9734770162845], [842.9583784695761, 1296.434556956993]], '움', 0.13432774785684476)]
[([[1674, 2756], [2076, 2756], [2076, 2880], [1674, 2880]], '8 7;빨.', 0.008085047769057604)]
[([[1470, 786], [1684, 786], [1684, 995], [1470, 995]], '릇출', 0.0735730230687758), ([[686, 1042], [717, 1042], [717, 1075], [686, 1075]], '0', 0.9070067774750648), ([[1521, 976], [1678, 976], [1678, 1084], [1521, 1084]], '주죽', 0.07939896054565111), ([[1594, 1060], [1720, 1060], [1720, 1162], [1594, 1162]], '짧', 0.014282072600222628), ([[1514.6463637161876, 117.00781998583795], [1570.3098448646558, 101.0060024918789], [1640.3536362838124, 358.99218001416205], [1584.6901551353442, 374.9939975081211]], '출', 0.008081477180908792), ([[1600.202097481775, 567.0151637706794], [1790.7348028949066, 737.6731472967127], [1671.797902518225, 871.9848362293206], [1481.2651971050934, 701.3268527032873]], '7', 0.012000753420933707), ([[456.67614845191, 798.008746360335], [501.28404137142945, 785.0067270628382], [560.32385154809, 994.991253639665], [515.7159586285705, 1007.9932729371618]], '{', 0.04165692470433502), ([[679.3128932627759, 940.0295618482005], [737.5045781663028, 927.1427584648628], [765.6871067372241, 1071.9704381517995], [707.4954218336972, 1083.857241535137]], '8', 0.7274439485377258), ([[890.8562946477662, 1338.0467947027475], [1063.8832998000935, 1370.5208954873165], [1038.1437053522338, 1487.9532052972525], [864.1167001999064, 1455.4791045126835]], '질철', 0.37265642646629676), ([[737.8276614510412, 1360.0491712673897], [909.6674618308139, 1387.0388414913816], [885.1723385489588, 1506.9508287326103], [714.3325381691861, 1478.9611585086184]], '질철', 0.6499819434546423)]
[([[1417, 126], [1563, 126], [1563, 260], [1417, 260]], "'옆절", 0.1363395362797969), ([[1147, 279], [1293, 279], [1293, 418], [1147, 418]], '유절', 0.05731766935817989), ([[1110, 597], [1260, 597], [1260, 741], [1110, 741]], "'양불", 0.20130473251565223), ([[1498, 556], [1642, 556], [1642, 688], [1498, 688]], '유절', 0.18227343888414976), ([[684.2818716388167, 786.1140372911258], [764.6832648305959, 729.0179682186774], [862.7181283611833, 886.8859627088742], [782.3167351694041, 944.9820317813226]], '콩', 0.00258720901294357), ([[959.4140353589078, 896.1052651918084], [1027.6693473582081, 844.0186822880762], [1126.5859646410922, 994.8947348081916], [1058.3306526417919, 1046.9813177119238]], '돌', 0.7993368102522744), ([[401.32574844729504, 1442.108263044172], [475.6941952876795, 1387.0185481203926], [577.674251552705, 1544.891736955828], [503.3058047123205, 1599.9814518796074]], '동', 0.5095096077365078), ([[740.4449805264796, 1810.093338369781], [823.6868699226285, 1757.0181584623217], [913.5550194735204, 1918.906661630219], [830.3131300773715, 1971.9818415376783]], '동', 0.3233185664566953), ([[1437.9777567815975, 2218.0307625745163], [1717.41826532629, 2275.5908545413495], [1681.0222432184025, 2417.9692374254837], [1401.58173467371, 2360.4091454586505]], '%@ )', 0.14931764004563708), ([[1351.1236198460997, 2336.029573722277], [1558.848832069458, 2404.023256604699], [1519.8763801539003, 2509.970426277723], [1312.151167930542, 2441.976743395301]], '33 ', 0.08027796447277069)]
[([[881, 96], [967, 96], [967, 249], [881, 249]], '<', 0.4961885840747412), ([[1134, 236], [1228, 236], [1228, 289], [1134, 289]], '`*아*', 0.0057541849091649055), ([[1607, 257], [1698, 257], [1698, 312], [1607, 312]], '0*아5;', 0.0013992280238768254), ([[1166, 567], [1232, 567], [1232, 616], [1166, 616]], '@주', 0.002392701464941376), ([[1481, 635], [1574, 635], [1574, 688], [1481, 688]], '`아', 0.05175181812690396), ([[1271, 700], [1363, 700], [1363, 755], [1271, 755]], '처*아곤', 4.050986535730772e-05), ([[1468.951362344004, 163.07899147042664], [1567.3499554786686, 177.0541443655661], [1555.048637655996, 242.92100852957336], [1457.6500445213314, 227.9458556344339]], '건돌아*', 7.52124105929397e-05), ([[1692.9355997102225, 446.08139811644565], [1800.5286453207093, 462.4747692627445], [1788.0644002897775, 524.9186018835543], [1681.4713546792907, 508.5252307372555]], '중일6', 0.00021434855613289476), ([[857.849552516729, 1272.0441827174764], [1035.722934188114, 1305.9435094923965], [1007.150447483271, 1431.9558172825236], [829.2770658118859, 1397.0564905076035]], '질컷', 0.0980132149489786), ([[707.9581210524973, 1294.0388221034632], [893.1890670665656, 1336.304415913474], [862.0418789475027, 1455.9611778965368], [675.8109329334344, 1413.695584086526]], '질컷', 0.14308072459046356)]
[([[822, 183], [1199, 183], [1199, 415], [822, 415]], '{@해"', 0.04864261671900749), ([[1681, 338], [1754, 338], [1754, 431], [1681, 431]], '8', 0.8453927688588578), ([[1626, 436], [1737, 436], [1737, 544], [1626, 544]], '@)', 0.3982733867079446), ([[814, 1324], [1017, 1324], [1017, 1501], [814, 1501]], '꾸춧', 0.06952196821954948), ([[55.8243699325847, 1147.0483234831559], [451.8502425365465, 1048.3735065036494], [525.1756300674153, 1469.9516765168441], [128.14975746345348, 1569.6264934963506]], '평', 0.2735306853520605), ([[921.8912545684402, 1200.036194897135], [1095.3704149095465, 1242.7370566910934], [1055.1087454315598, 1386.963805102865], [882.6295850904535, 1343.2629433089066]], '꾸모', 0.23958999523851826)]
[([[1610, 280], [1728, 280], [1728, 342], [1610, 342]], '아:0', 0.03786018154626516), ([[950, 509], [1092, 509], [1092, 584], [950, 584]], '@:', 0.12533704876092136), ([[1616, 689], [1704, 689], [1704, 762], [1616, 762]], '0', 0.38667453365664883), ([[1555, 833], [1657, 833], [1657, 912], [1555, 912]], '아낭', 0.005942454218599575), ([[236, 902], [585, 902], [585, 1054], [236, 1054]], '품동젊  ', 0.008199000688197318), ([[653, 1130], [732, 1130], [732, 1223], [653, 1223]], '뜻', 0.5073133848065972), ([[846, 1141], [899, 1141], [899, 1242], [846, 1242]], '움', 0.32792967737464707), ([[227, 1188], [396, 1188], [396, 1302], [227, 1302]], '진동', 0.01349285722174266), ([[1415.043064939372, 77.05743899678819], [1509.618533879398, 107.55911050465893], [1485.956935060628, 175.9425610032118], [1391.381466120602, 145.44088949534108]], "'일@드", 0.0051522282883524895), ([[1291.801556964576, 702.0902759662018], [1385.0926787693236, 715.2994719464399], [1373.198443035424, 783.9097240337982], [1278.9073212306764, 770.7005280535601]], '0%', 0.13223307918939275), ([[449.39090974857226, 737.1709140891492], [840.3187384525602, 684.9969355489524], [848.6090902514278, 852.8290859108508], [457.6812615474398, 906.0030644510476]], ')학적% 야', 0.006459659559768677), ([[388.00496280979, 1360.0496280979], [559.6948345761716, 1395.5484326359106], [537.99503719021, 1479.9503719021], [366.30516542382844, 1444.4515673640894]], '핵팎{', 0.0014450173349089364), ([[426.00294551449844, 1445.0382916884794], [678.6491579982759, 1490.0001996842034], [652.9970544855016, 1600.9617083115206], [400.3508420017241, 1555.9998003157966]], '요지적', 0.04355224042432306)]
[([[1075, 119], [1163, 119], [1163, 227], [1075, 227]], '', 0.0), ([[1588, 724], [1750, 724], [1750, 817], [1588, 817]], '묶움 ', 0.04349355053788187), ([[1642, 787], [1755, 787], [1755, 871], [1642, 871]], '두로;', 0.16831394027144753), ([[686, 1042], [719, 1042], [719, 1077], [686, 1077]], '0', 0.8618437408996762), ([[1575, 983], [1763, 983], [1763, 1140], [1575, 1140]], '털:', 0.030645848139994124), ([[869, 1342], [1052, 1342], [1052, 1478], [869, 1478]], '질셋', 0.09673169146861155), ([[1397, 2128], [1514, 2128], [1514, 2221], [1397, 2221]], '7)', 0.14156636581916493), ([[1213, 2178], [1482, 2178], [1482, 2461], [1213, 2461]], '퍽;', 0.01115809236866701), ([[1525.6589016756463, 126.00581909643802], [1597.300164986002, 106.00450596612762], [1685.3410983243537, 438.994180903562], [1613.699835013998, 458.9954940338724]], '%', 0.042444761300688194), ([[456.67614845191, 798.008746360335], [501.28404137142945, 785.0067270628382], [560.32385154809, 994.991253639665], [515.7159586285705, 1007.9932729371618]], '{', 0.07074680588932214), ([[1527.2134888770931, 862.1000510061281], [1630.7538787603653, 801.017770280256], [1723.7865111229069, 982.8999489938719], [1619.2461212396347, 1044.982229719744]], '못', 0.04665123893868306), ([[679.3128932627759, 940.0295618482005], [737.5045781663028, 927.1427584648628], [765.6871067372241, 1071.9704381517995], [707.4954218336972, 1083.857241535137]], '8', 0.5932395547035618), ([[735.8655317593773, 1356.0460406403408], [909.7350274211403, 1386.1845828539301], [884.1344682406227, 1506.9539593596592], [711.2649725788597, 1476.8154171460699]], '질철', 0.8230033126439987), ([[1451.2339143690317, 2139.013342391213], [1691.8112776956968, 2322.124558245905], [1577.7660856309683, 2469.986657608787], [1337.1887223043032, 2286.875441754095]], '또', 0.029793512418413437)]
[([[1458, 165], [1565, 165], [1565, 240], [1458, 240]], "'야:", 0.13825243819787747), ([[1136, 236], [1228, 236], [1228, 289], [1136, 289]], '`*아역', 0.005522560328245163), ([[1631, 257], [1698, 257], [1698, 312], [1631, 312]], '아5', 0.007255070887081576), ([[1124, 555], [1213, 555], [1213, 617], [1124, 617]], '뵙*6', 0.0012186002273969789), ([[1412, 550], [1503, 550], [1503, 610], [1412, 610]], '러하6', 0.0018121141976150553), ([[1238, 673], [1320, 673], [1320, 728], [1238, 728]], '양야', 0.0023673432335519066), ([[728, 795], [882, 795], [882, 939], [728, 939]], '@', 0.9265791237529051), ([[1578, 2728], [1699, 2728], [1699, 2865], [1578, 2865]], '콩', 0.9846089651376957), ([[1435.840687387102, 247.04486729361537], [1611.537215566755, 277.5390562067759], [1584.159312612898, 405.95513270638463], [1408.462784433245, 374.4609437932241]], '@월;', 0.019614530933755182), ([[1693.8853729282278, 449.0893121550115], [1797.5383628439577, 464.50003773613383], [1786.1146270717722, 524.9106878449885], [1682.4616371560423, 508.49996226386617]], '중곤6', 0.0012266879474243481), ([[884.849552516729, 980.0441827174762], [1059.7831444433114, 1016.0818136853578], [1030.1504474832711, 1139.9558172825236], [855.2168555566888, 1103.918186314642]], '%절', 0.12240304296060751), ([[1487.8837011276755, 1024.0415951108532], [1664.8302771258832, 1062.1928118145463], [1633.1162988723245, 1187.9584048891468], [1456.1697228741168, 1149.8071881854537]], "'@절젊", 0.03465310111641884), ([[1560.9055012740346, 2440.0352697475364], [1797.9745357924965, 2485.185001615284], [1764.0944987259654, 2628.9647302524636], [1527.0254642075035, 2583.814998384716]], '풀6', 0.054709549860314705), ([[1509.277690697157, 2529.0144983592054], [1804.9705958684074, 2679.9715622846393], [1732.722309302843, 2813.9855016407946], [1437.0294041315926, 2663.0284377153607]], '%6 %', 0.08430239805619023)]
[([[1412, 20], [1654, 20], [1654, 159], [1412, 159]], '@@히&', 0.03581436723470688), ([[929, 266], [1113, 266], [1113, 427], [929, 427]], ')및', 0.010701308822520664), ([[1698, 1189], [1764, 1189], [1764, 1249], [1698, 1249]], '()', 0.4568368026168682), ([[971.1969931322074, 358.02016333092615], [1132.9789045765726, 478.1786544376528], [1048.8030068677926, 588.9798366690738], [887.0210954234274, 468.8213455623472]], '셋', 0.029470442153844978), ([[954.334951748588, 561.2101960161041], [1052.7972439274615, 486.01870434507055], [1163.6650482514121, 657.7898039838959], [1065.2027560725385, 732.9812956549295]], '돌', 0.8639575881334736), ([[380.30194219161325, 668.012827611881], [610.7005873903026, 845.6402334519117], [507.69805780838675, 977.987172388119], [278.29941260969736, 799.3597665480883]], '시', 0.0044247287434240334), ([[1642.4385954246034, 1020.017526793654], [1706.8862959345197, 1004.043746345907], [1750.5614045753966, 1197.982473206346], [1686.1137040654803, 1213.956253654093]], '문', 0.19470418940774525), ([[1533.170046877339, 1134.0143547551002], [1769.9789247751678, 1307.994432186848], [1647.829953122661, 1470.9856452448998], [1412.0210752248322, 1297.005567813152]], '셋', 0.052519480615714764), ([[897.9866830797658, 1219.0428603412367], [1025.4319105346242, 1263.3515179144817], [989.0133169202342, 1360.9571396587633], [861.5680894653758, 1315.6484820855183]], '꾸소', 0.01351597868786021), ([[835.0466912405313, 1298.0350008712255], [1034.6365884152985, 1350.9476839576573], [1001.9533087594687, 1459.9649991287745], [802.3634115847015, 1407.0523160423427]], ';구)', 0.012119736152138532), ([[1615.164270220762, 1339.0145553358689], [1858.996938392797, 1508.6166623259937], [1741.835729779238, 1673.9854446641311], [1498.003061607203, 1504.3833376740063]], '사', 0.026921496259548983)]
[([[1326, 57], [1459, 57], [1459, 178], [1326, 178]], '(징', 0.03581079094514159), ([[1574, 195], [1712, 195], [1712, 283], [1574, 283]], '@히', 0.7313465933608861), ([[1046, 283], [1138, 283], [1138, 391], [1046, 391]], "'해", 0.9780451543094696), ([[1646, 451], [1710, 451], [1710, 529], [1646, 529]], '히', 0.21215018073702652), ([[1085, 505], [1218, 505], [1218, 626], [1085, 626]], '@0', 0.0030284022276994994), ([[1569, 572], [1697, 572], [1697, 694], [1569, 694]], '7월', 0.3009831142858919), ([[173, 821], [310, 821], [310, 958], [173, 958]], '평', 0.3132988664995686), ([[589, 810], [713, 810], [713, 924], [589, 924]], '잠포', 0.07709712556306526), ([[634, 902], [747, 902], [747, 988], [634, 988]], '주', 0.6472599287258731), ([[69, 969], [261, 969], [261, 1139], [69, 1139]], '행', 0.2860789974244007), ([[659, 1149], [859, 1149], [859, 1240], [659, 1240]], '푹 쭉', 0.08191277086734772), ([[1076, 1128], [1191, 1128], [1191, 1229], [1076, 1229]], '꼭월', 0.22573143552507752), ([[1602, 1143], [1745, 1143], [1745, 1221], [1602, 1221]], "'파싹", 0.0327518230374385), ([[1577, 1224], [1684, 1224], [1684, 1279], [1577, 1279]], '파악', 0.30564848375364373), ([[831, 1281], [930, 1281], [930, 1358], [831, 1358]], '질?', 0.03726595568804843), ([[364, 1316], [484, 1316], [484, 1404], [364, 1404]], '즈품', 0.3855614465467911), ([[1192, 1311], [1354, 1311], [1354, 1426], [1192, 1426]], '두준', 0.32947125087266954), ([[1382, 1324], [1544, 1324], [1544, 1427], [1382, 1427]], '두군', 0.6087914820036547), ([[402, 1403], [520, 1403], [520, 1496], [402, 1496]], "스품'", 0.3644017394730126), ([[1268, 1403], [1395, 1403], [1395, 1496], [1268, 1496]], '두군', 0.6623787249327222), ([[1465, 1407], [1585, 1407], [1585, 1506], [1465, 1506]], '두', 0.38316124321369216), ([[1324, 1472], [1544, 1472], [1544, 1679], [1324, 1679]], '두록', 0.13558930506222477), ([[1016.8760230778192, 991.0395277050332], [1230.0407756652369, 1033.5433465028443], [1198.1239769221809, 1164.9604722949668], [984.9592243347632, 1122.4566534971557]], '7월', 0.014806494326318734), ([[756.9426902392719, 1361.0701767945388], [858.4179346968635, 1383.0042956031898], [841.0573097607281, 1451.9298232054612], [739.5820653031365, 1430.9957043968102]], '질철', 0.3517155219737288)]
[([[950, 275], [1169, 275], [1169, 458], [950, 458]], '대록', 0.00990806452471905), ([[933, 441], [1096, 441], [1096, 557], [933, 557]], '대로', 0.025973241940452634), ([[1020, 516], [1144, 516], [1144, 615], [1020, 615]], '품', 0.5873462711608823), ([[997, 594], [1216, 594], [1216, 777], [997, 777]], '푹출', 0.09890734557883994), ([[648, 938], [672, 938], [672, 967], [648, 967]], '5', 0.2963567977945445), ([[2, 1022], [235, 1022], [235, 1143], [2, 1143]], '# 0 ', 0.003336510853841901), ([[690, 1149], [790, 1149], [790, 1233], [690, 1233]], '뜻', 0.2963644555652678), ([[814, 1158], [880, 1158], [880, 1231], [814, 1231]], '쥐', 0.3998614313972304), ([[1574, 1127], [1728, 1127], [1728, 1213], [1574, 1213]], '파악', 0.5536047427562693), ([[1543, 1212], [1665, 1212], [1665, 1276], [1543, 1276]], '파악', 0.40785690858059687), ([[151, 1274], [325, 1274], [325, 1378], [151, 1378]], '힘', 0.012376787557730973), ([[765, 1326], [861, 1326], [861, 1401], [765, 1401]], '질철', 0.8406598946105239), ([[1177, 1312], [1547, 1312], [1547, 1444], [1177, 1444]], '표컷 표', 0.023865408947707483), ([[1261, 1411], [1391, 1411], [1391, 1511], [1261, 1511]], '두촌', 0.17354968292911072), ([[1459, 1420], [1587, 1420], [1587, 1517], [1459, 1517]], '듯군', 0.5988250367484942), ([[1582.6171391497817, -2.992668190697124], [1654.3287695417177, -23.994594068217015], [1741.3828608502183, 277.99266819069715], [1669.6712304582823, 299.994594068217]], '달', 0.002481823270476538), ([[610.8411189960366, 176.03734443856774], [715.6057173611608, 105.01019437352397], [873.1588810039634, 366.96265556143226], [768.3942826388392, 437.989805626476]], '%', 0.204368252937698), ([[613.3434461773846, 231.0154035782934], [782.5150875023958, 377.34727364800113], [701.6565538226154, 471.9845964217066], [533.4849124976042, 324.65272635199887]], '일0', 0.018732225310656117), ([[567.6891957046549, 729.0069033547366], [623.3152028281072, 734.3939545971342], [599.3108042953451, 967.9930966452634], [543.6847971718928, 961.6060454028658]], "'", 0.49712381541684536), ([[646.3446046887868, 863.0359026679606], [691.3015827469119, 855.1428776388963], [709.6553953112132, 965.9640973320394], [664.6984172530881, 974.8571223611037]], '8', 0.8757069444704122), ([[1014.9055012740346, 999.0352697475362], [1256.0466212949598, 1045.386984320693], [1222.0944987259654, 1187.9647302524638], [980.9533787050402, 1141.613015679307]], '꾸울', 0.03650507648963818), ([[1092.0196811266567, 1138.0401097452122], [1261.5258501392018, 1182.6601229710268], [1231.9803188733433, 1283.9598902547878], [1062.4741498607982, 1240.3398770289732]], '씹움', 0.013560450431734058), ([[850.9563638994289, 1234.0683656356596], [952.63194973521, 1261.601387226077], [934.0436361005711, 1325.9316343643404], [832.36805026479, 1299.398612773923]], '질천', 0.8650912889697223), ([[1308.2456051097763, 1505.0700638722053], [1448.9614771940303, 1435.2002373217222], [1547.7543948902237, 1673.9299361277947], [1407.0385228059697, 1743.7997626782778]], '돌', 0.991229655977893)]
[([[1675, 2759], [2076, 2759], [2076, 2880], [1675, 2880]], "84 7'라.", 0.0025889437620711243)]
[([[1496, 180], [1574, 180], [1574, 229], [1496, 229]], '히아', 0.027787541528177716), ([[1605, 244], [1677, 244], [1677, 286], [1605, 286]], '0*아+', 0.00227915495634079), ([[1667, 394], [1747, 394], [1747, 442], [1667, 442]], '히하!', 0.01192267820181543), ([[1177, 599], [1252, 599], [1252, 649], [1177, 649]], '히&', 0.009918992127360558), ([[1475, 663], [1521, 663], [1521, 700], [1475, 700]], '핵', 0.014486669956213838), ([[1284, 707], [1362, 707], [1362, 760], [1284, 760]], '양6', 0.0023642159395722163), ([[480, 919], [534, 919], [534, 959], [480, 959]], '9', 0.9995288211938522), ([[1589, 829], [1720, 829], [1720, 950], [1589, 950]], "'유월", 0.035734030634581776), ([[605, 934], [632, 934], [632, 967], [605, 967]], '0', 0.8823413746000917), ([[1077, 1158], [1181, 1158], [1181, 1244], [1077, 1244]], '@월', 0.06383841313731217), ([[1591, 1143], [1736, 1143], [1736, 1223], [1591, 1223]], '파약', 0.5971818334158207), ([[839, 1196], [988, 1196], [988, 1289], [839, 1289]], '0', 0.35220243998148604), ([[1558, 1223], [1674, 1223], [1674, 1285], [1558, 1285]], '또악', 0.133529483492776), ([[1234, 1330], [1542, 1330], [1542, 1434], [1234, 1434]], '두로  두중', 0.12346512980286115), ([[1303, 1407], [1428, 1407], [1428, 1486], [1303, 1486]], '두군', 0.2405210899720884), ([[1469, 1408], [1575, 1408], [1575, 1494], [1469, 1494]], '두군', 0.683727348123433), ([[1349, 1466], [1539, 1466], [1539, 1643], [1349, 1643]], '두월', 0.054137827213879886), ([[272, 1969], [483, 1969], [483, 2097], [272, 2097]], '주_륙드', 0.13824886083602905), ([[498, 2231], [681, 2231], [681, 2345], [498, 2345]], '묶록', 0.05094003417136808), ([[279, 2478], [412, 2478], [412, 2575], [279, 2575]], '돈륭<', 0.007243076705633327), ([[611.8766329066244, 180.03715689002811], [715.5759403763178, 108.0097588986228], [873.1233670933756, 364.9628431099719], [769.4240596236822, 436.9902411013772]], '8', 0.44830390928879993), ([[1209.8853729282278, 176.08931215501147], [1312.508186783757, 191.42250028366055], [1301.1146270717722, 251.91068784498853], [1198.491813216243, 236.57749971633945]], '프돌아냐', 0.00011995715613011271), ([[603.3555226651007, 226.0148418326856], [781.4723316435008, 377.19260192683674], [703.6444773348993, 470.9851581673144], [524.5276683564992, 319.80739807316326]], '흰쓰0', 0.1720219182859627), ([[1431.9204087619014, 293.04490514281656], [1589.2713318709796, 333.7087980573875], [1559.0795912380986, 438.95509485718344], [1401.7286681290204, 399.2912019426125]], ';결:', 0.022516731225023366), ([[988.9633121103225, 489.0414013790304], [1149.2194367516713, 529.5631807032622], [1118.0366878896775, 639.9585986209696], [956.7805632483287, 599.4368192967378]], '@결;', 0.04528310429634048), ([[425.37907126708035, 747.0160754546503], [597.6320090555824, 879.0510399577397], [533.6209287329197, 963.9839245453497], [361.36799094441756, 830.9489600422603]], '내선흘', 0.005376244013087739), ([[611.3829424939203, 840.0272501812993], [664.1157070251376, 835.3273855361048], [673.6170575060797, 966.9727498187007], [620.8842929748624, 971.6726144638952]], '8', 0.9725825139317443), ([[1023.9095726578993, 1031.0425300211107], [1182.8315512971749, 1067.4007776157782], [1152.0904273421008, 1186.9574699788893], [992.1684487028251, 1150.5992223842218]], '4육', 0.03378223311475078), ([[769.860333073146, 1370.0591975022014], [921.313587594138, 1397.1750933425712], [902.139666926854, 1487.9408024977986], [749.686412405862, 1460.8249066574288]], '무"', 0.01773477700762345)]
[([[890, 68], [1015, 68], [1015, 194], [890, 194]], '평', 0.32520916670308964), ([[1688, 421], [1772, 421], [1772, 498], [1688, 498]], '0', 0.13915125263112316), ([[319, 778], [436, 778], [436, 866], [319, 866]], '존푹', 0.31878061686240255), ([[359, 863], [479, 863], [479, 954], [359, 954]], '손품', 0.07474484669707458), ([[1003, 829], [1177, 829], [1177, 942], [1003, 942]], '오육0', 0.1245950271408), ([[612, 974], [770, 974], [770, 1062], [612, 1062]], "'찌국", 0.16206945478916168), ([[679, 1151], [884, 1151], [884, 1242], [679, 1242]], '뭐고', 0.00904848612129739), ([[1593, 1125], [1734, 1125], [1734, 1203], [1593, 1203]], '파야', 0.5087311396649983), ([[1564, 1204], [1673, 1204], [1673, 1261], [1564, 1261]], '따악', 0.43635310219386314), ([[883, 1240], [1043, 1240], [1043, 1340], [883, 1340]], '품0', 0.1438428836396527), ([[374, 1298], [551, 1298], [551, 1391], [374, 1391]], '{계적 ', 0.08607146888971329), ([[1265, 1333], [1560, 1333], [1560, 1434], [1265, 1434]], '두군  두군', 0.25718426636600417), ([[931, 1385], [1082, 1385], [1082, 1478], [931, 1478]], '푸취', 0.08045450222028613), ([[1332, 1411], [1450, 1411], [1450, 1488], [1332, 1488]], '두립', 0.39692753909111567), ([[1492, 1418], [1594, 1418], [1594, 1493], [1492, 1493]], '두군', 0.9410431060980239), ([[751, 1440], [911, 1440], [911, 1548], [751, 1548]], "뜻'", 0.021999202385232532), ([[1374, 1468], [1562, 1468], [1562, 1640], [1374, 1640]], '두', 0.04520225444322534), ([[793, 1582], [948, 1582], [948, 1684], [793, 1684]], '뜻', 0.05699525652236859), ([[274, 1967], [534, 1967], [534, 2096], [274, 2096]], '주_트어', 0.0696190744638443), ([[277, 2474], [439, 2474], [439, 2579], [277, 2579]], '돕록어', 0.030049136218956076), ([[1162.5450600950517, 106.10640864635147], [1219.6086257045056, 58.01853844610845], [1321.4549399049483, 193.89359135364853], [1264.3913742954944, 241.98146155389156]], '{', 0.5905261539132347), ([[285.98784845090586, 36.01601104862519], [679.8178805364673, 158.38267795425796], [590.0121515490941, 415.98398895137484], [196.18211946353273, 293.617322045742]], '18', 0.007163263393354021), ([[1600.8239833327127, 159.06304499422885], [1676.5655971585352, 129.11198339746], [1727.1760166672873, 273.93695500577115], [1651.4344028414648, 303.88801660254]], '올', 0.08934707640673256), ([[1169.7894562468896, 553.0735412244948], [1233.660804172574, 519.0218569941342], [1299.2105437531104, 654.9264587755052], [1234.339195827426, 689.9781430058658]], '~', 0.10586898154344127), ([[572.0370214010771, 765.0665540877558], [698.8492802186668, 793.555229953875], [683.9629785989229, 850.9334459122442], [557.1507197813332, 823.444770046125]], '사질 `', 0.012234271503984928), ([[602.8484673703015, 825.0604400178645], [784.4237450537449, 849.4863780717714], [767.1515326296985, 941.9395599821355], [585.5762549462551, 916.5136219282286]], '예경', 0.003934422873825043), ([[1090.1139757886835, 1017.0261908287516], [1291.8082799249646, 1095.6094256623376], [1241.8860242113165, 1215.9738091712484], [1039.1917200750354, 1136.3905743376624]], '\'섞울"', 0.0035814910661429167), ([[1159.206640349326, 1141.0350359473848], [1290.9541286612514, 1198.0924869600083], [1256.793359650674, 1271.9649640526152], [1125.0458713387486, 1214.9075130399917]], '허3"', 0.028006106285017582), ([[359.101167723432, 1230.0677069746514], [456.8242312843477, 1254.5583585929833], [441.898832276568, 1307.9322930253486], [344.1757687156523, 1282.4416414070167]], '사혜적', 0.01025547097893101), ([[362.0370214010772, 1364.0665540877558], [474.85482293654974, 1393.5817607717483], [457.9629785989228, 1449.9334459122442], [345.14517706345026, 1420.4182392282517]], '{후?', 0.017541645093193933), ([[387.12613958504915, 1422.0478702239475], [548.853665352632, 1457.4768649013076], [529.8738604149509, 1528.9521297760525], [368.14633464736806, 1492.5231350986924]], '8찌권 [', 0.011819222638010864), ([[504.24844317292917, 2246.1403476721607], [673.2186368184034, 2233.9986055611735], [673.7515568270708, 2329.8596523278393], [505.78136318159653, 2343.0013944388265]], '주름어', 0.39898419164951454)]
[([[73, 725], [246, 725], [246, 829], [73, 829]], '표다', 0.031049032934470207), ([[24, 1111], [207, 1111], [207, 1219], [24, 1219]], '듭30', 0.04894630618964943), ([[720, 1143], [775, 1143], [775, 1210], [720, 1210]], '뜻', 0.6108130268945757), ([[856, 1159], [887, 1159], [887, 1218], [856, 1218]], '움', 0.040376481581493096), ([[1591, 1128], [1738, 1128], [1738, 1205], [1591, 1205]], '파야', 0.16798493701289477), ([[1067, 1162], [1198, 1162], [1198, 1263], [1067, 1263]], '내육', 0.017885722967838687), ([[1561, 1207], [1676, 1207], [1676, 1267], [1561, 1267]], '따악', 0.41537325498632455), ([[822, 1265], [915, 1265], [915, 1338], [822, 1338]], '질컷', 0.17683691217505004), ([[202, 1348], [392, 1348], [392, 1470], [202, 1470]], '똑뉴"', 0.0010246326004234004), ([[1231, 1344], [1544, 1344], [1544, 1448], [1231, 1448]], '무릇 듯로', 0.004841059736188254), ([[1295, 1421], [1415, 1421], [1415, 1507], [1295, 1507]], '두', 0.9685142522795473), ([[1470, 1431], [1574, 1431], [1574, 1511], [1470, 1511]], '두군', 0.25755364622075566), ([[466, 2007], [521, 2007], [521, 2071], [466, 2071]], '0', 0.07612183306173748), ([[285, 2481], [407, 2481], [407, 2574], [285, 2574]], '순음', 0.02387329472607058), ([[1230.7881500207093, 6.034995358271605], [1369.4472090351453, -58.95007365162695], [1485.2118499792907, 220.9650046417284], [1345.5527909648547, 286.95007365162695]], '가', 0.003719950538365046), ([[1527.6600605310314, 128.00577961232406], [1596.3010682791296, 109.0045331328996], [1684.3399394689686, 441.9942203876759], [1614.6989317208704, 460.9954668671004]], '용', 0.026538604678315814), ([[486.7237954279003, 741.0063607854366], [533.47221491252, 735.0186111080792], [561.2762045720997, 969.9936392145634], [514.52778508748, 974.9813888919208]], "'", 0.1095805723361929), ([[445.01941932430907, 942.0970966215453], [525.7607539553122, 957.471856755085], [514.9805806756909, 1001.9029033784547], [435.23924604468783, 986.528143244915]], '압력', 0.034682043792101436), ([[1008.9427133238818, 1017.0349711906147], [1234.231078345524, 1066.099566097527], [1199.0572866761183, 1199.9650288093853], [973.7689216544759, 1149.900433902473]], '?울', 0.016072086297150553), ([[746.8686291501015, 1345.0804040507107], [845.2418955525842, 1361.600742903889], [831.1313708498985, 1430.9195959492893], [732.7581044474158, 1414.399257096111]], '질철', 0.625201077891964), ([[1336.3703565712347, 1501.0739222835814], [1455.184603883705, 1442.1330610939842], [1541.6296434287653, 1646.9260777164186], [1422.815396116295, 1706.8669389060158]], '돌', 0.9349460787418593), ([[281.2356553232105, 1983.1202838594368], [474.90413560238346, 1969.921876889681], [475.7643446767895, 2081.8797161405632], [282.09586439761654, 2095.078123110319]], '주_록드', 0.11388276517391205), ([[509.3009308349235, 2249.1453988425565], [670.409873424523, 2236.5894520625448], [672.6990691650765, 2326.8546011574435], [510.59012657547703, 2339.4105479374552]], '주름0', 0.008304069310361607)]
[([[1305, 65], [1422, 65], [1422, 173], [1305, 173]], '@월', 0.022562814531383802), ([[1039, 528], [1103, 528], [1103, 590], [1039, 590]], '하', 0.9987217698895989), ([[1064, 574], [1131, 574], [1131, 622], [1064, 622]], '아', 0.9954542439118086), ([[1063, 687], [1114, 687], [1114, 729], [1063, 729]], '9', 0.7488782960076747), ([[1143, 760], [1257, 760], [1257, 875], [1143, 875]], '7굴', 0.01653271056560913), ([[647, 1106], [738, 1106], [738, 1213], [647, 1213]], '뜻', 0.540658383015117), ([[826, 1105], [928, 1105], [928, 1220], [826, 1220]], '쥐', 0.6212687628469702), ([[1595, 1152], [1740, 1152], [1740, 1229], [1595, 1229]], '파야', 0.5559629935098983), ([[1566, 1231], [1678, 1231], [1678, 1288], [1566, 1288]], '따악', 0.2074162855877932), ([[1217, 1334], [1543, 1334], [1543, 1444], [1217, 1444]], '두준  두준', 0.09892071773070066), ([[1286, 1415], [1402, 1415], [1402, 1501], [1286, 1501]], '두군', 0.8022862678419517), ([[1464, 1419], [1575, 1419], [1575, 1505], [1464, 1505]], '두', 0.7387393122828598), ([[1337, 1481], [1536, 1481], [1536, 1666], [1337, 1666]], '푹월', 0.033686806063821385), ([[273, 1965], [536, 1965], [536, 2098], [273, 2098]], '주_름어', 0.10190556198358536), ([[180, 2194], [339, 2194], [339, 2271], [180, 2271]], '팬름0', 0.25655738394678756), ([[504, 2235], [678, 2235], [678, 2338], [504, 2338]], '료름이', 0.03830745923778394), ([[613, 2417], [824, 2417], [824, 2519], [613, 2519]], '-름0', 0.07063137831186474), ([[279, 2476], [439, 2476], [439, 2575], [279, 2575]], '돕록어', 0.009700827137582439), ([[1546.5440247564018, 75.1185510140502], [1601.6599829873244, 37.02423137238697], [1672.4559752435982, 153.88144898594982], [1616.3400170126756, 190.97576862761304]], '향', 0.634142283657301), ([[1017.2529859069947, 175.51074926518083], [1092.7897011204375, 104.0222901682579], [1202.7470140930054, 238.48925073481917], [1127.2102988795625, 308.9777098317421]], '총', 0.028122068075063567), ([[612.8766329066244, 181.03715689002811], [715.5778970972466, 109.00982534095091], [873.1233670933756, 365.9628431099719], [769.4221029027534, 436.9901746590491]], '8', 0.22033836379663185), ([[1005.0539410037902, 259.0248790720148], [1122.616077185768, 208.0105461755734], [1228.9460589962098, 484.9751209279852], [1111.383922814232, 535.9894538244266]], '톤', 0.11208749124566353), ([[603.3495404090654, 227.01511879490707], [782.5321593749236, 375.41103599186806], [705.6504595909346, 469.9848812050929], [525.4678406250764, 321.58896400813194]], '흰쓰0', 0.11603041996532079), ([[1532.0578369393377, 485.04945092370735], [1655.6436857228598, 519.492671317033], [1630.9421630606623, 597.9505490762926], [1507.3563142771402, 562.507328682967]], '@권', 0.08515025491305456), ([[989.9733597974953, 1022.0376932459353], [1187.3894339123171, 1068.9106162435287], [1156.0266402025047, 1185.9623067540647], [957.6105660876829, 1139.0893837564713]], '꾸울의', 0.05854773597118357), ([[1049.8484673703015, 1132.0604400178645], [1158.9249623309752, 1159.2570976471445], [1134.1515326296985, 1248.9395599821355], [1026.0750376690248, 1222.7429023528555]], '대월', 0.1846346849296742), ([[877.9370368086799, 1225.0514791294029], [1027.189651222161, 1252.8562085029878], [1005.0629631913201, 1349.9485208705971], [856.8103487778388, 1322.1437914970122]], '질철', 0.17689540145584012), ([[758.851451120269, 1351.0550916507966], [905.0024594516683, 1378.2098135720628], [882.148548879731, 1478.9449083492034], [735.9975405483317, 1451.7901864279372]], '질철', 0.8430590754761963)]
[([[835, 189], [1034, 189], [1034, 326], [835, 326]], '소_', 0.04874851329553273), ([[945, 283], [1095, 283], [1095, 396], [945, 396]], '무러', 0.11943447031445485), ([[1164, 1326], [1623, 1326], [1623, 1479], [1164, 1479]], '주군  주준', 0.17013568544636068), ([[1265, 1445], [1427, 1445], [1427, 1567], [1265, 1567]], '두군', 0.3119259638565772), ([[1517, 1452], [1681, 1452], [1681, 1573], [1517, 1573]], '두군', 0.42030030464010404), ([[1349, 1549], [1560, 1549], [1560, 1699], [1349, 1699]], '두군', 0.20182973992129977), ([[1452, 1668], [1612, 1668], [1612, 1789], [1452, 1789]], '두군', 0.1607460406909182), ([[1574.4547863289497, 189.02126501055528], [1627.0224717767614, 178.0750775119337], [1655.5452136710503, 330.9787349894447], [1602.9775282232386, 340.9249224880663]], '홍', 0.0553853921541112), ([[887.1990922948969, 320.01394886354103], [1126.94774430598, 495.4504738571525], [1009.8009077051031, 652.986051136459], [770.0522556940201, 477.5495261428475]], '_', 0.3302871441127344), ([[873.4098478935136, 621.1345397777305], [1017.8112608327976, 515.013166349832], [1171.5901521064864, 766.8654602222695], [1027.1887391672024, 872.986833650168]], '돌', 0.0019609239431259834)]
[([[120, 2269], [473, 2269], [473, 2366], [120, 2366]], '총학생회장', 0.9862802478138029), ([[129, 2379], [1016, 2379], [1016, 2460], [129, 2460]], "'후후후 . 정말 기분 중앉어요 선생님", 0.45442372944702775), ([[1065, 2381], [1785, 2381], [1785, 2462], [1065, 2462]], '제 몸도 마음도 전부 선생님의', 0.9220354694315762), ([[105, 2448], [1760, 2448], [1760, 2537], [105, 2537]], '따스한 온기로 가득 차 있는 지금 이 순간이 저논 너무나 행복해요  !"', 0.46316882855097324)]
[([[120, 2269], [473, 2269], [473, 2368], [120, 2368]], '총학생회장', 0.9857207381490747), ([[195, 2393], [1732, 2393], [1732, 2480], [195, 2480]], "'저. . 부탁이 있어요 선생님 .. 부디 항홀히 넘처흐르는 이 환의가", 0.17727418196717593), ([[173, 2470], [938, 2470], [938, 2556], [173, 2556]], '제 기억속에 영원히 새겨지도록.', 0.8064452803544647)]
[([[118, 2266], [473, 2266], [473, 2368], [118, 2368]], '총학생회장', 0.9535492992142365), ([[217, 2390], [1360, 2390], [1360, 2536], [217, 2536]], '\'키스 . 해주시켓어요 ?"', 0.5337328113852506)]
[([[1476, 135], [1705, 135], [1705, 234], [1476, 234]], '뉴임 / /', 0.032957680341503835), ([[1373, 192], [1450, 192], [1450, 291], [1373, 291]], '춤', 0.9323651994680091), ([[1095, 335], [1246, 335], [1246, 443], [1095, 443]], '5출', 0.01808500298646651), ([[1708, 372], [1788, 372], [1788, 469], [1708, 469]], '춤', 0.504731571148259), ([[1590, 433], [1679, 433], [1679, 502], [1590, 502]], '흑%', 0.059513300964246355), ([[1173, 563], [1252, 563], [1252, 636], [1173, 636]], '축움', 0.3747734693343648), ([[1646, 526], [1739, 526], [1739, 612], [1646, 612]], '축원', 0.3976619344786861), ([[998, 645], [1107, 645], [1107, 700], [998, 700]], '@', 0.9999675753360862), ([[1582, 798], [1704, 798], [1704, 876], [1582, 876]], "@싹 '", 0.13117367029190063), ([[165, 845], [394, 845], [394, 968], [165, 968]], '씌우움-', 0.04385246815213298), ([[620, 1095], [711, 1095], [711, 1199], [620, 1199]], '질질', 0.33738425506110675), ([[503, 1151], [596, 1151], [596, 1255], [503, 1255]], '질철', 0.08035054375349546), ([[1121, 1245], [1414, 1245], [1414, 1346], [1121, 1346]], '유탕 두준', 0.04596269171224962), ([[1188, 1317], [1293, 1317], [1293, 1398], [1188, 1398]], '유', 0.33486230886978774), ([[1343, 1320], [1449, 1320], [1449, 1406], [1343, 1406]], '두군', 0.5595428457158428), ([[1228, 1376], [1415, 1376], [1415, 1548], [1228, 1548]], '두월', 0.17691971233320164), ([[154, 1664], [307, 1664], [307, 1789], [154, 1789]], '곧적', 0.4449793498377847), ([[621.1763617125874, 276.03397672230756], [742.9759742096768, 341.3072240132169], [700.8236382874126, 416.96602327769244], [579.0240257903232, 352.6927759867831]], '세야', 0.17788466297088806), ([[131.88356688803955, 399.04458610049426], [290.8062878219566, 434.34323482711125], [261.1164331119605, 551.9554138995057], [102.19371217804346, 517.6567651728888]], '팬함', 0.011724182604391733), ([[1073.261372548126, 467.21935293769167], [1170.5757233043391, 457.767824479839], [1173.738627451874, 519.7806470623083], [1076.4242766956609, 529.232175520161]], '으문', 0.030264801060852786), ([[504.8655317593773, 529.0460406403408], [660.6312231873206, 560.9624341997712], [632.1344682406227, 679.9539593596592], [476.3687768126793, 649.0375658002288]], '끈적', 0.4188215271698348), ([[1585.8239833327127, 646.0630449942289], [1715.6655636726773, 663.748630760514], [1699.1760166672873, 760.9369550057711], [1569.3344363273227, 743.251369239486]], "(6'", 0.5204357414324366), ([[540.8469063976223, 1782.0475674112306], [693.3905999719636, 1809.4828662485127], [668.1530936023777, 1930.9524325887694], [514.6094000280364, 1903.5171337514873]], '끈적', 0.9466768184609573), ([[318.8582834861003, 2105.0435136679134], [479.66956239966834, 2141.823992891716], [447.1417165138997, 2265.9564863320866], [286.33043760033166, 2229.176007108284]], '팬함', 0.005974951925755129)]
[([[1532, 146], [1717, 146], [1717, 236], [1532, 236]], '@@', 0.22011960175788203), ([[1401, 195], [1489, 195], [1489, 315], [1401, 315]], '초', 0.0647740887600321), ([[1099, 334], [1168, 334], [1168, 403], [1099, 403]], '5', 0.9391836886951666), ([[1180, 282], [1279, 282], [1279, 399], [1180, 399]], '틈', 0.06226362328201063), ([[1683, 344], [1791, 344], [1791, 459], [1683, 459]], '유', 0.012500161303220791), ([[1194, 548], [1287, 548], [1287, 632], [1194, 632]], '축7', 0.17198010466087246), ([[1609, 527], [1724, 527], [1724, 629], [1609, 629]], '축위', 0.039810838429222534), ([[983, 646], [1115, 646], [1115, 735], [983, 735]], '@', 0.9990904016385684), ([[271, 869], [419, 869], [419, 968], [271, 968]], '편)', 0.07571387273787857), ([[77, 937], [230, 937], [230, 1034], [77, 1034]], '또;', 0.08574666464617053), ([[126, 1118], [323, 1118], [323, 1253], [126, 1253]], '풍', 0.01508380191563874), ([[503, 1151], [596, 1151], [596, 1255], [503, 1255]], '질', 0.6531678775837158), ([[1130, 1249], [1491, 1249], [1491, 1434], [1130, 1434]], '푹출러등록', 0.03181651548780973), ([[1256, 1398], [1448, 1398], [1448, 1581], [1256, 1581]], '푹', 0.2746856266933264), ([[527, 1792], [678, 1792], [678, 1920], [527, 1920]], '끈적', 0.822853871727441), ([[619.1626153221722, 276.0351223338498], [741.958932064677, 338.0946425395748], [701.8373846778278, 414.9648776661502], [579.041067935323, 352.9053574604252]], '세야', 0.1808205108917452), ([[1540.7646218475907, 428.2820252056036], [1647.440167852927, 409.7131694769045], [1657.2353781524093, 484.7179747943964], [1550.559832147073, 504.2868305230955]], '흐움', 0.38881734136861046), ([[131.88356688803955, 399.04458610049426], [291.819016422678, 434.37213913150725], [262.1164331119605, 551.9554138995057], [102.18098357732202, 517.6278608684928]], '팬', 0.036300756160106085), ([[1071.7646218475907, 438.2820252056036], [1179.4392661904787, 418.7122459551795], [1188.2353781524093, 494.7179747943964], [1081.5607338095213, 514.2877540448205]], '으올', 0.05124118798731688), ([[504.87462134111564, 529.0453046298342], [660.6926754013296, 562.0927171088152], [632.1253786588843, 680.9546953701658], [476.3073245986705, 647.9072828911848]], '끈적', 0.1797170552581784), ([[1552.9722839463795, 844.058870333502], [1686.4599689917754, 868.9293445881704], [1669.0277160536205, 948.941129666498], [1534.5400310082246, 924.0706554118296]], "@싹'", 0.3560061644493035), ([[597.3155250617765, 1125.4096801976848], [645.7352391550074, 1080.0300823089092], [725.6844749382235, 1174.5903198023152], [677.2647608449926, 1219.9699176910908]], '연', 0.1297310854335345), ([[452.0593947347958, 1327.0741868292132], [566.8296908294859, 1349.5805970154295], [554.9406052652042, 1401.9258131707868], [440.1703091705141, 1380.4194029845705]], "'", 0.9960386722206103), ([[501.9604922764289, 1385.0602335772887], [649.7347199755051, 1416.8309755765524], [631.0395077235711, 1488.9397664227113], [483.26528002449487, 1458.1690244234476]], '(적 `', 0.043592799454927444), ([[168.90224000307964, 1656.0464320363399], [320.71742407087294, 1685.3695494724377], [295.09775999692033, 1799.9535679636601], [143.28257592912703, 1770.6304505275623]], '끈적', 0.3051960065607698), ([[316.87462134111564, 2108.0453046298344], [476.5064062150754, 2136.707957121608], [450.12537865888436, 2259.9546953701656], [290.4935937849246, 2230.292042878392]], '팬팩', 0.0253775393337334)]
[([[1674, 2756], [2076, 2756], [2076, 2880], [1674, 2880]], '84 7;랑.', 0.006509736335806725)]
[([[1403, 202], [1489, 202], [1489, 315], [1403, 315]], '춤', 0.9036619443014047), ([[1180, 282], [1279, 282], [1279, 399], [1180, 399]], '틈', 0.08317825264111978), ([[1704, 270], [1768, 270], [1768, 390], [1704, 390]], '3', 0.16647007350357867), ([[1195, 552], [1295, 552], [1295, 633], [1195, 633]], '축원', 0.020793100279069616), ([[637, 882], [692, 882], [692, 964], [637, 964]], '3', 0.5438707497548343), ([[632, 983], [661, 983], [661, 1016], [632, 1016]], '0', 0.7398085649640507), ([[655, 952], [706, 952], [706, 1016], [655, 1016]], '8,', 0.12372467182970968), ([[327, 1256], [545, 1256], [545, 1384], [327, 1384]], '주내', 0.06145503448661278), ([[1120, 1244], [1433, 1244], [1433, 1354], [1120, 1354]], '틈국 두준-', 0.04552285890383337), ([[1190, 1320], [1309, 1320], [1309, 1408], [1190, 1408]], '묶', 0.11605167616004852), ([[1357, 1332], [1464, 1332], [1464, 1412], [1357, 1412]], '두군', 0.7730977111541594), ([[313, 2136], [388, 2136], [388, 2233], [313, 2233]], '끈', 0.7308962064255411), ([[1197, 2097], [1646, 2097], [1646, 2470], [1197, 2470]], '훈로', 0.0027443642999296896), ([[1620.3652214394192, 69.0183309019518], [1699.7907417448605, 45.028458290060826], [1761.6347785605808, 263.9816690980482], [1682.2092582551395, 288.9715417099392]], '홍', 0.06693598215932273), ([[619.1555692331382, 277.0357169510307], [742.958932064677, 339.0946425395748], [702.8444307668618, 414.9642830489693], [580.041067935323, 353.9053574604252]], '세야', 0.15875832587037939), ([[131.87462134111567, 400.04530462983416], [291.819016422678, 434.37213913150725], [262.12537865888436, 551.9546953701658], [102.18098357732202, 517.6278608684928]], '사팩', 0.0009511602718133165), ([[1626.9764230569124, 513.0477267089623], [1740.3850092343562, 552.3734888387962], [1707.0235769430876, 641.9522732910377], [1593.6149907656438, 603.6265111612038]], '듯의', 0.12865277182570362), ([[505.9465652051361, 531.0427520231736], [660.9756518961132, 565.9419606898404], [632.053434794864, 679.9572479768264], [476.0243481038868, 644.0580393101596]], '관적', 0.0746026367934046), ([[988.858093273755, 632.0654114816689], [1121.1695873778517, 653.0101795378813], [1104.141906726245, 738.9345885183311], [971.8304126221482, 717.9898204621187]], '@', 0.9940365319403668), ([[531.6821771552256, 714.0056134928868], [600.0529327996571, 721.5336193494045], [565.3178228447744, 1014.9943865071132], [496.9470672003429, 1007.4663806505955]], "'", 0.16507189884181628), ([[231.90801463774727, 764.0398005371377], [435.95049273246997, 801.4878540910728], [407.09198536225273, 930.9601994628623], [203.04950726753003, 893.5121459089272]], '파', 0.0564451562623971), ([[1552.9076744813115, 842.0598377799342], [1688.4588540991751, 870.7549916594071], [1668.0923255186885, 952.9401622200658], [1532.5411459008249, 924.2450083405929]], "@'", 0.9789348375793627), ([[870.8956847392516, 1229.0611626532639], [999.108532460343, 1250.872696228907], [981.1043152607484, 1338.9388373467361], [852.891467539657, 1317.127303771093]], '질철', 0.3916727530219382), ([[772.9838128076015, 1340.0575527068925], [897.4187617430716, 1365.8181057978943], [878.0161871923985, 1445.9424472931075], [753.5812382569284, 1420.1818942021057]], '질철', 0.7937032534668991), ([[1303.2485228968985, 1337.0166174699057], [1470.730364839595, 1484.9842260804164], [1371.7514771031015, 1596.9833825300943], [1204.269635160405, 1449.0157739195836]], '낱', 0.005601508756999607), ([[169.81779692639347, 1653.050003731443], [321.38885511334774, 1679.4795499403433], [296.1822030736065, 1798.949996268557], [144.61114488665226, 1772.5204500596567]], '끈적', 0.43704344622876473), ([[541.946565205136, 1783.0427520231738], [695.9911119554338, 1818.978721868662], [666.053434794864, 1931.9572479768262], [512.0088880445662, 1896.021278131338]], '끈적', 0.9082177049043364)]
[([[1532, 146], [1717, 146], [1717, 236], [1532, 236]], '@@올', 0.022679319605231285), ([[1401, 195], [1489, 195], [1489, 315], [1401, 315]], '초', 0.05771281983500942), ([[1099, 337], [1166, 337], [1166, 407], [1099, 407]], '5', 0.6143863650873413), ([[1180, 282], [1279, 282], [1279, 399], [1180, 399]], '틈', 0.08700639005265831), ([[1680, 344], [1793, 344], [1793, 461], [1680, 461]], '춤', 0.166949870541381), ([[1192, 548], [1287, 548], [1287, 632], [1192, 632]], '축굶', 0.0856332580299716), ([[1609, 527], [1722, 527], [1722, 629], [1609, 629]], '룻위', 0.014016545213383755), ([[985, 646], [1115, 646], [1115, 735], [985, 735]], '@', 0.9557359806322552), ([[89, 943], [292, 943], [292, 1065], [89, 1065]], '주리록드', 0.21365101635456085), ([[1557, 954], [1718, 954], [1718, 1111], [1557, 1111]], '목', 0.03551351807797776), ([[493, 1139], [701, 1139], [701, 1238], [493, 1238]], '전득7', 0.014163366916475755), ([[178, 1278], [336, 1278], [336, 1353], [178, 1353]], '팬름 ', 0.15671156796314686), ([[1128, 1240], [1452, 1240], [1452, 1421], [1128, 1421]], '녁@두록', 0.008524843491613865), ([[1374, 1331], [1480, 1331], [1480, 1415], [1374, 1415]], '두_', 0.5016807346207126), ([[1251, 1389], [1446, 1389], [1446, 1569], [1251, 1569]], '뜻록', 0.030526974111619202), ([[269, 1547], [396, 1547], [396, 1633], [269, 1633]], '주름', 0.3196394625911425), ([[301, 2391], [448, 2391], [448, 2475], [301, 2475]], '잘펴', 0.00940304438986747), ([[1208, 2178], [1451, 2178], [1451, 2459], [1208, 2459]], '팔', 0.17340828279829168), ([[621.1695452014626, 277.0345424175512], [742.9759742096768, 341.3072240132169], [700.8304547985374, 416.9654575824488], [579.0240257903232, 352.6927759867831]], '세야', 0.14758557422086013), ([[1542.0129971978583, 429.2506890716476], [1647.8236115538125, 410.51497051326965], [1656.9870028021417, 483.7493109283524], [1550.1763884461875, 502.48502948673035]], '흐움', 0.3926425038309645), ([[131.88356688803955, 399.04458610049426], [290.8062878219566, 434.34323482711125], [261.1164331119605, 551.9554138995057], [102.19371217804346, 517.6567651728888]], '팬함', 0.009159757522148395), ([[1071.7646218475907, 438.2820252056036], [1179.4392661904787, 418.7122459551795], [1189.2353781524093, 494.7179747943964], [1081.5607338095213, 514.2877540448205]], '으올', 0.06667484593300928), ([[504.87462134111564, 528.0453046298342], [660.6620422951611, 561.0273385400184], [632.1253786588843, 679.9546953701658], [476.33795770483886, 647.9726614599816]], '끈적', 0.42369688887023865), ([[1594.0737387183583, 787.0719277974933], [1686.738578146238, 809.2482235132536], [1672.9262612816417, 862.9280722025067], [1580.261421853762, 841.7517764867464]], '@짝', 0.4764270443075737), ([[1582.116297203758, 859.1187479096875], [1676.772170716234, 802.0198881050577], [1762.883702796242, 967.8812520903125], [1668.227829283766, 1025.9801118949422]], '력', 0.10881996836560237), ([[1574.9907170173417, 1101.126664437], [1674.0697658103697, 1044.035802522176], [1757.0092829826583, 1211.873335563], [1658.9302341896303, 1269.964197477824]], '털', 0.143013686092619), ([[461.11152606349873, 1447.1799355301935], [617.4137795964059, 1433.5955284344254], [619.8884739365012, 1518.8200644698065], [463.5862204035941, 1532.4044715655746]], '주록~', 0.2811103321559995), ([[168.8562946477662, 1652.0467947027475], [321.57026157742797, 1682.8365169039707], [294.1437053522338, 1801.9532052972525], [141.42973842257203, 1771.1634830960293]], '곧적', 0.16688272261969148), ([[539.8276614510412, 1783.0491712673897], [692.3213858071946, 1808.3529366040134], [668.1723385489588, 1929.9508287326103], [515.6786141928054, 1903.6470633959866]], '끈적', 0.9217307772175798), ([[317.9262490156137, 2109.0412372029778], [491.92737018470336, 2145.6257000355727], [462.0737509843863, 2266.9587627970222], [288.07262981529664, 2230.3742999644273]], '팬제', 0.012190772609865026), ([[1320.4691358846005, 2158.046914918989], [1471.7000055440658, 2061.0098020768487], [1641.5308641153995, 2370.953085081011], [1489.2999944559342, 2467.9901979231513]], '용', 0.5802998140382023), ([[468.4814867952694, 2520.1666905787124], [565.6237280935497, 2513.831825060075], [567.5185132047305, 2578.8333094212876], [469.37627190645026, 2585.168174939925]], '질떡', 0.2079885672820983)]
[]
[([[485, 1265], [664, 1265], [664, 1393], [485, 1393]], '꼴6', 0.007165543396930577), ([[748, 1058], [1249, 1058], [1249, 1412], [748, 1412]], "'`", 0.044211980596947816)]
[([[491, 1270], [664, 1270], [664, 1393], [491, 1393]], '코6)', 0.016944428244490918), ([[740, 1064], [1241, 1064], [1241, 1407], [740, 1407]], '466', 0.018595763251598764)]
[([[484, 1263], [669, 1263], [669, 1396], [484, 1396]], '듭교', 0.0016006473041264944), ([[747, 1059], [1257, 1059], [1257, 1412], [747, 1412]], '커 8', 0.009434354597550368)]
[([[480, 1259], [660, 1259], [660, 1387], [480, 1387]], "'", 0.6239872169431102), ([[953, 1088], [1231, 1088], [1231, 1379], [953, 1379]], "''", 0.05389436622777367), ([[2477.947872535665, 1362.016282901972], [2912.2480904990284, 1471.2268547226697], [2829.052127464335, 1752.983717098028], [2395.7519095009716, 1643.7731452773303]], '이가각', 0.0008651297801478346)]
[([[216, 99], [269, 99], [269, 150], [216, 150]], '8', 0.7993702766678759), ([[822, 1936], [858, 1936], [858, 2034], [822, 2034]], '2', 0.4673029412549603), ([[1662.3807446265519, -41.30787992211688], [1786.3719412893074, 45.1626892830048], [1449.6192553734481, 479.30787992211685], [1326.6280587106926, 391.8373107169952]], '~', 0.21677382623153107), ([[114.1941932430908, 64.03883864861815], [284.6806400650361, -10.441038121219034], [318.8058067569092, 65.96116135138185], [148.31935993496393, 141.44103812121904]], '(8어', 0.019428704738853293), ([[252.00769823397295, 70.5115473509594], [469.2940218586443, -1.2723092782592325], [487.9923017660271, 70.4884526490406], [270.7059781413557, 142.27230927825923]], '-~라물9', 0.0005531363456894812), ([[-10.563181139070544, 181.24259206358008], [214.29010100490675, 105.72227062665604], [233.56318113907054, 179.75740793641992], [7.709898995093246, 255.27772937334396]], '(]3떠9', 0.006155337130819339), ([[1752.3667340408344, 114.13204349392927], [1885.3375954377082, 214.0296547482868], [1630.6332659591656, 535.8679565060708], [1497.6624045622918, 436.9703452517132]], '~', 0.09388853988405632)]
[([[1312, 406], [1517, 406], [1517, 611], [1312, 611]], '드', 0.06275259095801644)]
[]
[([[1674, 2756], [2076, 2756], [2076, 2880], [1674, 2880]], '84 7;빨.', 0.004262697205344236)]
[]
[]
[]
[]
[([[30, 2689], [477, 2689], [477, 2854], [30, 2854]], '벼9 71빨', 0.0008695570818234745)]
[([[31, 2682], [475, 2682], [475, 2842], [31, 2842]], "벼숲 7'교", 0.00026030789950211606)]
[([[0, 2], [67, 2], [67, 26], [0, 26]], '마4내표', 0.005264940205961466), ([[79, 2], [139, 2], [139, 26], [79, 26]], '3맛설토', 0.00025575089966878295), ([[0, 31], [83, 31], [83, 56], [0, 56]], '어러예사좌설', 0.0003189764354437445), ([[92, 31], [177, 31], [177, 56], [92, 56]], '(4꾸꾸신~', 0.0016097055175821422), ([[1, 64], [59, 64], [59, 84], [1, 84]], '(어-)', 0.027370067313313484), ([[70, 63], [130, 63], [130, 87], [70, 87]], '3:톤>', 0.00010999705409631133), ([[0, 93], [59, 93], [59, 113], [0, 113]], '(어네)', 0.04262317717075348), ([[70, 92], [130, 92], [130, 116], [70, 116]], '3,설담', 0.00013858314196113497), ([[0, 121], [110, 121], [110, 146], [0, 146]], '나잊걸-꼴^-설', 1.4561272005488147e-05), ([[0, 151], [85, 151], [85, 175], [0, 175]], '이좌설:', 0.0016749895876273513), ([[109, 154], [131, 154], [131, 174], [109, 174]], '31', 0.47151274755615097), ([[0, 187], [123, 187], [123, 211], [0, 211]], '스판어꼴) (큰', 0.0008170840698822543), ([[0, 214], [116, 214], [116, 271], [0, 271]], '묘4:,,::통명', 1.2192057637799345e-05), ([[1489, 99], [1858, 99], [1858, 321], [1489, 321]], '건)', 0.07649924740094334), ([[0, 274], [76, 274], [76, 299], [0, 299]], '다토비어', 0.0007725547184236348), ([[0, 304], [92, 304], [92, 328], [0, 328]], '[4비꾸*이꼴', 4.305553070141992e-05), ([[0, 336], [75, 336], [75, 356], [0, 356]], '너.비-', 0.00024713826132938266), ([[0, 364], [80, 364], [80, 389], [0, 389]], '어,예-도', 0.000627376276203024), ([[2, 394], [112, 394], [112, 418], [2, 418]], "답어'-7 (^", 0.008048562437009719), ([[0, 423], [107, 423], [107, 447], [0, 447]], '네^.진.5', 0.00042698127064529366), ([[2, 452], [71, 452], [71, 476], [2, 476]], '^명묘네설', 0.0005898865094892775), ([[111, 458], [138, 458], [138, 475], [111, 475]], '_7', 0.041367022027789274)]
[([[0, 2], [67, 2], [67, 26], [0, 26]], '마4내표', 0.005264940205961466), ([[79, 2], [139, 2], [139, 26], [79, 26]], '3맛설토', 0.00025575089966878295), ([[0, 31], [83, 31], [83, 56], [0, 56]], '어러예사좌설', 0.0003189764354437445), ([[92, 31], [177, 31], [177, 56], [92, 56]], '(4꾸꾸신~', 0.0016097055175821422), ([[1, 64], [59, 64], [59, 84], [1, 84]], '(어-)', 0.027370067313313484), ([[70, 63], [132, 63], [132, 87], [70, 87]], '3맛톤초', 0.0001744154724292457), ([[0, 93], [59, 93], [59, 113], [0, 113]], '(어네)', 0.04262317717075348), ([[70, 92], [130, 92], [130, 116], [70, 116]], '3,설담', 0.00012856992543675005), ([[0, 121], [110, 121], [110, 146], [0, 146]], '나잊비-꼴^-설', 1.1983647949467235e-05), ([[0, 151], [85, 151], [85, 175], [0, 175]], '이좌설:', 0.002696957904845476), ([[109, 154], [131, 154], [131, 174], [109, 174]], '31', 0.4203258739448127), ([[0, 187], [123, 187], [123, 211], [0, 211]], '스판어꼴) (큰', 0.0013599328299144986), ([[0, 214], [116, 214], [116, 271], [0, 271]], '묘4:,,::통명', 1.2133159712513645e-05), ([[1481, 98], [1859, 98], [1859, 327], [1481, 327]], '일> ', 0.024163061752915382), ([[0, 274], [76, 274], [76, 299], [0, 299]], '다토비어', 0.0009643324883654714), ([[0, 304], [92, 304], [92, 328], [0, 328]], '[4비명*이꼴', 4.334853879953505e-05), ([[0, 336], [75, 336], [75, 356], [0, 356]], '너토씨-', 0.00024446871248073876), ([[0, 364], [80, 364], [80, 389], [0, 389]], '어,예꼬도', 0.0005350234970629332), ([[2, 394], [112, 394], [112, 418], [2, 418]], "4어'-7 (^", 0.00911418197097513), ([[0, 423], [107, 423], [107, 447], [0, 447]], '네^벼토진.5', 0.0003305401803205767), ([[2, 452], [71, 452], [71, 476], [2, 476]], '^명묘네설', 0.000942753158409761), ([[109, 455], [140, 455], [140, 475], [109, 475]], '_7', 0.021451541167294107)]
[([[0, 2], [67, 2], [67, 26], [0, 26]], '마4내표', 0.005264940205961466), ([[79, 2], [139, 2], [139, 26], [79, 26]], '3맛설토', 0.00025575089966878295), ([[0, 31], [83, 31], [83, 56], [0, 56]], '어러예사좌설', 0.0003189764354437445), ([[92, 31], [177, 31], [177, 56], [92, 56]], '(4꾸꾸신~', 0.0016097055175821422), ([[1, 64], [59, 64], [59, 84], [1, 84]], '(어-)', 0.027370067313313484), ([[70, 63], [130, 63], [130, 87], [70, 87]], '3:톤>', 0.00010999705409631133), ([[0, 93], [59, 93], [59, 113], [0, 113]], '(어네)', 0.04262317717075348), ([[70, 92], [130, 92], [130, 116], [70, 116]], '3,설담', 0.00013858314196113497), ([[0, 121], [110, 121], [110, 146], [0, 146]], '나잊걸-꼴^-설', 1.4561272005488147e-05), ([[0, 151], [85, 151], [85, 175], [0, 175]], '이좌설:', 0.0016749895876273513), ([[109, 154], [131, 154], [131, 174], [109, 174]], '31', 0.47151274755615097), ([[0, 187], [123, 187], [123, 211], [0, 211]], '스판어꼴) (큰', 0.0013751571809899974), ([[0, 214], [116, 214], [116, 271], [0, 271]], '묘4:,,::통명', 8.212537308089155e-06), ([[1489, 99], [1858, 99], [1858, 321], [1489, 321]], '건)', 0.06845785494287006), ([[0, 274], [76, 274], [76, 299], [0, 299]], '다토비어', 0.0011133345542475581), ([[0, 304], [92, 304], [92, 328], [0, 328]], '구4비명쪽이꼴', 5.3642098375775746e-05), ([[0, 336], [75, 336], [75, 356], [0, 356]], '너.비-', 0.00028041136101819575), ([[0, 364], [80, 364], [80, 389], [0, 389]], '어,예-도', 0.0004859592209756449), ([[2, 394], [112, 394], [112, 418], [2, 418]], "서어'-7 (^", 0.005851912902253483), ([[0, 423], [107, 423], [107, 447], [0, 447]], '네^벼.시진.5', 0.0001996552717692627), ([[2, 452], [71, 452], [71, 476], [2, 476]], '^명꾸내설', 0.0005349156959940148), ([[109, 458], [140, 458], [140, 475], [109, 475]], '_7', 0.016644216391170627)]
[([[0, 2], [67, 2], [67, 26], [0, 26]], '마4-표', 0.002614701399579644), ([[79, 2], [139, 2], [139, 26], [79, 26]], '3맛설담', 0.0001714254467515275), ([[0, 31], [83, 31], [83, 56], [0, 56]], '어러예사좌설', 0.00017421510816206996), ([[92, 31], [177, 31], [177, 56], [92, 56]], '(4꾸꾸신~', 0.0019253875473624175), ([[1, 64], [59, 64], [59, 84], [1, 84]], '(어내)', 0.039433035999536514), ([[70, 63], [132, 63], [132, 87], [70, 87]], '3구톤>', 0.000202007417101413), ([[1, 93], [59, 93], [59, 113], [1, 113]], '(어내)', 0.06502584367990494), ([[70, 92], [130, 92], [130, 116], [70, 116]], '3맛설담', 0.00013535494508687407), ([[0, 121], [110, 121], [110, 146], [0, 146]], '나잊비-꼴^-설', 2.290561614990186e-05), ([[0, 151], [85, 151], [85, 175], [0, 175]], '이꼬설:', 0.0033540206495672464), ([[109, 154], [131, 154], [131, 174], [109, 174]], '31', 0.24632191511100854), ([[0, 187], [123, 187], [123, 211], [0, 211]], '4판답어꼴) <큰', 0.0002846306684040014), ([[0, 214], [116, 214], [116, 271], [0, 271]], '묘4:맛,::릿명', 5.921027753986999e-06), ([[1482, 101], [1858, 101], [1858, 326], [1482, 326]], '거)7', 0.01739758379508216), ([[0, 274], [76, 274], [76, 299], [0, 299]], '다토비어', 0.0010385001078248024), ([[0, 304], [92, 304], [92, 328], [0, 328]], '[4비꾸*이꼴', 5.504557762694344e-05), ([[0, 336], [75, 336], [75, 356], [0, 356]], '.비-', 0.0027682819740932185), ([[0, 364], [80, 364], [80, 389], [0, 389]], '어,예-도', 0.0008931856823528528), ([[2, 394], [112, 394], [112, 418], [2, 418]], "4어'-7 (^", 0.004631634820228821), ([[0, 423], [107, 423], [107, 447], [0, 447]], '네^벼.시디.5', 0.0001900995920691554), ([[2, 452], [71, 452], [71, 476], [2, 476]], '^묘묘네설', 0.0006078715238905028), ([[109, 455], [140, 455], [140, 475], [109, 475]], '_7', 0.023261832731808995)]
[]
[]
[([[2121, 166], [2207, 166], [2207, 288], [2121, 288]], '(', 0.2725416409130652)]
[]
[]
[]
[]
[([[103, 13], [242, 13], [242, 236], [103, 236]], '9', 0.5310422340159029), ([[2073, 100], [2426, 100], [2426, 354], [2073, 354]], '씨', 0.6770136382540528)]
[([[14, 23], [111, 23], [111, 156], [14, 156]], '? ', 0.4882292491485778), ([[2070, 103], [2425, 103], [2425, 350], [2070, 350]], '씨', 0.6397951026049423), ([[67.6736887657099, 34.10846979309597], [232.68186188356887, -50.557690634568736], [335.3263112342901, 190.89153020690404], [170.31813811643113, 276.55769063456876]], '2', 0.43509373067492163)]
[([[106, 13], [247, 13], [247, 226], [106, 226]], '9', 0.3174390042216011), ([[2074, 103], [2425, 103], [2425, 350], [2074, 350]], '씨', 0.6116119193928995), ([[197.91126342368815, 1580.5466156858834], [262.4257849844258, 1624.9149515867518], [128.08873657631185, 1805.4533843141166], [63.57421501557423, 1761.0850484132482]], '{', 0.09010238935306703)]
[([[2073, 120], [2397, 120], [2397, 332], [2073, 332]], '씨', 0.9972636371050072), ([[149.83480687437185, 1614.0681157386935], [223.2775223026368, 1657.3890620633133], [131.16519312562815, 1812.9318842613065], [57.72247769736318, 1769.6109379366867]], '신', 0.06994876907700931)]
[]
[]
[([[1261.6549263924703, 344.24083806343486], [1465.9587325845976, 220.3006629703094], [1564.3450736075297, 411.75916193656514], [1360.0412674154024, 535.6993370296906]], '', 0.0)]
[([[36, 229], [92, 229], [92, 256], [36, 256]], '냐4쇼-', 0.0025121080689132214), ([[1618, 229], [1687, 229], [1687, 254], [1618, 254]], '밥4외씨', 0.0010915199527516961), ([[415, 251], [477, 251], [477, 291], [415, 291]], '항1', 0.006619614457657533), ([[1818, 259], [1856, 259], [1856, 287], [1818, 287]], '3', 0.6517557639199367), ([[40, 290], [99, 290], [99, 299], [40, 299]], '61-4, 2부', 0.059901821054660034), ([[431, 289], [462, 289], [462, 307], [431, 307]], '무보', 0.037487909339644354), ([[296, 334], [322, 334], [322, 347], [296, 347]], '하녀', 0.010243938881169973), ([[1431, 342], [1469, 342], [1469, 351], [1431, 351]], '441', 0.37993870612521147), ([[635, 347], [678, 347], [678, 363], [635, 363]], '애~시', 0.0005507652510548918), ([[2028, 345], [2071, 345], [2071, 361], [2028, 361]], '텍스', 0.0008603882994305448)]
[([[1124, 2633], [1728, 2633], [1728, 2880], [1124, 2880]], '3커드;라.', 0.0009571649817556486), ([[3.015087067472374, 1639.0579888537777], [611.6393442571554, 1588.3413904540075], [611.9849129325277, 1877.9420111462223], [4.360655742844621, 1929.6586095459925]], '"', 0.05421475778286666), ([[345.1050541769931, 1965.0485564513663], [877.5123608355002, 1918.0716499397531], [881.8949458230069, 2233.951443548634], [348.48763916449985, 2280.928350060247]], '권', 0.006156792438684333), ([[588.1489861690505, 2337.0519538091007], [1168.945280709404, 2299.1516333758395], [1165.8510138309493, 2580.9480461908993], [585.0547192905959, 2618.8483666241605]], '~맑고', 0.0021744375919791207)]
[([[89, 695], [639, 695], [639, 1026], [89, 1026]], '새키', 0.008476903198378996), ([[1117, 2628], [1728, 2628], [1728, 2880], [1117, 2880]], '레근`;라.', 0.0005545965053725009), ([[-6.4023677969559945, 394.08756118170294], [751.8755103418126, 317.98379930879094], [755.402367796956, 596.9124388182971], [-4.875510341812582, 673.0162006912091]], '[웨만-', 0.002629247261211276), ([[255.930672604681, 1080.0630307167687], [863.6263332269859, 1025.3182620952255], [865.069327395319, 1311.9369692832313], [257.37366677301407, 1366.6817379047745]], '거리', 0.01111713321752038)]
[([[0, 2637], [568, 2637], [568, 2880], [0, 2880]], '레,`미', 9.26203210838139e-05), ([[531.7955556738248, 1818.067557483344], [1292.3561114646438, 1750.217666494224], [1293.2044443261752, 2052.932442516656], [532.643888535356, 2120.782333505776]], '어:7', 0.0022557008588778055), ([[861.1844123245304, 2156.048510468719], [1386.0617978963976, 2122.3531333367946], [1382.8155876754695, 2410.951489531281], [856.9382021036025, 2443.6468666632054]], '{.', 0.21554613274216833), ([[1106.0734668596056, 2514.0562832992546], [1701.1176470588234, 2472.470588235294], [1697.9265331403944, 2750.9437167007454], [1102.8823529411766, 2791.529411764706]], '단터스오', 0.0001096401538234204)]
[]
[]
[]
[([[215.83760474632103, 1929.0307297054676], [364.5348632457976, 1873.2858400615287], [457.16239525367894, 2161.9692702945326], [308.4651367542024, 2217.7141599384713]], '{', 0.8407591310208353)]
