2850629
49
[([[523, 13], [577, 13], [577, 49], [523, 49]], '주의', 0.9999957853177504), ([[446, 50], [654, 50], [654, 80], [446, 80]], '이 만화는 원본은 해외 팬이', 0.44002608687489086), ([[438, 76], [660, 76], [660, 104], [438, 104]], '작가가 씨거 감+지괴마틀 그락때', 0.00047442567667351263), ([[472, 102], [628, 102], [628, 126], [472, 126]], '트위터나 폐이스북에', 0.9271944328597153), ([[482, 126], [616, 126], [616, 156], [482, 156]], '올린 짜루리 장면 ,', 0.7176389507185015), ([[488, 152], [612, 152], [612, 178], [488, 178]], '폐기 일러스트틀', 0.6781366796978064), ([[470, 176], [634, 176], [634, 202], [470, 202]], '연결하고 대사름 더한', 0.5264265624126744), ([[508, 202], [594, 202], [594, 228], [508, 228]], '만화입니다', 0.9887536982551737), ([[456, 226], [644, 226], [644, 252], [456, 252]], '거의 원작 씨, 씨아+}라하의', 0.000786794530326929), ([[488, 252], [614, 252], [614, 280], [488, 280]], '프로토 타입이조', 0.9511027578720961), ([[25, 257], [129, 257], [129, 297], [25, 297]], '왼쪽에서', 0.9953844547271729), ([[12, 296], [141, 296], [141, 340], [12, 340]], '오른쪽으로', 0.9992026812888081), ([[488, 302], [612, 302], [612, 328], [488, 328]], '태국에서 최신화', 0.888227339156654), ([[488, 326], [612, 326], [612, 356], [488, 356]], '나용다길래 저도', 0.5582451525227038), ([[23, 337], [131, 337], [131, 377], [23, 377]], '화주세요', 0.41748788952827454), ([[480, 352], [620, 352], [620, 378], [480, 378]], '긁어모아 번역하고', 0.6601494247900845), ([[500, 376], [606, 376], [606, 404], [500, 404]], '살짝 추가해서', 0.9993714243555499), ([[480, 402], [620, 402], [620, 428], [480, 428]], '만문거니 불쾌하다', 0.6532862690943914), ([[480, 426], [622, 426], [622, 454], [480, 454]], '생각하시는 분들은', 0.8412783864907522), ([[488, 452], [612, 452], [612, 478], [488, 478]], '보지 말아주세요', 0.7185446579562617)]
[([[512, 144], [642, 144], [642, 176], [512, 176]], '태국은 덥구나', 0.9337044162066861), ([[535, 319], [601, 319], [601, 355], [535, 355]], '흘러움', 0.14805039763450623), ([[484, 466], [526, 466], [526, 498], [484, 498]], '보임', 0.1439989459237056)]
[]
[([[654, 114], [690, 114], [690, 142], [654, 142]], "'좋은", 0.6058096074706288), ([[654, 140], [694, 140], [694, 168], [654, 168]], '아침', 0.9998374013305197), ([[654, 158], [754, 158], [754, 190], [654, 190]], '엄마 , 아침밥', 0.6791216543229319), ([[708, 184], [746, 184], [746, 210], [708, 210]], '준비', 0.999921017719485), ([[700, 208], [758, 208], [758, 238], [700, 238]], '중이야', 0.97758732218857), ([[376, 294], [406, 294], [406, 324], [376, 324]], '아', 0.9999637607043041), ([[370, 324], [416, 324], [416, 354], [370, 354]], '일찍', 0.9975678981812458), ([[347, 351], [437, 351], [437, 387], [347, 387]], '일어낫네', 0.3576931357383728), ([[370, 384], [416, 384], [416, 414], [370, 414]], '나예', 0.9990605917427022), ([[484, 488], [522, 488], [522, 514], [484, 514]], '저기', 0.9998217234855982), ([[18, 756], [74, 756], [74, 784], [18, 784]], '어젯밤', 0.9999351666460607), ([[282, 752], [354, 752], [354, 782], [282, 782]], '동생방에', 0.9942980408668518), ([[290, 780], [346, 780], [346, 808], [290, 808]], '무슨일', 0.9987839522471816), ([[286, 808], [352, 808], [352, 838], [286, 838]], '있없니?', 0.9320845007896423)]
[([[46, 50], [305, 50], [305, 106], [46, 106]], '논트 방 청소중', 0.9987548981225386), ([[752, 244], [812, 244], [812, 292], [752, 292]], '어?', 0.9997910423200029), ([[840, 310], [914, 310], [914, 360], [840, 360]], '이건', 0.9973407277414178), ([[826, 356], [932, 356], [932, 408], [826, 408]], '여성용', 0.998189007584762), ([[840, 402], [916, 402], [916, 450], [840, 450]], '속옷', 0.9981523610263101), ([[832, 446], [924, 446], [924, 496], [832, 496]], '인데?', 0.9978314856215665), ([[74, 1144], [184, 1144], [184, 1196], [74, 1196]], '웨이임', 0.07854939394510774)]
[([[38, 42], [782, 42], [782, 99], [38, 99]], '엄마 눈올 피하기 위해 당분간 나예와 식스금지중', 0.3554077352363026), ([[168, 158], [247, 158], [247, 207], [168, 207]], '논트', 0.990200566333063), ([[143, 207], [275, 207], [275, 251], [143, 251]], '들어갈게!', 0.9567060640917401), ([[475, 345], [543, 345], [543, 383], [475, 383]], '어!?', 0.606259822845459), ([[1123, 399], [1187, 399], [1187, 443], [1123, 443]], '출렁', 0.11490779381527533), ([[136, 434], [240, 434], [240, 482], [136, 482]], '똑 똑', 0.8807102299890955), ([[221, 635], [315, 635], [315, 679], [221, 679]], '엄마랑', 0.9716966872564679), ([[188, 678], [350, 678], [350, 726], [188, 726]], '너랑 대화할', 0.611142759869937), ([[174, 724], [364, 724], [364, 772], [174, 772]], '필요가 있다고', 0.9991358770778941), ([[185, 771], [353, 771], [353, 815], [185, 815]], '생각하는데?', 0.7017458454260815), ([[152, 1374], [323, 1374], [323, 1419], [152, 1419]], '엄마가 엄청', 0.9603167532457115), ([[182, 1418], [296, 1418], [296, 1466], [182, 1466]], '취있다!', 0.22911417484283447)]
[([[34, 16], [254, 16], [254, 64], [34, 64]], '여차저차해서:', 0.6288108551127115), ([[447, 117], [491, 117], [491, 153], [447, 153]], '아', 0.9998530203471354), ([[503, 115], [587, 115], [587, 155], [503, 155]], '논트가', 0.9839422159042398), ([[407, 155], [627, 155], [627, 195], [407, 195]], '내 보지름 뚫어저라', 0.6816461219634787), ([[435, 195], [597, 195], [597, 235], [435, 235]], '쳐다보고 있어', 0.8899036858137535), ([[743, 475], [799, 475], [799, 513], [743, 513]], '무엇', 0.31993029187566197), ([[317, 735], [393, 735], [393, 771], [317, 771]], '스로록', 0.3342527576412844)]
[([[879, 560], [995, 560], [995, 637], [879, 637]], '활짝', 0.999186157093082), ([[59, 1153], [139, 1153], [139, 1191], [59, 1191]], '구파~', 0.5367459726295755), ([[617, 1275], [677, 1275], [677, 1319], [617, 1319]], '추름', 0.05882420424794639), ([[933, 1307], [987, 1307], [987, 1347], [933, 1347]], '움질', 0.8879288265103434)]
[([[870, 316], [898, 316], [898, 352], [870, 352]], '춤', 0.9935414507200591), ([[151, 511], [209, 511], [209, 549], [151, 549]], '하입', 0.6365955085872808), ([[121, 1031], [237, 1031], [237, 1073], [121, 1073]], '활짝 활짝', 0.907861009505388)]
[([[730, 70], [844, 70], [844, 102], [730, 102]], '논트 거기서', 0.8212329069555558), ([[723, 105], [853, 105], [853, 141], [723, 141]], '뭐하고 있어?', 0.9633409331001308), ([[1090, 102], [1168, 102], [1168, 134], [1090, 134]], '시 시험', 0.7353742718696594), ([[994, 138], [1048, 138], [1048, 168], [994, 168]], '똑 똑', 0.8621537089347839), ([[1081, 129], [1177, 129], [1177, 165], [1081, 165]], '공부하는', 0.848000705242157), ([[1094, 162], [1168, 162], [1168, 194], [1094, 194]], '중이야', 0.9974900805513506), ([[1102, 192], [1160, 192], [1160, 224], [1102, 224]], '누나!', 0.9290580244296036)]
[([[353, 86], [469, 86], [469, 123], [353, 123]], '너의 자지틀', 0.4415108860661533), ([[44, 108], [92, 108], [92, 140], [44, 140]], '빨리,', 0.9982337334411985), ([[354, 124], [468, 124], [468, 156], [354, 156]], '엄마 보지에', 0.6182261346250291), ([[44, 144], [98, 144], [98, 174], [44, 174]], '논트!', 0.9325220160457433), ([[367, 157], [455, 157], [455, 193], [367, 193]], '넣어주럼', 0.6937968730926514), ([[952, 244], [1002, 244], [1002, 276], [952, 276]], '정말', 0.9999962067857412), ([[919, 277], [1037, 277], [1037, 313], [919, 313]], '괜찮은거지', 0.9135106865044936), ([[948, 314], [1010, 314], [1010, 346], [948, 346]], '엄마?', 0.9959134354090069), ([[969, 479], [1029, 479], [1029, 517], [969, 517]], '그래,', 0.9988714845461677), ([[972, 518], [1020, 518], [1020, 548], [972, 548]], '어서', 0.800715497020504)]
[([[783, 263], [935, 263], [935, 307], [783, 307]], '누쉬(42세)', 0.9518901175692819), ([[783, 337], [999, 337], [999, 381], [783, 381]], '중국 마카오에서', 0.664830526507136), ([[784, 374], [1012, 374], [1012, 422], [784, 422]], '바퀴더 일흘 있다', 0.2838625022034185), ([[782, 414], [1010, 414], [1010, 462], [782, 462]], '해외에 자주 있음', 0.9213519042973434), ([[783, 457], [965, 457], [965, 501], [783, 501]], '예나(22세)와', 0.9649897929572746), ([[781, 492], [962, 492], [962, 542], [781, 542]], '논트(20세)의', 0.9378273300108989), ([[785, 537], [877, 537], [877, 581], [785, 581]], '어머니', 0.9980041894313426), ([[784, 574], [954, 574], [954, 622], [784, 622]], '남편 사별 후', 0.9993824800104384), ([[781, 613], [908, 613], [908, 663], [781, 663]], '이렇다할', 0.9101769924163818), ([[785, 657], [877, 657], [877, 701], [785, 701]], '남자와', 0.997100394259824), ([[784, 694], [944, 694], [944, 742], [784, 742]], '만난적 없음', 0.9119859341238156)]
[([[951, 83], [1007, 83], [1007, 119], [951, 119]], '활짝', 0.9996257564995803), ([[521, 319], [589, 319], [589, 361], [521, 361]], '그럼', 0.9998057928459658), ([[488, 356], [622, 356], [622, 404], [488, 404]], '십입활게', 0.656581461429596), ([[960, 372], [1052, 372], [1052, 420], [960, 420]], '넣으럼', 0.806884901830454), ([[61, 401], [171, 401], [171, 441], [61, 441]], '음질 움질', 0.8436694405652292), ([[327, 727], [413, 727], [413, 771], [327, 771]], '즈부북', 0.5629765953831901), ([[941, 801], [1007, 801], [1007, 839], [941, 839]], '아아', 0.9999697386968789), ([[895, 833], [1047, 833], [1047, 877], [895, 877]], '갑작스럽게', 0.8116005224782461), ([[237, 1107], [307, 1107], [307, 1147], [237, 1147]], '엄마 .', 0.4165214002132416), ([[977, 1145], [1019, 1145], [1019, 1181], [977, 1181]], '아!', 0.8111677093610992), ([[80, 1180], [144, 1180], [144, 1212], [80, 1212]], '쑤우육', 0.24395170336923788), ([[933, 1179], [1071, 1179], [1071, 1217], [933, 1217]], '아들 자지가', 0.9978074317788085), ([[949, 1213], [1055, 1213], [1055, 1253], [949, 1253]], '남편보다', 0.9996331930160522), ([[107, 1237], [167, 1237], [167, 1277], [107, 1277]], '엄청', 0.9809053461604131), ([[959, 1249], [1047, 1249], [1047, 1287], [959, 1287]], '훨씬 커', 0.9935641234371401), ([[83, 1275], [197, 1275], [197, 1313], [83, 1313]], '기분좋아', 0.653984010219574), ([[945, 1333], [1004, 1333], [1004, 1374], [945, 1374]], '짜켓', 0.21698517312960566), ([[995, 1423], [1051, 1423], [1051, 1461], [995, 1461]], '짜핏', 0.198441394555316)]
[([[1019, 247], [1157, 247], [1157, 285], [1019, 285]], '더 격렬하게', 0.6819003573575242), ([[575, 269], [729, 269], [729, 307], [575, 307]], '더 세게 논트!', 0.4248866208147686), ([[1031, 283], [1145, 283], [1145, 319], [1031, 319]], '엄마 보지', 0.9971823105457536), ([[1031, 317], [1145, 317], [1145, 355], [1031, 355]], '따먹어쥐!', 0.8464111449352337), ([[131, 323], [199, 323], [199, 391], [131, 391]], '빵', 0.011995504223467679), ([[468, 490], [508, 490], [508, 516], [468, 516]], '철썩', 0.9145874851516426), ([[408, 508], [448, 508], [448, 534], [408, 534]], '철썩', 0.8794835687901319), ([[1136, 706], [1212, 706], [1212, 780], [1136, 780]], '깝', 0.0048567319640548945)]
[([[905, 171], [1021, 171], [1021, 211], [905, 211]], '입에 싸취', 0.4293431144318001), ([[931, 209], [997, 209], [997, 245], [931, 245]], '논트', 0.7138629768691336), ([[1001, 239], [1117, 239], [1117, 279], [1001, 279]], '아들 정액', 0.827910882966604), ([[1021, 277], [1101, 277], [1101, 313], [1021, 313]], '맛보게', 0.9983708714715198), ([[1027, 311], [1093, 311], [1093, 349], [1027, 349]], '해쥐!', 0.8760280964693521), ([[99, 367], [187, 367], [187, 409], [99, 409]], '나올것', 0.8580208251763229), ([[113, 405], [175, 405], [175, 443], [113, 443]], '같아', 0.993667340132187), ([[109, 441], [179, 441], [179, 477], [109, 477]], '엄마!', 0.9691651614873297), ([[357, 1009], [411, 1009], [411, 1047], [357, 1047]], '푸소', 0.17744883019995075), ([[303, 1143], [357, 1143], [357, 1181], [303, 1181]], '푸숙', 0.2173163491414442), ([[69, 1185], [141, 1185], [141, 1223], [69, 1223]], '아익!', 0.10777579055426917), ([[71, 1221], [141, 1221], [141, 1259], [71, 1259]], '엄마!', 0.9871788919377729)]
[([[159, 139], [243, 139], [243, 179], [159, 179]], '엄마가', 0.9995071567580099), ([[149, 177], [253, 177], [253, 215], [149, 215]], '아들에게', 0.6521585790024954), ([[131, 211], [269, 211], [269, 251], [131, 251]], '주는 사랑에', 0.8952081198755965), ([[394, 226], [444, 226], [444, 256], [394, 256]], '하아', 0.9999176460512712), ([[131, 245], [269, 245], [269, 285], [131, 285]], '손통 같은게', 0.09173363995972474), ([[115, 279], [277, 279], [277, 319], [115, 319]], '방해하게 두지', 0.9877087075245317), ([[764, 284], [814, 284], [814, 314], [764, 314]], '하아', 0.9999542288293288), ([[135, 313], [265, 313], [265, 357], [135, 357]], '않울거야 ', 0.05633659042825672), ([[953, 855], [1013, 855], [1013, 891], [953, 891]], '이거', 0.9999725203653584), ([[919, 887], [1045, 887], [1045, 929], [919, 929]], '안종은데!', 0.9812810293051044), ([[913, 1011], [973, 1011], [973, 1047], [913, 1047]], '엄마', 0.9888073734454559), ([[897, 1045], [985, 1045], [985, 1083], [897, 1083]], '아직도', 0.5063017010688782), ([[872, 1076], [1009, 1076], [1009, 1121], [872, 1121]], '취해있어!!', 0.728669064562347)]
[([[145, 93], [229, 93], [229, 131], [145, 131]], '논트가', 0.9855920084269134), ([[132, 126], [238, 126], [238, 166], [132, 166]], '태어뉴면', 0.05901895463466644), ([[143, 161], [225, 161], [225, 201], [143, 201]], '구멍의', 0.9260684251785278), ([[145, 195], [227, 195], [227, 235], [145, 235]], '감혹은', 0.8797769116888613), ([[139, 233], [235, 233], [235, 271], [139, 271]], '어떠니?', 0.3110659420490265), ([[759, 1191], [853, 1191], [853, 1231], [759, 1231]], '너 너무', 0.6605832296352109), ([[747, 1223], [863, 1223], [863, 1265], [747, 1265]], '기분종아', 0.48507019877433777), ([[771, 1261], [841, 1261], [841, 1299], [771, 1299]], '엄마!', 0.9644401682059748), ([[553, 1289], [627, 1289], [627, 1325], [553, 1325]], '즈부북', 0.7939571208076114)]
[([[37, 57], [197, 57], [197, 101], [37, 101]], '너무 좋앞어', 0.40340500789595685), ([[724, 70], [780, 70], [780, 102], [724, 102]], '하아', 0.9999260752280493), ([[83, 99], [147, 99], [147, 141], [83, 141]], '논트', 0.9963933790269549), ([[460, 244], [518, 244], [518, 276], [460, 276]], '하아', 0.9999518911197696), ([[285, 1009], [373, 1009], [373, 1053], [285, 1053]], '꾸우육', 0.8871473265181118), ([[762, 1204], [792, 1204], [792, 1242], [762, 1242]], '봉', 0.5237528864782384)]
[([[37, 29], [173, 29], [173, 91], [37, 91]], '다음날', 0.9998667549915302), ([[823, 117], [879, 117], [879, 155], [823, 155]], '벌써', 0.99950725461171), ([[209, 141], [299, 141], [299, 179], [209, 179]], '어제 밤', 0.8862324912473603), ([[787, 151], [911, 151], [911, 191], [787, 191]], '자정인가?', 0.9989370516552638), ([[197, 175], [309, 175], [309, 215], [197, 215]], '내가 많이', 0.9996920642046163), ([[183, 209], [317, 209], [317, 249], [183, 249]], '취햇없나화,', 0.3492722720086166), ([[199, 247], [305, 247], [305, 285], [199, 285]], '아무것도', 0.9934884309768677), ([[169, 277], [333, 277], [333, 319], [169, 319]], '기억이 안나네', 0.9867868731130257), ([[631, 935], [835, 935], [835, 973], [631, 973]], '다행인건 내 방이여서', 0.9450703189415887), ([[67, 957], [159, 957], [159, 993], [67, 993]], '그런데:', 0.8761605620384216), ([[654, 968], [812, 968], [812, 1000], [654, 1000]], '이런골을 논트가', 0.28802130697825884), ([[77, 991], [165, 991], [165, 1027], [77, 1027]], '내가 왜', 0.9868235117547027), ([[668, 998], [796, 998], [796, 1030], [668, 1030]], '못밟다논건데', 0.2517595440612975), ([[63, 1023], [177, 1023], [177, 1063], [63, 1063]], '일어날 때', 0.9972310081393911), ([[19, 1057], [221, 1057], [221, 1099], [19, 1099]], '벌거벗은 채없지?', 0.7199701172451215), ([[978, 1064], [1030, 1064], [1030, 1096], [978, 1096]], '엄마,', 0.9599258098765059), ([[960, 1094], [1054, 1094], [1054, 1126], [960, 1126]], '저녁식사', 0.9967808127403259), ([[578, 1122], [632, 1122], [632, 1154], [578, 1154]], '내가', 0.6142229759341262), ([[964, 1126], [1046, 1126], [1046, 1156], [964, 1156]], '준비돼 .', 0.6983982456622086), ([[565, 1155], [645, 1155], [645, 1193], [565, 1193]], '그만큼', 0.9998173393172769), ([[543, 1187], [665, 1187], [665, 1229], [543, 1229]], '취햇없나?', 0.801498146887662), ([[1012, 1206], [1048, 1206], [1048, 1236], [1012, 1236]], '와!', 0.5714375957699798)]
[([[21, 23], [295, 23], [295, 87], [21, 87]], '떠칠후 어느날', 0.6126889514841641), ([[184, 242], [272, 242], [272, 292], [184, 292]], '등좀', 0.9994799475054139), ([[158, 286], [298, 286], [298, 338], [158, 338]], '셋겨줄래', 0.7712851762771606), ([[180, 334], [276, 334], [276, 382], [180, 382]], '논트?', 0.9987885628064718), ([[95, 685], [171, 685], [171, 729], [95, 729]], '네:?', 0.5292509169847218)]
[([[202, 104], [236, 104], [236, 132], [202, 132]], '움질', 0.8183457277367077), ([[630, 110], [668, 110], [668, 134], [630, 134]], '바로', 0.9793637532017329), ([[124, 122], [160, 122], [160, 146], [124, 146]], '이-', 0.9985538266311429), ([[108, 146], [176, 146], [176, 174], [108, 174]], '이렇게?', 0.6789196729660034), ([[522, 142], [548, 142], [548, 166], [522, 166]], '식', 0.0433674733471614), ([[581, 143], [601, 143], [601, 169], [581, 169]], '응', 0.9997909178361084), ([[622, 134], [678, 134], [678, 160], [622, 160]], '그거야', 0.9999184422098281), ([[616, 160], [686, 160], [686, 188], [616, 188]], '부드럽게', 0.7267496585845947), ([[236, 250], [268, 250], [268, 276], [236, 276]], '움질', 0.9504117946921556), ([[250, 556], [314, 556], [314, 584], [250, 584]], '미끄딩~', 0.29832711815834045), ([[234, 748], [270, 748], [270, 776], [234, 776]], '보임', 0.8261203715305288), ([[598, 872], [658, 872], [658, 898], [598, 898]], '부르륭 ~', 0.0651060815928252), ([[436, 990], [476, 990], [476, 1018], [436, 1018]], '엄청', 0.995160847969429), ([[428, 1016], [482, 1016], [482, 1042], [428, 1042]], '크다!!', 0.9717535972595215)]
[([[55, 53], [97, 53], [97, 91], [55, 91]], '비,', 0.9587820095756668), ([[459, 61], [545, 61], [545, 97], [459, 97]], '그녀는', 0.548687533041666), ([[33, 83], [115, 83], [115, 123], [33, 123]], '비누클', 0.1377814645338151), ([[425, 89], [581, 89], [581, 129], [425, 129]], '나 엄마라고!', 0.5280297577130657), ([[47, 117], [105, 117], [105, 153], [47, 153]], '떨어', 0.9979951577896947), ([[33, 149], [117, 149], [117, 187], [33, 187]], '트러서', 0.9709651753177567), ([[213, 491], [259, 491], [259, 531], [213, 531]], '음?', 0.9990330354017504), ([[297, 809], [359, 809], [359, 849], [297, 849]], '정신', 0.999960635070428), ([[265, 833], [285, 833], [285, 865], [265, 865]], '=', 0.9825266544540376), ([[289, 845], [371, 845], [371, 883], [289, 883]], '차려! !', 0.8042587865007014), ([[266, 876], [290, 876], [290, 908], [266, 908]], '듯', 0.3855837676627658), ([[395, 1025], [507, 1025], [507, 1061], [395, 1061]], '사위기가  ', 0.5174045096383542), ([[706, 1014], [736, 1014], [736, 1046], [706, 1046]], '!2', 0.8522505884546159), ([[641, 1131], [693, 1131], [693, 1173], [641, 1173]], '움질', 0.8102275852841515), ([[313, 1319], [365, 1319], [365, 1357], [313, 1357]], '스옥', 0.19742764666835186)]
[]
[([[177, 113], [239, 113], [239, 181], [177, 181]], '!?', 0.9956538909580742), ([[290, 904], [322, 904], [322, 934], [290, 934]], '아;', 0.9134815519483503), ([[498, 914], [546, 914], [546, 946], [498, 946]], '당연', 0.9999452095365782), ([[570, 920], [638, 920], [638, 952], [570, 952]], '엄마는', 0.9611640983826522), ([[42, 948], [90, 948], [90, 980], [42, 980]], '에옛', 0.8785688681378833), ([[267, 931], [351, 931], [351, 967], [267, 967]], '아무 말', 0.9672109877738779), ([[498, 944], [548, 944], [548, 974], [498, 974]], '하조', 0.9438104543846828), ([[52, 978], [76, 978], [76, 1006], [52, 1006]], '?!', 0.5046540995430837), ([[284, 964], [334, 964], [334, 996], [284, 996]], '하지', 0.9997935709770697), ([[508, 976], [536, 976], [536, 1004], [508, 1004]], '!2', 0.9606340884443554), ([[552, 956], [650, 956], [650, 988], [552, 988]], '(지금 알몸', 0.2801870763513728), ([[670, 970], [762, 970], [762, 1000], [670, 1000]], '그리고: .', 0.858413354225734), ([[283, 989], [333, 989], [333, 1029], [283, 1029]], '말련', 0.2000453067106144), ([[339, 985], [399, 985], [399, 1057], [339, 1057]], '붓늘', 0.007088546318247341), ([[568, 990], [640, 990], [640, 1022], [568, 1022]], '이예요', 0.9989680327627894), ([[722, 1004], [764, 1004], [764, 1034], [722, 1034]], '저 -', 0.8570934210815411), ([[333, 1049], [407, 1049], [407, 1085], [333, 1085]], '흥분해', 0.9992139935493469), ([[718, 1038], [768, 1038], [768, 1070], [718, 1070]], '저늘', 0.22702254677511935), ([[343, 1079], [397, 1079], [397, 1115], [343, 1115]], '있어', 0.780703964312029), ([[718, 1072], [770, 1072], [770, 1104], [718, 1104]], '남자', 0.9999689800604141), ([[708, 1108], [778, 1108], [778, 1138], [708, 1138]], '예요: .', 0.6813298145868268), ([[905, 1215], [961, 1215], [961, 1253], [905, 1253]], '그럼', 0.9997503311990815), ([[909, 1251], [965, 1251], [965, 1287], [909, 1287]], '내가', 0.999794666729047), ([[881, 1283], [987, 1283], [987, 1323], [881, 1323]], '책임지고', 0.6686141164801229), ([[204, 1308], [264, 1308], [264, 1336], [204, 1336]], '엄청 커', 0.7492889700686028), ([[895, 1321], [977, 1321], [977, 1359], [895, 1359]], '돌보야', 0.9232109472695333), ([[817, 1357], [869, 1357], [869, 1393], [817, 1393]], '꿀쩍', 0.7245112235073826), ([[887, 1355], [979, 1355], [979, 1395], [887, 1395]], '켓구나 ', 0.8010426163673401)]
[([[831, 173], [1003, 173], [1003, 217], [831, 217]], '"나예는 지금', 0.6098987163745977), ([[855, 213], [1005, 213], [1005, 257], [855, 257]], '집에 없지?', 0.9958726958849183)]
[([[706, 174], [800, 174], [800, 222], [706, 222]], '아아~', 0.9999676520778519), ([[64, 204], [158, 204], [158, 278], [64, 278]], '땅', 0.07768252444071777), ([[690, 218], [850, 218], [850, 268], [690, 268]], '논트, 자지', 0.9521489915597859), ([[711, 260], [830, 260], [830, 314], [711, 314]], '굉장해!', 0.768882691860199), ([[570, 1042], [662, 1042], [662, 1116], [570, 1116]], '&', 0.00972383194853621), ([[86, 1250], [166, 1250], [166, 1324], [86, 1324]], '땅', 0.03517192590598328)]
[([[1125, 95], [1204, 95], [1204, 182], [1125, 182]], '응', 0.9992213573415007), ([[2158, 530], [2300, 530], [2300, 634], [2158, 634]], '부륙', 0.1108423259627427), ([[2120.8113490115475, 431.064410906236], [2253.7777920634076, 448.96067639809], [2237.1886509884525, 544.9355890937641], [2104.2222079365924, 526.0393236019099]], '부류', 0.08071407647109005)]
[([[1122, 366], [1198, 366], [1198, 418], [1122, 418]], '추-', 0.0746492067533044), ([[658, 480], [734, 480], [734, 532], [658, 532]], '#파', 0.026793496965773017), ([[492, 1136], [568, 1136], [568, 1186], [492, 1186]], '활짝', 0.8909220219802435), ([[1226, 1176], [1314, 1176], [1314, 1226], [1226, 1226]], '(역시', 0.9996549856661052), ([[1180, 1222], [1364, 1222], [1364, 1272], [1180, 1272]], '애 아빠보다', 0.963047049710223), ([[1212, 1266], [1332, 1266], [1332, 1316], [1212, 1316]], '훨씬 )', 0.5170595049858093), ([[402, 1596], [482, 1596], [482, 1650], [402, 1650]], '활짝', 0.6527168654040303), ([[794, 1598], [892, 1598], [892, 1650], [794, 1650]], '춤우움', 0.3126359524157389)]
[([[448, 278], [745, 278], [745, 354], [448, 354]], '하아  (진해)', 0.8672827961999114), ([[1388, 497], [1450, 497], [1450, 540], [1388, 540]], '별름', 0.13060659825007348)]
[([[133, 95], [399, 95], [399, 161], [133, 161]], '역시 지난밤에', 0.6174042039315323), ([[155, 165], [379, 165], [379, 229], [155, 229]], '알몸은 논트', 0.8399727936239286), ([[558, 158], [733, 158], [733, 219], [558, 219]], '아 기', 0.4421821493851647), ([[129, 237], [407, 237], [407, 301], [129, 301]], '때문이옆구나?', 0.5135444133831734), ([[493, 227], [797, 227], [797, 295], [493, 295]], '기억나섞어요?', 0.6691852891387271), ([[1459, 937], [1807, 937], [1807, 1003], [1459, 1003]], '그렇게 굉장한결로', 0.6492572677129628), ([[1498, 1004], [1770, 1004], [1770, 1076], [1498, 1076]], '질리면 싫어도', 0.668460266880564), ([[1479, 1079], [1787, 1079], [1787, 1143], [1479, 1143]], '기억나 버린다고', 0.976748560120456)]
[([[765, 83], [897, 83], [897, 143], [765, 143]], '논트는', 0.9040897412160676), ([[253, 121], [427, 121], [427, 181], [253, 181]], '그래서  .', 0.4409557178807703), ([[705, 151], [971, 151], [971, 215], [705, 215]], '엄마을 어떻게', 0.344151230406634), ([[139, 187], [543, 187], [543, 253], [139, 253]], '아직도 부족하다 듯한', 0.6828652574742741), ([[713, 221], [959, 221], [959, 285], [713, 285]], '하고 싶어?9', 0.46349269248184594), ([[159, 259], [485, 259], [485, 323], [159, 323]], '이 딱딱한 자지로', 0.9844924051696771), ([[254, 978], [324, 978], [324, 1028], [254, 1028]], '꼬욕', 0.8590189441491823)]
[([[293, 43], [515, 43], [515, 109], [293, 109]], '아아 엄마!', 0.6577268838635728), ([[909, 31], [1023, 31], [1023, 91], [909, 91]], '엄마!', 0.9901542830384289), ([[582, 94], [636, 94], [636, 150], [582, 150]], '판', 0.03213798374233279), ([[52, 220], [106, 220], [106, 274], [52, 274]], '판', 0.008341662788681425), ([[43, 459], [101, 459], [101, 497], [43, 497]], '하아', 0.9999543974144669), ([[1084, 452], [1134, 452], [1134, 502], [1084, 502]], '꽤', 0.10871806285155916), ([[105, 547], [165, 547], [165, 585], [105, 585]], '하아', 0.9999745433984035), ([[580, 562], [638, 562], [638, 616], [580, 616]], '끼', 0.014306519223056036), ([[665, 873], [723, 873], [723, 915], [665, 915]], '철병', 0.27637733629978367), ([[999, 881], [1057, 881], [1057, 923], [999, 923]], '철병', 0.32377051292795644)]
[([[761, 45], [823, 45], [823, 83], [761, 83]], '혜액', 0.9200695540219557), ([[242, 94], [324, 94], [324, 144], [242, 144]], '어위', 0.3812456554522391), ([[242, 140], [326, 140], [326, 190], [242, 190]], '아혹]', 0.36038878560066223), ([[793, 161], [856, 161], [856, 202], [793, 202]], '혜액', 0.8725660082635776), ([[304, 326], [392, 326], [392, 398], [304, 398]], '뼈', 0.07102431298466527), ([[228, 590], [306, 590], [306, 666], [228, 666]], '스', 0.015923500358161258), ([[760, 676], [830, 676], [830, 724], [760, 724]], '꾸육', 0.8882468289323803), ([[46, 764], [114, 764], [114, 812], [46, 812]], '아양', 0.9094808122879297), ([[901, 907], [965, 907], [965, 949], [901, 949]], '너무', 0.9999753863291927), ([[900, 944], [968, 944], [968, 992], [900, 992]], '좋아', 0.9939405439649581), ([[12, 962], [102, 962], [102, 1040], [12, 1040]], '입', 0.026524662952497557), ([[895, 987], [969, 987], [969, 1029], [895, 1029]], '논트!', 0.39007991922584984), ([[898, 1198], [982, 1198], [982, 1272], [898, 1272]], '필', 0.06328448910517537), ([[95, 1259], [159, 1259], [159, 1301], [95, 1301]], '제발', 0.9993542870643243), ([[82, 1296], [174, 1296], [174, 1344], [82, 1344]], '멈추지', 0.9986822454107839), ([[549, 1287], [623, 1287], [623, 1355], [549, 1355]], '필', 0.10821630999853316), ([[77, 1339], [179, 1339], [179, 1381], [77, 1381]], '말아쥐!', 0.9037235379219055)]
[]
[([[175, 71], [377, 71], [377, 159], [175, 159]], '아아-!', 0.7212313626957196), ([[1750, 104], [1912, 104], [1912, 184], [1750, 184]], '아아 ', 0.6991454636598754), ([[211, 151], [369, 151], [369, 237], [211, 237]], '엄마!', 0.9917109360035224), ([[1748, 172], [1877, 172], [1877, 253], [1748, 253]], '논트', 0.9974930153349286), ([[1192, 564], [1286, 564], [1286, 618], [1192, 618]], '하아', 0.9999843214083535), ([[1688, 604], [1784, 604], [1784, 658], [1688, 658]], '하아', 0.9999861758616755), ([[171, 789], [287, 789], [287, 873], [171, 873]], '불격', 0.07780137079665095), ([[1646, 856], [1745, 856], [1745, 913], [1646, 913]], '하아', 0.9999792638135037), ([[225, 953], [345, 953], [345, 1037], [225, 1037]], '불격', 0.09166916069326403)]
[([[32, 38], [308, 38], [308, 112], [32, 112]], '그날 이후.', 0.7403045402760341), ([[1066, 142], [1106, 142], [1106, 174], [1066, 174]], '아', 0.9998544507539897), ([[1063, 177], [1121, 177], [1121, 217], [1063, 217]], '벌써', 0.9999409949219661), ([[1045, 217], [1141, 217], [1141, 259], [1045, 259]], '나건어?', 0.16652102768421173), ([[1155, 279], [1211, 279], [1211, 317], [1155, 317]], '아직', 0.918206512928009), ([[1127, 319], [1241, 319], [1241, 357], [1127, 357]], '엄마 보지', 0.9826198680279608), ([[1141, 357], [1223, 357], [1223, 399], [1141, 399]], '사용도', 0.9998525083777801), ([[1117, 397], [1249, 397], [1249, 439], [1117, 439]], '안팎는데>', 0.007098846587041669), ([[307, 513], [361, 513], [361, 553], [307, 553]], '부뜻', 0.20145040710773957)]
[([[24, 128], [224, 128], [224, 180], [24, 180]], '(소리 들키지', 0.9925200364543473), ([[44, 176], [198, 176], [198, 228], [44, 228]], '않기 위해', 0.8192984882449426), ([[951, 161], [1095, 161], [1095, 205], [951, 205]], '엄마 보지', 0.9893353915812494), ([[955, 201], [1095, 201], [1095, 245], [955, 245]], '꽉 조여서', 0.9961564201721013), ([[22, 220], [222, 220], [222, 272], [22, 272]], '틀은 사위기)', 0.9079225667972789), ([[940, 240], [1112, 240], [1112, 288], [940, 288]], '기분 좋아요', 0.961205423322019), ([[615, 405], [667, 405], [667, 445], [615, 445]], '#름', 0.19404827057274276), ([[650, 484], [680, 484], [680, 520], [650, 520]], '춤', 0.9967121728840631), ([[979, 629], [1045, 629], [1045, 673], [979, 673]], '논트', 0.9980345000415196), ([[978, 666], [1046, 666], [1046, 714], [978, 714]], '엄청', 0.9662739584586474), ([[1042, 624], [1116, 624], [1116, 716], [1042, 716]], '것5', 0.01289864381848644), ([[965, 709], [1125, 709], [1125, 753], [965, 753]], '기분 좋아~', 0.2762623352672373), ([[842, 1306], [896, 1306], [896, 1360], [842, 1360]], '판', 0.015723106299071254), ([[1066, 1386], [1118, 1386], [1118, 1438], [1066, 1438]], '땅', 0.019262828580721925)]
[([[78, 60], [146, 60], [146, 92], [78, 92]], '엄마가', 0.999156866245434), ([[66, 90], [154, 90], [154, 122], [66, 122]], '잠드는거', 0.9017540643764564), ([[44, 120], [178, 120], [178, 152], [44, 152]], '기다리고 있어', 0.9798356435768795), ([[886, 116], [932, 116], [932, 148], [886, 148]], '아!?', 0.5960444980651791), ([[54, 150], [168, 150], [168, 182], [54, 182]], '오늘밤 밤에', 0.7619539406372922), ([[885, 151], [923, 151], [923, 171], [885, 171]], "'1", 0.598885824802696), ([[76, 180], [144, 180], [144, 212], [76, 212]], '찾아갈', 0.7192951538835988), ([[894, 182], [938, 182], [938, 214], [894, 214]], '으응', 0.9998844352973044), ([[78, 210], [164, 210], [164, 242], [78, 242]], '거니까  ', 0.8304086691270695), ([[88, 802], [186, 802], [186, 834], [88, 834]], '이상한데 ', 0.9086682381823208), ([[90, 834], [187, 834], [187, 871], [90, 871]], '나예는 왜', 0.9647134315689269), ([[892, 836], [962, 836], [962, 868], [892, 868]], '아차]!', 0.7810450792312622), ([[96, 872], [184, 872], [184, 904], [96, 904]], '잠자리에', 0.9981378316879272), ([[672, 856], [738, 856], [738, 888], [672, 888]], '엄마는', 0.9689600321952689), ([[883, 865], [971, 865], [971, 901], [883, 901]], '엄마랑도', 0.7135940194129944), ([[648, 886], [762, 886], [762, 918], [648, 918]], '왜 잠자리에', 0.7415917045788798), ([[882, 896], [970, 896], [970, 928], [882, 928]], '약속한걸', 0.7027201056480408), ([[86, 908], [194, 908], [194, 940], [86, 940]], '들지 않지?', 0.9880684226891322), ([[651, 915], [759, 915], [759, 951], [651, 951]], '들지 않지?', 0.9724645852635961), ([[904, 928], [950, 928], [950, 960], [904, 960]], '깜짝', 0.5315589460562922), ([[892, 958], [962, 958], [962, 990], [892, 990]], '햇다]!', 0.7839979529380798), ([[794, 1042], [850, 1042], [850, 1104], [794, 1104]], '0', 0.10437575875608118)]
[([[175, 167], [233, 167], [233, 205], [175, 205]], '논트', 0.9960606189650336), ([[525, 153], [665, 153], [665, 195], [525, 195]], '위험한 날엔', 0.7663187184356139), ([[133, 201], [295, 201], [295, 241], [133, 241]], '제시간에 맞취', 0.8800427565655443), ([[541, 189], [647, 189], [647, 229], [541, 229]], '주의하럼', 0.3705106957461661), ([[119, 235], [313, 235], [313, 278], [119, 278]], '밖에 산 거 맞지?', 0.7418752141154847), ([[135, 271], [297, 271], [297, 311], [135, 311]], '설마 질내사정', 0.9928932604773372), ([[159, 307], [271, 307], [271, 345], [159, 345]], '하려면 건', 0.3621041154984985), ([[585, 294], [648, 294], [648, 331], [585, 331]], '하아', 0.9999160445100361), ([[167, 341], [265, 341], [265, 381], [167, 381]], '아니지?', 0.9998216032981873), ([[790, 332], [848, 332], [848, 364], [790, 364]], '하아', 0.9999535544888598), ([[782, 420], [814, 420], [814, 452], [782, 452]], '예', 0.9997584965621087), ([[741, 451], [857, 451], [857, 491], [741, 491]], '제시간에', 0.9974300265312195), ([[731, 487], [857, 487], [857, 527], [731, 527]], '맞싶어요:', 0.055829676956264764), ([[119, 716], [182, 716], [182, 753], [119, 753]], '하아', 0.9999747962776184), ([[554, 798], [600, 798], [600, 830], [554, 830]], '질척', 0.9728347810404366)]
[([[939, 79], [1001, 79], [1001, 123], [939, 123]], '후후', 0.9996110910357312), ([[48, 116], [146, 116], [146, 164], [48, 164]], '논트어', 0.40264167395139105), ([[937, 125], [1001, 125], [1001, 167], [937, 167]], '생겨', 0.6022402319655993), ([[923, 169], [1045, 169], [1045, 213], [923, 213]], '버력네어', 0.07271989434957504), ([[326, 1190], [476, 1190], [476, 1240], [326, 1240]], '방금 그건', 0.8999802715331195), ([[332, 1236], [472, 1236], [472, 1286], [332, 1286]], '꿈 맞지?', 0.9805855352295346)]
[]
[([[683, 109], [967, 109], [967, 171], [683, 171]], '낭 부인 (62세)', 0.8976602974334947), ([[681, 204], [962, 204], [962, 258], [681, 258]], '누쉬의 어머니이며', 0.32516820158590687), ([[676, 255], [968, 255], [968, 310], [676, 310]], '나예 논트의 할머니', 0.9404080861514337), ([[746, 306], [898, 306], [898, 356], [746, 356]], '(아트북에', 0.27534801859016866), ([[714, 356], [932, 356], [932, 410], [714, 410]], '기재되없다함)', 0.9307753275477978)]
[([[175, 1421], [407, 1421], [407, 1485], [175, 1485]], '누나 (22세)', 0.9972561045559654), ([[749, 1417], [1023, 1417], [1023, 1485], [749, 1485]], '어머니 (42세)', 0.9984418309498784), ([[1389, 1417], [1663, 1417], [1663, 1485], [1389, 1485]], '할머니 (62세)', 0.9512957668335945)]
[]
[]
[([[318, 160], [368, 160], [368, 190], [318, 190]], '저기,', 0.986679068145456), ([[316, 190], [374, 190], [374, 222], [316, 222]], '논트!', 0.8133734677876715), ([[206, 330], [242, 330], [242, 362], [206, 362]], '응?', 0.9987300146072514), ([[250, 552], [294, 552], [294, 584], [250, 584]], '방금', 0.9999742062261461), ([[220, 582], [324, 582], [324, 614], [220, 614]], '전화왕는데', 0.09935071915084658), ([[240, 614], [306, 614], [306, 644], [240, 644]], '엄마가', 0.9993737829104103), ([[232, 642], [314, 642], [314, 674], [232, 674]], '월요일날', 0.9998260736465454), ([[230, 672], [314, 672], [314, 704], [230, 704]], '중국에서', 0.9913381338119507), ([[80, 714], [144, 714], [144, 744], [80, 744]], '에에!?', 0.9346745014190674), ([[230, 702], [314, 702], [314, 734], [230, 734]], '돌아온데', 0.9801141023635864)]
[([[774, 228], [876, 228], [876, 278], [774, 278]], '논트~', 0.9975058436393738), ([[707, 275], [945, 275], [945, 335], [707, 335]], '엄마가 해외에', 0.9963616271207479), ([[748, 324], [905, 324], [905, 385], [748, 385]], '있는동안', 0.5600576996803284), ([[744, 378], [906, 378], [906, 432], [744, 432]], '누나름 잘', 0.636390080812018), ([[738, 426], [914, 426], [914, 482], [738, 482]], '지료켓지?', 0.872439909294454)]
[([[184, 204], [210, 204], [210, 234], [184, 234]], '19', 0.9872651033918788), ([[939, 365], [1011, 365], [1011, 407], [939, 407]], '23 ((:', 0.41077687243553473)]
[([[385, 1105], [435, 1105], [435, 1149], [385, 1149]], '1 .', 0.7689959406852722), ([[461.3560570951135, 178.0416396323738], [499.547372377929, 202.92120119866104], [457.6439429048865, 264.9583603676262], [420.452627622071, 239.07879880133896]], '*', 0.006577599450907634), ([[432.101167723432, 1103.0677069746514], [508.8834840541455, 1131.823303189171], [488.898832276568, 1180.9322930253486], [412.1165159458545, 1151.176696810829]], '군 쇠', 0.034680672011210015)]
