2850578
40
[([[1587, 248], [1907, 248], [1907, 595], [1587, 595]], '7', 0.09673600906325319), ([[1710, 632], [1849, 632], [1849, 832], [1710, 832]], '5)', 0.8453004858564219), ([[1586, 996], [1961, 996], [1961, 1225], [1586, 1225]], "''", 0.3654066584330564), ([[1734, 1304], [1881, 1304], [1881, 1488], [1734, 1488]], "',", 0.6828031458269938), ([[261, 1532], [424, 1532], [424, 1752], [261, 1752]], '(', 0.7853281685277267), ([[1719, 1473], [1927, 1473], [1927, 1965], [1719, 1965]], '"', 0.07220550578843277), ([[93, 1697], [280, 1697], [280, 2148], [93, 2148]], '5', 0.13398778433394742), ([[306, 1750], [445, 1750], [445, 1952], [306, 1952]], '4)', 0.6058715993666816), ([[1692, 2439], [1777, 2439], [1777, 2463], [1692, 2463]], '탁 시미 (+', 0.04702581456953279), ([[1669, 2456], [1804, 2456], [1804, 2549], [1669, 2549]], '허18', 0.04135657155634871), ([[1674, 2538], [1795, 2538], [1795, 2562], [1674, 2562]], '^신판. 어4', 0.0046355756359314215), ([[1680, 2566], [1791, 2566], [1791, 2610], [1680, 2610]], '#금8#충:4', 0.004034967022674688)]
[([[728, 483], [871, 483], [871, 549], [728, 549]], '으응 .', 0.8584488034248352), ([[881, 1457], [1067, 1457], [1067, 1523], [881, 1523]], '장난이.', 0.8480339646339417), ([[1595, 2158], [1731, 2158], [1731, 2211], [1595, 2211]], '시로코', 0.881627082824707), ([[145, 2200], [398, 2200], [398, 2266], [145, 2266]], '아니니까 ', 0.5444817771706955), ([[1587, 2201], [1744, 2201], [1744, 2327], [1587, 2327]], '장뉘은', 0.03230687705752803)]
[([[942, 622], [1096, 622], [1096, 691], [942, 691]], '넣울게', 0.4822269750729273), ([[269, 1000], [331, 1000], [331, 1069], [269, 1069]], '응', 0.9988068327175483), ([[355, 2220], [461, 2220], [461, 2288], [355, 2288]], '얼굴', 0.9999627423892065), ([[330, 2281], [484, 2281], [484, 2349], [330, 2349]], '이쪽올', 0.9380360799720215), ([[1286, 2283], [1348, 2283], [1348, 2351], [1286, 2351]], '옷', 0.7397910316781555), ([[331, 2337], [487, 2337], [487, 2409], [331, 2409]], '화쥐.', 0.2352853304605392)]
[([[1573, 426], [1684, 426], [1684, 498], [1573, 498]], '으응', 0.9986714527920422), ([[762, 2188], [970, 2188], [970, 2257], [762, 2257]], '움직일게', 0.9855457544326782), ([[787, 2249], [943, 2249], [943, 2311], [787, 2311]], '시로코', 0.9664662545738606)]
[([[1539, 283], [1649, 283], [1649, 414], [1539, 414]], '응', 0.2490554449981488), ([[971, 1731], [1184, 1731], [1184, 1881], [971, 1881]], '아앗', 0.045147392572659206), ([[206, 2106], [432, 2106], [432, 2274], [206, 2274]], '으유', 0.016166785458779604), ([[233.00772212328633, 743.0617769862906], [355.5771566050225, 767.433543730557], [337.9922778767137, 838.9382230137094], [216.4228433949775, 814.566456269443]], '하야', 0.9735711892890285)]
[([[1557, 378], [1891, 378], [1891, 535], [1557, 535]], '하아.', 0.37349318149493704), ([[1135, 2386], [1265, 2386], [1265, 2450], [1135, 2450]], '헤에.', 0.9856113108550119), ([[388, 2431], [505, 2431], [505, 2509], [388, 2509]], '옛취', 0.5361222849258452), ([[1661, 2462], [1752, 2462], [1752, 2510], [1661, 2510]], '하아', 0.9999738690539219), ([[1438, 2513], [1529, 2513], [1529, 2562], [1438, 2562]], '하아', 0.9999751334499342)]
[([[1597, 422], [1703, 422], [1703, 491], [1597, 491]], '춤진', 0.18934011804405473), ([[648, 511], [805, 511], [805, 564], [648, 564]], '시로코랑', 0.9922383427619934), ([[1581, 483], [1724, 483], [1724, 551], [1581, 551]], '않아?', 0.9887914755270041), ([[1038, 532], [1078, 532], [1078, 583], [1038, 583]], '응', 0.9997705352826394), ([[671, 554], [755, 554], [755, 607], [671, 607]], '처음', 0.9999184889680125), ([[1008, 574], [1135, 574], [1135, 627], [1008, 627]], '괜찮아', 0.9984384436720053), ([[612, 599], [814, 599], [814, 654], [612, 654]], '만닷올때가', 0.3311867169808104), ([[630, 644], [798, 644], [798, 697], [630, 697]], '생각나네', 0.9985182285308838), ([[1593, 1181], [1728, 1181], [1728, 1291], [1593, 1291]], '청생님', 0.08660930920883558), ([[1562, 1276], [1736, 1276], [1736, 1329], [1562, 1329]], '냄새가 나', 0.9977087518929648), ([[1273, 1612], [1370, 1612], [1370, 1674], [1273, 1674]], '너무', 0.9999260752280493), ([[1310, 1663], [1367, 1663], [1367, 1716], [1310, 1716]], '이', 0.9999291909355321), ([[1226, 1658], [1338, 1658], [1338, 1831], [1226, 1831]], '말꿈', 0.03467748539793779), ([[1269, 1816], [1374, 1816], [1374, 1873], [1269, 1873]], '하하', 0.9998729717618055), ([[1355, 2293], [1408, 2293], [1408, 2341], [1355, 2341]], '아', 0.9999326478855188), ([[645, 2328], [738, 2328], [738, 2390], [645, 2390]], '무슨', 0.9991944408251155), ([[1313, 2339], [1451, 2339], [1451, 2401], [1313, 2401]], '선생님', 0.9995664118484925), ([[623, 2378], [760, 2378], [760, 2434], [623, 2434]], '일이야', 0.9982501100527053), ([[612, 2428], [769, 2428], [769, 2479], [612, 2479]], '시로코?', 0.979858934879303), ([[1315.282155104837, 1711.03690451692], [1370.19578276295, 1704.35330623107], [1383.717844895163, 1821.96309548308], [1328.80421723705, 1829.64669376893]], '쥐', 0.7744239099440762)]
[([[376, 475], [629, 475], [629, 607], [376, 607]], '언갈생덧움', 0.014751359997669232), ([[1455, 517], [1679, 517], [1679, 583], [1455, 583]], '선생님은  .', 0.5422531425529257), ([[451, 586], [554, 586], [554, 648], [451, 648]], '같이', 0.9985991577225735), ([[397, 636], [612, 636], [612, 702], [397, 702]], '있어줄래?', 0.6625459803466409), ([[1381, 1201], [1487, 1201], [1487, 1267], [1381, 1267]], '함께', 0.9948913334544582), ([[1342, 1252], [1490, 1252], [1490, 1321], [1342, 1321]], '있어쥐', 0.9322644886051876), ([[817, 2140], [865, 2140], [865, 2204], [817, 2204]], '응', 0.9993032239098198), ([[1304, 2303], [1483, 2303], [1483, 2363], [1304, 2363]], '언제라도', 0.9997553825378418), ([[1305, 2354], [1480, 2354], [1480, 2409], [1305, 2409]], '시로코의', 0.9692655801773071), ([[1386, 2405], [1439, 2405], [1439, 2456], [1386, 2456]], '에', 0.9988162446535718), ([[1305, 2450], [1356, 2450], [1356, 2510], [1305, 2510]], '잎', 0.9564007300057007), ([[1340, 2397], [1490, 2397], [1490, 2518], [1340, 2518]], "'출쎄야", 0.28341156244277954)]
[([[756, 322], [789, 322], [789, 371], [756, 371]], '응', 0.9991089899145322), ([[1184, 385], [1291, 385], [1291, 436], [1184, 436]], '메일올', 0.9929451486877456), ([[1191, 426], [1260, 426], [1260, 471], [1191, 471]], '송신', 0.7251315854547306), ([[580, 448], [714, 448], [714, 501], [580, 501]], '고마위', 0.9804273067573158), ([[1152, 457], [1297, 457], [1297, 508], [1152, 508]], '햇습니다', 0.8287810683250427), ([[378, 1422], [546, 1422], [546, 1495], [378, 1495]], '선생님', 0.99975126873201)]
[([[280, 368], [340, 368], [340, 437], [280, 437]], '음', 0.9994681588825785), ([[262, 1432], [407, 1432], [407, 1494], [262, 1494]], '선생님.', 0.5150911808013916), ([[1487, 1436], [1623, 1436], [1623, 1515], [1487, 1515]], '사위', 0.9975889566461038), ([[1519, 1510], [1601, 1510], [1601, 1587], [1519, 1587]], '다', 0.9999988079074598), ([[1455, 1579], [1658, 1579], [1658, 1667], [1455, 1667]], '햇는데', 0.6918602091475015), ([[471, 2160], [606, 2160], [606, 2238], [471, 2238]], '해도', 0.9999726046583781), ([[457, 2235], [627, 2235], [627, 2316], [457, 2316]], '월까?', 0.6046079860614609)]
[([[986, 671], [1039, 671], [1039, 737], [986, 737]], '응', 0.999208368630903), ([[1502, 2249], [1643, 2249], [1643, 2313], [1502, 2313]], '으음  .', 0.4025660529259095), ([[910, 2370], [1033, 2370], [1033, 2525], [910, 2525]], '응', 0.9994071408903125)]
[]
[([[872, 386], [997, 386], [997, 450], [872, 450]], '응~', 0.7751755380990973), ([[1724, 549], [1905, 549], [1905, 710], [1724, 710]], '응!', 0.9446448947546329), ([[313, 1085], [373, 1085], [373, 1140], [313, 1140]], '어', 0.9999812842291114), ([[305, 2310], [414, 2310], [414, 2378], [305, 2378]], '으음', 0.9907161739573687), ([[1198, 2562], [1260, 2562], [1260, 2630], [1198, 2630]], '응', 0.9995347802628238)]
[([[1535, 362], [1592, 362], [1592, 483], [1535, 483]], '역', 0.2078633008271744), ([[1579, 359], [1643, 359], [1643, 542], [1579, 542]], '콩', 0.053181754719116237), ([[1531, 478], [1591, 478], [1591, 547], [1531, 547]], '종', 0.2215671273081563), ([[1511, 539], [1665, 539], [1665, 601], [1511, 601]], '시로코', 0.9982272653776617), ([[1501, 1431], [1659, 1431], [1659, 1504], [1501, 1504]], '조금만', 0.9996646207990307), ([[1550, 1494], [1606, 1494], [1606, 1549], [1550, 1549]], '더', 0.9999290717304667), ([[1116, 1537], [1171, 1537], [1171, 1588], [1116, 1588]], '그', 0.9999959468882622), ([[1481, 1546], [1680, 1546], [1680, 1621], [1481, 1621]], '천천히 .', 0.35674685853875904), ([[1412, 2364], [1659, 2364], [1659, 2473], [1412, 2473]], '멈취화', 0.7995569193413271), ([[1403, 2461], [1665, 2461], [1665, 2549], [1403, 2549]], '시로코!', 0.500885546207428)]
[([[260, 484], [627, 484], [627, 630], [260, 630]], '나온닷]', 0.5845835208892822), ([[441, 2280], [521, 2280], [521, 2373], [441, 2373]], '응', 0.9992752196844812)]
[([[214, 1180], [379, 1180], [379, 1277], [214, 1277]], '옷  !', 0.7815833687782288), ([[1509, 1549], [1620, 1549], [1620, 1616], [1509, 1616]], '그럼', 0.9999340829652656), ([[1489, 1608], [1640, 1608], [1640, 1676], [1489, 1676]], '넣울게', 0.3531691710886184), ([[1484, 1666], [1640, 1666], [1640, 1728], [1484, 1728]], '시로코', 0.997900635471093)]
[([[343, 384], [668, 384], [668, 558], [343, 558]], '으@응', 0.06712944395589533), ([[126, 1671], [362, 1671], [362, 1812], [126, 1812]], '하아 ,', 0.30588364601135254)]
[([[977, 363], [1245, 363], [1245, 548], [977, 548]], '아앗', 0.027272074633919858), ([[1108, 2006], [1231, 2006], [1231, 2129], [1108, 2129]], '(', 0.47687572475196305), ([[215, 2197], [343, 2197], [343, 2372], [215, 2372]], '응', 0.6826533362532814)]
[([[653, 293], [820, 293], [820, 397], [653, 397]], '으옷', 0.781469081954328)]
[([[1594, 411], [1748, 411], [1748, 477], [1594, 477]], '커피로', 0.9999777693916273), ([[1551, 466], [1797, 466], [1797, 539], [1551, 539]], '괜찮을까?', 0.21902218070280097), ([[270, 644], [431, 644], [431, 713], [270, 713]], '고마위', 0.994688013606103), ([[271, 706], [430, 706], [430, 772], [271, 772]], '선생님', 0.9965436956411828), ([[1597, 1772], [1706, 1772], [1706, 1834], [1597, 1834]], '저기', 0.99996965440393), ([[364, 1810], [569, 1810], [569, 1877], [364, 1877]], '시로코는', 0.3995308440142049), ([[1574, 1831], [1728, 1831], [1728, 1892], [1574, 1892]], '시로코', 0.9980220104906211), ([[411, 1867], [522, 1867], [522, 1935], [411, 1935]], '지금', 0.9999742062261461), ([[1131, 1816], [1315, 1816], [1315, 1944], [1131, 1944]], '뭐활까:', 0.29159170389175415), ([[372, 1925], [562, 1925], [562, 1994], [372, 1994]], '행복해?', 0.9994796514511108)]
[([[921, 430], [1142, 430], [1142, 611], [921, 611]], '지율이', 0.4992593667521075), ([[960, 589], [1105, 589], [1105, 675], [960, 675]], '제일', 0.999909638352609), ([[929, 661], [1132, 661], [1132, 749], [929, 749]], '행복해', 0.9998419094653864), ([[931, 735], [1129, 735], [1129, 823], [931, 823]], '선생님', 0.9998167887266494)]
[([[1553, 335], [1675, 335], [1675, 384], [1553, 384]], '그래서', 0.9999772876144699), ([[1541, 378], [1660, 378], [1660, 431], [1541, 431]], '선생이', 0.9765261030827064), ([[864, 403], [960, 403], [960, 451], [864, 451]], '하하', 0.9998621825870887), ([[1537, 421], [1662, 421], [1662, 476], [1537, 476]], '해야활', 0.4960145665824001), ([[552, 460], [594, 460], [594, 504], [552, 504]], '뭐', 0.9999973773973494), ([[1557, 466], [1606, 466], [1606, 521], [1557, 521]], '일', 0.9999694826547056), ([[513, 500], [634, 500], [634, 548], [513, 548]], '그래도', 0.9999741904763433), ([[1509, 506], [1603, 506], [1603, 568], [1509, 568]], '학생', 0.9999198376352314), ([[1639, 514], [1688, 514], [1688, 558], [1639, 558]], "'에", 0.532085031160745), ([[1503, 554], [1698, 554], [1698, 609], [1503, 609]], '있든는거라고', 0.22736692863222716), ([[1093, 595], [1283, 595], [1283, 657], [1093, 657]], '그런 말을', 0.6731839687975336), ([[1508, 599], [1691, 599], [1691, 654], [1508, 654]], '생각해 응', 0.7504518080702566), ([[1120, 636], [1260, 636], [1260, 749], [1120, 749]], '초', 0.01619983724797458), ([[1080, 734], [1295, 734], [1295, 789], [1080, 789]], '도와주지논', 0.6886252163208775), ([[1117, 775], [1253, 775], [1253, 835], [1117, 835]], '않아요', 0.9962361258265309), ([[1239, 1473], [1278, 1473], [1278, 1521], [1239, 1521]], '일', 0.9992363002525354), ([[1179, 1514], [1336, 1514], [1336, 1565], [1179, 1565]], '이외에도', 0.9983013868331909), ([[1179, 1559], [1338, 1559], [1338, 1608], [1179, 1608]], '의지하고', 0.8727878301008982), ([[1179, 1602], [1338, 1602], [1338, 1657], [1179, 1657]], '있으니까', 0.6547349691390991), ([[728, 1831], [934, 1831], [934, 1899], [728, 1899]], '앞으로도', 0.9982814788818359), ([[717, 1889], [945, 1889], [945, 1958], [717, 1958]], '잘 부탁해', 0.9992347431168461), ([[1193, 2291], [1279, 2291], [1279, 2344], [1193, 2344]], '만약', 0.9999574319483758), ([[1175, 2336], [1295, 2336], [1295, 2389], [1175, 2389]], '곤란한', 0.9835522816086489), ([[1193, 2378], [1279, 2378], [1279, 2431], [1193, 2431]], '일이', 0.9919361585975239), ([[1154, 2421], [1315, 2421], [1315, 2476], [1154, 2476]], '생긴다면', 0.8959678411483765), ([[1157, 2466], [1313, 2466], [1313, 2519], [1157, 2519]], '도와줄래', 0.9868887066841125), ([[1597.4224957091271, 469.0334630984937], [1635.0951917115335, 463.12141873953215], [1648.5775042908729, 564.9665369015063], [1610.9048082884665, 570.8785812604679]], '올', 0.442968536227454)]
[([[772, 261], [942, 261], [942, 316], [772, 316]], '트리니티', 0.5250258445739746), ([[1591, 270], [1725, 270], [1725, 325], [1591, 325]], '예년과', 0.9996625561266421), ([[772, 311], [946, 311], [946, 359], [772, 359]], '아비도스', 0.9996053576469421), ([[1573, 317], [1743, 317], [1743, 368], [1573, 368]], '비교하여', 0.9996998906135559), ([[817, 351], [908, 351], [908, 404], [817, 404]], '주변', 0.9996814689797623), ([[1594, 357], [1683, 357], [1683, 419], [1594, 419]], '극심', 0.9998619297162152), ([[790, 392], [924, 392], [924, 452], [790, 452]], '학군의', 0.9936880030369937), ([[779, 439], [940, 439], [940, 496], [779, 496]], '학생은 ..', 0.8730489896363356), ([[1638, 455], [1720, 455], [1720, 503], [1638, 503]], '어.', 0.5520424950095829), ([[187, 673], [238, 673], [238, 728], [187, 728]], '주=', 0.5206041211138346), ([[224, 633], [266, 633], [266, 725], [224, 725]], '예', 0.5391755947366086), ([[185, 718], [271, 718], [271, 769], [185, 769]], '하여', 0.9999608879486127), ([[1096, 1276], [1151, 1276], [1151, 1333], [1096, 1333]], '눈', 0.9999883175237443), ([[25, 2752], [363, 2752], [363, 2857], [25, 2857]], "어시미 '하", 0.0007894184264207008), ([[1552.6794970566216, 411.5192455849323], [1715.27820599731, 331.8840662756812], [1767.3205029433784, 451.4807544150677], [1604.72179400269, 531.1159337243188]], '횟격', 0.0016005915375134501)]
[([[1547, 465], [1615, 465], [1615, 763], [1547, 763]], '통', 0.06965312625875075)]
[([[1253, 1554], [1393, 1554], [1393, 1642], [1253, 1642]], '비 ', 0.4846343968930503)]
[([[880, 326], [971, 326], [971, 377], [880, 377]], '내가', 0.9997317037052507), ([[286, 351], [409, 351], [409, 402], [286, 402]], '아직도', 0.9998316546878526), ([[266, 394], [429, 394], [429, 449], [266, 449]], '선생한테', 0.6287786960601807), ([[856, 375], [990, 375], [990, 437], [856, 437]], '어떻게', 0.8816524272531409), ([[1189, 368], [1251, 368], [1251, 430], [1189, 430]], '응', 0.9985882261750625), ([[267, 435], [430, 435], [430, 489], [267, 489]], '고백하지', 0.8141834139823914), ([[1151, 418], [1283, 418], [1283, 479], [1151, 479]], '가끔씩', 0.9720309311886465), ([[257, 482], [438, 482], [438, 537], [257, 537]], '암은거야?', 0.7390311764738413), ([[854, 419], [997, 419], [997, 541], [854, 541]], '회톤', 0.08184279185473525), ([[1153, 469], [1287, 469], [1287, 531], [1153, 531]], '선배는', 0.9333255465272497), ([[1584, 486], [1743, 486], [1743, 539], [1584, 539]], '시로코장', 0.9796753525733948), ([[838, 530], [1015, 530], [1015, 590], [838, 590]], '선배와는', 0.5726591348648071), ([[1609, 531], [1720, 531], [1720, 584], [1609, 584]], '안녕~', 0.9983842207171437), ([[880, 583], [973, 583], [973, 640], [880, 640]], '상관', 0.9999516157607532), ([[1139, 508], [1303, 508], [1303, 700], [1139, 700]], '#둑', 0.00032318484478738915), ([[1152, 574], [1201, 574], [1201, 631], [1152, 631]], '생', 0.9993670988451555), ([[859, 631], [990, 631], [990, 691], [859, 691]], '없는데', 0.727623092588853), ([[1136, 680], [1306, 680], [1306, 735], [1136, 735]], '모르것어', 0.2829568088054657), ([[579, 741], [617, 741], [617, 792], [579, 792]], '응', 0.9997716080434316), ([[1710, 1127], [1806, 1127], [1806, 1178], [1710, 1178]], '에~?', 0.999395736439641), ([[729, 1186], [852, 1186], [852, 1241], [729, 1241]], '선생도', 0.999240549084499), ([[709, 1233], [870, 1233], [870, 1282], [709, 1282]], '아저씨도', 0.9988313317298889), ([[1197, 1278], [1324, 1278], [1324, 1329], [1197, 1329]], '호시보', 0.941809030037038), ([[1193, 1328], [1327, 1328], [1327, 1383], [1193, 1383]], '선배도', 0.9996338572396031), ([[1586, 1346], [1745, 1346], [1745, 1399], [1586, 1399]], '아저씨는', 0.5011951327323914), ([[441, 1373], [638, 1373], [638, 1426], [441, 1426]], '언제까지고', 0.9851249335850097), ([[1166, 1366], [1386, 1366], [1386, 1455], [1166, 1455]], '[선생님도 )', 0.7787051323393842), ([[1604, 1391], [1729, 1391], [1729, 1441], [1604, 1441]], '관계가', 0.9999344783969167), ([[419, 1412], [658, 1412], [658, 1473], [419, 1473]], '시로코장이랑', 0.4321343618548249), ([[1616, 1431], [1711, 1431], [1711, 1484], [1616, 1484]], '아주', 0.999629886440427), ([[455, 1503], [503, 1503], [503, 1558], [455, 1558]], '잎', 0.898703687187222), ([[487, 1455], [589, 1455], [589, 1568], [487, 1568]], "'출유", 0.005383098015935159), ([[540, 1505], [622, 1505], [622, 1558], [540, 1558]], '수는', 0.6630262837379676), ([[1560, 1471], [1771, 1471], [1771, 1582], [1560, 1582]], '생중하곤데 ', 0.33089654980134753), ([[441, 1548], [636, 1548], [636, 1603], [441, 1603]], '없는거니까', 0.4306738423400564), ([[1606, 1563], [1726, 1563], [1726, 1619], [1606, 1619]], '말이지', 0.9998172016696162), ([[1344, 1590], [1438, 1590], [1438, 1632], [1344, 1632]], '그야', 0.9999898847713415), ([[1720, 1979], [1764, 1979], [1764, 2025], [1720, 2025]], '왜', 0.9998521859436096), ([[761, 2054], [850, 2054], [850, 2110], [761, 2110]], '그런', 0.999832343953323), ([[1217, 2050], [1376, 2050], [1376, 2101], [1217, 2101]], '그러니까', 0.9994339346885681), ([[1701, 2027], [1750, 2027], [1750, 2080], [1701, 2080]], '그', 0.9999814034372889), ([[440, 2054], [648, 2054], [648, 2199], [440, 2199]], '선뉴-', 0.005730595071379425), ([[740, 2106], [870, 2106], [870, 2157], [740, 2157]], '호시노', 0.9981108411941735), ([[939, 2070], [1076, 2070], [1076, 2180], [939, 2180]], '현배논', 0.2800201587594835), ([[1204, 2093], [1387, 2093], [1387, 2146], [1204, 2146]], '시로코장~', 0.9439195166421176), ([[1673, 2019], [1821, 2019], [1821, 2248], [1673, 2248]], '꿀', 0.060113639575753774), ([[738, 2158], [874, 2158], [874, 2211], [738, 2211]], '선배가', 0.999903920198889), ([[961, 2167], [1052, 2167], [1052, 2220], [961, 2220]], '가끔', 0.9995579081868581), ([[945, 2259], [1034, 2259], [1034, 2314], [945, 2314]], '생각-', 0.615090012550354), ([[958, 2209], [1075, 2209], [1075, 2322], [958, 2322]], '물울', 0.03376388658522789), ([[1662, 2231], [1832, 2231], [1832, 2291], [1662, 2291]], '모르것어', 0.21435993909835815), ([[941, 2304], [1070, 2304], [1070, 2365], [941, 2365]], '하느지', 0.23520431249072327), ([[927, 2356], [1088, 2356], [1088, 2411], [927, 2411]], '모르켓어', 0.17313679446490934)]
[([[1601, 87], [1694, 87], [1694, 364], [1601, 364]], '절', 0.005025762103817721), ([[168, 514], [331, 514], [331, 581], [168, 581]], '뭐하러', 0.9765619159374431), ([[163, 573], [299, 573], [299, 641], [163, 641]], '옷어?', 0.16404051070978787), ([[781, 601], [982, 601], [982, 674], [781, 674]], '선생님..', 0.7470679127456996), ([[1507, 1270], [1616, 1270], [1616, 1337], [1507, 1337]], '이놈', 0.10431610623845959), ([[1484, 1329], [1640, 1329], [1640, 1395], [1484, 1395]], '전하러', 0.9729217064583715), ([[1507, 1387], [1618, 1387], [1618, 1456], [1507, 1456]], '앉어', 0.11875845794596987), ([[284, 1445], [449, 1445], [449, 1518], [284, 1518]], '소중한', 0.5631061792373657), ([[253, 1502], [477, 1502], [477, 1582], [253, 1582]], '학생에게', 0.6110937595367432), ([[968, 2224], [1072, 2224], [1072, 2672], [968, 2672]], '{', 0.008064350482076321)]
[([[399, 503], [448, 503], [448, 547], [399, 547]], '나', 0.9996829284273758), ([[380, 545], [465, 545], [465, 600], [380, 600]], '대신', 0.9999785051749225), ([[1541, 551], [1702, 551], [1702, 600], [1541, 600]], '그러니까', 0.9994965195655823), ([[344, 587], [501, 587], [501, 643], [344, 643]], '전해주지', 0.9996748566627502), ([[1580, 594], [1664, 594], [1664, 647], [1580, 647]], '선생', 0.9998920214816683), ([[358, 632], [483, 632], [483, 688], [358, 688]], '않울래', 0.2701887123107804), ([[1593, 1258], [1675, 1258], [1675, 1313], [1593, 1313]], '선생', 0.9966824536214561), ([[601, 1305], [760, 1305], [760, 1358], [601, 1358]], '부탁해도', 0.9992071390151978), ([[1573, 1303], [1696, 1303], [1696, 1356], [1573, 1356]], '말대로', 0.9996882957499208), ([[639, 1350], [724, 1350], [724, 1403], [639, 1403]], '월까', 0.31747243038993794), ([[1553, 1348], [1711, 1348], [1711, 1401], [1553, 1401]], '아저씨는', 0.49950242042541504), ([[1593, 1391], [1675, 1391], [1675, 1444], [1593, 1444]], '조금', 0.9988529733060567), ([[1523, 1436], [1729, 1436], [1729, 1486], [1523, 1486]], '서투르니까.', 0.243953426617173), ([[309, 1641], [387, 1641], [387, 1686], [309, 1686]], '시노', 0.9842390616887262), ([[286, 1683], [384, 1683], [384, 1732], [286, 1732]], '선배!', 0.9391345965024216), ([[1499, 2187], [1709, 2187], [1709, 2260], [1499, 2260]], '시로코장', 0.9330404996871948), ([[1547, 2249], [1661, 2249], [1661, 2313], [1547, 2313]], '에게', 0.8743963158868315), ([[277, 2300], [478, 2300], [478, 2388], [277, 2388]], '호시노', 0.9985412481745538), ([[240, 2378], [515, 2378], [515, 2464], [240, 2464]], '선배애~!', 0.9899070703811041)]
[([[1528, 369], [1644, 369], [1644, 418], [1528, 418]], '호시노', 0.9993109507528046), ([[1526, 414], [1646, 414], [1646, 467], [1526, 467]], '선배가', 0.9935980561455021), ([[356, 470], [478, 470], [478, 532], [356, 532]], '괜찮은', 0.6331618113220144), ([[1525, 456], [1645, 456], [1645, 510], [1525, 510]], '시로코', 0.9957469708771405), ([[352, 511], [485, 511], [485, 615], [352, 615]], '효자호', 0.10806570615991602), ([[1508, 487], [1664, 487], [1664, 660], [1508, 660]], '#문', 0.11509514749389235), ([[1562, 587], [1646, 587], [1646, 640], [1562, 640]], "'다니", 0.9067113371919954), ([[358, 608], [476, 608], [476, 661], [358, 661]], '선배?!', 0.9961728453636169), ([[1503, 632], [1669, 632], [1669, 688], [1503, 688]], '그게 무슨', 0.9990581940708625), ([[1508, 677], [1666, 677], [1666, 730], [1508, 730]], '말이야?!', 0.9991833805003287), ([[853, 727], [922, 727], [922, 758], [853, 758]], '으헤~', 0.5024889707565308), ([[1539, 1040], [1700, 1040], [1700, 1095], [1539, 1095]], '싸월다는', 0.21023429930210114), ([[1559, 1087], [1680, 1087], [1680, 1140], [1559, 1140]], '얘기틀', 0.5441479937368064), ([[779, 1136], [937, 1136], [937, 1187], [779, 1187]], '노노미야', 0.942701518535614), ([[1557, 1130], [1684, 1130], [1684, 1180], [1557, 1180]], '하니까', 0.8755773173074167), ([[815, 1179], [897, 1179], [897, 1232], [815, 1232]], '말로', 0.9999004505951777), ([[1555, 1175], [1687, 1175], [1687, 1228], [1555, 1228]], '두 사람', 0.9960349495742307), ([[796, 1223], [916, 1223], [916, 1278], [796, 1278]], '평소의', 0.9999610448599316), ([[1582, 1220], [1660, 1220], [1660, 1268], [1582, 1268]], '모두', 0.6901425931177277), ([[776, 1267], [933, 1267], [933, 1322], [776, 1322]], '가디건은', 0.9895945191383362), ([[1523, 1260], [1723, 1260], [1723, 1315], [1523, 1315]], '당황하면서', 0.9921044814632911), ([[797, 1312], [917, 1312], [917, 1367], [797, 1367]], '어떻게', 0.8792834581736989), ([[1538, 1304], [1703, 1304], [1703, 1359], [1538, 1359]], '뛰쳐나와', 0.5164845585823059), ([[243, 1357], [386, 1357], [386, 1408], [243, 1408]], '아하하;', 0.9998965263366699), ([[801, 1355], [910, 1355], [910, 1403], [801, 1403]], '하고?', 0.9997691627910924), ([[1548, 1350], [1671, 1350], [1671, 1401], [1548, 1401]], '버려서.', 0.9783616662025452), ([[424, 1849], [576, 1849], [576, 1917], [424, 1917]], '모두들', 0.9996130466461182), ([[382, 1907], [619, 1907], [619, 1971], [382, 1971]], '시로코가..', 0.7060556802183738)]
[([[195, 471], [527, 471], [527, 558], [195, 558]], '단 한 마디면', 0.8181240657441686), ([[1611, 495], [1819, 495], [1819, 570], [1611, 570]], '더이상', 0.9979966206545863), ([[194, 543], [456, 543], [456, 622], [194, 622]], '전달할 수', 0.9408213591377926), ([[1618, 565], [1794, 565], [1794, 638], [1618, 638]], '시간이', 0.9998934588625465), ([[193, 614], [461, 614], [461, 700], [193, 700]], '있으니까 .', 0.8392000010459649), ([[1650, 630], [1765, 630], [1765, 708], [1650, 708]], '없어', 0.9999825512493038), ([[196, 689], [577, 689], [577, 768], [196, 768]], '잘 선택해야해', 0.9996243159063295), ([[1455, 1196], [1863, 1196], [1863, 1344], [1455, 1344]], '고마위?', 0.9859185814857483), ([[1515, 1425], [1698, 1425], [1698, 1502], [1515, 1502]], '아니야', 0.9998864387634857), ([[214, 1978], [395, 1978], [395, 2082], [214, 2082]], '네가', 0.9992868655293984), ([[208, 2072], [479, 2072], [479, 2193], [208, 2193]], '원하는', 0.8368011383759085), ([[1489, 2081], [1813, 2081], [1813, 2222], [1489, 2222]], '미안해', 0.9983579351119781), ([[213, 2173], [391, 2173], [391, 2290], [213, 2290]], '말은', 0.8847800385006398), ([[216, 2279], [391, 2279], [391, 2387], [216, 2387]], '달라', 0.9998392557040359), ([[612, 2197], [774, 2197], [774, 2406], [612, 2406]], ')', 0.045862793109642475), ([[1462, 2344], [1575, 2344], [1575, 2410], [1462, 2410]], '그게', 0.9983955938280167), ([[382, 2407], [495, 2407], [495, 2471], [382, 2471]], '그게', 0.9986059827160518), ([[1454, 2397], [1637, 2397], [1637, 2474], [1454, 2474]], '아니야', 0.9999632472652552), ([[323, 2458], [504, 2458], [504, 2537], [323, 2537]], '아니야', 0.9975140690803528)]
[([[1478, 296], [1824, 296], [1824, 420], [1478, 420]], '맛지막에', 0.9176930785179138), ([[1566, 402], [1822, 402], [1822, 517], [1566, 517]], '전하지', 0.9997843039515224), ([[1565, 506], [1822, 506], [1822, 616], [1565, 616]], '않으면', 0.9592598279813773), ([[1616, 610], [1821, 610], [1821, 714], [1616, 714]], '안 돼', 0.8029260635375977), ([[1582, 1114], [1765, 1114], [1765, 1230], [1582, 1230]], '나는', 0.993735575924034), ([[302, 1254], [485, 1254], [485, 1355], [302, 1355]], '네가', 0.9998494547763805), ([[212, 1313], [599, 1313], [599, 1650], [212, 1650]], '콤얼쉽=', 0.00019799564324785024), ([[1574, 1206], [1769, 1206], [1769, 1540], [1574, 1540]], '원그', 0.004075018735816638), ([[1421, 1519], [1763, 1519], [1763, 1633], [1421, 1633]], '없으니까', 0.9905084371566772), ([[1046, 2115], [1338, 2115], [1338, 2229], [1046, 2229]], '시로코', 0.9938537337286594), ([[736, 2347], [1097, 2347], [1097, 2528], [736, 2528]], '너클-', 0.8144001960754395), ([[435.33759627916515, 1414.016887071637], [533.5239265208012, 1439.1845694608955], [481.66240372083485, 1635.983112928363], [384.4760734791988, 1610.8154305391045]], '록', 0.07847233208255844)]
[]
[([[872, 348], [1292, 348], [1292, 522], [872, 522]], '사랑해', 0.9996493422368838)]
[([[392, 340], [512, 340], [512, 391], [392, 391]], '고마위', 0.9040169506034821), ([[1622, 340], [1797, 340], [1797, 393], [1622, 393]], '아비도스', 0.9998655460312339), ([[1625, 383], [1795, 383], [1795, 436], [1625, 436]], '교사까지', 0.7046174606465959), ([[1643, 425], [1779, 425], [1779, 481], [1643, 481]], '앞으로', 0.9546353220939636), ([[275, 497], [364, 497], [364, 550], [275, 550]], '항상', 0.9996007241079259), ([[1033, 464], [1124, 464], [1124, 521], [1033, 521]], '발밑', 0.9656115082186367), ([[1112, 461], [1162, 461], [1162, 562], [1112, 562]], "'올", 0.10561427791903404), ([[1663, 468], [1761, 468], [1761, 521], [1663, 521]], '1디분', 0.5440571530457295), ([[1035, 511], [1122, 511], [1122, 566], [1035, 566]], '조심', 0.999618760896895), ([[1645, 515], [1777, 515], [1777, 571], [1645, 571]], '입니다', 0.9967002715168977), ([[261, 542], [377, 542], [377, 595], [261, 595]], '도움이', 0.9997223630349037), ([[1033, 556], [1169, 556], [1169, 609], [1033, 609]], '주세요', 0.9999859596080614), ([[277, 587], [361, 587], [361, 636], [277, 636]], '되네', 0.9953335774445289), ([[1303, 1078], [1437, 1078], [1437, 1129], [1303, 1129]], '그리고', 0.9999982105368138), ([[1285, 1121], [1423, 1121], [1423, 1174], [1285, 1174]], '제대로', 0.9999967652014766), ([[1257, 1162], [1449, 1162], [1449, 1222], [1257, 1222]], '앞올 보고', 0.6511591796882414), ([[1247, 1207], [1461, 1207], [1461, 1270], [1247, 1270]], '걸어주세요', 0.9818434273956986), ([[667, 1279], [872, 1279], [872, 1497], [667, 1497]], '우월', 0.06734618656297094), ([[1609, 1505], [1675, 1505], [1675, 1556], [1609, 1556]], '앞?', 0.9997269836324592), ([[989, 2013], [1127, 2013], [1127, 2081], [989, 2081]], '선생?', 0.9994267054778783), ([[1312, 2428], [1448, 2428], [1448, 2476], [1312, 2476]], '아야야', 0.8757489166898716)]
[([[234, 252], [623, 252], [623, 364], [234, 364]], '8 {3 &', 0.04756993015053975), ([[723, 271], [1846, 271], [1846, 368], [723, 368]], '(주*손 춤소 : 5 * 솔3 < + 단))', 0.006375016179301999), ([[225, 448], [1707, 448], [1707, 523], [225, 523]], '틈싫선 /* 단짓날 <릎렉#다 (- 8 { #3 전 플}없 ) < 5스-#0호 .', 4.802242136985504e-05), ([[232, 516], [1761, 516], [1761, 588], [232, 588]], '<@룩후(주& %국(-줌*? -++억: 8 5 1{ 5 <단 : 나+', 0.0002063885190716225), ([[228, 583], [1706, 583], [1706, 656], [228, 656]], "#미료 5 소&호 1} 8 8 *# 구 2 디미름  (: ' '소한:9*@", 0.000511504103556451), ([[225, 687], [373, 687], [373, 773], [225, 773]], '_&4', 0.489133679737202), ([[226, 764], [1685, 764], [1685, 848], [226, 848]], '_#소0 ##염##(+ 5 ### # (#각21 5 $ 501미] ?', 0.0030369433272612904), ([[228, 837], [1686, 837], [1686, 912], [228, 912]], '^ #하 5 그모77 > } (아숙소)#다뉴 표(7)마 그 #하$', 0.0011729287810818465), ([[227, 903], [1401, 903], [1401, 980], [227, 980]], '_.1소한_ 이청}.## < 5 노 겨?+소.호1  ?', 0.0011402826720618524), ([[228, 970], [1396, 970], [1396, 1043], [228, 1043]], '^ 류뉴소##름소 <습 < (-##날 1- < + 2+9 5 .호', 0.003062225335902903), ([[284, 1038], [1491, 1038], [1491, 1110], [284, 1110]], '+소 소-버: : 디(-1-차 < #포? ( 3소뜻내람 5', 0.005018500946553224), ([[228, 1105], [1594, 1105], [1594, 1178], [228, 1178]], "^ 팀신선 표  '7* 5 .$ @로구 = ({토-?  소(규 5 : $..", 0.0004743688552711693), ([[224, 1212], [347, 1212], [347, 1280], [224, 1280]], "' 품품", 0.06410087645053864), ([[225, 1276], [1097, 1276], [1097, 1349], [225, 1349]], '료#소#터 | 9  2+- 의답 | *: (꿈소논', 0.00021742522976633767), ([[234, 1341], [1401, 1341], [1401, 1416], [234, 1416]], '52 50977 6 9/ 그축늙/도 0)7#7 한 쇼호..', 0.0008674661768526651), ([[228, 1409], [1810, 1409], [1810, 1484], [228, 1484]], '속미어주0[치경 & 7받 < 5 ( 거물< : 0때품0)컴*름 (- *#+ 5', 0.0014019574572439386), ([[232, 1476], [1457, 1476], [1457, 1549], [232, 1549]], "내디: $ @ #스락겨  ' 0 3 < 55'1-(금#}날 /쇼 뼈.호 @", 9.158598383620635e-05), ([[227, 1542], [1745, 1542], [1745, 1617], [227, 1617]], '7 )^4(?)(-지? (+:다 > 5 0(첫#물(-위? -+ 5 내 * $0', 0.0032052386581493853), ([[228, 1609], [1643, 1609], [1643, 1684], [228, 1684]], "속소하 ? 5091그 난 # 4+^:버어)교모초: ((? )98 5 0 ' 5", 0.0006648942279600386), ([[225, 1677], [1482, 1677], [1482, 1749], [225, 1749]], '91 " 자 (-##소. < 309 #티봇( 3(- 내디 : 3 0', 0.0018319111728768718), ([[232, 1742], [1351, 1742], [1351, 1815], [232, 1815]], '(+5 근 3 근 31소#포5 : 호 로 < . {릿#습볶', 0.01626426158198134), ([[232, 1809], [1819, 1809], [1819, 1882], [232, 1882]], "근 5   '초(속미0)틈금하 5 #류간 )미그 7: 5 뜰?+ ;카한## '+-소가호", 0.00037797123204810675), ([[228, 1875], [1225, 1875], [1225, 1947], [228, 1947]], '1} 노 빼움( #-  5 뜰?  3/한:병# ?', 0.0011561425142744364), ([[227, 1973], [364, 1973], [364, 2060], [227, 2060]], '속소', 0.28878281466978994), ([[228, 2052], [791, 2052], [791, 2125], [228, 2125]], '활 < ( 고 3+90} 0*', 0.057561950809387676), ([[225, 2120], [721, 2120], [721, 2193], [225, 2193]], "##날+ ' .39 *.", 0.010789887745255198), ([[228, 2185], [676, 2185], [676, 2258], [228, 2258]], '속미미0 주#물& 5 0)', 0.10037347428140893), ([[1028, 2182], [1169, 2182], [1169, 2269], [1028, 2269]], '및사', 0.0495658969976847), ([[229, 2254], [729, 2254], [729, 2322], [229, 2322]], '료퉁0 + + /  손 #초 3', 0.09684919684159025), ([[1029, 2262], [1171, 2262], [1171, 2341], [1029, 2341]], '스#', 0.057673933789059384), ([[1226, 2264], [1605, 2264], [1605, 2339], [1226, 2339]], '5 야 -+0 }', 0.05398197695836929), ([[226, 2321], [680, 2321], [680, 2390], [226, 2390]], '햇다 /2+-09', 0.008466680954641466), ([[1028, 2335], [1830, 2335], [1830, 2422], [1028, 2422]], '초#움-;  (어<어하못#;-.123@8굽하-여|천', 1.2736065737755686e-06), ([[225, 2384], [681, 2384], [681, 2460], [225, 2460]], '++도" 31**05', 0.06104239580987449), ([[1031, 2415], [1230, 2415], [1230, 2492], [1031, 2492]], '태]]깐주', 0.0003578661312986705), ([[1285, 2415], [1657, 2415], [1657, 2487], [1285, 2487]], '# ) ) )-7', 0.16877907412257942), ([[225, 2453], [615, 2453], [615, 2526], [225, 2526]], '##날+ ) 쇼3..', 0.012822111024827887), ([[1029, 2487], [1223, 2487], [1223, 2568], [1029, 2568]], '쭉스주터', 0.0175007451325655), ([[1281, 2491], [1556, 2491], [1556, 2568], [1281, 2568]], '12530터', 0.26148256737277253), ([[227, 2584], [874, 2584], [874, 2658], [227, 2658]], '5 5 선2 5 <단 : -+@', 0.00796444818282868), ([[1028, 2560], [1347, 2560], [1347, 2649], [1028, 2649]], '가추++~마(*)', 0.0016268778408035256), ([[1400, 2570], [1617, 2570], [1617, 2643], [1400, 2643]], '@마-.', 0.08944171667098999), ([[1637, 2571], [1829, 2571], [1829, 2639], [1637, 2639]], '<룹어(어', 0.0017829118580870056)]
[([[790, 239], [897, 239], [897, 289], [790, 289]], '조언할', 0.8979514102454268), ([[789, 280], [894, 280], [894, 324], [789, 324]], '생각에', 0.9995546433784354), ([[757, 316], [896, 316], [896, 356], [757, 356]], '아저씨가', 0.9955480694770813), ([[761, 351], [865, 351], [865, 402], [761, 402]], '쓸데없', 0.9995349604816984), ([[1033, 338], [1192, 338], [1192, 386], [1033, 386]], '호시노가', 0.9906179904937744), ([[822, 390], [864, 390], [864, 466], [822, 466]], '말', 0.6960122019343231), ([[858, 354], [896, 354], [896, 468], [858, 468]], '틀', 0.027507591182534874), ([[1027, 379], [1196, 379], [1196, 480], [1027, 480]], '시루랍와', 0.05261755734682083), ([[788, 461], [899, 461], [899, 510], [788, 510]], '말이야', 0.9997422528954208), ([[1028, 468], [1196, 468], [1196, 523], [1028, 523]], '희한하네', 0.9746271967887878), ([[210, 600], [313, 600], [313, 644], [210, 644]], '어떻게', 0.7099183414427006), ([[188, 629], [335, 629], [335, 722], [188, 722]], '절러스-', 0.007983381859958172), ([[909, 1024], [1036, 1024], [1036, 1077], [909, 1077]], '왜냐면', 0.9993510036113913), ([[1232, 1092], [1364, 1092], [1364, 1132], [1232, 1132]], '호시노도', 0.9995094537734985), ([[1245, 1131], [1348, 1131], [1348, 1170], [1245, 1170]], '의외로', 0.7635210156440735), ([[1231, 1166], [1367, 1166], [1367, 1214], [1231, 1214]], '서튼면이', 0.3740284740924835), ([[1261, 1205], [1335, 1205], [1335, 1249], [1261, 1249]], '잇네', 0.3230824196293033), ([[760, 1228], [965, 1228], [965, 1296], [760, 1296]], '시로코틀', 0.433847039937973), ([[782, 1286], [943, 1286], [943, 1352], [782, 1352]], '위해서', 0.9999117662107687), ([[805, 1347], [920, 1347], [920, 1415], [805, 1415]], '말한', 0.9245495134509749), ([[766, 1405], [959, 1405], [959, 1474], [766, 1474]], '거잖아?', 0.6299498081207275), ([[256, 1981], [353, 1981], [353, 2041], [256, 2041]], '그럼', 0.9998302367150357), ([[212, 2028], [397, 2028], [397, 2088], [212, 2088]], '호시노의', 0.9938605427742004), ([[231, 2083], [383, 2083], [383, 2147], [231, 2147]], '마음을', 0.6583078503608704), ([[204, 2132], [405, 2132], [405, 2194], [204, 2194]], '한 마디로', 0.9992965117230594), ([[233, 2184], [380, 2184], [380, 2248], [233, 2248]], '전하면', 0.9999275270841197), ([[170, 2233], [448, 2233], [448, 2302], [170, 2302]], '되지 앉젯어?', 0.3553740954836498), ([[1173, 2409], [1240, 2409], [1240, 2453], [1173, 2453]], '에?', 0.9998086586698335)]
[([[992, 423], [1111, 423], [1111, 472], [992, 472]], '시로코', 0.9921446161818321), ([[1008, 466], [1095, 466], [1095, 519], [1008, 519]], '라면', 0.9999711716773277), ([[992, 509], [1111, 509], [1111, 564], [992, 564]], '충분히', 0.9917173296453594), ([[954, 554], [1153, 554], [1153, 609], [954, 609]], '전해질거야', 0.9954402741690764), ([[512, 1259], [654, 1259], [654, 1312], [512, 1312]], '호시노?', 0.9991415143013), ([[1375, 1402], [1531, 1402], [1531, 1450], [1375, 1450]], '시로코가', 0.9993468523025513), ([[1365, 1437], [1469, 1437], [1469, 1550], [1365, 1550]], '알하', 0.5755047479422191), ([[1410, 1448], [1452, 1448], [1452, 1501], [1410, 1501]], '논', 0.7117552510564771), ([[1451, 1442], [1539, 1442], [1539, 1548], [1451, 1548]], '켓육', 0.00670227384249979), ([[1265, 1629], [1365, 1629], [1365, 1673], [1265, 1673]], '호시노', 0.9992311209545457), ([[1251, 2167], [1415, 2167], [1415, 2306], [1251, 2306]], '언))', 0.18845756768435534), ([[1528, 2205], [1612, 2205], [1612, 2258], [1528, 2258]], '선생', 0.999832343953323)]
[([[735, 406], [891, 406], [891, 466], [735, 466]], '시로코', 0.9960728871626616), ([[429, 2116], [536, 2116], [536, 2183], [429, 2183]], '옆에', 0.9203943405531734), ([[374, 2169], [593, 2169], [593, 2244], [374, 2244]], '괜찮올까', 0.7828096151351929)]
[([[946, 362], [1071, 362], [1071, 416], [946, 416]], '나저나', 0.9806370842682293), ([[1411, 349], [1527, 349], [1527, 397], [1411, 397]], '하아~', 0.6116886138916016), ([[957, 411], [1067, 411], [1067, 455], [957, 455]], '비도스', 0.9992577537319196), ([[1442, 392], [1522, 392], [1522, 447], [1442, 447]], '엄정', 0.6717849323423281), ([[968, 455], [1050, 455], [1050, 505], [968, 505]], '[서도', 0.6400599045543365), ([[1440, 437], [1525, 437], [1525, 492], [1440, 492]], '줍네', 0.22359015534720528), ([[322, 500], [438, 500], [438, 548], [322, 548]], '호시노', 0.9994211310415072), ([[770, 486], [901, 486], [901, 539], [770, 539]], '그런 걸', 0.6737977252584396), ([[970, 497], [1032, 497], [1032, 546], [970, 546]], '-이', 0.1352318181219312), ([[1402, 482], [1561, 482], [1561, 537], [1402, 537]], '곤란한걸', 0.9161286354064941), ([[317, 547], [442, 547], [442, 598], [317, 598]], '선배에', 0.9981516444982144), ([[754, 531], [917, 531], [917, 580], [754, 580]], '얘기하러', 0.942855715751648), ([[968, 542], [1086, 542], [1086, 595], [968, 595]], '스구나', 0.05483193954778612), ([[290, 590], [472, 590], [472, 643], [290, 643]], '대한거지?', 0.86773394268091), ([[788, 574], [886, 574], [886, 627], [788, 627]], '온 게', 0.9816667391495045), ([[754, 619], [922, 619], [922, 672], [754, 672]], '아니잖아', 0.4481208622455597), ([[712, 1441], [819, 1441], [819, 1508], [712, 1508]], '그럼', 0.9999076996494414), ([[717, 1500], [779, 1500], [779, 1562], [717, 1562]], '왜', 0.998080817673074), ([[670, 1558], [828, 1558], [828, 1627], [670, 1627]], '온건데', 0.9961154678255683), ([[897, 2240], [1114, 2240], [1114, 2309], [897, 2309]], '그건말야', 0.9986318498686372), ([[924, 2301], [1080, 2301], [1080, 2363], [924, 2363]], '시로코', 0.9671695616465784)]
[([[1168, 401], [1327, 401], [1327, 449], [1168, 449]], '시로코가', 0.9925314726955361), ([[1006, 524], [1063, 524], [1063, 584], [1006, 584]], '내', 0.9997086737171799), ([[955, 577], [1118, 577], [1118, 653], [955, 653]], '소중한', 0.9852535724639893), ([[927, 636], [1140, 636], [1140, 712], [927, 712]], '학생이기', 0.9994335174560547), ([[931, 699], [1143, 699], [1143, 767], [931, 767]], '때문이야', 0.9995418190956116), ([[1051, 1204], [1211, 1204], [1211, 1264], [1051, 1264]], '선생님은', 0.7153224349021912), ([[1064, 1247], [1196, 1247], [1196, 1309], [1064, 1309]], '학생의', 0.999606810188108), ([[1087, 1294], [1174, 1294], [1174, 1347], [1087, 1347]], '일이', 0.997020339579107), ([[1035, 1339], [1228, 1339], [1228, 1392], [1035, 1392]], '무엇보다도', 0.9978983061322801), ([[192, 1387], [338, 1387], [338, 1431], [192, 1431]], '"그렇구나', 0.9950935519643073), ([[1031, 1378], [1231, 1378], [1231, 1438], [1031, 1438]], '중요하니까', 0.9619909063926532), ([[1128, 2133], [1293, 2133], [1293, 2208], [1128, 2208]], '선생님', 0.9992753713320044)]
