2865470
81
[([[7, 35], [241, 35], [241, 239], [7, 239]], '호', 0.9987538169443191), ([[21, 267], [205, 267], [205, 501], [21, 501]], '시', 0.9999780656110033), ([[913, 37], [1101, 37], [1101, 585], [913, 585]], '-', 0.017235676063137362), ([[28, 542], [204, 542], [204, 740], [28, 740]], '노', 0.9872991396196404), ([[921, 587], [1105, 587], [1105, 1115], [921, 1115]], '8', 0.10346913205541242), ([[36, 1550], [62, 1550], [62, 1584], [36, 1584]], '통', 0.8826990650472091), ([[61.217272924571674, 1561.1039098209153], [130.9568667644398, 1575.4931085546675], [124.78272707542833, 1603.8960901790847], [55.0431332355602, 1588.5068914453325]], '@사존명', 0.014868602156639099)]
[]
[([[1002, 1512], [1032, 1512], [1032, 1536], [1002, 1536]], '12', 0.9999993256504904)]
[([[958, 350], [1018, 350], [1018, 380], [958, 380]], '아"', 0.9339059171694706), ([[955, 393], [1079, 393], [1079, 433], [955, 433]], '아저씨 거', 0.5259481859557966), ([[957, 443], [1045, 443], [1045, 485], [957, 485]], '빨위 ', 0.014685480123203103), ([[33, 697], [145, 697], [145, 741], [33, 741]], '없다""니', 0.35807026482747467), ([[35, 753], [149, 753], [149, 789], [35, 789]], '으헤어"', 0.5571795105934143), ([[101, 1513], [129, 1513], [129, 1533], [101, 1533]], '13', 0.809069974318437)]
[([[1007, 259], [1056, 259], [1056, 386], [1007, 386]], '"', 0.9231256293390153), ([[169, 407], [289, 407], [289, 449], [169, 449]], '저   정말', 0.4060004852606859), ([[390, 414], [422, 414], [422, 448], [390, 448]], '4', 0.28304823228822684), ([[171, 457], [289, 457], [289, 501], [171, 501]], '"이대로', 0.8283871834167547), ([[171, 509], [305, 509], [305, 549], [171, 549]], '할   거야?', 0.5110128487673612), ([[742, 806], [780, 806], [780, 814], [742, 814]], '8 }  이 5', 0.044207860051778826), ([[1003, 1513], [1031, 1513], [1031, 1533], [1003, 1533]], '14', 0.7631075348100118), ([[423.48466994708195, 664.0221713861504], [466.52736286177816, 654.0232208998477], [496.51533005291805, 791.9778286138496], [453.47263713822184, 801.9767791001523]], '"', 0.9931452131731966)]
[([[424, 766], [478, 766], [478, 834], [424, 834]], '심', 0.2860138376981105), ([[742, 806], [780, 806], [780, 814], [742, 814]], '무 5 0 0 5', 0.04548877307309059), ([[372, 870], [426, 870], [426, 978], [372, 978]], '혈', 0.11954432241271107), ([[101, 1513], [129, 1513], [129, 1533], [101, 1533]], '15', 0.9999992413568111)]
[([[424, 768], [478, 768], [478, 834], [424, 834]], '빚', 0.03831519740876943), ([[742, 806], [780, 806], [780, 814], [742, 814]], '8 } 0 0 5', 0.1820584652174939), ([[593, 1317], [637, 1317], [637, 1389], [593, 1389]], '국', 0.942386410645927), ([[1002, 1512], [1032, 1512], [1032, 1536], [1002, 1536]], '16', 0.9999795166930683), ([[374.4654469694149, 872.0286568155585], [413.20136783918065, 868.1464739297103], [424.5345530305851, 974.9713431844415], [385.79863216081935, 978.8535260702897]], '혈', 0.03601324605313838), ([[250.69752469799056, 1012.0091575168441], [292.7063115284697, 1016.300159474215], [273.30247530200944, 1186.990842483156], [232.2936884715303, 1182.699840525785]], '!', 0.09188465360555487), ([[314.79638894912205, 1029.0069175520944], [343.10010794531877, 1034.2089853979876], [315.20361105087795, 1181.9930824479056], [286.89989205468123, 1176.7910146020124]], '8', 0.015818888191362568)]
[([[895, 256], [1039, 256], [1039, 298], [895, 298]], '서  선생님', 0.4818682316009829), ([[895, 299], [959, 299], [959, 341], [895, 341]], '너무', 0.9999775779502187), ([[891, 339], [1023, 339], [1023, 383], [891, 383]], '마시는 건', 0.8953883793440098), ([[919, 381], [1015, 381], [1015, 423], [919, 423]], '말이야', 0.999666891939318), ([[101, 615], [163, 615], [163, 659], [101, 659]], '몸에', 0.8359734650140245), ([[101, 665], [203, 665], [203, 709], [101, 709]], '안 좋다', 0.9474818410317983), ([[119, 719], [179, 719], [179, 757], [119, 757]], "'구?", 0.9984175939358237), ([[313, 678], [350, 678], [350, 746], [313, 746]], '딸', 0.1872441529269162), ([[101, 1513], [127, 1513], [127, 1533], [101, 1533]], '17', 0.9999994099441718), ([[804.5157824987558, 560.0294164897979], [835.8262333955497, 556.0862628631858], [846.4842175012442, 649.9705835102021], [815.1737666044503, 653.9137371368142]], '"', 0.2744615008764981)]
[([[905, 231], [953, 231], [953, 269], [905, 269]], "마'", 0.8842348428120819), ([[905, 279], [999, 279], [999, 323], [905, 323]], '맛있다', 0.9997103878503341), ([[917, 331], [967, 331], [967, 371], [917, 371]], '"니', 0.5922958153025901), ([[935, 411], [955, 411], [955, 439], [935, 439]], '또', 0.9649534230590149), ([[146, 726], [170, 726], [170, 762], [146, 762]], '우', 0.7238681075301692), ([[256, 738], [280, 738], [280, 764], [256, 764]], '0', 0.9995470560008926), ([[311, 677], [354, 677], [354, 770], [311, 770]], '뻔', 0.12507045410348283), ([[470, 864], [496, 864], [496, 870], [470, 870]], '"고', 0.006094758538064325), ([[1005, 1513], [1031, 1513], [1031, 1533], [1005, 1533]], '18', 0.9999982298328214), ([[804.521532469686, 560.0287194983941], [835.8677218312746, 556.0952517592642], [846.478467530314, 650.9712805016059], [814.1322781687254, 653.9047482407358]], '"', 0.1257714792996154), ([[250.63120715775705, 578.0170373037762], [282.33218191941495, 572.0138169670205], [304.36879284224295, 693.9829626962238], [272.66781808058505, 699.9861830329795]], '#', 0.19540623519830902)]
[([[658, 452], [690, 452], [690, 486], [658, 486]], '서', 0.9997573046135244), ([[49, 991], [127, 991], [127, 1035], [49, 1035]], '선생?', 0.9999667573500828), ([[101, 1513], [129, 1513], [129, 1533], [101, 1533]], '19', 0.9967132737918556), ([[545.8484673703015, 542.0604400178645], [626.0715292630533, 525.7812598888072], [647.1515326296985, 658.9395599821355], [566.9284707369467, 674.2187401111928]], '겉', 0.9054998226491904), ([[1048.5017271208776, 918.0207254505307], [1093.115318058208, 935.6337479138525], [1047.4982728791224, 1049.9792745494692], [1002.884681941792, 1031.3662520861476]], '냉', 0.04647359985534649)]
[([[122, 156], [146, 156], [146, 182], [122, 182]], '잔', 0.04996087544026384), ([[96, 170], [125, 170], [125, 227], [96, 227]], '뿐', 0.10104637105833891), ([[122, 224], [152, 224], [152, 252], [122, 252]], "'어", 0.49224742042867303), ([[663, 435], [696, 435], [696, 507], [663, 507]], '대', 0.3965369595907511), ([[1004, 578], [1054, 578], [1054, 722], [1004, 722]], '늄', 0.06712827999741933), ([[398, 1304], [480, 1304], [480, 1378], [398, 1378]], '4', 0.13571887293303408), ([[892, 1448], [942, 1448], [942, 1506], [892, 1506]], '드', 0.05584542577706331), ([[1003, 1513], [1031, 1513], [1031, 1533], [1003, 1533]], '20', 0.9999979769518709), ([[936.9808136618974, -13.962852832004824], [1044.8955582903648, -27.698125548478043], [1063.0191863381026, 150.9628528320048], [955.1044417096352, 165.69812554847803]], '%', 0.1963673016570846), ([[906.5326739962426, 702.0182271519045], [952.7341674525807, 693.0450862179565], [979.4673260037574, 841.9817728480955], [933.2658325474193, 850.9549137820435]], '출', 0.1568368880398907), ([[947.7000946426949, 1229.011258747843], [981.704628231132, 1235.3814032286496], [955.2999053573051, 1369.988741252157], [921.295371768868, 1363.6185967713504]], '중', 0.012873720370522257)]
[([[133, 127], [237, 127], [237, 169], [133, 169]], '[#홀 :', 0.010619435978030476), ([[109, 203], [881, 203], [881, 247], [109, 247]], "<01벼 늘{표 소 <#스록론 , 8 5 08 5 < 8' : } ", 0.0013532763818148242), ([[111, 243], [655, 243], [655, 285], [111, 285]], '<04주유이[ 느미-7-* 4 7 ] *5', 0.008268726667487729), ([[107, 280], [976, 280], [976, 324], [107, 324]], '초? 5147#04*0미차  느 마-- ? 촌-#창(쫓내 & 5', 0.0045907915568901385), ([[105, 321], [437, 321], [437, 363], [105, 363]], '수템터 1* 2 0*35 * }_', 0.003745724400556126), ([[105, 356], [962, 356], [962, 400], [105, 400]], '룻#미하  + > ) 손#30,교 { -#  :* 내3* < +- 8  ', 0.0011306181824625222), ([[294, 1221], [369, 1221], [369, 1452], [294, 1452]], '}', 0.007619531772903088)]
[([[97, 149], [141, 149], [141, 205], [97, 205]], '(', 0.951745708486218), ([[98, 208], [126, 208], [126, 250], [98, 250]], '슈', 0.02285078322228906), ([[661, 425], [698, 425], [698, 502], [661, 502]], '뭐', 0.12278717818546259), ([[104, 1000], [158, 1000], [158, 1068], [104, 1068]], '닭', 0.0340745012035113), ([[874, 912], [943, 912], [943, 1069], [874, 1069]], '칼', 0.47543676378356636), ([[59, 1043], [97, 1043], [97, 1085], [59, 1085]], '3', 0.20605806405885918), ([[884, 1050], [908, 1050], [908, 1076], [884, 1076]], '0', 0.9825018403371963), ([[396, 1302], [480, 1302], [480, 1378], [396, 1378]], '4', 0.23668685577868942), ([[892, 1448], [944, 1448], [944, 1510], [892, 1510]], '드', 0.0076045717230966425), ([[98, 1512], [126, 1512], [126, 1536], [98, 1536]], '21', 0.999997724070939)]
[([[959, 199], [1075, 199], [1075, 239], [959, 239]], '저:저건', 0.5301553606987), ([[957, 247], [1077, 247], [1077, 291], [957, 291]], '선생넘이', 0.8153741955757141), ([[957, 297], [1067, 297], [1067, 341], [957, 341]], '말이지~', 0.9995790123939514), ([[135, 405], [225, 405], [225, 447], [135, 447]], '억지로', 0.9619592513099221), ([[336, 416], [362, 416], [362, 442], [336, 442]], '0', 0.23977826403962865), ([[137, 457], [223, 457], [223, 495], [137, 495]], '혀   혀', 0.6302917343735336), ([[135, 505], [235, 505], [235, 547], [135, 547]], '같은 거', 0.9128663455026556), ([[325, 519], [361, 519], [361, 559], [325, 559]], '1', 0.6407781676106339), ([[159, 553], [225, 553], [225, 597], [159, 597]], '넣어', 0.949519324875589), ([[135, 603], [227, 603], [227, 647], [135, 647]], '오니까', 0.9922084190869468), ([[278, 1192], [327, 1192], [327, 1275], [278, 1275]], '눈', 0.02825436356965838), ([[1002, 1512], [1032, 1512], [1032, 1536], [1002, 1536]], '22', 0.9999996628252286), ([[325.61346793042907, 314.01871968341925], [360.58494758919704, 308.0430016024905], [377.38653206957093, 424.98128031658075], [342.41505241080296, 430.9569983975095]], '"', 0.9999818802700702), ([[349.74567136802926, 553.0162366706282], [370.65508643095905, 554.1103276030027], [364.25432863197074, 634.9837633293718], [343.34491356904095, 632.8896723969973]], '꿀', 0.14427239315431084), ([[913.5742019986877, 632.0181633846463], [954.7602859212697, 625.058141511747], [974.4257980013123, 758.9818366153537], [933.2397140787303, 764.941858488253]], '"', 0.9984128817088198), ([[811.3203723339694, 1295.0581595370227], [844.0619249023556, 1290.1435358809192], [854.6796276660306, 1360.9418404629773], [822.9380750976444, 1366.8564641190808]], '도', 0.06742144579530507)]
[([[949, 143], [1041, 143], [1041, 181], [949, 181]], '아 안', 0.5752578370258387), ([[949, 191], [1069, 191], [1069, 235], [949, 235]], '농앉다고', 0.37710705399513245), ([[949, 241], [1027, 241], [1027, 283], [949, 283]], "해도:'", 0.2587902843952179), ([[949, 291], [1013, 291], [1013, 333], [949, 333]], '저런', 0.8783248004447247), ([[949, 341], [1069, 341], [1069, 383], [949, 383]], '부끄러운', 0.9974700212478638), ([[951, 391], [1013, 391], [1013, 435], [951, 435]], '모습', 0.9999770721913955), ([[177, 469], [239, 469], [239, 513], [177, 513]], '선생', 0.999847178947679), ([[153, 523], [227, 523], [227, 565], [153, 565]], '남께:', 0.5177563272814784), ([[149, 571], [213, 571], [213, 613], [149, 613]], '밖에', 0.9967089922784489), ([[150, 620], [250, 620], [250, 662], [150, 662]], '못 보여', 0.9869502718205593), ([[151, 671], [215, 671], [215, 713], [151, 713]], '주고', 0.9999842371150446), ([[277, 1192], [327, 1192], [327, 1275], [277, 1275]], '눈', 0.023473879177254853), ([[98, 1512], [130, 1512], [130, 1536], [98, 1536]], '23', 0.9999994942378553), ([[297.51214287984317, 524.0238573744001], [333.5991008009543, 517.0360219349502], [354.48785712015683, 635.9761426255999], [318.4008991990457, 642.9639780650498]], '"', 0.9989432505570086), ([[913.5777846165691, 631.0178584755154], [954.7546149041402, 625.0572723778819], [974.4222153834309, 758.9821415244846], [933.2453850958598, 765.9427276221181]], '"', 0.9990165268664555), ([[811.3315670795698, 1295.056245769462], [844.1135841925619, 1290.1581345356615], [854.6684329204302, 1361.943754230538], [821.8864158074381, 1366.8418654643385]], '도', 0.07217037005349258)]
[([[1000, 1510], [1034, 1510], [1034, 1536], [1000, 1536]], '24', 0.8812986971296787), ([[972.5115903378155, 299.0132622158046], [1037.952374120368, 292.2143164583444], [1055.4884096621845, 500.9867377841954], [990.047625879632, 507.7856835416556]], '"', 0.9723535132821759)]
[([[98, 1512], [128, 1512], [128, 1536], [98, 1536]], '25', 0.9999988198884456), ([[927.5051813626327, 336.06217635159214], [1039.7194246902798, 271.0143827430078], [1149.4948186373674, 491.93782364840786], [1037.2805753097202, 556.9856172569922]], '든', 0.05224401980399307)]
[([[777, 163], [897, 163], [897, 207], [777, 207]], '아니아니', 0.9976877570152283), ([[779, 213], [869, 213], [869, 257], [779, 257]], '선생님', 0.999582584922423), ([[777, 263], [911, 263], [911, 307], [777, 307]], '아저씨의 .', 0.45066497909192726), ([[779, 313], [869, 313], [869, 357], [779, 357]], '처녀의', 0.9939377695439057), ([[779, 363], [907, 363], [907, 407], [779, 407]], '첫 키스틀', 0.35973013680318233), ([[969, 296], [1053, 296], [1053, 457], [969, 457]], '4', 0.013031104209403566), ([[779, 413], [889, 413], [889, 457], [779, 457]], '말이야~', 0.9997442364692688), ([[77, 471], [123, 471], [123, 509], [77, 509]], '이:', 0.760087927005003), ([[75, 517], [165, 517], [165, 561], [75, 561]], '이쪽에', 0.9981867368945966), ([[74, 566], [196, 566], [196, 614], [74, 614]], '먼저라고', 0.9990476369857788), ([[74, 618], [174, 618], [174, 660], [74, 660]], '하는 건', 0.5525120785520999), ([[75, 669], [173, 669], [173, 711], [75, 711]], '뛰야~?', 0.9381926655769348), ([[1000, 1510], [1034, 1510], [1034, 1536], [1000, 1536]], '26', 0.972970242484929), ([[829.5157824987558, 1114.029416489798], [861.9598730830243, 1111.11687707322], [870.4842175012442, 1203.970583510202], [838.0401269169757, 1207.88312292678]], '조', 0.23450216991649597), ([[468.2038378058769, 1253.0637943964368], [504.5289302729676, 1237.0280554341045], [541.7961621941231, 1324.9362056035632], [506.4710697270324, 1340.9719445658955]], '중', 0.9931387979830255)]
[([[805, 311], [895, 311], [895, 351], [805, 351]], "'차암", 0.4959749063873742), ([[965, 294], [1061, 294], [1061, 504], [965, 504]], '별', 0.015879519227483208), ([[39, 529], [105, 529], [105, 571], [39, 571]], '정말', 0.9999905591189865), ([[39, 577], [205, 577], [205, 621], [39, 621]], '어절 수 없는', 0.5569311204544598), ([[39, 627], [187, 627], [187, 671], [39, 671]], '선생넘이네', 0.8677754715404256), ([[832, 1184], [888, 1184], [888, 1286], [832, 1286]], '중', 0.28191209036180354), ([[449, 1333], [485, 1333], [485, 1389], [449, 1389]], '3', 0.45646603497795013), ([[98, 1512], [128, 1512], [128, 1536], [98, 1536]], '27', 0.9999987355947788), ([[479.24833642349944, 1210.0257117830922], [554.9985262809452, 1259.4142097508447], [477.75166357650056, 1377.9742882169078], [402.0014737190548, 1329.5857902491553]], '정', 0.012441197559771633)]
[([[779, 227], [909, 227], [909, 269], [779, 269]], '그런 심한', 0.6192140521855052), ([[781, 277], [929, 277], [929, 321], [781, 321]], '선생님께는', 0.49348551014838304), ([[787, 323], [928, 323], [928, 373], [787, 373]], '"엉덩이에', 0.5515040078249559), ([[780, 374], [936, 374], [936, 422], [780, 422]], '당햇올 때의', 0.467953779407513), ([[91, 811], [213, 811], [213, 855], [91, 855]], '복수해야', 0.9997420907020569), ([[89, 863], [181, 863], [181, 907], [89, 907]], '켓지 ', 0.16171221545187311), ([[1000, 1510], [1034, 1510], [1034, 1536], [1000, 1536]], '28', 0.9112511745201455), ([[973.4176078067985, 300.0212269531401], [1036.2987830845307, 294.3373897182308], [1049.5823921932015, 452.9787730468599], [986.7012169154692, 459.6626102817692]], '"', 0.7727771359170674)]
[([[253, 103], [293, 103], [293, 119], [253, 119]], '0', 0.8400553446543348), ([[302, 90], [350, 90], [350, 122], [302, 122]], '그럼', 0.9920139181971394), ([[944, 98], [1062, 98], [1062, 130], [944, 130]], '호시노 선배', 0.9975683616095294), ([[246, 124], [344, 124], [344, 156], [246, 156]], '시간 내서', 0.9900569025582292), ([[944, 132], [1036, 132], [1036, 164], [944, 164]], '선생님과', 0.9974539279937744), ([[246, 156], [316, 156], [316, 188], [246, 188]], '다같이', 0.9995684076727409), ([[943, 163], [1097, 163], [1097, 199], [943, 199]], '키  키스햇다니', 0.5380481111424124), ([[246, 190], [378, 190], [378, 222], [246, 222]], '해야켓네요 ?', 0.3925926609225191), ([[944, 198], [1068, 198], [1068, 230], [944, 230]], '정말이에요?', 0.9997766615835433), ([[679, 229], [801, 229], [801, 269], [679, 269]], '응, 나랑도', 0.5133506956071809), ([[675, 273], [771, 273], [771, 309], [675, 309]], '해야 돼', 0.6278882838157324), ([[78, 408], [124, 408], [124, 438], [78, 438]], '으욕', 0.3633177807907772), ([[981, 833], [1063, 833], [1063, 871], [981, 871]], '으레~', 0.5125011815244234), ([[59, 1165], [167, 1165], [167, 1207], [59, 1207]], '\'"선생님', 0.7957226130778938), ([[51, 1215], [179, 1215], [179, 1259], [51, 1259]], '이건 과연', 0.677733154503946), ([[98, 1512], [128, 1512], [128, 1536], [98, 1536]], '29', 0.9997229136185645)]
[([[967, 827], [1067, 827], [1067, 869], [967, 869]], '진짜 일', 0.9997693690837596), ([[195, 1037], [235, 1037], [235, 1077], [195, 1077]], '0', 0.5814748611425244), ([[60, 1185], [163, 1185], [163, 1233], [60, 1233]], '"말 못', 0.8328206365432078), ([[59, 1237], [177, 1237], [177, 1281], [59, 1281]], '하켓지 ', 0.09940216690301895), ([[834.5847726007313, 388.0172712087756], [876.8159797326639, 382.06703161616844], [895.4152273992687, 517.9827287912244], [853.1840202673361, 524.9329683838316]], '"', 0.9660314110889523), ([[172.40893555107445, 947.0350586290252], [208.9707532687247, 941.0951413790752], [224.59106444892555, 1040.9649413709747], [188.0292467312753, 1046.9048586209249]], '#', 0.22129786721233646)]
[([[889, 205], [1023, 205], [1023, 241], [889, 241]], '이야~ 0딩물', 0.4879464956358726), ([[890, 240], [1030, 240], [1030, 272], [890, 272]], '분이라니 과연', 0.6641881527242907), ([[142, 264], [204, 264], [204, 294], [142, 294]], '"책임', 0.9033662835896445), ([[890, 274], [1030, 274], [1030, 306], [890, 306]], '아저씨도 깜짝', 0.4594135945327476), ([[140, 296], [238, 296], [238, 328], [140, 328]], '지고 처분', 0.9986471926606424), ([[890, 308], [992, 308], [992, 340], [890, 340]], '놀랍어~ ?', 0.48074009507800786), ([[140, 330], [236, 330], [236, 362], [140, 362]], '한다고~?', 0.9998444341119181), ([[890, 340], [980, 340], [980, 372], [890, 372]], '선생님도', 0.9991339445114136), ([[140, 364], [182, 364], [182, 394], [140, 394]], '음~', 0.9998477689771967), ([[889, 371], [1017, 371], [1017, 407], [889, 407]], '어른이구나~', 0.9971412093608064), ([[140, 398], [208, 398], [208, 428], [140, 428]], '그래서', 0.9999722633688242), ([[139, 429], [231, 429], [231, 465], [139, 465]], '선생님이', 0.6870989799499512), ([[140, 464], [222, 464], [222, 496], [140, 496]], '말이야~', 0.9997007846832275), ([[973, 823], [1021, 823], [1021, 863], [973, 863]], '승', 0.24066489853780482), ([[935, 853], [963, 853], [963, 867], [935, 867]], '-', 0.038166579515191756), ([[259, 863], [299, 863], [299, 915], [259, 915]], '', 0.0), ([[99, 1184], [182, 1184], [182, 1224], [99, 1224]], '못 참고', 0.997642800980226), ([[103, 1221], [217, 1221], [217, 1257], [103, 1257]], '폭주하거나', 0.9129437832994188), ([[104, 1254], [152, 1254], [152, 1286], [104, 1286]], '하면', 0.8519233953152509), ([[104, 1290], [196, 1290], [196, 1322], [104, 1322]], '아저씨가', 0.9976112842559814), ([[102, 1322], [202, 1322], [202, 1354], [102, 1354]], '책임이 돼', 0.7017335643165458), ([[104, 1356], [208, 1356], [208, 1388], [104, 1388]], '버리려나~', 0.9999223773505626), ([[241.400119964012, 738.0605878236588], [264.4071564638745, 726.0277578137162], [298.599880035988, 792.9394121763412], [275.5928435361255, 804.9722421862838]], '모', 0.014464892351136405), ([[193.09394602135887, 798.1039678918432], [252.9293542656899, 817.25155156844], [241.90605397864113, 848.8960321081568], [182.0706457343101, 830.74844843156]], '놔고', 0.10167758950085302)]
[([[98, 1510], [126, 1510], [126, 1534], [98, 1534]], '31', 0.9530178111687049), ([[803.6735401660695, 109.04193462389792], [923.6066830847817, 15.008765266553759], [1125.3264598339306, 308.95806537610207], [1006.3933169152183, 402.9912347334462]], '씨', 0.1627662612376577), ([[454.8674325266986, 1030.129959864804], [491.9129609692139, 1016.0840563196175], [514.1325674733014, 1082.870040135196], [477.0870390307861, 1095.9159436803825]], '3', 0.07717323392599784)]
[([[222, 118], [300, 118], [300, 198], [222, 198]], '풀', 0.22343489332296773), ([[443, 633], [481, 633], [481, 739], [443, 739]], '7', 0.0031008584868420647), ([[939, 975], [1029, 975], [1029, 1115], [939, 1115]], '남', 0.35161823210113613), ([[935, 1189], [975, 1189], [975, 1243], [935, 1243]], '2', 0.9889954771008433), ([[170.93439792036025, 858.0406127567193], [291.96649128621726, 903.7207856906116], [247.06560207963975, 1016.9593872432807], [126.03350871378274, 971.2792143093884]], '새', 0.9644966633125343), ([[168.32445538651055, 960.0285735608245], [276.8728466046282, 1037.5793359510446], [235.67554461348945, 1093.9714264391755], [128.1271533953718, 1016.4206640489555]], '158', 0.05849765809473025)]
[([[237, 181], [305, 181], [305, 406], [237, 406]], '{', 0.15074911915764133), ([[132, 1176], [186, 1176], [186, 1246], [132, 1246]], '빚', 0.012596491687390243), ([[99, 1513], [129, 1513], [129, 1533], [99, 1533]], '33', 0.9445671259658647), ([[236.43276587968865, 28.02302032017044], [288.7567351114861, 22.224021712839395], [302.56723412031135, 164.97697967982955], [250.24326488851392, 170.7759782871606]], '쭉', 0.005411430865516431), ([[413.65835921350015, 700.3167184270003], [434.6795404839808, 689.0779759188824], [453.34164078649985, 725.6832815729997], [431.3204595160192, 737.9220240811176]], '숲', 0.025033735973067905), ([[443.4186816410238, 934.0241796922859], [498.9973352336406, 928.2910021639251], [510.5813183589762, 1067.9758203077142], [456.0026647663594, 1072.708997836075]], "곳'", 0.12202676819898595), ([[621.0446053670523, 1114.076553275724], [712.7828667215252, 1136.4004836727697], [697.9553946329477, 1187.923446724276], [607.2171332784748, 1165.5995163272303]], '진온', 0.0417944471270838)]
[([[915, 271], [963, 271], [963, 307], [915, 307]], '마.', 0.4497922793787772), ([[915, 317], [1037, 317], [1037, 361], [915, 361]], '맛있없나', 0.40719373424101557), ([[915, 367], [977, 367], [977, 409], [915, 409]], '라니', 0.9999220292205985), ([[173, 397], [291, 397], [291, 433], [173, 433]], '아저잡아', 0.8081250190734863), ([[173, 449], [251, 449], [251, 485], [173, 485]], '선생님"', 0.9738906025886536), ([[49, 590], [158, 590], [158, 630], [49, 630]], '그런 거:', 0.5172189998324568), ([[45, 639], [173, 639], [173, 683], [45, 683]], '물어화~?', 0.41295504163398716), ([[1002, 1510], [1032, 1510], [1032, 1534], [1002, 1534]], '(34', 0.6879408359527588)]
[([[931, 245], [1047, 245], [1047, 285], [931, 285]], '시: 싶지', 0.1314139241848611), ([[928, 290], [1024, 290], [1024, 338], [928, 338]], '않다구', 0.9997950404293519), ([[107, 487], [215, 487], [215, 529], [107, 529]], '\'"선생님', 0.45770240618105457), ([[99, 537], [213, 537], [213, 579], [99, 579]], '꺼인결>', 0.16587750613689423), ([[99, 625], [217, 625], [217, 661], [99, 661]], '소주야  9', 0.28657234353294336), ([[101, 1513], [129, 1513], [129, 1533], [101, 1533]], '35', 0.5238993060628346)]
[([[991, 115], [1083, 115], [1083, 151], [991, 151]], '아슬아슬', 0.737973890410019), ([[994, 152], [1062, 152], [1062, 182], [994, 182]], '보이지', 0.9999559518001101), ([[313, 35], [547, 35], [547, 341], [313, 341]], '0', 0.5026248685237675), ([[988, 180], [1080, 180], [1080, 254], [988, 254]], '앞늑', 0.08350747530345297), ([[149, 367], [225, 367], [225, 409], [149, 409]], '진짜', 0.9999391404931851), ([[148, 417], [278, 417], [278, 461], [148, 461]], '종은 취미', 0.5733477394536859), ([[149, 467], [279, 467], [279, 511], [149, 511]], '하고 잇네', 0.23025957727917523), ([[149, 517], [239, 517], [239, 561], [149, 561]], '선생님', 0.9997757010156911), ([[1067.644272248102, 524.0158491787422], [1103.9005956589394, 530.4803784093713], [1082.355727751898, 643.9841508212578], [1046.0994043410606, 637.5196215906287]], '"', 0.9866414972080406), ([[355.5677632769263, 640.0234221477222], [390.56568542494927, 634.0402020253554], [409.4322367230737, 739.9765778522778], [374.43431457505073, 746.9597979746446]], '"', 0.9990581108779715)]
[([[309, 35], [539, 35], [539, 341], [309, 341]], '0', 0.49768997530253856), ([[155, 419], [279, 419], [279, 459], [155, 459]], '"그 그럼', 0.8766358640594004), ([[151, 467], [269, 467], [269, 509], [151, 509]], '이런 건?', 0.9449184734473067), ([[99, 1513], [127, 1513], [127, 1533], [99, 1533]], '37', 0.9999955263428388), ([[1067.644272248102, 524.0158491787422], [1103.9005956589394, 530.4803784093713], [1082.355727751898, 643.9841508212578], [1046.0994043410606, 637.5196215906287]], '"', 0.9898975043577174), ([[355.5677632769263, 640.0234221477222], [390.56568542494927, 634.0402020253554], [409.4322367230737, 739.9765778522778], [374.43431457505073, 746.9597979746446]], '"', 0.9986043081298703), ([[88.5487422168929, 755.0127372390045], [148.56892908110547, 748.1553545944727], [167.45125778310708, 947.9872627609955], [107.43107091889453, 953.8446454055273]], '동', 0.1314595461276582)]
[([[1003, 119], [1043, 119], [1043, 161], [1003, 161]], '귀:', 0.9893890681225538), ([[302, 30], [542, 30], [542, 353], [302, 353]], '0', 0.7317321480113606), ([[1001, 165], [1067, 165], [1067, 263], [1001, 263]], '과엽', 0.19395790611552283), ([[159, 343], [231, 343], [231, 379], [159, 379]], '오', 0.9999427803595609), ([[157, 391], [247, 391], [247, 431], [157, 431]], '그거: ', 0.4337482154369354), ([[159, 441], [275, 441], [275, 481], [159, 481]], '너:  너무', 0.6145437926343192), ([[154, 486], [276, 486], [276, 534], [154, 534]], '기뻐하지', 0.9887088028365096), ([[155, 539], [235, 539], [235, 583], [155, 583]], '않아?', 0.9991289951135655), ([[1024, 744], [1050, 744], [1050, 778], [1024, 778]], '0', 0.5003577893195974), ([[1067.644272248102, 524.0158491787422], [1103.9154085227224, 531.4884177083425], [1081.355727751898, 643.9841508212578], [1046.0845914772776, 637.5115822916575]], '"', 0.9932655612288386), ([[355.5677632769263, 640.0234221477222], [390.56568542494927, 634.0402020253554], [409.4322367230737, 739.9765778522778], [374.43431457505073, 746.9597979746446]], '"', 0.9989588587814069)]
[([[397, 517], [415, 517], [415, 539], [397, 539]], '7', 0.17168184997817448), ([[1047, 665], [1067, 665], [1067, 689], [1047, 689]], '끼', 0.07850140424745522), ([[381, 715], [405, 715], [405, 735], [381, 735]], '@', 0.6724874788124566), ([[152, 1214], [176, 1214], [176, 1246], [152, 1246]], '0', 0.945786095520873), ([[101, 1513], [129, 1513], [129, 1533], [101, 1533]], '39', 0.889597715466764), ([[161.34589847601615, 225.20931674134042], [456.5530410297933, -28.54078268615731], [601.6541015239839, 201.79068325865958], [305.4469589702067, 454.5407826861573]], '@)', 0.6682379127227089), ([[1066.641093180415, 525.0161343026082], [1102.8878970925866, 531.4735507138478], [1082.358906819585, 643.9838656973918], [1046.1121029074134, 637.5264492861522]], '"', 0.9973993542509021), ([[357.4421259126164, 638.0390939795767], [391.0606259320842, 633.1431784287848], [401.5578740873836, 716.9609060204233], [366.9393740679158, 720.8568215712152]], '#', 0.3496650969347037), ([[120.13227816872538, 1160.095251759264], [154.83001683342025, 1150.0870634995902], [172.86772183127462, 1212.904748240736], [139.16998316657975, 1223.9129365004098]], '숲', 0.19408787325463894)]
[([[943, 213], [1045, 213], [1045, 253], [943, 253]], '이야~ ', 0.721496874902942), ([[940, 258], [1062, 258], [1062, 306], [940, 306]], '어단가의', 0.9961709976196289), ([[941, 309], [1035, 309], [1035, 353], [941, 353]], '특이한', 0.9650607366295962), ([[940, 358], [1032, 358], [1032, 406], [940, 406]], '취미의', 0.9998592531480497), ([[941, 411], [1055, 411], [1055, 453], [941, 453]], '사람이: .', 0.5295001043597501), ([[941, 461], [1037, 461], [1037, 503], [941, 503]], '말이야', 0.9997144483992704), ([[73, 541], [133, 541], [133, 579], [73, 579]], '귀 ', 0.7316113407023173), ([[70, 586], [192, 586], [192, 634], [70, 634]], '귀여워서', 0.9934725761413574), ([[70, 636], [194, 636], [194, 684], [70, 684]], '좋아한다', 0.7670329439654848), ([[71, 689], [193, 689], [193, 733], [71, 733]], '말하니까', 0.9791818857192993), ([[71, 739], [183, 739], [183, 783], [71, 783]], '말이지~', 0.9996172785758972), ([[1003, 1513], [1031, 1513], [1031, 1533], [1003, 1533]], '40', 0.9999989041821146)]
[([[940, 210], [1018, 210], [1018, 242], [940, 242]], '선생님 .', 0.9928241428637579), ([[920, 244], [992, 244], [992, 276], [920, 276]], '있장아', 0.3878449657367955), ([[920, 276], [1012, 276], [1012, 308], [920, 308]], '그렇게나', 0.846917986869812), ([[122, 309], [214, 309], [214, 337], [122, 337]], '욕 으레', 0.3912364729410628), ([[918, 310], [1038, 310], [1038, 342], [918, 342]], '쌓여 있으면', 0.8569004017355645), ([[100, 342], [220, 342], [220, 374], [100, 374]], '선생님 취향', 0.9992704432327226), ([[920, 344], [1028, 344], [1028, 372], [920, 372]], "나   나로' .", 0.3692977497796412), ([[100, 376], [212, 376], [212, 408], [100, 408]], '이상하구나', 0.9998345178892298), ([[920, 376], [1002, 376], [1002, 408], [920, 408]], '어떻까?', 0.9503726959228516), ([[296, 552], [326, 552], [326, 614], [296, 614]], '뿐', 0.0016312142570376609), ([[917, 566], [993, 566], [993, 695], [917, 695]], '치', 0.004619555303104983), ([[973, 825], [1021, 825], [1021, 863], [973, 863]], '8', 0.5574934920961283), ([[259, 863], [299, 863], [299, 915], [259, 915]], '$', 0.17542361783464688), ([[242.41165159458544, 737.0582579729272], [264.4127051138241, 726.0285231804668], [298.58834840541454, 792.9417420270728], [276.5872948861759, 803.9714768195332]], '모', 0.005026538574726125), ([[192.13227816872538, 797.0952517592642], [253.94392354183236, 817.3325667852283], [241.86772183127462, 849.9047482407358], [181.05607645816764, 829.6674332147717]], '놔고', 0.10772649532516632)]
[([[873, 632], [909, 632], [909, 722], [873, 722]], '?', 0.3060901295984877), ([[876, 720], [904, 720], [904, 794], [876, 794]], '!', 0.2999803694467609), ([[99, 1513], [125, 1513], [125, 1533], [99, 1533]], '41', 0.9999996628252286)]
[([[957, 111], [993, 111], [993, 151], [957, 151]], '서', 0.999636921466518), ([[955, 159], [1075, 159], [1075, 203], [955, 203]], '선생넘이', 0.8172242045402527), ([[955, 209], [1049, 209], [1049, 253], [955, 253]], '특이한', 0.9609602921574532), ([[955, 259], [1085, 259], [1085, 303], [955, 303]], '취미인 건', 0.9988540854836044), ([[955, 309], [1073, 309], [1073, 353], [955, 353]], '알앞논데', 0.21855419874191284), ([[955, 361], [1065, 361], [1065, 403], [955, 403]], '말이야~', 0.9998003244400024), ([[209, 501], [273, 501], [273, 543], [209, 543]], '잘도', 0.9993267283509328), ([[209, 551], [309, 551], [309, 593], [209, 593]], '이런 거', 0.9993696685938486), ([[209, 601], [329, 601], [329, 645], [209, 645]], '떠올리는', 0.49910613894462585), ([[211, 653], [287, 653], [287, 693], [211, 693]], '구나 .', 0.5850548148155212), ([[349, 695], [413, 695], [413, 837], [349, 837]], ';', 0.584025648016052), ([[476, 766], [509, 766], [509, 827], [476, 827]], '(총', 0.008201718434419277), ([[690, 912], [732, 912], [732, 920], [690, 920]], '; ) ]0 $', 0.0584509994770789), ([[460, 1294], [502, 1294], [502, 1386], [460, 1386]], '춤', 0.4510227609449693), ([[1002, 1512], [1032, 1512], [1032, 1536], [1002, 1536]], '42', 1.0), ([[964.4633436854001, 652.0483902697002], [989.8053747133649, 649.110126028514], [995.5366563145999, 712.9516097302998], [971.1946252866351, 715.889873971486]], '흉', 0.012059107097248722)]
[([[690, 912], [732, 912], [732, 920], [690, 920]], '; ) 00 $', 0.12662679065676402), ([[855, 991], [891, 991], [891, 1087], [855, 1087]], '5', 0.7233745621158647), ([[31.527148440859552, 1016.0280469032202], [66.02006515077281, 1013.1322529699864], [74.47285155914045, 1107.9719530967798], [39.97993484922719, 1111.8677470300136]], '0', 0.7954195902061798), ([[110.60971430387451, 1065.0190858995202], [140.3526042891884, 1059.015571532171], [162.3902856961255, 1174.9809141004798], [132.6473957108116, 1179.984428467829]], '톱', 0.03998739580279054), ([[537.5847726007313, 1208.0172712087756], [579.1211242427648, 1213.4722155587135], [563.4152273992687, 1337.9827287912244], [522.8788757572352, 1333.5277844412865]], "'", 0.3076443020290789)]
[([[1004, 652], [1038, 652], [1038, 682], [1004, 682]], '8', 0.7846546354072395), ([[688, 912], [732, 912], [732, 920], [688, 920]], '; > 70 >', 0.2149041817284496), ([[481, 1167], [526, 1167], [526, 1315], [481, 1315]], '푹', 0.052424602434204326), ([[472, 1336], [504, 1336], [504, 1372], [472, 1372]], '0', 0.994124960767806), ([[715, 1401], [801, 1401], [801, 1551], [715, 1551]], '궁0', 0.002939007169621134), ([[1003, 1513], [1031, 1513], [1031, 1533], [1003, 1533]], '44', 1.0), ([[0, 1517], [55, 1517], [55, 1593], [0, 1593]], '', 0.0)]
[([[511, 0], [667, 0], [667, 159], [511, 159]], '0', 0.90166654526071), ([[869, 343], [917, 343], [917, 381], [869, 381]], '커::', 0.1486552151564781), ([[715, 339], [751, 339], [751, 431], [715, 431]], '?', 0.08067188426395777), ([[867, 391], [991, 391], [991, 435], [867, 435]], '커적구나', 0.22510670125484467), ([[869, 441], [931, 441], [931, 483], [869, 483]], '라니', 0.9999631638531183), ([[27, 755], [187, 755], [187, 799], [27, 799]], '누구 탓이라', 0.9867283169373091), ([[27, 805], [149, 805], [149, 849], [27, 849]], '생각하고', 0.9999856948852539), ([[29, 857], [177, 857], [177, 899], [29, 899]], '잇는 거야~', 0.28355924615578765), ([[945, 1107], [985, 1107], [985, 1195], [945, 1195]], '틈', 0.566017925334009), ([[184, 1322], [208, 1322], [208, 1348], [184, 1348]], '11', 0.7593992242092823), ([[99, 1513], [127, 1513], [127, 1533], [99, 1533]], '45', 0.999999915706304), ([[137.42628371072442, 1323.0413576039987], [170.9242897231836, 1317.1082537971217], [183.57371628927558, 1399.9586423960013], [150.0757102768164, 1404.8917462028783]], '틈', 0.7931117131044552)]
[([[509, 0], [667, 0], [667, 161], [509, 161]], '0', 0.869418644961172), ([[863, 405], [981, 405], [981, 449], [863, 449]], '채 책임', 0.9490752220153809), ([[703, 386], [780, 386], [780, 522], [703, 522]], '!', 0.08292475073548022), ([[863, 455], [955, 455], [955, 499], [863, 499]], '진다니', 0.8698901534080505), ([[70, 796], [102, 796], [102, 830], [70, 830]], '흐', 0.3224254556808006), ([[69, 845], [149, 845], [149, 885], [69, 885]], '흐~응', 0.9137604635696243), ([[945, 1107], [985, 1107], [985, 1195], [945, 1195]], '틈', 0.5679148485724319), ([[184, 1322], [208, 1322], [208, 1348], [184, 1348]], '11', 0.745538538405769), ([[1003, 1513], [1031, 1513], [1031, 1533], [1003, 1533]], '46', 1.0), ([[42.56001134178368, 524.016154248258], [90.1537355578835, 518.1119702563187], [106.43998865821632, 671.983845751742], [58.84626444211651, 677.8880297436813]], '"', 0.9906710825837308), ([[137.42628371072442, 1323.0413576039987], [171.9588577219878, 1317.1166262259494], [184.57371628927558, 1399.9586423960013], [150.0411422780122, 1405.8833737740506]], '틈', 0.8559943514224102)]
[([[925, 143], [1043, 143], [1043, 187], [925, 187]], '채: 책임', 0.29903072123505753), ([[925, 193], [1015, 193], [1015, 237], [925, 237]], '진다니', 0.9989343818169146), ([[925, 243], [1047, 243], [1047, 287], [925, 287]], '저기 서:', 0.9299798286948908), ([[925, 293], [1015, 293], [1015, 337], [925, 337]], '선생님', 0.9997481716876786), ([[141, 975], [259, 975], [259, 1019], [141, 1019]], '이이런', 0.9997149301594603), ([[139, 1025], [233, 1025], [233, 1069], [139, 1069]], '자세로', 0.8620669841766357), ([[145, 1077], [223, 1077], [223, 1115], [145, 1115]], '"하"', 0.4286804916759387), ([[141, 1125], [257, 1125], [257, 1169], [141, 1169]], '할 거야?', 0.6145075689107411), ([[99, 1513], [127, 1513], [127, 1533], [99, 1533]], '47', 1.0), ([[726.2184013837282, 1165.043772315181], [777.3728129459673, 1152.1359352701636], [802.7815986162718, 1267.956227684819], [751.6271870540327, 1280.8640647298364]], '4', 0.10985940898626723)]
[([[923, 201], [1015, 201], [1015, 245], [923, 245]], '정말로', 0.9999861660842221), ([[923, 251], [1051, 251], [1051, 295], [923, 295]], '해 버리는', 0.6797780804357594), ([[923, 305], [1001, 305], [1001, 345], [923, 345]], '구나:.', 0.5988032817840576), ([[147, 999], [213, 999], [213, 1041], [147, 1041]], '아픔', 0.4409193570727081), ([[151, 1051], [267, 1051], [267, 1093], [151, 1093]], '걸  까.', 0.25843379009267486), ([[1003, 1513], [1031, 1513], [1031, 1533], [1003, 1533]], '48', 1.0), ([[725.2006652916285, 1167.0457880371682], [778.3728129459673, 1153.1359352701636], [805.7993347083715, 1267.9542119628318], [752.6271870540327, 1281.8640647298364]], '"', 0.09803458367470341)]
[([[729, 341], [775, 341], [775, 377], [729, 377]], '에?', 0.9755702483099127), ([[184, 1102], [216, 1102], [216, 1146], [184, 1146]], '으', 0.7087657876158495), ([[184, 1144], [216, 1144], [216, 1184], [184, 1184]], '욕', 0.7863268005623922), ([[99, 1513], [129, 1513], [129, 1533], [99, 1533]], '49', 0.628702067172947), ([[487.84796443903366, 225.1793626155196], [581.7264395820364, 275.3746667857413], [445.15203556096634, 530.8206373844804], [350.27356041796355, 480.6253332142587]], '점', 0.0032523962318045108), ([[730.5263019083253, 579.0102042731476], [818.0850661005148, 591.2459186617398], [784.4736980916747, 832.9897957268524], [697.9149338994852, 821.7540813382602]], '콩', 0.03596949605798727), ([[279.5094331982088, 762.0075222616075], [390.5829460331228, 733.0106230914877], [485.4905668017912, 1119.9924777383926], [375.4170539668772, 1148.9893769085122]], '봄', 0.014881288089077016)]
[([[947, 156], [1047, 156], [1047, 200], [947, 200]], '선생님', 0.9999082561518029), ([[949, 207], [1023, 207], [1023, 251], [949, 251]], '그것', 0.9996503676494923), ([[949, 257], [1015, 257], [1015, 299], [949, 299]], '그런', 0.9986982478574941), ([[104, 342], [152, 342], [152, 432], [104, 432]], '제', 0.23789331175848716), ([[173, 879], [235, 879], [235, 919], [173, 919]], '숙숙', 0.803828354327488), ([[169, 927], [237, 927], [237, 971], [169, 971]], '하편', 0.9594470817359979), ([[177, 979], [243, 979], [243, 1021], [177, 1021]], '"안', 0.46136936869425443), ([[655, 981], [693, 981], [693, 1043], [655, 1043]], '0', 0.8280839927016395), ([[167, 1027], [241, 1027], [241, 1071], [167, 1071]], '대앗', 0.298009742199671), ([[1003, 1513], [1031, 1513], [1031, 1533], [1003, 1533]], '50', 0.999996375372952), ([[499.5982463119958, 707.027022708769], [527.5398229670955, 703.0489677798784], [538.4017536880042, 786.972977291231], [511.4601770329046, 790.9510322201216]], '량', 0.01131544119355038), ([[630.543246488746, 872.1532584971062], [682.9021034915597, 853.2633834673928], [707.456753511254, 932.8467415028938], [655.0978965084403, 951.7366165326072]], '뭐', 0.06069284038844458)]
[([[910, 230], [972, 230], [972, 258], [910, 258]], '으레  ', 0.23832595348358154), ([[910, 264], [1000, 264], [1000, 296], [910, 296]], '선생님도', 0.9990838170051575), ([[907, 295], [1035, 295], [1035, 331], [907, 331]], '참 종은 취미', 0.5230963605604094), ([[909, 329], [1031, 329], [1031, 365], [909, 365]], '하고 있구나', 0.7469848614202698), ([[910, 364], [1042, 364], [1042, 396], [910, 396]], '양쪽이라고는', 0.9043248836797343), ([[909, 395], [1051, 395], [1051, 431], [909, 431]], '과연 아저씨도', 0.9977590652339128), ([[910, 430], [1028, 430], [1028, 462], [910, 462]], '예상 외  야', 0.6502633237992912), ([[116, 480], [216, 480], [216, 512], [116, 512]], '""헤? 이걸', 0.18635661825135863), ([[112, 514], [200, 514], [200, 546], [112, 546]], '넣은 채?', 0.992572315981679), ([[116, 548], [178, 548], [178, 578], [116, 578]], '"이건', 0.8126018196793025), ([[109, 579], [231, 579], [231, 615], [109, 615]], '상당한 변태', 0.8420452134978405), ([[110, 614], [200, 614], [200, 646], [110, 646]], '씨구나"', 0.3229524791240692), ([[227, 642], [371, 642], [371, 779], [227, 779]], '3 3', 0.01348415124787365), ([[655, 767], [681, 767], [681, 781], [655, 781]], '00 9', 0.2709074914455414), ([[862.5157824987558, 591.0294164897979], [891.8441839340435, 588.0900954633773], [900.4842175012442, 680.9705835102021], [871.1558160659565, 683.9099045366227]], '@', 0.3135355852783164), ([[829.3528998917341, 701.0526893395779], [860.2478817765367, 698.1996327714564], [866.6471001082659, 769.9473106604221], [835.7521182234633, 772.8003672285436]], '딸', 0.22919424828165802)]
[([[965, 101], [1057, 101], [1057, 145], [965, 145]], '아저씨', 0.998896189209587), ([[967, 155], [1059, 155], [1059, 195], [967, 195]], '꽤:  나', 0.3593658781513834), ([[965, 203], [1031, 203], [1031, 243], [965, 243]], '각오', 0.9997596028402367), ([[967, 251], [1079, 251], [1079, 295], [967, 295]], '햇는데~', 0.6293649673461914), ([[181, 381], [245, 381], [245, 423], [181, 423]], '아니', 0.9999592863870924), ([[180, 426], [247, 426], [247, 475], [180, 475]], '분명', 0.999739120975682), ([[181, 479], [301, 479], [301, 523], [181, 523]], '들어가긴', 0.944301146954655), ([[181, 529], [259, 529], [259, 573], [181, 573]], '들어:', 0.40410318970680237), ([[181, 579], [275, 579], [275, 623], [181, 623]], '자지만', 0.6930609081131265), ([[180, 626], [267, 626], [267, 675], [180, 675]], '말야~', 0.9934480783189773), ([[99, 1513], [125, 1513], [125, 1533], [99, 1533]], '51', 0.9999996628252286), ([[1060.5582738957007, 379.02446506130553], [1095.064438817922, 385.57391004685275], [1078.4417261042993, 476.97553493869447], [1043.935561182078, 470.42608995314725]], '뻔', 0.17262854848997122), ([[382.50989371198943, 583.0301390671143], [417.0414499990427, 579.13795625355], [426.49010628801057, 671.9698609328857], [390.9585500009573, 675.86204374645]], '0', 0.07225947516508313), ([[900.5379965673018, 1499.026770478795], [935.9311220367149, 1503.497034445029], [925.4620034326982, 1592.973229521205], [889.0688779632851, 1588.502965554971]], '틈', 0.3416941303667045), ([[389.2397140787303, 1511.058141511747], [427.5289302729676, 1497.0280554341045], [458.7602859212697, 1585.941858488253], [420.4710697270324, 1600.9719445658955]], '틈', 0.14603656819440403)]
[([[965, 155], [1033, 155], [1033, 199], [965, 199]], '보통', 0.9041177169215691), ([[965, 205], [1065, 205], [1065, 249], [965, 249]], '말이지', 0.9996431482341152), ([[197, 471], [251, 471], [251, 513], [197, 513]], '바', 0.9994765013309461), ([[197, 517], [267, 517], [267, 559], [197, 559]], '반대', 0.9999553246328752), ([[195, 564], [297, 564], [297, 608], [195, 608]], '아날까', 0.2486689514433793), ([[1002, 1510], [1032, 1510], [1032, 1536], [1002, 1536]], '52', 0.9999998314126102)]
[([[969, 161], [1063, 161], [1063, 205], [969, 205]], "'일선은", 0.5112481117248535), ([[943, 211], [1073, 211], [1073, 253], [943, 253]], '안 넘는단', 0.6113051043216705), ([[943, 261], [1071, 261], [1071, 305], [943, 305]], '뜻은 역시', 0.9903550138898166), ([[943, 311], [1063, 311], [1063, 355], [943, 355]], '선생님은', 0.9676918983459473), ([[969, 361], [1065, 361], [1065, 403], [969, 403]], '말이야', 0.9997395687935023), ([[141, 621], [271, 621], [271, 665], [141, 665]], '이런 몸에', 0.9838936356614708), ([[142, 670], [262, 670], [262, 718], [142, 718]], '흥분하지', 0.9996466040611267), ([[141, 721], [263, 721], [263, 765], [141, 765]], '안빠다는', 0.11192896217107773), ([[142, 770], [290, 770], [290, 818], [142, 818]], '뜻이켓  지', 0.4303060111003796), ([[99, 1513], [129, 1513], [129, 1533], [99, 1533]], '53', 0.9929858548757833)]
[([[967, 203], [1023, 203], [1023, 245], [967, 245]], '핵?', 0.796064158196872), ([[206, 637], [330, 637], [330, 685], [206, 685]], '선  생?', 0.6392398977812721), ([[375, 1251], [425, 1251], [425, 1409], [375, 1409]], '솜', 0.021320829411312303), ([[1002, 1510], [1032, 1510], [1032, 1534], [1002, 1534]], '54', 0.9226595163345337), ([[352.5137993254474, 310.01973170300323], [396.0577946016986, 305.0939801405162], [413.4862006745526, 444.98026829699677], [369.9422053983014, 450.9060198594838]], '법', 0.962204430095781)]
[([[957, 197], [1049, 197], [1049, 241], [957, 241]], '거짓말', 0.9999700609608403), ([[957, 249], [1033, 249], [1033, 291], [957, 291]], '이지:', 0.8165571588123418), ([[995, 400], [1045, 400], [1045, 529], [995, 529]], '"', 0.006003470714115944), ([[159, 661], [277, 661], [277, 703], [159, 703]], '자지만  .', 0.7566529866073042), ([[161, 711], [265, 711], [265, 749], [161, 749]], '으로: ?', 0.9415959019017991), ([[899, 1135], [965, 1135], [965, 1211], [899, 1211]], '곁', 0.21804168956442993), ([[99, 1513], [127, 1513], [127, 1533], [99, 1533]], '55', 0.9999998314126102), ([[392.5390089471963, 565.0212966297203], [428.6608186004551, 559.0438604965868], [447.4609910528037, 682.9787033702797], [411.3391813995449, 688.9561395034132]], '"', 0.9988024246108616)]
[([[916, 162], [1028, 162], [1028, 210], [916, 210]], '어어엇~', 0.7450920939445496), ([[917, 213], [1021, 213], [1021, 257], [917, 257]], '선생님:.', 0.6459323662339999), ([[917, 265], [1035, 265], [1035, 307], [917, 307]], '의심해서', 0.9998067617416382), ([[917, 313], [1023, 313], [1023, 357], [917, 357]], '미안해?', 0.9997079372406006), ([[69, 643], [129, 643], [129, 681], [69, 681]], "'에?", 0.9906134426896114), ([[49, 691], [151, 691], [151, 733], [49, 733]], '내 몸이', 0.9962577353704704), ([[51, 739], [131, 739], [131, 783], [51, 783]], '걱정?', 0.9990888058129785), ([[1002, 1510], [1032, 1510], [1032, 1534], [1002, 1534]], '56', 0.6449445486068726)]
[([[913, 157], [961, 157], [961, 197], [913, 197]], '과:', 0.2039457007862962), ([[910, 202], [1034, 202], [1034, 250], [910, 250]], '괜찮다구', 0.9998171329498291), ([[911, 255], [1005, 255], [1005, 299], [911, 299]], '아저씨', 0.9993047570309868), ([[913, 305], [977, 305], [977, 347], [913, 347]], '튼튼', 0.8631045891971498), ([[911, 354], [1007, 354], [1007, 396], [911, 396]], '하니까', 0.9824184445621365), ([[37, 793], [159, 793], [159, 837], [37, 837]], '그러니까', 0.9997721314430237), ([[39, 845], [151, 845], [151, 885], [39, 885]], '선생도: ', 0.7940681397520667), ([[101, 1513], [127, 1513], [127, 1533], [101, 1533]], '57', 0.581178804999213), ([[879.6012738885855, 499.0159236073194], [917.2201953801266, 505.5199628936732], [895.3987261114145, 633.9840763926807], [856.7798046198734, 627.4800371063268]], '"', 0.10194984198335622), ([[184.436464432426, 741.0265229837155], [229.43998865821632, 726.016154248258], [272.56353556757404, 858.9734770162845], [227.56001134178368, 873.983845751742]], '별', 0.0615377498145655)]
[([[913, 287], [1045, 287], [1045, 331], [913, 331]], '마음. 것', 0.19492510799676163), ([[862, 596], [892, 596], [892, 626], [862, 626]], '6', 0.7549419476255395), ([[62, 738], [94, 738], [94, 772], [62, 772]], '으', 0.9861688595725013), ([[59, 783], [119, 783], [119, 823], [59, 823]], '으레', 0.4045009075489145), ([[207, 783], [243, 783], [243, 915], [207, 915]], '중', 0.005766628695023146), ([[1003, 1513], [1031, 1513], [1031, 1533], [1003, 1533]], '58', 1.0), ([[110.42020189564359, 409.0280795251289], [152.44985803595756, 394.01688812176434], [196.57979810435643, 523.9719204748711], [153.55014196404244, 538.9831118782356]], '별', 0.09926559520044975), ([[876.5121428798432, 497.0238573744001], [920.5724787771376, 503.7125353714373], [904.4878571201568, 608.9761426255999], [861.4275212228624, 602.2874646285627]], '"', 0.6988263823718768), ([[893.4816015659757, 735.045128926061], [919.7583593595862, 740.5693267676309], [907.5183984340243, 797.954871073939], [882.2416406404138, 792.4306732323691]], '국', 0.33291107299237765)]
[([[943, 215], [1061, 215], [1061, 255], [943, 255]], '마  맘껏', 0.6733829067807429), ([[940, 260], [1062, 260], [1062, 308], [940, 308]], '이라고는', 0.9183682799339294), ([[941, 311], [1037, 311], [1037, 355], [941, 355]], '햇지만:', 0.948466956615448), ([[941, 363], [1037, 363], [1037, 405], [941, 405]], '말이야', 0.9998467271509721), ([[123, 503], [201, 503], [201, 547], [123, 547]], '과연:', 0.3849909246096192), ([[123, 553], [243, 553], [243, 597], [123, 597]], '처음이니', 0.9015163779258728), ([[125, 607], [171, 607], [171, 645], [125, 645]], '사 ', 0.4368966551747017), ([[123, 653], [219, 653], [219, 697], [123, 697]], '상낭히:', 0.6847805976867676), ([[123, 703], [223, 703], [223, 747], [123, 747]], '응? 선:', 0.5607253950799931), ([[581, 1045], [645, 1045], [645, 1183], [581, 1183]], '묵', 0.01779211147679427), ([[893.5927778982441, 457.01383510418884], [941.9241969555849, 466.76081378791054], [912.4072221017559, 615.9861648958112], [864.0758030444151, 606.2391862120895]], '"', 0.8685285304325276), ([[311.5137993254474, 512.0197317030032], [358.03532839475366, 505.0900004132812], [378.4862006745526, 646.9802682969968], [331.96467160524634, 653.9099995867189]], '별', 0.07539682876029374), ([[182.3807811754616, 1147.0213270441932], [251.6477537850622, 1155.2929652424918], [232.6192188245384, 1309.9786729558068], [163.3522462149378, 1301.7070347575082]], '"', 0.7075068267990083)]
[]
[([[853, 249], [1001, 249], [1001, 293], [853, 293]], '으레~ 설마', 0.705453963228957), ([[853, 291], [971, 291], [971, 335], [853, 335]], '선생넘이', 0.7084673047065735), ([[851, 333], [1009, 333], [1009, 377], [851, 377]], '이런 아저씨', 0.9995667928914826), ([[851, 375], [943, 375], [943, 419], [851, 419]], '취미일', 0.999554299271403), ([[851, 417], [947, 417], [947, 461], [851, 461]], '줄이야', 0.9992275423973918), ([[868, 622], [944, 622], [944, 830], [868, 830]], '별', 0.4338079414844884), ([[79, 833], [169, 833], [169, 873], [79, 873]], '정   말', 0.3732314576178314), ([[278, 808], [326, 808], [326, 874], [278, 874]], '#', 0.22160663255498836), ([[75, 873], [199, 873], [199, 917], [75, 917]], '아저씨가', 0.9931939244270325), ([[77, 917], [167, 917], [167, 957], [77, 957]], '깜  짝', 0.3230683207511902), ([[75, 957], [165, 957], [165, 999], [75, 999]], '이야애', 0.1904990194582261), ([[775, 1067], [813, 1067], [813, 1159], [775, 1159]], '"', 0.29613658188908687), ([[259, 1102], [298, 1102], [298, 1241], [259, 1241]], '군', 0.007524626755955666), ([[769, 1151], [809, 1151], [809, 1187], [769, 1187]], '9', 0.9995084413122299), ([[304.3719130657265, 331.02823502956426], [357.32748060315026, 343.4979175188518], [331.6280869342735, 455.97176497043574], [278.67251939684974, 443.5020824811482]], ')', 0.5870482005406394)]
[([[990, 158], [1040, 158], [1040, 236], [990, 236]], "'흙", 0.12427825868897498), ([[322, 303], [371, 303], [371, 391], [322, 391]], '중', 0.12208543030056163), ([[271, 481], [339, 481], [339, 545], [271, 545]], '사', 0.34836060335636887), ([[852, 804], [956, 804], [956, 914], [852, 914]], '빚', 0.024029250368692523), ([[729, 917], [833, 917], [833, 1213], [729, 1213]], '"', 0.6443392241181414), ([[560, 1200], [674, 1200], [674, 1441], [560, 1441]], '"', 0.8904747737198626), ([[1001.402977685874, 503.0297768587401], [1051.912869303742, 498.31309125914595], [1061.597022314126, 614.9702231412599], [1011.0871306962582, 619.686908740854]], '둠', 0.012044170162456291), ([[185.42572556013445, 623.0275458253983], [234.5955739887549, 617.2160442907635], [249.57427443986555, 738.9724541746017], [199.4044260112451, 744.7839557092365]], ':', 0.00976845862912712), ([[197.05576303174936, 1476.0899677650968], [268.77469042027775, 1493.515974599103], [255.94423696825064, 1537.9100322349032], [185.22530957972225, 1519.484025400897]], '나!', 0.00908480597292032)]
[([[406, 530], [468, 530], [468, 584], [406, 584]], '혜', 0.12461311352405247), ([[852, 804], [956, 804], [956, 914], [852, 914]], '심', 0.014673914793711385), ([[88.29255710359132, 884.0250551606376], [209.83663525871083, 976.1998314559222], [157.70744289640868, 1044.9749448393623], [37.163364741289186, 951.8001685440778]], '08', 0.6522245157288723), ([[163.01300624614166, 985.0443693321724], [286.41214730796935, 1024.452157213581], [254.98699375385834, 1117.9556306678276], [130.58785269203065, 1077.547842786419]], '8!', 0.11939639394851552), ([[197.07296070401088, 1475.0866917312576], [267.7926817813953, 1494.5751486595852], [254.92703929598912, 1537.9133082687424], [184.20731821860474, 1519.4248513404148]], '나!', 0.006811737608752868)]
[([[273, 437], [317, 437], [317, 479], [273, 479]], '2', 0.18509381969625238), ([[16, 1082], [64, 1082], [64, 1130], [16, 1130]], '(', 0.7044862848112565), ([[892.5927778982441, 457.01383510418884], [940.8930765763071, 466.7435650937519], [911.4072221017559, 615.9861648958112], [864.1069234236929, 606.256434906248]], '"', 0.9560738631037715), ([[311.5176948604781, 511.0194162699289], [356.98639392383217, 504.08163645700716], [377.4823051395219, 646.9805837300711], [332.01360607616783, 653.9183635429929]], '별', 0.18838956607524526), ([[102.87116964368863, 801.0532120623714], [189.39048255504298, 840.4209672751807], [81.12883035631137, 1078.9467879376286], [-5.390482555042986, 1039.5790327248192]], '꿀', 0.08376138831687285)]
[([[963, 187], [1055, 187], [1055, 231], [963, 231]], '선생님', 0.9997310347322788), ([[937, 237], [1041, 237], [1041, 281], [937, 281]], '안 상냥', 0.889079724832667), ([[939, 287], [1017, 287], [1017, 331], [939, 331]], '햇어:', 0.5335729045618652), ([[88, 322], [208, 322], [208, 370], [88, 370]], '"사죄로', 0.9405597448348999), ([[87, 375], [189, 375], [189, 419], [87, 419]], '하나 더', 0.9991191330835045), ([[87, 425], [181, 425], [181, 469], [87, 469]], '가지고', 0.9999583606793223), ([[89, 475], [205, 475], [205, 517], [89, 517]], '싶은 거?', 0.9825607480733788), ([[791, 683], [933, 683], [933, 723], [791, 723]], '쉬올이어는대;"', 0.0329428101082726), ([[1037, 855], [1073, 855], [1073, 971], [1037, 971]], '다', 0.014365755413649206), ([[1002, 1510], [1034, 1510], [1034, 1534], [1002, 1534]], '64', 0.7255168952264849)]
[([[105, 493], [209, 493], [209, 533], [105, 533]], '""아기?', 0.9428251403560522), ([[863, 478], [903, 478], [903, 565], [863, 565]], '곁', 0.05556534151969572), ([[39, 549], [78, 549], [78, 618], [39, 618]], '딸', 0.1097501855390739), ([[814, 656], [840, 656], [840, 684], [814, 684]], "{'", 0.18223370931526064), ([[9, 860], [48, 860], [48, 930], [9, 930]], '@', 0.08840237724876943), ([[23, 929], [47, 929], [47, 949], [23, 949]], '9', 0.4512418285439743), ([[99, 1513], [129, 1513], [129, 1533], [99, 1533]], '65', 0.9999998314126102), ([[1.8997455037067434, 16.02422293414304], [443.09346869371154, 87.32881072782814], [398.10025449629325, 292.97577706585696], [-42.093468693711564, 221.67118927217186]], '[((', 0.013764051044821438)]
[([[935, 215], [981, 215], [981, 251], [935, 251]], '이::', 0.28427192290412273), ([[933, 261], [1033, 261], [1033, 303], [933, 303]], '이 아이', 0.999566295655519), ([[933, 311], [1027, 311], [1027, 353], [933, 353]], '말이야', 0.9996911174787287), ([[133, 349], [195, 349], [195, 391], [133, 391]], '그래', 0.9999819611964912), ([[132, 396], [264, 396], [264, 444], [132, 444]], '이 아이의', 0.9013260370798526), ([[131, 451], [197, 451], [197, 493], [131, 493]], '아기', 0.9979392201238039), ([[133, 499], [255, 499], [255, 543], [133, 543]], '사이즈가', 0.9862004518508911), ([[133, 549], [263, 549], [263, 593], [133, 593]], '갖고 싶네', 0.6367192840451378), ([[149, 601], [223, 601], [223, 643], [149, 643]], '해서', 0.9999098069355452), ([[823, 629], [863, 629], [863, 716], [823, 716]], '꼴', 0.04066247354750829), ([[9, 860], [48, 860], [48, 930], [9, 930]], '@', 0.10592127387159067), ([[1002, 1510], [1034, 1510], [1034, 1534], [1002, 1534]], '66', 0.9988519410821246), ([[42.49027925047706, 552.043619652767], [70.98904849851012, 549.1677247542665], [75.50972074952294, 615.956380347233], [47.010951501489885, 617.8322752457335]], '빨', 0.11393278932168016)]
[([[359, 105], [395, 105], [395, 141], [359, 141]], '서', 0.9997329890175024), ([[357, 143], [439, 143], [439, 187], [357, 187]], '선생님', 0.9993683461529649), ([[357, 185], [443, 185], [443, 227], [357, 227]], '정말로', 0.9999628343142075), ([[359, 229], [395, 229], [395, 265], [359, 265]], '애:', 0.7285687489625657), ([[85, 667], [145, 667], [145, 707], [85, 707]], '생겨', 0.964135721794305), ([[85, 705], [196, 705], [196, 753], [85, 753]], '버리논데', 0.5922932028770447), ([[111, 749], [171, 749], [171, 793], [111, 793]], '좋은', 0.8452690300478132), ([[87, 795], [161, 795], [161, 833], [87, 833]], '거야?', 0.9981307267562535), ([[646, 1400], [744, 1400], [744, 1480], [646, 1480]], '7 ', 0.8529825730911513), ([[367.61346793042907, 767.0187196834192], [401.70929902142905, 763.0633904310689], [414.38653206957093, 877.9812803165808], [380.29070097857095, 881.9366095689311]], '"', 0.9976686729796711), ([[88.58980291704978, 1358.021088295383], [121.50957544669863, 1352.032591164989], [139.41019708295022, 1462.978911704617], [106.49042455330137, 1468.967408835011]], '"', 0.8347014954779297)]
[([[352, 110], [384, 110], [384, 152], [352, 152]], '서', 0.9999369392800226), ([[349, 169], [387, 169], [387, 339], [349, 339]], '물', 0.015035100158542536), ([[105, 663], [173, 663], [173, 707], [105, 707]], '거기', 0.9987878190543348), ([[107, 713], [191, 713], [191, 757], [107, 757]], '틀러?', 0.7044820189476013), ([[103, 761], [177, 761], [177, 805], [103, 805]], '아앗', 0.919001154501563), ([[646, 1400], [744, 1400], [744, 1478], [646, 1478]], '7 ', 0.2181680569364131), ([[1003, 1513], [1031, 1513], [1031, 1533], [1003, 1533]], '68', 0.9999995785315409), ([[972.4972384864693, 51.0707279565747], [1090.5581002705703, 28.897690958569825], [1112.5027615135307, 188.9292720434253], [993.4418997294296, 210.10230904143017]], '곁', 0.37676579276615385), ([[564.0725499096816, 348.0358938348923], [641.5735065832711, 308.0137124096347], [731.9274500903184, 500.9641061651077], [653.4264934167289, 540.9862875903652]], ';', 0.01744558790511519), ([[293.91051062220066, 604.0661871020453], [359.13271198825737, 578.0715643278535], [404.08948937779934, 703.9338128979547], [339.86728801174263, 729.9284356721465]], '톤', 0.8189280708859457)]
[([[1003, 59], [1089, 59], [1089, 167], [1003, 167]], '박', 0.00310980244869509), ([[307, 139], [347, 139], [347, 181], [307, 181]], '너', 0.999731677890825), ([[308, 186], [408, 186], [408, 234], [308, 234]], '넘기기', 0.9957142287055111), ([[311, 241], [375, 241], [375, 283], [311, 283]], '아', 0.9987390442604216), ([[461, 205], [569, 205], [569, 329], [461, 329]], '기', 0.08292804628418882), ([[309, 289], [381, 289], [381, 333], [309, 333]], '안돼', 0.599022495714179), ([[76, 580], [220, 580], [220, 628], [76, 628]], '선생님 거', 0.9958939676215488), ([[77, 633], [219, 633], [219, 677], [77, 677]], '너무 커서', 0.8620157267230605), ([[77, 683], [209, 683], [209, 727], [77, 727]], '엉덩이:', 0.516385555267334), ([[77, 733], [219, 733], [219, 777], [77, 777]], '늘어 버려', 0.6833930998148063), ([[206, 1370], [236, 1370], [236, 1408], [206, 1408]], '척', 0.14156966822034267), ([[646, 1400], [744, 1400], [744, 1480], [646, 1480]], '7 ', 0.8343363163537133), ([[521.4143122083084, 302.01072328681926], [633.1399527998066, 271.04066080270826], [718.5856877916916, 606.9892767131807], [606.8600472001934, 638.9593391972918]], '3', 0.20896586148764218), ([[930.3486328543988, 377.03037154206686], [978.7327934916264, 364.03846182955016], [1011.6513671456012, 497.96962845793314], [963.2672065083736, 510.96153817044984]], '?', 0.03034781473967052), ([[290.74382613145303, 580.0564700591285], [394.29546226332127, 564.4953146824441], [412.25617386854697, 718.9435299408715], [308.70453773667873, 734.5046853175559]], '꽃', 0.6640711106037465)]
[([[299, 181], [423, 181], [423, 217], [299, 217]], '부풀; 어?', 0.6326909967911385), ([[297, 221], [379, 221], [379, 259], [297, 259]], '선생님', 0.9985267288448916), ([[299, 265], [379, 265], [379, 301], [299, 301]], '거기록', 0.7089589851152117), ([[299, 307], [391, 307], [391, 343], [299, 343]], '아기 안', 0.999331174366732), ([[788, 470], [812, 470], [812, 496], [788, 496]], '%', 0.3771048024028154), ([[931, 177], [1111, 177], [1111, 526], [931, 526]], '탑', 0.07101146270731906), ([[798, 494], [824, 494], [824, 518], [798, 518]], '0', 0.927000647132914), ([[93, 543], [175, 543], [175, 581], [93, 581]], '나오고', 0.9992271294870614), ([[91, 585], [171, 585], [171, 623], [91, 623]], '있어:', 0.19443470724506723), ([[91, 625], [209, 625], [209, 665], [91, 665]], '뜨거운 거', 0.9252226710134287), ([[101, 671], [177, 671], [177, 707], [101, 707]], '"흘러', 0.9917246170288111), ([[87, 707], [203, 707], [203, 793], [87, 793]], '뵙어지고', 0.03496026247739792), ([[654, 770], [686, 770], [686, 810], [654, 810]], '0', 0.9394549668485439), ([[654, 588], [792, 588], [792, 869], [654, 869]], '뿐', 0.07601295657395557), ([[703, 893], [745, 893], [745, 939], [703, 939]], '9', 0.49880044526395295), ([[646, 1400], [744, 1400], [744, 1480], [646, 1480]], '7 ', 0.8264942948055682), ([[1003, 1513], [1031, 1513], [1031, 1533], [1003, 1533]], '70', 0.9999994099441718), ([[286.7871853708922, 583.0526317652605], [391.8931195172838, 565.3007424486701], [413.2128146291078, 725.9473682347395], [309.1068804827162, 743.6992575513299]], '털', 0.13475884372265856), ([[642.3203723339694, 688.0581595370226], [676.5223705003779, 693.895543999535], [665.6796276660306, 753.9418404629774], [632.4776294996221, 748.104456000465]], '$', 0.002578386524847931)]
[([[955, 173], [1035, 173], [1035, 213], [955, 213]], '으헤~', 0.3898096163140042), ([[949, 213], [1043, 213], [1043, 257], [949, 257]], '아저씨', 0.9994695782661438), ([[951, 255], [1015, 255], [1015, 297], [951, 297]], '에게', 0.43998807882177876), ([[951, 297], [1055, 297], [1055, 339], [951, 339]], '이런 꼴', 0.9998701842488823), ([[105, 359], [153, 359], [153, 395], [105, 395]], '아', 0.9999760390763335), ([[951, 339], [1045, 339], [1045, 381], [951, 381]], '시키고', 0.9997860933634213), ([[103, 397], [195, 397], [195, 441], [103, 441]], '아래털', 0.9583282417357607), ([[105, 439], [169, 439], [169, 481], [105, 481]], '깎고', 0.5151418766241821), ([[105, 481], [195, 481], [195, 525], [105, 525]], '싶다니', 0.9995694399958375), ([[115, 525], [195, 525], [195, 565], [115, 565]], '"이건', 0.9178763859264633), ([[937, 511], [976, 511], [976, 580], [937, 580]], '딸', 0.05974744083059225), ([[105, 563], [199, 563], [199, 607], [105, 607]], '상당한', 0.9031002092168733), ([[909, 542], [948, 542], [948, 610], [909, 610]], '딸', 0.049269612269153606), ([[107, 607], [205, 607], [205, 649], [107, 649]], '변태 씨', 0.6908285217975938), ([[291, 607], [330, 607], [330, 674], [291, 674]], '[', 0.27214385519244677), ([[105, 649], [189, 649], [189, 691], [105, 691]], '구나~', 0.999954093522392), ([[860, 1226], [964, 1226], [964, 1330], [860, 1330]], '8', 0.29291387252447976)]
[([[990, 56], [1090, 56], [1090, 158], [990, 158]], '심', 0.00210435616543464), ([[284, 528], [338, 528], [338, 560], [284, 560]], '선생', 0.9747253853648647), ([[153, 669], [213, 669], [213, 709], [153, 709]], '부러문', 0.3984271577001022), ([[152, 716], [188, 716], [188, 746], [152, 746]], '소리', 0.7005364965812474), ([[112, 808], [146, 808], [146, 838], [112, 838]], '듣지', 0.6845005874500113), ([[365, 762], [417, 762], [417, 882], [365, 882]], '"', 0.4276341223175031), ([[88, 849], [133, 849], [133, 877], [88, 877]], '마아', 0.9992553464188406), ([[652, 1400], [744, 1400], [744, 1478], [652, 1478]], '7 ', 0.3735220367843048), ([[297.371374144502, 673.1110312548648], [380.55943780809207, 639.2761235887396], [427.628625855498, 769.8889687451352], [344.44056219190793, 804.7238764112604]], '등', 0.45051493059168024), ([[89.58557566296217, 1358.0215263644368], [122.55027348509876, 1352.0380309072889], [139.41442433703781, 1461.9784736355632], [106.44972651490124, 1467.9619690927111]], '"', 0.6440797384721577)]
[([[899, 215], [1023, 215], [1023, 259], [899, 259]], '시  실은', 0.7976006579474202), ([[901, 266], [1031, 266], [1031, 308], [901, 308]], '저  권 거', 0.4752738083666098), ([[75, 1033], [169, 1033], [169, 1075], [75, 1075]], '들으면', 0.9944954421242369), ([[77, 1085], [197, 1085], [197, 1127], [77, 1127]], '안되: 눈', 0.3249390774400053), ([[73, 1129], [173, 1129], [173, 1179], [73, 1179]], '거니깐', 0.5029001832008362), ([[1002, 1512], [1032, 1512], [1032, 1536], [1002, 1536]], '72', 0.9999409949219661)]
[([[209, 1011], [253, 1011], [253, 1049], [209, 1049]], '헤?', 0.6594793171794097), ([[99, 1513], [129, 1513], [129, 1533], [99, 1533]], '73', 0.5768705606460571)]
[([[976, 264], [1008, 264], [1008, 306], [976, 306]], '욕', 0.44379271469256665), ([[971, 305], [1013, 305], [1013, 343], [971, 343]], '!?', 0.9917965653711833), ([[116, 996], [148, 996], [148, 1036], [116, 1036]], '9', 0.654994091247719), ([[113, 1033], [149, 1033], [149, 1075], [113, 1075]], '욕', 0.8230002299338288), ([[1003, 1513], [1031, 1513], [1031, 1533], [1003, 1533]], '74', 0.8503906554090608), ([[126.66500906215472, 160.03566946229338], [298.00654537456046, 94.5064395521503], [394.33499093784525, 396.9643305377066], [222.9934546254395, 461.4935604478497]], '헌', 0.07773243718419565)]
[([[475, 117], [519, 117], [519, 153], [475, 153]], '서.', 0.5501354987177148), ([[473, 155], [557, 155], [557, 197], [473, 197]], '선생님', 0.9996576009152405), ([[475, 195], [561, 195], [561, 239], [475, 239]], '오늘은', 0.997946735727435), ([[500, 244], [540, 244], [540, 274], [500, 274]], '그:', 0.7917808831523543), ([[576, 308], [631, 308], [631, 439], [576, 439]], '뽑', 0.005710405211829583), ([[101, 1053], [143, 1053], [143, 1091], [101, 1091]], '펴:', 0.5154326580657614), ([[96, 1088], [211, 1088], [211, 1137], [96, 1137]], '평범하게', 0.9687225222587585), ([[101, 1137], [221, 1137], [221, 1177], [101, 1177]], '할   거야?', 0.39342061213220914), ([[511, 1257], [573, 1257], [573, 1393], [511, 1393]], '총', 0.05418422963929803), ([[99, 1513], [129, 1513], [129, 1533], [99, 1533]], '75', 0.9999997471189183), ([[1007.5303431976097, 84.0100308240665], [1088.5077187464885, 100.47818115013845], [1040.4696568023903, 339.9899691759335], [959.4922812535115, 323.5218188498616]], '법', 0.26597856365748385), ([[95.5592446385145, 668.0194644152137], [136.73979821220703, 661.0550330026161], [157.44075536148551, 790.9805355847863], [116.26020178779297, 797.9449669973839]], '봄', 0.004326750466756624), ([[831.3662497777024, 1121.0287475547261], [882.4849431907481, 1104.0168180532262], [925.6337502222976, 1244.9712524452739], [873.5150568092519, 1261.9831819467738]], '입', 0.01640843998516517)]
[([[461, 75], [583, 75], [583, 115], [461, 115]], '저, 정말로', 0.907667769844186), ([[461, 119], [565, 119], [565, 157], [461, 157]], '쌀 거야?', 0.9991223016071266), ([[461, 161], [591, 161], [591, 199], [461, 199]], '그  그래도', 0.44921411101010755), ([[461, 203], [565, 203], [565, 241], [461, 241]], '오늘 은', 0.5861556900162508), ([[459, 241], [543, 241], [543, 283], [459, 283]], '위험한', 0.80382540755682), ([[461, 285], [567, 285], [567, 325], [461, 325]], '날이라  .', 0.78965419565655), ([[393, 307], [426, 307], [426, 376], [393, 376]], '호', 0.02529450968360436), ([[859, 563], [921, 563], [921, 631], [859, 631]], '웬', 0.022106345466604616), ([[246, 632], [278, 632], [278, 692], [246, 692]], '송', 0.004104362654888727), ([[846, 678], [919, 678], [919, 843], [846, 843]], '8', 0.029673143553488934), ([[79, 1017], [209, 1017], [209, 1055], [79, 1055]], '그, 그럴 셈', 0.512073420541117), ([[79, 1059], [233, 1059], [233, 1099], [79, 1099]], '이라니  바보', 0.8331472161144458), ([[79, 1101], [219, 1101], [219, 1139], [79, 1139]], '그런 것  응', 0.744603839213386), ([[80, 1142], [204, 1142], [204, 1180], [80, 1180]], '선생넘이: ', 0.33551475891695814), ([[77, 1181], [218, 1181], [218, 1224], [77, 1224]], '곤란해 버려', 0.9795120386722492), ([[923, 1195], [1033, 1195], [1033, 1321], [923, 1321]], '퍽', 0.19750832398282014), ([[1003, 1513], [1031, 1513], [1031, 1533], [1003, 1533]], '76', 1.0), ([[979.5366777747101, 460.00766879624587], [1087.196198902078, 481.9910566092711], [1024.4633222252899, 789.9923312037541], [915.803801097922, 768.0089433907289]], '%', 0.07014805913981093), ([[211.50324929946458, 666.0626722679119], [231.6191720949216, 664.0982571370265], [236.49675070053542, 708.9373277320881], [216.3808279050784, 710.9017428629735]], '출', 0.5841348839557305), ([[195.44377642240653, 855.0520150387546], [219.84381130583012, 852.1211143683444], [225.55622357759347, 913.9479849612454], [201.15618869416988, 915.8788856316556]], '중', 0.11744462086454721), ([[450.3464540844378, 877.0267398301415], [510.7560939845431, 859.0358100294796], [554.6535459155622, 1014.9732601698585], [494.2439060154569, 1032.9641899705205]], '3', 0.01107852098162937), ([[297.0315649975117, 938.0588329795958], [350.632930407985, 916.0250768593893], [394.9684350024883, 1035.9411670204042], [341.367069592015, 1057.9749231406106]], '올', 0.010882823469049951)]
[([[466, 80], [506, 80], [506, 112], [466, 112]], '서:', 0.9721820514098473), ([[462, 116], [616, 116], [616, 172], [462, 172]], '선생님은 6*4', 0.08871732721327892), ([[463, 159], [571, 159], [571, 199], [463, 199]], '아저씨틀', 0.5112709403038025), ([[465, 203], [593, 203], [593, 241], [465, 241]], '어  엄마로', 0.7643315902687805), ([[463, 243], [553, 243], [553, 283], [463, 283]], '만들 셈', 0.9973959473052468), ([[465, 287], [569, 287], [569, 323], [465, 323]], '인 거야?', 0.997424381009151), ([[105, 1019], [237, 1019], [237, 1107], [105, 1107]], '1엿" 왜?', 0.08350356214835827), ([[382, 894], [526, 894], [526, 1192], [382, 1192]], '명', 0.007947783008895648), ([[60, 1106], [216, 1106], [216, 1156], [60, 1156]], '64 나  나와', 0.2887374108018932), ([[107, 1149], [189, 1149], [189, 1187], [107, 1187]], '버리는', 0.8549774476278027), ([[109, 1191], [179, 1191], [179, 1227], [109, 1227]], '거야? <', 0.31266340174236784), ([[929.5728229034054, 640.006083909527], [1046.5564740909097, 656.5087936975514], [993.4271770965946, 1020.993916090473], [877.4435259090903, 1004.4912063024486]], '5', 0.01655241998949819), ([[1030.6107541684355, 929.0084212908628], [1102.4862401183227, 945.1978432724821], [1050.3892458315645, 1177.9915787091372], [978.5137598816773, 1160.8021567275177]], '#', 0.021281865310499803), ([[249.6367387126508, 1266.0082516783175], [306.32231872088647, 1252.006495722015], [363.3632612873492, 1501.9917483216825], [306.67768127911353, 1515.993504277985]], '#', 0.253062810126071)]
[([[335, 74], [379, 74], [379, 315], [335, 315]], '물', 0.07106609633234484), ([[310, 308], [339, 308], [339, 363], [310, 363]], '@', 0.0157180281707634), ([[719, 453], [851, 453], [851, 591], [719, 591]], '김', 0.4009134684476976), ([[88, 580], [260, 580], [260, 628], [88, 628]], '서 선생님의', 0.7408508209652503), ([[86, 622], [231, 622], [231, 667], [86, 667]], '뜨거운 것', 0.7207807055688443), ([[369, 569], [479, 569], [479, 699], [369, 699]], '꽃', 0.4104529338010252), ([[87, 667], [253, 667], [253, 711], [87, 711]], '가   간닷어', 0.217223881215874), ([[814, 1150], [902, 1150], [902, 1228], [814, 1228]], '씨', 0.025652329838481203), ([[1002, 1510], [1032, 1510], [1032, 1534], [1002, 1534]], '78', 0.99999452091409), ([[943.638243379075, -6.997382505918832], [1128.8182766896193, 28.46192356329316], [993.361756620925, 733.9973825059188], [807.1817233103807, 698.5380764367069]], '"', 0.4724435151629791), ([[455.7936773549478, 84.02912124742033], [713.5914247752227, 125.39800110395566], [671.2063226450522, 340.97087875257967], [413.4085752247774, 300.60199889604434]], '0상', 0.00456235459664402), ([[403.4289355118014, 723.0101943304392], [521.8784762075741, 764.267193200208], [426.5710644881986, 1034.9898056695608], [309.12152379242593, 993.732806799792]], '살', 0.03338900191448091), ([[433.11736815014393, 1124.0243635176053], [596.8788529493319, 1216.0347954270628], [526.882631849856, 1336.9756364823947], [363.12114705066807, 1244.9652045729372]], '새', 0.25039998781954864), ([[391.1025387486306, 1267.0251897256246], [605.8170335833124, 1351.5872321652575], [552.8974612513695, 1476.9748102743754], [338.18296641668763, 1392.4127678347425]], '18', 0.17396804453158315), ([[564.0301136185036, 1390.0336361064524], [732.5819950020347, 1449.6045012494912], [689.9698863814964, 1561.9663638935476], [521.4180049979653, 1502.3954987505088]], '45!', 0.03107102629729168)]
[([[467, 163], [573, 163], [573, 205], [467, 205]], '"차암"', 0.4672379195690155), ([[461, 203], [547, 203], [547, 245], [461, 245]], '정말로', 0.999951271694149), ([[463, 245], [559, 245], [559, 287], [463, 287]], "말이야:'", 0.4844828628118371), ([[578, 308], [631, 308], [631, 439], [578, 439]], '빵', 0.02171617645196222), ([[953, 595], [1021, 595], [1021, 669], [953, 669]], '약', 0.07227911995957825), ([[103, 1039], [193, 1039], [193, 1081], [103, 1081]], '어절수', 0.14708336508290332), ([[242, 998], [342, 998], [342, 1094], [242, 1094]], '타', 0.011243288835852072), ([[105, 1081], [163, 1081], [163, 1123], [105, 1123]], '업는', 0.41060055812395846), ([[103, 1121], [187, 1121], [187, 1165], [103, 1165]], '선생님', 0.9996445935009679), ([[105, 1165], [173, 1165], [173, 1205], [105, 1205]], '이네::', 0.6826074719429016), ([[99, 1513], [129, 1513], [129, 1533], [99, 1533]], '79', 0.49309538573612405), ([[162, 1488], [241, 1488], [241, 1543], [162, 1543]], '계', 0.004415774768027569), ([[1007.5263019083253, 84.01020427314758], [1088.4928822025315, 100.46961464005199], [1041.4736980916746, 337.98979572685244], [960.5071177974684, 322.530385359948]], '법', 0.37622283163388204), ([[568.7272077938642, 648.0904545570495], [626.6504683452063, 614.023536836154], [691.2727922061358, 735.9095454429505], [634.3495316547937, 769.976463163846]], '탑', 0.01345209647740675), ([[97.56685191817579, 667.0187970590216], [138.81569545951876, 661.0669846019579], [157.4331480818242, 791.9812029409784], [116.18430454048122, 797.9330153980421]], '빵', 0.029118418712308136)]
[([[280, 1200], [309, 1200], [309, 1269], [280, 1269]], '(휴', 0.027502314807596972), ([[1003, 1513], [1031, 1513], [1031, 1533], [1003, 1533]], '80', 0.9999984827137908), ([[351.6810191108684, 603.0127388858555], [380.2976796992865, 599.0110920295609], [401.3189808891316, 735.9872611141445], [371.7023203007135, 740.9889079704391]], '5', 0.004617122897357717), ([[655.5143570688214, 959.1258427238785], [689.9748585065719, 964.7771751984978], [687.4856429311786, 978.8741572761215], [653.0251414934281, 973.2228248015022]], '5 0$', 0.15559837222099304)]
[([[971, 205], [1055, 205], [1055, 243], [971, 243]], '"그런', 0.9406650404455451), ([[965, 243], [1029, 243], [1029, 285], [965, 285]], '기뻐', 0.6837559742612328), ([[967, 285], [1059, 285], [1059, 327], [967, 327]], '보이는', 0.7131190282148129), ([[967, 327], [1067, 327], [1067, 369], [967, 369]], '얼굴 해', 0.9998039161395729), ([[967, 369], [1059, 369], [1059, 411], [967, 411]], '버리고', 0.99998946970357), ([[87, 421], [191, 421], [191, 463], [87, 463]], '이런 일', 0.9993668428462866), ([[967, 409], [1049, 409], [1049, 453], [967, 453]], '말야~', 0.9828268584038441), ([[87, 463], [151, 463], [151, 505], [87, 505]], '다른', 0.9996413491595741), ([[85, 503], [207, 503], [207, 547], [85, 547]], '아이에게', 0.7999855875968933), ([[87, 545], [207, 545], [207, 589], [87, 589]], '부탁하면', 0.9998503923416138), ([[901, 537], [940, 537], [940, 608], [901, 608]], '[뽑', 0.11618476186851436), ([[87, 587], [223, 587], [223, 631], [87, 631]], '안되다구?', 0.3610250061010261), ([[873, 569], [912, 569], [912, 638], [873, 638]], '@', 0.046500111972776814), ([[285, 645], [322, 645], [322, 712], [285, 712]], '딸', 0.06797887324725949)]
[([[929, 201], [1067, 201], [1067, 243], [929, 243]], '내 여기  틀', 0.7362542864269372), ([[927, 249], [1039, 249], [1039, 293], [927, 293]], '이렇게나', 0.6682522892951965), ([[929, 298], [1069, 298], [1069, 342], [929, 342]], '움직이는 건', 0.6370566201810753), ([[191, 659], [275, 659], [275, 701], [191, 701]], '선생님', 0.9995885035880282), ([[193, 709], [303, 709], [303, 751], [193, 751]], '분이야"', 0.22661107778549194), ([[99, 1513], [125, 1513], [125, 1533], [99, 1533]], '81', 0.9999996628252286), ([[655.4929798734366, 959.1380657848422], [681.9486832980505, 963.6837722339832], [679.5070201265634, 977.8619342151578], [653.0513167019495, 973.3162277660168]], '00', 0.3372586218874165)]
[([[147, 123], [250, 123], [250, 184], [147, 184]], '[각사', 0.08552405188973748), ([[110, 182], [290, 182], [290, 230], [110, 230]], '# -) )', 0.2151038312071067), ([[324, 178], [512, 178], [512, 234], [324, 234]], '#즐+ 소#', 0.027586006627351663), ([[108, 232], [204, 232], [204, 288], [108, 288]], '출#', 0.0946223297815033), ([[326, 232], [642, 232], [642, 288], [326, 288]], '#원(+ " : ")', 0.21782475480561647), ([[108, 284], [204, 284], [204, 340], [108, 340]], '늙습', 0.06991084118575308), ([[327, 283], [859, 283], [859, 339], [327, 339]], '[소소000떤 솜내~09]', 0.045861897326985285), ([[108, 338], [242, 338], [242, 392], [108, 392]], '쭉수주터', 0.03212633356451988), ([[326, 338], [586, 338], [586, 388], [326, 388]], '2024/03/22', 0.9317125335396804), ([[108, 442], [797, 442], [797, 498], [108, 498]], '*표#축 -초:7 " 77- + 출:', 0.007356749810025979), ([[37, 593], [515, 593], [515, 804], [37, 804]], '[터"_곡', 0.045095715336883446), ([[644, 762], [713, 762], [713, 915], [644, 915]], '"', 0.7983282439622066), ([[634, 1068], [686, 1068], [686, 1092], [634, 1092]], "'다음날?'", 0.8876117190053564), ([[637, 1091], [677, 1091], [677, 1111], [637, 1111]], '정말로', 0.8786524545992644), ([[619, 1345], [679, 1345], [679, 1459], [619, 1459]], '"', 0.8395165572125372), ([[1002, 1512], [1032, 1512], [1032, 1536], [1002, 1536]], '82', 1.0), ([[22.532961662934675, 909.013644436183], [82.21331345224363, 900.092543362964], [110.46703833706532, 1095.9863555638171], [50.78668654775638, 1104.907456637036]], '꿀', 0.1950255853089402)]
[([[935, 167], [1017, 167], [1017, 207], [935, 207]], '으레~', 0.3990206737234657), ([[931, 207], [997, 207], [997, 249], [931, 249]], '설마', 0.9996682361298052), ([[931, 249], [1055, 249], [1055, 293], [931, 293]], '아저씨가', 0.9908966422080994), ([[931, 291], [1053, 291], [1053, 333], [931, 333]], '자랑하는', 0.8314152359962463), ([[931, 331], [1051, 331], [1051, 375], [931, 375]], '방어력이', 0.9975188374519348), ([[931, 373], [1043, 373], [1043, 417], [931, 417]], '말이야~', 0.9995808601379395), ([[101, 397], [195, 397], [195, 437], [101, 437]], '아군인', 0.9053569125119028), ([[103, 437], [223, 437], [223, 481], [103, 481]], '선생님께', 0.9260336756706238), ([[101, 481], [167, 481], [167, 521], [101, 521]], '이런', 0.9998076472023113), ([[103, 521], [223, 521], [223, 563], [103, 563]], '모양으로', 0.9999012351036072), ([[103, 563], [259, 563], [259, 607], [103, 607]], '내려가 버질', 0.44931043206339855), ([[103, 604], [215, 604], [215, 646], [103, 646]], '줄이야~', 0.9998862743377686), ([[370, 593], [397, 593], [397, 664], [370, 664]], '줄', 0.010883969166173069), ([[359, 639], [379, 639], [379, 689], [359, 689]], '출', 0.02012506521975954), ([[1002, 1510], [1034, 1510], [1034, 1534], [1002, 1534]], '10', 0.9999743748122707), ([[583.4700010599968, 786.152001695995], [621.9986876634766, 793.9487852480269], [619.5299989400032, 803.847998304005], [581.0013123365234, 796.0512147519731]], '> 0 < {', 0.05141985508275687)]
