2866809
18
[([[8, 784], [599, 784], [599, 898], [8, 898]], '[쓰:산.히0', 6.445044649523374e-05), ([[3, 866], [1754, 866], [1754, 1110], [3, 1110]], '헌사랑동공공장소', 0.22659104134719235)]
[]
[([[1252, 670], [1322, 670], [1322, 720], [1252, 720]], '리)', 0.005654667921340739)]
[]
[]
[]
[([[1415, 373], [1583, 373], [1583, 415], [1415, 415]], '똑바로 걸어.', 0.9715530760507302), ([[1392, 409], [1600, 409], [1600, 449], [1392, 449]], '허튼짓하면 패딩', 0.8829218566570605), ([[1399, 441], [1600, 441], [1600, 489], [1399, 489]], '확 벗겨버린다:', 0.6635070767030891)]
[]
[]
[([[1493, 927], [1763, 927], [1763, 1131], [1493, 1131]], '(추', 0.0857625832611032), ([[19, 1033], [1450, 1033], [1450, 1281], [19, 1281]], '[,째우김', 0.0003702238458813334), ([[26, 1279], [1854, 1279], [1854, 1390], [26, 1390]], '",버: 룹(교 도:/|형 명;*;차 굽잊[신5형,5/79972284', 1.0093055984252986e-06), ([[26, 1366], [1991, 1366], [1991, 1477], [26, 1477]], '묘장-장설어: 룹교 도:/|형 명치+~어탁뱀어김-신슷:>김-히0', 5.2413564243886324e-08), ([[28, 1453], [1646, 1453], [1646, 1558], [28, 1558]], '5장어,: 룹믿도:/-즈신뵈-오늘김-전어냐튜굽`어사어디)', 6.650100902882797e-08), ([[27, 1536], [1983, 1536], [1983, 1651], [27, 1651]], '6시:-4: 룹명하:/|명명 ,젠굽 어미| ;어검|>움째우굽-히0', 9.38369357699414e-08)]
[([[83, 63], [331, 63], [331, 103], [83, 103]], '숫게 자는 사람들도,', 0.33455184357580325), ([[61, 95], [363, 95], [363, 140], [61, 140]], '일찍 일어나는 사람들도', 0.7147174577726767), ([[1396, 86], [1586, 86], [1586, 128], [1396, 128]], '남자화장실에서', 0.9966131137263583), ([[55, 131], [367, 131], [367, 175], [55, 175]], '모두 자고있올 새벽 4시:', 0.6212181475146137), ([[1377, 123], [1605, 123], [1605, 163], [1377, 163]], '더러운 냄새 맡느거', 0.6468370564378978), ([[1421, 161], [1541, 161], [1541, 197], [1421, 197]], '너무 좋아', 0.9806242984031887), ([[573, 235], [809, 235], [809, 279], [573, 279]], '한사랑 호수공원의', 0.8235861536793819), ([[536, 272], [851, 272], [851, 316], [536, 316]], '남자 화장실은 시끄럽다:', 0.724189597874573), ([[1255, 253], [1325, 253], [1325, 317], [1255, 317]], '컴', 0.025675098482910386), ([[229, 405], [275, 405], [275, 441], [229, 441]], '0', 0.9416490439000427), ([[417, 371], [503, 371], [503, 433], [417, 433]], '@', 0.25529874094445404), ([[434, 422], [462, 422], [462, 448], [434, 448]], '0', 0.9824992407811841), ([[1434, 404], [1605, 404], [1605, 502], [1434, 502]], '쥐적', 0.06691701777880031), ([[1521, 659], [1647, 659], [1647, 745], [1521, 745]], '꾸소', 0.2509380478037983), ([[1017, 849], [1187, 849], [1187, 887], [1017, 887]], '이러다 들키면', 0.9227427934330836), ([[1174, 738], [1334, 738], [1334, 888], [1174, 888]], '뼈', 0.9029318467676148), ([[997, 883], [1207, 883], [1207, 923], [997, 923]], '내 인생 다 끝나게', 0.45578196993246994), ([[1021, 919], [1137, 919], [1137, 957], [1021, 957]], '되논데도.', 0.5852972313553815), ([[1214, 974], [1420, 974], [1420, 1118], [1214, 1118]], '견', 0.013087908775016865), ([[1543, 1035], [1713, 1035], [1713, 1075], [1543, 1075]], '제발 . 누가날', 0.7729473158707354), ([[1529, 1071], [1723, 1071], [1723, 1109], [1529, 1109]], '찾아쥐... 변기로', 0.7919060108872663), ([[1571, 1107], [1677, 1107], [1677, 1143], [1571, 1143]], '씨쥐어', 0.3647240870620609), ([[1478.8230353014474, 826.0533883159198], [1644.8098256700496, 850.5660311334128], [1624.1769646985526, 961.9466116840802], [1458.1901743299504, 936.4339688665872]], '#', 0.337176263457323)]
[([[997, 136], [1198, 136], [1198, 173], [997, 173]], '아저씨, 아까부터', 0.835695124159233), ([[179, 157], [231, 157], [231, 193], [179, 193]], '와 ', 0.8898437765857249), ([[987, 169], [1205, 169], [1205, 209], [987, 209]], '나필끔렉금 차지?', 0.028818967115628907), ([[73, 187], [337, 187], [337, 230], [73, 230]], '진짜 존나 새곤하네  .', 0.47480429269200697), ([[135, 223], [289, 223], [289, 263], [135, 263]], '나는 언제좀', 0.7817422870078422), ([[73, 259], [353, 259], [353, 299], [73, 299]], '저런 여자랑 해보려나', 0.9581381836972981), ([[1579, 571], [1673, 571], [1673, 607], [1579, 607]], '난이따', 0.9601381431226781), ([[1511, 603], [1737, 603], [1737, 645], [1511, 645]], '남친이량 할거니까', 0.5464424785879907), ([[1509, 637], [1739, 637], [1739, 679], [1509, 679]], '아저씬 내 엉덩이로', 0.9318211619199049), ([[1557, 673], [1677, 673], [1677, 715], [1557, 715]], '딸이나 처', 0.7096166037684849), ([[1320, 670], [1444, 670], [1444, 770], [1320, 770]], '문쩍', 0.02049070912333376), ([[615, 801], [796, 801], [796, 841], [615, 841]], '로또 당점돼도', 0.5307296700171631), ([[623, 837], [785, 837], [785, 877], [623, 877]], '평생 그럴 일', 0.6350853870312991), ([[651, 873], [765, 873], [765, 911], [651, 911]], '없젯지.', 0.3578570485115051), ([[1662, 1070], [1706, 1070], [1706, 1098], [1662, 1098]], '0', 0.9123088054634678), ([[1364.1763617125873, 856.0339767223076], [1500.9831850664182, 921.4203311896919], [1462.8236382874127, 996.9660232776924], [1326.0168149335818, 931.5796688103081]], '%6익', 0.3794522255742955), ([[1109.2534261467808, 923.0253643576796], [1235.8797823732978, 1017.3781690872103], [1180.7465738532192, 1091.9746356423204], [1053.1202176267022, 996.6218309127897]], '위초위', 0.0033146196275573563), ([[1318.299010994364, 955.0273407278568], [1436.8981639185504, 1037.649933750289], [1391.700989005636, 1100.9726592721431], [1274.1018360814496, 1018.3500662497111]], '섞엉)', 0.0023262364193150317)]
[([[385, 85], [507, 85], [507, 123], [385, 123]], '옆 고덩이', 0.9532689560301787), ([[1339, 89], [1497, 89], [1497, 125], [1339, 125]], '오빠; 왜 자꾸', 0.6426783156037358), ([[321, 119], [567, 119], [567, 159], [321, 159]], '자꾸 허녁지에 손올', 0.6434204464346467), ([[1323, 125], [1513, 125], [1513, 163], [1323, 163]], '모르는 척 해요?', 0.8573667958942818), ([[336, 153], [553, 153], [553, 196], [336, 196]], '올리는 것 같은건', 0.6659682656518222), ([[1357, 157], [1473, 157], [1473, 197], [1357, 197]], '섞으면서.', 0.4709165998748267), ([[349, 191], [537, 191], [537, 229], [349, 229]], '내 착각인가 .?', 0.569821402207163), ([[989, 515], [1133, 515], [1133, 555], [989, 555]], '제가 용돈이', 0.9533923687452509), ([[959, 553], [1167, 553], [1167, 591], [959, 591]], '모자라서.. 손으로', 0.7204479483542977), ([[979, 584], [1145, 584], [1145, 624], [979, 624]], '빼드질테니까', 0.4313958232116051), ([[1237, 571], [1309, 571], [1309, 633], [1237, 633]], '덜', 0.12977235121225394), ([[975, 619], [1143, 619], [1143, 661], [975, 661]], '2만원 주세요', 0.999657785480883), ([[1328, 696], [1414, 696], [1414, 768], [1328, 768]], '원', 0.141617328950705), ([[511, 901], [719, 901], [719, 941], [511, 941]], '졸려서 그런가 .', 0.5849772760863517), ([[533, 937], [699, 937], [699, 979], [533, 979]], '잠이나 자자:', 0.6746008241053748), ([[1415, 969], [1499, 969], [1499, 1011], [1415, 1011]], '으응!', 0.8112925788508704), ([[609.1067444385466, 664.050025503064], [727.9208385119653, 705.8773614707451], [703.8932555614534, 768.949974496936], [585.0791614880347, 726.1226385292549]], '(빚', 0.003201133508890424)]
[([[139, 109], [235, 109], [235, 151], [139, 151]], '유은아', 0.9700721502304077), ([[643, 129], [809, 129], [809, 169], [643, 169]], '우-~ 부끄러.', 0.6047743031833612), ([[120, 145], [257, 145], [257, 187], [120, 187]], '다리 좀 더', 0.9709214414315434), ([[661, 163], [801, 163], [801, 203], [661, 203]], '영화관인데', 0.9697648777005468), ([[133, 183], [247, 183], [247, 221], [133, 221]], '벌려화 ..', 0.4441459640493052), ([[635, 196], [830, 196], [830, 240], [635, 240]], '적당히 좀 하지?', 0.990206459175929), ([[1162, 166], [1276, 166], [1276, 246], [1162, 246]], '뼈', 0.12342048538768324), ([[1624, 228], [1732, 228], [1732, 258], [1624, 258]], '자기야 .나', 0.43766930413692184), ([[1624, 254], [1726, 254], [1726, 286], [1624, 286]], '갈 거 같아', 0.7429241083840302), ([[1616, 398], [1722, 398], [1722, 478], [1616, 478]], '깜적', 0.03210006437401208), ([[1029, 483], [1129, 483], [1129, 525], [1029, 525]], '다 들려', 0.6817789058828195), ([[1011, 519], [1185, 519], [1185, 561], [1011, 561]], '개새끼들아  !', 0.6350568720028436), ([[509, 611], [587, 611], [587, 677], [509, 677]], '꿀', 0.9142779816654958), ([[768, 592], [874, 592], [874, 668], [768, 668]], '올', 0.010832129750188102), ([[1591, 641], [1689, 641], [1689, 681], [1591, 681]], '영화 좀', 0.9992040775325859), ([[1595, 679], [1689, 679], [1689, 715], [1595, 715]], '보자! !!', 0.43117846411881655), ([[171, 915], [265, 915], [265, 955], [171, 955]], '심야라', 0.8907487729854731), ([[107, 949], [327, 949], [327, 991], [107, 991]], '사람 별로 없어서', 0.986203626837319), ([[161, 987], [265, 987], [265, 1025], [161, 1025]], '괜찮아 .', 0.9458927409760449), ([[127, 1019], [307, 1019], [307, 1061], [127, 1061]], '우리만 조용히', 0.9994392131889545), ([[615, 1013], [677, 1013], [677, 1053], [615, 1053]], '정말', 0.9999885360764513), ([[163, 1055], [273, 1055], [273, 1095], [163, 1095]], '하면 돼.', 0.5412621329013363), ([[601, 1049], [721, 1049], [721, 1087], [601, 1087]], '이변태야', 0.9915832877159119), ([[1665.0625747279903, 73.06305298712773], [1775.7031491299633, 97.98312327063051], [1758.9374252720097, 160.93694701287225], [1649.2968508700367, 136.0168767293695]], '또', 0.03425667734845561), ([[1498.8994530298025, 182.076061814578], [1601.2926940551122, 199.71113797514545], [1587.1005469701975, 269.923938185422], [1484.7073059448878, 252.28886202485455]], '때', 0.019426682779073667), ([[1310.104466528811, 279.0446652881101], [1408.9362524500038, 329.93070483504226], [1373.895533471189, 396.9553347118899], [1274.0637475499962, 346.06929516495774]], '씨', 0.019271325440703757)]
[([[973, 103], [1103, 103], [1103, 145], [973, 145]], '이바보야', 0.914325085191564), ([[1241, 9], [1405, 9], [1405, 147], [1241, 147]], '썩', 0.0787480576226054), ([[1516, 110], [1598, 110], [1598, 134], [1516, 134]], '크크크', 0.3866280862857064), ([[1605, 105], [1667, 105], [1667, 141], [1605, 141]], '병신', 0.9995965942023682), ([[324, 112], [436, 112], [436, 192], [324, 192]], '텔', 0.02096480682117008), ([[944, 136], [1128, 136], [1128, 184], [944, 184]], '관람차 흔들로', 0.15391372618317223), ([[1501, 137], [1677, 137], [1677, 177], [1501, 177]], '백대가리년아', 0.4877992122382561), ([[1470, 171], [1707, 171], [1707, 214], [1470, 214]], '이정도로 추락하면', 0.8519333594811467), ([[1475, 207], [1705, 207], [1705, 247], [1475, 247]], '사람들 다 뒤울어.', 0.4945330026780532), ([[89, 257], [227, 257], [227, 293], [89, 293]], '어; 자기야!', 0.6008558265413438), ([[57, 291], [263, 291], [263, 331], [57, 331]], '저거 막 흔들려 . !', 0.4273639198962274), ([[981, 303], [1099, 303], [1099, 347], [981, 347]], '떨어지면', 0.9563822895305241), ([[53, 323], [263, 323], [263, 365], [53, 365]], '위험한 거 아냐.?', 0.6915812801186807), ([[963, 339], [1113, 339], [1113, 383], [963, 383]], '어쩌러고 !', 0.16711687319166707), ([[462, 356], [588, 356], [588, 434], [462, 434]], '덜정', 0.037619772622869696), ([[1608, 443], [1784, 443], [1784, 595], [1608, 595]], '탤', 0.05793931230990901), ([[909, 561], [1025, 561], [1025, 627], [909, 627]], '꽤', 0.0206484790852548), ([[635, 749], [787, 749], [787, 789], [635, 789]], '에이 설마~', 0.9191579863541719), ([[1439, 671], [1593, 671], [1593, 807], [1439, 807]], '퍽', 0.02960229953040372), ([[617, 787], [807, 787], [807, 825], [617, 825]], '그냥 바람이 좀', 0.8853587243569201), ([[615, 819], [809, 819], [809, 859], [615, 859]], '세게 부나보지.', 0.7960647930870159), ([[959, 865], [1043, 865], [1043, 986], [959, 986]], '옷', 0.38929962477828894), ([[1161, 799], [1321, 799], [1321, 969], [1161, 969]], '퍽', 0.9825987353324059), ([[1361, 971], [1594, 971], [1594, 1020], [1361, 1020]], '마한테므딴식으로', 0.10747770728655644), ([[255, 1011], [373, 1011], [373, 1049], [255, 1049]], '그런가 ?', 0.5015506610670587), ([[1389, 1011], [1569, 1011], [1569, 1055], [1389, 1055]], '욕하지 말라고', 0.9732077539424174), ([[1043, 1014], [1245, 1014], [1245, 1140], [1043, 1140]], '털정', 0.005347925431309001), ([[1416, 1046], [1540, 1046], [1540, 1086], [1416, 1086]], '햇잖아생', 0.01125064525999165), ([[1571, 1087], [1731, 1087], [1731, 1179], [1571, 1179]], '@ ', 0.529065804229704)]
[([[1415, 373], [1583, 373], [1583, 415], [1415, 415]], '똑바로 걸어.', 0.9671557052705495), ([[1393, 409], [1601, 409], [1601, 449], [1393, 449]], '허튼짓하면 패딩', 0.8567591169962487), ([[1401, 441], [1600, 441], [1600, 489], [1401, 489]], '확 벗겨버린다:', 0.6207361302772666), ([[966, 668], [1080, 668], [1080, 718], [966, 718]], '앞있행대', 0.008576453663408756), ([[1352, 722], [1476, 722], [1476, 778], [1352, 778]], '위진임6', 0.005309684667736292), ([[1243, 1137], [1391, 1137], [1391, 1199], [1243, 1199]], '(@형양론', 0.0012040663574010406)]
[([[949, 129], [1111, 129], [1111, 167], [949, 167]], '오, 생각보다', 0.9930241718731337), ([[943, 163], [1115, 163], [1115, 205], [943, 205]], '잘 버티논데?', 0.5825333113901513), ([[557, 199], [719, 199], [719, 241], [557, 241]], '저 여자는 왜', 0.4460390680432158), ([[519, 235], [761, 235], [761, 277], [519, 277]], '굳이 글에 들어가서', 0.31193294046949005), ([[563, 271], [717, 271], [717, 309], [563, 309]], '얼굴 내밀고', 0.9975501893558754), ([[1559, 281], [1669, 281], [1669, 321], [1559, 321]], '1시간만', 0.998867392539978), ([[545, 305], [733, 305], [733, 345], [545, 345]], '만화큼 보지 ?', 0.15932003753590024), ([[1521, 315], [1713, 315], [1713, 357], [1521, 357]], '더 버티면 이따', 0.7283841512681076), ([[1497, 351], [1735, 351], [1735, 391], [1497, 391]], '집가서 뒷구멍까지', 0.7767681152113278), ([[1321, 345], [1441, 345], [1441, 433], [1321, 433]], '땀고', 0.003092885727279514), ([[1483, 385], [1751, 385], [1751, 427], [1483, 427]], '걸레 만들어줄테니까', 0.5824895422822917), ([[1444, 482], [1578, 482], [1578, 606], [1444, 606]], '썩', 0.019314790459621145), ([[1585, 555], [1685, 555], [1685, 593], [1585, 593]], '좀만 더', 0.9556008143638839), ([[1579, 586], [1675, 586], [1675, 630], [1579, 630]], '힘내화', 0.4946971108152561), ([[395, 889], [547, 889], [547, 929], [395, 929]], '몰라 딴여자', 0.6991697315591002), ([[411, 925], [523, 925], [523, 963], [411, 963]], '신경고고', 0.986987829208374), ([[395, 959], [541, 959], [541, 997], [395, 997]], '빨리 책이나', 0.9971722904773072), ([[389, 995], [549, 995], [549, 1033], [389, 1033]], '가지러 가지?', 0.9933160235514281), ([[1030.8484673703015, 505.06044001786455], [1180.0234144703352, 526.4688674312183], [1162.1515326296985, 621.9395599821355], [1013.9765855296647, 601.5311325687817]], '낚짝', 0.029257513793482428)]
[([[99, 75], [189, 75], [189, 113], [99, 113]], '원소주', 0.9523860216140747), ([[59, 109], [229, 109], [229, 151], [59, 151]], '재고 있나요?', 0.9658764568322775), ([[975, 121], [1109, 121], [1109, 159], [975, 159]], '또오세요-', 0.9996583697192603), ([[611, 181], [817, 181], [817, 221], [611, 221]], '죄송합니다 손님,', 0.7407005433866285), ([[643, 215], [783, 215], [783, 255], [643, 255]], '품절이에요', 0.5037953054777052), ([[207, 743], [311, 743], [311, 781], [207, 781]], '아; 네  ', 0.5145442407176922), ([[1535, 849], [1571, 849], [1571, 887], [1535, 887]], '휴.', 0.39452445328643854), ([[1487, 881], [1639, 881], [1639, 921], [1487, 921]], '들길 뻔 햇네', 0.8900324919814682), ([[443, 933], [567, 933], [567, 973], [443, 973]], '이상하다.', 0.9949910261440067), ([[383, 967], [627, 967], [627, 1009], [383, 1009]], '분명 편의점 업에는', 0.7491752297313061), ([[381, 1003], [635, 1003], [635, 1045], [381, 1045]], '재고 있다고 뜨는데.', 0.9725323919069461), ([[1493.0315649975116, 586.0588329795958], [1607.7611400011626, 618.0597149997093], [1586.9684350024884, 683.9411670204042], [1472.2388599988374, 651.9402850002907]], '음필 0', 0.3435877762526372), ([[986.9950874933648, 594.056278690947], [1093.5381496824546, 625.1539501058485], [1070.0049125066353, 700.943721309053], [962.4618503175453, 668.8460498941515]], '9즘', 0.010239087818242938), ([[1112.5501419640425, 1058.0168881217644], [1230.504865505246, 1158.6132750956276], [1194.4498580359575, 1202.9831118782356], [1076.495134494754, 1101.3867249043724]], '"")', 0.06499718452196526)]
