2872609
26
[([[174, 186], [382, 186], [382, 258], [174, 258]], '볶주국', 0.007122337305478068), ([[172, 249], [375, 249], [375, 291], [172, 291]], '@함프혼장간5', 0.05203300196489309), ([[195.24461042539951, 295.0719742120774], [220.43693020747543, 275.0239351119737], [278.7553895746005, 354.9280257879226], [253.56306979252457, 373.9760648880263]], '9', 0.32672249439687917)]
[([[99, 68], [385, 68], [385, 137], [99, 137]], '[그래 잘가령-]', 0.4074872653729611), ([[101, 193], [521, 193], [521, 261], [101, 261]], '[엄마 같이 돌아가자고]', 0.6008129304313398), ([[1397, 225], [1822, 225], [1822, 301], [1397, 301]], '[선생님_안녕하 사인', 0.0357779393642567), ([[98, 314], [385, 314], [385, 382], [98, 382]], '[엄마가 아니지]', 0.4224566896049554), ([[1409, 289], [1822, 289], [1822, 364], [1409, 364]], "'안녕히가세요 선생공]", 0.24454248119784786), ([[116, 373], [798, 373], [798, 446], [116, 446]], '학교안에서눕 타인인적하라고-행잡아입', 0.20302504267820853), ([[101, 499], [262, 499], [262, 565], [101, 565]], "'네네~]", 0.6066011292362212), ([[100, 619], [1026, 619], [1026, 692], [100, 692]], '[정말 그리고짓날부터 반에서 귀찮음 입 만들지 말끔나', 0.05609893127023913), ([[101, 745], [1089, 745], [1089, 813], [101, 813]], '[난그러교심없습데근쪽에서 읽혀오니까 어절수 없잡아]', 0.1858600263312444), ([[1151, 833], [1428, 833], [1428, 871], [1151, 871]], '프 3오3: 출-`)', 0.015511013065512618), ([[95, 863], [936, 863], [936, 939], [95, 939]], "'현학생이옮세도발적인 태도록 취하능데가파-", 0.0027016308325200074), ([[116, 928], [942, 928], [942, 1000], [116, 1000]], '@어너장관 잡예름없다)람 설고름 해아켓어', 0.0006448563339878928), ([[93, 1047], [314, 1047], [314, 1132], [93, 1132]], '우울아}-] ', 0.0008977252836193927), ([[294, 1080], [322, 1080], [322, 1116], [294, 1116]], '신', 0.00917285790465261)]
[]
[([[61, 117], [857, 117], [857, 179], [61, 179]], '돕맨 받아세 혼자아니면 친료들이량 자예세 먹고있지]', 0.028194128377935262), ([[1297, 146], [1743, 146], [1743, 207], [1297, 207]], '["흐-음꽤 좁네: 엄마 집_', 0.17520871391232615), ([[58, 219], [561, 219], [561, 282], [58, 282]], '한아-어칙- 문렇계 클 줄 알앉어', 0.010461423534427167), ([[29, 272], [745, 272], [745, 332], [29, 332]], '역사민남자가 육아-같은겉_활수있울리가연지프}', 0.05772807534626229), ([[1356, 254], [1754, 254], [1754, 310], [1356, 310]], '혼자사니껴 이걸로 충분해.', 0.11022450922316944), ([[1198, 305], [1743, 305], [1743, 362], [1198, 362]], '적당히 뒷라도 만들테지까 앉아 있어}', 0.06837074746650963), ([[44, 374], [637, 374], [637, 435], [44, 435]], '{정되면 집으로 돌아와도 돼;-미호-애]', 0.13530235820380102), ([[1097, 405], [1747, 405], [1747, 467], [1097, 467]], "'오오 엄마가 직접만문요리 오랜만이데서]", 0.3008049859732103), ([[60, 482], [282, 482], [282, 534], [60, 534]], '절늑대_싫어:]', 0.09031860485797609), ([[1267, 509], [1747, 509], [1747, 571], [1267, 571]], "''자 물이제핑소예늄망 먹미?", 0.01217612526448625), ([[1268.887552844813, 246.10403007750918], [1365.6677851765564, 260.0311904123541], [1356.112447155187, 310.89596992249085], [1259.3322148234436, 296.9688095876459]], '[여자', 0.17733837295876131)]
[([[802, 284], [1062, 284], [1062, 360], [802, 360]], '문시간 훈:', 0.1760879842252734)]
[([[46, 204], [602, 204], [602, 260], [46, 260]], '때때마람 비운연히다마 증기름잡아제', 0.026143291645700013), ([[1449, 187], [1829, 187], [1829, 251], [1449, 251]], '잠깐-틈고에료하이', 0.03359419274085511), ([[59, 253], [373, 253], [373, 315], [59, 315]], '자롭시되의신때', 0.000602286297912197), ([[1254, 288], [1811, 288], [1811, 354], [1254, 354]], "'@쪽영품(변화없이술중정안속데:되", 0.0004835367245908162), ([[43, 352], [701, 352], [701, 418], [43, 418]], '@떠이모도꽤 미인이락까 갈음스웨이라면', 0.00936755427901979), ([[1209, 342], [1828, 342], [1828, 407], [1209, 407]], '얘기하눈 되대분분아버지입음이교`', 0.04752330360730805), ([[57, 405], [729, 405], [729, 470], [57, 470]], '성격미 중음쪽으로가늄컷되문리-아실까-', 0.008701419696390753), ([[1182, 445], [1811, 445], [1811, 509], [1182, 509]], "'정말되녀적운동물 _데동물이야야 @", 0.01293699304701435), ([[44, 509], [717, 509], [717, 571], [44, 571]], '[쪽이녀적 큰잡음등다서술마지마나', 0.003935654080707658), ([[1180, 502], [1828, 502], [1828, 558], [1180, 558]], '내 여동정 미이모한되-지손올덧마니까따', 0.01561666297763128), ([[1104, 601], [1825, 601], [1825, 663], [1104, 663]], '7또아니 그래도 일단음미순요마늄 모양이터데-', 0.11252846768457452)]
[([[731, 339], [1165, 339], [1165, 425], [731, 425]], '뽑다시 고사간 훈 ', 0.010599669175647072)]
[([[1487, 240], [1700, 240], [1700, 304], [1487, 304]], '하하아 3더위', 0.006970424584160217), ([[1718, 260], [1792, 260], [1792, 284], [1718, 284]], '교', 0.04903882260533976), ([[1418, 344], [1813, 344], [1813, 411], [1418, 411]], '@요 과음이리늄요-선생-', 0.0086614268699477), ([[87, 449], [805, 449], [805, 511], [87, 511]], '[굴로속5아 름 쓸대문`네 과름묘양]', 0.0009736304840491201), ([[1317, 448], [1813, 448], [1813, 513], [1317, 513]], '노생티이아리야-업마잡피아입', 0.004182392416292834), ([[93, 501], [719, 501], [719, 565], [93, 565]], '좁데젠대로왼중운 록년에되없올린_-', 0.0005919116296230341), ([[1347, 549], [1815, 549], [1815, 618], [1347, 618]], '떼륙움이다 벌어잡어- 업%', 0.003454547356750332), ([[85, 602], [638, 602], [638, 670], [85, 670]], '뜨프목답럴거라고생각되지안논데-', 0.01078626187098365), ([[1272, 660], [1812, 660], [1812, 716], [1272, 716]], '[뛰어때 부모망 자직이다?9보다', 0.011060961686100301), ([[97, 711], [295, 711], [295, 771], [97, 771]], '[#규밟', 0.0007572961039841175), ([[1232, 707], [1814, 707], [1814, 771], [1232, 771]], '아까루되다 라손만다보눈기이내', 0.04818351832578374), ([[1395, 808], [1811, 808], [1811, 873], [1395, 873]], '텍떠아내 무해결순워에', 0.00013337969689051083), ([[1350, 863], [1813, 863], [1813, 925], [1350, 925]], '예린용되슴 남고생이리명 %', 0.019417193165721547)]
[([[1395, 219], [1603, 219], [1603, 283], [1395, 283]], '롭미  __입=', 0.0003505403782015832), ([[504, 538], [624, 538], [624, 760], [504, 760]], '9', 0.01894688611878692), ([[1015.4946819680265, 904.0159750948183], [1072.4118243819914, 886.0106069893641], [1128.5053180319735, 1077.9840249051817], [1071.5881756180086, 1095.989393010636]], '}', 0.06261796850232404)]
[([[1381, 285], [1621, 285], [1621, 347], [1381, 347]], '쾌잠깝다', 0.0641666054725647), ([[504, 566], [624, 566], [624, 762], [504, 762]], '이', 0.044799159827690005), ([[1016.4914763457601, 905.0161786284337], [1073.416102673519, 888.0108286684356], [1127.50852365424, 1077.9838213715664], [1070.583897326481, 1095.9891713315644]], '{', 0.06054550837753525)]
[([[1211, 187], [1533, 187], [1533, 249], [1211, 249]], '화 완직다"류헤아', 0.017336304859653644), ([[1378, 310], [1488, 310], [1488, 334], [1378, 334]], '(', 0.025942514176890974), ([[504, 564], [624, 564], [624, 764], [504, 764]], '대', 0.11142921665916461), ([[1016.4978475078138, 904.0157753742401], [1074.4139524886132, 887.0107169697669], [1129.5021524921863, 1078.98422462576], [1071.5860475113868, 1095.989283030233]], '{', 0.17161747121812088)]
[([[248, 116], [276, 116], [276, 158], [248, 158]], '@', 0.11450415666695335), ([[276, 114], [302, 114], [302, 154], [276, 154]], '봉', 0.40881224435815966), ([[686, 102], [752, 102], [752, 158], [686, 158]], '혹 | -', 0.0566544176221531), ([[211, 127], [277, 127], [277, 213], [211, 213]], '2:', 0.010680714895958027), ([[688, 138], [712, 138], [712, 188], [688, 188]], '주', 0.30677008683505846), ([[731, 171], [749, 171], [749, 207], [731, 207]], '물', 0.3012367149635544), ([[755, 101], [821, 101], [821, 213], [755, 213]], '숲', 0.022594053183590868), ([[289, 226], [656, 226], [656, 300], [289, 300]], '체육계 억센 엄마', 0.4798018261240719), ([[688, 242], [712, 242], [712, 296], [688, 296]], '"', 0.552660719269852), ([[727, 245], [747, 245], [747, 299], [727, 299]], '알', 0.03855610534055942), ([[755, 219], [855, 219], [855, 305], [755, 305]], '물소 :', 0.07197438089226055), ([[212, 332], [236, 332], [236, 392], [212, 392]], '술', 0.8218686559781077), ([[292, 300], [722, 300], [722, 376], [292, 376]], '(거유애엉덩이 콤)올', 0.3159770816145478), ([[824, 294], [848, 294], [848, 356], [824, 356]], '*', 0.05019442310039701), ([[310, 384], [334, 384], [334, 430], [310, 430]], '활', 0.12482003028289057), ([[717, 308], [822, 308], [822, 444], [717, 444]], '""', 0.1021038209345837), ([[824, 350], [848, 350], [848, 392], [824, 392]], '8', 0.26576643870356875), ([[212, 404], [236, 404], [236, 462], [212, 462]], '봄', 0.09958839173255374), ([[245, 371], [305, 371], [305, 523], [245, 523]], '8', 0.0615885354366128), ([[310, 422], [334, 422], [334, 462], [310, 462]], '흙', 0.3559724506595927), ([[824, 420], [848, 420], [848, 482], [824, 482]], '몸', 0.05108198610105674), ([[313, 461], [331, 461], [331, 499], [313, 499]], '중', 0.9979800659791103), ([[787, 437], [851, 437], [851, 533], [787, 533]], '훌 출', 0.02840024882207997)]
[([[412, 446], [538, 446], [538, 496], [412, 496]], '댐어때-', 0.059719767421483994), ([[412, 492], [662, 492], [662, 540], [412, 540]], '호적에되빠져있고', 0.37650938228867337), ([[410, 538], [802, 538], [802, 592], [410, 592]], '그냉남자량 여자잡야 우리다', 0.06032279953758716), ([[1015.5101234830722, 903.0150127740765], [1072.4118243819914, 887.0106069893641], [1121.4898765169278, 1081.9849872259235], [1064.5881756180086, 1096.989393010636]], '}', 0.36990892416169174)]
[([[1177, 210], [1554, 210], [1554, 264], [1177, 264]], '더희뷰자눈정조관념이관계', 0.04602430326088343), ([[1231, 257], [1553, 257], [1553, 309], [1231, 309]], '아줌조금모없마 ', 0.07384798568546197), ([[1016.4882298764533, 906.0163860726708], [1075.416102673519, 888.0108286684356], [1129.5117701235467, 1077.9836139273293], [1070.583897326481, 1095.9891713315644]], '}', 0.1076967822012529)]
[([[393, 444], [718, 444], [718, 501], [393, 501]], '떼라만이라되 좀으니까', 0.29059621422091253), ([[394, 494], [620, 494], [620, 546], [394, 546]], '응?0엄마-야', 0.18343701761500175), ([[1019.573962006846, 904.0129769122759], [1070.3758013496108, 893.0100948972371], [1111.4260379931538, 1081.987023087724], [1061.6241986503892, 1092.9899051027628]], '}', 0.17150101758653946)]
[([[1254, 272], [1554, 272], [1554, 304], [1254, 304]], '다-))_적-다--다물)', 3.007625738566563e-05), ([[1015.4946819680265, 904.0159750948183], [1072.4118243819914, 886.0106069893641], [1127.5053180319735, 1077.9840249051817], [1070.5881756180086, 1095.989393010636]], '{', 0.025674697354190812)]
[([[1394, 190], [1578, 190], [1578, 242], [1394, 242]], '유와 양뇨0', 0.1383890948002833), ([[408, 254], [708, 254], [708, 306], [408, 306]], '합짝 0출톱 용', 0.030598587548095732), ([[1178, 236], [1546, 236], [1546, 292], [1178, 292]], '엄마장관아괴계예로해"0', 0.0727118958485125), ([[411, 305], [507, 305], [507, 349], [411, 349]], '업', 0.046170176016471)]
[([[168, 341], [518, 341], [518, 392], [168, 392]], '@어쩌나이런입 ', 0.07405817657498093), ([[170, 388], [774, 388], [774, 442], [170, 442]], '같어 @지만아무리-도이이장의일 )', 0.013570213141065742)]
[([[1356, 246], [1551, 246], [1551, 302], [1356, 302]], '@없0@엇0', 0.018557171483208387), ([[1244, 294], [1544, 294], [1544, 350], [1244, 350]], '제대로대터지물어쥐', 0.1269609947534644), ([[1364, 344], [1462, 344], [1462, 394], [1364, 394]], '엄마-', 0.5244973708448708), ([[404, 384], [506, 384], [506, 408], [404, 408]], '0 ', 0.0009906430251177204), ([[494, 372], [606, 372], [606, 422], [494, 422]], '하음"', 0.04496869995292357), ([[626, 384], [666, 384], [666, 408], [626, 408]], '0', 0.44831995268488356)]
[([[311, 24], [363, 24], [363, 153], [311, 153]], '1', 0.8859155941918431), ([[258, 106], [312, 106], [312, 332], [258, 332]], '"', 0.9378472802285529), ([[315, 151], [805, 151], [805, 291], [315, 291]], '? 언제라도 하게 해주든', 0.3340845346179888), ([[370, 286], [818, 286], [818, 358], [370, 358]], '육변기로 만듣다!!!!', 0.6198799654054218), ([[275.4848456760908, 25.033311705899035], [312.0216124460274, 29.548466555562996], [302.5151543239092, 109.96668829410096], [266.9783875539726, 106.451533444437]], '3', 0.9725398387686823)]
[([[796, 144], [1018, 144], [1018, 200], [796, 200]], '모리키 미로', 0.02720863766174429), ([[793, 249], [1497, 249], [1497, 311], [793, 311]], '46제: @름{화 고립 코패진함렉의 되움]', 0.0005148171300977794), ([[792, 306], [1272, 306], [1272, 362], [792, 362]], '해어잡 남편 예이에 @름이 표명', 0.03811657777112799), ([[794, 359], [1374, 359], [1374, 416], [794, 416]], '센날편이 사업가로세 성동없기 때문에', 0.08199846334125763), ([[793, 409], [1689, 409], [1689, 474], [793, 474]], '경제적인 이유료 최문움 양문히삶 물내예제 몸 실] 있량', 0.0019654937679418135), ([[794, 578], [908, 578], [908, 634], [794, 634]], '틈해이', 0.0356467196965966), ([[796, 685], [1026, 685], [1026, 742], [796, 742]], '미호의 $이블', 0.11103891478054566)]
[([[1440, 214], [1468, 214], [1468, 248], [1440, 248]], '[', 0.5474804894810781), ([[1495, 209], [1723, 209], [1723, 277], [1495, 277]], '안녕하 세요', 0.15782738746021754), ([[330, 295], [667, 295], [667, 380], [330, 380]], '당~동-당-동', 0.16765238248865186), ([[1374, 273], [1670, 273], [1670, 354], [1374, 354]], '[안녕하세요히', 0.5529247483806234), ([[1470, 382], [1720, 382], [1720, 454], [1470, 454]], '좋은아침 {', 0.25327050107252036), ([[134, 500], [164, 500], [164, 534], [134, 534]], '[', 0.8611370455619181), ([[1274, 452], [1734, 452], [1734, 524], [1274, 524]], '좌좁-더리움터', 0.032960800437075895), ([[152, 497], [360, 497], [360, 563], [152, 563]], '"조금전게', 0.14548512353679674), ([[1286, 520], [1714, 520], [1714, 596], [1286, 596]], '열심히 공부해라-밟리', 0.14169987967108355), ([[147, 565], [531, 565], [531, 631], [147, 631]], '마지막일려나 표면앗', 0.12760968927858773), ([[146, 625], [530, 625], [530, 700], [146, 700]], '더가내_둘러라!', 0.024287473867788838), ([[1345, 649], [1427, 649], [1427, 711], [1345, 711]], '9', 0.1891891453205341), ([[1446, 651], [1555, 651], [1555, 723], [1446, 723]], '대"', 0.3649063130177982), ([[145, 690], [442, 690], [442, 768], [145, 768]], '문단음어리패', 0.0404116295226026), ([[1157, 899], [1445, 899], [1445, 943], [1157, 943]], '#프 )13 부)', 0.0667735459968604), ([[1431.0237203470788, 713.0684144642591], [1560.714729063601, 735.0220177952183], [1547.9762796529212, 797.9315855357409], [1418.285270936399, 776.9779822047817]], '떼3', 0.24898271653678647)]
[([[1034, 514], [1128, 514], [1128, 586], [1034, 586]], '!대', 0.005472953658221163), ([[1159, 899], [1437, 899], [1437, 943], [1159, 943]], '2프 -혹 표', 0.02671737923104295)]
[([[37, 162], [385, 162], [385, 229], [37, 229]], "'역에서 꽤 머네~ 이", 0.529039143269312), ([[38, 284], [489, 284], [489, 351], [38, 351]], '5너  뭐하고 있는거야 ', 0.10308839057795467), ([[1236, 320], [1558, 320], [1558, 400], [1236, 400]], '메에류하이?]', 0.13053691469176137), ([[39, 404], [469, 404], [469, 472], [39, 472]], "'뭐하나니; 전에 학교에서", 0.4489623955397547), ([[57, 467], [379, 467], [379, 531], [57, 531]], '잘려버려서 말이야;', 0.4893297621428451), ([[57, 527], [636, 527], [636, 592], [57, 592]], '오늘부터 여기서 신세지계돼거튼 ]', 0.36530946879251247), ([[37, 646], [303, 646], [303, 714], [37, 714]], '[그렇실교해로', 0.03926946907698832), ([[53, 707], [485, 707], [485, 775], [53, 775]], '우리학교에들어온거야?', 0.06485971651385573), ([[55, 769], [339, 769], [339, 835], [55, 835]], '데학력으로 &', 0.07147232506178995), ([[39, 887], [424, 887], [424, 953], [39, 953]], '[시험안보고 덩어싫어', 0.311444606258536), ([[1157, 899], [1443, 899], [1443, 943], [1157, 943]], '33프 빗 ;부-`', 0.005477351117131046), ([[53, 951], [625, 951], [625, 1017], [53, 1017]], '아버지가 꽤 륙로 넣어춘컷 같아]', 0.17214341218646706), ([[387.91936183808474, 159.08391576374228], [496.48659886575723, 174.36864385634377], [485.08063816191526, 236.91608423625772], [377.51340113424277, 222.63135614365623]], '학교]', 0.8957788439774128)]
[([[1139, 218], [1651, 218], [1651, 281], [1139, 281]], '[망튼지간에 튼으로 해결하기늄', 0.08330363598110549), ([[1235, 275], [1668, 275], [1668, 341], [1235, 341]], '전혜 안현핸네 그-녀석-', 0.068936637808021), ([[999, 391], [1688, 391], [1688, 463], [999, 463]], '뚜진학교라고해도 사립같은-영리단체니까;', 0.029057252426592444), ([[1249, 455], [1667, 455], [1667, 517], [1249, 517]], '엄마 교문실로-데려가)', 0.5241642594207029), ([[1211, 572], [1687, 572], [1687, 633], [1211, 633]], '(역시 내가 맡앉어야 햇는데-', 0.5724341580338778), ([[1211, 629], [1689, 629], [1689, 693], [1211, 693]], '완전히 세상올 압보고있이다)', 0.2243137048587335), ([[137, 732], [607, 732], [607, 796], [137, 796]], '(가만히 놔두면 {퍼센류', 0.045043211800081646), ([[1303, 745], [1691, 745], [1691, 809], [1303, 809]], '[역예서분리 품빛는데지', 0.014840743995638207), ([[139, 789], [633, 789], [633, 853], [139, 853]], '망합 인코이 되이 녀석 &', 0.027842098431474456), ([[1155, 805], [1667, 805], [1667, 867], [1155, 867]], '그다지 종음여고가 없- 여권]', 0.06971034440683631), ([[139, 849], [537, 849], [537, 911], [139, 911]], '떠중습기회일지트 몰라', 0.0637076022723675), ([[1161, 899], [1439, 899], [1439, 943], [1161, 943]], '7고 >15모 [)', 0.006249238595433529), ([[138, 907], [641, 907], [641, 971], [138, 971]], '가까이서지켜붙 수있든 동안', 0.017577496656472683), ([[138, 961], [814, 961], [814, 1036], [138, 1036]], '때가콤분분터고처숙야재 부리화', 0.00196609576635674)]
[([[814, 472], [1018, 472], [1018, 574], [814, 574]], '방과후 ', 0.7043585777282715), ([[1151, 833], [1429, 833], [1429, 871], [1151, 871]], ';고 트 1;부 [)', 0.003266072466344149)]
