2876330
34
[([[779, 147], [1049, 147], [1049, 259], [779, 259]], '좋아요', 0.9994381984647782), ([[426, 356], [544, 356], [544, 436], [426, 436]], '으', 0.2339536746900741), ([[788, 1798], [1158, 1798], [1158, 1898], [788, 1898]], '이런나라도', 0.9997164819599181), ([[798, 1890], [1148, 1890], [1148, 1992], [798, 1992]], '괜찮으면..', 0.8984934157156904)]
[]
[([[105, 77], [213, 77], [213, 137], [105, 137]], '선배', 0.9999320599561957), ([[725, 61], [981, 61], [981, 129], [725, 129]], '힘들면 참지', 0.9988947828623562), ([[738, 123], [984, 123], [984, 189], [738, 189]], '말아주세요', 0.9999174725988236), ([[303, 733], [611, 733], [611, 799], [303, 799]], '사람은 한계가', 0.9430424155207178), ([[356, 793], [558, 793], [558, 859], [356, 859]], '있잡아요', 0.32135823369026184), ([[1047, 1726], [1324, 1726], [1324, 1798], [1047, 1798]], '누구든 .그걸', 0.2009462539885431), ([[1037, 1791], [1341, 1791], [1341, 1857], [1037, 1857]], '표현할 권리논', 0.627427176768303), ([[1121, 1851], [1273, 1851], [1273, 1917], [1121, 1917]], '있어요', 0.9931332791574493)]
[([[668, 72], [879, 72], [879, 139], [668, 139]], '저논 정말', 0.7072023192844334), ([[683, 133], [883, 133], [883, 199], [683, 199]], '선배가 .!', 0.5514211852271866), ([[1130, 912], [1322, 912], [1322, 1134], [1130, 1134]], '극', 0.8527329194962796), ([[661, 1413], [881, 1413], [881, 1479], [661, 1479]], '그럼 잠깐.', 0.9992736430232029), ([[515.1878904958928, 868.0413268597499], [651.9908208514338, 921.6168784523285], [625.8121095041072, 981.9586731402501], [490.00917914856615, 929.3831215476715]], '))', 0.7006416884437257)]
[([[245, 201], [427, 201], [427, 269], [245, 269]], '어깨 좀', 0.9992082262585765), ([[146, 262], [564, 262], [564, 334], [146, 334]], '빌려줄 수 있나요?', 0.7719206705015524)]
[([[55, 749], [361, 749], [361, 863], [55, 863]], '선배! ! !', 0.7073149644453876), ([[828, 984], [1232, 984], [1232, 1184], [828, 1184]], '4길', 0.004043447829573625), ([[929, 1163], [1107, 1163], [1107, 1319], [929, 1319]], '', 0.0)]
[([[309.114118180386, 1035.5249436297756], [896.9756888114894, 847.002952868843], [936.885881819614, 1034.4750563702244], [348.02431118851064, 1222.9970471311572]], '[어규토내', 0.0008456699481723035)]
[([[229, 119], [395, 119], [395, 181], [229, 181]], '술 기운', 0.8551483191601076), ([[146, 174], [474, 174], [474, 246], [146, 246]], '때문이엿올까 .', 0.5509595353835484), ([[1107, 743], [1415, 743], [1415, 811], [1107, 811]], '상처클 덮어', 0.3817104106295604), ([[1115, 803], [1423, 803], [1423, 869], [1115, 869]], '누군가가 필요', 0.959732373122645), ([[1163, 863], [1373, 863], [1373, 931], [1163, 931]], '햇올 뿐이', 0.4958281247510138), ([[1181, 925], [1361, 925], [1361, 989], [1181, 989]], '엿올까.', 0.2235354781150818), ([[121, 1465], [347, 1465], [347, 1574], [121, 1574]], '선배..', 0.7151533961296082), ([[77, 1725], [265, 1725], [265, 1905], [77, 1905]], '뉴', 0.1075006008819992), ([[1065, 2291], [1421, 2291], [1421, 2375], [1065, 2375]], '키스는.. 안돼', 0.30509675137254083)]
[([[852, 1308], [1106, 1308], [1106, 1500], [852, 1500]], '가약', 0.06442796611574444)]
[([[639, 83], [925, 83], [925, 151], [639, 151]], '아파요 선배?', 0.9734404928120126), ([[88, 724], [276, 724], [276, 802], [88, 802]], '아혹 !', 0.4795195069617197), ([[996, 1446], [1462, 1446], [1462, 1522], [996, 1522]], '아니 오랜만이라 .', 0.502592328505475)]
[([[1175, 262], [1358, 262], [1358, 364], [1175, 364]], '아', 0.9989011556902717), ([[1282, 1210], [1442, 1210], [1442, 1332], [1282, 1332]], '춤`', 0.11594006724054969), ([[1066.0663029766797, 177.1712966694067], [1238.1525532377163, 159.8982978415225], [1241.9336970233203, 254.8287033305933], [1069.8474467622837, 272.1017021584775]], '아', 0.9988444807277119)]
[([[227, 189], [556, 189], [556, 278], [227, 278]], '괜찮다면...', 0.5594202996758676), ([[696, 1936], [833, 1936], [833, 2015], [696, 2015]], '선배_', 0.6848986478563396), ([[825, 1983], [880, 1983], [880, 2009], [825, 2009]], '0 0 0', 0.7328404835827629), ([[1062, 2535], [1287, 2535], [1287, 2607], [1062, 2607]], '예뻐요. ', 0.23912955595385488)]
[([[1183, 764], [1403, 764], [1403, 840], [1183, 840]], '보지마 .', 0.47169014685903793), ([[1146, 836], [1390, 836], [1390, 914], [1146, 914]], '부끄러워', 0.6029067635536194)]
[([[595, 63], [915, 63], [915, 123], [595, 123]], '선배 남편 이외에', 0.911281020128626), ([[571, 113], [939, 113], [939, 175], [571, 175]], '경험은 없으신거조?', 0.856952400140355), ([[1222, 702], [1296, 702], [1296, 786], [1222, 786]], '응', 0.9995027206810505), ([[1104, 1368], [1439, 1368], [1439, 1468], [1104, 1468]], '아  아웃. .!', 0.30427484133518945), ([[1033, 1701], [1127, 1701], [1127, 1767], [1033, 1767]], '#_', 0.11255631433997235)]
[([[190, 86], [338, 86], [338, 304], [190, 304]], '문', 0.39962929003545256), ([[1065, 262], [1206, 262], [1206, 479], [1065, 479]], '중', 0.15049893850548646), ([[249, 691], [435, 691], [435, 777], [249, 777]], '선배 .', 0.7949748635292053), ([[1151, 1473], [1451, 1473], [1451, 1559], [1151, 1559]], '넣을게요..', 0.34005121995446247), ([[175, 1823], [263, 1823], [263, 1909], [175, 1909]], '응', 0.999727267743765)]
[([[58, 90], [334, 90], [334, 164], [58, 164]], '남편 이외의', 0.9846311015173143), ([[133, 159], [277, 159], [277, 227], [133, 227]], '것이.', 0.4807120231369659), ([[1096, 728], [1395, 728], [1395, 808], [1096, 808]], '들어 온다 .', 0.718892443441195), ([[68, 1462], [412, 1462], [412, 1538], [68, 1538]], '으웃 선배 !', 0.2665412257293692), ([[1041.0517579092052, 1557.0264665747745], [1273.5384209042925, 1630.065456317124], [1224.9482420907948, 1769.9735334252255], [992.4615790957075, 1696.934543682876]], '알>%', 0.002870434834880366)]
[([[1002, 194], [1498, 194], [1498, 322], [1002, 322]], '사랑해요! !', 0.5760899857338073), ([[29, 535], [291, 535], [291, 789], [29, 789]], '애', 0.006257542825879092), ([[925, 1911], [1059, 1911], [1059, 2047], [925, 2047]], '싸', 0.21452787703225695), ([[693.1601138259454, 208.01857246636513], [841.0435806259134, 236.18460986959477], [793.8398861740546, 471.98142753363487], [645.9564193740866, 442.81539013040526]], '흐', 0.0446199363530797), ([[1201.0537089301235, 1539.0179157552643], [1377.9224763882733, 1649.7394818743762], [1249.9462910698765, 1852.9820842447357], [1073.0775236117267, 1742.2605181256238]], '이', 0.44145996751025507)]
[([[74, 30], [246, 30], [246, 108], [74, 108]], '이게 .', 0.685976505279541), ([[1097, 699], [1417, 699], [1417, 785], [1097, 785]], '다른남자의', 0.9794792990578489), ([[154, 986], [392, 986], [392, 1090], [154, 1090]], '선배! !', 0.6487574456176088), ([[1190, 1348], [1470, 1348], [1470, 1452], [1190, 1452]], '신배비', 0.036504542047179414), ([[202, 1588], [362, 1588], [362, 1688], [202, 1688]], '이게', 0.9974301790313602), ([[94, 1686], [494, 1686], [494, 1788], [94, 1788]], '선배의 안! !', 0.6930392633939203), ([[1125, 2119], [1446, 2119], [1446, 2228], [1125, 2228]], '조여요. .!', 0.5887832733246581), ([[790, 2120], [966, 2120], [966, 2360], [790, 2360]], '7', 0.2652785224734231), ([[1086, 2218], [1486, 2218], [1486, 2318], [1086, 2318]], '선배 조여! !', 0.750084449027046), ([[753.1554529640842, 1102.0148641799942], [1154.8638392761711, 1242.4471241704562], [1078.8445470359156, 1433.9851358200058], [677.1361607238288, 1293.5528758295438]], '사스', 0.08176278279154509), ([[402.910421900559, 1242.1042190055903], [675.9938004056914, 1202.3912400056836], [690.0895780994409, 1383.8957809944097], [416.0061995943086, 1423.6087599943164]], '_', 0.012929862688207061), ([[693.3527569522861, 1678.0130967214666], [812.9578836658393, 1714.3413214485547], [738.6472430477139, 1956.9869032785334], [619.0421163341607, 1920.6586785514453]], '7', 0.15154496771154768), ([[847.2279535071666, 1709.018637598349], [960.5921883577271, 1779.4373756063133], [855.7720464928334, 1947.981362401651], [742.4078116422729, 1877.5626243936867]], '1', 0.1491489290528989)]
[([[52, 64], [368, 64], [368, 164], [52, 164]], '아 아! !!', 0.6895842893634433), ([[856, 144], [1050, 144], [1050, 244], [856, 244]], '선배!', 0.9861546159808442), ([[310, 402], [336, 402], [336, 470], [310, 470]], '5', 0.03442346800435758), ([[1364, 398], [1500, 398], [1500, 648], [1364, 648]], '8', 0.6370043224456481), ([[1126.8656334886118, 386.0950950724529], [1361.0860415372026, 338.3342197929527], [1388.1343665113882, 545.9049049275471], [1153.9139584627974, 594.6657802070473]], '모_', 0.29268784646967033), ([[1106.1969931322074, 2025.0201633309262], [1344.986438728436, 2134.3413826741094], [1284.8030068677926, 2255.979836669074], [1046.013561271564, 2146.6586173258906]], '', 0.0)]
[([[90, 1576], [460, 1576], [460, 1667], [90, 1667]], '선배 엉덩이', 0.9995660268173227), ([[66, 1659], [484, 1659], [484, 1761], [66, 1761]], '개달시해요!', 0.3076211616915062)]
[([[1179, 2073], [1397, 2073], [1397, 2165], [1179, 2165]], '선배 .!', 0.47725883246965844), ([[1082, 2160], [1490, 2160], [1490, 2256], [1082, 2256]], '쌀거같아요!', 0.9809435315716716), ([[150.24861924323466, 2134.0353639782875], [207.8957402729758, 2116.05030507734], [247.75138075676534, 2255.9646360217125], [190.1042597270242, 2273.94969492266]], '"', 0.5451534668687863)]
[([[1171, 427], [1380, 427], [1380, 512], [1171, 512]], '안돼! ! !', 0.41925434408396894), ([[1082, 504], [1470, 504], [1470, 582], [1082, 582]], '안에는.. 안돼! !', 0.4080241433229911)]
[([[1093, 141], [1265, 141], [1265, 209], [1093, 209]], '그리고', 0.8100043535232544), ([[1044, 207], [1329, 207], [1329, 286], [1044, 286]], '좋아해요 .', 0.5151416730958948), ([[172, 1895], [480, 1895], [480, 1992], [172, 1992]], '진심으로', 0.9986517429351807)]
[([[130, 704], [424, 704], [424, 1028], [130, 1028]], '못', 0.35400276252381957), ([[1044, 1296], [1382, 1296], [1382, 1686], [1044, 1686]], '록', 0.4211186714819384)]
[([[731, 139], [965, 139], [965, 297], [731, 297]], '', 0.0), ([[416, 310], [498, 310], [498, 384], [416, 384]], '/', 0.6865514705257034), ([[1175, 331], [1453, 331], [1453, 517], [1175, 517]], '하아', 0.9935421465887404), ([[580, 746], [730, 746], [730, 902], [580, 902]], '1', 0.2996070184164559), ([[1008, 1412], [1162, 1412], [1162, 1492], [1008, 1492]], "'=", 0.4881267579507518), ([[157, 1959], [573, 1959], [573, 2067], [157, 2067]], '여보 나건어', 0.4966130210794713), ([[194.07813446448316, -2.976377942578594], [471.68895013376823, 81.66817720083132], [421.9218655355169, 227.9763779425786], [144.31104986623174, 143.3318227991687]], '당아', 0.19973361432735703)]
[([[239, 763], [443, 763], [443, 971], [239, 971]], '(', 0.8652136778039221), ([[1078, 1098], [1242, 1098], [1242, 1220], [1078, 1220]], '0', 0.9255128327350945), ([[1148, 1185], [1383, 1185], [1383, 1323], [1148, 1323]], '0형', 0.15341453741259492)]
[([[1075, 107], [1406, 107], [1406, 193], [1075, 193]], '남편 이외의', 0.8135274331961292), ([[1133, 179], [1385, 179], [1385, 270], [1133, 270]], '남자와 .', 0.38965545619569986), ([[104, 1462], [439, 1462], [439, 1572], [104, 1572]], '처음으로', 0.9997977018356323), ([[25, 1565], [503, 1565], [503, 1677], [25, 1677]], '셋스틀  햇어', 0.07906670992944825), ([[643.2312847734048, 47.0140743139503], [798.881403801778, 109.50927521393109], [698.7687152265952, 361.9859256860497], [542.118596198222, 299.4907247860689]], '^', 0.6496618372758611)]
[([[254, 116], [460, 116], [460, 314], [254, 314]], '사', 0.3247054142086405), ([[1090, 586], [1248, 586], [1248, 690], [1090, 690]], '05', 0.13261662263730778), ([[1240, 642], [1374, 642], [1374, 735], [1240, 735]], '0', 0.6556654614155946), ([[895, 1829], [1500, 1829], [1500, 2417], [895, 2417]], '못', 0.007109573635704136), ([[1203, 2297], [1471, 2297], [1471, 2459], [1203, 2459]], '씨애사대', 0.0006359630497172475), ([[264.40650101763003, 804.0038288663293], [584.0795311241868, 734.4035165685988], [769.59349898237, 1670.9961711336707], [449.9204688758132, 1740.596483431401]], '좀', 0.00415194286578302), ([[-5.09206104726621, 1060.0625805106542], [336.5579546975599, 995.239232450043], [371.0920610472662, 1296.9374194893458], [28.44204530244006, 1360.760767549957]], '뜯', 0.03488865758838089), ([[775.5860214283891, 1429.0526871404143], [879.5934602951767, 1336.0092705543454], [1087.4139785716109, 1600.9473128595857], [983.4065397048233, 1693.9907294456546]], '호', 0.020486893461019173)]
[([[97, 23], [507, 23], [507, 316], [97, 316]], '무근', 0.03609944395949739), ([[938, 1082], [1358, 1082], [1358, 1331], [938, 1331]], '사유;', 0.3718942105770111), ([[175, 1493], [268, 1493], [268, 1584], [175, 1584]], '옷', 0.5920184609379966), ([[844.2666853584606, 453.0869601278312], [1386.4055915910214, 328.59440840897844], [1437.7333146415394, 695.9130398721687], [895.5944084089784, 819.4055915910216]], '스`무', 0.018602961720938685)]
[([[167, 1143], [457, 1143], [457, 1239], [167, 1239]], '사랑이관', 0.8683069348335266), ([[149, 1231], [474, 1231], [474, 1327], [149, 1327]], '무엇일까?', 0.9987288928602557), ([[1101, 2329], [1325, 2329], [1325, 2429], [1101, 2429]], '잊은지', 0.9526991525071447), ([[1055, 2419], [1376, 2419], [1376, 2521], [1055, 2521]], '오래 뜻다', 0.2685988470940319)]
[([[46, 105], [362, 105], [362, 173], [46, 173]], '삶이 각박해서', 0.9943671121285139), ([[139, 168], [277, 168], [277, 234], [139, 234]], '일까 .', 0.4397161602973938), ([[992, 906], [1323, 906], [1323, 999], [992, 999]], '당연하듯이', 0.9872948209585999), ([[951, 987], [1359, 987], [1359, 1075], [951, 1075]], '쓰는 각 방과 .', 0.8337864275009138), ([[184, 2243], [393, 2243], [393, 2335], [184, 2335]], '사라진', 0.9995327582027762), ([[47, 2326], [537, 2326], [537, 2419], [47, 2419]], '남편과의 대화들', 0.7462256577238623)]
[([[154, 753], [374, 753], [374, 826], [154, 826]], '내 처음과', 0.9161167954655662), ([[102, 816], [421, 816], [421, 888], [102, 888]], '모든결 가져간', 0.515071579220034), ([[203, 883], [341, 883], [341, 949], [203, 949]], '남자 .', 0.9569528102874756), ([[1073, 1258], [1329, 1258], [1329, 1408], [1073, 1408]], '70', 0.07052026659758555), ([[1195, 1709], [1341, 1709], [1341, 1775], [1195, 1775]], '이제.', 0.9928781764932658), ([[1122, 1772], [1414, 1772], [1414, 1848], [1122, 1848]], '나는 어떻게', 0.9236461003277147), ([[1134, 1840], [1400, 1840], [1400, 1916], [1134, 1916]], '해야할까 .', 0.5725166184635084)]
[([[163, 103], [453, 103], [453, 165], [163, 165]], '일흘 이따구로', 0.8670476855977634), ([[183, 157], [433, 157], [433, 223], [183, 223]], '하는 이유가', 0.6980317706446557), ([[243, 219], [369, 219], [369, 281], [243, 281]], '원데?', 0.9750677364007349), ([[1047, 603], [1384, 603], [1384, 679], [1047, 679]], '집중안해? 하', 0.9338506830996235), ([[1063, 673], [1367, 673], [1367, 749], [1063, 749]], '진짜. .씨발.', 0.23207915003373325), ([[85, 747], [345, 747], [345, 815], [85, 815]], '내가 이런말', 0.7830301182825833), ([[58, 806], [368, 806], [368, 878], [58, 878]], '까지 안하려고', 0.9559140094342268), ([[125, 869], [309, 869], [309, 935], [125, 935]], '햇는데..', 0.7335824277279644), ([[573, 1703], [1005, 1703], [1005, 1771], [573, 1771]], '이렇거면 집안일이나', 0.9555897391118209), ([[715, 1763], [857, 1763], [857, 1827], [715, 1827]], '해 어?', 0.995698094367981)]
[([[172, 20], [472, 20], [472, 238], [172, 238]], '길0', 0.22995333012497057), ([[431, 377], [729, 377], [729, 587], [431, 587]], '갈끼', 0.08985854349205105), ([[33, 658], [429, 658], [429, 725], [33, 725]], '푸하~ 그 부장새끼', 0.9619472494330328), ([[1168, 674], [1478, 674], [1478, 730], [1168, 730]], '제가 말도 안되는', 0.6941755508392049), ([[49, 719], [417, 719], [417, 785], [49, 785]], '너무 심해요 영감', 0.9944970803154731), ([[1143, 723], [1485, 723], [1485, 783], [1143, 783]], '실수홀 햇으니까요', 0.3764410929431757), ([[14, 776], [448, 776], [448, 849], [14, 849]], '봉이가 지논 잘하나!', 0.2650939265476841), ([[661, 1717], [871, 1717], [871, 1779], [661, 1779]], '그 정도로', 0.7684042578219841), ([[687, 1775], [841, 1775], [841, 1841], [687, 1841]], '끝난게', 0.9916657681749564), ([[627, 1835], [885, 1835], [885, 1903], [627, 1903]], '다행이니까', 0.9981128642483664)]
