2877179
44
[([[1006, 671], [1563, 671], [1563, 750], [1006, 750]], '새해 복많이 받아~ ~! !', 0.8376509328855521), ([[1010, 1227], [1417, 1227], [1417, 1475], [1010, 1475]], '활)$', 0.03362515251446624)]
[([[99, 495], [460, 495], [460, 575], [99, 575]], '하 . 어지러워..', 0.6311844996026543), ([[59, 567], [566, 567], [566, 645], [59, 645]], '속이 너무 더부록해 .', 0.6310578493859731), ([[545, 536], [709, 536], [709, 658], [545, 658]], '때월', 0.013368026274290831), ([[1663, 1194], [1800, 1194], [1800, 1272], [1663, 1272]], '헤헤.', 0.722741909375793), ([[625, 1426], [801, 1426], [801, 1681], [625, 1681]], '작?', 0.49886901342395845), ([[650.6863585019802, 1020.2158962549506], [882.7370090070133, 932.819839242888], [926.3136414980198, 1076.7841037450494], [694.2629909929867, 1164.1801607571122]], '@응', 0.7811666311704308), ([[171.99705978745615, 1884.0179680700264], [576.0341239766217, 1987.7091742020089], [507.0029402125439, 2218.982031929974], [102.96587602337837, 2115.290825797991]], '>물속 &', 0.0008300407390504837)]
[([[601, 916], [856, 916], [856, 1126], [601, 1126]], '셋)', 0.07614240080191136), ([[456.121035645964, 766.7028254704826], [611.3452249110356, 892.0281554195611], [295.878964354036, 1258.2971745295174], [140.6547750889644, 1133.9718445804388]], '~', 0.018351576648669488)]
[([[1809, 705], [2013, 705], [2013, 782], [1809, 782]], '아 뛰야;', 0.35614368421397), ([[1764, 774], [2062, 774], [2062, 854], [1764, 854]], '욕 . 술냄새!', 0.5023103465427172), ([[490, 928], [605, 928], [605, 997], [490, 997]], '이게', 0.9465834992610973), ([[295, 995], [804, 995], [804, 1074], [295, 1074]], '갑진년의 용트림이다', 0.8380557050703356), ([[389, 1098], [692, 1098], [692, 1237], [389, 1237]], '떠)0', 0.13682467639680485), ([[355, 1386], [522, 1386], [522, 1503], [355, 1503]], '(03', 0.19819404020390893), ([[1828, 1772], [1996, 1772], [1996, 1838], [1828, 1838]], '아크크', 0.8039588907074979), ([[1828, 1837], [1998, 1837], [1998, 1917], [1828, 1917]], '뭐택국', 0.20848841551548353), ([[144, 2318], [424, 2318], [424, 2395], [144, 2395]], '어? 전화다', 0.9996473648094072), ([[208, 2393], [358, 2393], [358, 2462], [208, 2462]], '잠만 .', 0.8118249877364316), ([[-7.76923076923077, 2242.153846153846], [258.46681355262695, 2166.3298300454803], [285.7692307692308, 2293.846153846154], [18.53318644737307, 2368.6701699545197]], '@란방창}늄', 0.005125773511726644)]
[([[338, 207], [564, 207], [564, 285], [338, 285]], '어? 뭐야', 0.9664870802859361), ([[279, 279], [613, 279], [613, 357], [279, 357]], '너도 안 짚어?', 0.317874462566317), ([[1951, 399], [2136, 399], [2136, 476], [1951, 476]], '어아직', 0.997626379247432), ([[1902, 473], [2186, 473], [2186, 548], [1902, 548]], '안 잦어크국', 0.3879867021673565), ([[124, 775], [541, 775], [541, 855], [124, 855]], '혹시.. 먹없어? 층', 0.5541319982624032), ([[2102, 873], [2357, 873], [2357, 946], [2102, 946]], '어어.크국', 0.4165063155257182)]
[([[417, 711], [899, 711], [899, 791], [417, 791]], '와 . 정말 먹분거야?', 0.5571573162531763), ([[401, 783], [924, 783], [924, 861], [401, 861]], '작년에 먹히고 싶더라', 0.9279728881938597), ([[2052, 790], [2188, 790], [2188, 863], [2052, 863]], '뭐야', 0.6484944889073936), ([[1960, 860], [2262, 860], [2262, 937], [1960, 937]], '알고 있없이', 0.2914561771009853), ([[1930, 943], [2310, 943], [2310, 1087], [1930, 1087]], '@으음@8', 0.033115258152136375), ([[2164, 1109], [2338, 1109], [2338, 1189], [2164, 1189]], '으.속이', 0.2398526966571808), ([[2351.966670064231, 1101.0766894303488], [2481.6960832891928, 1119.959787122824], [2470.033329935769, 1181.9233105696512], [2340.3039167108072, 1163.040212877176]], '쓰리 .', 0.4214042277124984)]
[([[572, 696], [811, 696], [811, 773], [572, 773]], '개 어떻게', 0.9329777410151602), ([[612, 768], [766, 768], [766, 843], [612, 843]], '뒷어?', 0.20502548371174928), ([[1929, 990], [2330, 990], [2330, 1068], [1929, 1068]], '취햇으니까 지금', 0.8638232720139208), ([[1875, 1060], [2375, 1060], [2375, 1140], [1875, 1140]], '자고 있든거 같은데?', 0.32617963319355464), ([[1958, 1134], [2298, 1134], [2298, 1212], [1958, 1212]], '내 뱃속에서승', 0.3465708364870401), ([[75, 1247], [703, 1247], [703, 1326], [75, 1326]], '얼 이 와중에 잠들없다님국', 0.44918431689109994), ([[128, 1317], [653, 1317], [653, 1401], [128, 1401]], '이러다가 소화되켓다:', 0.7698103026207028), ([[2176, 1641], [2350, 1641], [2350, 1713], [2176, 1713]], '그니까', 0.9997695069080337), ([[2155, 1714], [2369, 1714], [2369, 1782], [2155, 1782]], '내말이.', 0.9967760443687439), ([[1573.2270311712882, 620.1989371536683], [1623.7052085783769, 586.031143064342], [1680.7729688287118, 679.8010628463317], [1629.2947914216231, 714.968856935658]], '콩', 0.09180316852388515), ([[1661.135252863191, 677.0287929478641], [1819.8896238978184, 751.3095575215975], [1769.864747136809, 852.9712070521359], [1611.1103761021816, 778.6904424784025]], "'믿[", 0.001757156277810539)]
[([[558, 720], [780, 720], [780, 795], [558, 795]], '근데.. 개', 0.9576774340379867), ([[509, 790], [822, 790], [822, 867], [509, 867]], '소화할거야?', 0.423641655560561), ([[1974, 996], [2258, 996], [2258, 1076], [1974, 1076]], '글쎄? 방금', 0.9185671285674472), ([[1827, 1069], [2400, 1069], [2400, 1149], [1827, 1149]], '새해 목표록 이뤄겨는데', 0.09501241738788638), ([[1920, 1141], [2332, 1141], [2332, 1218], [1920, 1218]], '토할 리가 없잖아', 0.598102166726764)]
[([[475, 736], [870, 736], [870, 811], [475, 811]], '그래? 암튼 올해', 0.8382067705993257), ([[450, 808], [888, 808], [888, 885], [450, 885]], '새해 목표화이팅!', 0.983365741517479), ([[1980, 898], [2325, 898], [2325, 975], [1980, 975]], '응 확팅 환팅!', 0.09401176287995269), ([[2181, 1143], [2329, 1143], [2329, 1257], [2181, 1257]], '어~', 0.7218830937420042), ([[2233, 1227], [2444, 1227], [2444, 1452], [2233, 1452]], '몇', 0.06408595668639183), ([[67, 2308], [186, 2308], [186, 2418], [67, 2418]], '0', 0.9998310875701613), ([[191, 2362], [330, 2362], [330, 2571], [191, 2571]], '호', 0.18087377972566632), ([[334, 2544], [489, 2544], [489, 2696], [334, 2696]], '2', 0.08177989908209415), ([[1936, 2645], [2062, 2645], [2062, 2804], [1936, 2804]], '$', 0.030524684666488833), ([[2431.653098774953, 2237.13080375226], [2481.6764311217494, 2211.0327594459836], [2523.346901225047, 2301.86919624774], [2472.3235688782506, 2327.9672405540164]], '8', 0.9480214410363175), ([[2090.621053038362, 2492.1578977877125], [2344.666618842575, 2445.2857552777928], [2361.378946961638, 2602.8421022122875], [2107.333381157425, 2648.7142447222072]], '우;', 0.12707442689571047), ([[490.2554742327883, 2639.0145929361006], [687.6601210401994, 2807.422307620112], [581.7445257672117, 2931.9854070638994], [384.3398789598006, 2763.577692379888]], '%', 0.23637233266846636)]
[([[396, 308], [641, 308], [641, 548], [396, 548]], '%', 0.9391176081283135), ([[2288, 1722], [2489, 1722], [2489, 2096], [2288, 2096]], '0', 0.13335455009503594), ([[38, 1897], [627, 1897], [627, 2503], [38, 2503]], '4', 0.3012450243846274), ([[1433, 2301], [1541, 2301], [1541, 2416], [1433, 2416]], '0', 0.9656162154674099), ([[1628, 2350], [1881, 2350], [1881, 2606], [1628, 2606]], '2', 0.9260614456757743), ([[488, 2378], [1581, 2378], [1581, 2837], [488, 2837]], '? 은고', 0.1648936782687286), ([[1630, 2581], [1923, 2581], [1923, 2773], [1630, 2773]], '(', 0.015293245371128583), ([[510.8617878776596, 46.11462726223427], [846.934203757421, 9.358912503782786], [853.1382121223404, 178.88537273776572], [517.065796242579, 216.6410874962172]], '운필 @ @', 0.05156529476055336), ([[1840.5661607071181, 2085.013892487291], [2399.752591434729, 2046.3199301043833], [2415.433839292882, 2748.986107512709], [1856.2474085652714, 2787.6800698956167]], '및', 0.21979124761275504)]
[([[333, 1570], [506, 1570], [506, 1680], [333, 1680]], '99', 0.18143346416479547), ([[421.0058833710016, 853.0117667420031], [1006.0290927352146, 635.3145104543626], [1097.9941166289984, 940.9882332579969], [513.9709072647854, 1158.6854895456374]], '47', 0.5713214011537548)]
[([[159, 540], [713, 540], [713, 625], [159, 625]], '나 새해 목표름 정햇어!', 0.4715135305035452), ([[1404, 770], [1554, 770], [1554, 843], [1404, 843]], '원데?', 0.9837896185094822)]
[([[270, 313], [822, 313], [822, 393], [270, 393]], '벌써 소화할 시간인가?', 0.5705415971019029), ([[376, 387], [672, 387], [672, 462], [376, 462]], '아 모르켓당다', 0.22901533546688593), ([[767, 752], [931, 752], [931, 922], [767, 922]], '탓', 0.09378877408824682), ([[316, 1571], [744, 1571], [744, 1795], [316, 1795]], '찰짝 8', 0.5480861067771912), ([[110, 2471], [1106, 2471], [1106, 2850], [110, 2850]], '#로춧 듯~', 0.09517011288331048), ([[868.5303704492165, 914.0450383222293], [1022.3921473980346, 832.0404105706682], [1154.4696295507836, 1124.9549616777708], [1000.6078526019654, 1206.9595894293318]], '총', 0.06716460694646287), ([[2236.0531954285684, 906.0224235427938], [2376.0387560729487, 866.4120330461985], [2447.9468045714316, 1156.9775764572062], [2307.9612439270513, 1196.5879669538015]], '특', 0.5909051937551482)]
[([[1030, 2328], [1224, 2328], [1224, 2520], [1030, 2520]], '2', 0.8376794045301637), ([[1286, 2272], [1456, 2272], [1456, 2468], [1286, 2468]], '?', 0.19704045348789467), ([[818, 2393], [1019, 2393], [1019, 2628], [818, 2628]], '2', 0.23991803032572534), ([[1509.7080655627096, 2205.032117810462], [1688.6157532958607, 2141.6137179776156], [1783.2919344372904, 2457.967882189538], [1604.3842467041393, 2522.3862820223844]], '릇', 0.6616322145146256), ([[582.8467460541574, 2405.0184768897093], [918.794491347869, 2486.1147899056514], [837.1532539458426, 2788.9815231102907], [501.2055086521311, 2707.8852100943486]], '2', 0.5851825731576277)]
[([[93, 96], [547, 96], [547, 241], [93, 241]], '잠시 후 .', 0.4265493740081207), ([[1017, 383], [1376, 383], [1376, 460], [1017, 460]], '해주이 못 보게', 0.41902137878570284), ([[1051, 455], [1347, 455], [1347, 532], [1051, 532]], '돼서 아쉽네', 0.9288567243093284), ([[1087, 529], [1306, 529], [1306, 602], [1087, 602]], '안 그래?', 0.777100611911173), ([[173, 1658], [427, 1658], [427, 1750], [173, 1750]], '빵덩이?', 0.6742843389511108), ([[1411, 2172], [1637, 2172], [1637, 2269], [1411, 2269]], '빵딩이', 0.09969664365053177), ([[1346, 2262], [1711, 2262], [1711, 2359], [1346, 2359]], '아니라고! !', 0.9334834408420808), ([[2004, 2582], [2381, 2582], [2381, 2727], [2004, 2727]], '현다 중', 0.678865076299962), ([[-11.43513977641508, 2606.0515571078304], [105.6386517730694, 2519.0101995029277], [274.4351397764151, 2784.9484428921696], [156.3613482269306, 2871.9898004970723]], '토', 0.6930765629468603)]
[([[1006, 671], [1563, 671], [1563, 750], [1006, 750]], '새해 복많이 받아~ ~! !', 0.8376509328855521), ([[1010, 1227], [1417, 1227], [1417, 1475], [1010, 1475]], '활)$', 0.03362515251446624)]
[([[159, 540], [713, 540], [713, 625], [159, 625]], '나 새해 목표름 정햇어!', 0.4715135305035452), ([[1404, 770], [1554, 770], [1554, 843], [1404, 843]], '원데?', 0.9837896185094822)]
[([[147, 390], [890, 390], [890, 467], [147, 467]], '올해는 ~ 무조건 돈도 많이 벌고', 0.6576977071447814), ([[198, 462], [847, 462], [847, 541], [198, 541]], '잘생긴 남친이랑 사길거야!', 0.38009478776560046), ([[1482, 462], [1582, 462], [1582, 507], [1482, 507]], '구터', 0.011650542238662827), ([[1324, 516], [1728, 516], [1728, 600], [1324, 600]], '작년이량 똑같은', 0.4680204653860822), ([[1398, 592], [1666, 592], [1666, 669], [1398, 669]], '말 하느데?', 0.47800579784380337), ([[2010, 570], [2235, 570], [2235, 647], [2010, 647]], '다른데로', 0.9986419677734375), ([[1899, 642], [2343, 642], [2343, 719], [1899, 719]], '목표 말하지 그래?', 0.7106205428213016), ([[1079, 1026], [1307, 1026], [1307, 1105], [1079, 1105]], '그리고..', 0.3749299206972237), ([[1606, 1457], [1667, 1457], [1667, 1528], [1606, 1528]], '단', 0.076212883524307)]
[([[846, 423], [1083, 423], [1083, 501], [846, 501]], '네 뱃속에', 0.8614414572025667), ([[747, 495], [1182, 495], [1182, 573], [747, 573]], '들어가고 싶은데..', 0.794678268718956), ([[1618, 495], [1747, 495], [1747, 570], [1618, 570]], '아하:', 0.41334409468374794), ([[1776, 495], [1925, 495], [1925, 568], [1776, 568]], '그래?', 0.9999798341512256), ([[1429, 565], [2123, 565], [2123, 642], [1429, 642]], '새해 목표릎 바로 이뤄지도록', 0.625181059355392), ([[1614, 639], [1938, 639], [1938, 712], [1614, 712]], '도와줄게등하', 0.12307410024043441), ([[1114, 898], [1263, 898], [1263, 971], [1114, 971]], '진짜?', 0.999853058971043), ([[1024, 968], [1351, 968], [1351, 1043], [1024, 1043]], '딴말 없기다?', 0.9861983159025199), ([[1292, 1251], [1522, 1251], [1522, 1326], [1292, 1326]], '어어 크국', 0.37515129747291387)]
[([[1740, 318], [2305, 318], [2305, 397], [1740, 397]], '뭐약 갑자기 옷통 벗어?', 0.8682256588236185), ([[207, 660], [660, 660], [660, 739], [207, 739]], '답답해서 그런거야', 0.9989977896012899), ([[2003, 1098], [2296, 1098], [2296, 1176], [2003, 1176]], '몸매가 너무', 0.9997058096815787), ([[2046, 1168], [2249, 1168], [2249, 1245], [2046, 1245]], '죽인데?', 0.9751191735267639), ([[802, 1824], [938, 1824], [938, 1909], [802, 1909]], '뒷고', 0.14266400278042896), ([[729, 1897], [1018, 1897], [1018, 1976], [729, 1976]], '입 벌려 화~', 0.9540432789129882)]
[([[1965, 313], [2170, 313], [2170, 386], [1965, 386]], '아; 맞다', 0.6618342325246792), ([[1800, 380], [2332, 380], [2332, 458], [1800, 458]], '아까 술 많이 마석는데', 0.4261926968073968), ([[1812, 453], [2314, 453], [2314, 530], [1812, 530]], '아마 꽉 차오르는겉?', 0.4429707695999722), ([[497, 1481], [1042, 1481], [1042, 1565], [497, 1565]], '내가 다 마시면 되지~!', 0.895265667654509), ([[1852, 2001], [2096, 2001], [2096, 2102], [1852, 2102]], '으액크', 0.13921418720293513), ([[805.3412857914667, 1003.0811150729603], [1149.0257156096877, 800.0603865863663], [1205.6587142085334, 934.9188849270397], [861.9742843903122, 1136.9396134136337]], ';온[흡', 0.004719224292784929)]
[([[1917, 315], [2127, 315], [2127, 388], [1917, 388]], '몸놈놈~', 0.140245521341899), ([[1778, 383], [2265, 383], [2265, 462], [1778, 462]], '우리 빵당이 맛있정!', 0.4741312824868593), ([[1944, 468], [2101, 468], [2101, 519], [1944, 519]], '규구크', 0.3787166939272815), ([[271, 541], [333, 541], [333, 675], [271, 675]], '통', 0.9988552033920683), ([[295, 660], [372, 660], [372, 773], [295, 773]], '셈', 0.056558947500428225), ([[1460, 621], [1599, 621], [1599, 778], [1460, 778]], '용질', 0.0035820973568678693), ([[248, 1065], [552, 1065], [552, 1137], [248, 1137]], '야; 하지막국', 0.36208839829399936), ([[828, 970], [1009, 970], [1009, 1212], [828, 1212]], '@', 0.5678650803692484), ([[235, 1131], [568, 1131], [568, 1211], [235, 1211]], '빨리 삼켜쥐~', 0.5098397852626676), ([[2104, 1296], [2229, 1296], [2229, 1371], [2104, 1371]], '응응', 0.9699183499669167), ([[1960, 1368], [2373, 1368], [2373, 1446], [1960, 1446]], '근데 너무 커가까', 0.5586424050090971), ([[913, 1327], [1082, 1327], [1082, 1548], [913, 1548]], '껑', 0.040045325475773774), ([[1023, 1529], [1098, 1529], [1098, 1598], [1023, 1598]], '0', 0.7006202078935395), ([[1579, 1661], [1765, 1661], [1765, 1989], [1579, 1989]], '객', 0.12012785936243464), ([[1479.9262818582545, 1321.0288425635347], [1618.7809395364288, 1268.1942842771405], [1711.0737181417455, 1546.9711574364653], [1572.2190604635712, 1599.8057157228595]], '꼴', 0.9098921943789264)]
[([[147, 390], [890, 390], [890, 467], [147, 467]], '올해는 ~ 무조건 돈도 많이 벌고', 0.6576977071447814), ([[198, 462], [847, 462], [847, 541], [198, 541]], '잘생긴 남친이랑 사길거야!', 0.38009478776560046), ([[1482, 462], [1582, 462], [1582, 507], [1482, 507]], '구터', 0.011650542238662827), ([[1324, 516], [1728, 516], [1728, 600], [1324, 600]], '작년이량 똑같은', 0.4680204653860822), ([[1398, 592], [1666, 592], [1666, 669], [1398, 669]], '말 하느데?', 0.47800579784380337), ([[2010, 570], [2235, 570], [2235, 647], [2010, 647]], '다른데로', 0.9986419677734375), ([[1899, 642], [2343, 642], [2343, 719], [1899, 719]], '목표 말하지 그래?', 0.7106205428213016), ([[1079, 1026], [1307, 1026], [1307, 1105], [1079, 1105]], '그리고..', 0.3749299206972237), ([[1606, 1457], [1667, 1457], [1667, 1528], [1606, 1528]], '단', 0.076212883524307)]
[([[219, 342], [485, 342], [485, 422], [219, 422]], '바이바이~', 0.9991610405824748), ([[642, 856], [860, 856], [860, 1067], [642, 1067]], '@', 0.8840105069954376), ([[675, 1130], [838, 1130], [838, 1338], [675, 1338]], '떡', 0.5364810065543715), ([[179.66225832592224, 2244.0279739895414], [359.6105758478044, 2101.005825575051], [663.3377416740777, 2546.9720260104586], [483.3894241521956, 2688.994174424949]], '용', 0.9928579755211651), ([[1605.5946941522104, 2511.085187546168], [1939.668957092375, 2429.003811144653], [1987.4053058477896, 2719.914812453832], [1653.331042907625, 2802.996188855347]], '출렁', 0.18046788110194992)]
[([[676, 728], [932, 728], [932, 1006], [676, 1006]], '@', 0.7903142149393751), ([[345, 1611], [654, 1611], [654, 2006], [345, 2006]], '팩', 0.3736842547334085), ([[651.2940669157609, 994.009968817935], [843.5192869367021, 1029.400210894596], [772.7059330842391, 1397.990031182065], [580.4807130632979, 1361.599789105404]], '올', 0.9846757991924484)]
[([[99, 495], [460, 495], [460, 575], [99, 575]], '하 . 어지러워..', 0.6059782782874333), ([[59, 567], [566, 567], [566, 645], [59, 645]], '속이 너무 더부록해 .', 0.6677630212886526), ([[545, 536], [709, 536], [709, 658], [545, 658]], '때월', 0.00732523387298914), ([[1663, 1194], [1798, 1194], [1798, 1272], [1663, 1272]], '헤헤.', 0.7142704550686011), ([[627, 1428], [801, 1428], [801, 1672], [627, 1672]], '짝', 0.18389117961533064), ([[650.8973556517492, 1020.133124694548], [884.8831347942962, 933.9402382468446], [927.1026443482508, 1077.866875305452], [693.1168652057038, 1164.0597617531555]], '@응', 0.8599436065527338), ([[172.96494561514004, 1883.018477223921], [575.869012375252, 1983.9801403236684], [507.03505438485996, 2220.981522776079], [103.13098762474796, 2120.0198596763316]], '된- 0', 0.02098398096859455)]
[([[284, 899], [522, 899], [522, 1120], [284, 1120]], '0"', 0.2678258994329941), ([[415.81011204009496, 1006.1594369563703], [802.1505730346635, 818.7578428371589], [915.189887959905, 1116.8405630436296], [528.8494269653365, 1304.242157162841]], '대)', 0.03621891513862336)]
[([[1809, 705], [2013, 705], [2013, 782], [1809, 782]], '아 뛰야;', 0.5062914885488805), ([[1764, 774], [2060, 774], [2060, 854], [1764, 854]], '욕.. 술냄새!', 0.5103657451691154), ([[490, 928], [605, 928], [605, 997], [490, 997]], '이게', 0.9584853645161026), ([[295, 995], [804, 995], [804, 1074], [295, 1074]], '갑진년의 용트림이다', 0.837822507428801), ([[389, 1098], [692, 1098], [692, 1237], [389, 1237]], '떠)0', 0.14906255678459268), ([[355, 1385], [521, 1385], [521, 1502], [355, 1502]], '영03', 0.042939675879927995), ([[1828, 1772], [1996, 1772], [1996, 1841], [1828, 1841]], '아크국', 0.7956892989158186), ([[1828, 1837], [1998, 1837], [1998, 1917], [1828, 1917]], '뭐택국', 0.25262332338398025), ([[144, 2318], [424, 2318], [424, 2393], [144, 2393]], '어? 전화다', 0.732498762380016), ([[208, 2393], [358, 2393], [358, 2462], [208, 2462]], '잠만 .', 0.8279319009624377), ([[204.1189256533434, 1728.323272874711], [289.8478177955628, 1792.6493726084555], [164.8810743466566, 1951.676727125289], [80.15218220443722, 1887.3506273915445]], '$', 0.10103864083002012), ([[-7.743416490252569, 2241.769750529242], [235.08099142282774, 2172.890023289482], [262.74341649025257, 2300.230249470758], [18.919008577172264, 2370.109976710518]], '@란켓?', 0.002120977733284235)]
[([[338, 207], [564, 207], [564, 285], [338, 285]], '어? 뭐야', 0.9615335086978425), ([[279, 279], [613, 279], [613, 357], [279, 357]], '너도 안 짚어?', 0.3256238475470708), ([[1951, 399], [2136, 399], [2136, 476], [1951, 476]], '어아직', 0.9977272460170082), ([[1899, 473], [2186, 473], [2186, 548], [1899, 548]], '안 잔어국국', 0.2596391751480173), ([[124, 774], [541, 774], [541, 855], [124, 855]], '혹시.. 먹없어? 층', 0.42804640587253856), ([[2102, 873], [2357, 873], [2357, 946], [2102, 946]], '어어.크국', 0.49136748254471535)]
[([[417, 711], [899, 711], [899, 791], [417, 791]], '와 . 정말 먹느거야?', 0.5486572152948104), ([[401, 783], [921, 783], [921, 861], [401, 861]], '작년에 먹히고 싶더라', 0.932887679383912), ([[2052, 790], [2188, 790], [2188, 863], [2052, 863]], '뭐야', 0.6614335741867935), ([[1960, 860], [2262, 860], [2262, 937], [1960, 937]], '알고 있없이', 0.2914561771009853), ([[1928, 941], [2311, 941], [2311, 1089], [1928, 1089]], '@으음.8', 0.06820208534878813), ([[2166, 1109], [2333, 1109], [2333, 1186], [2166, 1186]], '으..속이', 0.5393172688108175), ([[2354.0499682509594, 1097.0647682320043], [2484.8259299905403, 1124.4486522748773], [2469.9500317490406, 1183.9352317679957], [2339.1740700094597, 1157.5513477251227]], '쓰려 .', 0.2051553121596659)]
[([[572, 696], [811, 696], [811, 773], [572, 773]], '개 어떻게', 0.9304905356190474), ([[1796, 723], [1871, 723], [1871, 807], [1796, 807]], '%', 0.10655307700171424), ([[612, 768], [766, 768], [766, 843], [612, 843]], '뒷어?', 0.17897198195552208), ([[1929, 990], [2330, 990], [2330, 1068], [1929, 1068]], '취햇으니까 지금', 0.8594638745555605), ([[1875, 1060], [2375, 1060], [2375, 1140], [1875, 1140]], '자고 있든거 같은데?', 0.3256826418722653), ([[1958, 1134], [2298, 1134], [2298, 1212], [1958, 1212]], '내 뱃속에서승', 0.38621708125341314), ([[75, 1247], [703, 1247], [703, 1326], [75, 1326]], '얼 이 와중에 잠들없다님국', 0.4288507304411084), ([[128, 1317], [653, 1317], [653, 1401], [128, 1401]], '이러다가 소화되켓다:', 0.7733557171862485), ([[2176, 1638], [2350, 1638], [2350, 1713], [2176, 1713]], '그니까', 0.9994150060483223), ([[2155, 1714], [2372, 1714], [2372, 1782], [2155, 1782]], '내말이.', 0.9976494312286377), ([[1567.3611966583592, 615.1504619551398], [1627.700989005636, 578.0273407278568], [1687.6388033416408, 686.8495380448602], [1627.299010994364, 723.9726592721432]], '국', 0.005800176318578265), ([[1661.2483973007782, 652.0201897944743], [1825.976534657715, 764.1897661067991], [1755.7516026992218, 865.9798102055257], [1591.023465342285, 753.8102338932009]], '`00', 0.02039446152989264)]
[([[558, 720], [780, 720], [780, 795], [558, 795]], '근데.. 개', 0.9507055992143526), ([[509, 790], [822, 790], [822, 867], [509, 867]], '소화할거야?', 0.48183532246988386), ([[1971, 993], [2259, 993], [2259, 1077], [1971, 1077]], '글쎄? 방금', 0.7048900290858888), ([[1827, 1069], [2400, 1069], [2400, 1146], [1827, 1146]], '새해 목표릎 이뤄쨌논데', 0.09883617856069418), ([[1920, 1141], [2332, 1141], [2332, 1218], [1920, 1218]], '토할 리가 없잡아', 0.5752751910849947)]
[([[1192, 478], [1386, 478], [1386, 655], [1192, 655]], '9', 0.10417739442802088), ([[475, 736], [870, 736], [870, 811], [475, 811]], '그래? 암튼 올해', 0.7904735700083924), ([[450, 808], [888, 808], [888, 885], [450, 885]], '새해 목표화이팅!', 0.9817046910299722), ([[1980, 898], [2325, 898], [2325, 975], [1980, 975]], '응 확팅 환팅!', 0.08390233070753218), ([[2184, 1145], [2328, 1145], [2328, 1257], [2184, 1257]], '어~', 0.9999122513890553), ([[2230, 1229], [2442, 1229], [2442, 1459], [2230, 1459]], '떨', 0.01781716035254366), ([[1878, 1371], [2030, 1371], [2030, 1605], [1878, 1605]], '9', 0.977290040078632), ([[2442, 2223], [2517, 2223], [2517, 2310], [2442, 2310]], '0', 0.15875151520730046), ([[62, 2300], [190, 2300], [190, 2424], [62, 2424]], '0', 0.9998306107733335), ([[191, 2360], [330, 2360], [330, 2571], [191, 2571]], '호', 0.16237270448693497), ([[332, 2544], [491, 2544], [491, 2696], [332, 2696]], '<', 0.0406866899105518), ([[1934, 2645], [2062, 2645], [2062, 2804], [1934, 2804]], '$', 0.045033039643366246), ([[370.0444833957208, 1027.0572682269294], [426.790670933821, 1061.770722488585], [355.9555166042792, 1175.9427317730706], [299.209329066179, 1141.229277511415]], '0', 0.22952197877160163), ([[187.44784236962576, 1438.0305813266318], [226.94734535029713, 1446.961045260704], [206.55215763037424, 1537.9694186733682], [167.05265464970287, 1529.038954739296]], '0', 0.8730509376619011), ([[2095.651818773715, 2490.153822680234], [2345.647985406961, 2445.264051195946], [2362.348181226285, 2601.846177319766], [2111.352014593039, 2646.735948804054]], '우정', 0.21082456364926394), ([[485.2554742327883, 2639.0145929361006], [688.7725611538905, 2804.068968146976], [585.7445257672117, 2931.9854070638994], [382.22743884610946, 2767.931031853024]], '%', 0.13707642391904162)]
[([[846, 423], [1083, 423], [1083, 501], [846, 501]], '네 뱃속에', 0.8614414572025667), ([[747, 495], [1182, 495], [1182, 573], [747, 573]], '들어가고 싶은데..', 0.794678268718956), ([[1618, 495], [1747, 495], [1747, 570], [1618, 570]], '아하:', 0.41334409468374794), ([[1776, 495], [1925, 495], [1925, 568], [1776, 568]], '그래?', 0.9999798341512256), ([[1429, 565], [2123, 565], [2123, 642], [1429, 642]], '새해 목표릎 바로 이뤄지도록', 0.625181059355392), ([[1614, 639], [1938, 639], [1938, 712], [1614, 712]], '도와줄게등하', 0.12307410024043441), ([[1114, 898], [1263, 898], [1263, 971], [1114, 971]], '진짜?', 0.999853058971043), ([[1024, 968], [1351, 968], [1351, 1043], [1024, 1043]], '딴말 없기다?', 0.9861983159025199), ([[1292, 1251], [1522, 1251], [1522, 1326], [1292, 1326]], '어어 크국', 0.37515129747291387)]
[([[396, 308], [641, 308], [641, 548], [396, 548]], '%', 0.9303869786824102), ([[2473, 1328], [2520, 1328], [2520, 1428], [2473, 1428]], '0', 0.495672560573567), ([[1880, 1369], [2032, 1369], [2032, 1553], [1880, 1553]], '0', 0.9511389646052102), ([[2282, 1749], [2489, 1749], [2489, 2092], [2282, 2092]], '0 {', 0.20764558104269862), ([[1425, 2296], [1549, 2296], [1549, 2419], [1425, 2419]], '0', 0.9710564305499112), ([[1852, 2131], [2209, 2131], [2209, 2404], [1852, 2404]], '0 ', 0.5222634894987036), ([[1290, 2449], [1549, 2449], [1549, 2678], [1290, 2678]], '2', 0.9544119500483284), ([[1627, 2347], [1874, 2347], [1874, 2589], [1627, 2589]], '2', 0.06308438249536508), ([[1880, 2272], [2436, 2272], [2436, 2730], [1880, 2730]], '8', 0.27895340098539023), ([[510.8617878776596, 46.11462726223427], [846.934203757421, 9.358912503782786], [853.1382121223404, 178.88537273776572], [517.065796242579, 216.6410874962172]], '운필 @ @', 0.052800666211912504), ([[-27.360815482017763, 2010.01286100126], [425.36442907757754, 1781.132401189223], [810.3608154820178, 2682.9871389987397], [356.63557092242246, 2912.867598810777]], '꿀', 0.35287577499326517), ([[817.1070142210997, 2500.2454123466873], [1001.1962883108915, 2375.16521864787], [1143.8929857789003, 2640.7545876533127], [960.8037116891085, 2764.83478135213]], '2', 0.7694160664346441)]
[([[1880, 1367], [2030, 1367], [2030, 1551], [1880, 1551]], '0', 0.9842327258291483), ([[391.8292994374676, 709.9073887061757], [678.5850092629695, 546.1307383031751], [764.1707005625324, 729.0926112938243], [476.41499073703045, 892.8692616968249]], '1기', 0.21457975716928301)]
[([[270, 313], [822, 313], [822, 393], [270, 393]], '벌써 소화할 시간인가?', 0.5705415971019029), ([[376, 387], [672, 387], [672, 462], [376, 462]], '아 모르켓당다', 0.22901533546688593), ([[767, 752], [931, 752], [931, 922], [767, 922]], '탓', 0.09378877408824682), ([[316, 1571], [744, 1571], [744, 1795], [316, 1795]], '찰짝 8', 0.5480861067771912), ([[110, 2471], [1106, 2471], [1106, 2850], [110, 2850]], '#로춧 듯~', 0.09517011288331048), ([[868.5303704492165, 914.0450383222293], [1022.3921473980346, 832.0404105706682], [1154.4696295507836, 1124.9549616777708], [1000.6078526019654, 1206.9595894293318]], '총', 0.06716460694646287), ([[2236.0531954285684, 906.0224235427938], [2376.0387560729487, 866.4120330461985], [2447.9468045714316, 1156.9775764572062], [2307.9612439270513, 1196.5879669538015]], '특', 0.5909051937551482)]
[([[1030, 2328], [1224, 2328], [1224, 2520], [1030, 2520]], '2', 0.8376794045301637), ([[1286, 2272], [1456, 2272], [1456, 2468], [1286, 2468]], '?', 0.19704045348789467), ([[818, 2393], [1019, 2393], [1019, 2628], [818, 2628]], '2', 0.23991803032572534), ([[1509.7080655627096, 2205.032117810462], [1688.6157532958607, 2141.6137179776156], [1783.2919344372904, 2457.967882189538], [1604.3842467041393, 2522.3862820223844]], '릇', 0.6616322145146256), ([[582.8467460541574, 2405.0184768897093], [918.794491347869, 2486.1147899056514], [837.1532539458426, 2788.9815231102907], [501.2055086521311, 2707.8852100943486]], '2', 0.5851825731576277)]
[([[93, 96], [547, 96], [547, 241], [93, 241]], '잠시 후 .', 0.4265493740081207), ([[1017, 383], [1376, 383], [1376, 460], [1017, 460]], '해주이 못 보게', 0.41902137878570284), ([[1051, 455], [1347, 455], [1347, 532], [1051, 532]], '돼서 아쉽네', 0.9288567243093284), ([[1087, 529], [1306, 529], [1306, 602], [1087, 602]], '안 그래?', 0.777100611911173), ([[173, 1658], [427, 1658], [427, 1750], [173, 1750]], '빵덩이?', 0.6742843389511108), ([[1411, 2172], [1637, 2172], [1637, 2269], [1411, 2269]], '빵딩이', 0.09969664365053177), ([[1346, 2262], [1711, 2262], [1711, 2359], [1346, 2359]], '아니라고! !', 0.9334834408420808), ([[2004, 2582], [2381, 2582], [2381, 2727], [2004, 2727]], '현다 중', 0.678865076299962), ([[-11.43513977641508, 2606.0515571078304], [105.6386517730694, 2519.0101995029277], [274.4351397764151, 2784.9484428921696], [156.3613482269306, 2871.9898004970723]], '토', 0.6930765629468603)]
[([[1740, 318], [2305, 318], [2305, 397], [1740, 397]], '뭐약 갑자기 옷통 벗어?', 0.8682256588236185), ([[207, 660], [660, 660], [660, 739], [207, 739]], '답답해서 그런거야', 0.9989977896012899), ([[2003, 1098], [2296, 1098], [2296, 1176], [2003, 1176]], '몸매가 너무', 0.9997058096815787), ([[2046, 1168], [2249, 1168], [2249, 1245], [2046, 1245]], '죽인데?', 0.9751191735267639), ([[802, 1824], [938, 1824], [938, 1909], [802, 1909]], '뒷고', 0.14266400278042896), ([[729, 1897], [1018, 1897], [1018, 1976], [729, 1976]], '입 벌려 화~', 0.9540432789129882)]
[([[1965, 313], [2170, 313], [2170, 386], [1965, 386]], '아; 맞다', 0.6618342325246792), ([[1800, 380], [2332, 380], [2332, 458], [1800, 458]], '아까 술 많이 마석는데', 0.4261926968073968), ([[1812, 453], [2314, 453], [2314, 530], [1812, 530]], '아마 꽉 차오르는겉?', 0.4429707695999722), ([[497, 1481], [1042, 1481], [1042, 1565], [497, 1565]], '내가 다 마시면 되지~!', 0.895265667654509), ([[1852, 2001], [2096, 2001], [2096, 2102], [1852, 2102]], '으액크', 0.13921418720293513), ([[805.3412857914667, 1003.0811150729603], [1149.0257156096877, 800.0603865863663], [1205.6587142085334, 934.9188849270397], [861.9742843903122, 1136.9396134136337]], ';온[흡', 0.004719224292784929)]
[([[1917, 315], [2127, 315], [2127, 388], [1917, 388]], '몸놈놈~', 0.140245521341899), ([[1778, 383], [2265, 383], [2265, 462], [1778, 462]], '우리 빵당이 맛있정!', 0.4741312824868593), ([[1944, 468], [2101, 468], [2101, 519], [1944, 519]], '규구크', 0.3787166939272815), ([[271, 541], [333, 541], [333, 675], [271, 675]], '통', 0.9988552033920683), ([[295, 660], [372, 660], [372, 773], [295, 773]], '셈', 0.056558947500428225), ([[1460, 621], [1599, 621], [1599, 778], [1460, 778]], '용질', 0.0035820973568678693), ([[248, 1065], [552, 1065], [552, 1137], [248, 1137]], '야; 하지막국', 0.36208839829399936), ([[828, 970], [1009, 970], [1009, 1212], [828, 1212]], '@', 0.5678650803692484), ([[235, 1131], [568, 1131], [568, 1211], [235, 1211]], '빨리 삼켜쥐~', 0.5098397852626676), ([[2104, 1296], [2229, 1296], [2229, 1371], [2104, 1371]], '응응', 0.9699183499669167), ([[1960, 1368], [2373, 1368], [2373, 1446], [1960, 1446]], '근데 너무 커가까', 0.5586424050090971), ([[913, 1327], [1082, 1327], [1082, 1548], [913, 1548]], '껑', 0.040045325475773774), ([[1023, 1529], [1098, 1529], [1098, 1598], [1023, 1598]], '0', 0.7006202078935395), ([[1579, 1661], [1765, 1661], [1765, 1989], [1579, 1989]], '객', 0.12012785936243464), ([[1479.9262818582545, 1321.0288425635347], [1618.7809395364288, 1268.1942842771405], [1711.0737181417455, 1546.9711574364653], [1572.2190604635712, 1599.8057157228595]], '꼴', 0.9098921943789264)]
[([[219, 342], [485, 342], [485, 422], [219, 422]], '바이바이~', 0.9991610405824748), ([[642, 856], [860, 856], [860, 1067], [642, 1067]], '@', 0.8840105069954376), ([[675, 1130], [838, 1130], [838, 1338], [675, 1338]], '떡', 0.5364810065543715), ([[179.66225832592224, 2244.0279739895414], [359.6105758478044, 2101.005825575051], [663.3377416740777, 2546.9720260104586], [483.3894241521956, 2688.994174424949]], '용', 0.9928579755211651), ([[1605.5946941522104, 2511.085187546168], [1939.668957092375, 2429.003811144653], [1987.4053058477896, 2719.914812453832], [1653.331042907625, 2802.996188855347]], '출렁', 0.18046788110194992)]
[([[676, 728], [932, 728], [932, 1006], [676, 1006]], '@', 0.7903142149393751), ([[345, 1611], [654, 1611], [654, 2006], [345, 2006]], '팩', 0.3736842547334085), ([[651.2940669157609, 994.009968817935], [843.5192869367021, 1029.400210894596], [772.7059330842391, 1397.990031182065], [580.4807130632979, 1361.599789105404]], '올', 0.9846757991924484)]
