2880684
40
[([[655, 21], [985, 21], [985, 61], [655, 61]], '5[형9@ 어_적9전 (6디+ <어앙~대)', 6.6172732268368595e-06), ([[1248, 11], [1484, 11], [1484, 54], [1248, 54]], "'하+<역+;아<", 0.001937901445087145), ([[259, 91], [572, 91], [572, 147], [259, 147]], "벼#/-신형9. (,꾸) (<?'", 2.5814803347848636e-05), ([[667, 645], [727, 645], [727, 707], [667, 707]], '4', 0.23431315011837128), ([[1806, 911], [1949, 911], [1949, 963], [1806, 963]], "'@기드]아7", 0.00022422380420864573), ([[1101, 959], [1359, 959], [1359, 997], [1101, 997]], '한어+히/ 8 명#5 ,후신어@', 0.00013238341368116606), ([[1469, 959], [1729, 959], [1729, 997], [1469, 997]], '7어+히/ 6 명-5 ;7디|신|@', 5.312500792926474e-05), ([[1764, 964], [2000, 964], [2000, 988], [1764, 988]], '오5/|감내앙 명리+웬@먼교 네찰굽/거라망;긋', 5.54859599189928e-08), ([[266.1055728090001, 4.080650449500463], [402.89728521628325, 20.991735396647563], [394.8944271909999, 68.91934955049953], [257.10271478371675, 51.00826460335244]], '서맺799', 0.0004558660924031342), ([[1309.5379965673017, 443.02677047879496], [1382.5534322199803, 511.1633945829315], [1360.4620034326983, 536.973229521205], [1286.4465677800197, 468.8366054170685]], '[꾸-7슬', 0.0006721907092995964), ([[531.3696162031143, 544.2176972186857], [753.7944662432119, 496.18840594372244], [772.6303837968857, 635.7823027813143], [550.2055337567881, 682.8115940562775]], '0', 0.9418517244639588), ([[639.3358994113244, 928.5038491169864], [693.4627156053565, 921.2868065354043], [696.6641005886756, 948.4961508830136], [642.5372843946435, 956.7131934645957]], '구7', 0.3038207250571041)]
[]
[]
[]
[([[51, 3], [167, 3], [167, 121], [51, 121]], '0', 0.9645382250309922), ([[15, 12], [60, 12], [60, 259], [15, 259]], "'", 0.06251710770358443), ([[14, 258], [64, 258], [64, 456], [14, 456]], '물', 0.08959298716760955), ([[58, 116], [175, 116], [175, 463], [58, 463]], '용', 0.28202881776283917), ([[1348, 1066], [1402, 1066], [1402, 1124], [1348, 1124]], '9', 0.38830959710540824), ([[1218.641496736188, 890.0091863556639], [1386.0264856975002, 1049.4388948151136], [1342.358503263812, 1098.9908136443362], [1175.9735143024998, 939.5611051848865]], '[2도(7"[', 0.00055887674253029)]
[([[2763, 990], [2812, 990], [2812, 1041], [2763, 1041]], '9', 0.0661023796968232), ([[2642.622173193895, 823.0102040870574], [2800.0277619207473, 974.4410554616866], [2757.377826806105, 1021.9897959129426], [2599.9722380792527, 870.5589445383134]], '[.-7족대', 0.0004968066341572484)]
[([[2763, 990], [2812, 990], [2812, 1041], [2763, 1041]], '9', 0.07711659867533172), ([[2642.622173193895, 823.0102040870574], [2800.0277619207473, 974.4410554616866], [2757.377826806105, 1021.9897959129426], [2599.9722380792527, 870.5589445383134]], '[.-7,데', 0.0004659193456626026)]
[([[2763, 990], [2812, 990], [2812, 1041], [2763, 1041]], '9', 0.030734437546144022), ([[2642.622173193895, 823.0102040870574], [2800.0277619207473, 974.4410554616866], [2757.377826806105, 1021.9897959129426], [2599.9722380792527, 870.5589445383134]], '5.-7족대', 0.00041672197839826594)]
[([[2763, 990], [2812, 990], [2812, 1041], [2763, 1041]], '2', 0.8798031188048903), ([[2642.622173193895, 823.0102040870574], [2800.0277619207473, 974.4410554616866], [2757.377826806105, 1021.9897959129426], [2599.9722380792527, 870.5589445383134]], '[.-7족데', 0.00038573444128731224)]
[([[2763, 990], [2812, 990], [2812, 1041], [2763, 1041]], '9', 0.03657749588786974), ([[2642.620125818301, 823.0103150567369], [2799.0335395061043, 973.4508591140562], [2756.379874181699, 1020.9896849432631], [2599.9664604938957, 870.5491408859438]], '[네도-7곱', 0.0011070394961710719)]
[([[2763, 990], [2812, 990], [2812, 1041], [2763, 1041]], '9', 0.07272911522909453), ([[2642.622173193895, 823.0102040870574], [2800.0277619207473, 974.4410554616866], [2757.377826806105, 1021.9897959129426], [2599.9722380792527, 870.5589445383134]], '[.-7족대', 0.00034934529090663785)]
[]
[([[2763, 990], [2812, 990], [2812, 1041], [2763, 1041]], '9', 0.11004831785053071), ([[2642.620125818301, 823.0103150567369], [2799.0335395061043, 973.4508591140562], [2756.379874181699, 1020.9896849432631], [2599.9664604938957, 870.5491408859438]], '네도-7,', 0.0010600666621287033)]
[([[1910, 23], [2029, 23], [2029, 76], [1910, 76]], '<절군망', 0.00011473681661300361), ([[650, 1235], [767, 1235], [767, 1352], [650, 1352]], '7', 0.14445510851118915), ([[607, 1552], [801, 1552], [801, 1789], [607, 1789]], '사', 0.04577247636065351), ([[1145, 1710], [1304, 1710], [1304, 1867], [1145, 1867]], '4', 0.3718393702715481), ([[926, 2069], [1120, 2069], [1120, 2378], [926, 2378]], '6', 0.17079221328943905), ([[1381, 2432], [1412, 2432], [1412, 2461], [1381, 2461]], '0', 0.1787830545209923), ([[33, 2677], [481, 2677], [481, 2726], [33, 2726]], '후6신 >>긁;3 %)', 1.4109460963411098e-05), ([[28, 2726], [244, 2726], [244, 2854], [28, 2854]], '고-8', 0.06789433259476677), ([[1343, 2774], [1485, 2774], [1485, 2880], [1343, 2880]], '돌사>-', 0.0005469140014611185), ([[1842, 2753], [2038, 2753], [2038, 2849], [1842, 2849]], '>새,;~', 0.00010623432359796052), ([[1779.914249429668, 13.074020836576484], [1924.686034098597, 34.780792971531824], [1912.085750570332, 101.92597916342352], [1767.313965901403, 80.21920702846818]], '4권999', 0.13445441506678243), ([[732.7639596277666, 1414.0555885181068], [1375.6850180796382, 1321.5850499789642], [1399.2360403722334, 1704.9444114818932], [756.3149819203618, 1797.4149500210358]], '0', 0.053520838987598296), ([[1400.1210554927588, 2110.076877011657], [1672.073208683589, 2076.58878508207], [1682.8789445072412, 2277.923122988343], [1411.926791316411, 2311.41121491793]], '10', 0.31792757041874925), ([[1415.645645221013, 2401.4078066188363], [1559.9857516618765, 2380.3708434805944], [1565.354354778987, 2442.5921933811637], [1421.0142483381235, 2464.6291565194056]], '77/', 0.528521449853184), ([[1261.024835732059, 2438.284441489001], [1384.898873818685, 2423.2312750602846], [1387.975164267941, 2485.715558510999], [1265.101126181315, 2499.7687249397154]], '시사사', 0.3813344718597369), ([[1061.7000105999682, 2488.5200169599493], [1255.065642350289, 2440.088535420285], [1271.2999894000318, 2521.4799830400507], [1077.934357649711, 2569.911464579715]], '주>이', 0.43444580821260403)]
[([[1800, 81], [1915, 81], [1915, 434], [1800, 434]], '#', 0.10691995135234666), ([[1891, 94], [1953, 94], [1953, 230], [1891, 230]], '%', 0.2826029310390119), ([[441, 392], [508, 392], [508, 442], [441, 442]], '0?', 0.16058755437060762), ([[227, 970], [391, 970], [391, 1252], [227, 1252]], '경', 0.14228764727541066), ([[1905, 1019], [2013, 1019], [2013, 1143], [1905, 1143]], '음', 0.02793095541041546), ([[29, 1318], [159, 1318], [159, 1405], [29, 1405]], '&면}', 0.04008842531449743), ([[769, 2530], [859, 2530], [859, 2686], [769, 2686]], '꿀', 0.03401954894508563), ([[823.2821551048371, 249.03690451692003], [876.1688405701526, 235.0982747286229], [905.7178448951629, 359.96309548307994], [852.8311594298474, 372.90172527137713]], '꿀', 0.01568398966415785), ([[877.388137237664, 365.0630587407872], [900.4776973164738, 358.03827663786205], [917.611862762336, 418.9369412592128], [894.5223026835262, 425.96172336213795]], '8', 0.9999864101871623), ([[835.0169070331804, 866.0538540019409], [945.709332156081, 902.7311823795084], [919.9830929668196, 974.9461459980591], [809.290667843919, 938.2688176204916]], '터때', 0.000915347903645886), ([[698.9633121103225, 931.0414013790304], [834.0645285751633, 972.1577742453426], [798.0366878896775, 1081.9585986209697], [662.9354714248367, 1040.8422257546574]], "'08", 0.003767949165750844), ([[1652.601985123916, 1092.01985123916], [1682.7057335496227, 1089.0627496705267], [1692.398014876084, 1199.98014876084], [1662.2942664503773, 1202.9372503294733]], '3', 0.05175574448232112), ([[1686.3351366892332, 1129.0746014326255], [1714.8859188125477, 1123.1337920770513], [1724.6648633107668, 1178.9253985673745], [1696.1140811874523, 1183.8662079229487]], '8', 0.057550390820915176), ([[1918.6892093775737, 1460.0718053359212], [2002.9015907941225, 1425.151626590468], [2058.3107906224263, 1574.9281946640788], [1973.0984092058775, 1610.848373409532]], '회', 0.7003785571613754)]
[([[1816, 101], [1873, 101], [1873, 602], [1816, 602]], '[', 0.6541863362590448), ([[1861, 101], [1916, 101], [1916, 325], [1861, 325]], '8', 0.2797215572130405), ([[1929, 39], [1997, 39], [1997, 500], [1929, 500]], "'", 0.03684292363715347), ([[1686, 613], [1728, 613], [1728, 669], [1686, 669]], '7', 0.7942157780355821), ([[1829, 596], [1856, 596], [1856, 686], [1829, 686]], '8', 0.9324179193882287), ([[1001, 708], [1125, 708], [1125, 816], [1001, 816]], '무 ,', 0.10947724431753159), ([[710, 908], [761, 908], [761, 1084], [710, 1084]], '콩', 0.902382202416252), ([[603, 900], [728, 900], [728, 1298], [603, 1298]], '#', 0.14113776850541626), ([[944, 1375], [1222, 1375], [1222, 1755], [944, 1755]], '코', 0.001045744129508211), ([[144, 1964], [193, 1964], [193, 2017], [144, 2017]], '9', 0.1904541129001167), ([[1834, 2288], [1997, 2288], [1997, 2510], [1834, 2510]], '1', 0.4227419925441076), ([[1874, 2511], [2011, 2511], [2011, 2697], [1874, 2697]], '0', 0.9581129136609299), ([[668, 2682], [801, 2682], [801, 2796], [668, 2796]], '(다', 0.26804085920956056), ([[966.7147462767587, 318.0753433524484], [1037.6735802107758, 279.02064256435506], [1108.2852537232413, 424.9246566475516], [1036.3264197892242, 463.97935743564494]], '셋', 0.06173821885212849), ([[1844.0759931346036, 1147.05354095759], [1899.9607381304352, 1128.057898121736], [1937.9240068653964, 1248.94645904241], [1883.0392618695648, 1267.942101878264]], '(', 0.7959398909656592), ([[79.37836349444326, 1310.0322895466554], [164.877061126258, 1373.7916322917974], [131.62163650555672, 1417.9677104533446], [46.12293887374197, 1354.2083677082026]], '둘커>', 0.002263207191089179), ([[474.52901684970954, 1414.018513991311], [578.4636372612991, 1510.520349242949], [541.4709831502905, 1552.981486008689], [437.5363627387009, 1456.479650757051]], '4  5?', 0.016388826171250658), ([[850.1745897723519, 1480.0570463609336], [894.3352223190213, 1470.1504546023825], [913.8254102276481, 1563.9429536390664], [870.6647776809787, 1573.8495453976175]], '옷', 0.016321271795322057), ([[913.8836873886971, 2034.069499109577], [976.6149974716823, 2001.021036913439], [1038.1163126113029, 2131.930500890423], [976.3850025283177, 2164.978963086561]], '5', 0.7815675029891942), ([[350.0430649393721, 2683.0574389967883], [455.8143047067586, 2718.2863366871143], [431.9569350606279, 2781.9425610032117], [326.1856952932414, 2746.7136633128857]], '3*9', 0.06099170393185925)]
[([[23, 120], [161, 120], [161, 221], [23, 221]], '요', 0.003088214408045964), ([[708, 67], [772, 67], [772, 290], [708, 290]], '2', 0.016068582663365305), ([[760, 60], [844, 60], [844, 430], [760, 430]], '{', 0.0842679023130053), ([[1726, 173], [1781, 173], [1781, 415], [1726, 415]], '8', 0.15256586564095542), ([[1734, 62], [2018, 62], [2018, 597], [1734, 597]], '7', 0.13520566475595874), ([[66, 882], [357, 882], [357, 1194], [66, 1194]], '1', 0.013409995634992067), ([[130, 1023], [245, 1023], [245, 1176], [130, 1176]], '촬%', 0.009205452330616516), ([[230, 1035], [278, 1035], [278, 1129], [230, 1129]], '8', 0.13751731985145454), ([[95, 997], [152, 997], [152, 1446], [95, 1446]], "'", 0.13920206266775015), ([[140, 1159], [193, 1159], [193, 1374], [140, 1374]], '{', 0.5132209713665361), ([[336, 1724], [417, 1724], [417, 1810], [336, 1810]], '9', 0.3058310549811871), ([[57, 1915], [235, 1915], [235, 2019], [57, 2019]], "'섯", 0.023586978710099175), ([[1582, 1978], [1639, 1978], [1639, 2058], [1582, 2058]], '"', 0.007624386837975727), ([[1563, 1959], [1850, 1959], [1850, 2180], [1563, 2180]], '$ %8', 0.045480627566576004), ([[1576, 2182], [1643, 2182], [1643, 2252], [1576, 2252]], '~', 0.627120398097091), ([[1634, 2140], [1848, 2140], [1848, 2348], [1634, 2348]], '@03', 0.009200183344960762), ([[1671, 2339], [1737, 2339], [1737, 2428], [1671, 2428]], '9', 0.4088553863245039), ([[203, 2469], [521, 2469], [521, 2789], [203, 2789]], '[', 0.26661790839321853), ([[1664, 2425], [1750, 2425], [1750, 2713], [1664, 2713]], '흙', 0.029622249194417805), ([[1663, 2725], [1745, 2725], [1745, 2798], [1663, 2798]], '9', 0.5175841983897875), ([[577.0780178943926, 400.0425932594405], [643.5311640040396, 360.01411672405425], [733.9219821056074, 527.9574067405595], [667.4688359959604, 567.9858832759458]], '물', 0.19294369757113827), ([[751.5484597126381, 575.081291442479], [822.6096571209999, 513.014303322701], [959.4515402873619, 689.918708557521], [888.3903428790001, 751.985696677299]], '곁', 0.1305206501817091), ([[225.21942860774902, 700.0381717990401], [306.9336200532975, 764.9715677708689], [265.780571392251, 817.9618282009599], [183.06637994670248, 753.0284322291311]], '카.', 0.010062227509471056), ([[44.4614309951199, 707.0131923004459], [269.6764181414273, 849.3515861974754], [215.53856900488012, 932.9868076995541], [-9.676418141427266, 790.6484138025246]], '소" >', 0.10955220590810258), ([[1405.404640601427, 1320.0221840591219], [1520.7119409456486, 1412.8725680149935], [1475.595359398573, 1469.9778159408781], [1360.2880590543514, 1377.1274319850065]], '가*)', 0.017162916218338965), ([[1281.591161081065, 2517.066307459289], [1373.668976558937, 2458.014925079814], [1482.408838918935, 2652.933692540711], [1390.331023441063, 2711.985074920186]], '늘', 0.04857109176203611), ([[749.1354654972282, 2575.014952869896], [1070.8203084885672, 2719.007962812337], [977.8645345027718, 2913.985047130104], [656.1796915114328, 2768.992037187663]], '- %시_', 9.119419844709778e-05)]
[([[323, 269], [385, 269], [385, 448], [323, 448]], '통', 0.3009409219184569), ([[1653, 465], [1695, 465], [1695, 509], [1653, 509]], '(3', 0.8608372585552571), ([[323, 436], [383, 436], [383, 729], [323, 729]], '주', 0.001821647505352575), ([[395, 208], [455, 208], [455, 837], [395, 837]], '{', 0.42656586567477817), ([[164, 664], [220, 664], [220, 1090], [164, 1090]], '1', 0.25299528993202003), ([[321, 723], [383, 723], [383, 939], [321, 939]], '통', 0.21148453824076174), ([[1091, 1990], [1158, 1990], [1158, 2123], [1091, 2123]], '형', 0.1628911616613813), ([[1816, 1897], [1882, 1897], [1882, 2067], [1816, 2067]], '용', 0.8239526218509106), ([[478, 2219], [540, 2219], [540, 2516], [478, 2516]], "'", 0.8677305932838095), ([[673, 2072], [726, 2072], [726, 2335], [673, 2335]], '0', 0.07554175850838707), ([[999, 1985], [1119, 1985], [1119, 2584], [999, 2584]], '[', 0.7306217751937858), ([[1098, 2113], [1151, 2113], [1151, 2209], [1098, 2209]], '3', 0.02063878471547853), ([[1557, 1924], [1825, 1924], [1825, 2634], [1557, 2634]], '11', 0.1793028144295487), ([[1817, 2058], [1879, 2058], [1879, 2239], [1817, 2239]], '움', 0.19866920276010447), ([[472, 2207], [642, 2207], [642, 2846], [472, 2846]], '', 0.0), ([[1155, 2706], [1197, 2706], [1197, 2745], [1155, 2745]], '시,', 0.39058045502774175), ([[5, 2824], [96, 2824], [96, 2877], [5, 2877]], '@', 0.089056673614337), ([[1131.9959964937677, 223.0723758069975], [1181.6309286214582, 209.19264575391375], [1204.0040035062323, 305.9276241930025], [1155.3690713785418, 318.8073542460863]], '>', 0.03598571969214337), ([[1265.653098774953, 324.1308037522599], [1303.5672341203112, 288.0230203201704], [1391.346901225047, 388.8691962477401], [1353.4327658796888, 424.9769796798296]], '$', 0.15424392049996882), ([[1039.154696648639, 297.03978447557324], [1151.9482602623102, 351.0363412025204], [1116.845303351361, 420.96021552442676], [1004.0517397376898, 366.9636587974796]], '(방여', 0.00433009218086565), ([[1674.5677632769264, 346.02342214772216], [1708.8965907716856, 342.1017792535404], [1718.4322367230736, 445.97657785227784], [1684.1034092283144, 449.8982207464596]], "'", 0.023142115656185958), ([[1695.871958021887, 1234.057992812303], [1766.6384567365506, 1197.0185441313297], [1841.128041978113, 1352.942007187697], [1770.3615432634494, 1390.9814558686703]], '(', 0.47678361156247107), ([[1777.6714329397257, 1462.0986006961627], [1834.6192188245384, 1423.0213270441932], [1911.3285670602743, 1546.9013993038373], [1855.3807811754616, 1585.9786729558068]], '봄', 0.3394074085400156)]
[([[1910, 23], [2029, 23], [2029, 76], [1910, 76]], '<절군망', 0.00011473681661300361), ([[650, 1235], [767, 1235], [767, 1352], [650, 1352]], '7', 0.1440586399013597), ([[607, 1547], [801, 1547], [801, 1789], [607, 1789]], '6', 0.3361369491031496), ([[1143, 1710], [1302, 1710], [1302, 1867], [1143, 1867]], "'", 0.12888874433372965), ([[1210, 2079], [1686, 2079], [1686, 2299], [1210, 2299]], '@애', 0.312770758096596), ([[1285, 2437], [1340, 2437], [1340, 2485], [1285, 2485]], '예', 0.5099098717412431), ([[33, 2677], [480, 2677], [480, 2726], [33, 2726]], '후6신 >%히;3%)', 7.857036731264412e-06), ([[28, 2726], [244, 2726], [244, 2854], [28, 2854]], '고98', 0.00760477010109186), ([[1842, 2753], [2038, 2753], [2038, 2849], [1842, 2849]], '>새,;~', 0.00015527618375677502), ([[1779.914249429668, 13.074020836576484], [1924.686034098597, 34.780792971531824], [1912.085750570332, 101.92597916342352], [1767.313965901403, 80.21920702846818]], '4권999', 0.13445441506678243), ([[725.5175979222798, 1422.068522393265], [1369.158073960795, 1312.9124612084422], [1400.48240207772, 1692.931477606735], [756.8419260392048, 1802.0875387915578]], '0발', 0.025608262544804104), ([[978.2655504609702, 2048.011729428367], [1150.7235766014585, 2092.2140195741185], [1069.7344495390298, 2406.988270571633], [897.2764233985416, 2362.7859804258815]], '사', 0.04432011939317548), ([[1127.3070020560508, 2473.2438069905725], [1230.9410456060614, 2461.596168582491], [1234.6929979439492, 2518.7561930094275], [1131.0589543939386, 2530.403831417509]], '러느', 0.51629591419463), ([[1333.055917498353, 2805.4013029940706], [1468.0002125027513, 2765.5148939360593], [1489.944082501647, 2862.5986970059294], [1354.9997874972487, 2902.4851060639407]], '4', 0.02626020534358986)]
[([[1719, 106], [1855, 106], [1855, 163], [1719, 163]], '하하하', 0.38311646342582506), ([[1716, 144], [1855, 144], [1855, 211], [1716, 211]], '미로장', 0.3192930254474243), ([[1624, 193], [1946, 193], [1946, 257], [1624, 257]], '오늘도 잘 부탁해', 0.8828008808866635), ([[818, 865], [860, 865], [860, 923], [818, 923]], '좀', 0.4320387393307925), ([[181, 1009], [469, 1009], [469, 1135], [181, 1135]], '탤목딪플렉', 0.001488005833384525), ([[1278, 1098], [1304, 1098], [1304, 1129], [1278, 1129]], '히', 0.7683906153307731), ([[1659, 1162], [1796, 1162], [1796, 1198], [1659, 1198]], '아재새끼기', 0.183189787998079), ([[691, 2520], [921, 2520], [921, 2600], [691, 2600]], '리분나파', 0.05411156639456749), ([[817.5398210066916, 223.0176730869905], [861.3789885239802, 209.0119813211137], [909.4601789933084, 364.9823269130095], [866.6210114760198, 378.9880186788863]], '복', 0.01125035112238515), ([[407.3620382217369, 315.025477771711], [507.7576440428709, 400.04578432507833], [461.6379617782631, 455.974522228289], [361.2423559571291, 370.95421567492167]], '뉴소|', 0.00017510064230843552), ([[880.422756617837, 365.05605875096853], [902.4561715527618, 358.03488490704814], [922.577243382163, 421.94394124903147], [899.5438284472382, 428.96511509295186]], '8', 0.9999995231628986), ([[693.8936214732712, 954.0511119113286], [835.2040982429755, 987.7025376602286], [809.1063785267288, 1085.9488880886713], [666.7959017570245, 1052.2974623397715]], '연만', 0.05771446342826632), ([[1940.3633013932322, 1007.0225496445739], [2055.6774761931483, 1104.6122380945028], [2004.6366986067678, 1165.977450355426], [1889.3225238068517, 1068.3877619054972]], '[야요', 0.00041952352300705725), ([[1660.1675694221406, 1103.0875762840606], [1722.9005314231658, 1122.113515585644], [1710.8324305778594, 1157.9124237159394], [1649.0994685768342, 1138.886484414356]], '이람', 0.025141983225746234), ([[1720.1299778141513, 1116.1289267866996], [1779.8263078951531, 1123.99402600342], [1774.8700221858487, 1154.8710732133004], [1715.1736921048469, 1147.00597399658]], '벼해', 0.07047991242995832), ([[39.94213945406477, 1307.0561108682089], [181.4600391836754, 1336.7584481118874], [160.05786054593523, 1420.9438891317911], [19.539960816324598, 1392.2415518881126]], '%언', 0.00844487655855763), ([[1915.905459090769, 1456.0545909076902], [1984.59694514267, 1414.0162093748722], [2075.094540909231, 1577.9454090923098], [2006.40305485733, 1619.9837906251278]], '올', 0.5348148537361794)]
[([[1881, 144], [2002, 144], [2002, 216], [1881, 216]], '흘요0', 0.0035681928598837597), ([[1692, 272], [2006, 272], [2006, 338], [1692, 338]], '아퍼찌진정해65', 0.12362688421733972), ([[958, 322], [1112, 322], [1112, 423], [958, 423]], '초발', 0.009369504351940559), ([[1714, 321], [1985, 321], [1985, 383], [1714, 383]], '조금 회천히', 0.2541425370445645), ([[925, 693], [1120, 693], [1120, 798], [925, 798]], '질격 ', 0.457918087027598), ([[545, 966], [869, 966], [869, 1087], [545, 1087]], '콤픽 모7레', 0.0007033029820219114), ([[1013, 1447], [1115, 1447], [1115, 1502], [1013, 1502]], '의야', 0.03949547213431308), ([[536, 1541], [593, 1541], [593, 1601], [536, 1601]], '안', 0.5526992703214297), ([[912, 1420], [1259, 1420], [1259, 1711], [912, 1711]], '푹문', 0.002906470976667194), ([[951, 1577], [1053, 1577], [1053, 1638], [951, 1638]], '바월', 0.2162760548070785), ([[250, 2014], [325, 2014], [325, 2087], [250, 2087]], '9)', 0.13719966020561342), ([[916, 2019], [1016, 2019], [1016, 2091], [916, 2091]], '영질', 0.33273678896516196), ([[80, 2236], [180, 2236], [180, 2303], [80, 2303]], '야 스', 0.0809511585801928), ([[1606, 2234], [1745, 2234], [1745, 2389], [1606, 2389]], '상', 0.20841501933086537), ([[1820, 2300], [1981, 2300], [1981, 2467], [1820, 2467]], '장', 0.2548834829967781), ([[663, 2717], [725, 2717], [725, 2777], [663, 2777]], '초', 0.28765036393502896), ([[1610, 2620], [1762, 2620], [1762, 2797], [1610, 2797]], '상', 0.8886943567190997), ([[1834, 2523], [2019, 2523], [2019, 2746], [1834, 2746]], '상', 0.3976089713927564), ([[1826.2740592751773, 108.02197804042571], [1976.8941785743266, 213.40986917455527], [1917.7259407248227, 296.9780219595743], [1766.1058214256734, 191.59013082544473]], "홍원록'", 0.0031832295935600996), ([[690.20963218369, 401.04476321647195], [839.9532712759254, 442.192523335699], [819.79036781631, 502.95523678352805], [671.0467287240746, 461.807476664301]], '탈스요9', 0.0010876458836719394), ([[1679.2624143155142, 546.0340746075524], [1769.8947993633637, 616.7068863111732], [1727.7375856844858, 669.9659253924476], [1638.1052006366363, 600.2931136888268]], ' ,', 0.4198511831664748), ([[77.46640837215297, 1315.0237737681132], [172.67274428951904, 1396.0455250767204], [136.53359162784704, 1438.9762262318868], [42.327255710480955, 1358.9544749232796]], '"136>', 0.21189020658168214), ([[494.3729298231972, 1479.0494578861421], [522.4673649902696, 1468.0273975827085], [553.6270701768028, 1549.9505421138579], [525.5326350097304, 1560.9726024172915]], '종', 0.6133521442053826), ([[17.37747643417846, 1716.0277360627988], [67.65183169314069, 1702.0304149733417], [102.62252356582154, 1841.9722639372012], [53.348168306859314, 1854.9695850266583]], '@', 0.053341267295828), ([[506.89189448205514, 1763.1243357210426], [539.5402959038421, 1739.0292776846527], [593.1081055179449, 1816.8756642789574], [560.4597040961579, 1840.9707223153473]], '움', 0.7938558849118103), ([[129.45678552374488, 1970.0246407611937], [172.39648250354435, 1949.0131141964805], [237.54321447625512, 2091.975359238806], [195.60351749645565, 2111.9868858035193]], '올', 0.00566723257135493)]
[([[204, 33], [337, 33], [337, 117], [204, 117]], '현행', 0.020166525979141328), ([[14, 97], [172, 97], [172, 201], [14, 201]], '모절', 0.15741577284783806), ([[605, 124], [883, 124], [883, 272], [605, 272]], '제롭되숨다', 0.004423074705081406), ([[1800, 176], [1930, 176], [1930, 229], [1800, 229]], '맞아요', 0.8950268514102482), ([[1774, 217], [1996, 217], [1996, 281], [1774, 281]], '락어철보제', 0.014488916402702058), ([[1752, 256], [2005, 256], [2005, 381], [1752, 381]], '%기움}', 0.0017914342461153865), ([[1699, 378], [1983, 378], [1983, 561], [1699, 561]], "'@양-점", 0.006692766261169938), ([[92, 931], [378, 931], [378, 1048], [92, 1048]], '진되움"움품다', 0.0032487130980228957), ([[100, 1020], [419, 1020], [419, 1144], [100, 1144]], '똑플- @렉증', 0.00028107179200485323), ([[36, 1109], [472, 1109], [472, 1185], [36, 1185]], '입신롭짜고샌음{지0', 0.023490344042108723), ([[110, 1656], [278, 1656], [278, 1817], [110, 1817]], '사', 0.9142855047174159), ([[339, 1727], [405, 1727], [405, 1807], [339, 1807]], '9', 0.47437520611979167), ([[48, 1911], [240, 1911], [240, 2025], [48, 2025]], '-선', 0.007847578246110406), ([[1482, 2162], [1739, 2162], [1739, 2270], [1482, 2270]], '용황(', 0.012211424298584461), ([[1435, 2247], [1984, 2247], [1984, 2373], [1435, 2373]], '라매렉3@@', 0.003214834301653047), ([[207, 2518], [962, 2518], [962, 2868], [207, 2868]], '세뼈 실', 0.1269364700082461), ([[600.4359277711161, 380.0159215487556], [749.381716907469, 509.5382969699713], [692.5640722288839, 576.9840784512444], [543.618283092531, 447.4617030300287]], '*이99', 0.012346216477453709), ([[117.08681841200028, 523.0598199312022], [160.53687549219316, 496.02061860148893], [227.9131815879997, 612.9401800687978], [184.46312450780684, 639.9793813985111]], '춤', 0.9967091975573226), ([[778.1510685243096, 531.0300661927653], [923.965066631592, 606.0850243164077], [875.8489314756904, 695.9699338072347], [730.034933368408, 620.9149756835923]], ';?', 0.0363623005324117), ([[186.8101911086844, 737.6634395499741], [232.73758568448588, 695.0340746075524], [301.1898088913156, 775.3365604500259], [254.26241431551412, 818.9659253924476]], '특', 0.04013394941438464), ([[-1.1740906131424862, 741.0769113401171], [58.65998298732449, 711.024231372387], [114.17409061314248, 834.9230886598829], [55.34001701267551, 864.975768627613]], '4', 0.09564086943215955), ([[117.41681264523096, 738.0189147365568], [243.56935711956191, 847.249342159153], [190.58318735476905, 909.9810852634432], [64.43064288043807, 800.750657840847]], '다>', 0.09150258763572504), ([[1403.312893262776, 1322.0295618482005], [1499.8995250553337, 1396.7360759911467], [1455.687106737224, 1453.9704381517995], [1359.1004749446663, 1379.2639240088533]], "7'", 0.2764222487495919), ([[464.3956710981649, 1741.0228584957763], [589.7818964123952, 1831.1447134381044], [548.6043289018352, 1888.9771415042237], [423.2181035876048, 1798.8552865618956]], '7야 >', 0.011925089173018932), ([[1336.2004440744167, 2450.0133222325003], [1648.9999104188478, 2624.9344264742654], [1547.7995559255833, 2797.9866777674997], [1235.0000895811522, 2624.0655735257346]], '걸떠과', 0.0015669829645976348)]
[]
[([[198, 146], [316, 146], [316, 197], [198, 197]], '후아~', 0.45443639159202576), ([[91, 176], [421, 176], [421, 302], [91, 302]], '온말동히가어은', 0.0022619789322074852), ([[181, 406], [583, 406], [583, 532], [181, 532]], "'마모닷음-제픽개럽", 0.0017871363571708371), ([[184, 613], [447, 613], [447, 687], [184, 687]], '한@하이어도', 0.005289629211475577), ([[1804, 863], [1881, 863], [1881, 927], [1804, 927]], '틈&', 0.00565465114341703), ([[334, 1318], [396, 1318], [396, 1395], [334, 1395]], '%', 0.5808739694860066), ([[1793, 1473], [1924, 1473], [1924, 1561], [1793, 1561]], '%필', 0.26720254126093756), ([[1754, 1970], [1859, 1970], [1859, 2032], [1754, 2032]], '때말', 0.7255902638325106), ([[1714, 2017], [1895, 2017], [1895, 2081], [1714, 2081]], '야채새', 0.05977951886986133), ([[928, 2139], [1094, 2139], [1094, 2203], [928, 2203]], '던켜 예', 0.02836969313488433), ([[1585, 2132], [1881, 2132], [1881, 2253], [1585, 2253]], '물론주등렉공', 0.0020323452107290137), ([[891, 2178], [1129, 2178], [1129, 2292], [891, 2292]], '몸뼈출히', 0.0014255709247663617), ([[1786, 2214], [1838, 2214], [1838, 2240], [1786, 2240]], '300', 0.10912941998382097), ([[723, 2334], [763, 2334], [763, 2354], [723, 2354]], '03', 0.2267019750257865), ([[853, 2264], [1171, 2264], [1171, 2385], [853, 2385]], '모래병대금런}', 0.00027760685206695666), ([[1608, 2254], [1708, 2254], [1708, 2315], [1608, 2315]], '댐:?', 0.016761492843517065), ([[1629, 2250], [1842, 2250], [1842, 2367], [1629, 2367]], '그렉분움', 0.00837409682571888), ([[619, 2349], [872, 2349], [872, 2406], [619, 2406]], '마띄제않력다', 0.007578735075853526), ([[547, 2570], [726, 2570], [726, 2620], [547, 2620]], '네) 오때', 0.08106381897826162), ([[439, 2607], [888, 2607], [888, 2679], [439, 2679]], '근데 미큼늘 몰랫스렉다', 0.003727917847887263), ([[504, 2660], [568, 2660], [568, 2708], [504, 2708]], '', 0.0), ([[763, 2662], [820, 2662], [820, 2715], [763, 2715]], '데', 0.7920955184999912), ([[518, 2649], [802, 2649], [802, 2770], [518, 2770]], '내기 @초', 0.006118814465924677), ([[5, 2824], [96, 2824], [96, 2877], [5, 2877]], '@', 0.13815729261104082), ([[1111.0194193243092, 219.0970966215454], [1202.7168624076387, 231.34132310940177], [1194.9805806756908, 278.9029033784546], [1102.2831375923613, 266.65867689059826]], '외3', 0.009413502285650818), ([[1284.3486328543988, 295.03037154206686], [1384.8346250000968, 367.4874190573556], [1349.6513671456012, 415.96962845793314], [1249.1653749999032, 343.5125809426444]], '없:0', 0.020319614510051688), ([[441.101167723432, 616.0677069746514], [578.9251787085615, 643.055406292838], [566.898832276568, 693.9322930253486], [429.0748212914385, 666.944593707162]], '데:3)', 0.13599899338882607), ([[1723.227004920623, 1204.0332570792255], [1830.9989671199828, 1271.8636520133336], [1788.772995079377, 1337.9667429207745], [1681.0010328800172, 1270.1363479866664]], '@390', 0.005241946782916784), ([[1379.235372136918, 1409.041886445954], [1480.979025976122, 1456.4585238466802], [1451.764627863082, 1513.958113554046], [1351.020974023878, 1466.5414761533198]], '여?20', 0.12511233985424042), ([[1024.9580569325292, 2616.186753717829], [1045.4703026326022, 2598.0370934146067], [1087.0419430674708, 2648.813246282171], [1066.5296973673978, 2666.9629065853933]], '록', 0.3206957291007626), ([[873.8461538461538, 2792.230769230769], [894.493196961916, 2774.0408182285037], [934.1538461538462, 2821.769230769231], [913.506803038084, 2839.9591817714963]], '독', 0.27047182998785857)]
[]
[([[1581.226979317476, 456.04281385728467], [1704.9615381704498, 500.2672065083737], [1681.773020682524, 559.9571861427154], [1558.0384618295502, 515.7327934916264]], '(고', 0.00838568911399559)]
[]
[]
[]
[([[1583, 222], [1627, 222], [1627, 261], [1583, 261]], '9', 0.9997440740319554), ([[1915, 585], [1970, 585], [1970, 654], [1915, 654]], '0', 0.03191808769548743), ([[645, 1217], [738, 1217], [738, 1314], [645, 1314]], '{', 0.9333465176482925)]
[]
[]
[([[252, 2696], [301, 2696], [301, 2744], [252, 2744]], '(', 0.8962574361276019)]
[]
[]
[]
[]
[]
[([[649, 1234], [775, 1234], [775, 1357], [649, 1357]], '7', 0.41591672133313295), ([[0, 2206], [118, 2206], [118, 2467], [0, 2467]], '"', 0.12258598166921786), ([[-45.94044628251987, 2816.805955371748], [104.14380592554555, 2731.69205894714], [152.94044628251987, 2818.194044628252], [1.8561940744544536, 2903.30794105286]], '다', 0.03811667576592814), ([[1332.055917498353, 2804.4013029940706], [1470.0556270327347, 2763.560916686337], [1491.944082501647, 2861.5986970059294], [1353.9443729672653, 2902.439083313663]], '4', 0.006298876568750167)]
[]
