2882469
116
[([[315, 873], [1129, 873], [1129, 1226], [315, 1226]], '도가', 0.06747502490348982), ([[1309, 830], [1978, 830], [1978, 1276], [1309, 1276]], '설회', 0.3210572765783469), ([[1967, 2557], [2210, 2557], [2210, 2673], [1967, 2673]], '18', 0.4409432316811518), ([[1990, 2676], [2190, 2676], [2190, 2721], [1990, 2721]], '47신니- 어사나렁', 0.0003617769709608743), ([[1870, 2769], [2306, 2769], [2306, 2877], [1870, 2877]], '{_오@찌여-오기개)', 4.853930217422189e-05), ([[1069.3516449153894, 1505.0351332215832], [1109.45668660556, 1485.0174054671654], [1165.6483550846106, 1608.9648667784168], [1125.54331339444, 1627.9825945328346]], '@', 0.03240104328041671)]
[([[328, 517], [509, 517], [509, 583], [328, 583]], '그런데', 0.9999632472652552), ([[309, 576], [528, 576], [528, 649], [309, 649]], '지나갈 수', 0.9949422699314125), ([[282, 637], [555, 637], [555, 714], [282, 714]], '있켓습나?', 0.2913305775454785), ([[325, 820], [437, 820], [437, 889], [325, 889]], '조금.', 0.7576423417934619), ([[212, 880], [573, 880], [573, 955], [212, 955]], '걷기힘든 상태가', 0.7578899781836395), ([[248, 945], [532, 945], [532, 1018], [248, 1018]], '된 것갈소만.', 0.5388969378458106), ([[2004, 1882], [2192, 1882], [2192, 1946], [2004, 1946]], '아 아니', 0.9778164625167847), ([[2023, 1942], [2134, 1942], [2134, 2015], [2023, 2015]], '이건', 0.9908549660258984), ([[1434, 2566], [1547, 2566], [1547, 2665], [1434, 2665]], '굶들', 0.1560978234468101), ([[1634.95393027009, 612.0152012910984], [2033.040151871296, 734.2838547047633], [1934.04606972991, 1027.9847987089015], [1534.959848128704, 905.7161452952367]], '웬내', 0.0024626298888115058)]
[([[1143, 812], [1176, 812], [1176, 850], [1143, 850]], '7', 0.9335759462593138)]
[]
[([[1809, 1640], [1849, 1640], [1849, 1664], [1809, 1664]], '09', 0.30396567972630983), ([[228.25487394919688, 1069.0940084018678], [254.52737191545097, 1061.0467172734745], [270.7451260508031, 1113.9059915981322], [244.47262808454903, 1122.9532827265255]], '0', 0.7542232884806168), ([[698.6593615989502, 2555.014530707717], [727.4842175012442, 2552.0294164897978], [740.3406384010498, 2679.985469292283], [711.5157824987558, 2682.9705835102022]], '{', 0.17906175126338386)]
[([[687, 2518], [778, 2518], [778, 2700], [687, 2700]], '4', 0.2257199351494279), ([[758, 2684], [789, 2684], [789, 2715], [758, 2715]], '0', 0.9998211940592796), ([[1732, 2803], [1770, 2803], [1770, 2832], [1732, 2832]], "'0", 0.3615663564415172), ([[382.7585911670964, 168.26890056761218], [424.11417202906233, 129.21456992734423], [440.2414088329036, 151.73109943238782], [399.88582797093767, 189.78543007265577]], '93', 0.16809737525676996), ([[1179.5379965673017, 257.02677047879496], [1212.358906819585, 244.01613430260815], [1250.4620034326983, 350.97322952120504], [1217.641093180415, 362.9838656973919]], '8', 0.9473425543774283), ([[216.50735927493574, 1044.024328676851], [250.3748816966313, 1028.0140734348035], [308.4926407250643, 1154.975671323149], [275.6251183033687, 1170.9859265651965]], '8', 0.9980983246916821), ([[1955.7155727221161, 2758.0135135822184], [1978.241152569761, 2749.0097081349645], [2029.2844272778839, 2868.9864864177816], [2006.758847430239, 2878.9902918650355]], '(', 0.5234862515525407)]
[]
[]
[]
[([[620, 2701], [640, 2701], [640, 2741], [620, 2741]], '0', 0.9996233341209972), ([[616, 2752], [641, 2752], [641, 2789], [616, 2789]], '0', 0.9986218197390464), ([[818.6086364622859, 744.0256371133723], [844.2955844350386, 732.0145972061106], [888.3913635377141, 825.9743628866277], [862.7044155649614, 838.9854027938894]], '1', 0.7991690979071346)]
[([[779.286093236459, 1200.5144372945836], [896.4180877658853, 1166.9223388089717], [904.713906763541, 1199.4855627054164], [787.5819122341147, 1233.0776611910283]], '~-8', 0.011374274014971666), ([[133.79638894912208, 2323.0069175520944], [160.02194633114976, 2327.179428126027], [135.20361105087792, 2475.9930824479056], [107.97805366885024, 2470.820571873973]], '', 0.0)]
[]
[([[383, 313], [633, 313], [633, 386], [383, 386]], '설마 하니', 0.8494532497324615), ([[354, 381], [660, 381], [660, 453], [354, 453]], '암도깨비에게', 0.7771705549549947), ([[349, 444], [663, 444], [663, 521], [349, 521]], '욕정할 정도로', 0.9571693983680448), ([[306, 508], [706, 508], [706, 589], [306, 589]], '쌓아두신 계나까?', 0.49834080521167495), ([[265, 711], [580, 711], [580, 783], [265, 783]], '힘 쓰는거보니', 0.7743883344619036), ([[248, 770], [595, 770], [595, 847], [248, 847]], '밥일올 못하시진', 0.6789628127983279), ([[250, 837], [591, 837], [591, 910], [250, 910]], '암을 것 갈은데', 0.39008129587552415), ([[1426, 868], [1773, 868], [1773, 1115], [1426, 1115]], '@름(', 0.31379669989135717), ([[1731, 959], [1810, 959], [1810, 1045], [1731, 1045]], '0', 0.916088851633404), ([[275, 1737], [683, 1737], [683, 1812], [275, 1812]], '이밤에 산을 넘기도', 0.3009232384344233), ([[328, 1797], [636, 1797], [636, 1877], [328, 1877]], '어려워보이니', 0.8650368717316959), ([[291, 1866], [669, 1866], [669, 1938], [291, 1938]], '하루 묵어 가논게', 0.4437974206914753), ([[320, 1929], [642, 1929], [642, 2006], [320, 2006]], '어떻젯습나?', 0.9514648373667323), ([[1806, 2096], [2099, 2096], [2099, 2165], [1806, 2165]], '삶은 . 거7', 0.18419998502936788), ([[1753, 2158], [2095, 2158], [2095, 2230], [1753, 2230]], '발도록 하지요.', 0.44617734155770905)]
[([[396, 227], [544, 227], [544, 366], [396, 366]], '소', 0.0013947895116873804), ([[1870, 306], [2036, 306], [2036, 335], [1870, 335]], '986?9', 0.05181840556115832), ([[528, 343], [581, 343], [581, 381], [528, 381]], '5', 0.41768206369694383), ([[1263, 1326], [1283, 1326], [1283, 1407], [1263, 1407]], '}', 0.6382855087533166), ([[925.0521752792359, 295.11391864486745], [1047.9817149758617, 229.3336587235084], [1060.947824720764, 261.88608135513255], [938.0182850241384, 327.6663412764916]], '~6어~?', 0.0009764685628070553)]
[([[416, 360], [452, 360], [452, 389], [416, 389]], '9', 0.18224373669687566), ([[1295, 764], [1312, 764], [1312, 795], [1295, 795]], '<', 0.9992268388410288), ([[2008, 2332], [2046, 2332], [2046, 2370], [2008, 2370]], '0', 0.9581387014222855), ([[1881.1450111147833, 134.01924674818844], [2065.997361660752, 261.6833773056541], [1972.8549888852167, 393.98075325181156], [1788.0026383392476, 266.3166226943459]], ')-', 0.37293210873726895), ([[1731.5438284472382, 189.03488490704814], [1757.3349708355452, 177.018759563649], [1795.4561715527618, 259.96511509295186], [1770.6650291644548, 271.981240436351]], '8', 0.5856442770873436), ([[2161.553372219273, 1175.025012751532], [2192.8240419241993, 1172.085800860053], [2202.446627780727, 1271.974987248468], [2171.1759580758007, 1274.914199139947]], '1', 0.7701294767920253), ([[2176.5635180285153, 1280.0319225939054], [2201.363163125933, 1273.0220623673483], [2222.4364819714847, 1353.9680774060946], [2198.636836874067, 1360.9779376326517]], ';', 0.9890302130112651), ([[110.82080788083945, 1328.00401574272], [141.0250530321505, 1332.1335718962744], [112.17919211916055, 1558.99598425728], [81.97494696784949, 1554.8664281037256]], '1', 0.16221537676053632)]
[([[0, 364], [593, 364], [593, 666], [0, 666]], ';;;;;', 8.786563962301227e-05), ([[283, 760], [371, 760], [371, 886], [283, 886]], ')', 0.0264966012945147), ([[381.84615384615387, 767.2307692307693], [438.4670172930103, 722.3831583421978], [455.15384615384613, 748.7692307692307], [398.5329827069897, 793.6168416578022]], '~(', 0.09418051553180476), ([[284.69465016015573, 878.218986670796], [311.2790365515162, 896.7091662448312], [258.30534983984427, 969.781013329204], [231.72096344848381, 952.2908337551688]], '8', 0.9969917543964044), ([[1299.4116515945855, 1669.0582579729273], [1323.9180275412393, 1666.1439143161442], [1329.5883484054145, 1724.9417420270727], [1304.0819724587607, 1727.8560856838558]], '?', 0.20239317097925014)]
[([[1706, 251], [1724, 251], [1724, 277], [1706, 277]], '8', 0.8212448774260714), ([[625.5368693591791, 212.0359638987467], [647.4017536880042, 207.02702270876904], [664.4631306408209, 281.9640361012533], [642.5982463119958, 286.97297729123096]], '8', 0.8748689199071045)]
[([[2054, 2612], [2103, 2612], [2103, 2668], [2054, 2668]], '0', 0.9064663357904124)]
[([[2024, 2384], [2066, 2384], [2066, 2462], [2024, 2462]], '배', 0.02414343855068868), ([[2054, 2615], [2103, 2615], [2103, 2668], [2054, 2668]], '0', 0.1151507263335958)]
[]
[([[429, 170], [788, 170], [788, 238], [429, 238]], '사람 치고는 꽤나', 0.5552863252934063), ([[419, 230], [798, 230], [798, 305], [419, 305]], '실한 자지입니다-', 0.7739987083735965), ([[498, 295], [720, 295], [720, 368], [498, 368]], '여자 깨냐', 0.6063452012863222), ([[450, 360], [768, 360], [768, 433], [450, 433]], '울곡켓논데요?', 0.15679111619347466), ([[276, 1140], [450, 1140], [450, 1206], [276, 1206]], '아니그', 0.9823324113925337), ([[224, 1198], [331, 1198], [331, 1267], [224, 1267]], '정말', 0.9999611408268162), ([[283, 1233], [317, 1233], [317, 1266], [283, 1266]], '근', 0.6560802093090956), ([[323, 1197], [541, 1197], [541, 1273], [323, 1273]], '합방 해도', 0.9996577119018607), ([[211, 1251], [553, 1251], [553, 1338], [211, 1338]], '괜찮은 것이오?', 0.48819572454222077), ([[1771, 1742], [2085, 1742], [2085, 1815], [1771, 1815]], '왜 잡아먹필까', 0.31640996183708464), ([[1796, 1805], [2064, 1805], [2064, 1878], [1796, 1878]], '무섭습나까?', 0.9126411310638035), ([[1773, 1868], [2082, 1868], [2082, 1941], [1773, 1941]], '이만한 걸달고', 0.7353782428394146), ([[1764, 1932], [2094, 1932], [2094, 2008], [1764, 2008]], '다니논장부가-', 0.9122649811872706), ([[1895, 2118], [2238, 2118], [2238, 2195], [1895, 2195]], '무서워서 이렇게', 0.7122521646611445), ([[1904, 2185], [2231, 2185], [2231, 2265], [1904, 2265]], '떠느건 아날것', 0.4247357509793192), ([[1944, 2250], [2184, 2250], [2184, 2325], [1944, 2325]], '같은데-어', 0.16393578886404683), ([[534, 2316], [881, 2316], [881, 2636], [534, 2636]], '낡대', 0.0692445498335687), ([[245, 2594], [296, 2594], [296, 2659], [245, 2659]], '욕', 0.33164847362158767), ([[1371, 2517], [1780, 2517], [1780, 2809], [1371, 2809]], '꾸역', 0.09059564847946198)]
[([[397, 299], [627, 299], [627, 366], [397, 366]], '아니 그게', 0.9161033608934133), ([[366, 364], [657, 364], [657, 432], [366, 432]], '아니라 학, !', 0.19402450238174493), ([[1958, 1004], [2206, 1004], [2206, 1083], [1958, 1083]], '뭐-이쪽은', 0.8723661507839547), ([[1971, 1074], [2193, 1074], [2193, 1153], [1971, 1153]], '잡아먹긴', 0.8859884738922119), ([[1942, 1146], [2168, 1146], [2168, 1221], [1942, 1221]], '할 거지만', 0.9330865309783657), ([[212, 2119], [666, 2119], [666, 2203], [212, 2203]], '땀내가 잔뜩 배어서', 0.960297054519311), ([[239, 2191], [632, 2191], [632, 2272], [239, 2272]], '남자다운 향기흘', 0.4056477892628734), ([[1017, 2215], [1049, 2215], [1049, 2311], [1017, 2311]], '8', 0.27891631782063087), ([[1270, 2251], [1285, 2251], [1285, 2280], [1270, 2280]], ';', 0.9607107004596607), ([[243, 2264], [640, 2264], [640, 2341], [243, 2341]], '돕복 풍기눈군요-', 0.23098078813344203), ([[1950, 2508], [2063, 2508], [2063, 2576], [1950, 2576]], '허욱', 0.4266150231829084), ([[1353, 2489], [1677, 2489], [1677, 2725], [1353, 2725]], '운월', 0.27091677317197493), ([[1392.9799237005398, 1845.013009061155], [1950.5081998825724, 1988.1778679640356], [1851.0200762994602, 2316.986990938845], [1293.4918001174276, 2172.8221320359644]], '함다"', 0.08047519924643527)]
[([[507, 273], [777, 273], [777, 352], [507, 352]], '응-( 얼른', 0.24930005344616768), ([[446, 345], [831, 345], [831, 426], [446, 426]], '삼켜버려야켓소', 0.9811500246301286), ([[274, 728], [383, 728], [383, 794], [274, 794]], '허억', 0.9216534934761113), ([[1826, 1495], [1904, 1495], [1904, 1557], [1826, 1557]], '아', 0.9991063684805255), ([[1901, 1478], [2241, 1478], [2241, 1570], [1901, 1570]], '앞부분만 잠깐', 0.9992474587250006), ([[1862, 1545], [2200, 1545], [2200, 1638], [1862, 1638]], '빨앗을 뿐인데', 0.41708430277933783), ([[1851, 1613], [2220, 1613], [2220, 1698], [1851, 1698]], '벌써부터 염청난', 0.6080133791572044), ([[1910, 1680], [2162, 1680], [2162, 1764], [1910, 1764]], '흔입력이,!', 0.22912945380713912), ([[657, 2192], [940, 2192], [940, 2463], [657, 2463]], '~닭', 0.19883400199156093), ([[672, 2371], [789, 2371], [789, 2499], [672, 2499]], '차', 0.01661692501527612), ([[1693, 2287], [2140, 2287], [2140, 2737], [1693, 2737]], '쥐요', 0.07498283537601201), ([[2092, 2492], [2288, 2492], [2288, 2662], [2092, 2662]], '00', 0.00765567205327752), ([[225.72976333865708, 2065.014941892926], [738.5022045102103, 2140.9216681236526], [654.2702366613429, 2597.985058107074], [140.49779548978972, 2523.0783318763474]], '상용', 0.004562383391422172), ([[1364.0208288964745, 2452.0165353356433], [1685.015625569922, 2573.5083563935586], [1591.9791711035255, 2805.9834646643567], [1269.984374430078, 2684.4916436064414]], '와', 0.006675898823632009)]
[([[462, 180], [633, 180], [633, 253], [462, 253]], '크역 {', 0.055567651133915624), ([[463, 248], [587, 248], [587, 316], [463, 316]], '하아', 0.999630645001534), ([[291, 707], [687, 707], [687, 779], [291, 779]], '과연 요사스럽기가', 0.944000974246507), ([[315, 765], [660, 765], [660, 840], [315, 840]], '이틀 데 없구나 ,', 0.6995332601340064), ([[156, 1213], [537, 1213], [537, 1288], [156, 1288]], '차림새 하여, 처음', 0.33650490859046234), ([[173, 1267], [538, 1267], [538, 1352], [173, 1352]], '외간 남자의 물건', 0.9748954524395631), ([[221, 1337], [539, 1337], [539, 1413], [221, 1413]], '주저 없이 입에', 0.8490959888583289), ([[257, 1400], [498, 1400], [498, 1475], [257, 1475]], '넣는다니, !', 0.135143931455638), ([[2120, 1737], [2213, 1737], [2213, 1812], [2120, 1812]], '우응', 0.273846331023147), ([[372, 1722], [775, 1722], [775, 2118], [372, 2118]], '소움', 0.31981562296863725), ([[277, 2212], [591, 2212], [591, 2287], [277, 2287]], '당황스러운데', 0.9948109184829657), ([[221, 2277], [647, 2277], [647, 2357], [221, 2357]], '기분은 너무 좋아서', 0.6098451648438767), ([[240, 2337], [628, 2337], [628, 2423], [240, 2423]], '신음올 참을 수가', 0.3723822051239746), ([[354, 2412], [516, 2412], [516, 2487], [354, 2487]], '없다  !', 0.408985083686095), ([[1404, 2259], [1808, 2259], [1808, 2667], [1404, 2667]], '직움', 0.019325118702283588), ([[354, 2566], [622, 2566], [622, 2802], [354, 2802]], '부물', 0.029927201046326197), ([[1529, 2681], [1658, 2681], [1658, 2741], [1529, 2741]], '하아; ,', 0.6012705699689501), ([[636, 2753], [740, 2753], [740, 2790], [636, 2790]], '~09', 0.2685682024743449), ([[2088.105572809, 639.0806504495005], [2128.502530016106, 630.2311003836629], [2142.894427191, 703.9193495504995], [2102.497469983894, 712.7688996163371]], '옷', 0.9948384780324346), ([[539.4589874473143, 1211.0209380703538], [592.2968334543108, 1216.8249786093863], [575.5410125526857, 1353.9790619296462], [522.7031665456892, 1347.1750213906137]], '불', 0.5665209070500943)]
[([[496, 175], [662, 175], [662, 241], [496, 241]], '허;억; ,', 0.25395665672554857), ([[408, 441], [678, 441], [678, 521], [408, 521]], '다른 생각올', 0.39452967067703637), ([[365, 503], [721, 503], [721, 592], [365, 592]], '할수가 없다,!', 0.456441450061742), ([[1885, 978], [2005, 978], [2005, 1046], [1885, 1046]], '하악,', 0.499141600304536), ([[184, 1161], [566, 1161], [566, 1246], [184, 1246]], '온 정신과 감각이', 0.9222268146922585), ([[162, 1231], [577, 1231], [577, 1311], [162, 1311]], '아래쪽에만 쓸려서', 0.7737949102492009), ([[140, 1299], [584, 1299], [584, 1371], [140, 1371]], '이 이상 어떤 생각도;', 0.6386565821092899), ([[165, 1603], [617, 1603], [617, 2026], [165, 2026]], '소육', 0.1938285859443572), ([[2046, 1812], [2148, 1812], [2148, 1889], [2046, 1889]], '움웅', 0.11871609845103005), ([[17, 2222], [63, 2222], [63, 2266], [17, 2266]], '~', 0.0627891330254835), ([[325, 2128], [712, 2128], [712, 2442], [325, 2442]], "'움연", 0.04481327653162615), ([[1604, 1811], [2277, 1811], [2277, 2360], [1604, 2360]], '*', 0.1593928528863211), ([[1620, 2475], [1966, 2475], [1966, 2724], [1620, 2724]], '움예', 0.06920125907469098), ([[1564, 2719], [1688, 2719], [1688, 2816], [1564, 2816]], '민', 0.13382256479702903), ([[1662, 2793], [1701, 2793], [1701, 2829], [1662, 2829]], '2', 0.9622845321005435), ([[516.1990038796122, 673.0318097930253], [1116.0915286973948, 618.2455745875345], [1125.8009961203877, 1057.9681902069747], [525.9084713026052, 1112.7544254124655]], '표로롭', 0.12990994736176067)]
[([[486, 383], [755, 383], [755, 456], [486, 456]], '나온 ,,다;', 0.2401388926588672), ([[242, 545], [1000, 545], [1000, 1164], [242, 1164]], '부무%', 0.20113494860670367), ([[1890, 990], [2058, 990], [2058, 1065], [1890, 1065]], '구품?!', 0.783057689666748), ([[1450, 1266], [2106, 1266], [2106, 1651], [1450, 1651]], '죄아학', 0.014094359624542628), ([[294, 2098], [356, 2098], [356, 2167], [294, 2167]], '극', 0.9497406329139757), ([[372, 2105], [408, 2105], [408, 2158], [372, 2158]], '{', 0.9668736746280047), ([[1671, 1948], [2196, 1948], [2196, 2547], [1671, 2547]], '부', 0.641410134873869), ([[2138, 2276], [2260, 2276], [2260, 2431], [2138, 2431]], '(', 0.8401498578334667), ([[1294, 2563], [1450, 2563], [1450, 2663], [1294, 2663]], '율컷', 0.006982614473693875)]
[([[559, 319], [666, 319], [666, 385], [559, 385]], '허억', 0.9192309242907015), ([[559, 384], [668, 384], [668, 450], [559, 450]], '허억', 0.9262804399838667), ([[234, 1053], [303, 1053], [303, 1106], [234, 1106]], '아;', 0.46939659565007524), ([[325, 1043], [482, 1043], [482, 1112], [325, 1112]], '미안 ,,', 0.5147525295990287), ([[247, 1108], [464, 1108], [464, 1177], [247, 1177]], '미안하오', 0.9894447690803833), ([[201, 1170], [519, 1170], [519, 1245], [201, 1245]], '너무 흥분해서', 0.9980246960344604), ([[208, 1239], [502, 1239], [502, 1308], [208, 1308]], '나도 모르게; ,', 0.5658674783312988), ([[109, 1637], [777, 1637], [777, 2190], [109, 2190]], '보', 0.06023743196417186), ([[805, 1921], [918, 1921], [918, 2034], [805, 2034]], '(', 0.173064239355881), ([[1641, 1834], [2071, 1834], [2071, 2262], [1641, 2262]], '주곳', 0.16817618014822214), ([[478, 2218], [587, 2218], [587, 2286], [478, 2286]], '허욱', 0.3609677033277354), ([[1787, 2343], [2051, 2343], [2051, 2422], [1787, 2422]], '혹여 심기름', 0.4032096195125828), ([[1000, 2429], [1024, 2429], [1024, 2508], [1000, 2508]], '8', 0.6719970187476889), ([[1738, 2413], [2099, 2413], [2099, 2480], [1738, 2480]], '거스로거나 하진', 0.9383018576416082), ([[1777, 2470], [2059, 2470], [2059, 2554], [1777, 2554]], '않아켓지,,?', 0.548328677471576), ([[1596, 2616], [1976, 2616], [1976, 2858], [1596, 2858]], '운빛 ', 0.06785029414334565), ([[448.3364996165734, 2407.0512937884887], [775.2280102665096, 2386.3155287729887], [775.6635003834266, 2622.9487062115113], [447.77198973349033, 2643.6844712270113]], '않속', 0.004575778727996129)]
[([[519, 368], [671, 368], [671, 437], [519, 437]], '허억?', 0.9730181891021298), ([[129, 1058], [615, 1058], [615, 1133], [129, 1133]], '마 마지막한 방울가지', 0.6508457214632996), ([[145, 1119], [600, 1119], [600, 1198], [145, 1198]], '남김 없이 뽑혀나가는', 0.7350132108608949), ([[296, 1187], [457, 1187], [457, 1253], [296, 1253]], '느낌 {', 0.4602024535370329), ([[138, 1582], [719, 1582], [719, 2116], [138, 2116]], '냉포', 0.010517059917852558), ([[1277, 2209], [1424, 2209], [1424, 2299], [1277, 2299]], '3육;', 0.005506433820056826), ([[255, 2322], [705, 2322], [705, 2395], [255, 2395]], '설마 도깨비가 아니라', 0.6295791263144596), ([[294, 2377], [669, 2377], [669, 2523], [294, 2523]], '주기롭-안둑', 0.00409555872278521), ([[1598, 2118], [2044, 2118], [2044, 2660], [1598, 2660]], '(봇', 0.25602969018541855), ([[2130, 2400], [2247, 2400], [2247, 2526], [2130, 2526]], '(', 0.9497543416111718), ([[1592, 2683], [1728, 2683], [1728, 2747], [1592, 2747]], '하악,', 0.974851259806067), ([[930.7852532131767, 2149.06727891859], [1063.8835507027136, 2168.171395076537], [1047.2147467868233, 2260.93272108141], [913.1164492972865, 2241.828604923463]], '촬', 0.0059436829781776), ([[1004.7663369981212, 2422.009113575952], [1029.9346520075148, 2425.1493113770794], [1012.2336630018788, 2555.990886424048], [988.065347992485, 2552.8506886229206]], '(', 0.4238373498356509), ([[2027.740093166806, 2512.5462701837373], [2150.168816632267, 2473.129440848487], [2172.2599068331942, 2560.4537298162627], [2050.831183367733, 2599.870559151513]], '00 (', 0.8259497284889221)]
[([[541, 541], [1828, 541], [1828, 637], [541, 637]], '도깨비눈 민담에서 여러모습으로 등장하눈 잡귀다:', 0.279761164519091), ([[506, 625], [1865, 625], [1865, 713], [506, 713]], '해괴하고 요사스러우나 사람들에게 친밀하기도하여', 0.6909167665832007), ([[706, 703], [1663, 703], [1663, 793], [706, 793]], '갖은 요술로복올 가져다 주기도한다:', 0.4980863237404375), ([[331, 2210], [2161, 2210], [2161, 2307], [331, 2307]], '씨름을 좋아하고 낮에는 물건으로 변하기때문에 밤에만 활동할 수있다', 0.46019622885308287), ([[481, 2292], [2011, 2292], [2011, 2385], [481, 2385]], '도깨비논종류 도 다양한 만큼 성격이나 성향 또한 다양한데 .', 0.41617644897298917)]
[([[653, 473], [710, 473], [710, 550], [653, 550]], '음', 0.9978824155263375), ([[212, 1121], [462, 1121], [462, 1198], [212, 1198]], '욕,, 참으로', 0.5862152549358624), ([[171, 1191], [501, 1191], [501, 1266], [171, 1266]], '요사스럽도다 ,', 0.9876850798752453), ([[205, 1706], [523, 1706], [523, 1785], [205, 1785]], '그런데도 눈올', 0.650231085620232), ([[148, 1769], [569, 1769], [569, 1856], [148, 1856]], '떨수가 업는 것이 ,', 0.3510894108743165), ([[1830, 2282], [2094, 2282], [2094, 2359], [1830, 2359]], '설마 정말로', 0.5743114597197794), ([[539, 2355], [650, 2355], [650, 2417], [539, 2417]], '하아,', 0.8563612342712026), ([[1796, 2347], [2130, 2347], [2130, 2422], [1796, 2422]], '흘려버리기라도', 0.5879068907746642), ([[1836, 2410], [2085, 2410], [2085, 2485], [1836, 2485]], '한 것일까 ,', 0.38108975754483315), ([[621, 2763], [748, 2763], [748, 2800], [621, 2800]], '어 9', 0.05509025174979035), ([[1699.7510836586346, 1890.0260078072295], [2005.5351260917198, 1931.253338910106], [1960.2489163413654, 2189.9739921927708], [1654.4648739082802, 2147.7466610898937]], '유물', 0.994452849917846), ([[911.5582738957006, 2068.0244650613054], [987.6157426221309, 2137.28932607125], [963.4417261042994, 2165.9755349386946], [887.3842573778691, 2096.71067392875]], '<극', 0.027274360395631515)]
[([[350, 485], [484, 485], [484, 551], [350, 551]], '어;,,?', 0.26170494990806203), ([[1627, 1909], [2100, 1909], [2100, 2285], [1627, 2285]], '골쩍', 0.020901095874219087), ([[2056, 2141], [2135, 2141], [2135, 2201], [2056, 2201]], '00', 0.9998266122682243), ([[315, 2347], [573, 2347], [573, 2427], [315, 2427]], '설마 , 삼권', 0.2484402143850931), ([[342, 2415], [546, 2415], [546, 2494], [342, 2494]], '것인가?', 0.9960978627204895)]
[([[514, 352], [592, 352], [592, 416], [514, 416]], '후.', 0.3943279727461909), ([[645, 352], [765, 352], [765, 421], [645, 421]], '과연.', 0.4209880232810974), ([[435, 414], [847, 414], [847, 489], [435, 489]], '진한 건 냄새 분만은', 0.8346523893910857), ([[503, 477], [780, 477], [780, 557], [503, 557]], '아니여군요?', 0.4577049445832523), ([[214, 1015], [602, 1015], [602, 1088], [214, 1088]], '끈적거려서 아직도', 0.8175219932488005), ([[237, 1076], [584, 1076], [584, 1153], [237, 1153]], '목에 둘러불논것', 0.22316376703139193), ([[266, 1143], [503, 1143], [503, 1216], [266, 1216]], '같습니다', 0.7198619842529297), ([[1857, 1935], [1983, 1935], [1983, 2013], [1857, 2013]], '잠깐,', 0.9977955004314667), ([[2115, 1935], [2229, 1935], [2229, 2013], [2115, 2013]], '정말', 0.9999549031699311), ([[1863, 2003], [1972, 2003], [1972, 2076], [1863, 2076]], '그결', 0.8845635979176124), ([[2082, 2003], [2226, 2003], [2226, 2070], [2082, 2070]], '거요?', 0.999142620987243), ([[789, 2131], [1047, 2131], [1047, 2281], [789, 2281]], '출: 도', 0.007521078478637387), ([[2030.2317787204026, 1892.0196850478512], [2141.1303235948394, 1949.7477863865713], [2054.7682212795976, 2116.980314952149], [1942.8696764051606, 2059.252213613429]], '방', 0.011124755806869724)]
[([[267, 393], [455, 393], [455, 459], [267, 459]], '왜 보고', 0.5540262375739289), ([[212, 457], [505, 457], [505, 537], [212, 537]], '싶으십나?', 0.5006403005322184), ([[333, 936], [501, 936], [501, 1009], [333, 1009]], '자아-', 0.9947808623553236), ([[454, 1597], [906, 1597], [906, 2038], [454, 2038]], '저', 0.9996519391663696), ([[1948, 1843], [2175, 1843], [2175, 1911], [1948, 1911]], '아니 그게', 0.9702579232714074), ([[1941, 1907], [2180, 1907], [2180, 1973], [1941, 1973]], '아니라; , !', 0.3522982658462464), ([[2105, 2051], [2171, 2051], [2171, 2122], [2105, 2122]], '욕,', 0.5780856239278839), ([[994, 2484], [1023, 2484], [1023, 2634], [994, 2634]], '(', 0.7185124280193946), ([[1342, 2539], [1689, 2539], [1689, 2771], [1342, 2771]], '움빛!', 0.0499749893689597), ([[1545.2641458718108, 1674.0053089164958], [2042.2484556224997, 2151.7489766886224], [1745.7358541281892, 2468.994691083504], [1248.7515443775003, 1991.2510233113776]], "'어'", 0.1453748726619322)]
[([[803, 270], [904, 270], [904, 325], [803, 325]], '하아', 0.9986819011572987), ([[228, 623], [615, 623], [615, 696], [228, 696]], '서생처럼 생겨서는', 0.5962666031021578), ([[210, 689], [633, 689], [633, 764], [210, 764]], '꽤나 고상한 취미틀', 0.6981374249380251), ([[250, 752], [595, 752], [595, 829], [250, 829]], '갖고 계심니다?', 0.9089591276672155), ([[1912, 1430], [2189, 1430], [2189, 1496], [1912, 1496]], '나, 나는 그런', 0.4808219307544763), ([[1875, 1488], [2208, 1488], [2208, 1563], [1875, 1563]], '뜻으로 말한 게 ,', 0.729508750419126), ([[270, 1798], [525, 1798], [525, 1871], [270, 1871]], '그런것 치곤', 0.5998047701112104), ([[1426, 1697], [1703, 1697], [1703, 1942], [1426, 1942]], '말픔', 0.16656446558958332), ([[171, 1857], [620, 1857], [620, 1934], [171, 1934]], '아까보다 더욱 겨렬히', 0.6175886217902957), ([[234, 1924], [559, 1924], [559, 1997], [234, 1997]], '반응하눈것아', 0.4773667430315706), ([[1335, 2253], [1513, 2253], [1513, 2374], [1335, 2374]], '뼈', 0.3738098971443584), ([[261, 2363], [568, 2363], [568, 2440], [261, 2440]], '뭐어떻습나:', 0.6021406503644011), ([[205, 2426], [627, 2426], [627, 2507], [205, 2507]], '오늘 밤은 서로불거', 0.6043187840235067), ([[282, 2496], [557, 2496], [557, 2568], [282, 2568]], '다볼 사이가', 0.8599405111168535), ([[288, 2561], [546, 2561], [546, 2634], [288, 2634]], '되터인데요', 0.15708061586593355), ([[931, 2484], [962, 2484], [962, 2686], [931, 2686]], '!', 0.7688859033260407), ([[1856, 2689], [1959, 2689], [1959, 2744], [1856, 2744]], '하아', 0.9989400870618317), ([[648, 2770], [701, 2770], [701, 2796], [648, 2796]], '(', 0.015767158585227925), ([[826.9421871324348, 2100.046714596513], [1024.3725417100648, 2131.1704706486516], [1002.0578128675652, 2236.953285403487], [805.6274582899352, 2204.8295293513484]], '떠떠?', 0.2685383373442544)]
[([[327, 250], [618, 250], [618, 323], [327, 323]], '실레햇습니다:', 0.527998382719795), ([[285, 314], [657, 314], [657, 383], [285, 383]], '나리께서안절부절', 0.9159306083573856), ([[282, 372], [664, 372], [664, 446], [282, 446]], '하시논 게 귀여워서', 0.7839718081482633), ([[411, 440], [533, 440], [533, 504], [411, 504]], '그만.', 0.9990502683309049), ([[170, 935], [513, 935], [513, 999], [170, 999]], '그럼 서로 준비는', 0.8319392895651702), ([[215, 991], [470, 991], [470, 1055], [215, 1055]], '된젓갈으니', 0.7257897926782959), ([[217, 1043], [466, 1043], [466, 1109], [217, 1109]], '제대로 삶을', 0.47206847768718513), ([[170, 1099], [511, 1099], [511, 1167], [170, 1167]], '치틀 시간이군요', 0.9418726743222673), ([[1680, 1021], [2232, 1021], [2232, 1424], [1680, 1424]], '스르록=', 0.07999037206172943), ([[1896, 1619], [2043, 1619], [2043, 1685], [1896, 1685]], '위에서', 0.9938785433769226), ([[1805, 1679], [2134, 1679], [2134, 1756], [1805, 1756]], '하시계습나까?', 0.6261369447791215), ([[396, 2459], [456, 2459], [456, 2510], [396, 2510]], '어', 0.9999154823995902), ([[468, 2448], [631, 2448], [631, 2526], [468, 2526]], '엄청난', 0.46131308450006625), ([[408, 2511], [577, 2511], [577, 2591], [408, 2591]], '젖가슴,', 0.7428842186927795), ([[2133.68635850198, 1218.2158962549506], [2300.8277472220125, 1137.9093945307593], [2355.31364149802, 1274.7841037450494], [2188.1722527779875, 1355.0906054692407]], '.0', 0.2713802622821122)]
[([[374, 326], [483, 326], [483, 382], [374, 382]], '하아', 0.9961808534091626), ([[502, 326], [611, 326], [611, 382], [502, 382]], '하아', 0.9984025026682057), ([[442, 382], [542, 382], [542, 450], [442, 450]], '그럼', 0.999881400828279), ([[1203, 1004], [1331, 1004], [1331, 1082], [1203, 1082]], '전3?', 0.015577640295044605), ([[1465, 1094], [1603, 1094], [1603, 1169], [1465, 1169]], '{`떡', 0.011848358907598769), ([[387, 1316], [499, 1316], [499, 1372], [387, 1372]], '하아', 0.9999192475932576), ([[1701, 2309], [2087, 2309], [2087, 2384], [1701, 2384]], '어서 들어오시지요', 0.9958298808769576), ([[1672, 2374], [2118, 2374], [2118, 2447], [1672, 2447]], '여자틀 너무 기다리게', 0.5925619879065217), ([[1665, 2437], [2123, 2437], [2123, 2510], [1665, 2510]], '하느건 좋지않습니다:', 0.439384059036301)]
[([[487, 222], [655, 222], [655, 288], [487, 288]], '허;,위?', 0.17160234985140935), ([[350, 661], [511, 661], [511, 729], [350, 729]], '이무슨', 0.9855051824727366), ([[254, 700], [643, 700], [643, 793], [254, 793]], '체격이 이렇계 근데', 0.3647878956866562), ([[284, 774], [615, 774], [615, 847], [284, 847]], '비집고 들어가야', 0.9986083433014907), ([[355, 836], [542, 836], [542, 900], [355, 900]], '한다고?', 0.9996204972267151), ([[183, 1336], [522, 1336], [522, 1413], [183, 1413]], '게다가 앞부분만', 0.9967244251415465), ([[887, 1026], [1448, 1026], [1448, 1425], [887, 1425]], '꾸육', 0.06250121160306972), ([[194, 1393], [505, 1393], [505, 1470], [194, 1470]], '넣어올 뿐인데 ,', 0.5406695655525213), ([[211, 1457], [491, 1457], [491, 1526], [211, 1526]], '허리가 저절로', 0.6575031034751797), ([[189, 1512], [514, 1512], [514, 1585], [189, 1585]], '빨려들어간다  !', 0.4724602929651082), ([[2036, 1809], [2092, 1809], [2092, 1862], [2036, 1862]], '허', 0.6366221864277897), ([[2105, 1810], [2156, 1810], [2156, 1852], [2105, 1852]], '어', 0.9991055343886082), ([[2126, 1843], [2180, 1843], [2180, 1869], [2126, 1869]], '사', 0.12801685688128206), ([[1608, 2174], [2033, 2174], [2033, 2243], [1608, 2243]], '왜그러심나까 나리?', 0.6193149094381283), ([[1619, 2238], [2018, 2238], [2018, 2306], [1619, 2306]], '씨름할 때의 기개는', 0.5266854318528013), ([[1662, 2301], [1976, 2301], [1976, 2367], [1662, 2367]], '어디로 가시고', 0.8995618555084687), ([[1868, 2466], [2118, 2466], [2118, 2539], [1868, 2539]], '소녀 동정올', 0.7999330918113964), ([[1787, 2532], [2193, 2532], [2193, 2604], [1787, 2604]], '데려온 게 아니라면', 0.9584509489763935), ([[1857, 2595], [2127, 2595], [2127, 2667], [1857, 2667]], '증계습니다-', 0.41666857309724814), ([[1754.1618094688172, 452.1546758660209], [1908.8874200500768, 437.5181974070869], [1912.8381905311828, 532.8453241339791], [1758.1125799499232, 547.481802592913]], '#육', 0.07848386578453605), ([[1408.3876543538402, 1145.0187659675955], [1483.1435751258862, 1163.1097221422442], [1442.6123456461598, 1327.9812340324045], [1368.8564248741138, 1309.8902778577558]], '1', 0.4121511677653622)]
[([[352, 260], [455, 260], [455, 326], [352, 326]], '후우,', 0.6209949176408041), ([[476, 260], [578, 260], [578, 326], [476, 326]], '무슨', 0.9998557765307344), ([[374, 318], [557, 318], [557, 390], [374, 390]], '소리블 !', 0.11527034501550353), ([[1783, 529], [2235, 529], [2235, 849], [1783, 849]], '찌개', 0.07241661332356719), ([[410, 786], [761, 786], [761, 1128], [410, 1128]], '(체', 0.06139756743193199), ([[1885, 1178], [2176, 1178], [2176, 1244], [1885, 1244]], '도깨비든 뛰든 ,', 0.1275482836297298), ([[1912, 1239], [2151, 1239], [2151, 1303], [1912, 1303]], '몇 번이라도', 0.8895683585492853), ([[1838, 1291], [2229, 1291], [2229, 1365], [1838, 1365]], '만족시켜드리켓소', 0.9261394706912635), ([[1660, 1365], [2242, 1365], [2242, 1889], [1660, 1889]], '규', 0.16888982708422962), ([[1717, 2255], [2148, 2255], [2148, 2332], [1717, 2332]], '후춧 바로 그겁니다:', 0.6469442440612319), ([[1755, 2322], [2116, 2322], [2116, 2397], [1755, 2397]], '소녀 위에 올라란', 0.3762239593327998), ([[1726, 2388], [2132, 2388], [2132, 2463], [1726, 2463]], '값은 해주시지요"', 0.318008102565805)]
[([[1962, 574], [2067, 574], [2067, 631], [1962, 631]], '하아', 0.9994471624102907), ([[583, 715], [878, 715], [878, 791], [583, 791]], '안예서 육벽이', 0.7191761134667994), ([[556, 774], [906, 774], [906, 854], [556, 854]], '물건올 사정 없이', 0.5317304572055505), ([[569, 835], [897, 835], [897, 909], [569, 909]], '문지르눈구나,,!', 0.34887289292468776), ([[371, 1018], [730, 1018], [730, 1097], [371, 1097]], '첫 번도 속절 없이', 0.9726537075055279), ([[412, 1083], [660, 1083], [660, 1155], [412, 1155]], '싸버려거늘,', 0.5307632038307388), ([[228, 1400], [334, 1400], [334, 1473], [228, 1473]], '으응', 0.9997472125618077), ([[1676, 1219], [2332, 1219], [2332, 1654], [1676, 1654]], '찌와!', 0.02073665896184874), ([[1855, 1783], [1998, 1783], [1998, 1850], [1855, 1850]], '하아 ', 0.4549850494124896), ([[1823, 1845], [2031, 1845], [2031, 1923], [1823, 1923]], '좋습니다', 0.9537379741668701), ([[1818, 1915], [1983, 1915], [1983, 1988], [1818, 1988]], '선생님', 0.9989760842386124), ([[1956, 2307], [2159, 2307], [2159, 2379], [1956, 2379]], '어찌이리', 0.9947595596313477), ([[1890, 2372], [2168, 2372], [2168, 2449], [1890, 2449]], '늘름하서선.', 0.4069216873152885), ([[193.30708679370127, 200.0275645666288], [810.8780050983681, 161.85985844496338], [808.6929132062987, 610.9724354333712], [191.12199490163192, 649.1401415550366]], '젓}', 0.008087657125090733)]
[([[866, 403], [895, 403], [895, 434], [866, 434]], '0', 0.9999194161437686), ([[510, 751], [812, 751], [812, 817], [510, 817]], '오 어디가시논', 0.835854889585958), ([[500, 810], [820, 810], [820, 883], [500, 883]], '길입나까 나리?', 0.957821422515899), ([[140, 1524], [205, 1524], [205, 1542], [140, 1542]], '7  ', 0.0844871025959406), ([[1841, 1780], [2157, 1780], [2157, 1837], [1841, 1837]], '어; ,? 도개비 ,?', 0.3495681637191781), ([[1765, 1835], [2234, 1835], [2234, 1904], [1765, 1904]], '이런 , 아직해가 떠있어', 0.8029446669865753), ([[1780, 1886], [2181, 1886], [2181, 1965], [1780, 1965]], '괜찮을 줄 알아거늘,', 0.49962362229206836)]
[([[433, 181], [905, 181], [905, 696], [433, 696]], '시릇', 0.0322021230115368), ([[386, 829], [529, 829], [529, 893], [386, 893]], '크으 !', 0.07913553673379871), ([[284, 893], [332, 893], [332, 944], [284, 944]], '더', 0.9966981293808352), ([[329, 882], [633, 882], [633, 960], [329, 960]], '이상 참을 수가', 0.5321836311082558), ([[357, 949], [560, 949], [560, 1017], [357, 1017]], '없구나,헤', 0.08789571002840897), ([[1725, 877], [2343, 877], [2343, 1318], [1725, 1318]], '울기', 0.0440567956900727), ([[1921, 1639], [2117, 1639], [2117, 1706], [1921, 1706]], '산,다;', 0.04939854580736352), ([[325, 2485], [385, 2485], [385, 2527], [325, 2527]], '아', 0.999955058602783), ([[161.51467491880055, 357.0395170046834], [182.33129457822454, 343.01834879597914], [237.48532508119945, 423.9604829953166], [216.66870542177546, 438.98165120402086]], '8', 0.9604829850002403), ([[642.2562854188427, 1262.5587995863798], [675.9300617994927, 1232.1478104815556], [691.7437145811573, 1253.4412004136202], [659.0699382005073, 1283.8521895184444]], '9', 0.27129652263940685)]
[([[676, 217], [776, 217], [776, 279], [676, 279]], '허억', 0.8631378527152314), ([[800, 217], [902, 217], [902, 281], [800, 281]], '허억', 0.9571351077250068), ([[1016, 400], [1256, 400], [1256, 466], [1016, 466]], '잠시, 하아', 0.9938756126054534), ([[986, 455], [1302, 455], [1302, 528], [986, 528]], '잠시만 쉬계소 ,', 0.5892813151975124), ([[1617, 350], [1970, 350], [1970, 652], [1617, 652]], '휴들', 0.5064368294088953), ([[306, 581], [694, 581], [694, 654], [306, 654]], '하아, 씨름할 때는', 0.9056312061365834), ([[314, 643], [693, 643], [693, 711], [314, 711]], '그렇계도 단단하게', 0.7344815404285381), ([[1575, 659], [1633, 659], [1633, 692], [1575, 692]], '5', 0.5873650001583464), ([[341, 699], [650, 699], [650, 767], [341, 767]], '느껴처던 몸이 ,', 0.15621824596731823), ([[145, 877], [488, 877], [488, 945], [145, 945]], '안고 보니 이렇계', 0.689180566444344), ([[175, 933], [461, 933], [461, 1001], [175, 1001]], '부드러울 수가', 0.6692912419810911), ([[228, 987], [403, 987], [403, 1065], [228, 1065]], '없구나 ,', 0.7354315510925502), ([[1827, 1773], [2094, 1773], [2094, 1848], [1827, 1848]], '후후춧 역시', 0.39248821732094286), ([[1803, 1839], [2116, 1839], [2116, 1918], [1803, 1918]], '낮에 힘올 너무', 0.4699174586526217), ([[1796, 1906], [2130, 1906], [2130, 1986], [1796, 1986]], '쓰섯나붐니다?', 0.09069886703417766), ([[1780, 2124], [2247, 2124], [2247, 2204], [1780, 2204]], '계집 여럿안을 것처럼', 0.7525212292497702), ([[1830, 2192], [2199, 2192], [2199, 2271], [1830, 2271]], '말씀하서놓고는.', 0.49237147303333656)]
[([[329, 225], [730, 225], [730, 303], [329, 303]], '어찌이리 동자처럼', 0.8351654340179249), ([[394, 295], [667, 295], [667, 368], [394, 368]], '안겨계시오', 0.6642709929379773), ([[570, 446], [912, 446], [912, 519], [570, 519]], '물지도 암으시고', 0.6394658322942812), ([[585, 509], [894, 509], [894, 584], [585, 584]], '안에 사정가지', 0.648238185135085), ([[649, 575], [830, 575], [830, 649], [649, 649]], '하시며', 0.48204752640380305), ([[137, 755], [463, 755], [463, 1057], [137, 1057]], '(육', 0.34887072404220926), ([[1841, 1003], [2165, 1003], [2165, 1080], [1841, 1080]], '미안, 미안하오,', 0.538785145522494), ([[1907, 1068], [2068, 1068], [2068, 1134], [1907, 1134]], '내너무,', 0.4794386625289917), ([[2004, 1214], [2243, 1214], [2243, 1280], [2004, 1280]], '너무 기분이', 0.9378671928285084), ([[2035, 1273], [2192, 1273], [2192, 1341], [2035, 1341]], '좋아서;,', 0.8749092404045542), ([[1868, 1890], [2235, 1890], [2235, 1974], [1868, 1974]], '후춧 농담입니다:', 0.6870488006494), ([[1852, 1959], [2253, 1959], [2253, 2035], [1852, 2035]], '저논 사람이아니니', 0.6601697969964316), ([[1839, 2023], [2262, 2023], [2262, 2098], [1839, 2098]], '그럴걱정은 없지요-', 0.8968587804355507), ([[1067, 2478], [1425, 2478], [1425, 2555], [1067, 2555]], '지치멘으면 이만', 0.28555005729703054), ([[1022, 2550], [1475, 2550], [1475, 2625], [1022, 2625]], '자리에 드시럽나까?', 0.6371565865965857)]
[([[439, 275], [492, 275], [492, 339], [439, 339]], '응', 0.9994462303271945), ([[340, 336], [606, 336], [606, 411], [340, 411]], '알켓습니다', 0.2944410507213013), ([[1033, 263], [1437, 263], [1437, 592], [1033, 592]], '들서', 0.09274969685470122), ([[1553, 435], [1661, 435], [1661, 509], [1553, 509]], '후우,', 0.6272129342521648), ([[678, 675], [881, 675], [881, 748], [678, 748]], '알켓으니', 0.13019511103630066), ([[629, 739], [929, 739], [929, 808], [629, 808]], '그렇게 급하게', 0.9611691423360049), ([[610, 800], [944, 800], [944, 877], [610, 877]], '흔들지암으서도', 0.7123368931104148), ([[701, 868], [857, 868], [857, 936], [701, 936]], '되니다', 0.319985386497562), ([[688, 1462], [823, 1462], [823, 1579], [688, 1579]], '여8)', 0.743959672340565), ([[1857, 1593], [1959, 1593], [1959, 1666], [1857, 1666]], '후움,', 0.4612235492345201), ([[1841, 1809], [2224, 1809], [2224, 2112], [1841, 2112]], '주물', 0.9995271451106355), ([[1841, 2239], [2159, 2239], [2159, 2312], [1841, 2312]], '저도한 이대로', 0.6553090138382887), ([[1845, 2304], [2004, 2304], [2004, 2379], [1845, 2379]], '끝내긴', 0.998023455443242), ([[1990, 2300], [2158, 2300], [2158, 2428], [1990, 2428]], '아쉬운', 0.5491545945090729), ([[1850, 2370], [2096, 2370], [2096, 2447], [1850, 2447]], '참이없지요', 0.7189437793623017), ([[1864.2628953911249, 732.0419345962853], [2233.2052707887237, 701.3163255796537], [2239.737104608875, 1010.9580654037147], [1870.7947292112763, 1042.6836744203463]], '들썩', 0.8572276207656307)]
[([[290, 410], [388, 410], [388, 465], [290, 465]], '자-', 0.999818604783098), ([[356, 738], [703, 738], [703, 811], [356, 811]], '밤은 아직깊으니', 0.8079459369337555), ([[340, 801], [714, 801], [714, 874], [340, 874]], '천천히 즐기시지요', 0.9448321338338025), ([[1655, 971], [1996, 971], [1996, 1040], [1655, 1040]], '소녀가 양양대며', 0.3592036560665285), ([[1722, 1036], [1926, 1036], [1926, 1103], [1722, 1103]], '매달리게', 0.9991304874420166), ([[1659, 1094], [1988, 1094], [1988, 1169], [1659, 1169]], '만들어주십시오', 0.8950424827034685), ([[326, 1375], [429, 1375], [429, 1428], [326, 1428]], '하아', 0.9993786434213938), ([[565, 1282], [917, 1282], [917, 1527], [565, 1527]], "고육'", 0.019979217274806563), ([[1810, 1637], [2079, 1637], [2079, 1706], [1810, 1706]], '과연 아직도', 0.996502972068768), ([[1769, 1701], [2064, 1701], [2064, 1774], [1769, 1774]], '건강하시네요', 0.8966494169033193), ([[261, 2343], [678, 2343], [678, 2420], [261, 2420]], '제가 사람이없다면', 0.5099555522721911), ([[237, 2406], [696, 2406], [696, 2487], [237, 2487]], '음벽 바져버려올지도', 0.12673422197178227), ([[1447.1242425091073, 2035.0475774294111], [2062.02473668572, 1991.4685068003066], [2059.8757574908927, 2305.9524225705886], [1444.9752633142798, 2348.5314931996936]], '예7왜', 0.004577475387392321)]
[([[252, 298], [614, 298], [614, 370], [252, 370]], '도깨비든 사람이든', 0.3230366002105518), ([[226, 357], [648, 357], [648, 425], [226, 425]], '난 그저 처자가 좋아서', 0.987486138674312), ([[1777, 254], [2209, 254], [2209, 562], [1777, 562]], '찌거', 0.9600594805409229), ([[265, 411], [605, 411], [605, 479], [265, 479]], '하고 잇을 뿐이오,', 0.41438529694703263), ([[1882, 694], [2009, 694], [2009, 761], [1882, 761]], '어머', 0.9946330337087435), ([[1785, 752], [2107, 752], [2107, 825], [1785, 825]], '기생오래비갈은', 0.4959889386871044), ([[1762, 815], [2132, 815], [2132, 887], [1762, 887]], '말씀올 다 하시곤', 0.3869716172018024), ([[373, 1108], [684, 1108], [684, 1177], [373, 1177]], '못처녀들이 쉬이', 0.5831100717562931), ([[334, 1169], [718, 1169], [718, 1237], [334, 1237]], '넘어갈 입 발린 말은', 0.6512485203549049), ([[336, 1229], [721, 1229], [721, 1302], [336, 1302]], '쉽게 하지 암논 것이', 0.19182336740538608), ([[1712, 1062], [2184, 1062], [2184, 1412], [1712, 1412]], '설거', 0.26244512466390835), ([[419, 1290], [638, 1290], [638, 1362], [419, 1362]], '좋답니다?', 0.5609762890558869), ([[1998, 1431], [2098, 1431], [2098, 1486], [1998, 1486]], '하아', 0.9995676007203781), ([[500, 1719], [600, 1719], [600, 1772], [500, 1772]], '아니', 0.9998186890723173), ([[375, 1770], [734, 1770], [734, 1838], [375, 1838]], '반말이 아니라는 결', 0.4751651192236348), ([[432, 1823], [684, 1823], [684, 1897], [432, 1897]], '보여주젯소%', 0.03861333830893479), ([[1305, 2013], [1460, 2013], [1460, 2126], [1305, 2126]], '예끗', 0.004812514494087144), ([[326, 1998], [803, 1998], [803, 2322], [326, 2322]], '잠객', 0.002352717198232181), ([[1645, 2430], [1839, 2430], [1839, 2499], [1645, 2499]], '밤새도록', 0.9952108860015869), ([[1667, 2468], [1694, 2468], [1694, 2497], [1667, 2497]], '더', 0.035696230282173724), ([[1830, 2430], [2069, 2430], [2069, 2503], [1830, 2503]], '안아줄테니', 0.5333184468822914), ([[668, 2495], [766, 2495], [766, 2551], [668, 2551]], '하아', 0.9970629551933835), ([[1654, 2487], [2046, 2487], [2046, 2562], [1654, 2562]], '혹여 생각이 들거늘,', 0.8121539743907304)]
[([[314, 393], [657, 393], [657, 461], [314, 461]], '그러면 뭐 소녀클', 0.6112398912655016), ([[269, 447], [698, 447], [698, 591], [269, 591]], '처로들인생다라도', 0.10300698196194429), ([[1746, 238], [2202, 238], [2202, 699], [1746, 699]], ';', 0.024470118349313674), ([[231, 1169], [648, 1169], [648, 1238], [231, 1238]], '도깨비름 안사람으로', 0.41943606825258545), ([[238, 1230], [641, 1230], [641, 1298], [238, 1298]], '들안다니 소녀조차도', 0.9299548777570615), ([[249, 1288], [632, 1288], [632, 1357], [249, 1357]], '우스운 이야기군요-', 0.9887536383857898), ([[1851, 1617], [1895, 1617], [1895, 1679], [1851, 1679]], '옷', 0.6302464728856059), ([[1918, 1617], [2095, 1617], [2095, 1681], [1918, 1681]], '속소리가', 0.06991822272539139), ([[1890, 1668], [2031, 1668], [2031, 1729], [1890, 1729]], '아니오', 0.5623167571015046), ([[1842, 1723], [2075, 1723], [2075, 1791], [1842, 1791]], '나는 정말로', 0.9943614661674438), ([[258, 1887], [749, 1887], [749, 2322], [258, 2322]], '쥐미', 0.008515621502309298), ([[551, 2445], [820, 2445], [820, 2536], [551, 2536]], '그렇습나까', 0.9291275782389731)]
[([[350, 222], [585, 222], [585, 290], [350, 290]], '그렇게까지', 0.7558300689813666), ([[347, 282], [591, 282], [591, 354], [347, 354]], '말씀하시면', 0.999558298440023), ([[311, 345], [624, 345], [624, 417], [311, 417]], '소녀 참을 수가', 0.6219221351916399), ([[336, 408], [550, 408], [550, 480], [336, 480]], '없습니다', 0.9874271750450134), ([[2060, 528], [2232, 528], [2232, 707], [2060, 707]], '.0', 0.2083500850694898), ([[325, 750], [763, 750], [763, 1092], [325, 1092]], '썩껍', 0.01782636761801659), ([[1854, 954], [2175, 954], [2175, 1027], [1854, 1027]], '그럼 오늘 밤은.', 0.6207630364338028), ([[1845, 1017], [2186, 1017], [2186, 1094], [1845, 1094]], '서방님의 여자가', 0.8068166549972029), ([[1812, 1078], [2220, 1078], [2220, 1155], [1812, 1155]], '되어도 되직습나까?', 0.7386636811240342), ([[295, 1350], [598, 1350], [598, 1488], [295, 1488]], '호율 분물론과', 0.05692368264449941), ([[1841, 1254], [2287, 1254], [2287, 1574], [1841, 1574]], '넷권', 0.039082977461632674), ([[364, 1468], [515, 1468], [515, 1532], [364, 1532]], '언제든', 0.6362419128417969), ([[364, 1631], [667, 1631], [667, 1704], [364, 1704]], '언제든 종소 에', 0.08076362447460178), ([[1896, 1979], [2178, 1979], [2178, 2048], [1896, 2048]], '네에 소녀클', 0.6849806068121175), ([[1886, 2039], [2184, 2039], [2184, 2116], [1886, 2116]], '안아주시어요', 0.9995957049554495), ([[1939, 2105], [2117, 2105], [2117, 2174], [1939, 2174]], '서방님<', 0.22135242819786072), ([[213, 2224], [358, 2224], [358, 2464], [213, 2464]], '대', 0.1348357868062644), ([[385, 2365], [485, 2365], [485, 2442], [385, 2442]], '음응', 0.9710553142795632), ([[1824, 2227], [2111, 2227], [2111, 2509], [1824, 2509]], '대원', 0.7801644053681499), ([[530, 2358], [904, 2358], [904, 2624], [530, 2624]], "'(0", 0.17312475408761477), ([[639, 2671], [744, 2671], [744, 2744], [639, 2744]], '헤움', 0.8749700827998043), ([[1616.9870267709186, 318.0135039094527], [2148.662551961497, 458.00713836428514], [2054.012973229081, 768.9864960905472], [1521.3374480385032, 628.9928616357148]], '숙문워', 0.005523255929793421), ([[260.929045633732, 1740.0159332933954], [654.8699000505047, 1855.8004151476855], [560.070954366268, 2147.9840667066046], [165.1300999494953, 2032.1995848523145]], '@', 0.0139526582097107)]
[([[1791, 128], [2013, 128], [2013, 411], [1791, 411]], '%', 0.02947966218067677), ([[1986, 685], [2077, 685], [2077, 754], [1986, 754]], '후응', 0.7290158452190454), ([[422, 766], [536, 766], [536, 835], [422, 835]], '좋아', 0.9996782661196526), ([[1845, 1116], [2010, 1116], [2010, 1191], [1845, 1191]], '좋아요', 0.9998702650309776), ([[285, 1200], [534, 1200], [534, 1275], [285, 1275]], '나보다 훨씬', 0.6141416548227147), ([[1823, 1184], [2010, 1184], [2010, 1257], [1823, 1257]], '서방님(', 0.46656233072280884), ([[289, 1261], [533, 1261], [533, 1325], [289, 1325]], '근 체구에도', 0.2747240846079201), ([[223, 1317], [597, 1317], [597, 1389], [223, 1389]], '작디작은 소녀처럼', 0.9977476227351992), ([[1061, 1338], [1202, 1338], [1202, 1402], [1061, 1402]], '크으 ,', 0.2112978994846344), ([[227, 1377], [579, 1377], [579, 1449], [227, 1449]], '매달리는 모습에,', 0.5317628932360894), ([[1685, 1295], [2137, 1295], [2137, 1602], [1685, 1602]], '내위움', 0.015486099527076412), ([[423, 1494], [902, 1494], [902, 1714], [423, 1714]], '엔아약;', 0.002392885508015752), ([[406, 2022], [603, 2022], [603, 2088], [406, 2088]], '소녀안에', 0.9977515339851379), ([[406, 2085], [599, 2085], [599, 2153], [406, 2153]], '남김없이', 0.3609741405650536), ([[357, 2146], [646, 2146], [646, 2214], [357, 2214]], '쏟아내주세요', 0.7284009559275614), ([[395, 2211], [563, 2211], [563, 2277], [395, 2277]], '서방님 여', 0.3202794137053351), ([[1804, 2404], [2225, 2404], [2225, 2473], [1804, 2473]], '아랫도리가 통제에서', 0.4362105381877016), ([[1824, 2465], [2207, 2465], [2207, 2531], [1824, 2531]], '벗어난 양 제꽂대로', 0.26137610537946315), ([[444, 2379], [982, 2379], [982, 2716], [444, 2716]], '딴7; ', 0.004609699826687574), ([[1913, 2520], [2118, 2520], [2118, 2593], [1913, 2593]], '사정햇다,', 0.7115320061512473), ([[1809, 2648], [2155, 2648], [2155, 2871], [1809, 2871]], '움질', 0.1300157966932696), ([[373.15186874003933, 325.015642855066], [543.6629177535136, 292.9862423241757], [598.8481312599606, 641.9843571449339], [428.33708224648643, 674.0137576758243]], '쪽', 0.7624072486844433), ([[517.0003855793473, 807.0138808565022], [949.6036554119113, 946.0708997319141], [845.9996144206527, 1238.986119143498], [413.3963445880887, 1099.929100268086]], '12^"', 0.022884445264935493), ([[1708.3066042770558, 1908.0358609385175], [2135.1948749746048, 1880.765108628622], [2135.6933957229444, 2223.9641390614825], [1708.8051250253955, 2251.2348913713777]], '움뇨', 0.09103754333384), ([[35.30427169290852, 1929.0553569015003], [294.55578630077895, 1906.7878393714577], [299.6957283070915, 2133.9446430985], [41.44421369922108, 2155.2121606285423]], '움질', 0.9023515480546509)]
[([[298, 271], [405, 271], [405, 335], [298, 335]], '혜앗', 0.5197762698320716), ([[2094, 463], [2196, 463], [2196, 529], [2094, 529]], '응햇', 0.7411805148693302), ([[189, 332], [717, 332], [717, 766], [189, 766]], '부표', 0.005467865748021618), ([[1758, 509], [2136, 509], [2136, 853], [1758, 853]], '주옷', 0.3156594042615222), ([[2089, 606], [2285, 606], [2285, 770], [2089, 770]], '사5', 0.017044285963611534), ([[1993, 899], [2088, 899], [2088, 963], [1993, 963]], '허억', 0.8951710934807899), ([[210, 1001], [526, 1001], [526, 1078], [210, 1078]], '하아 서방님~', 0.25749361393852416), ([[231, 1066], [513, 1066], [513, 1134], [231, 1134]], '세번째임에도', 0.9963085361676147), ([[1263, 1074], [1463, 1074], [1463, 1179], [1263, 1179]], '끊-이', 0.04351739379196788), ([[213, 1129], [518, 1129], [518, 1197], [213, 1197]], '장한 양입니다.', 0.8914575913975755), ([[225, 1296], [638, 1296], [638, 1369], [225, 1369]], '도깨비까지 임신시길', 0.7990523595150454), ([[760, 1250], [1067, 1250], [1067, 1420], [760, 1420]], '@위;;', 0.5186953544616699), ([[1841, 1305], [1939, 1305], [1939, 1358], [1841, 1358]], '하아', 0.9996039268952683), ([[282, 1359], [582, 1359], [582, 1432], [282, 1432]], '생각이신나까?', 0.413657667430383), ([[1272, 1398], [1391, 1398], [1391, 1478], [1272, 1478]], ')-', 0.02727306524607104), ([[891, 1449], [953, 1449], [953, 1498], [891, 1498]], '', 0.0), ([[1737, 1406], [2057, 1406], [2057, 1662], [1737, 1662]], '후들 .', 0.255465030670166), ([[2032, 1721], [2134, 1721], [2134, 1774], [2032, 1774]], '하아', 0.9985393214372363), ([[2025, 1771], [2166, 1771], [2166, 1844], [2025, 1844]], '그만큼', 0.9989941828869421), ([[1974, 1827], [2204, 1827], [2204, 1900], [1974, 1900]], '좋아으니까,', 0.6765591274789157), ([[373, 1891], [477, 1891], [477, 1951], [373, 1951]], '하아_', 0.9412221633869793), ([[981, 2005], [1131, 2005], [1131, 2085], [981, 2085]], '_표0', 0.007220229351201491), ([[1938, 2174], [2184, 2174], [2184, 2251], [1938, 2251]], '이젠 임신을', 0.502353655840234), ([[1899, 2235], [2220, 2235], [2220, 2307], [1899, 2307]], '못시켜서 아쉬움', 0.6495084873454905), ([[1961, 2296], [2156, 2296], [2156, 2363], [1961, 2363]], '지경이오', 0.7046869993209839), ([[251, 2533], [371, 2533], [371, 2601], [251, 2601]], '정말', 0.9999846585816098), ([[422, 2535], [569, 2535], [569, 2601], [422, 2601]], '갈수록', 0.9995318635271497), ([[238, 2596], [576, 2596], [576, 2664], [238, 2664]], '대답해지신니다.', 0.47349510770367437)]
[([[649, 512], [785, 512], [785, 581], [649, 581]], '걸음이', 0.9989116726754647), ([[575, 575], [857, 575], [857, 641], [575, 641]], '급해보이논데', 0.9791104174882802), ([[531, 633], [901, 633], [901, 705], [531, 705]], '이고개틀 넘어가실', 0.35725835217713753), ([[588, 696], [844, 696], [844, 765], [588, 765]], '생각입다?', 0.41800527723641356), ([[163, 1227], [264, 1227], [264, 1272], [163, 1272]], '에에,', 0.7431178909064844), ([[280, 1221], [518, 1221], [518, 1283], [280, 1283]], '아니; 괜찮소', 0.7071969276048372), ([[157, 1270], [520, 1270], [520, 1332], [157, 1332]], '채비름 덜하고 와서 ,', 0.2818515835305881), ([[161, 1322], [522, 1322], [522, 1384], [161, 1384]], '그 그냥 돌아가켓소,', 0.9278127867595385), ([[1925, 1466], [2115, 1466], [2115, 1535], [1925, 1535]], '안절부절', 0.9776579737663269), ([[140, 1526], [205, 1526], [205, 1542], [140, 1542]], ' ', 0.43308528148582454), ([[1885, 1529], [2156, 1529], [2156, 1598], [1885, 1598]], '못하시논데', 0.945733252355293), ([[1822, 1594], [2214, 1594], [2214, 1663], [1822, 1663]], '지나가서도 되니다', 0.3408226980550183), ([[1891, 1772], [2237, 1772], [2237, 1841], [1891, 1841]], '서두르면 해지기', 0.7455776294150344), ([[1892, 1832], [2231, 1832], [2231, 1907], [1892, 1907]], '전에논 넘어갈 수', 0.2155690206506999), ([[1965, 1895], [2159, 1895], [2159, 1968], [1965, 1968]], '아켓지요', 0.26179027557373047)]
[([[1571, 279], [1957, 279], [1957, 354], [1571, 354]], '서방남께서 이리도', 0.7150516527130578), ([[1620, 344], [1911, 344], [1911, 417], [1620, 417]], '힘어주시논데', 0.8388899241229857), ([[1617, 411], [1919, 411], [1919, 479], [1617, 479]], '소녀가 가만히', 0.7412019479706646), ([[1614, 465], [1913, 465], [1913, 551], [1614, 551]], '누워있올 수는', 0.2774847186654524), ([[1675, 541], [1854, 541], [1854, 610], [1675, 610]], '없지요-', 0.9558247616558286), ([[1823, 657], [2163, 657], [2163, 730], [1823, 730]], '이번에는 소녀가', 0.8197682996859713), ([[1818, 720], [2168, 720], [2168, 795], [1818, 795]], '해드리켓습니다:', 0.3880521644922593), ([[1617, 1106], [1739, 1106], [1739, 1166], [1617, 1166]], '하아', 0.9999472325534401), ([[297, 1566], [687, 1566], [687, 1641], [297, 1641]], '그럼 서방님울 위한', 0.5878729789191017), ([[1451, 1295], [1987, 1295], [1987, 1813], [1451, 1813]], '살량', 0.17464663695785104), ([[318, 1630], [675, 1630], [675, 1705], [318, 1705]], '소녀의 봉사 부디', 0.7167916422496033), ([[273, 1692], [701, 1692], [701, 1767], [273, 1767]], '맛외게 즐겨주시길어', 0.3168596885644407), ([[920, 2570], [1030, 2570], [1030, 2627], [920, 2627]], '하아', 0.9994588773566991), ([[1544, 2716], [1693, 2716], [1693, 2820], [1544, 2820]], '제빛', 0.0773218876213548), ([[2084, 2619], [2345, 2619], [2345, 2805], [2084, 2805]], '올필', 0.3345307335099809), ([[2023.2122960737279, 1488.016335376842], [2162.5682771626402, 1558.6998821587067], [2056.787703926272, 1766.983664623158], [1917.43172283736, 1696.3001178412933]], '9', 0.2044127154894717)]
[([[297, 182], [321, 182], [321, 209], [297, 209]], '0', 0.9954516272768075), ([[1525, 310], [1647, 310], [1647, 371], [1525, 371]], '하아.', 0.5162958969912451), ([[1755, 716], [2058, 716], [2058, 793], [1755, 793]], '서방님의한껏', 0.7617772842705002), ([[1722, 783], [2094, 783], [2094, 858], [1722, 858]], '단단해진 자지가', 0.9447103151952831), ([[1674, 846], [2082, 846], [2082, 924], [1674, 924]], '들어오고 있습니다', 0.5507704594269989), ([[207, 1967], [561, 1967], [561, 2044], [207, 2044]], '소녀의 보지안을', 0.4367825612182782), ([[1229, 1627], [2121, 1627], [2121, 2048], [1229, 2048]], '교기유', 0.004674398822767381), ([[205, 2034], [559, 2034], [559, 2114], [205, 2114]], '채워넣어가논게', 0.4156554330287479), ([[214, 2104], [496, 2104], [496, 2179], [214, 2179]], '너무 좋아요', 0.7682487959068777), ([[1983, 2496], [2105, 2496], [2105, 2573], [1983, 2573]], '찌육느', 0.04515679719140441), ([[476, 2589], [527, 2589], [527, 2631], [476, 2631]], '스', 0.3483324600034763), ([[556, 2556], [687, 2556], [687, 2631], [556, 2631]], '극  {', 0.3944408893585205)]
[([[1714, 391], [2061, 391], [2061, 459], [1714, 459]], '소녀가하켓다고', 0.5806980325612793), ([[1670, 450], [2082, 450], [2082, 523], [1670, 523]], '말씀 드껴논데에-~', 0.08511263666495099), ([[1161, 583], [1230, 583], [1230, 640], [1161, 640]], '4', 0.21827437438844655), ([[1566, 821], [1671, 821], [1671, 877], [1566, 877]], '하아', 0.9999431022286218), ([[1886, 1053], [1993, 1053], [1993, 1106], [1886, 1106]], '하아', 0.9989420252153186), ([[1738, 1104], [2160, 1104], [2160, 1172], [1738, 1172]], '그리 애태우면서 하면', 0.8956889284186126), ([[1709, 1164], [2194, 1164], [2194, 1233], [1709, 1233]], '어떻계 참눈단 말이오{', 0.15169913455328185), ([[68, 989], [929, 989], [929, 1573], [68, 1573]], '짓매', 0.021590214997109385), ([[203, 2084], [505, 2084], [505, 2245], [203, 2245]], '급히창의료.', 0.155885479902236), ([[1610, 1796], [2319, 1796], [2319, 2404], [1610, 2404]], '^택:', 0.0041725148651647155)]
[([[1622, 308], [1741, 308], [1741, 364], [1622, 364]], '하아', 0.9999438608593363), ([[1615, 490], [2072, 490], [2072, 976], [1615, 976]], '빵', 0.1124563290085554), ([[1917, 1276], [2123, 1276], [2123, 1349], [1917, 1349]], '어찌이리', 0.9892805814743042), ([[1852, 1335], [2133, 1335], [2133, 1420], [1852, 1420]], '늘름하신지 ', 0.288029001854862), ([[238, 1592], [347, 1592], [347, 1652], [238, 1652]], '하아;', 0.44588277919676056), ([[64, 1675], [815, 1675], [815, 2176], [64, 2176]], '파양 ', 0.5389812442336304), ([[385, 2253], [694, 2253], [694, 2330], [385, 2330]], '침소에선 저도', 0.8700211107769781), ([[2047, 2254], [2183, 2254], [2183, 2315], [2047, 2315]], '하아 ,,', 0.46880231522116184), ([[378, 2322], [705, 2322], [705, 2400], [378, 2400]], '당해널 재간이', 0.26338487652614867), ([[399, 2392], [624, 2392], [624, 2467], [399, 2467]], '없제군요', 0.284763902425766), ([[847, 2279], [1555, 2279], [1555, 2873], [847, 2873]], '7?', 0.04769376236103185)]
[([[1740, 383], [1979, 383], [1979, 460], [1740, 460]], '싸켓소 {', 0.11589800686036052), ([[1610, 642], [2345, 642], [2345, 1102], [1610, 1102]], '=륙료', 0.03430276210653053), ([[231, 1068], [270, 1068], [270, 1119], [231, 1119]], '0', 0.5591804034920642), ([[1809, 1640], [1849, 1640], [1849, 1664], [1809, 1664]], '0', 0.8695270233583621), ([[241, 1767], [354, 1767], [354, 1839], [241, 1839]], '으응', 0.9996693318415477), ([[340, 2259], [602, 2259], [602, 2339], [340, 2339]], '여태 안사터', 0.36793254580422113), ([[1806, 2160], [2182, 2160], [2182, 2394], [1806, 2394]], '과.', 0.32427682557245263), ([[247, 2326], [407, 2326], [407, 2390], [247, 2390]], '그 어떤', 0.9759484999279071), ([[401, 2308], [700, 2308], [700, 2406], [401, 2406]], '계집들보다도', 0.9166183268194185), ([[284, 2381], [651, 2381], [651, 2460], [284, 2460]], '화홀하 맛이없다,', 0.25362888548640317), ([[702, 2556], [731, 2556], [731, 2632], [702, 2632]], '5', 0.47234666948044435), ([[713, 2639], [737, 2639], [737, 2675], [713, 2675]], '8', 0.47586872540282243), ([[2166.0686069006206, 2135.0241131819753], [2309.8508884747325, 2160.3962439959355], [2271.9313930993794, 2363.9758868180247], [2128.1491115252675, 2338.6037560040645]], '!1!', 0.14548425792498967), ([[911.0598282089383, 2114.008499954288], [1577.1867727970546, 2367.839525633314], [1408.9401717910616, 2770.991500045712], [742.8132272029454, 2517.160474366686]], '이사-%', 0.060739096254110336)]
[([[1719, 228], [2033, 228], [2033, 307], [1719, 307]], '게다가 그맛은', 0.8750462450149575), ([[1751, 287], [2001, 287], [2001, 365], [1751, 365]], '보면 볼수록', 0.9665302430725787), ([[1735, 349], [1983, 349], [1983, 424], [1735, 424]], '더욱 깊어저,', 0.5839011105378472), ([[397, 449], [497, 449], [497, 511], [397, 511]], '허억;', 0.45600369572639465), ([[1745, 703], [1865, 703], [1865, 763], [1745, 763]], '하아', 0.9999171403013263), ([[2098, 1349], [2194, 1349], [2194, 1411], [2098, 1411]], '허억', 0.8519011661723593), ([[1694, 1383], [2072, 1383], [2072, 1608], [1694, 1608]], '움질 !', 0.6212622892223468), ([[293, 1807], [409, 1807], [409, 1862], [293, 1862]], '하아', 0.9999765664326473), ([[887, 2099], [944, 2099], [944, 2155], [887, 2155]], "양'", 0.2907063340961013), ([[799, 2156], [1072, 2156], [1072, 2231], [799, 2231]], '아직 배시면', 0.9957020381363372), ([[2199, 2300], [2298, 2300], [2298, 2426], [2199, 2426]], '(', 0.5320438067912825), ([[241, 2388], [672, 2388], [672, 2463], [241, 2463]], '아무리 시간을 들여도', 0.952039462818272), ([[234, 2457], [285, 2457], [285, 2508], [234, 2508]], '그', 0.9997340617581507), ([[284, 2444], [687, 2444], [687, 2521], [284, 2521]], '끝을 볼 수튼 잇든지', 0.21407472347811354), ([[305, 2506], [608, 2506], [608, 2574], [305, 2574]], '의문이 들 정도', 0.6976717445936998), ([[733, 2529], [758, 2529], [758, 2596], [733, 2596]], '8', 0.9999895096100317), ([[2071, 2707], [2267, 2707], [2267, 2807], [2071, 2807]], '퍼;', 0.00368627760925103), ([[1732, 2803], [1770, 2803], [1770, 2832], [1732, 2832]], '0', 0.523742102448125), ([[382.71019925882297, 168.29141844352822], [422.04194306747075, 130.18675371782888], [439.28980074117703, 152.70858155647178], [399.95805693252925, 189.81324628217112]], '93', 0.18093269201202156), ([[1180.5326350097305, 256.0273975827085], [1210.3722097974864, 245.01735516689536], [1246.4673649902695, 348.9726024172915], [1216.6277902025136, 359.98264483310464]], '8', 0.9927248244344469), ([[206.59483277120617, 1022.016443085836], [240.32191138998982, 1006.0103734551577], [308.4051672287938, 1154.983556914164], [274.67808861001015, 1170.9896265448424]], '8', 0.7446850122585182), ([[1426.8595216743217, 1875.0108400693205], [2287.437313947076, 2022.6326340819633], [2176.1404783256785, 2520.9891599306798], [1315.5626860529242, 2373.3673659180367]], '다보요움=', 0.01991722307756206), ([[1957.7072857279059, 2760.01431442464], [1980.2450797183358, 2750.010027436303], [2029.2927142720941, 2867.98568557536], [2006.7549202816642, 2877.989972563697]], '(', 0.7460556892451145)]
[([[1248, 143], [1348, 143], [1348, 209], [1248, 209]], '후우', 0.9785566387956552), ([[530, 181], [657, 181], [657, 245], [530, 245]], '어머', 0.9985538266311429), ([[449, 240], [736, 240], [736, 308], [449, 308]], '천천히하서도', 0.9958761389891789), ([[499, 305], [677, 305], [677, 369], [499, 369]], '되논데어', 0.43145644664764404), ([[912, 224], [1170, 224], [1170, 585], [912, 585]], '장', 0.2329617069871439), ([[188, 1099], [299, 1099], [299, 1161], [188, 1161]], '하아', 0.999933324336724), ([[980, 1675], [1087, 1675], [1087, 1737], [980, 1737]], '하악', 0.9971055713411543), ([[1903, 1575], [2229, 1575], [2229, 1944], [1903, 1944]], '탓', 0.010153958562364673), ([[1695, 2056], [2005, 2056], [2005, 2135], [1695, 2135]], '안쪽 깊은 곳에', 0.6326478049331672), ([[1687, 2121], [2013, 2121], [2013, 2188], [1687, 2188]], '사정할 때마다 ,,', 0.7016322963128462), ([[457, 2151], [667, 2151], [667, 2226], [457, 2226]], '밤은 아직', 0.7472438474710186), ([[385, 2214], [726, 2214], [726, 2289], [385, 2289]], '깊어요 서방님~', 0.2629508893462551), ([[1921, 2281], [2176, 2281], [2176, 2349], [1921, 2349]], '나 모한 같이', 0.7954479371444897), ([[1950, 2341], [2147, 2341], [2147, 2405], [1950, 2405]], '그 안으로', 0.7706415276834081), ([[1906, 2394], [2188, 2394], [2188, 2469], [1906, 2469]], '빨려들어가는', 0.7358623513670712), ([[1927, 2456], [2171, 2456], [2171, 2525], [1927, 2525]], '느낌이없다,', 0.8375510578739026)]
[([[368, 224], [696, 224], [696, 298], [368, 298]], '그럼에도 더없이', 0.9580153274727765), ([[307, 278], [750, 278], [750, 358], [307, 358]], '황홀한 이 기분을 계속', 0.1975663602681737), ([[355, 343], [700, 343], [700, 412], [355, 412]], '이어가고 싶어서,,', 0.7160862489576011), ([[858, 152], [1484, 152], [1484, 697], [858, 697]], '쥐;', 0.021153397995978658), ([[1139, 783], [1243, 783], [1243, 838], [1139, 838]], '하아', 0.9999405734607911), ([[300, 1501], [935, 1501], [935, 1953], [300, 1953]], '제료', 0.08202608716711329), ([[1906, 1812], [2177, 1812], [2177, 1884], [1906, 1884]], '아니 내 앞의', 0.616473885116631), ([[1878, 1882], [1924, 1882], [1924, 1922], [1878, 1922]], '0', 0.9870552664604162), ([[1926, 1870], [2215, 1870], [2215, 1943], [1926, 1943]], '여자루 완전히', 0.479223099881387), ([[1877, 1926], [2212, 1926], [2212, 2002], [1877, 2002]], '정복하고 싶다는', 0.7037758726980882), ([[1876, 1986], [2216, 1986], [2216, 2052], [1876, 2052]], '욕심 때문인가,?', 0.7208371823761854), ([[1385, 2481], [1496, 2481], [1496, 2543], [1385, 2543]], '하아', 0.9999301212402952), ([[1602, 2237], [2269, 2237], [2269, 2647], [1602, 2647]], '셋', 0.029287808207813848)]
[([[413, 141], [749, 141], [749, 205], [413, 205]], '어느랜가 그런 건', 0.3076026969813409), ([[335, 191], [823, 191], [823, 332], [335, 332]], '이플해물안채없안올', 0.0052220340745316165), ([[1017, 106], [1262, 106], [1262, 391], [1017, 391]], '꽤', 0.2628435265938265), ([[483, 314], [682, 314], [682, 383], [483, 383]], '쫓아간다,', 0.9399379338539959), ([[1036, 566], [1166, 566], [1166, 630], [1036, 630]], '하아', 0.9999371174811182), ([[967, 629], [1238, 629], [1238, 698], [967, 698]], '서방님 자지', 0.9258813342541273), ([[934, 691], [1272, 691], [1272, 766], [934, 766]], '점점평빵해지고', 0.32844159857282285), ([[993, 754], [1158, 754], [1158, 827], [993, 827]], '있어요', 0.9324112855786256), ([[160, 1517], [683, 1517], [683, 2004], [160, 2004]], '짧상', 0.06274801665223731), ([[882, 1992], [1283, 1992], [1283, 2144], [882, 2144]], '푸최부안에잔등', 0.0038101968904597884), ([[1856, 1818], [2204, 1818], [2204, 2292], [1856, 2292]], '땅', 0.3048528504877801), ([[2189, 1973], [2277, 1973], [2277, 2144], [2189, 2144]], '1', 0.3185971026198331), ([[1822, 2398], [2111, 2398], [2111, 2466], [1822, 2466]], '이암도개비의', 0.34992065437373054), ([[1777, 2454], [2155, 2454], [2155, 2532], [1777, 2532]], '능청스럽던 말씨도', 0.4785529939998756), ([[1792, 2517], [2142, 2517], [2142, 2583], [1792, 2583]], '어느새 교태 석인', 0.5319197344247933), ([[1798, 2572], [2134, 2572], [2134, 2647], [1798, 2647]], '끈적한 신음처럼', 0.9104645171027503), ([[1854, 2635], [2080, 2635], [2080, 2708], [1854, 2708]], '들려서는 ,,', 0.44919887402805386)]
[([[1750, 169], [1907, 169], [1907, 303], [1750, 303]], '보져운', 0.0038390907292626827), ([[1838, 169], [2049, 169], [2049, 305], [1838, 305]], "'울할-록", 0.09107945334817245), ([[1954, 233], [2048, 233], [2048, 297], [1954, 297]], '더욱', 0.9986303337300411), ([[1710, 290], [2089, 290], [2089, 363], [1710, 363]], '존득하계 조여워고', 0.1427361670663866), ([[827, 744], [867, 744], [867, 801], [827, 801]], '1', 0.8469664744879744), ([[865, 985], [970, 985], [970, 1049], [865, 1049]], '크욕,', 0.2215045836665662), ([[1755, 1181], [2195, 1181], [2195, 1558], [1755, 1558]], '오벽', 0.04001294362640695), ([[1055, 1665], [1108, 1665], [1108, 1720], [1055, 1720]], '오', 0.9994408674018906), ([[1711, 2294], [2054, 2294], [2054, 2360], [1711, 2360]], '그 때문에자지는', 0.47812162313411327), ([[1715, 2347], [2050, 2347], [2050, 2423], [1715, 2423]], '더욱 단단해저서,', 0.5658160239968782), ([[1715, 2403], [2053, 2403], [2053, 2483], [1715, 2483]], '서로가 더한 정8', 0.37468569908914556), ([[781, 2288], [1347, 2288], [1347, 2753], [781, 2753]], '#', 0.029314019279574888), ([[1701, 2468], [2060, 2468], [2060, 2542], [1701, 2542]], '갈구하는 듯햇다,', 0.7802867030705385), ([[616, 2700], [643, 2700], [643, 2742], [616, 2742]], '0', 0.9316306138789834), ([[616, 2752], [641, 2752], [641, 2789], [616, 2789]], '0', 0.9979251667829345), ([[495.750553239354, 335.0185888422946], [938.3992370738047, 399.0453933359519], [872.249446760646, 754.9814111577055], [429.6007629261954, 691.954606664048]], '#', 0.00962360252024319)]
[([[499, 307], [821, 307], [821, 374], [499, 374]], '엇? 정말이오   ?', 0.3871756204692079), ([[593, 364], [691, 364], [691, 428], [593, 428]], '고맙', 0.6753131762180008), ([[1842, 771], [2216, 771], [2216, 839], [1842, 839]], '대신-저와 씨름올', 0.8798660848689698), ([[1824, 834], [2234, 834], [2234, 902], [1824, 902]], '좀 해주서야켓논데', 0.81760971693541), ([[322, 1350], [516, 1350], [516, 1423], [322, 1423]], '씨,름,,?', 0.542524998328742), ([[140, 1524], [212, 1524], [212, 1542], [140, 1542]], '7 _', 0.10680923610925674), ([[271, 1655], [585, 1655], [585, 1721], [271, 1721]], '내 그래도 발일로', 0.6167820243103307), ([[274, 1707], [585, 1707], [585, 1771], [274, 1771]], '체력은 어느 정도', 0.8048628835365094), ([[312, 1761], [545, 1761], [545, 1827], [312, 1827]], '다져놓앗고 ,', 0.4163365042789495), ([[159, 1943], [470, 1943], [470, 2003], [159, 2003]], '도깨비이긴 하나,', 0.436505523255606), ([[181, 1996], [452, 1996], [452, 2061], [181, 2061]], '남자도 아니니', 0.9935836667289091), ([[159, 2051], [459, 2051], [459, 2115], [159, 2115]], '해볼만 활지도', 0.6182982045253534), ([[283, 2350], [610, 2350], [610, 2419], [283, 2419]], '좋소; 내가 이기면', 0.36623050006517793), ([[1893, 2352], [2206, 2352], [2206, 2424], [1893, 2424]], '물론. 그럼바로', 0.6390470341986921), ([[328, 2407], [560, 2407], [560, 2473], [328, 2473]], '지나가켓소,', 0.6697212330328236), ([[1922, 2417], [2175, 2417], [2175, 2490], [1922, 2490]], '시작하지요', 0.9994765131493273)]
[([[268, 254], [292, 254], [292, 287], [268, 287]], '1', 0.05639747921947347), ([[279, 182], [593, 182], [593, 321], [279, 321]], '표훈-다저저', 0.00037075945776535694), ([[1664, 42], [2270, 42], [2270, 430], [1664, 430]], '부무로 ', 0.14334312081336975), ([[244, 303], [601, 303], [601, 367], [244, 367]], '하느관계가 아분', 0.22492043968686318), ([[824, 995], [881, 995], [881, 1043], [824, 1043]], '아', 0.9999842644356818), ([[1264, 760], [1694, 760], [1694, 1111], [1264, 1111]], '겨옷', 0.09357990609171948), ([[1893, 1402], [2222, 1402], [2222, 1475], [1893, 1475]], '오로지 올라오는', 0.8075626993401731), ([[1841, 1458], [2269, 1458], [2269, 1533], [1841, 1533]], '정옥을 쏟아내기 위한', 0.6271487283789624), ([[1890, 1519], [2220, 1519], [2220, 1592], [1890, 1592]], '이기적인 교합이', 0.8028476368727587), ([[1959, 1579], [2153, 1579], [2153, 1643], [1959, 1643]], '되어간다,', 0.8213097861092766), ([[1287, 1737], [1311, 1737], [1311, 1766], [1287, 1766]], '0', 0.9967394270836536), ([[55, 1737], [670, 1737], [670, 2250], [55, 2250]], '월다', 0.16626288311343093), ([[1570, 1970], [2146, 1970], [2146, 2387], [1570, 2387]], '육래;', 0.05545362604528907), ([[1560, 2401], [1943, 2401], [1943, 2474], [1560, 2474]], '서로의 몸이하나가', 0.3279875230118715), ([[1503, 2460], [1992, 2460], [1992, 2532], [1503, 2532]], '되는 듯한 기분이 들면서,', 0.7941146323704585), ([[1584, 2514], [1914, 2514], [1914, 2591], [1584, 2591]], '불필요한 이성올', 0.3567367440177751), ([[1632, 2572], [1849, 2572], [1849, 2648], [1632, 2648]], '없애간다 ,', 0.8113876551924526), ([[779.4222912360003, 1200.2111456180003], [896.4180877658853, 1166.9223388089717], [904.5777087639997, 1198.7888543819997], [787.5819122341147, 1233.0776611910283]], '~-8', 0.02329597928178271), ([[1346.2386965675892, 1689.0914870488568], [1597.2812774430056, 1672.7780091847856], [1596.7613034324108, 1818.9085129511432], [1345.7187225569944, 1835.2219908152144]], '타아!', 0.03194344223509136), ([[129.75884743023906, 2343.0097081349645], [155.0135942608203, 2347.176415987715], [135.24115256976094, 2472.9902918650355], [110.9864057391797, 2469.823584012285]], '8', 0.5608070137606234)]
[([[1597, 170], [1692, 170], [1692, 230], [1597, 230]], '허억', 0.9620514627681732), ([[368, 150], [644, 150], [644, 524], [368, 524]], '꿀', 0.3803050611674088), ([[283, 978], [594, 978], [594, 1046], [283, 1046]], '하아 서방님어', 0.315480112712516), ([[275, 1038], [606, 1038], [606, 1110], [275, 1110]], '아무리분위기가', 0.8128863125040259), ([[274, 1099], [610, 1099], [610, 1168], [274, 1168]], '무르의없다지만.', 0.7085803026531163), ([[205, 1161], [672, 1161], [672, 1234], [205, 1234]], '이제 체면따위논신경도', 0.6696833759888601), ([[2053, 1189], [2174, 1189], [2174, 1251], [2053, 1251]], '후육 ,,', 0.02029283356419697), ([[253, 1223], [578, 1223], [578, 1292], [253, 1292]], '안쓰시논 겁나까', 0.545459524671393), ([[1594, 1203], [2134, 1203], [2134, 1671], [1594, 1671]], '뚜육', 0.05424953580620822), ([[1932, 1810], [2171, 1810], [2171, 1879], [1932, 1879]], '벌써 몇번째', 0.6067274377323346), ([[1901, 1869], [2155, 1869], [2155, 1944], [1901, 1944]], '사정이신지 ', 0.5161178517522846), ([[476, 1957], [603, 1957], [603, 2023], [476, 2023]], '후위', 0.7819536078838937), ([[364.8224555561156, 2335.0141511344073], [1104.1396309816985, 2445.5035017996943], [1021.1775444438845, 2848.9858488655927], [281.8603690183016, 2739.4964982003057]], '7역!', 0.08393676675115277)]
[([[425, 229], [542, 229], [542, 364], [425, 364]], '양', 0.011817426388034458), ([[1870, 306], [2036, 306], [2036, 335], [1870, 335]], '986?9', 0.05181840556115832), ([[528, 343], [581, 343], [581, 381], [528, 381]], '', 0.0), ([[458, 600], [801, 600], [801, 668], [458, 668]], '포임청 토해내고', 0.8042510314009569), ([[455, 657], [789, 657], [789, 735], [455, 735]], '있어요 서방님어', 0.35704404653537636), ([[1586, 508], [2186, 508], [2186, 861], [1586, 861]], '울러 ', 0.03531658942007455), ([[1903, 1250], [2021, 1250], [2021, 1312], [1903, 1312]], '하악 ', 0.6745128931992718), ([[1263, 1326], [1283, 1326], [1283, 1407], [1263, 1407]], '}', 0.5936821054201715), ([[503, 2202], [680, 2202], [680, 2268], [503, 2268]], '대단해', 0.9998741191938411), ([[927.0298574998546, 294.1194299994187], [1047.9702788942745, 229.32092491888957], [1060.9701425001454, 261.8805700005813], [940.0297211057253, 326.67907508111045]], '명6어형3', 0.0007037838835570323), ([[214.0689307056022, 1230.0405507933326], [866.6133531981934, 1167.519145384109], [873.9310692943977, 1559.9594492066674], [220.3866468018066, 1622.480854615891]], '옳', 0.6908679809613183), ([[1556.0259053144903, 2332.0175772113835], [1738.974553808043, 2263.1643515143933], [1869.9740946855097, 2662.9824227886165], [1687.025446191957, 2731.8356484856067]], '불', 0.9973641145254675), ([[1857.1908762708445, 2235.010561173346], [2242.999926107699, 2456.932314571817], [2108.8091237291555, 2679.989438826654], [1723.0000738923009, 2458.067685428183]], '아거', 0.013926282791952778)]
[([[418, 362], [449, 362], [449, 389], [418, 389]], '9', 0.5094742953669993), ([[1894, 456], [1987, 456], [1987, 518], [1894, 518]], '허억', 0.9284224603171524), ([[1295, 764], [1312, 764], [1312, 795], [1295, 795]], '<', 0.9986075245363715), ([[528, 863], [626, 863], [626, 927], [528, 927]], '허억', 0.9432316038750704), ([[1833, 1131], [1960, 1131], [1960, 1193], [1833, 1193]], '하아 ', 0.9522079264432084), ([[1900, 1444], [2153, 1444], [2153, 1512], [1900, 1512]], '하아 정말', 0.999889163595791), ([[1839, 1506], [2220, 1506], [2220, 1581], [1839, 1581]], '꼭꼭 채워주석네요', 0.6437396642721755), ([[1921, 1572], [2088, 1572], [2088, 1640], [1921, 1640]], '서방님', 0.8235866031897917), ([[331, 1600], [1162, 1600], [1162, 2069], [331, 2069]], '질현', 0.10971987036252383), ([[338, 2160], [667, 2160], [667, 2233], [338, 2233]], '자지 뽑자마자', 0.5375961413673619), ([[320, 2221], [685, 2221], [685, 2298], [320, 2298]], '흘러나올 정도로', 0.9937317189118153), ([[2010, 2330], [2046, 2330], [2046, 2372], [2010, 2372]], '0', 0.9967255024023736), ([[187.37643724136055, 122.04885820658504], [468.98213329373226, 104.84196186171215], [470.6235627586395, 341.951141793415], [188.0178667062677, 360.15803813828785]], '움월', 0.09432668536557495), ([[1795.7888001502056, 184.0432021028775], [1915.9273376544434, 144.45986641686375], [1975.2111998497944, 357.9567978971225], [1856.0726623455566, 396.54013358313625]], '{', 0.31990124491530025), ([[1731.5438284472382, 189.03488490704814], [1757.3349708355452, 177.018759563649], [1795.4561715527618, 259.96511509295186], [1770.6650291644548, 271.981240436351]], '8', 0.5182185251774776), ([[1513.0069084835102, 745.0829018021229], [1878.9692070641083, 708.6871952905944], [1883.9930915164898, 912.9170981978771], [1518.0307929358917, 949.3128047094056]], '움질 !', 0.691550076007843), ([[2176.575735931288, 1279.0301515190165], [2201.363163125933, 1273.0220623673483], [2222.424264068712, 1354.9698484809835], [2197.636836874067, 1360.9779376326517]], ';', 0.969679918360189), ([[110.82080788083945, 1328.00401574272], [141.0250530321505, 1332.1335718962744], [112.17919211916055, 1558.99598425728], [81.97494696784949, 1554.8664281037256]], '1', 0.1370364176915615)]
[([[1098, 63], [1790, 63], [1790, 402], [1098, 402]], '까이악"', 0.026045994833111763), ([[394, 430], [561, 430], [561, 499], [394, 499]], '오오', 0.9674246132561138), ([[2028, 424], [2070, 424], [2070, 480], [2028, 480]], '못', 0.9715326007015079), ([[0, 392], [349, 392], [349, 648], [0, 648]], '창', 0.0018661853801527628), ([[684, 556], [973, 556], [973, 827], [684, 827]], '#활', 0.01693466587364618), ([[1446, 564], [1759, 564], [1759, 864], [1446, 864]], '대움', 0.017870187023174), ([[285, 764], [369, 764], [369, 886], [285, 886]], '1', 0.002817860136214448), ([[243, 927], [272, 927], [272, 960], [243, 960]], '0', 0.9999946355891645), ([[1852, 986], [1961, 986], [1961, 1061], [1852, 1061]], '으응', 0.9997751118235559), ([[949, 1251], [1057, 1251], [1057, 1361], [949, 1361]], '#%', 0.08054800981633657), ([[338, 1537], [444, 1537], [444, 1617], [338, 1617]], '응응', 0.799630521569566), ([[1300, 1669], [1329, 1669], [1329, 1725], [1300, 1725]], '3', 0.7210831585621804), ([[963, 1811], [1585, 1811], [1585, 2212], [963, 2212]], '셈로', 0.1382068535618425), ([[378.87652476222786, 762.5012198097824], [443.41754592549694, 728.8132349163905], [458.12347523777214, 759.4987801902176], [394.58245407450306, 793.1867650836095]], '30', 0.22734213140262718), ([[2040.3455560743832, 746.0472313017046], [2319.2863287475575, 723.2764658915036], [2325.6544439256168, 978.9527686982954], [2046.7136712524423, 1001.7235341084964]], '운질', 0.29054700336738926), ([[286.29783848427496, 880.0833290885266], [309.7817255113238, 897.8766108511961], [274.70216151572504, 939.9166709114734], [252.21827448867617, 921.1233891488039]], '8', 0.9982967483000635), ([[194.937910673763, 1073.0686601064451], [555.7494188026893, 1020.9414163785917], [575.062089326237, 1284.9313398935549], [214.2505811973107, 1337.0585836214084]], '움질!', 0.15778251050227152), ([[1634.9724865448509, 1935.1590814507222], [1720.6293421932185, 2009.9178391076075], [1612.0275134551491, 2131.840918549278], [1527.3706578067815, 2057.0821608923925]], '9', 0.3414668611669782)]
[([[1799, 64], [2120, 64], [2120, 295], [1799, 295]], '부둘', 0.24435897433688417), ([[285, 409], [518, 409], [518, 477], [285, 477]], '후우  정말', 0.7662350012726316), ([[1856, 394], [1948, 394], [1948, 451], [1856, 451]], '허억', 0.9520208199201557), ([[183, 468], [578, 468], [578, 545], [183, 545]], '또단단해지세네요', 0.4386272571025553), ([[1890, 1173], [2231, 1173], [2231, 1245], [1890, 1245]], '소녀클 하룻밤에', 0.34754025939929184), ([[1935, 1234], [2184, 1234], [2184, 1309], [1935, 1309]], '과부로 만들', 0.9871771280823792), ([[1912, 1299], [2156, 1299], [2156, 1368], [1912, 1368]], '심산이신지', 0.9971435934285972), ([[400, 1435], [500, 1435], [500, 1499], [400, 1499]], '허억', 0.9435278529524737), ([[1432, 1531], [2117, 1531], [2117, 1919], [1432, 1919]], '꿀렉  ', 0.0855521559715271), ([[352, 1889], [612, 1889], [612, 1958], [352, 1958]], '하지만 아직', 0.9949658445108462), ([[275, 1949], [635, 1949], [635, 2024], [275, 2024]], '밤은 깊으나까요', 0.6259989234095698), ([[1927, 2188], [2036, 2188], [2036, 2248], [1927, 2248]], '하아', 0.9999751334499342), ([[627.6815351223507, 215.0255177585747], [647.2789370436918, 211.01954698978832], [664.3184648776493, 280.9744822414253], [644.7210629563082, 285.98045301021165]], '8', 0.970932384659168)]
[([[1247, 107], [1621, 107], [1621, 391], [1247, 391]], "'소육", 0.5730847030043725), ([[1694, 501], [2090, 501], [2090, 828], [1694, 828]], '%움', 0.7809839383420606), ([[319, 825], [432, 825], [432, 893], [319, 893]], '어점', 0.907340881434119), ([[163, 890], [592, 890], [592, 959], [163, 959]], '아직도 가라앉히지틀', 0.5859804316138411), ([[195, 953], [560, 953], [560, 1022], [195, 1022]], '못하시논겁나-', 0.5751714613519072), ([[2073, 932], [2172, 932], [2172, 1007], [2073, 1007]], '음응', 0.936972345067275), ([[174, 1553], [514, 1553], [514, 1626], [174, 1626]], '정말로 밤새도록', 0.9917470470951458), ([[189, 1614], [494, 1614], [494, 1691], [189, 1691]], '안아주실 줄은', 0.9878477822189728), ([[187, 1681], [447, 1681], [447, 1754], [187, 1754]], '몰라습니다 ', 0.21995585341601218), ([[693, 1969], [811, 1969], [811, 2024], [693, 2024]], '하아', 0.9999422593058034), ([[345, 2219], [766, 2219], [766, 2292], [345, 2292]], '이리성심껏 해주시니', 0.9896286168192232), ([[335, 2281], [775, 2281], [775, 2356], [335, 2356]], '소녀 초유라도 만들어', 0.8764939980051378), ([[363, 2345], [748, 2345], [748, 2418], [363, 2418]], '보답올 해드웨으면', 0.19006110287007064), ([[451, 2409], [659, 2409], [659, 2477], [451, 2477]], '증계지만.', 0.16979958529884423), ([[2196, 2519], [2345, 2519], [2345, 2616], [2196, 2616]], '멘뭐;', 0.008148108535382888), ([[2058, 2616], [2102, 2616], [2102, 2667], [2058, 2667]], '0', 0.19880182165575722), ([[1433.9176778410222, 1441.0944562512427], [1816.4845048201137, 1400.7789496394553], [1822.0823221589778, 1596.9055437487573], [1439.5154951798863, 1637.2210503605447]], '계-', 0.15282555406248938), ([[1940.72811336625, 2033.023117571875], [2277.5134571308627, 2081.1862856356133], [2224.27188663375, 2377.976882428125], [1887.4865428691373, 2329.8137143643867]], '곳물', 0.27590685296634654)]
[([[1799, 283], [2012, 283], [2012, 351], [1799, 351]], '그럼아예', 0.9808991487783828), ([[1672, 341], [2136, 341], [2136, 419], [1672, 419]], '서방님께서 제 초유틀', 0.3088053956088644), ([[1676, 405], [2129, 405], [2129, 482], [1676, 482]], '만들어주시계습나까?', 0.5413391571204192), ([[2061, 759], [2159, 759], [2159, 831], [2061, 831]], '응응', 0.7287161074384457), ([[1816, 902], [2200, 902], [2200, 1259], [1816, 1259]], '스톱', 0.2592936107474818), ([[309, 2007], [759, 2007], [759, 2085], [309, 2085]], '앞서 말씀드럽다시피', 0.424553073024241), ([[367, 2075], [705, 2075], [705, 2150], [367, 2150]], '도깨비는임신올', 0.21748122076811052), ([[395, 2143], [675, 2143], [675, 2212], [395, 2212]], '하지앉지만.', 0.3260390033544108), ([[1763, 2494], [1910, 2494], [1910, 2558], [1763, 2558]], '그래도', 0.9999852713542337), ([[1636, 2554], [2040, 2554], [2040, 2627], [1636, 2627]], '괜찮으시계습나?', 0.5165358259877484), ([[2058, 2618], [2102, 2618], [2102, 2667], [2058, 2667]], '0', 0.11522225714158196)]
[([[1151, 1198], [1271, 1198], [1271, 1265], [1151, 1265]], '응 응', 0.5551940779349247)]
[([[1070.3446046887868, 1506.0359026679605], [1111.4637250451592, 1487.0179469174461], [1163.6553953112132, 1608.9640973320395], [1122.5362749548408, 1627.9820530825539]], '@', 0.06631075876271098)]
[([[1851, 337], [2059, 337], [2059, 401], [1851, 401]], '자-그럼', 0.8033730724863264), ([[1735, 394], [2175, 394], [2175, 467], [1735, 467]], '여자라고 화주지말고', 0.7964463645028911), ([[1790, 455], [2121, 455], [2121, 528], [1790, 528]], '전력껏 하시논게', 0.3290670887463484), ([[1854, 516], [2055, 516], [2055, 588], [1854, 588]], '종을거요', 0.2835405766963959), ([[219, 991], [511, 991], [511, 1119], [219, 1119]], '뭐 편현차 !', 0.05278617314678758), ([[1888, 815], [2269, 815], [2269, 1201], [1888, 1201]], '(때', 0.3504193441945116), ([[214, 1096], [511, 1096], [511, 1170], [214, 1170]], '6척이 넘는 자는', 0.42563536165097926), ([[239, 1149], [468, 1149], [468, 1222], [239, 1222]], '나 뿐이거늘', 0.7783231978287154), ([[73, 1943], [366, 1943], [366, 2188], [73, 2188]], '운령', 0.026306322212502505), ([[530, 2303], [871, 2303], [871, 2372], [530, 2372]], '그 그래도 씨름은', 0.6557088748392258), ([[492, 2362], [905, 2362], [905, 2428], [492, 2428]], '완력으로만 하는 것이', 0.9126537345172103), ([[512, 2416], [846, 2416], [846, 2482], [512, 2482]], '아니니 잘만 하면,', 0.7267245388191592), ([[643.3783634944433, 1509.0322895466554], [684.4274822999274, 1487.0152478010157], [750.6216365055567, 1616.9677104533446], [710.5725177000726, 1638.9847521989843]], '"', 0.06245955734249109), ([[326.0593947347958, 2250.0741868292134], [371.40784319862337, 2238.1675067485603], [392.9406052652042, 2324.9258131707866], [347.59215680137663, 2336.8324932514397]], '@', 0.049125533950713285)]
[([[1570, 1171], [1634, 1171], [1634, 1280], [1570, 1280]], '"', 0.08435236011894531)]
[([[140, 1524], [205, 1524], [205, 1542], [140, 1542]], '7  ', 0.071890839571374)]
[([[138, 1524], [205, 1524], [205, 1542], [138, 1542]], '2 -', 0.020651936531066895)]
[([[138, 1524], [205, 1524], [205, 1542], [138, 1542]], '2 -', 0.020651936531066895)]
[([[645.3909178719197, 1508.0309951448123], [685.4274822999274, 1487.0152478010157], [749.6090821280803, 1617.9690048551877], [708.5725177000726, 1638.9847521989843]], '"', 0.02366598160715072), ([[323.17458977235185, 2249.0570463609333], [368.87296394296897, 2234.063845187811], [397.82541022764815, 2332.9429536390667], [352.12703605703103, 2347.936154812189]], '@', 0.14061925566102307)]
[([[2215, 1531], [2235, 1531], [2235, 1560], [2215, 1560]], '9', 0.9999767543236295), ([[2175.8918944820552, 1463.1243357210426], [2209.6279009320806, 1446.0395826365625], [2243.1081055179448, 1516.8756642789574], [2208.3720990679194, 1534.9604173634375]], '8', 0.9994212034655447), ([[2222.522302683526, 1568.038276637862], [2248.4071564638743, 1563.027757813716], [2263.477697316474, 1635.961723362138], [2237.5928435361257, 1641.972242186284]], '8', 0.9994256129374754), ([[810.200159952016, 2431.0807837648786], [891.9693877367115, 2357.5184038225993], [913.799840047984, 2389.9192162351214], [832.0306122632885, 2463.4815961774007]], '여소', 0.057501490597784796)]
[]
[]
[]
[]
[([[388, 244], [500, 244], [500, 308], [388, 308]], '크욕', 0.14541021435645562), ([[327, 302], [577, 302], [577, 375], [327, 375]], '말도 안되는', 0.9105989692868817), ([[404, 364], [488, 364], [488, 430], [404, 430]], '힘, ,', 0.6050203442573547), ([[1593, 360], [1864, 360], [1864, 433], [1593, 433]], '어라-? 벌써', 0.9907362294649634), ([[1548, 424], [1913, 424], [1913, 502], [1548, 502]], '끝이심나까 나리?', 0.5857319921652541), ([[1742, 606], [2157, 606], [2157, 678], [1742, 678]], '힘깨나 쓰실 것같이', 0.925324295200134), ([[1795, 670], [2099, 670], [2099, 738], [1795, 738]], '생기서선 책만', 0.9698015730716345), ([[1764, 732], [2132, 732], [2132, 804], [1764, 804]], '읽다 오섞습나까?', 0.5296011867310734), ([[1873, 1126], [2237, 1126], [2237, 1195], [1873, 1195]], '이러다 밤새 해도', 0.816921596012207), ([[1877, 1188], [2235, 1188], [2235, 1261], [1877, 1261]], '못이기켓습니다-', 0.6640588351928416), ([[2183, 1458], [2231, 1458], [2231, 1527], [2183, 1527]], '8', 0.9129861857997099), ([[260, 1491], [497, 1491], [497, 1559], [260, 1559]], '게다가 몸이', 0.1787933565537165), ([[2215, 1531], [2235, 1531], [2235, 1560], [2215, 1560]], '9', 0.9996388284697701), ([[285, 1547], [473, 1547], [473, 1613], [285, 1613]], '화소보다', 0.36654549837112427), ([[224, 1603], [538, 1603], [538, 1672], [224, 1672]], '튼튼하잡은가,!', 0.5446943465166517), ([[1084, 1453], [2188, 1453], [2188, 1981], [1084, 1981]], '(?아막 !', 0.05172204939650845), ([[1797, 2384], [2070, 2384], [2070, 2446], [1797, 2446]], '완전히 가지고', 0.9372744586044374), ([[1832, 2440], [2035, 2440], [2035, 2509], [1832, 2509]], '놀고 잇군', 0.2973486361202841), ([[1819, 2491], [2057, 2491], [2057, 2566], [1819, 2566]], '그렇다면 , !', 0.7608260762288697), ([[882, 2511], [1158, 2511], [1158, 2776], [882, 2776]], '대물', 0.1879628714646574), ([[2222.506803038084, 1569.0408182285037], [2248.5068914453327, 1564.0431332355602], [2261.493196961916, 1634.9591817714963], [2235.4931085546673, 1639.9568667644398]], '8', 0.999725718234945), ([[120.72995320779187, 2244.026895703888], [411.2842414672684, 2284.853572115639], [365.2700467922081, 2539.973104296112], [75.71575853273161, 2499.146427884361]], '때문', 0.013741684856767078), ([[812.3204595160191, 2430.077975918882], [884.6206972175974, 2368.4754524110504], [900.6795404839809, 2392.922024081118], [829.3793027824026, 2454.5245475889496]], '6 (', 0.10442576557397842)]
[]
[([[1017, 2215], [1049, 2215], [1049, 2311], [1017, 2311]], '8', 0.3606667408057582)]
[]
[([[636, 2753], [740, 2753], [740, 2790], [636, 2790]], '~9', 0.15531298122452802)]
[([[1561, 2722], [1681, 2722], [1681, 2810], [1561, 2810]], '민', 0.4527554542598331)]
[]
[([[1004.826878574387, 2422.004999336896], [1029.796676984499, 2425.107716164971], [1006.173121425613, 2600.995000663104], [982.203323015501, 2597.892283835029]], "'", 0.8094978181282251)]
[([[1002.826878574387, 2422.004999336896], [1027.764334926126, 2425.099001530386], [1007.173121425613, 2600.995000663104], [982.2356650738741, 2597.900998469614]], "'", 0.6682905522672264)]
[([[620, 2762], [749, 2762], [749, 2801], [620, 2801]], '9우 ', 0.01531358940787832), ([[912.5533722192732, 2069.025012751532], [987.6237256476019, 2137.306302142969], [963.4466277807268, 2165.974987248468], [888.3762743523981, 2097.693697857031]], '무극', 0.008179453769994302)]
[]
[([[411, 321], [475, 321], [475, 389], [411, 389]], '극,', 0.5660936078330444), ([[341, 388], [556, 388], [556, 455], [341, 455]], '해 해가; ,', 0.5809407947051745), ([[1272, 1506], [1522, 1506], [1522, 1585], [1272, 1585]], '마침 해가', 0.9919726231269025), ([[1256, 1575], [1546, 1575], [1546, 1661], [1256, 1661]], '뜨는구나-!', 0.6578653546617729), ([[1966, 2290], [2061, 2290], [2061, 2354], [1966, 2354]], '에?', 0.9989311474804236), ([[1484.7506757414728, 2298.0205425407753], [1906.4553066360806, 2357.9793879713866], [1846.2493242585272, 2677.9794574592247], [1425.5446933639194, 2617.0206120286134]], '움질', 0.10999285706233662)]
[]
[([[994, 2488], [1023, 2488], [1023, 2555], [994, 2555]], '1', 0.30440662537859353), ([[998, 2566], [1018, 2566], [1018, 2633], [998, 2633]], '8', 0.9999165552381442), ([[1246, 2657], [1273, 2657], [1273, 2688], [1246, 2688]], '9', 0.997745831993825)]
[([[931, 2486], [962, 2486], [962, 2686], [931, 2686]], '!', 0.3951252228380895), ([[648, 2767], [699, 2767], [699, 2796], [648, 2796]], '스', 0.39795790677291976)]
[]
[]
[]
[]
[]
[([[161.51467491880055, 357.0395170046834], [182.33129457822454, 343.01834879597914], [237.48532508119945, 423.9604829953166], [216.66870542177546, 438.98165120402086]], '8', 0.9574139758415754), ([[640.2562854188427, 1262.5587995863798], [673.84, 1231.12], [691.7437145811573, 1253.4412004136202], [658.16, 1284.88]], '98', 0.8794368083183727)]
[]
[([[1525, 90], [2112, 90], [2112, 530], [1525, 530]], '파약', 0.07999094146227094), ([[413, 492], [520, 492], [520, 556], [413, 556]], '허억;', 0.7522258849313268), ([[539, 492], [648, 492], [648, 556], [539, 556]], '허억', 0.9391579852984504), ([[387, 547], [694, 547], [694, 622], [387, 622]], '뒷다: 이것에', 0.04330651342930053), ([[1792, 715], [1996, 715], [1996, 783], [1792, 783]], '아 잠깐 ', 0.9850851991251761), ([[1778, 777], [2024, 777], [2024, 849], [1778, 849]], '비겁하게 !', 0.6554770181206442), ([[1799, 1489], [2068, 1489], [2068, 1557], [1799, 1557]], '도개비름 어찌', 0.3039857130433525), ([[1765, 1547], [2108, 1547], [2108, 1613], [1765, 1613]], '힘으로 이기계소?', 0.8812624120385316), ([[1709, 1601], [2158, 1601], [2158, 1667], [1709, 1667]], '이렇계라도 하지 않으면', 0.6856076004357796), ([[1689, 1657], [2180, 1657], [2180, 1724], [1689, 1724]], '평생 여기서 못 나갈런데', 0.29813612805196754), ([[315, 2428], [696, 2428], [696, 2505], [315, 2505]], '아으 알아습니다:', 0.949396056106754), ([[336, 2496], [678, 2496], [678, 2568], [336, 2568]], '나리가 이것으니', 0.47511073349075994), ([[282, 2559], [726, 2559], [726, 2634], [282, 2634]], '지나가서도 좋습니다:', 0.6935152108118361)]
[([[1559, 983], [1583, 983], [1583, 1012], [1559, 1012]], '0', 0.9710210719649695)]
[]
[]
[([[143.79040365394312, 931.1053008274758], [185.5765468011888, 899.0237837056153], [256.20959634605686, 1001.8946991725242], [214.4234531988112, 1033.9762162943848]], '@', 0.04263250593030876)]
[]
[]
[([[466, 1984], [492, 1984], [492, 2024], [466, 2024]], '2', 0.24079658702993445)]
[([[1272, 1398], [1389, 1398], [1389, 1476], [1272, 1476]], ')-', 0.013005412964900284)]
[]
[([[300, 185], [320, 185], [320, 208], [300, 208]], '0', 0.7268705186099602), ([[698, 2378], [748, 2378], [748, 2510], [698, 2510]], '1', 0.3192410949351512), ([[270.4816015659756, 112.04512892606105], [296.4071564638745, 104.02775781371618], [318.5183984340244, 174.95487107393893], [291.5928435361255, 182.9722421862838]], '8', 0.7716131014831262)]
