2884863
16
[([[959, 475], [1014, 475], [1014, 528], [959, 528]], '[', 0.5849199702390173), ([[1012, 459], [1258, 459], [1258, 545], [1012, 545]], '습쪽도``타화', 7.52689006813807e-06), ([[958, 533], [1376, 533], [1376, 599], [958, 599]], '미@@ (리 @-물|과', 0.0003168524494642666), ([[1680, 641], [1797, 641], [1797, 769], [1680, 769]], '@', 0.7154004984386688), ([[2177, 712], [2315, 712], [2315, 778], [2177, 778]], '묘,', 0.00764447757907761), ([[431, 816], [799, 816], [799, 880], [431, 880]], '탁0 `익3국 @문물', 9.357249277543578e-05), ([[919, 818], [1069, 818], [1069, 878], [919, 878]], '류기교', 9.021437402835764e-05), ([[451, 877], [1046, 877], [1046, 945], [451, 945]], '오오히.? @ 버) @문@ 임]', 2.7550869050607524e-05), ([[954, 1393], [1048, 1393], [1048, 1417], [954, 1417]], '0000)-', 0.010312298521592931), ([[840.8525674214488, 524.0827152079971], [966.5518235462594, 542.3599316057793], [954.1474325785512, 608.9172847920029], [828.4481764537406, 590.6400683942207]], '[03', 0.39512382564347354), ([[803.8525674214488, 810.0827152079971], [928.5518235462594, 828.3599316057793], [916.1474325785512, 894.9172847920029], [790.4481764537406, 876.6400683942207]], '[003', 0.20287291705608368), ([[2246.183635232038, 1124.019612826392], [2374.136207066805, 1156.0956949790575], [2319.816364767962, 1365.980387173608], [2192.863792933195, 1333.9043050209425]], "'~", 0.0062664224723218516)]
[([[0, 190], [89, 190], [89, 341], [0, 341]], '0', 0.9063544308010165), ([[897, 449], [1368, 449], [1368, 540], [897, 540]], '@ 틈 [퀴텔테요', 0.017370898561405765), ([[1677, 638], [1801, 638], [1801, 770], [1677, 770]], '8{', 0.02230980720879512), ([[2177, 712], [2324, 712], [2324, 778], [2177, 778]], '묘,', 0.007912236232500595), ([[437, 835], [852, 835], [852, 908], [437, 908]], '매륙몰레국 된문때', 0.0014909614145847147), ([[387, 894], [901, 894], [901, 969], [387, 969]], '쓰이 꼼이 쇼틱 먹없어요', 0.021807060783222955), ([[265, 1505], [864, 1505], [864, 1591], [265, 1591]], '핸준리문리문리문리분리썹', 0.024654100248486653), ([[166, 1572], [970, 1572], [970, 1658], [166, 1658]], '사문리문리문리문리문리문리문리늄', 0.14761484716114248), ([[150, 1644], [1010, 1644], [1010, 1728], [150, 1728]], '외문리문리문리문리문리문리문리문터', 0.08901346943037056), ([[153, 1713], [1000, 1713], [1000, 1794], [153, 1794]], '식문리문리문리문리문리문리문리문로', 0.07707219462697625), ([[206, 1781], [956, 1781], [956, 1867], [206, 1867]], "'리문리분리문리문리문리문로다", 0.04486904199056603), ([[325, 1851], [817, 1851], [817, 1918], [325, 1918]], '구기타멘무리무리기미흔', 0.0004498575049516726), ([[2266.297368990681, 1133.0176429145604], [2373.202837467828, 1167.4134413053964], [2310.702631009319, 1359.9823570854396], [2203.797162532172, 1326.5865586946036]], '"~', 0.03628423256796315)]
[([[1680, 643], [1793, 643], [1793, 769], [1680, 769]], '89', 0.029199229090279506), ([[2177, 712], [2320, 712], [2320, 779], [2177, 779]], '태', 0.004690661503668148), ([[2253.221508336871, 1112.0168425817255], [2388.981603476951, 1159.6635647484181], [2312.778491663129, 1378.9831574182745], [2176.018396523049, 1332.3364352515819]], '소', 0.003683797556372506)]
[]
[([[405, 504], [480, 504], [480, 586], [405, 586]], '쇼', 0.23747431081091808), ([[1688, 498], [1767, 498], [1767, 613], [1688, 613]], '1', 0.08837101213874021), ([[410, 572], [509, 572], [509, 674], [410, 674]], '1', 0.3344395754542262), ([[484, 1366], [521, 1366], [521, 1399], [484, 1399]], '>', 0.5634105311019653), ([[1472.1142886264838, 396.06573379744185], [1627.923446724276, 422.04460536705227], [1615.8857113735162, 474.93426620255815], [1461.076553275724, 448.95539463294773]], '2   꿈', 0.13040545551685048)]
[([[372, 736], [482, 736], [482, 838], [372, 838]], '4', 0.502356654760888), ([[2143, 1207], [2207, 1207], [2207, 1271], [2143, 1271]], '조', 0.034278408241068314), ([[302, 1630], [426, 1630], [426, 1776], [302, 1776]], '4', 0.999844557127517), ([[1740.8484673703015, 509.06044001786455], [1885.0284919742612, 531.4801162932906], [1866.1515326296985, 625.9395599821355], [1722.9715080257388, 604.5198837067094]], '"1', 0.9106606136823375)]
[([[1679, 640], [1801, 640], [1801, 770], [1679, 770]], '러외', 0.015119521287128767), ([[2177, 712], [2327, 712], [2327, 779], [2177, 779]], '태', 0.0072196231746324835), ([[2266.354032781355, 1132.016058905231], [2367.9038301139826, 1160.527840304274], [2311.645967218645, 1358.983941094769], [2209.0961698860174, 1329.472159695726]], '~', 0.05875058935132316)]
[]
[([[2040, 318], [2285, 318], [2285, 393], [2040, 393]], '[@ %고]@', 0.0005089245180335702), ([[1940, 378], [2386, 378], [2386, 454], [1940, 454]], '[3 @]) 많@런많]', 8.716070361688383e-05), ([[1877, 436], [2434, 436], [2434, 515], [1877, 515]], '[활량3 @ [리| 야? @ @"교회', 0.0033814861442331857), ([[1992, 500], [2332, 500], [2332, 573], [1992, 573]], '80 따 (미국', 0.004488620672333701), ([[1885, 564], [2439, 564], [2439, 630], [1885, 630]], '버교리 @|@ @물히 읽 썩` 떠@년', 3.918911022476915e-05), ([[2011, 939], [2550, 939], [2550, 1004], [2011, 1004]], '[ (`운끼 [물굽국 표0 @떠야', 0.00034585037697496354), ([[1929, 1018], [1965, 1018], [1965, 1056], [1929, 1056]], '8', 0.7989725619128798), ([[1970, 1003], [2635, 1003], [2635, 1071], [1970, 1071]], '@권 따리 @명|-교9 발비 [때표잎', 4.239343007698971e-05)]
[([[1957, 391], [1988, 391], [1988, 425], [1957, 425]], '6', 0.052232351667165), ([[1994, 370], [2505, 370], [2505, 442], [1994, 442]], '[@`어 [) @늘-쪽|]-교어', 4.247940613532693e-05), ([[2005, 430], [2460, 430], [2460, 503], [2005, 503]], '[ 오리`.? 캠-입초국 [?', 0.00012434990097556336), ([[405, 504], [483, 504], [483, 582], [405, 582]], '쇼', 0.6093028784598609), ([[1690, 495], [1767, 495], [1767, 613], [1690, 613]], '1', 0.4652261752693363), ([[1898, 488], [2570, 488], [2570, 565], [1898, 565]], '떠_비 @문문]|` 떠쓸 육>디3 [|]들', 8.588217083940047e-06), ([[2124, 862], [2375, 862], [2375, 939], [2124, 939]], '묘>국 듭]3]@', 1.5712845415123745e-05), ([[1940, 922], [2643, 922], [2643, 1002], [1940, 1002]], "'@ (| [3 -|` @|`교입 @때로", 0.00037430108353024853), ([[2001, 980], [2538, 980], [2538, 1064], [2001, 1064]], '떠려`진| 떠 [|9 `어>.랑_', 4.975601432846211e-05), ([[484, 1366], [521, 1366], [521, 1399], [484, 1399]], '>', 0.734322823461472), ([[2175.9193618380846, 306.0839157637423], [2299.667603307158, 323.8685530411543], [2288.0806381619154, 383.9160842362577], [2164.332396692842, 367.1314469588457]], '[', 0.439339098606073), ([[1472.1142886264838, 395.06573379744185], [1627.9350150257492, 422.11932035101785], [1615.8857113735162, 473.93426620255815], [1461.0649849742508, 446.88067964898215]], '2   꿈', 0.10512743168386608)]
[([[1908, 275], [2515, 275], [2515, 344], [1908, 344]], '[&- -뇨운 [ 굶륙 [`-깥', 0.0003090378266862237), ([[1740, 525], [1778, 525], [1778, 561], [1740, 561]], '너', 0.8714471621829922), ([[1947, 497], [2557, 497], [2557, 576], [1947, 576]], '[ {@.3 @@|히 식0 @ 예 [주', 0.0008307174758904258), ([[1934, 557], [2556, 557], [2556, 637], [1934, 637]], '메)3 떠리[@등히훨 떠9?', 1.3482857449021935e-05), ([[1929, 621], [2528, 621], [2528, 694], [1929, 694]], '따폐 @도->-런고9 @@국나..5[', 1.0137941466094267e-06), ([[187, 743], [640, 743], [640, 818], [187, 818]], '@ ,].` 떼3롭3 [이', 0.00018193332434939875), ([[167, 804], [666, 804], [666, 880], [167, 880]], '[>장고 @ [군국) (리.오.곤', 4.070449958405373e-06), ([[112, 868], [675, 868], [675, 929], [112, 929]], '[미:) 최약@ @@모비 @ @', 0.0006525452511402511), ([[1888, 848], [2699, 848], [2699, 927], [1888, 927]], '독 @ [|]-]옷국 |빠 떼교굽|어찌 `고양 ?', 7.357337927031968e-07), ([[1880, 913], [2709, 913], [2709, 977], [1880, 977]], '.고@ @물@ `과0 (@권숨 @ [국 [ @ 득히히', 1.9446579664268022e-05), ([[2141, 1210], [2207, 1210], [2207, 1271], [2141, 1271]], '군', 0.07940942702685394), ([[170, 1264], [747, 1264], [747, 1332], [170, 1332]], '스  버교 떠_@ @어미9 뜯0', 0.00013589679862106084), ([[235, 1324], [684, 1324], [684, 1393], [235, 1393]], '떠려@ 떠@ [@9]물국', 0.004259284497315822), ([[106, 1381], [817, 1381], [817, 1458], [106, 1458]], '교@ [@반-리 진_:@ @ [@_물따빠불', 7.230084599610477e-06), ([[220, 1444], [617, 1444], [617, 1510], [220, 1510]], '[떼  [` {>밟', 0.0003095668680948218), ([[142, 1736], [798, 1736], [798, 1812], [142, 1812]], '[)듭 - @-날 @--어', 0.0011424224039488656)]
[([[875, 454], [1410, 454], [1410, 547], [875, 547]], '@6 [_:종괴 @ %.종', 8.028577223213301e-05), ([[1679, 640], [1801, 640], [1801, 770], [1679, 770]], '@7', 0.021400911456656454), ([[2177, 712], [2322, 712], [2322, 779], [2177, 779]], '름,', 0.001866605615698225), ([[322, 860], [981, 860], [981, 938], [322, 938]], '태@물 @|||]|교형3 @7@ |따높&', 3.527935773005579e-06), ([[589, 922], [713, 922], [713, 988], [589, 988]], '장닮썰', 0.0006040042621279115), ([[491, 1170], [757, 1170], [757, 1248], [491, 1248]], '` -어미교', 0.0003766345996730603), ([[258, 1234], [897, 1234], [897, 1310], [258, 1310]], '- } 뽑물교 [@|`3 요0 @[저끼표항', 1.1169894297997807e-05), ([[2217, 1149], [2363, 1149], [2363, 1348], [2217, 1348]], "'5", 0.07992472799668887), ([[318, 1504], [837, 1504], [837, 1566], [318, 1566]], '피리런과  어 어4끌', 1.7037787375555834e-05), ([[204, 1565], [956, 1565], [956, 1627], [204, 1627]], '물 어      |', 0.007713448423920371), ([[148, 1626], [1001, 1626], [1001, 1688], [148, 1688]], '예우 우    ', 0.026886463772871204), ([[145, 1684], [1013, 1684], [1013, 1748], [145, 1748]], '어   우   --펴', 0.00861273752176245), ([[161, 1745], [990, 1745], [990, 1807], [161, 1807]], "'    어 쪽   ", 0.008835354013552954), ([[224, 1801], [907, 1801], [907, 1870], [224, 1870]], "'어우어우어우비우우도", 6.482123497997944e-05), ([[356, 1865], [789, 1865], [789, 1916], [356, 1916]], "'요{전---어`:?", 8.794018506625632e-06), ([[410.8994530298025, 1167.076061814578], [507.3413650827405, 1186.8212646033494], [491.1005469701975, 1254.923938185422], [395.6586349172595, 1235.1787353966506]], '타', 0.01908528843791424)]
[([[916, 279], [1262, 279], [1262, 356], [916, 356]], '역제 온문데제문', 0.07444574015347805), ([[808, 340], [1374, 340], [1374, 415], [808, 415]], '텔레움 예로 여쾌미-요', 0.030964881969125137), ([[364, 672], [727, 672], [727, 740], [364, 740]], '폐미 외에 텔레움', 0.13577369937061978), ([[1676, 641], [1793, 641], [1793, 769], [1676, 769]], '09', 0.0523661498226611), ([[394, 729], [696, 729], [696, 802], [394, 802]], '댐화 잡 대외?', 0.02540195840135967), ([[2177, 712], [2320, 712], [2320, 778], [2177, 778]], '묘,', 0.007007594573970018), ([[819, 1343], [915, 1343], [915, 1370], [819, 1370]], ']]]])', 0.0005224328673398918), ([[2259.2395577739626, 1134.0192881470587], [2371.606601717798, 1164.3933982822018], [2316.7604422260374, 1360.9807118529413], [2205.393398282202, 1330.6066017177982]], '~', 0.03415867891676805)]
[([[1988, 323], [2133, 323], [2133, 392], [1988, 392]], '폐페여', 0.03799345353417395), ([[1742, 376], [2388, 376], [2388, 456], [1742, 456]], '떨레움 잘물이품 윗몸 통의미}', 0.008628625668253937), ([[1929, 440], [2188, 440], [2188, 517], [1929, 517]], '@문과 완제', 0.3335824021221801), ([[1728, 500], [2397, 500], [2397, 575], [1728, 575]], '발정기 텔페에 @아주 @율래', 0.010507560673426687), ([[2007, 932], [2503, 932], [2503, 1007], [2007, 1007]], '엉령이 피교 센터리키', 0.0052241680710759806), ([[2102, 993], [2402, 993], [2402, 1068], [2102, 1068]], '질기 훨리언에', 0.010085082272260522)]
[([[2060, 258], [2216, 258], [2216, 332], [2060, 332]], '흔아야', 0.02435912856856008), ([[1935, 320], [2337, 320], [2337, 393], [1935, 393]], '영정 틈 정륙레@', 0.02638583808267319), ([[1922, 378], [2350, 378], [2350, 456], [1922, 456]], '오마 엉뛰이분명부렉', 0.0015301562565094688), ([[1969, 441], [2303, 441], [2303, 516], [1969, 516]], '콤계해움 출음', 0.19077487942739602), ([[405, 507], [478, 507], [478, 582], [405, 582]], '쇼', 0.25569486617270343), ([[1688, 498], [1767, 498], [1767, 613], [1688, 613]], '1', 0.07912359167506011), ([[2112, 854], [2410, 854], [2410, 923], [2112, 923]], '몸래로 위험해', 0.026073285440190098), ([[2012, 909], [2595, 909], [2595, 987], [2012, 987]], '켓화 훨전해 미계대오-제', 0.014094965376096185), ([[2109, 972], [2499, 972], [2499, 1045], [2109, 1045]], '몸울 오쪽오주히', 0.03398532202741279), ([[2158, 1033], [2411, 1033], [2411, 1106], [2158, 1106]], '만물교 없어', 0.10331753038267269), ([[483, 1362], [522, 1362], [522, 1400], [483, 1400]], '>', 0.8116129131887299), ([[1472.1394255660866, 395.06203640599784], [1629.920376511196, 421.02576082727154], [1617.8605744339134, 475.93796359400216], [1460.079623488804, 448.97423917272846]], '2   "', 0.08765785996215635)]
[([[2083, 249], [2378, 249], [2378, 317], [2083, 317]], '말정기 젠괴06', 0.014004996565442853), ([[2103, 310], [2448, 310], [2448, 378], [2103, 378]], '동레움 햇률관}', 0.008622346301402519), ([[2048, 367], [2496, 367], [2496, 442], [2048, 442]], '음료교 몸 훨@-제', 0.0142910736229984), ([[2093, 429], [2454, 429], [2454, 503], [2093, 503]], '데움 탤 해문', 0.05514350714549855), ([[2142, 486], [2395, 486], [2395, 564], [2142, 564]], '돼문 좋이0', 0.08002770078718632), ([[199, 706], [603, 706], [603, 774], [199, 774]], '야양 켓 몸데야 0', 0.012602330290319489), ([[147, 763], [660, 763], [660, 838], [147, 838]], '좀 데 회숙해 죄흉증-', 0.015577631331637549), ([[189, 825], [616, 825], [616, 902], [189, 902]], '믿어문이고 따폐로이', 0.0036051428071327512), ([[2056, 830], [2633, 830], [2633, 914], [2056, 914]], '@력고 되문출음 물정안 팬', 0.001347555313725567), ([[2097, 898], [2539, 898], [2539, 971], [2097, 971]], '안해금 좁이 데월되0', 0.008905741412494308), ([[297, 1179], [656, 1179], [656, 1252], [297, 1252]], '입신길 검오로', 0.025332450495971444), ([[2141, 1207], [2207, 1207], [2207, 1271], [2141, 1271]], '코', 0.022402854445019438), ([[268, 1240], [683, 1240], [683, 1313], [268, 1313]], '@데 입신제계베터', 0.038752826022276504), ([[178, 1301], [690, 1301], [690, 1374], [178, 1374]], '때 때륙 땅광하켓 쾌육계(', 0.012220264327934004), ([[261, 1503], [600, 1503], [600, 1578], [261, 1578]], '@체 돈내 된탓', 0.008767615436866827), ([[243, 1562], [485, 1562], [485, 1637], [243, 1637]], '된대이이앗', 0.005610076996907675), ([[301, 1673], [400, 1673], [400, 1766], [301, 1766]], '7', 0.5321076320935028), ([[1738.8176622598457, 503.0583888244422], [1886.9064187951803, 526.9949995939926], [1866.1823377401543, 627.9416111755578], [1719.0935812048197, 604.0050004060074]], '"1', 0.9790289960457783)]
