2885109
19
[]
[([[466, 122], [514, 122], [514, 150], [466, 150]], '하아', 0.9567091376264066), ([[70, 150], [156, 150], [156, 182], [70, 182]], '아아뇨)', 0.22908887267112732), ([[499, 177], [613, 177], [613, 213], [499, 213]], '너 의외로', 0.997486223487893), ([[501, 217], [615, 217], [615, 259], [501, 259]], '잘하네~', 0.9985172152519226), ([[191, 261], [249, 261], [249, 301], [191, 301]], '아응', 0.6465364994827785), ([[638, 302], [714, 302], [714, 334], [638, 334]], '아~', 0.9976891967237057), ([[277, 377], [383, 377], [383, 417], [277, 417]], '안경잡이', 0.9899300336837769), ([[305, 417], [351, 417], [351, 455], [305, 455]], "군'", 0.07206554077428828), ([[832, 486], [982, 486], [982, 534], [832, 534]], '방금 밀없군:', 0.5956248165931287), ([[838, 524], [982, 524], [982, 572], [838, 572]], '아주 조금은', 0.9994882918360938), ([[808, 561], [1012, 561], [1012, 611], [808, 611]], '그녀지 공감할 수', 0.6648704751215534), ([[855, 603], [963, 603], [963, 647], [855, 647]], '잇8지도', 0.20863257348537445), ([[857, 643], [965, 643], [965, 685], [857, 685]], '모르켓어', 0.21879969537258148), ([[157.1401328392153, 438.19427896235214], [196.93732773208808, 444.5032492994646], [193.8598671607847, 462.80572103764786], [154.06267226791192, 455.4967507005354]], '야 !', 0.4515884985232794)]
[]
[([[420, 326], [460, 326], [460, 356], [420, 356]], '꿀쩍', 0.29339711688602726)]
[([[1078, 88], [1108, 88], [1108, 128], [1078, 128]], '응', 0.9965140258241831), ([[1054, 130], [1134, 130], [1134, 162], [1054, 162]], '이대로', 0.9990909391436965), ([[1056, 170], [1136, 170], [1136, 202], [1056, 202]], '해버려', 0.992606993425029), ([[1007, 323], [1119, 323], [1119, 365], [1007, 365]], '적렬하게', 0.290347538999726), ([[1021, 363], [1105, 363], [1105, 403], [1021, 403]], '범해쥐', 0.5596132377369474), ([[956, 524], [1046, 524], [1046, 556], [956, 556]], '아아!', 0.32927336070506935)]
[([[119, 365], [185, 365], [185, 405], [119, 405]], '하아', 0.5237510028247064), ([[95, 421], [169, 421], [169, 457], [95, 457]], '아아!', 0.8024461665203166), ([[83, 467], [155, 467], [155, 505], [83, 505]], '@양!', 0.29096665849186987), ([[999, 455], [1103, 455], [1103, 497], [999, 497]], '위험해;', 0.12743006646633148)]
[([[163, 106], [299, 106], [299, 156], [163, 156]], '안경잡이', 0.9970083832740784), ([[168, 156], [344, 156], [344, 204], [168, 204]], '안에 싸주~', 0.26798247072928355), ([[1062, 230], [1168, 230], [1168, 282], [1062, 282]], '알계어', 0.17096162546662136)]
[]
[([[6, 58], [108, 58], [108, 134], [6, 134]], '우~', 0.8250519393219198), ([[-29.955334711889904, 202.104466528811], [163.9358074507954, 133.26462076184225], [188.9553347118899, 204.895533471189], [-5.9358074507954095, 273.73537923815775]], '아아양~', 0.35356634855270386)]
[]
[([[990, 66], [1066, 66], [1066, 116], [990, 116]], '위빛', 0.06950490475704464), ([[119, 285], [301, 285], [301, 351], [119, 351]], '기분 좋아', 0.9383244159225472), ([[1042, 598], [1140, 598], [1140, 654], [1042, 654]], '위빌?', 0.1912903389833106)]
[]
[([[1013, 253], [1171, 253], [1171, 317], [1013, 317]], '어라~', 0.9813419697544251), ([[1005, 339], [1175, 339], [1175, 403], [1005, 403]], '자지가', 0.9319109916687012), ([[946, 411], [1237, 411], [1237, 504], [946, 504]], '인상적인결', 0.8843159577449021), ([[441, 667], [635, 667], [635, 805], [441, 805]], "'", 0.2138109664953305)]
[([[8, 2262], [97, 2262], [97, 2278], [8, 2278]], ";모' ':`", 0.027536213197289182), ([[121, 2265], [175, 2265], [175, 2274], [121, 2274]], "가기 '  ", 0.0031136564683352757), ([[190, 2264], [295, 2264], [295, 2278], [190, 2278]], '면333 .5기?', 0.011539705249285007), ([[17, 2276], [59, 2276], [59, 2289], [17, 2289]], "서'러 ", 0.0016180326929315925), ([[80, 2276], [113, 2276], [113, 2291], [80, 2291]], '3', 0.22665605438941672), ([[122, 2278], [167, 2278], [167, 2293], [122, 2293]], '::자이', 0.00428499560803175), ([[92.18076807948096, 2264.426537655637], [118.86377890089844, 2260.496128974476], [120.81923192051904, 2272.573462344363], [93.13622109910156, 2275.503871025524]], '~;', 0.4057127299405764)]
[([[8, 2262], [68, 2262], [68, 2275], [8, 2275]], '청"', 0.08656041882781444), ([[96, 2265], [144, 2265], [144, 2274], [96, 2274]], "'  금비'", 0.005562154615243536), ([[176, 2263], [298, 2263], [298, 2280], [176, 2280]], '청음| :히5', 0.00044551712424810154), ([[17, 2276], [61, 2276], [61, 2289], [17, 2289]], '7-`', 0.07430518498781216), ([[80, 2276], [113, 2276], [113, 2291], [80, 2291]], '곡;-', 0.0015606510699022601), ([[122, 2278], [167, 2278], [167, 2291], [122, 2291]], '다이', 0.023531347265214244)]
[([[1040, 224], [1155, 224], [1155, 303], [1040, 303]], '장난', 0.9990754233822812), ([[1004, 306], [1195, 306], [1195, 369], [1004, 369]], '아니네:', 0.6576950550079346), ([[976, 370], [1218, 370], [1218, 446], [976, 446]], '넣어젯으면', 0.18311323384183076), ([[1006, 444], [1192, 444], [1192, 520], [1006, 520]], '중계어 ', 0.3212014138698578)]
[([[625, 21], [675, 21], [675, 61], [625, 61]], '소음', 0.557486710778233), ([[198, 90], [348, 90], [348, 138], [198, 138]], '안경잡이 군:', 0.9539975087763356), ([[591, 78], [668, 78], [668, 123], [591, 123]], '쓰으음', 0.5644935646816752), ([[197, 133], [367, 133], [367, 175], [197, 175]], '내 겨드랑이가', 0.585055945968899), ([[201, 169], [361, 169], [361, 213], [201, 213]], '그렇게 중아?', 0.5813582734360445), ([[388, 474], [448, 474], [448, 506], [388, 506]], '그래', 0.9999909805863321)]
[([[597, 31], [657, 31], [657, 71], [597, 71]], '방짝', 0.0926968661958431), ([[319, 93], [415, 93], [415, 135], [319, 135]], '내 땀은', 0.8381172049923868), ([[331, 135], [405, 135], [405, 171], [331, 171]], '어때?', 0.9994693053205345), ([[117, 309], [265, 309], [265, 349], [117, 349]], '* 겨드랑이틀', 0.46727003879988444), ([[149, 349], [231, 349], [231, 389], [149, 389]], '며느라', 0.5687460877533997), ([[103, 385], [269, 385], [269, 427], [103, 427]], '정신이 없음*', 0.769596720840568), ([[238, 518], [318, 518], [318, 548], [238, 548]], '나쁘지', 0.9995226414923293), ([[233, 551], [297, 551], [297, 589], [233, 589]], '않아', 0.9567337673206102), ([[101, 633], [171, 633], [171, 673], [101, 673]], '흐응~', 0.9029722809791565), ([[625.98022872944, 76.10509790131198], [690.5397969225022, 87.90470911269126], [681.01977127056, 133.89490209868802], [616.4602030774978, 122.09529088730874]], '8과', 0.06489110898139595)]
[([[1095, 67], [1159, 67], [1159, 103], [1095, 103]], '아~', 0.9721986042579522), ([[417, 299], [475, 299], [475, 335], [417, 335]], '거기', 0.999899523391673), ([[374, 338], [516, 338], [516, 388], [374, 388]], '간지리워{', 0.25721505468806694)]
