2895847
8
[([[0, 1], [267, 1], [267, 61], [0, 61]], '7이-:-니--', 0.007949254394244397), ([[0, 56], [98, 56], [98, 118], [0, 118]], '구18', 0.14639306849707878)]
[]
[]
[]
[]
[([[20, 53], [218, 53], [218, 106], [20, 106]], '@0 0  @@외선마}', 0.04126744064594061), ([[211, 126], [248, 126], [248, 145], [211, 145]], '099', 0.7033691329092973), ([[165, 196], [204, 196], [204, 217], [165, 217]], '060', 0.36060820559522305), ([[271, 849], [359, 849], [359, 953], [271, 953]], "걱'", 0.03821162808957123), ([[10.568799509234843, 123.43575867493408], [217.46853033874183, 101.32453457193401], [220.43120049076515, 163.56424132506592], [13.53146966125816, 185.675465428066]], '임신하웬나볕볕', 0.029206486676254282), ([[74.6923076923077, 194.46153846153845], [162.6725234544997, 179.23602277276413], [169.30769230769232, 229.53846153846155], [81.3274765455003, 244.76397722723587]], '{고6', 0.002242489836270516)]
[([[58.23537213691802, 45.041886445954], [116.43729024103652, 63.591386291051464], [88.76462786308198, 149.958113554046], [31.562709758963475, 132.40861370894854]], '9', 0.9907743124604309)]
[]
