2899736
19
[([[40, 85], [387, 85], [387, 242], [40, 242]], '큰18', 0.06925798481595355), ([[835, 1764], [1212, 1764], [1212, 2880], [835, 2880]], '살', 0.2425564331770289)]
[([[1337, 12], [1573, 12], [1573, 266], [1337, 266]], "'가", 0.5743057994846742), ([[22, 2022], [132, 2022], [132, 2157], [22, 2157]], '{', 0.007283869497658524), ([[192, 2269], [728, 2269], [728, 2853], [192, 2853]], '(8', 0.04937045116052237), ([[981.9367709464202, 362.031428994502], [1091.5747865957624, 290.00917955263486], [1252.0632290535798, 566.968571005498], [1142.4252134042376, 638.9908204473652]], '8', 0.15663048296077253), ([[1330.9629665632185, 1811.0149397436799], [1724.3470361502661, 1942.2166281853815], [1619.0370334367815, 2229.98506025632], [1225.6529638497339, 2098.7833718146185]], '@0', 0.21732998738600048), ([[85.19471139369091, 2251.021631922651], [193.48893977600895, 2234.6874383953336], [223.8052886063091, 2466.978368077349], [115.51106022399107, 2483.3125616046664]], "'1", 0.5603383744058196)]
[([[92, 365], [357, 365], [357, 634], [92, 634]], '시', 0.3266931268866671), ([[210, 1103], [361, 1103], [361, 1182], [210, 1182]], '안 돼', 0.8874724507331848), ([[193, 1183], [448, 1183], [448, 1267], [193, 1267]], '남편보다', 0.9999410510063171), ([[247, 1266], [382, 1266], [382, 1350], [247, 1350]], '훨씬', 0.9999820454897439), ([[187, 1353], [384, 1353], [384, 1434], [187, 1434]], '거칠어', 0.9974504505051948), ([[159, 1435], [479, 1435], [479, 1521], [159, 1521]], '오랜만이라', 0.9742230152752597), ([[213, 1520], [427, 1520], [427, 1604], [213, 1604]], '더더욱!', 0.8322053551673889), ([[1431, 2610], [1786, 2610], [1786, 2866], [1431, 2866]], '/', 0.8192408391322239)]
[([[508, 1363], [1030, 1363], [1030, 1937], [508, 1937]], '%', 0.025564191379076284), ([[1566, 1568], [1725, 1568], [1725, 1709], [1566, 1709]], '0', 0.9998965290133697), ([[949, 2276], [1084, 2276], [1084, 2360], [949, 2360]], '미와', 0.9833005767946593), ([[918, 2363], [1113, 2363], [1113, 2442], [918, 2442]], '씨한렌', 0.1520865100797705), ([[888, 2445], [1143, 2445], [1143, 2529], [888, 2529]], '질싸하지', 0.8730182647705078), ([[917, 2528], [1116, 2528], [1116, 2612], [917, 2612]], '않아도', 0.999357541469551), ([[878, 2613], [1155, 2613], [1155, 2694], [878, 2694]], '되잡아요', 0.6871020197868347), ([[473.2899007909039, 296.0472043153603], [829.9613485066857, 272.33140122578243], [830.7100992090961, 538.9527956846397], [475.0386514933143, 563.6685987742176]], '시', 0.60627853554411)]
[([[59, 20], [180, 20], [180, 275], [59, 275]], '%', 0.18085542721604586), ([[105, 445], [578, 445], [578, 722], [105, 722]], '무{9', 0.0703021634582002), ([[1852, 1218], [2006, 1218], [2006, 1295], [1852, 1295]], '그 뒤', 0.8617134326678284), ([[1808, 1302], [2009, 1302], [2009, 1388], [1808, 1388]], '방남의', 0.9582413993307799), ([[1743, 1388], [2009, 1388], [2009, 1476], [1743, 1476]], '아기줌이', 0.24857935309410095), ([[1807, 1475], [2008, 1475], [2008, 1565], [1807, 1565]], '없어질', 0.9915463531887277), ([[1804, 1561], [2011, 1561], [2011, 1653], [1804, 1653]], '때까지', 0.9877781068347575), ([[1730, 1651], [2011, 1651], [2011, 1737], [1730, 1737]], '두 사람과', 0.9987443117852912), ([[725, 1710], [804, 1710], [804, 1790], [725, 1790]], '1', 0.008757312636547887), ([[1808, 1736], [2009, 1736], [2009, 1825], [1808, 1825]], '옛찌름', 0.45512025422660285), ([[1869, 1826], [2011, 1826], [2011, 1912], [1869, 1912]], '계속', 0.9999219449288276), ([[1743, 1912], [2011, 1912], [2011, 2000], [1743, 2000]], '햇답니다', 0.9189432859420776)]
[([[1581, 766], [1766, 766], [1766, 941], [1581, 941]], '(모', 0.02160872254819507), ([[84, 2390], [293, 2390], [293, 2624], [84, 2624]], "'1", 0.3187125016849123), ([[25, 2770], [147, 2770], [147, 2872], [25, 2872]], '4', 0.3309282318315496)]
[([[407, 13], [769, 13], [769, 243], [407, 243]], '1시', 0.08398727675686021), ([[733, 13], [1077, 13], [1077, 390], [733, 390]], "'몇", 0.24633810423019217), ([[1554, 93], [1847, 93], [1847, 482], [1554, 482]], '5', 0.032071661868979584), ([[1088.9248727775926, -33.98437645081553], [1639.4985489238527, 82.56673472488916], [1560.0751272224074, 383.98437645081555], [1010.5014510761473, 267.43326527511084]], '젓네드', 0.03359714748409003)]
[([[744, 2], [1192, 2], [1192, 294], [744, 294]], '많예', 0.20344067753302802), ([[1440, 0], [1959, 0], [1959, 320], [1440, 320]], '정말_', 0.06616585072413639), ([[99, 225], [315, 225], [315, 474], [99, 474]], '(', 0.5345890839856935), ([[58.68738855379619, 33.09235692245238], [509.48732989242706, -32.01015386539176], [526.3126114462038, 215.90764307754762], [74.51267010757294, 283.01015386539177]], '옆@', 0.019260320001303816)]
[([[831, 71], [1166, 71], [1166, 199], [831, 199]], '각사 (+', 0.17205956833971692), ([[190, 283], [1393, 283], [1393, 349], [190, 349]], '+\')+\')=다퓨:[-+-(꾸률-비(-+;-((*"\'켜내_"', 0.00012577554661361698), ([[190, 359], [1159, 359], [1159, 428], [190, 428]], '표#논30(손=후뉴단스#동+병-+-:간화 ', 1.1190462984302033e-05), ([[105, 2202], [218, 2202], [218, 2266], [105, 2266]], '%수주', 0.02794812614669577), ([[240, 2202], [443, 2202], [443, 2266], [240, 2266]], '2012-', 0.6619994974168639), ([[469, 2202], [594, 2202], [594, 2264], [469, 2264]], '125', 0.20863739865257244), ([[623, 2205], [746, 2205], [746, 2260], [623, 2260]], '31.', 0.49743440544990164), ([[105, 2276], [308, 2276], [308, 2338], [105, 2338]], '4-스)', 0.27133670449256897), ([[332, 2274], [709, 2274], [709, 2338], [332, 2338]], '1-<1-<1179', 0.2088720252910159), ([[105, 2344], [551, 2344], [551, 2412], [105, 2412]], '수#   켓로^36', 0.009908834164729288), ([[103, 2425], [217, 2425], [217, 2476], [103, 2476]], '[;*;차', 0.012316660342989163), ([[237, 2416], [1210, 2416], [1210, 2489], [237, 2489]], '확++오:/ /형버>.명*;근-,.+/ ~적`.마 [`명/8응-207241', 6.643690775726676e-08), ([[105, 2492], [216, 2492], [216, 2554], [105, 2554]], '티브', 0.021410433046136792), ([[242, 2488], [747, 2488], [747, 2556], [242, 2556]], '차붐없 &#.숲    #*', 0.0034802475389196317)]
[]
[([[42, 86], [387, 86], [387, 239], [42, 239]], '818', 0.08333268483559182), ([[254, 166], [1665, 166], [1665, 605], [254, 605]], '역/식 후기', 0.6110546570522002), ([[10, 561], [496, 561], [496, 660], [10, 660]], '"독자 = 상이여,', 0.7382891752395286), ([[9, 657], [1056, 657], [1056, 755], [9, 755]], '그대는 사모님 클랜의 전설에 대해', 0.5642662996761468), ([[13, 758], [353, 758], [353, 850], [13, 850]], '알고 있냐?', 0.7190039553851509), ([[12, 948], [566, 948], [566, 1047], [12, 1047]], '과거 헤이안 시대,', 0.7256246756801626), ([[12, 1045], [676, 1045], [676, 1144], [12, 1144]], '약소 년자 클괜이없님', 0.12314121574705342), ([[12, 1141], [608, 1141], [608, 1238], [12, 1238]], '사모님 클랜올 향해', 0.7740726042837985), ([[12, 1238], [608, 1238], [608, 1335], [12, 1335]], '대규모 년자 클랜인', 0.5611968966690807), ([[10, 1335], [935, 1335], [935, 1434], [10, 1434]], "'-? 클랜의 침공이 이어젯다:", 0.03142098509814335), ([[1001, 1399], [1759, 1399], [1759, 1538], [1001, 1538]], '역)식: 라오모토', 0.66319568027581), ([[1835, 1407], [1965, 1407], [1965, 1533], [1835, 1533]], '칸', 0.9999096413997819), ([[12, 1528], [656, 1528], [656, 1628], [12, 1628]], '사모님 글랜의 2인자', 0.7681712216563247), ([[10, 1625], [406, 1625], [406, 1724], [10, 1724]], '작가 년자는,', 0.33247960977280794), ([[12, 1722], [676, 1722], [676, 1819], [12, 1819]], '힘과 규울올 주관하면', 0.3666043622372864), ([[12, 1816], [813, 1816], [813, 1918], [12, 1918]], '하토리 년자에게 음소햇고', 0.6109319831454411), ([[848, 1772], [1210, 1772], [1210, 2074], [848, 2074]], '사', 0.9999853373111343), ([[10, 2012], [725, 2012], [725, 2109], [10, 2109]], '그 결과, 하토리 년자는', 0.43291180932070333), ([[12, 2107], [768, 2107], [768, 2206], [12, 2206]], '사모님 클랜의 아치 년자', 0.6584903342997205), ([[12, 2203], [602, 2203], [602, 2303], [12, 2303]], '남편 년자 = 상에게', 0.6735177149731956), ([[14, 2299], [1189, 2299], [1189, 2404], [14, 2404]], '어마어마한 크기의 카타나름 하사있다:', 0.36840404422989986), ([[962, 2426], [1105, 2426], [1105, 2550], [962, 2550]], '0', 0.9986205093412082), ([[12, 2494], [692, 2494], [692, 2593], [12, 2593]], '이것이 )-적 클랜에서', 0.05408742005132415), ([[12, 2590], [1171, 2590], [1171, 2689], [12, 2689]], '더 이상 사모님 클랜올 노리지 앞게 된', 0.4667131493369796), ([[14, 2687], [514, 2687], [514, 2786], [14, 2786]], '년자-진실이다!"', 0.6357240563409075), ([[916.0733336774513, 2025.0186752007928], [1090.820136647081, 2046.4112663968708], [1053.9266663225487, 2318.981324799207], [879.1798633529189, 2297.588733603129]], '모', 0.9768258923361515), ([[956.9376719919206, 2675.0282334481085], [1189.822640232698, 2738.239214936827], [1139.0623280080792, 2902.9717665518915], [907.1773597673022, 2839.760785063173]], '79', 0.25949177939107776)]
[([[955, 201], [1128, 201], [1128, 302], [955, 302]], '그런', 0.9999640910739074), ([[880, 298], [1133, 298], [1133, 401], [880, 401]], '이유로', 0.9953360533219294), ([[878, 397], [1137, 397], [1137, 500], [878, 500]], '오늘은', 0.696054220199585), ([[828, 492], [1185, 492], [1185, 600], [828, 600]], '미와 씨랑', 0.9928512466729561), ([[845, 591], [1160, 591], [1160, 699], [845, 699]], '3명이서', 0.9626354575157166), ([[758, 686], [1185, 686], [1185, 794], [758, 794]], '옛찌함게요', 0.505196862108896), ([[950, 2178], [1077, 2178], [1077, 2253], [950, 2253]], '요즘', 0.9998345354825217), ([[894, 2246], [1133, 2246], [1133, 2323], [894, 2323]], '남편과도', 0.9997503757476807), ([[867, 2313], [1160, 2313], [1160, 2391], [867, 2391]], '무소식이고', 0.5598474757437999), ([[887, 2383], [1140, 2383], [1140, 2458], [887, 2458]], '코코 씨네', 0.6254407418687502), ([[885, 2451], [1142, 2451], [1142, 2528], [885, 2528]], '남편 씨가', 0.9961285584635147), ([[891, 2518], [1133, 2518], [1133, 2598], [891, 2598]], '유부너지', 0.35467585921287537), ([[863, 2585], [1161, 2585], [1161, 2669], [863, 2669]], '좋아한대서', 0.9959370288312013), ([[891, 2658], [1133, 2658], [1133, 2735], [891, 2735]], '부탁하게', 0.9996286034584045), ([[864, 2727], [1099, 2727], [1099, 2805], [864, 2805]], '뒷어요 .', 0.272292375995993), ([[613.6718217930264, 2342.004143003847], [707.2953782695928, 2320.003356137916], [802.3281782069736, 2763.995856996153], [708.7046217304072, 2785.996643862084]], '{', 0.04156913128272799)]
[([[0, 501], [89, 501], [89, 835], [0, 835]], '흙', 0.012617512713761825), ([[1788, 708], [1966, 708], [1966, 819], [1788, 819]], '그럼', 0.9995762818824651), ([[1786, 810], [1966, 810], [1966, 918], [1786, 918]], '우선', 0.9999743748122707), ([[1701, 909], [1968, 909], [1968, 1023], [1701, 1023]], '방남의', 0.9530333341763243), ([[1697, 1013], [1971, 1013], [1971, 1129], [1697, 1129]], '자지랑', 0.9957968410585647), ([[1696, 1113], [1883, 1113], [1883, 1228], [1696, 1228]], '인사', 0.9999834784753582), ([[313, 1582], [458, 1582], [458, 1714], [313, 1714]], '네', 0.9985539184376115), ([[636, 1581], [756, 1581], [756, 1667], [636, 1667]], '에', 0.9953587389623273), ([[1023, 2004], [1219, 2004], [1219, 2088], [1023, 2088]], '오늘은', 0.9998600790387057), ([[983, 2076], [1253, 2076], [1253, 2160], [983, 2160]], '아기 생길', 0.8185591925170076), ([[1022, 2154], [1214, 2154], [1214, 2231], [1022, 2231]], '때까지', 0.9927184495649349), ([[1049, 2226], [1187, 2226], [1187, 2307], [1049, 2307]], '잔뜩', 0.9992510483808712), ([[1020, 2300], [1223, 2300], [1223, 2381], [1020, 2381]], '하자~!', 0.9973055124282837), ([[38, 2592], [62, 2592], [62, 2616], [38, 2616]], '0', 0.2525013955111177), ([[683, 2475], [962, 2475], [962, 2860], [683, 2860]], '운', 0.14640165015623907), ([[38.613848565687974, 2575.0106590389523], [94.24905744991082, 2569.1123403476345], [113.38615143431203, 2769.9893409610477], [56.75094255008918, 2775.8876596523655]], '흙', 0.016545860231280907)]
[([[715, 118], [785, 118], [785, 187], [715, 187]], '4', 0.07065222201308874), ([[1828, 0], [1963, 0], [1963, 225], [1828, 225]], '운', 0.4598635720266344), ([[1865, 231], [2004, 231], [2004, 652], [1865, 652]], '꿀', 0.18828958900763837), ([[402, 1055], [522, 1055], [522, 1172], [402, 1172]], '0', 0.45339874605474506), ([[109, 2474], [277, 2474], [277, 2669], [109, 2669]], ' 2', 0.4579340178351023), ([[106.40018928538991, 1544.0225174956859], [167.44422897287777, 1532.1314421477693], [196.5998107146101, 1692.9774825043141], [135.55577102712223, 1705.8685578522307]], '후', 0.9599858202302727)]
[([[789, 192], [828, 192], [828, 237], [789, 237]], '0', 0.35456068353329684), ([[1236, 444], [1337, 444], [1337, 566], [1236, 566]], '옷', 0.8040708272312749), ([[1489, 2263], [1606, 2263], [1606, 2414], [1489, 2414]], '사', 0.37311089693061206), ([[-121.00645958548182, 1713.0112565289628], [123.5238294649328, 1507.0030489622723], [677.0064595854818, 2249.988743471037], [432.4761705350672, 2455.9969510377277]], '$', 0.030453584821686697), ([[1619.332120631989, 2343.0067592202618], [2052.1588974653905, 2677.5969388891826], [1878.667879368011, 2902.9932407797382], [1444.8411025346095, 2567.4030611108174]], '실따', 0.05261712925685535)]
[([[1664, 269], [1933, 269], [1933, 353], [1664, 353]], '쓸데 없이', 0.9994450643847714), ([[1671, 341], [1926, 341], [1926, 427], [1671, 427]], '뜯들이지', 0.6349548101425171), ([[1665, 417], [1932, 417], [1932, 498], [1665, 498]], '말고 빨리', 0.9997946692368614), ([[1659, 491], [1873, 491], [1873, 568], [1659, 568]], '해 쥐요', 0.7031350142673736), ([[60, 618], [317, 618], [317, 702], [60, 702]], '사모님의', 0.4669932255802659), ([[65, 690], [319, 690], [319, 774], [65, 774]], '부끄러운', 0.9983090162277222), ([[53, 757], [266, 757], [266, 927], [53, 927]], '현들이', 0.15858859922791504), ([[650, 589], [1001, 589], [1001, 983], [650, 983]], '@]', 0.003732170230050797), ([[68, 912], [255, 912], [255, 989], [68, 989]], '벌리고', 0.9996516821948235), ([[60, 980], [256, 980], [256, 1064], [60, 1064]], '기다린', 0.8914653115644934), ([[63, 1058], [260, 1058], [260, 1135], [63, 1135]], '다구요', 0.999813622831329), ([[74, 1804], [400, 1804], [400, 2166], [74, 2166]], '4봄', 0.005118608100949941), ([[1443.3400505290115, 654.0080666365719], [1638.0727307292204, 752.4502553668775], [1453.6599494709885, 1116.9919333634282], [1258.9272692707796, 1019.5497446331225]], '8', 0.98530687177254), ([[553.1279652447558, 2495.0924489720337], [657.7058321551211, 2411.0131150272405], [812.8720347552442, 2633.9075510279663], [709.2941678448789, 2717.9868849727595]], '}', 0.016022519014961212), ([[1644.3910720138126, 2500.0109091853733], [1995.753319036407, 2687.114466901184], [1924.6089279861874, 2812.9890908146267], [1573.246680963593, 2625.885533098816]], '*63시 !:', 0.022006160778370608)]
[([[1648, 868], [1908, 868], [1908, 952], [1648, 952]], '평소보다', 0.999295711517334), ([[1691, 951], [1903, 951], [1903, 1035], [1691, 1035]], '거친 것', 0.9584730430536545), ([[1750, 1034], [1908, 1034], [1908, 1118], [1750, 1118]], '같아!', 0.6622217851179542), ([[1649, 1118], [1903, 1118], [1903, 1204], [1649, 1204]], '머릿속이', 0.9993442893028259), ([[1646, 1203], [1905, 1203], [1905, 1287], [1646, 1287]], '새히앞게', 0.38598328781623714), ([[1690, 1290], [1907, 1290], [1907, 1371], [1690, 1371]], '돼버려!', 0.7822295427322388), ([[1905, 2818], [1960, 2818], [1960, 2860], [1905, 2860]], '9', 0.04770684025403682)]
[([[896.5459373722124, -40.643468054998934], [1081.1968481306208, 102.11439693184121], [842.4540626277876, 405.64346805499895], [657.8031518693792, 261.8856030681588]], '선', 0.008481692596312707)]
[([[519, 9], [700, 9], [700, 117], [519, 117]], "1 '?", 0.7281090283951881), ([[399, 428], [637, 428], [637, 662], [399, 662]], '뉴', 0.023622753745829783), ([[1235, 553], [1372, 553], [1372, 751], [1235, 751]], '8', 0.9982557756632247), ([[514, 786], [766, 786], [766, 980], [514, 980]], '1', 0.07300793489122359), ([[1123, 788], [1284, 788], [1284, 1036], [1123, 1036]], '$', 0.006953477897857996), ([[1630, 1202], [1965, 1202], [1965, 1299], [1630, 1299]], '다음은 나!', 0.7306255015776332), ([[1651, 1298], [1960, 1298], [1960, 1388], [1651, 1388]], '나도 꼬추', 0.844749902715866), ([[1615, 1394], [1962, 1394], [1962, 1485], [1615, 1485]], "먹게 해 쥐'", 0.7069085520859223)]
