2902469
16
[([[1187, 76], [1944, 76], [1944, 162], [1187, 162]], '본편올 읽은 뒤에 보주세요', 0.5003726901928696), ([[213, 2483], [484, 2483], [484, 2633], [213, 2633]], '218', 0.8392693400382996), ([[609, 2294], [1415, 2294], [1415, 2584], [609, 2584]], '6-@리', 0.02854042500257492), ([[214, 2639], [472, 2639], [472, 2690], [214, 2690]], '4신-7 0`네', 0.013870121602519074), ([[1109, 2574], [1914, 2574], [1914, 2843], [1109, 2843]], ')8883-*', 0.024523727077109297)]
[([[1598, 2772], [1936, 2772], [1936, 2825], [1598, 2825]], '{3,+3###| -자', 0.0015520023540613868)]
[([[55, 17], [214, 17], [214, 57], [55, 57]], '201746]', 0.22616893686121128), ([[53, 51], [891, 51], [891, 95], [53, 95]], '+버7*미) ~발히히스# 로뷰스 7 17 ~###( =자', 0.0008757321694227637)]
[([[1324, 1], [1937, 1], [1937, 110], [1324, 110]], '20 염된학늄탓 요요금돌직중', 2.7871595984177938e-05)]
[([[59, 38], [494, 38], [494, 87], [59, 87]], '2021-66/-어잠- 1 3-쁨', 0.003974882490951822), ([[61, 72], [505, 72], [505, 123], [61, 123]], '2505 ##품표워> >자', 0.0527375358404168)]
[([[0, 9], [1951, 9], [1951, 161], [0, 161]], "물 다 + 톤 : ( 벼 ( 소 1}' : $", 0.01233189957643205), ([[1253, 2724], [1936, 2724], [1936, 2827], [1253, 2827]], '8300333 3엎다털고_터(-#둠 !찾?', 2.1555844328685953e-05)]
[([[50, 18], [417, 18], [417, 73], [50, 73]], '0102+-스+-', 0.022807110417708287)]
[([[792, 0], [1972, 0], [1972, 288], [792, 288]], '걸9점~형-안싣', 7.292582916201609e-05), ([[1546, 511], [1705, 511], [1705, 559], [1546, 559]], '$90형북2깨', 0.00018802970034584836), ([[1744, 252], [1932, 252], [1932, 577], [1744, 577]], '9', 0.9978228749121207), ([[1545, 555], [1663, 555], [1663, 619], [1545, 619]], '-3히', 0.001094392652471419), ([[1545, 611], [1860, 611], [1860, 679], [1545, 679]], '^라3거톤" [라-테탁+$', 3.1124264004629858e-06), ([[1242.8378504812406, 147.0192994853441], [1756.9433932555821, 229.1791353612323], [1696.1621495187594, 517.980700514656], [1181.0566067444179, 435.8208646387677]], '다 |', 0.07399284048018753)]
[([[428, 77], [669, 77], [669, 258], [428, 258]], '[ ', 0.0069665653815742905), ([[1615, 262], [1688, 262], [1688, 329], [1615, 329]], '으', 0.9343629208438529), ([[0, 603], [46, 603], [46, 690], [0, 690]], '0', 0.06120008050068493), ([[145, 291], [244, 291], [244, 847], [145, 847]], '}', 0.22553590462172224), ([[836, 1270], [878, 1270], [878, 1321], [836, 1321]], '5 (', 0.3543778720056835), ([[1079, 1547], [1119, 1547], [1119, 1587], [1079, 1587]], '0', 0.9999867678126328), ([[863, 1603], [900, 1603], [900, 1643], [863, 1643]], '극', 0.9984345606932301), ([[1029, 1558], [1107, 1558], [1107, 1757], [1029, 1757]], '8', 0.9963841996041687), ([[1746, 1616], [1862, 1616], [1862, 1671], [1746, 1671]], '오빠군', 0.848750114440918), ([[234, 1771], [352, 1771], [352, 1822], [234, 1822]], '왜 내가', 0.5663169170096266), ([[1375, 1719], [1511, 1719], [1511, 1874], [1375, 1874]], '씨', 0.1320943360221669), ([[254, 1823], [330, 1823], [330, 1873], [254, 1873]], '이런', 0.9988086322657277), ([[241, 1872], [316, 1872], [316, 1925], [241, 1925]], '일흘', 0.8950286171159408), ([[1646, 2159], [1742, 2159], [1742, 2221], [1646, 2221]], '뛰뭐야', 0.16085221925264778), ([[1603, 2222], [1782, 2222], [1782, 2284], [1603, 2284]], '이거 설마', 0.9774280386720594), ([[1610, 2283], [1775, 2283], [1775, 2345], [1610, 2345]], '꿈인가:?', 0.32830027387162386), ([[257, 2453], [373, 2453], [373, 2506], [257, 2506]], '어째서', 0.9996623496594347), ([[234, 2509], [393, 2509], [393, 2564], [234, 2564]], '이렇게 된', 0.923135573719259), ([[259, 2565], [370, 2565], [370, 2618], [259, 2618]], '거야?', 0.9998589778511846), ([[1250, 2604], [1290, 2604], [1290, 2671], [1250, 2671]], '다', 0.05776128589938723), ([[1468, 2778], [1510, 2778], [1510, 2817], [1468, 2817]], '9', 0.7934017796748414), ([[1140.303473966853, 1561.0347396685302], [1194.1366985056995, 1569.3530782303148], [1177.696526033147, 1674.9652603314698], [1122.8633014943005, 1666.6469217696852]], '8', 0.9983459403962947)]
[([[181, 208], [376, 208], [376, 336], [181, 336]], '아%', 0.005354121954965365), ([[940, 270], [1021, 270], [1021, 307], [940, 307]], '.]', 0.09577576466056702), ([[163, 315], [556, 315], [556, 594], [163, 594]], '@륙@', 0.007411410834891045), ([[1573, 239], [1783, 239], [1783, 624], [1573, 624]], '8 %', 0.23091646892710435), ([[1703, 846], [1817, 846], [1817, 897], [1703, 897]], '시키어', 0.5798072681390961), ([[1672, 977], [1783, 977], [1783, 1079], [1672, 1079]], '', 0.0), ([[146, 1583], [250, 1583], [250, 1740], [146, 1740]], '홍', 0.11834359463860356), ([[234, 1888], [361, 1888], [361, 1945], [234, 1945]], '언니:!', 0.8226278424263), ([[1427, 1976], [1552, 1976], [1552, 2029], [1427, 2029]], '가슴 딱', 0.9988611340522766), ([[1406, 2030], [1540, 2030], [1540, 2083], [1406, 2083]], '붙여화~', 0.6274886727333069), ([[1119, 2096], [1161, 2096], [1161, 2158], [1119, 2158]], '0', 0.9998372859392681), ([[323, 2364], [457, 2364], [457, 2452], [323, 2452]], '우와!', 0.5521481868049981), ([[1671, 2375], [1833, 2375], [1833, 2449], [1671, 2449]], '그리고', 0.9999897450052484), ([[1667, 2461], [1831, 2461], [1831, 2547], [1667, 2547]], '자지흘', 0.35596433249267745), ([[179, 2519], [304, 2519], [304, 2603], [179, 2603]], '이건', 0.9988145307697908), ([[1418, 2473], [1576, 2473], [1576, 2638], [1418, 2638]], '[0', 0.15803108076127492), ([[1643, 2554], [1799, 2554], [1799, 2631], [1643, 2631]], '샌드~', 0.9933071115547538), ([[143, 2605], [342, 2605], [342, 2689], [143, 2689]], '굽이다!', 0.6845080852508545), ([[1485, 2621], [1595, 2621], [1595, 2738], [1485, 2738]], '@', 0.6873357696386542), ([[1021.3945064842331, 2045.0130997857866], [1125.8044349775791, 2026.2837634732946], [1169.6054935157667, 2303.9869002142136], [1065.1955650224209, 2322.7162365267054]], '$', 0.026580597598840683)]
[([[564, 269], [606, 269], [606, 309], [564, 309]], '9', 0.9710771056353771), ([[477, 443], [550, 443], [550, 494], [477, 494]], '이거', 0.9996738832633203), ([[52, 439], [151, 439], [151, 665], [52, 665]], '풍', 0.01535909913445993), ([[166, 520], [350, 520], [350, 654], [166, 654]], '부무렵고', 0.2964145541191101), ([[414, 578], [514, 578], [514, 629], [414, 629]], '문질러', 0.9961824004429021), ([[1368, 515], [1603, 515], [1603, 649], [1368, 649]], '플자', 0.02002339898634984), ([[1629, 567], [1718, 567], [1718, 642], [1629, 642]], '30', 0.39693043292315255), ([[417, 627], [486, 627], [486, 671], [417, 671]], '저서', 0.9998024212915547), ([[170, 649], [317, 649], [317, 709], [170, 709]], '따스해:', 0.9916885495185852), ([[1614, 922], [1910, 922], [1910, 1515], [1614, 1515]], '@업', 0.019785228935260607), ([[1612, 1488], [1758, 1488], [1758, 1638], [1612, 1638]], '@', 0.012192340245835931), ([[1648, 1636], [1751, 1636], [1751, 1787], [1648, 1787]], '8', 0.801226520312813), ([[301, 1811], [418, 1811], [418, 1901], [301, 1901]], '까', 0.9616155196472995), ([[310, 1905], [421, 1905], [421, 1998], [310, 1998]], '아', 0.9953570739104443), ([[1465, 1931], [1576, 1931], [1576, 2035], [1465, 2035]], '아', 0.21067984306398913), ([[1668, 2512], [1782, 2512], [1782, 2575], [1668, 2575]], '굉장한', 0.9529942189973195), ([[1654, 2570], [1774, 2570], [1774, 2620], [1654, 2620]], '굽이다:', 0.7086426019668579), ([[245, 2597], [352, 2597], [352, 2647], [245, 2647]], '오빠군', 0.9578948616981506), ([[540.1498374172081, 129.0329026819846], [623.9278215426334, 140.45568676408547], [603.8501625827919, 279.9670973180154], [520.0721784573666, 268.54431323591456]], '쭉', 0.04162956938138507), ([[1257.4867479159784, 229.10458499504472], [1322.6694882749562, 183.0203922907193], [1409.5132520840216, 322.8954150049553], [1345.3305117250438, 368.9796077092807]], '술', 0.5002892363769575), ([[1657.5167371264174, 642.1387067700123], [1708.687106737224, 611.0295618482005], [1763.4832628735826, 710.8612932299877], [1711.312893262776, 742.9704381517995]], '호', 0.07872554562429546), ([[646.8540360601377, 709.0506074795559], [722.5876340231144, 655.0132880891706], [845.1459639398623, 847.9493925204441], [770.4123659768856, 901.9867119108294]], '콩', 0.005259346391162156), ([[260.6170600620325, 1041.123776595512], [555.0603741739021, 987.5745783510968], [574.3829399379675, 1182.876223404488], [280.9396258260978, 1235.4254216489032]], '시', 0.30918384991208825), ([[1767.4429703068224, 1796.9960198284207], [1906.7663884672345, 1722.0752298495104], [1965.5570296931776, 1854.0039801715793], [1827.2336115327655, 1927.9247701504896]], '씨', 0.021849165274275606), ([[1071.2947914216231, 2520.031143064342], [1216.992354723404, 2587.650334480851], [1186.7052085783769, 2648.968856935658], [1041.007645276596, 2581.349665519149]], '대3어 )', 0.02574094902850622), ([[1031.9194081923158, 2602.0585553693054], [1196.5653249582372, 2630.0837423907815], [1178.0805918076842, 2713.9414446306946], [1013.4346750417628, 2685.9162576092185]], '대보', 0.16638844201745806)]
[([[304, 160], [377, 160], [377, 213], [304, 213]], '싫어', 0.9979195916123226), ([[1739, 227], [1833, 227], [1833, 276], [1739, 276]], '자아~', 0.9996407394566492), ([[191, 277], [307, 277], [307, 328], [191, 328]], '이런 거', 0.8076867191996436), ([[178, 326], [316, 326], [316, 379], [178, 379]], '부끄러워', 0.9935396909713745), ([[1636, 398], [1741, 398], [1741, 447], [1636, 447]], '오빠군', 0.8830766081809998), ([[0, 556], [361, 556], [361, 825], [0, 825]], '(([', 0.06617266684770584), ([[1023, 682], [1113, 682], [1113, 742], [1023, 742]], '누구', 0.7592840333908919), ([[1004, 744], [1135, 744], [1135, 817], [1004, 817]], '보지름', 0.21150780705438374), ([[998, 811], [1145, 811], [1145, 878], [998, 878]], '쓸래~?', 0.9992850422859192), ([[1155, 1203], [1191, 1203], [1191, 1256], [1155, 1256]], '0', 0.9410710845033101), ([[1080, 1647], [1254, 1647], [1254, 1740], [1080, 1740]], '08537', 0.2389384824802705), ([[189, 1687], [890, 1687], [890, 1935], [189, 1935]], '인제곱', 0.0025857321384704607), ([[112, 1991], [223, 1991], [223, 2077], [112, 2077]], '아', 0.988625512305422), ([[1681, 2030], [1788, 2030], [1788, 2078], [1681, 2078]], '그런데', 0.9999764617108438), ([[1102, 2065], [1355, 2065], [1355, 2129], [1102, 2129]], '이런 식으로', 0.680932766462049), ([[1643, 2079], [1824, 2079], [1824, 2130], [1643, 2130]], '평소 나한터', 0.6823776317376691), ([[1084, 2127], [1368, 2127], [1368, 2208], [1084, 2208]], '유혹해오다니', 0.4882051765424043), ([[1645, 2131], [1824, 2131], [1824, 2182], [1645, 2182]], '엄격히 꿀던', 0.22075144326440607), ([[1643, 2180], [1799, 2180], [1799, 2231], [1643, 2231]], '시키 장이:', 0.5727833072751212), ([[1169, 2204], [1289, 2204], [1289, 2270], [1169, 2270]], '레어!', 0.6893324868146149), ([[1442.9099080900553, 336.90089889906085], [1590.4776240148828, 238.03591624374948], [1657.0900919099447, 348.09910110093915], [1508.5223759851172, 446.9640837562505]], '1예', 0.0005677171744437266), ([[1301.7033464652316, 420.4617126283101], [1482.8191681328365, 314.12584454365293], [1525.2966535347684, 408.5382873716899], [1344.1808318671635, 514.8741554563471]], '7서니', 0.012562535791904264), ([[193.1974966133641, 847.1823482978082], [256.00878518174954, 883.3540341591462], [159.8025033866359, 1045.8176517021918], [97.99121481825046, 1010.6459658408538]], '장', 0.6923076416255789), ([[1107.4373106705577, 1210.0226523149172], [1160.3542061717283, 1201.132240129092], [1183.5626893294423, 1347.9773476850828], [1129.6457938282717, 1356.867759870908]], '풍', 0.02442491827110005), ([[863.8514348102905, 2233.0286962058094], [1021.3841347675564, 2179.421705947085], [1109.1485651897094, 2478.9713037941906], [952.6158652324436, 2533.578294052915]], '동', 0.1535684672453499)]
[([[1350, 149], [1403, 149], [1403, 206], [1350, 206]], '기', 0.018580423201646434), ([[185, 252], [274, 252], [274, 305], [185, 305]], '언`::', 0.10458873212337494), ([[1742, 322], [1813, 322], [1813, 373], [1742, 373]], '언니', 0.9998589795574089), ([[1710, 369], [1844, 369], [1844, 420], [1710, 420]], '동생에계', 0.7106109857559204), ([[1694, 419], [1860, 419], [1860, 469], [1694, 469]], '저버려다)', 0.13647132393307418), ([[791, 690], [858, 690], [858, 727], [791, 727]], '시', 0.03526680467386378), ([[603, 702], [712, 702], [712, 751], [603, 751]], '그래도', 0.999957810078291), ([[1406, 700], [1480, 700], [1480, 751], [1406, 751]], '30', 0.9217148403584877), ([[583, 754], [730, 754], [730, 805], [583, 805]], '시키 기분', 0.9997053393685237), ([[1421, 750], [1465, 750], [1465, 815], [1421, 815]], "'", 0.052198097243707275), ([[590, 803], [726, 803], [726, 856], [590, 856]], '좋아보여', 0.9964051246643066), ([[303, 1008], [414, 1008], [414, 1116], [303, 1116]], '@', 0.9990402379876038), ([[335, 1204], [388, 1204], [388, 1302], [335, 1302]], '끈', 0.6982576730781744), ([[716, 1258], [813, 1258], [813, 1335], [716, 1335]], '난소', 0.07622453654850617), ([[735, 1322], [779, 1322], [779, 1362], [735, 1362]], '9', 0.9806388414264724), ([[1698, 1166], [1935, 1166], [1935, 1539], [1698, 1539]], '시', 0.01777698888594248), ([[111, 1321], [199, 1321], [199, 1561], [111, 1561]], '물', 0.2797841045777183), ([[443, 1431], [499, 1431], [499, 1529], [443, 1529]], '손', 0.9087166818276593), ([[1603, 1389], [1755, 1389], [1755, 1557], [1603, 1557]], '품', 0.3346654598017409), ([[818, 1594], [887, 1594], [887, 1667], [818, 1667]], '배', 0.5113829997290829), ([[1094, 2232], [1205, 2232], [1205, 2285], [1094, 2285]], '언니도', 0.999836128246789), ([[1663, 2223], [1768, 2223], [1768, 2274], [1663, 2274]], '오빠군', 0.5667263865470886), ([[1073, 2286], [1225, 2286], [1225, 2339], [1073, 2339]], '기분 증계', 0.2843997881793341), ([[1082, 2340], [1185, 2340], [1185, 2391], [1082, 2391]], '해쥐~', 0.6305141982124949), ([[187.06517297263815, 869.0230113445543], [372.7503766129908, 967.9302480766343], [294.93482702736185, 1109.9769886554457], [109.2496233870092, 1011.0697519233657]], '@', 0.9994711383244272), ([[403.91541525424566, 1040.2447440678318], [515.5085394241027, 1020.7839792016997], [524.0845847457543, 1099.7552559321682], [413.49146057589735, 1118.2160207983002]], '50', 0.8390501036521724), ([[1424.6521714976525, 1166.0086471028167], [1482.0055115234775, 1175.678061967858], [1447.3478285023475, 1380.9913528971833], [1388.9944884765225, 1371.321938032142]], '출', 0.18865356572107217), ([[1053.9421871324348, 1352.046714596513], [1211.4258094927493, 1391.3324562122039], [1184.0578128675652, 1488.953285403487], [1026.5741905072507, 1450.6675437877961]], "_어>'", 0.00026895961491391063), ([[659.3516449153894, 1395.0351332215832], [707.306428840125, 1409.8221212745054], [679.6483550846106, 1498.9648667784168], [631.693571159875, 1483.1778787254946]], '"호', 0.06179014365308895), ([[477.07704922414484, 2365.018525681207], [631.2073939922595, 2308.10617088028], [745.9229507758552, 2659.981474318793], [591.7926060077405, 2716.89382911972]], '중', 0.04070297043483695)]
[([[194, 55], [498, 55], [498, 262], [194, 262]], '꿈꿈', 0.4984911490553725), ([[171, 246], [523, 246], [523, 455], [171, 455]], '꿈권]', 0.2511231295319232), ([[1811, 684], [1840, 684], [1840, 731], [1811, 731]], ')', 0.47272222719343304), ([[83, 623], [308, 623], [308, 886], [83, 886]], '>', 0.30084708607409993), ([[1717, 698], [1792, 698], [1792, 816], [1717, 816]], "%'", 0.024570469986556376), ([[1327, 1957], [1393, 1957], [1393, 2045], [1327, 2045]], '1', 0.43730240117853114), ([[1141, 2084], [1246, 2084], [1246, 2137], [1141, 2137]], '나4', 0.11663079030256786), ([[288, 2302], [366, 2302], [366, 2429], [288, 2429]], '"', 0.14441331474478147), ([[988, 2419], [1986, 2419], [1986, 2575], [988, 2575]], '너무 꿈같아서 웃김크', 0.42226512852877013), ([[574.4486522748772, 107.17407000945978], [672.5920953839773, 99.78948112265242], [674.5513477251228, 164.82592999054023], [576.4079046160227, 172.21051887734757]], "2''", 0.2828375984027923), ([[615.414405537378, 161.1819438107256], [658.7105958160938, 134.03616100228115], [706.585594462622, 217.8180561892744], [663.2894041839062, 245.96383899771885]], '5', 0.08726552289631062), ([[1123.330365483876, 1643.0224457097536], [1234.5834873022798, 1747.143993850314], [1175.669634516124, 1811.9775542902464], [1064.4165126977202, 1707.856006149686]], '~45', 0.001272872061204411), ([[1175.234300746846, 2114.0367277671976], [1236.1883351599977, 2134.9300386640984], [1201.765699253154, 2233.9632722328024], [1140.8116648400023, 2213.0699613359016]], '5', 0.48496073806360585)]
[([[1694, 105], [1811, 105], [1811, 274], [1694, 274]], '학', 0.0661012763314881), ([[224, 269], [268, 269], [268, 311], [224, 311]], '아;', 0.8712311947915516), ([[623, 261], [751, 261], [751, 312], [623, 312]], '맞아 나', 0.9345297913696746), ([[212, 315], [283, 315], [283, 364], [212, 364]], '일어', 0.998913542896654), ([[596, 313], [778, 313], [778, 364], [596, 364]], '생일 파티에', 0.9951380571407373), ([[1729, 273], [1828, 273], [1828, 383], [1729, 383]], '!?', 0.9395458131403087), ([[212, 365], [285, 365], [285, 415], [212, 415]], '낫다', 0.9957513800107654), ([[329, 347], [424, 347], [424, 426], [329, 426]], '7"', 0.97020541606217), ([[601, 362], [755, 362], [755, 413], [601, 413]], "초대발고:'", 0.12791034145808916), ([[317, 423], [368, 423], [368, 492], [317, 492]], '>', 0.9716831243510207), ([[862, 563], [946, 563], [946, 620], [862, 620]], '역시', 0.999409657996231), ([[861, 620], [1004, 620], [1004, 682], [861, 682]], '굽인가', 0.23325333147709226), ([[809, 708], [846, 708], [846, 747], [809, 747]], '7', 0.27032539050128773), ([[838, 699], [981, 699], [981, 767], [838, 767]], '렇젯지', 0.09354430131713468), ([[179, 1041], [396, 1041], [396, 1105], [179, 1105]], '얼른 오라고', 0.9232541122345144), ([[1630, 1032], [1780, 1032], [1780, 1094], [1630, 1094]], '오빠군', 0.2866085031033828), ([[910, 1520], [1035, 1520], [1035, 1584], [910, 1584]], '파티', 0.9999406577530219), ([[1603, 1542], [1647, 1542], [1647, 1591], [1603, 1591]], '앗', 0.5135661342984044), ([[864, 1593], [1081, 1593], [1081, 1668], [864, 1668]], '시작해~', 0.8186339139938354), ([[239, 1688], [323, 1688], [323, 1741], [239, 1741]], '네에', 0.9893025175749702), ([[467, 2030], [1544, 2030], [1544, 2205], [467, 2205]], '67@80083053', 0.06868069754889315), ([[790, 2205], [1216, 2205], [1216, 2258], [790, 2258]], '쫓다주터 : 2023/8/13', 0.08497688434448827), ([[611, 2255], [1393, 2255], [1393, 2315], [611, 2315]], "쭉어; : 걸9나서.-.-라,술,`목라+라,/굶'51+", 6.98728741304893e-07), ([[720, 2309], [1286, 2309], [1286, 2366], [720, 2366]], '가리하|:`-담라|나@어나+이어아`<어값', 9.111808430013211e-06), ([[565, 2362], [1439, 2362], [1439, 2419], [565, 2419]], '두하,+;라:^++[-://하,+;라;명/카하,|나65/3743', 8.104417884689573e-05), ([[583, 2417], [1423, 2417], [1423, 2471], [583, 2471]], '+검++서<:^++오컨:/+>;++서5표어,/188_하]^', 8.959973340188772e-06), ([[776, 2466], [1225, 2466], [1225, 2519], [776, 2519]], '태팅 : 7 9논 -7)', 0.008603852471820274), ([[370, 2568], [1629, 2568], [1629, 2629], [370, 2629]], '#름0 # ##값 , #물 * " _ 소껴시07 " 가미- }상촌나<학.', 0.0012777581422890175)]
[([[585, 115], [1244, 115], [1244, 395], [585, 395]], '-0시도장설쓸', 9.272621911778924e-05), ([[1241, 203], [1369, 203], [1369, 340], [1241, 340]], '|', 0.09032264367854115), ([[1320, 117], [1539, 117], [1539, 434], [1320, 434]], '9', 0.9967033659297933), ([[755, 381], [801, 381], [801, 423], [755, 423]], '점', 0.1003911882574906), ([[816, 381], [864, 381], [864, 423], [816, 423]], ';`', 0.09907282047043338), ([[882, 378], [1052, 378], [1052, 427], [882, 427]], ":; '", 0.4767465889453888), ([[1073, 376], [1135, 376], [1135, 424], [1073, 424]], '*::', 0.017174398506133077), ([[1157, 376], [1282, 376], [1282, 427], [1157, 427]], ':? :', 0.065637998546695), ([[1303, 380], [1336, 380], [1336, 422], [1303, 422]], '7', 0.2486745151555434), ([[661, 706], [1390, 706], [1390, 762], [661, 762]], '(56+<3. -9산서서-라50 9 <4 .', 0.002964666439264643), ([[646, 760], [1077, 760], [1077, 816], [646, 816]], "'사#0([뤄[0 #숲촌", 0.0054741658263373575), ([[1199, 763], [1423, 763], [1423, 814], [1199, 814]], '논현?* 5', 0.04875757912292457), ([[432, 817], [1630, 817], [1630, 868], [432, 868]], "표봇5 + 쇼교 5 (+(2* ? < ( * (' 총 (+@  손 틀 ? (( !", 0.0033981640097138885), ([[392, 871], [1680, 871], [1680, 924], [392, 924]], '7 4 그 ) 매 (그 리쪽 ( 0 < *소## < 병 논 * 3 논 화 < 포봇5 + 소7', 0.006311340497951419), ([[387, 925], [1648, 925], [1648, 978], [387, 978]], "#(' < 내 7 35 > <화  3습소껴논 +(7+4+4 (-늘' 총화 병", 0.0023494923192351434), ([[1637, 950], [1657, 950], [1657, 973], [1637, 973]], '0', 0.9924536799376291), ([[542, 981], [1525, 981], [1525, 1034], [542, 1034]], "8 논쨌국6 *구논 5 ) ) *' - 7년 5 0 < 손", 0.013911491447831667), ([[419, 1035], [1630, 1035], [1630, 1088], [419, 1088]], '숲 ( + < # < 2스0" } <##< ( 총 5 3뉴병 허 ! 총화 *0', 0.002669268601300151), ([[461, 1089], [1612, 1089], [1612, 1144], [461, 1144]], '떼손 소미룩 ? < 불*131*종 0 720" +0*072 <', 0.0031958197657864073), ([[351, 1145], [1576, 1145], [1576, 1198], [351, 1198]], "8 소촌 ! #가 * ( ' '논 (# 중난소 8? 3 [? *스0출+5 .", 0.003037709057440503), ([[792, 1258], [1261, 1258], [1261, 1309], [792, 1309]], '논# <6 충 1 논 < <', 0.03301452906006025), ([[893, 1377], [1212, 1377], [1212, 1540], [893, 1540]], '서히', 0.2903496143257056), ([[821, 2160], [1239, 2160], [1239, 2213], [821, 2213]], '쭉;주타 : 2023/8/13', 0.28942959497961784), ([[616, 2216], [1444, 2216], [1444, 2273], [616, 2273]], '쭉수7 : $94서쳐-@-리,_,^서라머라7/056+', 1.5540182336414551e-06), ([[718, 2271], [1345, 2271], [1345, 2325], [718, 2325]], '<;[:^-담리`4@어산+이아형` 표어금', 4.081604558707088e-06), ([[819, 2329], [1239, 2329], [1239, 2379], [819, 2379]], '+담;++서5:@188_걸]', 0.0028787581384942694), ([[576, 2381], [1482, 2381], [1482, 2438], [576, 2438]], '하,+;리:^++오도:/|하,+;라;명|하7-(465/3743', 3.937991893296311e-06), ([[826, 2435], [1228, 2435], [1228, 2485], [826, 2485]], '티곁 : \' 57 4 " ?', 0.09230918575152812)]
