2906833
56
[]
[]
[]
[]
[]
[]
[]
[]
[]
[]
[]
[]
[]
[([[438, 98], [632, 98], [632, 312], [438, 312]], '에', 0.011428597444242128)]
[]
[]
[]
[]
[]
[]
[]
[]
[]
[]
[]
[]
[]
[]
[]
[]
[([[1489, 599], [1511, 599], [1511, 619], [1489, 619]], '00', 0.7064977026854254), ([[1515.6286093236458, 609.0715233091147], [1527.923076923077, 616.6153846153846], [1514.3713906763542, 635.9284766908853], [1502.076923076923, 627.3846153846154]], '8', 0.9980762920741917)]
[]
[]
[]
[]
[([[0, 348], [60, 348], [60, 380], [0, 380]], '#4', 0.05771451826544453)]
[]
[]
[]
[]
[]
[]
[]
[([[429, 601], [491, 601], [491, 714], [429, 714]], '`', 0.08129681924771148)]
[]
[([[551, 505], [575, 505], [575, 517], [551, 517]], "시시'", 0.013504464714433602)]
[([[674, 482], [730, 482], [730, 530], [674, 530]], '07', 0.00857535517080648)]
[]
[([[379, 145], [407, 145], [407, 163], [379, 163]], '증', 0.04094184017620606), ([[406, 140], [497, 140], [497, 182], [406, 182]], "42'", 0.06212632251887092), ([[973, 525], [1011, 525], [1011, 581], [973, 581]], '출', 0.13409497522925395), ([[1100, 540], [1130, 540], [1130, 570], [1100, 570]], '=', 0.9997552783025618), ([[1082, 568], [1106, 568], [1106, 604], [1082, 604]], '틀', 0.06018937811726155), ([[1142, 584], [1170, 584], [1170, 610], [1142, 610]], '=', 0.7939645453440249)]
[]
[([[448, 34], [602, 34], [602, 182], [448, 182]], '[{틀', 0.0018130999127254068), ([[98, 284], [248, 284], [248, 428], [98, 428]], '[없', 0.014145071601420969), ([[818.2106731229717, 143.02835640930672], [925.9742882169079, 228.24833642349947], [866.7893268770283, 303.97164359069325], [758.0257117830921, 219.75166357650053]], '메위', 0.0019279629460833409)]
[([[1193, 609], [1280, 609], [1280, 717], [1193, 717]], '2 ', 0.25689572541722994)]
[]
[]
[]
[]
