2906819
212
[]
[]
[]
[]
[]
[]
[]
[]
[]
[]
[]
[]
[]
[]
[]
[]
[]
[]
[]
[]
[]
[]
[]
[]
[]
[]
[]
[]
[]
[]
[]
[]
[]
[]
[]
[]
[]
[]
[]
[]
[]
[]
[]
[]
[]
[]
[]
[]
[]
[]
[]
[]
[]
[]
[]
[([[234.94662967523482, 490.19101246729286], [257.72514280844206, 508.74556918341557], [213.05337032476518, 559.8089875327071], [189.27485719155797, 540.2544308165844]], '갑', 0.10891602024341385)]
[]
[]
[]
[]
[([[283, 17], [323, 17], [323, 69], [283, 69]], ')', 0.03644976182846449)]
[]
[([[288, 22], [320, 22], [320, 68], [288, 68]], ')', 0.05238117198301162)]
[]
[]
[]
[]
[]
[]
[]
[]
[]
[]
[]
[]
[]
[]
[]
[]
[]
[]
[]
[]
[]
[]
[]
[]
[]
[]
[]
[]
[]
[]
[]
[]
[]
[]
[]
[]
[]
[]
[]
[]
[]
[]
[([[347, 135], [485, 135], [485, 275], [347, 275]], '{취)', 0.00108841803671502)]
[]
[([[136, 350], [218, 350], [218, 374], [136, 374]], '@어매촌', 0.0004174137720838189)]
[]
[]
[]
[]
[]
[]
[]
[]
[]
[]
[]
[([[209, 129], [263, 129], [263, 143], [209, 143]], "'죄(오대", 0.0003566706051387418), ([[222, 145], [273, 145], [273, 166], [222, 166]], '다0.!]', 0.00041223832900102585)]
[]
[]
[]
[]
[]
[]
[]
[]
[]
[]
[]
[]
[]
[]
[]
[]
[]
[]
[]
[]
[]
[]
[]
[]
[]
[]
[]
[]
[]
[]
[]
[]
[]
[]
[]
[]
[]
[]
[]
[]
[]
[]
[]
[]
[]
[]
[]
[]
[]
[]
[]
[]
[]
[]
[]
[([[827.1675694221406, 1039.0875762840606], [911.9550681968212, 1059.4021408539688], [902.8324305778594, 1093.9124237159394], [818.0449318031788, 1073.5978591460312]], ":'시", 0.0016126503606941555)]
[]
[]
[]
[]
[]
[]
[]
[([[182, 126], [404, 126], [404, 388], [182, 388]], '7', 0.7143197194172366)]
[]
[]
[([[184, 174], [378, 174], [378, 376], [184, 376]], '7 {', 0.3669989484676559)]
[]
[]
[]
[]
[]
[]
[]
[]
[]
[]
[]
[]
[]
[]
[]
[]
[]
[]
[]
[]
[]
[]
[]
[]
[]
