2910751
33
[([[1354, 0], [1458, 0], [1458, 42], [1354, 42]], '씨:-', 0.08404631007129935)]
[([[1352, 0], [1458, 0], [1458, 44], [1352, 44]], ':-:', 0.14246931236727586)]
[([[1352, 0], [1458, 0], [1458, 44], [1352, 44]], '(:--', 0.0073691802099347115), ([[290.400119964012, 1020.0605878236588], [315.4017536880042, 1008.027022708769], [348.599880035988, 1074.9394121763412], [322.5982463119958, 1087.972977291231]], "'", 0.623603451972091)]
[([[1353, 0], [1457, 0], [1457, 41], [1353, 41]], '똑:-푸', 0.004400472156703472), ([[289.1135155856441, 1022.0994685768342], [314.542875285166, 1008.0370104182882], [349.8864844143559, 1073.9005314231658], [325.457124714834, 1088.9629895817118]], "'", 0.6056378687699784)]
[([[1352, 0], [1458, 0], [1458, 44], [1352, 44]], '(:--', 0.0073691802099347115), ([[290.3756770666054, 1022.0656822130455], [314.4017536880042, 1009.027022708769], [348.6243229333946, 1074.9343177869546], [324.5982463119958, 1088.972977291231]], "'", 0.623603451972091)]
[([[1353, 0], [1457, 0], [1457, 41], [1353, 41]], '똑:-푸', 0.0059934440068900585)]
[([[1353, 0], [1455, 0], [1455, 41], [1353, 41]], '씨:-:', 0.01934433914721012)]
[([[1353, 0], [1455, 0], [1455, 41], [1353, 41]], ':-4', 0.07655419681611846)]
[([[1354, 0], [1456, 0], [1456, 42], [1354, 42]], '씨:-', 0.10963029545421649), ([[571, 1231], [587, 1231], [587, 1259], [571, 1259]], '"', 0.10531508205282591)]
[([[1353, 0], [1457, 0], [1457, 41], [1353, 41]], '똑:-푸', 0.005213991738855839)]
[([[1354, 0], [1458, 0], [1458, 44], [1354, 44]], '(--', 0.0025518173348637652), ([[1085.3093088240148, 1103.0402397064163], [1136.5055081878238, 1064.2941336915108], [1158.6906911759852, 1097.9597602935837], [1107.4944918121762, 1135.7058663084892]], '대', 0.2611026417182529)]
[([[1352, 0], [1458, 0], [1458, 42], [1352, 42]], '씨:-4', 0.0063525908626616)]
[([[1352, 0], [1458, 0], [1458, 42], [1352, 42]], '씨:-4', 0.0063525908626616)]
[([[1352, 0], [1458, 0], [1458, 42], [1352, 42]], '씨:-4', 0.0063525908626616)]
[([[1354, 0], [1460, 0], [1460, 44], [1354, 44]], '걸:-:', 0.01088108029216528)]
[([[1354, 0], [1460, 0], [1460, 44], [1354, 44]], '(:-4', 0.008459667675197124), ([[293.30513841808187, 1025.0815813559439], [317.4302872169567, 1012.0310182029989], [349.69486158191813, 1072.9184186440561], [325.5697127830433, 1086.968981797001]], "'", 0.6330650013408103)]
[]
[([[412, 1825], [1595, 1825], [1595, 2095], [412, 2095]], '-물형 커신-교프원지', 7.745004015288329e-06)]
[([[1354, 0], [1456, 0], [1456, 42], [1354, 42]], '(:-', 0.2296644927527816), ([[991, 933], [1061, 933], [1061, 995], [991, 995]], '훌{', 0.0043776673609414105), ([[721, 1079], [779, 1079], [779, 1119], [721, 1119]], "'22", 0.06487889318407361), ([[560, 1086], [660, 1086], [660, 1184], [560, 1184]], '표', 0.4388542378457636), ([[758, 1114], [790, 1114], [790, 1140], [758, 1140]], '2', 0.33134681954925327), ([[786, 1218], [840, 1218], [840, 1286], [786, 1286]], '올', 0.5241119286319105), ([[526, 1274], [558, 1274], [558, 1336], [526, 1336]], "'", 0.3809267375880978), ([[1009.1098497881025, 881.056828347199], [1078.976926377638, 923.4321106436806], [1047.8901502118977, 972.943171652801], [979.0230736223622, 931.5678893563194]], '"필쎄소', 0.050170838832855225), ([[772.3641784200731, 1017.0405916765708], [872.9710352378293, 1066.4625907850996], [853.6358215799269, 1104.9594083234292], [752.0289647621707, 1055.5374092149004]], '아건주머니', 0.2770653976116724), ([[764.2161622789964, 1048.0618223576778], [840.9996540151537, 1083.9411805409982], [823.7838377210036, 1120.9381776423222], [746.0003459848463, 1085.0588194590018]], '후7', 0.007676449204665159), ([[562.4756975137109, 1167.0229516563047], [610.6331309948996, 1179.225027835275], [582.5243024862891, 1292.9770483436953], [533.3668690051004, 1280.774972164725]], '8', 0.1031231801474144), ([[773.2111456180002, 1273.4222912360003], [796.6369297552985, 1252.0510355171493], [838.7888543819998, 1300.5777087639997], [815.3630702447015, 1321.9489644828507]], ';', 0.11058836550855577)]
[([[1354, 0], [1456, 0], [1456, 42], [1354, 42]], '(:-', 0.23392490667472662), ([[1032, 956], [1058, 956], [1058, 990], [1032, 990]], '1', 0.12174492903192036), ([[724, 1080], [748, 1080], [748, 1110], [724, 1110]], '{', 0.1609188980707552), ([[568, 1094], [652, 1094], [652, 1144], [568, 1144]], '1간', 0.055270772217327305), ([[759, 1117], [789, 1117], [789, 1137], [759, 1137]], '오7', 0.2912432693499173), ([[1007.4116515945855, 925.0582579729272], [1042.9543506764537, 956.4786439982729], [1022.5883484054145, 980.9417420270728], [986.0456493235462, 948.5213560017271]], '고5', 0.24048041418809038), ([[773.3873671399867, 1015.0376738338928], [873.9760579561798, 1065.511280022161], [852.6126328600133, 1105.9623261661072], [752.0239420438202, 1055.488719977839]], '아가주머니', 0.10243524620197914), ([[764.2161622789964, 1048.0618223576778], [840.9996540151537, 1083.9411805409982], [823.7838377210036, 1120.9381776423222], [746.0003459848463, 1085.0588194590018]], '서[7', 0.010746524267978992), ([[762.1878904958928, 1200.04132685975], [823.0574204836305, 1187.2690866675705], [847.8121095041072, 1313.95867314025], [785.9425795163695, 1326.7309133324295]], '절', 0.23467295925462395), ([[535.676449945867, 1273.0263446697888], [556.9462532759136, 1276.2380111414022], [547.323550054133, 1337.9736553302112], [526.0537467240864, 1333.7619888585978]], '{', 0.40983126127116876)]
[([[1354, 0], [1456, 0], [1456, 42], [1354, 42]], '(:-', 0.23392490667472662), ([[1011, 945], [1031, 945], [1031, 975], [1011, 975]], '영', 0.7358579718039984), ([[566, 1094], [652, 1094], [652, 1142], [566, 1142]], ':과', 0.014366820541167877), ([[761, 1117], [789, 1117], [789, 1137], [761, 1137]], '소', 0.017823824195693172), ([[587, 1133], [625, 1133], [625, 1173], [587, 1173]], '또', 0.017928919132973675), ([[774.3391813995449, 1024.0438604965868], [872.9827287912244, 1070.5847726007314], [853.6608186004551, 1108.9561395034132], [755.0172712087756, 1062.4152273992686]], '가거주머니', 0.35775278459540655), ([[767.3824924789055, 1052.0479518649956], [839.9952494044995, 1089.8051097851464], [822.6175075210945, 1123.9520481350044], [750.0047505955005, 1086.1948902148536]], '7', 0.04654084586346863), ([[797.2821551048371, 1212.03690451692], [854.4177010944233, 1231.5673354681992], [822.7178448951629, 1322.96309548308], [766.5822989055767, 1303.4326645318008]], '햇', 0.014769268384334788), ([[548.5473212697874, 1224.0205339676615], [586.2276728768137, 1238.18134476546], [546.4526787302126, 1343.9794660323385], [508.7723271231863, 1329.81865523454]], '중', 0.018207564556292688)]
[([[1354, 0], [1456, 0], [1456, 42], [1354, 42]], '(:-', 0.23392490667472662), ([[995, 935], [1031, 935], [1031, 975], [995, 975]], '23', 0.12010310936275248), ([[566, 1092], [654, 1092], [654, 1142], [566, 1142]], ':-', 0.022750512266828622), ([[583, 1131], [623, 1131], [623, 1173], [583, 1173]], '또', 0.07572436703803564), ([[796, 1274], [824, 1274], [824, 1312], [796, 1312]], '23', 0.1410892839341969), ([[771.4421259126165, 1033.0390939795766], [870.991624459327, 1075.7412835998584], [853.5578740873835, 1111.9609060204234], [755.008375540673, 1069.2587164001416]], '가건주머니', 0.18149286923488395), ([[764.2583685632087, 1063.069353385006], [838.9847748699844, 1089.6513321988764], [825.7416314367913, 1123.930646614994], [751.0152251300156, 1097.3486678011236]], '장-7', 0.006007080598912413), ([[537.5677632769264, 1241.0234221477222], [570.2087962273011, 1249.6651507940749], [548.4322367230736, 1340.9765778522778], [514.7912037726989, 1333.3348492059251]], "'", 0.35896986849653345)]
[([[1354, 0], [1458, 0], [1458, 42], [1354, 42]], '씨:-', 0.10345825668984743)]
[([[1354, 0], [1456, 0], [1456, 42], [1354, 42]], '(:-', 0.23392490667472662), ([[786, 1220], [840, 1220], [840, 1284], [786, 1284]], '올', 0.01881067553754079), ([[794, 1272], [824, 1272], [824, 1310], [794, 1310]], '%', 0.14840038855848636), ([[989.170867717451, 944.6221280326862], [1009.599880035988, 926.0605878236588], [1041.8291322825492, 962.3778719673138], [1021.400119964012, 980.9394121763412]], '당', 0.44507459602687405), ([[763.0100505063389, 1053.0703535443718], [870.646855920873, 1074.8047081362254], [855.9899494936611, 1136.9296464556282], [748.353144079127, 1115.1952918637746]], "'깎주만4", 0.06105589374198574), ([[535.5146749188006, 1272.0395170046834], [558.4730391901082, 1275.3865433723888], [548.4853250811994, 1338.9604829953166], [524.5269608098918, 1335.6134566276112]], '푹', 0.015194943074803291)]
[([[1354, 0], [1456, 0], [1456, 42], [1354, 42]], '(:-', 0.20103150809453493), ([[1056, 490], [1110, 490], [1110, 516], [1056, 516]], ':', 0.1859473427687277), ([[566, 1092], [616, 1092], [616, 1144], [566, 1144]], '쇼', 0.402444390830059), ([[726, 1100], [774, 1100], [774, 1128], [726, 1128]], '22', 0.7220950840136806), ([[583, 1131], [625, 1131], [625, 1173], [583, 1173]], '또', 0.3068806247262188), ([[810, 1250], [834, 1250], [834, 1278], [810, 1278]], '거', 0.2563860174304864), ([[1007.4116515945855, 925.0582579729272], [1043.9560515175663, 956.4883756988827], [1022.5883484054145, 980.9417420270728], [986.0439484824336, 948.5116243011173]], '고', 0.9618222082014007), ([[761.0100505063389, 1053.0703535443718], [870.6407830863536, 1074.7864056378821], [855.9899494936611, 1136.9296464556282], [746.3592169136464, 1116.2135943621179]], "'#교주모나", 0.03557040845391762), ([[531.506803038084, 1272.0408182285037], [558.4730391901082, 1275.3865433723888], [551.493196961916, 1337.9591817714963], [524.5269608098918, 1335.6134566276112]], "'", 0.5437046929203007)]
[([[1352, 0], [1456, 0], [1456, 44], [1352, 44]], "'", 0.623603451972091), ([[993, 935], [1033, 935], [1033, 975], [993, 975]], '고', 0.9334182686466761), ([[786, 1236], [840, 1236], [840, 1284], [786, 1284]], '(', 0.004110153677748196), ([[528, 1274], [558, 1274], [558, 1336], [528, 1336]], '8', 0.03983077818590175), ([[791, 1271], [829, 1271], [829, 1313], [791, 1313]], "'1?'", 0.05781685933470726), ([[761.0100505063389, 1053.0703535443718], [870.6527799033129, 1074.8227265770977], [855.9899494936611, 1136.9296464556282], [747.3472200966871, 1115.1772734229023]], "'값교주4", 0.015487800915100186)]
[([[1142, 0], [1400, 0], [1400, 110], [1142, 110]], '3', 0.006539176452080575), ([[1179, 1781], [1407, 1781], [1407, 1893], [1179, 1893]], '[@사', 0.013687101679344836)]
[([[1353, 0], [1455, 0], [1455, 41], [1353, 41]], ':-4', 0.024118560755788044)]
[([[1353, 0], [1457, 0], [1457, 41], [1353, 41]], '똑:-푸', 0.0059934440068900585)]
[([[1352, 0], [1458, 0], [1458, 42], [1352, 42]], '씨:-4', 0.0063525908626616)]
[([[1353, 0], [1457, 0], [1457, 41], [1353, 41]], '똑:-푸', 0.0058649820275604725)]
[([[1352, 0], [1458, 0], [1458, 42], [1352, 42]], '씨:-4', 0.0063525908626616)]
[([[1353, 0], [1457, 0], [1457, 41], [1353, 41]], ':-푸', 0.007956095122984626)]
