2910730
16
[([[372, 202], [522, 202], [522, 263], [372, 263]], '이렇게', 0.6892046731026785), ([[336, 262], [566, 262], [566, 329], [336, 329]], '말입다까?', 0.5906174857541107), ([[1507, 250], [1718, 250], [1718, 328], [1507, 328]], '위원장', 0.9999227781711787), ([[1479, 332], [1749, 332], [1749, 408], [1479, 408]], '피스해쥐', 0.9464619799993097), ([[130, 1021], [233, 1021], [233, 1073], [130, 1073]], '오오', 0.7699218983042095), ([[155, 1083], [253, 1083], [253, 1140], [155, 1140]], '그럼', 0.9998982590236631), ([[102, 1145], [309, 1145], [309, 1201], [102, 1201]], '그 상태로', 0.9985347362853907), ([[156, 1206], [256, 1206], [256, 1266], [156, 1266]], '다시', 0.9999800224522535), ([[116, 1268], [294, 1268], [294, 1328], [116, 1328]], '한 발 더', 0.9810895930458977), ([[437, 2262], [685, 2262], [685, 2325], [437, 2325]], '거기 , 당신.', 0.8348226237619204), ([[434, 2326], [692, 2326], [692, 2387], [434, 2387]], '교실 내에서', 0.8601481641527539), ([[441, 2385], [688, 2385], [688, 2451], [441, 2451]], '스마트곧은', 0.4090600810636549), ([[388, 2450], [738, 2450], [738, 2513], [388, 2513]], '교칙위반입니다.', 0.8474962609188631), ([[434, 2512], [694, 2512], [694, 2575], [434, 2575]], '넣어주세요.', 0.791446852582523), ([[195, 2589], [235, 2589], [235, 2641], [195, 2641]], '잇', 0.9394557756579935), ([[1641.4199852094343, 826.0859511911331], [1680.9994836710898, 843.9545571892934], [1671.5800147905657, 862.9140488088669], [1633.0005163289102, 845.0454428107066]], "'11 11", 0.6467466999789577), ([[1580.4789396203098, 872.4141973545267], [1597.599880035988, 856.0605878236588], [1632.5210603796902, 894.5858026454733], [1614.400119964012, 910.9394121763412]], '톤', 0.3690162957157703), ([[1667.4816015659756, 921.045128926061], [1719.8994553807795, 960.2298321644804], [1702.5183984340244, 983.954871073939], [1650.1005446192205, 944.7701678355196]], '1//1/1', 0.558841054444486), ([[1682.4088311299229, 964.029194412221], [1799.8967305934393, 1031.8915919937144], [1772.5911688700771, 1076.9708055877788], [1655.1032694065607, 1009.1084080062856]], "1/''", 0.11175336688756943)]
[([[736.0, 267.0], [828.8218642035338, 216.1354152738879], [856.0, 267.0], [763.1781357964662, 316.8645847261121]], '(옛옷', 0.0027664674115225377), ([[234.45217419963356, 1406.299131638461], [348.4203697961712, 1304.5452847739673], [403.5478258003664, 1385.700868361539], [288.5796302038288, 1487.4547152260327]], '023', 0.627579741597147)]
[([[370, 532], [614, 532], [614, 778], [370, 778]], '대', 0.015366257886985368), ([[1296, 1328], [1326, 1328], [1326, 1366], [1296, 1366]], '1', 0.029834849450375067), ([[209.03883864861817, 868.1941932430908], [377.3029632017818, 848.4267781248315], [382.96116135138186, 937.8058067569092], [214.69703679821822, 957.5732218751685]], '2623 .', 0.6188612051455156)]
[([[1287, 258], [1342, 258], [1342, 428], [1287, 428]], '"', 0.06700056506847218), ([[232.1449135905975, 602.0524229236046], [281.455629695644, 628.6141016172273], [217.8550864094025, 745.9475770763954], [168.54437030435602, 719.3858983827727]], '7', 0.04275748219103903)]
[([[177.0054100676993, 598.2238042978769], [325.68098550349015, 584.3093218299297], [327.9945899323007, 659.7761957021231], [179.31901449650985, 673.6906781700703]], '2623', 0.7738603353500366)]
[([[126, 886], [416, 886], [416, 1008], [126, 1008]], '1서등등', 0.003917580936104059), ([[212, 994], [392, 994], [392, 1104], [212, 1104]], '2623,', 0.4044009497341307), ([[441.4606962717206, 788.191044407581], [548.9168052102397, 689.0221321480394], [669.5393037282794, 834.808955592419], [562.0831947897603, 933.9778678519606]], '_', 0.017740570059743277)]
[([[202, 112], [546, 112], [546, 310], [202, 310]], '2*3.', 0.18884332478046417)]
[([[1042, 317], [1246, 317], [1246, 875], [1042, 875]], '(', 0.7773285325129109), ([[1016, 1237], [1134, 1237], [1134, 1298], [1016, 1298]], '차다)', 0.2248462514677302), ([[1016, 1262], [1212, 1262], [1212, 1876], [1016, 1876]], '제', 0.003875677922154319), ([[1649, 1495], [1762, 1495], [1762, 1793], [1649, 1793]], '기', 0.005726823389671287)]
[([[417, 227], [531, 227], [531, 287], [417, 287]], '아아:', 0.7587263367718238), ([[370, 288], [475, 288], [475, 349], [370, 349]], '이제', 0.9994071296235979), ([[516, 288], [623, 288], [623, 349], [516, 349]], '안돼', 0.8391955155555331), ([[421, 350], [590, 350], [590, 413], [421, 413]], '티 티수', 0.6379854026770544), ([[1473, 443], [1830, 443], [1830, 506], [1473, 506]], '나올 것 같나요?', 0.5337039512212187), ([[1486, 507], [1812, 507], [1812, 568], [1486, 568]], '나올 때 제대로', 0.6986011923925398), ([[1517, 567], [1779, 567], [1779, 630], [1517, 630]], '알려 주세요 .', 0.79697547921844), ([[112, 1480], [489, 1480], [489, 1541], [112, 1541]], '그대로 싸주세요.', 0.4884341420899676), ([[169, 1542], [429, 1542], [429, 1605], [169, 1605]], '끝나고 나서', 0.9987039736209737), ([[165, 1603], [429, 1603], [429, 1667], [165, 1667]], '제가 입으로', 0.9863266698878623), ([[220, 1668], [371, 1668], [371, 1728], [220, 1728]], '깨끗히', 0.9978689159081752), ([[118, 1729], [482, 1729], [482, 1793], [118, 1793]], '해드길테니까요.', 0.18951064281274904), ([[283, 2347], [381, 2347], [381, 2404], [283, 2404]], '옛? !', 0.9370637536048889), ([[1160.4300236000968, 1968.0203304013542], [1225.4249868109393, 1978.33520505019], [1200.5699763999032, 2123.979669598646], [1135.5750131890607, 2113.66479494981]], '>', 0.09490044355908722), ([[791.3720224662794, 2393.024685321748], [857.5598365748173, 2402.4267290934454], [837.6279775337206, 2535.975314678252], [771.4401634251827, 2526.5732709065546]], '5', 0.11352086548105067), ([[1385.4001892853898, 2493.022517495686], [1447.1159660434203, 2501.1400565942995], [1429.5998107146102, 2641.977482504314], [1366.8840339565797, 2634.8599434057005]], '목', 0.028654444578023686)]
[([[529, 335], [615, 335], [615, 387], [529, 387]], '상관', 0.9999393933697778), ([[466, 396], [667, 396], [667, 446], [466, 446]], '없습니다만', 0.7028003320174628), ([[1558, 400], [1767, 400], [1767, 478], [1558, 478]], '위원장', 0.9999634537407877), ([[1572, 482], [1765, 482], [1765, 560], [1572, 560]], '얼굴에', 0.98754922998968), ([[273, 596], [486, 596], [486, 659], [273, 659]], '하지만 좀', 0.9306113923272085), ([[1547, 570], [1802, 570], [1802, 644], [1547, 644]], '싸도 돼?', 0.8322680636149025), ([[251, 658], [508, 658], [508, 721], [251, 721]], '빨리 해주실', 0.9860953479447414), ([[261, 719], [507, 719], [507, 785], [261, 785]], '수 있나요?', 0.7533397653894467), ([[273, 784], [486, 784], [486, 844], [273, 844]], '벌써 제법', 0.9797002417657829), ([[229, 845], [536, 845], [536, 913], [229, 913]], '수업에 늦어서', 0.9212344792582174), ([[301, 911], [457, 911], [457, 965], [301, 965]], '말이조.', 0.9584877490997314), ([[1684, 1978], [1787, 1978], [1787, 2035], [1684, 2035]], '이후', 0.9957914756988447), ([[1579, 2041], [1890, 2041], [1890, 2104], [1579, 2104]], '청소 필라에도', 0.8220182455076146), ([[1579, 2103], [1888, 2103], [1888, 2166], [1579, 2166]], '시간이 걸리니', 0.974830941465328), ([[1405, 2312], [1538, 2312], [1538, 2397], [1405, 2397]], '빨리', 0.9999596235578764), ([[1375, 2400], [1568, 2400], [1568, 2476], [1375, 2476]], '저에게', 0.8363502957857671), ([[545, 2492], [612, 2492], [612, 2568], [545, 2568]], '9', 0.09586110748746623), ([[1331, 2482], [1619, 2482], [1619, 2560], [1331, 2560]], '싸주세요!', 0.9409447518581189), ([[255.29683744606538, 1167.062289697966], [338.9839376939348, 1194.6418932409947], [325.70316255393465, 1230.937710302034], [242.01606230606518, 1203.3581067590053]], '( `', 0.07954865146909658), ([[167.36330139323218, 2000.022549644574], [240.20689655172413, 2020.4827586206898], [200.63669860676782, 2158.9774503554263], [127.79310344827586, 2138.5172413793102]], ';', 0.16921545225389778)]
[([[895, 307], [1080, 307], [1080, 487], [895, 487]], '0', 0.8608821885572979), ([[1505, 477], [1606, 477], [1606, 534], [1505, 534]], '봉투', 0.9987025451989049), ([[1505, 539], [1601, 539], [1601, 596], [1505, 596]], '주지', 0.9948447050679171), ([[1472, 603], [1632, 603], [1632, 660], [1472, 660]], '마세요.', 0.980153501033783), ([[233, 906], [469, 906], [469, 974], [233, 974]], '아, 영수증', 0.6023111576193856), ([[240, 971], [469, 971], [469, 1032], [240, 1032]], '드럭까요?', 0.26292074091109424), ([[424, 1702], [505, 1702], [505, 1800], [424, 1800]], '벼', 0.3351997215904845), ([[768, 1626], [1267, 1626], [1267, 1836], [768, 1836]], '9"@소', 0.027505233028962753), ([[269, 1950], [416, 1950], [416, 2011], [269, 2011]], '일부러', 0.9998135540075326), ([[244, 2015], [442, 2015], [442, 2075], [244, 2075]], '그럴듯한', 0.9081977605819702), ([[238, 2076], [449, 2076], [449, 2137], [238, 2137]], '옷올 입고', 0.6566600666188002), ([[189, 2138], [497, 2138], [497, 2201], [189, 2201]], '콤듬올 추가로', 0.16733437050228236), ([[211, 2200], [477, 2200], [477, 2264], [211, 2264]], '구매하러 간', 0.7505382602984404), ([[258, 2262], [422, 2262], [422, 2325], [258, 2325]], '위원장 .', 0.9872834483404961), ([[158, 2449], [651, 2449], [651, 2829], [158, 2829]], '국이', 0.0032157767284243153), ([[656, 2727], [851, 2727], [851, 2829], [656, 2829]], '시 /', 0.39051404587201766), ([[1707.9970181379947, 1578.1838979451709], [1963.962592492143, 1556.336658833465], [1966.0029818620053, 1653.8161020548291], [1709.037407507857, 1675.663341166535]], '1', 0.11559211925586865)]
[([[18, 1279], [198, 1279], [198, 1334], [18, 1334]], '22.64이1', 0.3184440534056547), ([[71, 1329], [249, 1329], [249, 1393], [71, 1393]], '@7신(', 0.07062491385893876), ([[791.679940837737, 444.3438047645322], [871.1716813201745, 369.30040259210875], [913.320059162263, 426.6561952354678], [833.8283186798255, 501.69959740789125]], '장교', 0.027383092340633818), ([[721.3187231979003, 844.0290614154342], [782.8308615039637, 854.6232628147679], [758.6812768020997, 976.9709385845658], [698.1691384960363, 966.3767371852321]], '딴', 0.03213744947623476)]
[([[12, 6], [247, 6], [247, 79], [12, 79]], '1닮없가-름', 0.000169051099315927), ([[44, 72], [312, 72], [312, 148], [44, 148]], '554름-', 0.004739522297617449), ([[47, 151], [265, 151], [265, 195], [47, 195]], '비전손-55도', 0.0036705634962841947), ([[127, 233], [147, 233], [147, 259], [127, 259]], '초', 0.08260619891629872), ([[93, 211], [129, 211], [129, 307], [93, 307]], '뼈', 0.5147164035662541), ([[124, 276], [152, 276], [152, 304], [124, 304]], '[', 0.301373802344699), ([[93, 333], [105, 333], [105, 365], [93, 365]], '#', 0.5256729160738018), ([[414, 600], [608, 600], [608, 628], [414, 628]], '(묶특요& 4이#벼', 0.0031474516372378605), ([[536, 626], [658, 626], [658, 650], [536, 650]], '50찮권+70찮,))', 0.004157907649454097), ([[31, 647], [171, 647], [171, 667], [31, 667]], '{표료#질미 군표다등', 0.0003364861000899694), ([[97, 665], [209, 665], [209, 685], [97, 685]], '[#현*니미)', 0.034379913655390795)]
[([[31, 237], [139, 237], [139, 365], [31, 365]], '다', 0.0269813035389197), ([[583, 383], [673, 383], [673, 487], [583, 487]], "'", 0.7714155164738976)]
[([[24, 231], [264, 231], [264, 388], [24, 388]], '좁 ', 0.0036875450096669165), ([[578, 386], [676, 386], [676, 488], [578, 488]], "'", 0.22750568501693635)]
[([[374, 1138], [406, 1138], [406, 1176], [374, 1176]], '5', 0.20436173217010278)]
