2910402
18
[([[403, 212], [739, 212], [739, 269], [403, 269]], '오랜만에 가족(리', 0.6913366907365425), ([[373, 262], [763, 262], [763, 329], [373, 329]], '바다에 놀러워습니다,', 0.5019755857055792), ([[358, 312], [771, 312], [771, 384], [358, 384]], '한창 시간을 보내터 중,', 0.5716380676247731), ([[357, 368], [785, 368], [785, 432], [357, 432]], '불량해보이튿 남자 셋이', 0.2731316949807999), ([[268, 417], [870, 417], [870, 489], [268, 489]], '세아틀 둘러싸고 현통하려는 것을', 0.21940437253586176), ([[262, 474], [875, 474], [875, 540], [262, 540]], '보고는 수아와같이막아져습니다,', 0.4152531218363014), ([[526, 625], [1024, 625], [1024, 693], [526, 693]], '잠깐의 실들이 도중, 저희가', 0.5300908387926114), ([[457, 675], [1092, 675], [1092, 749], [457, 749]], '여자밖에 없다는 것을 눈치 천 건지', 0.4528599218250987), ([[467, 730], [1082, 730], [1082, 794], [467, 794]], '세아 뿐만 아니라 저와 수아에계도', 0.5862184860404436), ([[553, 784], [997, 784], [997, 851], [553, 851]], '집요하계관심올 보엿조,', 0.3470094127115228), ([[2143, 1745], [2633, 1745], [2633, 1813], [2143, 1813]], '아직은 군인 신분인 수아가', 0.8155950138820808), ([[2068, 1797], [2710, 1797], [2710, 1870], [2068, 1870]], '민간인과말*에 희말리면 안되다고', 0.09972565230588935), ([[2245, 1850], [2524, 1850], [2524, 1919], [2245, 1919]], '언질올 젖기에; ,', 0.042730694713557865), ([[2187, 1903], [2586, 1903], [2586, 1972], [2187, 1972]], '잠깐만만 같이 놀아주면', 0.8506487747127199), ([[2151, 1956], [2627, 1956], [2627, 2028], [2151, 2028]], '귀찬계안하켓다는 제안을', 0.32621742401172776), ([[2127, 2007], [2614, 2007], [2614, 2083], [2127, 2083]], '받아들인 게 실수엿습니다 ,', 0.6061378293474606)]
[]
[]
[([[2698, 956], [2724, 956], [2724, 994], [2698, 994]], '8', 0.8562757304297897)]
[]
[([[2062, 1956], [2100, 1956], [2100, 2057], [2062, 2057]], '(', 0.4630751808672393)]
[([[2063, 1955], [2096, 1955], [2096, 2056], [2063, 2056]], '1', 0.1166433076137432)]
[([[938, 371], [992, 371], [992, 398], [938, 398]], '6', 0.10656300001079533), ([[2129, 1333], [2149, 1333], [2149, 1360], [2129, 1360]], '8', 0.9935746028106998), ([[513, 1375], [569, 1375], [569, 1401], [513, 1401]], '03', 0.019950211665830164), ([[691, 1433], [726, 1433], [726, 1457], [691, 1457]], '@', 0.42584170474606253), ([[2011, 1406], [2038, 1406], [2038, 1451], [2011, 1451]], '8', 0.9398562946452707), ([[2018, 1455], [2046, 1455], [2046, 1528], [2018, 1528]], '8', 0.9872621836153463), ([[2268, 1724], [2321, 1724], [2321, 1786], [2268, 1786]], '사', 0.19196185870742344), ([[2318, 1765], [2356, 1765], [2356, 1783], [2318, 1783]], '99', 0.30219425361946967), ([[1833.6908499698939, 1263.0119646116307], [1862.8258948531734, 1270.4410524048317], [1829.3091500301061, 1399.9880353883693], [1800.1741051468266, 1392.5589475951683]], '8', 0.977062135534684), ([[991.4910134014407, 1306.0658509254747], [1010.5048437942941, 1302.0647654552063], [1017.5089865985593, 1347.9341490745253], [997.4951562057059, 1351.9352345447937]], '8', 0.9999991655351472), ([[634.388137237664, 1411.0630587407873], [693.9945054898935, 1439.8185148187943], [681.611862762336, 1464.9369412592127], [622.0054945101065, 1436.1814851812057]], '58', 0.014187325980356044), ([[2199.7701175612583, 1780.9931058051327], [2266.38430344178, 1764.1792591899134], [2272.2298824387417, 1794.0068941948673], [2206.61569655822, 1809.8207408100866]], '쇼%', 0.06605886190075907)]
[([[496, 575], [538, 575], [538, 642], [496, 642]], '꼴', 0.04691709671796307)]
[([[1591, 1017], [1626, 1017], [1626, 1046], [1591, 1046]], '6', 0.5174344668016353), ([[2622, 1037], [2682, 1037], [2682, 1063], [2622, 1063]], "'66", 0.7642567064204003)]
[([[778, 92], [1244, 92], [1244, 160], [778, 160]], '적당히 장단만 맞최주다가', 0.7179596308254416), ([[782, 147], [1202, 147], [1202, 211], [782, 211]], '빠져나칼 생각이어지만', 0.36154672919170217), ([[870, 195], [1231, 195], [1231, 261], [870, 261]], '알아채기라도 한 듯', 0.7610813805593976), ([[748, 194], [1263, 194], [1263, 322], [748, 322]], '자구출러야채}튼활허로', 0.00020900010641480572), ([[1810, 235], [2144, 235], [2144, 299], [1810, 299]], '저희들올 앞에 두고', 0.8267809580669057), ([[798, 298], [1217, 298], [1217, 365], [798, 365]], '저희들올 데려워습니다,', 0.7051730744426624), ([[1801, 287], [2156, 287], [2156, 349], [1801, 349]], '길길거리며 속닥이는', 0.29210034084298997), ([[1822, 334], [2133, 334], [2133, 396], [1822, 396]], '상황은, 아무래도', 0.7601644897626396), ([[1852, 387], [2103, 387], [2103, 442], [1852, 442]], '제가 생각하는', 0.8155193570631659), ([[1867, 438], [2086, 438], [2086, 502], [1867, 502]], '그게맞계조,', 0.1166167071039444), ([[1837, 487], [2120, 487], [2120, 551], [1837, 551]], '전리품처럼 누굴', 0.506890443734708), ([[1841, 537], [2095, 537], [2095, 598], [1841, 598]], '가질지에 대한 ,', 0.8886782567550705), ([[95, 668], [477, 668], [477, 728], [95, 728]], '아니난 그냥파란언니', 0.39037416993664453), ([[97, 716], [476, 716], [476, 773], [97, 773]], '번호만 따려고 름늘데', 0.1360161228975913), ([[114, 757], [455, 757], [455, 817], [114, 817]], '이뤄게 돼버처잖어~', 0.12327318521238141), ([[1088, 746], [1301, 746], [1301, 806], [1088, 806]], '아이병민아', 0.19050150697970158), ([[1031, 792], [1356, 792], [1356, 847], [1031, 847]], '중간 분은 엄마라고', 0.5450017986504945), ([[439, 828], [562, 828], [562, 879], [439, 879]], '그래어', 0.6399531278028155), ([[1118, 835], [1266, 835], [1266, 892], [1118, 892]], '햇든아-', 0.11036286503076553), ([[396, 869], [607, 869], [607, 926], [396, 926]], '씻다 남권은', 0.14319418520389038), ([[2581, 873], [2731, 873], [2731, 924], [2581, 924]], '뛰어때', 0.63991811955138), ([[392, 916], [611, 916], [611, 971], [392, 971]], '없으끼다고?', 0.34516081293220513), ([[2515, 913], [2795, 913], [2795, 974], [2515, 974]], '그렇계보미지도', 0.4641919279905324), ([[2570, 961], [2735, 961], [2735, 1016], [2570, 1016]], '않분구만', 0.35832488536834717), ([[2502, 1001], [2639, 1001], [2639, 1109], [2502, 1109]], '국록교', 0.09917383629701583), ([[2624, 991], [2809, 991], [2809, 1114], [2624, 1114]], '터동미픽', 0.0003463855537120253), ([[136, 1855], [367, 1855], [367, 1917], [136, 1917]], '떼발 쫓차다', 0.08295222155007563), ([[121, 1908], [166, 1908], [166, 1941], [121, 1941]], '세', 0.7683174696258135), ([[162, 1906], [384, 1906], [384, 1961], [162, 1961]], '다까연인데', 0.6128725217497715), ([[106, 1951], [388, 1951], [388, 2006], [106, 2006]], '선렇게 크다고?', 0.19803409477964107), ([[135, 1998], [359, 1998], [359, 2053], [135, 2053]], '뒤끼네꽤짜', 0.18364524059541293), ([[1036, 2007], [1397, 2007], [1397, 2072], [1036, 2072]], '난엄마 쪽으로간다', 0.62322757275936), ([[1955, 1994], [2326, 1994], [2326, 2049], [1955, 2049]], '파라객은내가 찍없다', 0.4292926769940986), ([[130, 2042], [369, 2042], [369, 2106], [130, 2106]], '난흰객하다', 0.10029210136846078), ([[1030, 2056], [1402, 2056], [1402, 2117], [1030, 2117]], '꼬꾸터지켓네 맥국국', 0.08197312461868209), ([[2016, 2039], [2267, 2039], [2267, 2096], [2016, 2096]], '아까 팀긴벌은', 0.26675928504399654), ([[1990, 2078], [2293, 2078], [2293, 2138], [1990, 2138]], '확길하게 쥐야까', 0.6707055286142096)]
[([[199, 109], [504, 109], [504, 171], [199, 171]], '얼마 지나지 않아', 0.9726714533703079), ([[736, 48], [1135, 48], [1135, 231], [736, 231]], '계아악수', 0.07218622416257858), ([[147, 159], [560, 159], [560, 223], [147, 223]], '남자들은 위치틀 바꾸어', 0.6367765541277808), ([[2514, 97], [2753, 97], [2753, 289], [2514, 289]], '각역', 0.553643519545532), ([[184, 211], [529, 211], [529, 272], [184, 272]], '저희 셋앞에 나란히', 0.8965213956388205), ([[192, 253], [500, 253], [500, 325], [192, 325]], '섞습니다, 그리고,', 0.5804840636626925), ([[1733, 266], [1894, 266], [1894, 319], [1733, 319]], '엄마 쪽은', 0.9006394631178907), ([[1655, 303], [1974, 303], [1974, 365], [1655, 365]], '확밀히능국하미네', 0.3484322036301128), ([[1712, 351], [1916, 351], [1916, 406], [1712, 406]], '그래도 좁더', 0.29979283195677225), ([[944, 246], [1283, 246], [1283, 583], [944, 583]], '부품', 0.03439660216026083), ([[1713, 392], [1911, 392], [1911, 496], [1713, 496]], '소플', 0.06288816105918998), ([[2556, 393], [2812, 393], [2812, 504], [2556, 504]], '국절철교해자', 0.02686338842648787), ([[151, 500], [319, 500], [319, 553], [151, 553]], '그래쪽더', 0.19558939337730408), ([[2599, 482], [2766, 482], [2766, 545], [2599, 545]], '진절하게', 0.35830217599868774), ([[112, 539], [232, 539], [232, 601], [112, 601]], '깊국히', 0.8631649408992814), ([[2556, 531], [2807, 531], [2807, 584], [2556, 584]], '알려출테니까-', 0.3835015863306748), ([[103, 578], [276, 578], [276, 688], [103, 688]], '물훈론록', 0.017812924459576607), ([[219, 534], [365, 534], [365, 693], [219, 693]], '표스', 0.04160054925734218), ([[647, 440], [986, 440], [986, 824], [647, 824]], '%입', 0.012198559142360479), ([[1951, 457], [2251, 457], [2251, 726], [1951, 726]], '#{', 0.008557827084305431), ([[35, 975], [392, 975], [392, 1319], [35, 1319]], '구움', 0.004633413163980327), ([[2433, 908], [2797, 908], [2797, 1296], [2433, 1296]], '}인', 0.07563296702049091), ([[1640, 1176], [2112, 1176], [2112, 1505], [1640, 1505]], '전요', 0.191355926851026), ([[997, 1926], [1185, 1926], [1185, 1979], [997, 1979]], '하아-역끼', 0.7393076382347786), ([[398, 1971], [534, 1971], [534, 2033], [398, 2033]], '몸매에', 0.9884459511201337), ([[1013, 1971], [1174, 1971], [1174, 2024], [1013, 2024]], '유부너가', 0.9841931462287903), ([[2266, 1964], [2521, 1964], [2521, 2020], [2266, 2020]], '빠는 거보니까', 0.8257428493855778), ([[301, 2017], [587, 2017], [587, 2081], [301, 2081]], '남득이없다고?', 0.4217523051060237), ([[990, 2014], [1196, 2014], [1196, 2067], [990, 2067]], '최고라니까', 0.924174645250629), ([[2238, 2008], [2545, 2008], [2545, 2068], [2238, 2068]], '얘도저너갈은데?', 0.36444100706985266), ([[294, 2066], [593, 2066], [593, 2129], [294, 2129]], '반응으로화머는', 0.26327046120515535), ([[972, 2059], [1210, 2059], [1210, 2114], [972, 2114]], '남편이고 뭐고', 0.9027052472404768), ([[2248, 2057], [2537, 2057], [2537, 2112], [2248, 2112]], '아-곧나운 중네', 0.8136166766869122), ([[300, 2114], [583, 2114], [583, 2174], [300, 2174]], ' _갈긴한데', 0.1504213211218213), ([[995, 2104], [1196, 2104], [1196, 2157], [995, 2157]], '그냥내꺼로', 0.9818036754657656), ([[2342, 2104], [2436, 2104], [2436, 2155], [2342, 2155]], '오늘', 0.6254173317574309), ([[305, 2158], [579, 2158], [579, 2221], [305, 2221]], '폐발선녀여라.', 0.044160910154236385), ([[1026, 2149], [1156, 2149], [1156, 2202], [1026, 2202]], '만듣다', 0.5794838070869446), ([[2729.896170436093, 1161.446979482716], [2870.2094625344102, 1120.6919526984414], [2892.103829563907, 1216.553020517284], [2750.7905374655898, 1258.3080473015586]], '1660나)', 0.03150085786312754)]
[([[599, 86], [879, 86], [879, 141], [599, 141]], '얼마 지나지 않아', 0.9710664627138645), ([[569, 133], [895, 133], [895, 188], [569, 188]], '수아와 세아와 저논', 0.3690056109233473), ([[1647, 107], [2129, 107], [2129, 169], [1647, 169]], '전라의 6명이 들어찬 객실에는', 0.5856763467553787), ([[601, 178], [870, 178], [870, 235], [601, 235]], '그들의 요구대로', 0.9539412654997008), ([[1662, 157], [2095, 157], [2095, 218], [1662, 218]], '살결 부딪히는 소리에 이어,', 0.6329349657804473), ([[584, 219], [898, 219], [898, 286], [584, 286]], '수영복마저 벗은 채', 0.5680475954653849), ([[1667, 205], [2110, 205], [2110, 262], [1667, 262]], '얼마 지나지않아 양 옆예서', 0.864251526884413), ([[1642, 247], [2138, 247], [2138, 308], [1642, 308]], '신음 소리가 서서히 새어나오기', 0.7241342001991065), ([[544, 271], [932, 271], [932, 331], [544, 331]], '지정된 파르너와관계름', 0.12957640861575465), ([[623, 320], [854, 320], [854, 377], [623, 377]], '시작햇습니다,', 0.6855441752420341), ([[1772, 298], [2003, 298], [2003, 358], [1772, 358]], '시작햇습니다,', 0.8453218323811402), ([[2299, 303], [2572, 303], [2572, 364], [2299, 364]], '남자들은 우리의', 0.99824721278119), ([[2213, 350], [2662, 350], [2662, 412], [2213, 412]], '수치스러움올 더 끌어올리고', 0.5751473335103948), ([[2251, 400], [2621, 400], [2621, 461], [2251, 461]], '싶/터 것인지 삼입후', 0.19054255473759835), ([[2232, 448], [2344, 448], [2344, 501], [2232, 501]], '천천히', 0.997190933958804), ([[2491, 448], [2645, 448], [2645, 505], [2491, 505]], '올 하면서', 0.8016967875430447), ([[2306, 497], [2427, 497], [2427, 548], [2306, 548]], '내탤는', 0.14994663361247448), ([[2337, 443], [2556, 443], [2556, 560], [2337, 560]], '필스:출울하', 0.0024660185536751976), ([[151, 608], [386, 608], [386, 712], [151, 712]], '훌륭안야-', 0.0007854378052020845), ([[462, 477], [809, 477], [809, 773], [462, 773]], '가', 0.2741876519314843), ([[160, 697], [379, 697], [379, 748], [160, 748]], '꽤훌륭안데?', 0.31787704384931464), ([[1008, 693], [1264, 693], [1264, 746], [1008, 746]], '이야-곧나인생', 0.3481006657327632), ([[2463, 585], [2786, 585], [2786, 841], [2463, 841]], '휴', 0.257214901171384), ([[135, 738], [406, 738], [406, 791], [135, 791]], '거의다 들어값어', 0.5006041414503791), ([[1022, 734], [1250, 734], [1250, 787], [1022, 787]], '업격이네이건', 0.23051534038143298), ([[1060, 776], [1214, 776], [1214, 827], [1060, 827]], '거유모녀', 0.4122558838966315), ([[1466, 665], [1744, 665], [1744, 918], [1466, 918]], '찢', 0.08827586992965397), ([[2124, 781], [2344, 781], [2344, 829], [2124, 829]], '뛰야 언니쪽도', 0.7921070569810598), ([[1004, 817], [1268, 817], [1268, 870], [1004, 870]], '나란히 눈여렇고', 0.15132682676895007), ([[2135, 819], [2330, 819], [2330, 868], [2135, 868]], '꺼흥이없어?', 0.18066292476584153), ([[999, 860], [1275, 860], [1275, 910], [999, 910]], '노근으로박는 거', 0.12496351881098083), ([[2124, 857], [2346, 857], [2346, 906], [2124, 906]], '미리말울하끼', 0.34889069709432163), ([[1287, 902], [1410, 902], [1410, 953], [1287, 953]], '까께도', 0.4788787860441997), ([[1233, 945], [1468, 945], [1468, 998], [1233, 998]], '잘빨아주-거', 0.3500433666949584), ([[602, 996], [684, 996], [684, 1038], [602, 1038]], '하아', 0.9989767436295676), ([[1219, 987], [1484, 987], [1484, 1044], [1219, 1044]], '그런지부드럽게', 0.2901918443367936), ([[573, 1043], [720, 1043], [720, 1087], [573, 1087]], '아,,파아,', 0.3619975916372009), ([[1238, 1033], [1459, 1033], [1459, 1086], [1238, 1086]], '잘 들어가네-', 0.4281550567977016), ([[2594, 1046], [2809, 1046], [2809, 1097], [2594, 1097]], '좁더부드럽게', 0.43944932325516134), ([[2610, 1085], [2791, 1085], [2791, 1135], [2610, 1135]], '해싶들렉데', 0.03692432258256389), ([[1636, 1180], [1760, 1180], [1760, 1243], [1636, 1243]], '응하아', 0.18725655043591488), ([[1616, 1233], [1799, 1233], [1799, 1288], [1616, 1288]], '그 그런말', 0.8854358874847315), ([[1634, 1280], [1761, 1280], [1761, 1329], [1634, 1329]], '하지마', 0.9991244531612054), ([[2075, 1357], [2161, 1357], [2161, 1405], [2075, 1405]], '하아,', 0.7399619854311383), ([[2662, 1409], [2749, 1409], [2749, 1464], [2662, 1464]], '하아,', 0.4075493500334845), ([[2645, 1459], [2756, 1459], [2756, 1503], [2645, 1503]], '시러어', 0.9856857046726284), ([[667, 1617], [750, 1617], [750, 1661], [667, 1661]], '하아', 0.9988939087740649), ([[2129, 2000], [2245, 2000], [2245, 2053], [2129, 2053]], '이렇게', 0.5499768129335821), ([[476, 2024], [738, 2024], [738, 2086], [476, 2086]], '괜찮아괜찮아', 0.9827813444915116), ([[1609, 2059], [1662, 2059], [1662, 2110], [1609, 2110]], '왜', 0.9988853463012823), ([[2036, 2041], [2330, 2041], [2330, 2096], [2036, 2096]], '조여대면거 활기논', 0.13946821490009448), ([[495, 2072], [710, 2072], [710, 2128], [495, 2128]], '꺼음만 그래', 0.4753422037699124), ([[2023, 2081], [2346, 2081], [2346, 2137], [2023, 2137]], '이제 팬적안해도돼', 0.40785523183717015), ([[497, 2117], [715, 2117], [715, 2173], [497, 2173]], '곧기분 중게', 0.19718594162998515), ([[980, 2148], [1042, 2148], [1042, 2190], [980, 2190]], '하0', 0.9008467304442095), ([[1544, 2100], [1733, 2100], [1733, 2162], [1544, 2162]], '중으면 ', 0.4598304033279419), ([[2031, 2120], [2342, 2120], [2342, 2180], [2031, 2180]], '꺼로팔 부비고있든', 0.04046237007214843), ([[2485, 1981], [2809, 1981], [2809, 2298], [2485, 2298]], '4진', 0.0016933995815696546), ([[537, 2161], [675, 2161], [675, 2221], [537, 2221]], '해출게', 0.8594888995147261), ([[1747, 2136], [1971, 2136], [1971, 2264], [1747, 2264]], "'까싸막", 0.5116377472877502), ([[2115, 2167], [2254, 2167], [2254, 2218], [2115, 2218]], '까인데', 0.8832186534607063), ([[1050.227515950157, 40.05824244238968], [1343.6849718877131, 9.52023047275907], [1352.772484049843, 245.94175755761032], [1059.3150281122869, 276.47976952724093]], '초거', 0.12498816627457364), ([[-10.078327960349336, 1095.0720773709695], [378.1619833280149, 1042.9337332360853], [393.0783279603493, 1298.9279226290305], [3.8380166719850806, 1351.0662667639147]], "스'", 0.22498736857922097), ([[579.1448333021431, 1704.0593995134316], [927.266080514168, 1669.4198584898666], [934.8551666978569, 1917.9406004865684], [586.733919485832, 1953.5801415101334]], '빨다', 0.017711262402691358), ([[1691.803704813633, 1704.0311324217523], [1975.7176796714846, 1745.0111187298198], [1938.196295186367, 1941.9688675782477], [1654.2823203285154, 1899.9888812701802]], '(', 0.2206134787420524)]
[([[763, 49], [1054, 49], [1054, 103], [763, 103]], '남파들의움직임이', 0.2594154081676512), ([[1598, 58], [1811, 58], [1811, 119], [1598, 119]], '그래거 번호', 0.8274380242823973), ([[2061, 68], [2321, 68], [2321, 121], [2061, 121]], '와 곧나 꼬이네', 0.9073343958010696), ([[794, 90], [1020, 90], [1020, 143], [794, 143]], '빨라짐에따라', 0.5443510444683668), ([[1528, 103], [1880, 103], [1880, 159], [1528, 159]], '줄거에요말 거에요?', 0.6290968408983366), ([[2017, 106], [2370, 106], [2370, 166], [2017, 166]], '역미 미개봉 민품보지', 0.33607268511351185), ([[72, 155], [294, 155], [294, 210], [72, 210]], '처응이라더니', 0.25375625072589886), ([[725, 131], [1095, 131], [1095, 184], [725, 184]], '실내에울리논고리또한', 0.14843140003085217), ([[1566, 151], [1844, 151], [1844, 204], [1566, 204]], '남편한데는내가', 0.33490277308446803), ([[2027, 153], [2355, 153], [2355, 206], [2027, 206]], '뚫는 게 최고라니까-', 0.45140646013228747), ([[115, 198], [251, 198], [251, 249], [115, 249]], '깔하네', 0.745608083921961), ([[760, 169], [1057, 169], [1057, 226], [760, 226]], '고조되어갖글니다', 0.11149367533956131), ([[1549, 190], [1857, 190], [1857, 251], [1549, 251]], '깔 썰렁하다니까-', 0.11809854245263463), ([[720, 212], [1097, 212], [1097, 267], [720, 267]], '어느새그들의말도 점점', 0.5051723792543346), ([[74, 241], [289, 241], [289, 292], [74, 292]], '어때무아야?', 0.9359383077298754), ([[774, 253], [1035, 253], [1035, 308], [774, 308]], '노골적이되어컨_', 0.1282632110072048), ([[81, 281], [279, 281], [279, 335], [81, 335]], '오빠까끼능:', 0.09384142966471472), ([[2644, 441], [2812, 441], [2812, 494], [2644, 494]], '어때 좋아', 0.9891719607994911), ([[2657, 484], [2798, 484], [2798, 535], [2657, 535]], '세아야?', 0.49736669659614563), ([[2646, 522], [2807, 522], [2807, 577], [2646, 577]], '오빠까끼', 0.656222403049469), ([[639, 549], [832, 549], [832, 600], [639, 600]], '보지끝까지', 0.3651902734586444), ([[2657, 567], [2796, 567], [2796, 620], [2657, 620]], '맛있어?', 0.9944199099642083), ([[628, 590], [841, 590], [841, 643], [628, 643]], '닿아/ 중께?', 0.1607045233197452), ([[1139, 598], [1234, 598], [1234, 653], [1139, 653]], '하아,', 0.44997426775955446), ([[76, 542], [436, 542], [436, 819], [76, 819]], '제', 0.004168737735948946), ([[631, 626], [833, 626], [833, 730], [631, 730]], "'올기부국", 0.0735693805441323), ([[1107, 648], [1160, 648], [1160, 699], [1107, 699]], '안,', 0.8160166382945705), ([[1177, 650], [1284, 650], [1284, 699], [1177, 699]], '패애 ,', 0.5041369752114234), ([[1485, 574], [1820, 574], [1820, 823], [1485, 823]], '작각', 0.012973483251056248), ([[682, 716], [784, 716], [784, 766], [682, 766]], '중께?', 0.1474238234838571), ([[254, 1091], [343, 1091], [343, 1140], [254, 1140]], '하아', 0.9994524720572767), ([[1500, 1099], [1657, 1099], [1657, 1153], [1500, 1153]], '그러지말', 0.9662704467773438), ([[208, 1133], [392, 1133], [392, 1193], [208, 1193]], '모 올라아,', 0.7480050853177432), ([[1454, 1139], [1744, 1139], [1744, 1199], [1454, 1199]], '누나품뱃기편에', 0.35634555835580617), ([[227, 1184], [357, 1184], [357, 1234], [227, 1234]], '그런 거', 0.9699685823281928), ([[1437, 1183], [1758, 1183], [1758, 1243], [1437, 1243]], '중계 중게 가까구요', 0.2952475754440653), ([[2437, 1163], [2611, 1163], [2611, 1216], [2437, 1216]], '하아;, 아;,', 0.746796690053781), ([[493, 1241], [727, 1241], [727, 1298], [493, 1298]], '오늘처음보는', 0.590508492543819), ([[1162, 1250], [1240, 1250], [1240, 1292], [1162, 1292]], '하아', 0.9982270056167204), ([[2170, 1261], [2248, 1261], [2248, 1303], [2170, 1303]], '하아', 0.9994573603110125), ([[518, 1287], [706, 1287], [706, 1338], [518, 1338]], '남자들에게', 0.5891821045500488), ([[474, 1324], [744, 1324], [744, 1381], [474, 1381]], '천너들내어주고', 0.14319211763817594), ([[132, 1385], [185, 1385], [185, 1422], [132, 1422]], '아 ,', 0.8811064958572388), ([[675, 1427], [989, 1427], [989, 1477], [675, 1477]], '그들아래에 깔린해', 0.3314210177061721), ([[2492, 1250], [2876, 1250], [2876, 1528], [2492, 1528]], '%', 0.021738259602898324), ([[661, 1469], [998, 1469], [998, 1522], [661, 1522]], '어느애달록해꺼가는', 0.04283747833859041), ([[686, 1512], [962, 1512], [962, 1565], [686, 1565]], '교양든내는 말들', 0.10444234515477493), ([[1909, 1554], [2133, 1554], [2133, 1728], [1909, 1728]], '칠적', 0.4346222026247131), ([[747, 1645], [969, 1645], [969, 1822], [747, 1822]], '철썩', 0.3613285682598001), ([[2068, 1960], [2368, 1960], [2368, 2013], [2068, 2013]], '엄마로써 그것들올', 0.33792818841867817), ([[653, 1986], [735, 1986], [735, 2035], [653, 2035]], '하앙', 0.18601261680317233), ([[2098, 1997], [2333, 1997], [2333, 2057], [2098, 2057]], '막아야쨌피만 ', 0.08565553536230365), ([[2032, 2041], [2402, 2041], [2402, 2096], [2032, 2096]], '하복부에거 퍼겨나가는', 0.24731604564158385), ([[1007, 1971], [1415, 1971], [1415, 2223], [1007, 2223]], '스0', 0.04077761101853645), ([[1653, 2078], [1731, 2078], [1731, 2122], [1653, 2122]], '하악', 0.9982223718755903), ([[2027, 2086], [2407, 2086], [2407, 2141], [2027, 2141]], '까극에이정들유-하기', 0.06374130490551602), ([[2066, 2126], [2375, 2126], [2375, 2182], [2066, 2182]], '힘들평도없움니다:', 0.23632889011599828), ([[17, 2051], [445, 2051], [445, 2346], [17, 2346]], '4 ', 0.25939250501190375), ([[2420, 2178], [2713, 2178], [2713, 2286], [2420, 2286]], '저마지들일런데', 0.02858499472217154), ([[1956.3641905362367, 364.04617249139136], [2229.1036922610597, 342.09924505017574], [2234.635809463763, 598.9538275086087], [1961.89630773894, 619.9007549498243]], '수거', 0.25969393947616737), ([[849.050721099541, 1077.1615620058226], [1160.2630121942877, 989.2397396456626], [1204.9492789004591, 1221.8384379941774], [893.7369878057123, 1309.7602603543373]], '쓰째', 0.01699372137408188)]
[([[833, 56], [958, 56], [958, 105], [833, 105]], '내위에', 0.9790391239143347), ([[1764, 65], [2069, 65], [2069, 121], [1764, 121]], '어떻게든이 망황만', 0.33318012919582546), ([[747, 97], [1048, 97], [1048, 148], [747, 148]], '올라단 남까에거만', 0.3285052851220119), ([[1726, 106], [2107, 106], [2107, 163], [1726, 163]], '벗어나면뒷무글은활무', 0.35392235825055224), ([[135, 149], [249, 149], [249, 197], [135, 197]], '오랫이', 0.29522948587924924), ([[738, 137], [1036, 137], [1036, 190], [738, 190]], '간센히들리정도로', 0.060133922992098035), ([[1730, 151], [2103, 151], [2103, 204], [1730, 204]], '있다는생각이없닮니다', 0.14117203668375716), ([[50, 185], [339, 185], [339, 240], [50, 240]], '언니쪽은 현역이라', 0.8620287934498436), ([[742, 178], [1043, 178], [1043, 233], [742, 233]], '마&못해연락서지', 0.05976413838804304), ([[97, 225], [287, 225], [287, 278], [97, 278]], '눈요논 중네', 0.031161947448944863), ([[783, 221], [1012, 221], [1012, 274], [783, 274]], '알려싶습니다', 0.08649550431740995), ([[2699, 233], [2779, 233], [2779, 277], [2699, 277]], '하아', 0.9993784748646921), ([[1800, 266], [2141, 266], [2141, 319], [1800, 319]], '하피만 옆의남자들도', 0.32190623259459283), ([[1820, 306], [2123, 306], [2123, 361], [1820, 361]], '딸들에게 같은 무릎', 0.4739624816526486), ([[1859, 346], [2089, 346], [2089, 402], [1859, 402]], '꾸고있다느건', 0.18795111837719666), ([[1829, 389], [2103, 389], [2103, 442], [1829, 442]], '미처올들움니다.', 0.056820210863187635), ([[44, 383], [307, 383], [307, 613], [44, 613]], '꾸욕', 0.05397177992629455), ([[635, 515], [858, 515], [858, 568], [635, 568]], '없는번호갈은', 0.7022953452801447), ([[1076, 508], [1232, 508], [1232, 584], [1076, 584]], '{피야철?', 0.009510418157042965), ([[650, 558], [841, 558], [841, 609], [650, 609]], '허튼무작도', 0.9470954040905493), ([[152, 638], [225, 638], [225, 680], [152, 680]], '하아', 0.9988965210327831), ([[657, 599], [832, 599], [832, 649], [657, 649]], '안부리고-', 0.9842302749323545), ([[1639, 631], [1726, 631], [1726, 675], [1639, 675]], '하아,', 0.5503833459521016), ([[1914, 584], [2140, 584], [2140, 756], [1914, 756]], '탈렁 ', 0.001504600921198142), ([[2369, 457], [2880, 457], [2880, 787], [2369, 787]], '도', 0.6546295512026177), ([[281, 1031], [525, 1031], [525, 1084], [281, 1084]], '하아 , 뒷으니까', 0.4566524104236496), ([[1283, 1013], [1509, 1013], [1509, 1066], [1283, 1066]], '알려짓으니까,', 0.5628855418669958), ([[268, 1064], [549, 1064], [549, 1128], [268, 1128]], '빨리 끝내기나 해 ,', 0.8357720428867745), ([[1306, 1054], [1496, 1054], [1496, 1114], [1306, 1114]], '딸들한테는', 0.38999159187106175), ([[2265, 1063], [2352, 1063], [2352, 1105], [2265, 1105]], '하아;', 0.7506044614511574), ([[2405, 1084], [2429, 1084], [2429, 1109], [2405, 1109]], '근', 0.46825205430663736), ([[295, 1116], [526, 1116], [526, 1171], [295, 1171]], '아까 말햇지만,', 0.8559703055829584), ([[1278, 1103], [1513, 1103], [1513, 1158], [1278, 1158]], '손 대지말아쥐,', 0.9641404856345032), ([[2239, 1103], [2461, 1103], [2461, 1156], [2239, 1156]], '엄마량 언니는', 0.3699733990297766), ([[320, 1161], [431, 1161], [431, 1212], [320, 1212]], '안예는', 0.7449749275595341), ([[888, 1153], [966, 1153], [966, 1195], [888, 1195]], '하아', 0.9993555512308286), ([[1274, 1148], [1504, 1148], [1504, 1198], [1274, 1198]], '그냥 나한테만', 0.38049790018983287), ([[2232, 1145], [2474, 1145], [2474, 1198], [2232, 1198]], '보내주는 거조?', 0.7754567215550509), ([[329, 1204], [494, 1204], [494, 1255], [329, 1255]], '안되니까-', 0.95149901717228), ([[2705, 1226], [2791, 1226], [2791, 1275], [2705, 1275]], '하악', 0.9981978552773676), ([[515, 1377], [803, 1377], [803, 1617], [515, 1617]], '쥐', 0.011676503584663545), ([[722, 1609], [976, 1609], [976, 1817], [722, 1817]], '파양', 0.06285820942233386), ([[1911, 1880], [2059, 1880], [2059, 2073], [1911, 2073]], '광', 0.6909809424052504), ([[2063, 1962], [2092, 1962], [2092, 2047], [2063, 2047]], '1', 0.12866717040255082), ([[1154, 2043], [1333, 2043], [1333, 2094], [1154, 2094]], '헤헤-나만', 0.7090586066152706), ([[2214, 2032], [2371, 2032], [2371, 2083], [2214, 2083]], '그럼그럼', 0.9989380836486816), ([[1134, 2086], [1356, 2086], [1356, 2134], [1134, 2134]], '바라보달라고', 0.9225098622081216), ([[2234, 2072], [2353, 2072], [2353, 2123], [2234, 2123]], '당연히', 0.9996609043891426), ([[417, 2098], [653, 2098], [653, 2195], [417, 2195]], '찌너로까', 0.002169830957427621), ([[1112, 2126], [1378, 2126], [1378, 2177], [1112, 2177]], '말하는 것 같아7', 0.26866377156926635), ([[2189, 2113], [2395, 2113], [2395, 2166], [2189, 2166]], '보내뀌야까', 0.5983935678156641), ([[127, 2179], [209, 2179], [209, 2235], [127, 2235]], '응맛', 0.06282871170817053), ([[446, 2180], [627, 2180], [627, 2231], [446, 2231]], '매달리끼나', 0.9349515838839126), ([[1143, 2167], [1347, 2167], [1347, 2218], [1143, 2218]], '개플리많어~', 0.5423323354700995), ([[2340, 2196], [2564, 2196], [2564, 2249], [2340, 2249]], '보내주고말고', 0.9920826578781863), ([[477, 2221], [591, 2221], [591, 2269], [477, 2269]], '말라고', 0.9936585019867699), ([[1388, 2203], [1582, 2203], [1582, 2257], [1388, 2257]], '정액이그냥', 0.9897999976683034), ([[1341, 2246], [1624, 2246], [1624, 2296], [1341, 2296]], '바로올라오는데?', 0.8894996221725489), ([[2396, 2239], [2508, 2239], [2508, 2290], [2396, 2290]], '흐흐움', 0.24630697469522508), ([[2186.745174155182, 12.032826363979062], [2437.7702308515472, 47.97512950699908], [2401.254825844818, 250.96717363602093], [2149.2297691484528, 215.02487049300092]], '곡위', 0.17651510686264), ([[1079.8771917229872, 537.0210190037575], [1459.8792009498422, 612.9207331290237], [1399.1228082770128, 863.9789809962425], [1019.1207990501578, 788.0792668709763]], "멋'", 0.06190478572324859), ([[864.8721679838679, 639.126211064491], [1035.7861887145245, 600.5896518773951], [1060.127832016132, 758.873788935509], [889.2138112854753, 796.4103481226049]], '철', 0.020133082006545955), ([[2361.2802656784306, 1065.3885579247042], [2438.3663454185225, 1055.8395096567692], [2441.7197343215694, 1093.6114420752958], [2364.6336545814775, 1103.1604903432308]], '저막', 0.42864687859460254), ([[429.3516732326157, 1164.230856314155], [506.80859867965535, 1159.4114935226453], [508.6483267673843, 1210.769143685845], [430.19140132034465, 1216.5885064773547]], '절대', 0.9999350944702502), ([[1572.8724485798098, 1235.0219285011092], [1952.168094009716, 1310.856299103422], [1894.1275514201902, 1549.9780714988908], [1514.831905990284, 1474.143700896578]], "'위_", 0.016852006933670352), ([[2014.0498845845948, 1510.0167222024934], [2364.363563921462, 1631.1722648173609], [2281.950115415405, 1847.9832777975066], [1931.6364360785376, 1726.8277351826391]], '넷', 0.13950967788236213)]
[([[56, 169], [274, 169], [274, 217], [56, 217]], '까아-먹어래', 0.6025169768866053), ([[1640, 160], [1806, 160], [1806, 213], [1640, 213]], '애넷남은', 0.9091427326202393), ([[2531, 56], [2818, 56], [2818, 321], [2531, 321]], '팎', 0.0230906552001644), ([[54, 207], [276, 207], [276, 256], [54, 256]], '오늘처음만난', 0.8517912739375704), ([[1649, 203], [1799, 203], [1799, 253], [1649, 253]], '얘기공장', 0.9588502645492554), ([[2017, 194], [2217, 194], [2217, 293], [2017, 293]], '-봉보-다', 0.0018813416285714604), ([[41, 245], [287, 245], [287, 296], [41, 296]], '양아 한데 질까', 0.16458411516453542), ([[1667, 243], [1786, 243], [1786, 294], [1667, 294]], '보끼에', 0.8761473718719172), ([[2134, 244], [2208, 244], [2208, 288], [2134, 288]], '모은', 0.8555660426823363), ([[95, 286], [238, 286], [238, 334], [95, 334]], '당하면거', 0.5510209798812866), ([[1661, 286], [1788, 286], [1788, 337], [1661, 337]], '한발더', 0.9602318537677732), ([[1985, 277], [2065, 277], [2065, 330], [1985, 330]], '농죽', 0.42923025893664424), ([[1987, 269], [2252, 269], [2252, 380], [1987, 380]], '방고핸버떠-{', 0.0003038463395440998), ([[2059, 279], [2139, 279], [2139, 330], [2059, 330]], '정액', 0.9736572508226177), ([[79, 324], [251, 324], [251, 373], [79, 373]], '가버리라고', 0.9991040975180342), ([[1652, 326], [1799, 326], [1799, 379], [1652, 379]], '들어간다', 0.9867817759513855), ([[938, 373], [992, 373], [992, 398], [938, 398]], '48', 0.1378691533638549), ([[652, 286], [906, 286], [906, 530], [652, 530]], '부릇', 0.15272185719289827), ([[1020, 505], [1450, 505], [1450, 781], [1020, 781]], '부로량', 0.007908718011481812), ([[434, 1046], [458, 1046], [458, 1075], [434, 1075]], '0', 0.9999996423721633), ([[450, 1035], [521, 1035], [521, 1090], [450, 1090]], '사앗,', 0.038023683485310836), ([[368, 1079], [572, 1079], [572, 1139], [368, 1139]], '아 안;;대어;', 0.16111003734462181), ([[1337, 1087], [1423, 1087], [1423, 1140], [1337, 1140]], '오욕', 0.8792001757796374), ([[2429, 1083], [2509, 1083], [2509, 1125], [2429, 1125]], '하아', 0.9991274189008083), ([[1289, 1136], [1495, 1136], [1495, 1192], [1289, 1192]], '사고 잇서엇', 0.4511757974340479), ([[1748, 1035], [2108, 1035], [2108, 1277], [1748, 1277]], '볶앗', 0.013931664908103832), ([[2428, 1136], [2452, 1136], [2452, 1163], [2428, 1163]], '0', 0.999999046325911), ([[2446, 1125], [2515, 1125], [2515, 1174], [2446, 1174]], '차아,', 0.17298037517290113), ([[2396, 1170], [2526, 1170], [2526, 1223], [2396, 1223]], '시,,러어', 0.28182274563867893), ([[483, 1198], [671, 1198], [671, 1258], [483, 1258]], '안에느, 흔', 0.6092852317071153), ([[513, 1375], [566, 1375], [566, 1401], [513, 1401]], '0', 0.02801863016586381), ([[691, 1433], [726, 1433], [726, 1457], [691, 1457]], '@', 0.27333744487706113), ([[2011, 1406], [2038, 1406], [2038, 1451], [2011, 1451]], '8', 0.8294346777021566), ([[1530, 1371], [1755, 1371], [1755, 1545], [1530, 1545]], '음질', 0.6217521344759844), ([[2018, 1457], [2046, 1457], [2046, 1528], [2018, 1528]], '8', 0.9984325357231825), ([[2268, 1726], [2321, 1726], [2321, 1786], [2268, 1786]], ')', 0.06664976831697178), ([[2318, 1765], [2359, 1765], [2359, 1783], [2318, 1783]], '99', 0.11132020862622785), ([[1544, 1760], [1835, 1760], [1835, 1943], [1544, 1943]], '필3 ', 0.01011614246278249), ([[1619, 2071], [1942, 2071], [1942, 2131], [1619, 2131]], '이렇게 저희 모녀튼,', 0.2698800517774258), ([[1665, 2120], [1914, 2120], [1914, 2177], [1665, 2177]], '오늘 처음만난', 0.9942810957772409), ([[1648, 2164], [1922, 2164], [1922, 2225], [1648, 2225]], '남자들에계 몸을', 0.39626263478790885), ([[1586, 2216], [1777, 2216], [1777, 2267], [1586, 2267]], '허락하고야', 0.9995385719428423), ([[1769, 2203], [1982, 2203], [1982, 2280], [1769, 2280]], '말아습다다 ,,', 0.4950820324204895), ([[37.22649338976864, 1200.0875832366632], [242.5221425710946, 1180.119273579154], [247.77350661023135, 1336.9124167633368], [42.4778574289054, 1355.880726420846]], '움빛', 0.08488816230014848), ([[2149.1389510125678, 1240.0867758344768], [2365.981444953483, 1209.6989791618662], [2379.8610489874322, 1386.9132241655232], [2163.018555046517, 1417.3010208381338]], '움빛', 0.7179872025044626), ([[1833.7645084248547, 1266.0092569956555], [1861.398215934794, 1274.345759581408], [1827.2354915751453, 1398.9907430043445], [1799.601784065206, 1391.654240418592]], '8', 0.7708965967845529), ([[2102.506803038084, 1291.0408182285037], [2128.3814929479563, 1282.0243550059424], [2154.493196961916, 1356.9591817714963], [2128.6185070520437, 1365.9756449940576]], '8', 0.9570153303793774), ([[991.4910134014407, 1306.0658509254747], [1010.5048437942941, 1302.0647654552063], [1017.5089865985593, 1347.9341490745253], [997.4951562057059, 1351.9352345447937]], '8', 0.999998569489037), ([[634.388137237664, 1411.0630587407873], [693.9945054898935, 1439.8185148187943], [681.611862762336, 1464.9369412592127], [622.0054945101065, 1436.1814851812057]], '59', 0.018794910087099468), ([[2199.7701175612583, 1780.9931058051327], [2266.38430344178, 1764.1792591899134], [2272.2298824387417, 1794.0068941948673], [2206.61569655822, 1809.8207408100866]], '쇼%', 0.1909035051323728), ([[2621.2116483944883, 1766.0762862155145], [2849.0088977086843, 1739.3121482316083], [2858.7883516055117, 1924.9237137844855], [2631.9911022913157, 1951.6878517683917]], '울려', 0.0813329855999052), ([[386.0775575502734, 1773.0841560731171], [601.5357525047336, 1739.486008988705], [618.9224424497265, 1930.9158439268829], [403.4642474952664, 1964.513991011295]], '울', 0.10313315270322221), ([[1440.9557093690564, 1834.028720204527], [1562.712629286193, 1939.707963366318], [1431.0442906309436, 2089.971279795473], [1309.287370713807, 1984.292036633682]], '~', 0.3582684788357824)]
[([[623, 452], [796, 452], [796, 508], [623, 508]], '[발윗다', 0.22159209847450256), ([[587, 495], [827, 495], [827, 550], [587, 550]], '임직이다 이건', 0.25745463324241064), ([[549, 532], [874, 532], [874, 601], [549, 601]], '확길하게안족-지', 0.03828298367478643), ([[1501, 520], [1660, 520], [1660, 573], [1501, 573]], '아-펼어', 0.5042492151260376), ([[615, 582], [806, 582], [806, 643], [615, 643]], '꽉둘러어-', 0.18757757759180752), ([[1476, 565], [1689, 565], [1689, 620], [1476, 620]], '곧나나온다', 0.09891010219620036), ([[63, 659], [177, 659], [177, 726], [63, 726]], '끼오육', 0.053497373706599176), ([[2574, 666], [2764, 666], [2764, 719], [2574, 719]], '아-꽃되네', 0.5992734444997063), ([[2549, 706], [2783, 706], [2783, 763], [2549, 763]], '안에는안되간', 0.1224368506056591), ([[2611, 752], [2718, 752], [2718, 805], [2611, 805]], '끼락-', 0.1808252426108206), ([[649, 787], [749, 787], [749, 855], [649, 855]], '@육0', 0.1971658061624727), ([[1462, 883], [1544, 883], [1544, 943], [1462, 943]], '응후,', 0.7375920099092238), ([[408, 924], [675, 924], [675, 1076], [408, 1076]], '움찰 !', 0.0542362811723067), ([[1625, 1019], [1851, 1019], [1851, 1072], [1625, 1072]], '애넷이라길래', 0.9465551957979915), ([[1601, 1059], [1875, 1059], [1875, 1120], [1601, 1120]], '기대드안있튼데', 0.18840220470654487), ([[1638, 1103], [1835, 1103], [1835, 1153], [1638, 1153]], '뒤께네진짜', 0.4831757837147393), ([[1629, 1145], [1846, 1145], [1846, 1196], [1629, 1196]], '딸내미들이랑', 0.7656659900091416), ([[520, 1191], [864, 1191], [864, 1253], [520, 1253]], '터녀워논데 벌써부터', 0.034179989637759554), ([[1576, 1184], [1894, 1184], [1894, 1241], [1576, 1241]], '마이중게임웬해라-', 0.1538794020543603), ([[558, 1237], [832, 1237], [832, 1291], [558, 1291]], '남까맛 알아갖고', 0.7218919471816502), ([[2054, 1226], [2346, 1226], [2346, 1282], [2054, 1282]], '후우-도망 못가게', 0.6835222395305318), ([[556, 1280], [834, 1280], [834, 1333], [556, 1333]], '다리감아오는게', 0.9578722030394626), ([[2045, 1269], [2353, 1269], [2353, 1322], [2045, 1322]], '꽉잡아놈고마음껏', 0.36185445167361385), ([[592, 1323], [796, 1323], [796, 1378], [592, 1378]], '존나 플리네', 0.3797276714448651), ([[2061, 1312], [2335, 1312], [2335, 1363], [2061, 1363]], '임물미켜버리가~', 0.2754758245248229), ([[1946, 1429], [1977, 1429], [1977, 1478], [1946, 1478]], '응', 0.8866460770706261), ([[595, 1553], [865, 1553], [865, 1783], [595, 1783]], '1육', 0.04104201704413509), ([[132, 1891], [198, 1891], [198, 1931], [132, 1931]], '흐의', 0.5109466365371949), ([[589, 1844], [860, 1844], [860, 1904], [589, 1904]], '벗어나지 못하게', 0.6166989351923886), ([[1547, 1673], [1803, 1673], [1803, 1956], [1547, 1956]], '구입', 0.03441822226196503), ([[2113, 1798], [2195, 1798], [2195, 1853], [2113, 1853]], '후응', 0.7858313301473279), ([[2466, 1766], [2839, 1766], [2839, 2013], [2466, 2013]], '}업', 0.16228769064758675), ([[176, 1920], [199, 1920], [199, 1940], [176, 1940]], '0', 0.9999904632795733), ([[550, 1891], [898, 1891], [898, 1953], [550, 1953]], '둘러놓은 채 자신들의', 0.5986804460003167), ([[506, 1942], [586, 1942], [586, 1995], [506, 1995]], '정액', 0.9359056719714665), ([[616, 1936], [941, 1936], [941, 1998], [616, 1998]], '마지막 한 방울(지', 0.5522202206345691), ([[622, 1986], [855, 1986], [855, 2048], [622, 2048]], '려넣엿습니다,', 0.6132451604474841), ([[1626, 2038], [1771, 2038], [1771, 2099], [1626, 2099]], '우승 응,', 0.2569634215501915), ([[2060, 2026], [2414, 2026], [2414, 2090], [2060, 2090]], '이렇계 필 결 어렵끗이', 0.31442943405437446), ([[2085, 2071], [2392, 2071], [2392, 2138], [2085, 2138]], '느끼고 잇엿음예도', 0.43133951382297797), ([[2047, 2119], [2412, 2119], [2412, 2180], [2047, 2180]], '끝내 뿌리치지 못한 건', 0.763046941306735), ([[2083, 2168], [2390, 2168], [2390, 2230], [2083, 2230]], '저분만은 아니어런', 0.3094934035457323), ([[2129, 2219], [2330, 2219], [2330, 2274], [2129, 2274]], '모양입니다,,', 0.44525652814289757), ([[2172.172949238008, 932.1046583706702], [2451.80647645509, 909.9141353031944], [2452.827050761992, 1050.8953416293298], [2173.19352354491, 1073.0858646968056]], '움질 (', 0.017677092574736288), ([[583.4343145750507, 1964.0402020253553], [613.5791967204688, 1958.0421557434636], [629.5656854249493, 2041.9597979746447], [600.4208032795312, 2047.9578442565364]], '흘', 0.5490340906568605), ([[1088.1343182906603, 2065.0670242401798], [1475.8458462297604, 2035.9018085377709], [1476.8656817093397, 2255.9329757598202], [1088.1541537702396, 2286.098191462229]], '책아야', 0.03190817813044651)]
[([[423, 119], [730, 119], [730, 172], [423, 172]], '야-많이도나용네', 0.3135002931691583), ([[981, 117], [1189, 117], [1189, 172], [981, 172]], '난이쪽이랑', 0.7310954706857957), ([[1996, 142], [2213, 142], [2213, 193], [1996, 193]], '뛰야 이새끼', 0.32930356345434025), ([[473, 159], [682, 159], [682, 219], [473, 219]], '정액이 그냥', 0.771643569526037), ([[948, 158], [1218, 158], [1218, 222], [948, 222]], '한번더활린다', 0.1780421943765506), ([[1967, 185], [2238, 185], [2238, 240], [1967, 240]], '개많이 씻네크크', 0.1480462772947192), ([[430, 205], [721, 205], [721, 262], [430, 262]], '다뽑혀나간다 야', 0.7767116896960502), ([[956, 207], [1212, 207], [1212, 262], [956, 262]], '불안해거한발', 0.47020213811003597), ([[941, 252], [1225, 252], [1225, 307], [941, 307]], '더넘어나야켓어', 0.36635250965543764), ([[1981, 229], [2225, 229], [2225, 290], [1981, 290]], '장모님 떡갈이', 0.7108667493409301), ([[1992, 270], [2219, 270], [2219, 330], [1992, 330]], '그렇게 좋아?', 0.4629942800531407), ([[1941, 440], [2250, 440], [2250, 608], [1941, 608]], '운결 !', 0.03611043840646744), ([[2645, 638], [2763, 638], [2763, 693], [2645, 693]], '끄리생', 0.03863588004056239), ([[2626, 684], [2782, 684], [2782, 735], [2626, 735]], '마려운데', 0.9897670745849609), ([[2651, 727], [2755, 727], [2755, 778], [2651, 778]], '이거', 0.9975050604960513), ([[115, 925], [193, 925], [193, 980], [115, 980]], '후응', 0.8078534912158523), ([[693, 898], [881, 898], [881, 1059], [693, 1059]], '}들', 0.040033239597591315), ([[1262, 992], [1363, 992], [1363, 1048], [1262, 1048]], '{러_', 0.006833796353871331), ([[1591, 1017], [1626, 1017], [1626, 1046], [1591, 1046]], '6', 0.7493881014521584), ([[1618, 961], [1702, 961], [1702, 1041], [1618, 1041]], '~샌', 0.0015375479893048759), ([[1696, 994], [1727, 994], [1727, 1019], [1696, 1019]], '스', 0.5483903373014479), ([[2622, 1037], [2682, 1037], [2682, 1063], [2622, 1063]], "'66", 0.8573528514518799), ([[1768, 1190], [1793, 1190], [1793, 1214], [1768, 1214]], '0', 0.9999936819176334), ([[713, 1238], [969, 1238], [969, 1288], [713, 1288]], '끄리생에 덮밥에', 0.09789613859292014), ([[718, 1278], [958, 1278], [958, 1331], [718, 1331]], '다하면 몇번들', 0.4724761742607705), ([[721, 1317], [957, 1317], [957, 1416], [721, 1416]], '빨팬마닷듣거', 0.002226882040835653), ([[2052, 1273], [2407, 1273], [2407, 1441], [2052, 1441]], '까아악-', 0.6756584644317627), ([[747, 1402], [926, 1402], [926, 1453], [747, 1453]], '아니나크국', 0.3679521043011895), ([[2688, 1414], [2772, 1414], [2772, 1474], [2688, 1474]], '헤응', 0.9294641048219684), ([[576, 1751], [910, 1751], [910, 1808], [576, 1808]], '우리들의 아래쪽으로', 0.8929923159808063), ([[532, 1797], [954, 1797], [954, 1859], [532, 1859]], '나온 결과물올 만족스러운', 0.3779155775857148), ([[591, 1844], [900, 1844], [900, 1904], [591, 1904]], '눈빛으로 끈적하게', 0.8404609305799314), ([[2618, 1835], [2729, 1835], [2729, 1895], [2618, 1895]], "굳과'", 0.0012720906768709612), ([[593, 1891], [869, 1891], [869, 1953], [593, 1953]], '훈어보눈 남자들,', 0.223350271332373), ([[44, 1943], [144, 1943], [144, 2007], [44, 2007]], '컬리', 0.021138958808798423), ([[2213, 2051], [2450, 2051], [2450, 2111], [2213, 2111]], '그들의 경박한', 0.9633213734584691), ([[2125, 2098], [2518, 2098], [2518, 2158], [2125, 2158]], '대화 소리블 마지막으로', 0.38166914866262436), ([[2159, 2143], [2502, 2143], [2502, 2205], [2159, 2205]], '의식은 흐려저갑니다,', 0.5744177392675525)]
