2911395
133
[([[446, 1930], [727, 1930], [727, 2006], [446, 2006]], '후타바유이장-', 0.39695290480932804), ([[1107, 1937], [1281, 1937], [1281, 2003], [1107, 2003]], '벌리씨9', 0.1043003723025322), ([[1657, 1935], [1981, 1935], [1981, 2001], [1657, 2001]], '아외이마도카장', 0.6640658208563002), ([[2098, 1926], [2548, 1926], [2548, 2002], [2098, 2002]], '친구와 같이빨레앗;', 0.2676038455838095)]
[([[255, 2566], [1870, 2566], [1870, 2645], [255, 2645]], '유아장어계가르-주/다벌레외의고미실습~ 나는벌레의사정올돕기위해키해주있다', 0.027351680410344806)]
[([[1005, 2575], [1899, 2575], [1899, 2653], [1005, 2653]], '짝짓기중인암컷의적꼭지틀보고 다른수컷보다', 0.30011051008309597), ([[582, 2650], [1907, 2650], [1907, 2729], [582, 2729]], '먼저 이 암컷올임신시킬수 잇논 7회에필사적으로정액올짜나는벌레;', 0.03981777606338838)]
[([[1005, 2575], [1899, 2575], [1899, 2653], [1005, 2653]], '짝짓기중인암컷의적꼭지틀보고 다른수컷보다', 0.25936790462991893), ([[582, 2650], [1907, 2650], [1907, 2729], [582, 2729]], '먼저 이 암컷올임신시킬수 잇논 7회에필사적으로정액올짜나는벌레;', 0.04721425655983569)]
[([[1005, 2575], [1899, 2575], [1899, 2653], [1005, 2653]], '짝짓기중인암컷의적꼭지틀보고 다른수컷보다', 0.2869354138764503), ([[582, 2650], [1907, 2650], [1907, 2729], [582, 2729]], '먼저 이 암컷올임신시킬수 잇논 7회에필사적으로정액올짜내논벌레;', 0.03803448579379173)]
[([[753, 2575], [1748, 2575], [1748, 2653], [753, 2653]], '몸올마음다로사용하게하주는암컷의부드러운 피부에-', 0.2618369316337576), ([[1024, 2650], [1875, 2650], [1875, 2730], [1024, 2730]], '난독하게달리붙으며고마름증기벌레입다', 0.10009044881665762), ([[1741.8449914182543, 2562.0669261969874], [1893.4415434342698, 2585.704964707503], [1877.1550085817457, 2667.9330738030126], [1725.5584565657302, 2644.295035292497]], '행해', 0.43051091757786275)]
[([[753, 2575], [1748, 2575], [1748, 2653], [753, 2653]], '몸올마음다로사용하게하주는암컷의부드러운 피부에-', 0.29690580153348), ([[1024, 2650], [1875, 2650], [1875, 2730], [1024, 2730]], '난독하게달리붙으며고마름증기벌레입다', 0.09136008162612666), ([[1741.831587524326, 2562.0684939567714], [1892.4346013965114, 2585.6851400498745], [1876.168412475674, 2666.9315060432286], [1725.5653986034886, 2644.3148599501255]], '행해', 0.3583530185544651)]
[([[753, 2575], [1748, 2575], [1748, 2653], [753, 2653]], '몸올마음다로사용하게하주는암컷의부드러운 피부에-', 0.2740092849753465), ([[1024, 2650], [1875, 2650], [1875, 2730], [1024, 2730]], '난독하게달리붙으며고마름증기벌레입다', 0.09804931552741608), ([[1741.8449914182543, 2562.0669261969874], [1893.4415434342698, 2585.704964707503], [1877.1550085817457, 2667.9330738030126], [1725.5584565657302, 2644.295035292497]], '행해', 0.4435935388678119)]
[([[753, 2575], [1748, 2575], [1748, 2653], [753, 2653]], '몸올마음다로사용하게하주는암컷의부드러운 피부에-', 0.3003856502829901), ([[1024, 2650], [1875, 2650], [1875, 2730], [1024, 2730]], '난독하게달리붙으며고마름증기벌레입다', 0.08526029781295877), ([[1741.8449914182543, 2562.0669261969874], [1893.4415434342698, 2585.704964707503], [1877.1550085817457, 2667.9330738030126], [1725.5584565657302, 2644.295035292497]], '행해', 0.41402718575221864)]
[([[1476, 1524], [1615, 1524], [1615, 1660], [1476, 1660]], "'", 0.13939001805369244), ([[752, 2569], [1887, 2569], [1887, 2654], [752, 2654]], '몸올미음다로사용하게하주는암켓의부드라운 파부에행해', 0.03452634813404429), ([[1024, 2650], [1875, 2650], [1875, 2729], [1024, 2729]], '난독하게달리분으고미름즐기논벌레입다-', 0.08155913302896395)]
[([[432, 1925], [2336, 1925], [2336, 2004], [432, 2004]], '눈에띄는기어운아이플방으로데-가 서한 검사로정액올짜나노는두암컷 $ 젖가슴의로봉사합', 0.12573707372018503)]
[([[1592, 1548], [1711, 1548], [1711, 1601], [1592, 1601]], '대온', 0.0025333005393906897), ([[432, 1925], [2336, 1925], [2336, 2004], [432, 2004]], '눈에띄는기어운아이플방으로데-가 서한 검사로정액올짜나노는두암컷 $ 젖가슴의로봉사합다', 0.12578934576039896)]
[([[255, 2566], [1868, 2566], [1868, 2645], [255, 2645]], '유아장어계가르-주/다벌레외의고미실습~ 나는벌레의사정올돕기위해키나하주있다', 0.009429131820212523)]
[([[432, 1926], [2336, 1926], [2336, 2004], [432, 2004]], '눈에띄는기어운아이플방으로데터가 서한검사로정액올찌나고노는두암컷$ 젖가슴으로봉사합다', 0.1304941569582597)]
[([[858, 2579], [1877, 2579], [1877, 2660], [858, 2660]], '고미해주는암켓의소문자들은벌레일거에말러들0와_', 0.1254044647915286), ([[418, 2656], [1903, 2656], [1903, 2736], [418, 2736]], '순서름기락수 없이말러드는벌레들어게마음다로몸음사용하게하주는암컷 $', 0.10726209188860879)]
[([[858, 2579], [1877, 2579], [1877, 2660], [858, 2660]], '고미해주는암켓의소문자들은벌레일거에말러들0와_', 0.1467643197649393), ([[418, 2656], [1905, 2656], [1905, 2736], [418, 2736]], '순서름기락수 없이말러드는벌레들어제마음다로몸음사용하게하주는암컷 $', 0.07504208488196819)]
[([[858, 2579], [1877, 2579], [1877, 2660], [858, 2660]], '고미해주는암컷의소문자들은벌레일거에말러들0와_', 0.15446086245986637), ([[418, 2656], [1905, 2656], [1905, 2736], [418, 2736]], '순서름기락수 없이말러드는벌레들어제마음다로몸음사용하게하주는암컷 %', 0.06915528552434624)]
[([[858, 2579], [1877, 2579], [1877, 2660], [858, 2660]], '고미해주는암켓의소문자들은벌레일거에말러들0와_', 0.135415895089041), ([[418, 2656], [1905, 2656], [1905, 2736], [418, 2736]], '순서름기락수 없이말러드는벌레들어제마음다로몸음사용하게하주는암컷 %', 0.06953078286324742)]
[([[858, 2579], [1877, 2579], [1877, 2660], [858, 2660]], '고미해주는암켓의소문자들은벌레일거에말러들0와_', 0.14772293477787582), ([[418, 2656], [1905, 2656], [1905, 2736], [418, 2736]], '순서름기락수 없이말러드는벌레들어제마음다로몸음사용하게하주는암컷 %', 0.07976034634135755)]
[([[1091, 2581], [1894, 2581], [1894, 2660], [1091, 2660]], '고미시규주는암컷의소문우등고찾아닷지만', 0.06004690290891097), ([[45, 2656], [1903, 2656], [1903, 2737], [45, 2737]], '이미디른 수컷의 아이름임신하고 잇디눈시실승일고 갑사기난독하제자신의씨름주입하논벌레>', 0.03401928383892544)]
[([[1091, 2581], [1894, 2581], [1894, 2660], [1091, 2660]], '고미시규주는암컷의소문우등고찾아닷지만', 0.06744254585497016), ([[45, 2656], [1903, 2656], [1903, 2737], [45, 2737]], '이미디른 수컷의 아이름임신하고 잇디눈시실승일고 갑사기난독하제자신의씨름주입하논벌레>', 0.032829460821970996)]
[([[1091, 2581], [1894, 2581], [1894, 2660], [1091, 2660]], '고미시규주는암컷의소문우등고찾아닷지만', 0.058447576693170473), ([[45, 2656], [1903, 2656], [1903, 2737], [45, 2737]], '이미디른 수컷의 아이름임신하고 잇디눈시실승렉고 갑사기난독하제자신의씨름주입하논벌레>', 0.03067618152548315)]
[([[1091, 2581], [1894, 2581], [1894, 2660], [1091, 2660]], '고미시규주는암컷의소문우등고찾아닷지만', 0.07479578108324973), ([[45, 2656], [1903, 2656], [1903, 2737], [45, 2737]], '이미디른 수컷의 아이름임신하고 잇디눈시실승렉고 갑자기난독하제자신의씨름주입하논벌레>', 0.03598461144558424)]
[([[255, 2566], [1868, 2566], [1868, 2645], [255, 2645]], '유아장어계가르-주/다벌레외의고미실습~ 나는벌레의사정올돕기위해키하주있다', 0.015545202629675129)]
[([[1091, 2581], [1894, 2581], [1894, 2660], [1091, 2660]], '고미시규주는암컷의소문우등고찾아*지만', 0.053641674512743744), ([[45, 2656], [1903, 2656], [1903, 2735], [45, 2735]], '이미다른 수컷의 아름임신하고 잇다는시실올알고 갑사기난제하제자신의씨름주입하논벌레;', 0.043337421079351963)]
[([[924, 2688], [1896, 2688], [1896, 2777], [924, 2777]], '세엉태해온아이름보여주면서출산하눈두암컷나', 0.033646573909247274)]
[([[924, 2688], [1900, 2688], [1900, 2778], [924, 2778]], '서엉태해온아이름보여주면서출산하눈두암컷?', 0.06342994375741459)]
[([[924, 2688], [1894, 2688], [1894, 2777], [924, 2777]], '세엉태해온아이름보여주면서출산하눈두암컷소', 0.01718381997281738)]
[([[924, 2688], [1894, 2688], [1894, 2777], [924, 2777]], '세엉태해온아이름보여주면서출산하눈두암컷소', 0.022005201554303515), ([[1229.5469730106795, 2432.0519839459216], [1247.5662216949966, 2440.7562357127968], [1228.4530269893205, 2478.9480160540784], [1210.4337783050034, 2470.2437642872032]], '8', 0.7786400267731928)]
[([[982, 2576], [1890, 2576], [1890, 2666], [982, 2666]], '사정하지양으려하지만암컷들의부드라운감추과', 0.2736667471752411), ([[810, 2656], [1913, 2656], [1913, 2744], [810, 2744]], '열결한구야예참지못하고한심하제사정되어버눈벌레$', 0.07961158370088926)]
[([[982, 2576], [1890, 2576], [1890, 2666], [982, 2666]], '사정하지양으려하지만암컷들의부드라운감추과', 0.260899595199461), ([[810, 2656], [1913, 2656], [1913, 2744], [810, 2744]], '열결한구야에심지못하고한심하게사정되어버눈벌레$', 0.06545549583501054)]
[([[982, 2576], [1890, 2576], [1890, 2666], [982, 2666]], '사정하지않으려하지만암컷들의부드라운감추과', 0.25279996072810396), ([[810, 2656], [1913, 2656], [1913, 2744], [810, 2744]], '열결한구야예심지못하고한심하제사정되어버눈벌레$', 0.08124994947222482)]
[([[1240, 2583], [1892, 2583], [1892, 2662], [1240, 2662]], '암컷의손의로 한심하게사정하배 ,', 0.2843559065253072), ([[306, 2659], [1907, 2659], [1907, 2737], [306, 2737]], '두의양양해진암컷어계상하관계플알려주기위해진심으로사백라기고미플하논벌레$', 0.03417520321675472)]
[([[274, 2583], [1903, 2583], [1903, 2662], [274, 2662]], '만은양의정@올 -어나쏟야넷만옆의다른앞컷어 도자신의아기플남게하기우해', 0.014677046432097227), ([[800, 2659], [1881, 2659], [1881, 2737], [800, 2737]], '암컷의몸에밀착해필사적므로지궁에정액올짜나는벌레-', 0.07732441663069634)]
[([[255, 2566], [1868, 2566], [1868, 2645], [255, 2645]], '유아장어계가르-주/다벌레외의고미실습~ 나는벌레의사정올돕-위해키하주있다', 0.014674542446750592)]
[([[443, 2579], [1902, 2579], [1902, 2663], [443, 2663]], '부드러운살갖에말작도면서앉컷이생식플 합아 참지못하고주어찌어논벌레', 0.05131507304828496), ([[27, 2652], [1900, 2652], [1900, 2739], [27, 2739]], '이암컷또한자신이임신키암컷으로서 그국암컷운순종적의로 그의생식기름정성스-레얇아봉사하다', 0.016228142352622533)]
[([[857, 2576], [1902, 2576], [1902, 2664], [857, 2664]], '벌레외의 셋스름한바탕즐건후그대로 둘어서함께출산', 0.049817214212817214), ([[113, 2649], [1902, 2649], [1902, 2739], [113, 2739]], '두앞카눈이미임과 출산어눈이숙한듯 손음잡고적가슴음서로 포건재임신한아기름출산하다', 0.08004619028653848)]
[([[857, 2576], [1902, 2576], [1902, 2665], [857, 2665]], '벌레외의 셋스트한바탕즐건 후그대로 둘어서함께출산', 0.048080376407000046), ([[113, 2649], [1902, 2649], [1902, 2739], [113, 2739]], '두앞카눈이미임과 출산어눈이숙한듯 손음잡고적가슴음서로 포건재임한아기름출산하다', 0.08503067775775384)]
[([[436, 2471], [1913, 2471], [1913, 2556], [436, 2556]], '크진양지만 쪽쪽달리붙어오눈앞컷의적가슴음빨다 발가락올이무당하눈벌레', 0.17195335759467228), ([[426, 2542], [1914, 2542], [1914, 2635], [426, 2635]], '두앞컷의현신적인-원에의해 고어있다지운농도의정액이생식기어서분출하다', 0.07233611796515005)]
[([[833, 2564], [1184, 2564], [1184, 2645], [833, 2645]], '함께라면 괜찮아', 0.6305521784357806), ([[1220, 2566], [1789, 2566], [1789, 2643], [1220, 2643]], '둘어서같이블레와 씨받이고미', 0.2354058423252522), ([[1779.914249429668, 2563.0740208365764], [1914.6120490013516, 2583.5389616010666], [1901.085750570332, 2651.9259791634236], [1766.3879509986484, 2631.4610383989334]], "(세스'", 0.14788761734962463)]
[([[833, 2564], [1184, 2564], [1184, 2645], [833, 2645]], '함께라면 괜찮아', 0.6367013784055584), ([[1220, 2566], [1789, 2566], [1789, 2643], [1220, 2643]], '둘어서같이블레와 씨받이고미', 0.23887644545863274), ([[1779.914249429668, 2563.0740208365764], [1913.6065768526278, 2583.5220999646745], [1901.085750570332, 2651.9259791634236], [1766.3934231473722, 2631.4779000353255]], "(세스'", 0.2444564551115036)]
[([[833, 2564], [1184, 2564], [1184, 2645], [833, 2645]], '함께라면 괜찮아', 0.6753610314207668), ([[1218, 2566], [1789, 2566], [1789, 2643], [1218, 2643]], '둘어서같이빨레와 씨받이고미', 0.08107307542646802), ([[1779.914249429668, 2563.0740208365764], [1913.6065768526278, 2583.5220999646745], [1901.085750570332, 2651.9259791634236], [1766.3934231473722, 2631.4779000353255]], "(세스'", 0.24568109214305878)]
[([[624, 2561], [1181, 2561], [1181, 2646], [624, 2646]], '처음의로 경험하눈출산경험 ', 0.308995238270587), ([[1205, 2562], [1878, 2562], [1878, 2643], [1205, 2643]], '시손올맛-재벌레의아이름출산', 0.02412432265423174)]
[([[624, 2561], [1181, 2561], [1181, 2646], [624, 2646]], '처음의로 경험하눈출산경험 ', 0.32858379028417756), ([[1207, 2562], [1878, 2562], [1878, 2643], [1207, 2643]], '세손플렉-채벌레의아이름출산', 0.07639871729251503)]
[([[1435, 2281], [1598, 2281], [1598, 2365], [1435, 2365]], '<(', 0.36350111277306096), ([[624, 2561], [1181, 2561], [1181, 2646], [624, 2646]], '처음의로 경험하눈출산경험 ', 0.31916292223436515), ([[1205, 2562], [1878, 2562], [1878, 2643], [1205, 2643]], '시손올맛-재벌레의아이름출산', 0.02038914798132605)]
[([[444, 1930], [727, 1930], [727, 2006], [444, 2006]], '후타바유이장-', 0.7211468026722097), ([[1107, 1937], [1281, 1937], [1281, 2003], [1107, 2003]], '벌리씨어', 0.11502290517091751), ([[1657, 1935], [1981, 1935], [1981, 2001], [1657, 2001]], '아외이마도카장', 0.7210822526994931), ([[2098, 1926], [2548, 1926], [2548, 2002], [2098, 2002]], '친구와 같이빨레앗;', 0.32253366808827055)]
[([[624, 2561], [1181, 2561], [1181, 2646], [624, 2646]], '처음의로 경험하눈출산경험 ', 0.21818904996964814), ([[1207, 2562], [1876, 2562], [1876, 2643], [1207, 2643]], '세손플렉-채벌레의아이름출산', 0.050532323539172704)]
[([[574, 2565], [1913, 2565], [1913, 2649], [574, 2649]], "아이들은성장기' 수업후몰래들어서태야아(레들어제 젖먹이;", 0.04634489481086272)]
[([[574, 2565], [1913, 2565], [1913, 2649], [574, 2649]], "아이들은성장기' 수업후몰래들어서태야아(레들어제 젖먹이;", 0.03496099904483942), ([[1427.7439026011305, 551.0719526298358], [1524.944701944239, 565.597476503071], [1509.2560973988695, 659.9280473701642], [1412.055298055761, 646.402523496929]], '대', 0.01758017022632785)]
[([[575, 2566], [1911, 2566], [1911, 2645], [575, 2645]], '아이들은성장기> 수업후몰들이서태야아(벌레들어제 젖먹아기;', 0.03219828103565042)]
[([[120, 2038], [930, 2038], [930, 2116], [120, 2116]], '스로가냥앗다아이들과- 체육수업후에고미', 0.06475701068042095), ([[969, 2034], [1891, 2034], [1891, 2120], [969, 2120]], '성장한애들은임가을임신시카기위해열심히 사정-', 0.20150280248198058), ([[19.005883371001598, 138.5029416855008], [175.10357273773187, 17.448431581503847], [274.9941166289984, 150.4970583144992], [118.89642726226813, 271.5515684184962]], '~', 0.11125401611877894)]
[([[120, 2038], [930, 2038], [930, 2116], [120, 2116]], '스로가낭앗다아이들과- 체육수업후에고미', 0.06303675363378891), ([[969, 2034], [1891, 2034], [1891, 2120], [969, 2120]], '성장한애들은임가을임신시카기위해열심히 사정-', 0.14426265190894857), ([[21.85786437626905, 124.85786437626905], [197.02262735874194, 10.928346697317167], [288.14213562373095, 163.14213562373095], [112.97737264125806, 277.0716533026828]], '~', 0.21870766880818238)]
[([[120, 2038], [930, 2038], [930, 2116], [120, 2116]], '스로가냥앗다아이들과- 체육수업후에고미', 0.061876595110583396), ([[969, 2035], [1891, 2035], [1891, 2119], [969, 2119]], '성장하애들운은/마름임신시카위해열심히 사정', 0.06018367702655859), ([[21.150757595082503, 124.1507575950825], [198.27369689874774, 8.959023795666962], [290.8492424049175, 163.8492424049175], [113.72630310125227, 279.04097620433305]], '~~', 0.45063347167601026)]
[([[120, 2038], [930, 2038], [930, 2116], [120, 2116]], '스로가낭앗다아이들과- 체육수업후에고미', 0.06586638028601133), ([[969, 2034], [1891, 2034], [1891, 2120], [969, 2120]], '성장한애들은임가을임신시카기위해열심히 사정-', 0.15119458832798174), ([[17.601755001696365, 136.88140400135708], [184.53706104465087, 7.495974125135529], [291.39824499830365, 155.11859599864292], [123.46293895534914, 283.50402587486445]], '~', 0.8984741777463832)]
[([[120, 2038], [930, 2038], [930, 2116], [120, 2116]], '스가냥앗다아이들과- 체육수업후에고미', 0.0871200585021031), ([[970, 2036], [1890, 2036], [1890, 2114], [970, 2114]], '성장한애들은임마만임신사카기위해열심히 사정-', 0.04390452500872835), ([[13.104219005590227, 142.91042190055902], [190.318604504005, 7.684674599456262], [295.8957809944098, 146.08957809944098], [118.68139549599499, 281.3153254005437]], '~', 0.29949675464778025)]
[([[708, 2568], [1207, 2568], [1207, 2645], [708, 2645]], '새해이도잘부탁드럽다', 0.7469646959345768), ([[1228, 2570], [1907, 2570], [1907, 2643], [1228, 2643]], '벌레와 카하여스로로의보자봉사 $', 0.15711823446572915)]
[([[444, 1930], [727, 1930], [727, 2006], [444, 2006]], '후타바유이장-', 0.6803292473869217), ([[1107, 1937], [1281, 1937], [1281, 2003], [1107, 2003]], '벌리씨9', 0.10282314568758011), ([[1657, 1935], [1981, 1935], [1981, 2001], [1657, 2001]], '아외이마도카장', 0.7511183155206966), ([[2098, 1926], [2548, 1926], [2548, 2002], [2098, 2002]], '친구와 같이빨레앗지;', 0.2910670899161209)]
[([[707, 2564], [1208, 2564], [1208, 2648], [707, 2648]], "새해이도잘부탁드럽다'", 0.32324147497976824), ([[1228, 2568], [1907, 2568], [1907, 2643], [1228, 2643]], '벌레와 카하여스로의보지로봉사 $', 0.2510388005254628)]
[([[376, 2566], [739, 2566], [739, 2643], [376, 2643]], '겨안은채고미색스-', 0.058583012021301235), ([[762, 2564], [1724, 2564], [1724, 2643], [762, 2643]], '상상하게카하머벌레의정액올질_에받이다~', 0.02283471844552316)]
[([[376, 2566], [739, 2566], [739, 2643], [376, 2643]], '겨안은채고미색스-', 0.0536134527653216), ([[762, 2564], [1724, 2564], [1724, 2643], [762, 2643]], '상하게카하다벌레의정액올질에받이짓다~', 0.03556771352988895)]
[([[376, 2566], [739, 2566], [739, 2643], [376, 2643]], '겨안은채고미색스-', 0.06245258047655241), ([[762, 2564], [1724, 2564], [1724, 2643], [762, 2643]], '상하게카하머벌레의정액올질_에받이짓다~', 0.022886246037538728)]
[([[376, 2566], [739, 2566], [739, 2643], [376, 2643]], '겨인은채고미켓스-', 0.05311556455068765), ([[762, 2564], [1724, 2564], [1724, 2643], [762, 2643]], '상상하게카하머벌레의정액올질에받이다~', 0.03055417917221597)]
[([[376, 2566], [739, 2566], [739, 2643], [376, 2643]], '겨안은채고미색스-', 0.09118286023305913), ([[762, 2564], [1724, 2564], [1724, 2643], [762, 2643]], '상하게카하머벌레의정액슬질__에받이다~', 0.025599537739919524)]
[([[469, 2568], [1081, 2568], [1081, 2643], [469, 2643]], '두번째앉컷에거도래래고미', 0.11605905991759835), ([[1101, 2566], [1911, 2566], [1911, 2643], [1101, 2643]], '그다로앞컷의질일에아까름잔뜩주입$', 0.046711322837358585), ([[1041.9355997102225, 79.08139811644568], [1096.5263494932, 102.66032208224057], [1014.0644002897776, 287.91860188355435], [959.4736505067999, 264.33967791775945]], '틀', 0.15593600193177792)]
[([[469, 2568], [1080, 2568], [1080, 2643], [469, 2643]], '두번째앉컷에거도래브래고미', 0.07767203677682323), ([[1101, 2566], [1911, 2566], [1911, 2643], [1101, 2643]], '그다로앞컷의질일에아까름잔뜩주입$', 0.0501388438866597), ([[1038.9159409892177, 87.08445113811334], [1092.6227142362902, 110.74352655389573], [1012.0840590107822, 285.91554886188663], [959.3772857637098, 262.2564734461043]], '틀', 0.1961162489047874)]
[([[469, 2568], [1081, 2568], [1081, 2643], [469, 2643]], '두번째앞컷에거도래브래고미', 0.06411552991244095), ([[1101, 2566], [1911, 2566], [1911, 2643], [1101, 2643]], '그다로앞컷의질일에아까름잔뜩주입$', 0.049837879849294546), ([[1038.9159409892177, 87.08445113811334], [1092.6227142362902, 110.74352655389573], [1012.0840590107822, 285.91554886188663], [959.3772857637098, 262.2564734461043]], '틀', 0.1961162489047874)]
[([[469, 2568], [1081, 2568], [1081, 2643], [469, 2643]], '두번째앉컷에거도래래고미', 0.08319316402293457), ([[1101, 2566], [1911, 2566], [1911, 2643], [1101, 2643]], '그다로앞컷의질일에아까름잔뜩주입$', 0.051471641107423624), ([[1040.0350735684126, 80.06682489896411], [1094.502344604963, 103.64006594647272], [1014.9649264315875, 287.9331751010359], [959.4976553950371, 264.3599340535273]], '틀', 0.5118824180399884)]
[([[870, 2566], [1876, 2566], [1876, 2645], [870, 2645]], '같이알몸이도어벌레와말작한지로고미하눈법올강의-', 0.05017866212169275)]
[([[469, 2568], [1083, 2568], [1083, 2643], [469, 2643]], '두번째앉컷어 도관니래고미', 0.04594956272269216), ([[1100, 2566], [1911, 2566], [1911, 2645], [1100, 2645]], '그대로앞컷의질에아가름잔뜩주입$', 0.11831104827264347), ([[1040.0350735684126, 80.06682489896411], [1094.502344604963, 103.64006594647272], [1014.9649264315875, 287.9331751010359], [959.4976553950371, 264.3599340535273]], '틀', 0.5118824180399884)]
[([[278, 2566], [880, 2566], [880, 2643], [278, 2643]], '두마리이암컷어계시중관논벌레-', 0.07845433804777804), ([[912, 2566], [1878, 2566], [1878, 2645], [912, 2645]], '이미임신사#버끗기예적가슴과- 살집으로봉사받있다', 0.02933534513692603)]
[([[278, 2566], [880, 2566], [880, 2643], [278, 2643]], '두마리이암컷어계시중관논벌레-', 0.07815333179344756), ([[912, 2566], [1878, 2566], [1878, 2645], [912, 2645]], '이미임신사#버끗기예적가슴과- 살집으로봉사받있다', 0.02626676405874083)]
[([[278, 2566], [880, 2566], [880, 2643], [278, 2643]], '두마리이암컷어계시중관논벌레-', 0.07245561395096309), ([[912, 2566], [1878, 2566], [1878, 2645], [912, 2645]], '이미임신사#버끗기예적가슴과- 살집으로봉사받있다', 0.10670920371791234)]
[([[1552, 1926], [2004, 1926], [2004, 2004], [1552, 2004]], '배다른아이들고의만남-', 0.5409020258421805), ([[2036, 1922], [2326, 1922], [2326, 2002], [2036, 2002]], '두번째출산;', 0.4663324844389528)]
[([[1552, 1924], [2004, 1924], [2004, 2005], [1552, 2005]], '배른아이들과의만남-', 0.6437315566814485), ([[2036, 1922], [2324, 1922], [2324, 2002], [2036, 2002]], '두번째출산 %', 0.33601439561652985)]
[([[1552, 1924], [2004, 1924], [2004, 2005], [1552, 2005]], '배른아이들과의만남-', 0.6508665946383182), ([[2036, 1922], [2324, 1922], [2324, 2002], [2036, 2002]], '두번째출산%', 0.4737398645534531)]
[([[1552, 1926], [2004, 1926], [2004, 2004], [1552, 2004]], '배다른아이들고의만남-', 0.5914550028979727), ([[2036, 1922], [2324, 1922], [2324, 2002], [2036, 2002]], '두번째출산 %', 0.32420878852545)]
[([[21, 2564], [1620, 2564], [1620, 2643], [21, 2643]], '사람이오지양눈비밀장소어서벌리와 고미-젖가슴으로-안은정액올받아주는암컷', 0.10735930453004591)]
[([[21, 2564], [1620, 2564], [1620, 2643], [21, 2643]], '사람이오지양눈비밀장소어서벌리와 고미-젖가슴으로-안은정액올받아주는암컷', 0.10964877135889807)]
[([[870, 2564], [1878, 2564], [1878, 2645], [870, 2645]], '같이알미이도어벌레와말작한자로고미하눈법올강의-', 0.0316997278416159)]
[([[21, 2564], [1620, 2564], [1620, 2643], [21, 2643]], '사람이오지양눈비밀장소어서벌리와 고미-젖가슴으로-안은정액올받아주는암컷', 0.09832800070536753)]
[([[21, 2564], [1620, 2564], [1620, 2643], [21, 2643]], '사람이오지양눈비밀장소어서벌리와 고미-젖가슴으로-안은정액올받아주는암컷', 0.08267990592615089)]
[([[21, 2564], [1620, 2564], [1620, 2645], [21, 2645]], '사람이오지양눈비밀장소어서벌리와 고미-젖가슴으로-안은정액올받아주는암컷-', 0.05634745109543125)]
[([[129, 2566], [1633, 2566], [1633, 2643], [129, 2643]], '스스로적가슴음드러씨고미플요구하오는앉켓이나타나아7름주입하논벌레-', 0.029189233420687515)]
[([[129, 2566], [1633, 2566], [1633, 2643], [129, 2643]], '스스로적가슴음드러씨고미플요구하오는앉켓이나타나아7름주입하논벌레-', 0.024625266054657903)]
[([[129, 2566], [1633, 2566], [1633, 2643], [129, 2643]], '스스로적가슴음드러씨고마플요구하오는앉켓이나타나아7름주입하논벌레-', 0.020496664382054663)]
[([[129, 2566], [1633, 2566], [1633, 2643], [129, 2643]], '스스로적가슴음드러씨고미플요구하오는앉켓이나타나아7름주입하논벌레-', 0.027820651021138794)]
[([[129, 2566], [1664, 2566], [1664, 2643], [129, 2643]], '스스로적가슴음드러랜고미블요구해오분앉켓이나타나아7름주입하논벌레>', 0.009209091134803924)]
[([[722, 1922], [2552, 1922], [2552, 2000], [722, 2000]], '임신하여배가 카제기때문에고미대신에말학색스 -입과 젓가슴과 손음사용해 봉사하오는암컷$', 0.02954919714825859)]
[([[722, 1922], [2552, 1922], [2552, 2000], [722, 2000]], '임신하여배가 카제기때문에고미대에말학색스 -입과 젓가슴과 손음사용해 봉사하오는암컷$', 0.0342156795503088)]
[([[870, 2564], [1878, 2564], [1878, 2645], [870, 2645]], '같이알미이도어벌레와말작한자로고미하눈법올강의-', 0.030476557244843154)]
[([[722, 1922], [1668, 1922], [1668, 2000], [722, 2000]], '임신하여배가 카져기때문에고미대에밀학색스', 0.07424334428304162), ([[1688, 1924], [2552, 1924], [2552, 2000], [1688, 2000]], '입과젖가슴과 손음사용해 봉사하오는암컷 $', 0.223728066150904)]
[([[125, 2562], [1906, 2562], [1906, 2650], [125, 2650]], '벌레의민감한신제나부름합아 주면서모유률로선대신으로심아생히정액올짜내주는암컷$', 0.03336424104093055)]
[([[125, 2562], [1904, 2562], [1904, 2650], [125, 2650]], '벌레의민감한신제나부름합아 주면서모유률로선대으로심아생히정액올짜내주는암컷$', 0.04968041030327488)]
[([[81, 394], [114, 394], [114, 428], [81, 428]], '묵', 0.08190309738074575), ([[125, 2562], [1902, 2562], [1902, 2650], [125, 2650]], '벌레의민감한신제나부름합아 주면서모유률로선대신으로심아생히정액올짜내주는암컷$', 0.03391997885013126), ([[112.272393124891, 472.089572499564], [133.49319696191608, 462.04081822850355], [159.727606875109, 517.910427500436], [138.50680303808392, 527.9591817714964]], '%', 0.1832930519860918)]
[([[489, 2295], [1877, 2295], [1877, 2381], [489, 2381]], '새끼틀수정당햇다신성한장소어서 사이중계함께출산올시작하눈두암컷', 0.21777565524176326)]
[([[489, 2295], [1877, 2295], [1877, 2381], [489, 2381]], '새끼틀수정당햇다신성한장소어서 사이중계함께출산올시작하눈두암컷', 0.20564922870316263)]
[([[489, 2292], [1877, 2292], [1877, 2381], [489, 2381]], '새끼틀수정당하퍼신성한장소어서 사이중계함께출산올시작하눈두암컷-', 0.07900555942623226)]
[([[489, 2295], [1875, 2295], [1875, 2381], [489, 2381]], '새끼틀수정당햇다신성한장소어서 사이중계함께출산율시작하눈두암컷', 0.15463132918402192)]
[([[12, 1242], [46, 1242], [46, 1270], [12, 1270]], '1~', 0.3256489496650423), ([[150, 1264], [178, 1264], [178, 1288], [150, 1288]], '2', 0.3062078670794257), ([[218, 2360], [1906, 2360], [1906, 2440], [218, 2440]], '수업중에발견한훌륭한자지틀가진탤레들잡아서몰래괴롭6노는유이장가 마도카장 $', 0.08167885420571079)]
[([[218, 2360], [1906, 2360], [1906, 2440], [218, 2440]], '수업중에발견한 훌륭한자지틀가진탤레들잡아서몰래괴롭6노는유이장가 마도카장 $', 0.09327366234981735)]
[([[870, 2566], [1878, 2566], [1878, 2645], [870, 2645]], '같이알봉이도어벌레와밀작한자로고미하눈법올강의-', 0.053117134795614)]
[([[12, 1244], [42, 1244], [42, 1272], [12, 1272]], '4', 0.9068083357299237), ([[218, 2360], [1906, 2360], [1906, 2440], [218, 2440]], '수업중에발견한훌륭한자지틀가진탤레들잡아서몰래괴롭6노는유이장가 마도카장 $', 0.10278792162002681)]
[([[810, 2504], [1903, 2504], [1903, 2580], [810, 2580]], '갑자기암컷어계사정되-버려생봉슬음부주-내린탓에,', 0.05874638852820518), ([[764, 2579], [1919, 2579], [1919, 2655], [764, 2655]], '곧바로암컷올수정카려진심으로 히리지부딪지논벌레입다9', 0.021468769170279196)]
[([[810, 2503], [1903, 2503], [1903, 2580], [810, 2580]], '갑자기암컷이제사정도-내려생스슬음부주-린탓에,', 0.0364257228266715), ([[764, 2579], [1919, 2579], [1919, 2655], [764, 2655]], '곧바로암컷올수정카려진심으로 히리지부딪지논벌레입다{', 0.01719382279904272)]
[([[810, 2503], [1903, 2503], [1903, 2580], [810, 2580]], '갑자기암컷어제사정도-내려생스슬음부주-린탓에,', 0.028635037533573732), ([[764, 2579], [1919, 2579], [1919, 2655], [764, 2655]], '곧바로암컷올수정카려진심으로 히리지부딪지논벌레입다{', 0.01971055599382196)]
[([[810, 2504], [1903, 2504], [1903, 2580], [810, 2580]], '갑자기암컷어계사정되-버려생봉슬음부주-내린탓에,', 0.06040575419139427), ([[764, 2579], [1919, 2579], [1919, 2655], [764, 2655]], '곧바로암컷올수정카려진심으로 히리지부딪지논벌레입다9', 0.021741628702815166)]
[([[810, 2504], [1903, 2504], [1903, 2580], [810, 2580]], '갑자기암컷이게사정되내려생봉슬음부주-내린탓에,', 0.026766948907004245), ([[764, 2579], [1919, 2579], [1919, 2655], [764, 2655]], '곧바로암컷올수정켜진심으로 히리지부딪지논벌레입다{', 0.02179238184004375)]
[([[476, 1926], [2528, 1926], [2528, 2004], [476, 2004]], '이미명은양의정@올사정하내린이후어도암컷으로부-의적극적인고미에나니정-도모두사정하내리논벌레', 0.05373960209265791)]
[([[478, 1926], [2527, 1926], [2527, 2004], [478, 2004]], '이미만은양의정액사정하내린이후어도암컷으로부트의적극적인고미에나메정어도모두사정하버논벌레', 0.0642472147384179)]
[([[478, 1926], [2554, 1926], [2554, 2004], [478, 2004]], '이미만은양의정액올사정하내린이후어도암컷으로부트의적극적인고미메나메정액도모두사정하버논벌레>', 0.03817927735685656)]
[([[840, 240], [868, 240], [868, 282], [840, 282]], '터', 0.013751466620036068), ([[477, 1921], [2529, 1921], [2529, 2006], [477, 2006]], '이미만은양의정@울사정하버린이후어도암컷으로부트의적극적인 고미에나머정액도모두사정하버논벌레', 0.09117540424648132)]
[([[870, 2566], [1878, 2566], [1878, 2645], [870, 2645]], '같이알미이도어벌레와밀작한자로고미하눈법올강의-', 0.04854679891698219)]
[([[840, 240], [868, 240], [868, 282], [840, 282]], '터', 0.013751466620036068), ([[477, 1921], [2528, 1921], [2528, 2006], [477, 2006]], '이미만은양의정@울사정하버린이후어도암컷으로부트의적극적인 고미에나머정액도모두사정하버노벌레', 0.05103292060630322)]
[([[545, 1921], [2557, 1921], [2557, 2007], [545, 2007]], '이미암컷올임신시*지만 고미름영원하오눈앞컷어제행해서앉켓이몸울즐기 다시정액울주입하논벌레$', 0.0066767152629679085)]
[([[545, 1919], [2557, 1919], [2557, 2008], [545, 2008]], '@미암컷올임신시켜지만 고미름엉원하오눈앞컷어계향해서앞컷이몸울즐기 다시정@울주입하논벌레$', 0.002709584042714534)]
[([[545, 1919], [2557, 1919], [2557, 2008], [545, 2008]], '@미암컷올임신시켜지만 고미름엉원하오눈앞컷어제향해서앉컷이몸울즐기 다시정@울주입하논벌레$', 0.002621015960252719)]
[([[2218, 500], [2246, 500], [2246, 538], [2218, 538]], '<', 0.24326285363979938), ([[544, 1919], [2557, 1919], [2557, 2008], [544, 2008]], '이미암컷올임신*지만 고미름영원하오눈앞컷어제향해앉켓이몸슬즐-다시정액울주입하논벌레$', 0.0035637204254637535)]
[([[2218, 500], [2246, 500], [2246, 538], [2218, 538]], '<', 0.21408611381508535), ([[544, 1921], [2557, 1921], [2557, 2007], [544, 2007]], '이미암컷올임신껴지만 고미름영원하오눈앞컷어계행해서앉컷이몸울즐기 다시정액울주입하눈벌레$', 0.015444872193771306)]
[([[239, 1921], [2557, 1921], [2557, 2005], [239, 2005]], '이미임신하임어도 다른수컷음유록하여고마들아느암켓마도카장 ~자신적임신시켜러눈수컷의씨틀받기위해열심히영원중;$', 0.0019905016419766715)]
[([[239, 1921], [2559, 1921], [2559, 2006], [239, 2006]], '이미임신해임어도 다른수컷음유록하여고들아눈앞켓마도카장 ~자신올임신켜터눈수컷의씨틀받7위해열심히블원중;', 0.009158241353412177)]
[([[239, 1921], [2559, 1921], [2559, 2006], [239, 2006]], '이미임신해임어도 다른수컷음유록하여고들아눈앞켓마도가장 ~자신올임신시켜터눈수컷의씨틀받7위해열심히블원중;', 0.005418283276000892)]
[([[239, 1921], [2557, 1921], [2557, 2006], [239, 2006]], '이미임신하임어도 다른수컷음유록하여고마들아눈암켓마도카장 ~자신올임신사켜터는수컷의씨틀받7위해열심히운원중;', 0.00392105957664354)]
[([[253, 2566], [1868, 2566], [1868, 2645], [253, 2645]], '유이장어계가르 주엿다벌레외의고미실습~ 나는벌레의사정울돈기위해카하주있다', 0.017646082763805596)]
[([[239, 1921], [2557, 1921], [2557, 2006], [239, 2006]], '이미임신해임어도 다른수컷음유록하여고마들아눈앞켓마도카장 ~자신올임신사켜터는수컷의씨틀받7위해열심히운원중;', 0.004300814058564118)]
[([[178, 2562], [1905, 2562], [1905, 2643], [178, 2643]], '불어단비들시로보어주다사이중게함께출산하고 엉태햇년자식이같아서조금--두암컷$', 0.0604404027788001)]
[([[178, 2562], [1905, 2562], [1905, 2643], [178, 2643]], '불어단비들시로보어주다사이중게함께출산하고 엉태햇년자식이같아서조금--두암컷$', 0.06403968521334344)]
[([[178, 2562], [1899, 2562], [1899, 2643], [178, 2643]], '불어단비들시로보어주다사이중게함께출산하고 엉태햇던자식이같아서조금-기두암컷?', 0.03605798950779486)]
[([[178, 2562], [1907, 2562], [1907, 2643], [178, 2643]], '불어단비들시로보어주다사이중게함께출산하고 엉태햇년자식이같아서조금-두암컷 $', 0.04957626005292815)]
[([[633, 2231], [1885, 2231], [1885, 2315], [633, 2315]], '수업후 달으어서웃율갈아입눈사이 아기들어계스유하눈두앞컷 -', 0.0419751901370129)]
[([[633, 2231], [1885, 2231], [1885, 2315], [633, 2315]], '수업후 달으어서웃율갈아입눈사이 아기들어계스유하눈두암컷 -', 0.03613421818395013)]
[([[633, 2231], [1885, 2231], [1885, 2315], [633, 2315]], '수업후 달으어서웃율갈아입눈사이 아기들어계스유하눈두암컷 -', 0.04048047044969473)]
[([[1005, 2575], [1899, 2575], [1899, 2653], [1005, 2653]], '짝짓기중인암컷의적꼭지틀보고 다른수컷보다', 0.29273579524604804), ([[582, 2650], [1907, 2650], [1907, 2729], [582, 2729]], '먼저 이 암컷올임신시킬수 잇논 7회에필사적으로정액올짜나는벌레;', 0.04898427084536303)]
[([[1005, 2575], [1899, 2575], [1899, 2653], [1005, 2653]], '짝짓기중인암컷의적꾸지틀보고 다른수컷보다', 0.3413940267671888), ([[582, 2650], [1907, 2650], [1907, 2729], [582, 2729]], '먼저 이암컷올임신시킬수 잇눈 기회에필사적으로정액올짜나논벌레;', 0.016484096864253745)]
