2911391
50
[([[485, 130], [659, 130], [659, 214], [485, 214]], '아무리', 0.999991672117281), ([[2499, 143], [2606, 143], [2606, 212], [2499, 212]], '이제', 0.9996835761262104), ([[486, 231], [926, 231], [926, 333], [486, 333]], '초천재병약소녀인', 0.9413938132045376), ([[2499, 235], [2788, 235], [2788, 304], [2499, 304]], '에이미에계서', 0.5273568310309623), ([[2496, 322], [2699, 322], [2699, 397], [2496, 397]], '연락이 올', 0.9943988897850589), ([[488, 347], [850, 347], [850, 435], [488, 435]], '저라고 해도 ..', 0.7283239453761091), ([[2228, 437], [2460, 437], [2460, 512], [2228, 512]], '늦는군요 ..', 0.4074322382482815), ([[2498, 412], [2739, 412], [2739, 489], [2498, 489]], '시간일런데', 0.7853969690565199), ([[482, 453], [892, 453], [892, 550], [482, 550]], '현장조사눈 힘이', 0.2889023409570753), ([[486, 562], [846, 562], [846, 655], [486, 655]], '부치논 군요 .', 0.46445261497936335), ([[2742, 1846], [2880, 1846], [2880, 2016], [2742, 2016]], '기', 0.9521576789775885), ([[815.58828257073, 1265.1114087786705], [881.4559838405561, 1305.9593348683566], [791.41171742927, 1452.8885912213295], [724.5440161594439, 1412.0406651316434]], '출', 0.21741290976832772)]
[([[2447, 260], [2628, 260], [2628, 346], [2447, 346]], '머리에', 0.9950351363176887), ([[2447, 371], [2662, 371], [2662, 457], [2447, 457]], '직접 . !', 0.38833592428436475), ([[2744, 1846], [2880, 1846], [2880, 2016], [2744, 2016]], '기', 0.9405835945577543)]
[([[2238, 850], [2322, 850], [2322, 940], [2238, 940]], '0', 0.9918060759834226), ([[2739, 1846], [2880, 1846], [2880, 2019], [2739, 2019]], '기', 0.9664288828077225), ([[2535.5745643701885, 121.0045253988587], [2672.9799536301553, 91.02402215452906], [2782.4254356298115, 630.9954746011413], [2645.0200463698447, 660.9759778454709]], '1', 0.018618356505214706), ([[2132.13500926319, 578.0187139796951], [2270.7936572518765, 534.19607414781], [2357.86499073681, 848.9812860203049], [2220.2063427481235, 892.80392585219]], '요', 0.2727034728887965)]
[([[2012, 394], [2130, 394], [2130, 467], [2012, 467]], '품웃]', 0.08017579390571043), ([[2742, 1846], [2880, 1846], [2880, 2019], [2742, 2019]], '기', 0.9403534220296592), ([[1255.4794281574607, 170.11628302349382], [1362.3078816011694, 163.1739567461604], [1364.5205718425393, 254.88371697650618], [1256.6921183988306, 261.8260432538396]], '문앗', 0.03728627561186555)]
[([[2082, 408], [2168, 408], [2168, 487], [2082, 487]], '푸출', 0.18434661642381958), ([[2683, 37], [2804, 37], [2804, 795], [2683, 795]], '{', 0.15832193178654563), ([[2402, 922], [2491, 922], [2491, 1075], [2402, 1075]], '(', 0.21529042867831638), ([[2739, 1846], [2880, 1846], [2880, 2021], [2739, 2021]], '기', 0.584554184070799), ([[1217.4368188609294, 179.24259206358008], [1367.8012017451083, 137.10562515423942], [1384.5631811390706, 211.75740793641992], [1234.1987982548917, 252.89437484576058]], '표#%|', 0.052052855491638184), ([[2305.6327295360747, 396.00374726765796], [2437.0438386408932, 379.1164118921847], [2504.3672704639253, 921.996252732342], [2372.9561613591068, 939.8835881078153]], '응', 0.11614993317660893), ([[2421.4295020946147, 1134.0162866557603], [2499.7074557691826, 1126.373490598461], [2518.5704979053853, 1328.9837133442397], [2440.2925442308174, 1337.626509401539]], '새', 0.45498191533921784)]
[([[2101, 216], [2294, 216], [2294, 318], [2101, 318]], '(에혜혜', 0.2945463036625689), ([[2677, 231], [2810, 231], [2810, 321], [2677, 321]], '에헤', 0.5618505823600161), ([[2391, 305], [2520, 305], [2520, 389], [2391, 389]], '에혜', 0.2928726690321676), ([[1323, 363], [1405, 363], [1405, 440], [1323, 440]], '월', 0.04104369370583427), ([[1982, 419], [2069, 419], [2069, 474], [1982, 474]], '월', 0.2193767852935622), ([[2739, 1846], [2880, 1846], [2880, 2019], [2739, 2019]], '기', 0.9689449730047137)]
[([[2607, 152], [2783, 152], [2783, 238], [2607, 238]], '우후후', 0.998746930247601), ([[2323, 455], [2550, 455], [2550, 548], [2323, 548]], '그렇군요', 0.43072056770324707), ([[2742, 1844], [2880, 1844], [2880, 2016], [2742, 2016]], '기', 0.8570590038266914)]
[([[2359, 156], [2712, 156], [2712, 257], [2359, 257]], '저논 당신과', 0.6856779820298704), ([[2358, 280], [2692, 280], [2692, 381], [2358, 381]], '교미 하기', 0.4719317625186921), ([[2356, 405], [2768, 405], [2768, 505], [2356, 505]], '위해서 여기에', 0.7441924382332908), ([[2356, 529], [2791, 529], [2791, 631], [2356, 631]], '온거워군요 .. 0', 0.24783238067307523), ([[2739, 1848], [2880, 1848], [2880, 2021], [2739, 2021]], '기', 0.9415042193245995)]
[([[976, 184], [1231, 184], [1231, 268], [976, 268]], '자아 ,,0', 0.5259791953835761), ([[660, 417], [860, 417], [860, 521], [660, 521]], '마음껏', 0.9320526509633246), ([[1889, 469], [1987, 469], [1987, 518], [1889, 518]], '허;대}.', 0.023351268729109934), ([[660, 541], [984, 541], [984, 642], [660, 642]], '해주시기틀', 0.772152448419118), ([[1796, 556], [1895, 556], [1895, 609], [1796, 609]], '하;반', 0.03098960207750005), ([[1099, 1468], [1276, 1468], [1276, 1591], [1099, 1591]], '질적', 0.21259169521733176), ([[990.5733745940028, 1857.197585023417], [1162.2925338148088, 1821.0883664068567], [1180.4266254059971, 1947.802414976583], [1008.707466185191, 1983.9116335931433]], '질쩍', 0.1582773908656983)]
[([[639, 83], [864, 83], [864, 193], [639, 193]], '하지만', 0.9997147925136886), ([[636, 218], [915, 218], [915, 333], [636, 333]], '걱정하실', 0.9993810057640076), ([[2221, 315], [2563, 315], [2563, 419], [2221, 419]], '수컷의 씨틀', 0.6533970096554853), ([[640, 361], [851, 361], [851, 464], [640, 464]], '필요는', 0.9704054505791087), ([[2221, 439], [2667, 439], [2667, 543], [2221, 543]], '받아들이는것은', 0.41036876224465335), ([[636, 490], [922, 490], [922, 603], [636, 603]], '없습니다', 0.8264747262001038), ([[2218, 559], [2768, 559], [2768, 671], [2218, 671]], '이 천재병약미소녀', 0.7750828907352866), ([[2224, 689], [2620, 689], [2620, 788], [2224, 788]], '해커라고해도', 0.975606366427441), ([[2218, 810], [2487, 810], [2487, 919], [2218, 919]], '처음. .. 0', 0.6755266281089407), ([[1489.8969246481358, 1849.171240353628], [1713.1274228535588, 1826.2783587838908], [1717.1030753518642, 1935.828759646372], [1493.8725771464412, 1958.7216412161092]], "'#브음0", 0.1121745625326862)]
[([[245, 47], [337, 47], [337, 142], [245, 142]], '자,', 0.9532484345751394), ([[634, 98], [846, 98], [846, 184], [634, 184]], '걱정하실', 0.9984712600708008), ([[885, 75], [1043, 75], [1043, 174], [885, 174]], '후후.', 0.3801867088229503), ([[242, 159], [484, 159], [484, 252], [242, 252]], '좋플대로', 0.3681636154651642), ([[635, 203], [750, 203], [750, 282], [635, 282]], '필요', 0.9997680316267773), ([[242, 274], [486, 274], [486, 367], [242, 367]], '하시기틀', 0.7481654286384583), ([[636, 299], [848, 299], [848, 385], [636, 385]], '없습니다', 0.825507402420044), ([[1425, 399], [1542, 399], [1542, 480], [1425, 480]], '#름이', 0.06003149530868224), ([[1808, 503], [1935, 503], [1935, 587], [1808, 587]], '#름9', 0.16938858540839194), ([[1293, 1617], [1417, 1617], [1417, 1701], [1293, 1701]], '프보옷', 0.6013335627027754)]
[([[969, 132], [1143, 132], [1143, 220], [969, 220]], '음 ?', 0.7890149851659004), ([[634, 409], [936, 409], [936, 519], [634, 519]], '이 소리는', 0.49184977315991063), ([[640, 547], [914, 547], [914, 647], [640, 647]], '뭐조 ,?', 0.9556609442821817), ([[2742, 1846], [2880, 1846], [2880, 2019], [2742, 2019]], '기', 0.8699395899924554), ([[2394.0917597263497, 228.01964967867983], [2866.841835349795, 332.4274722057785], [2818.9082402736503, 500.9803503213202], [2347.158164650205, 396.5725277942215]], '부우우응', 0.6093892482155874), ([[815.3840924008907, 1264.1314214482966], [884.3818119026987, 1306.5460812961892], [790.6159075991093, 1454.8685785517034], [721.6181880973013, 1412.4539187038108]], '줄', 0.029489589903622715)]
[([[868, 234], [976, 234], [976, 612], [868, 612]], '흙', 0.0111391397944125), ([[1490.0201010126777, 1851.1407070887437], [1701.3330664512625, 1825.7804133430404], [1706.9798989873223, 1948.8592929112563], [1496.6669335487375, 1974.2195866569596]], '프부옷', 0.40233269228095575)]
[([[1861, 458], [2002, 458], [2002, 542], [1861, 542]], "'후우0", 0.751082718372345), ([[1782.024835732059, 587.2844414890011], [1888.696134298447, 574.9313326439664], [1892.975164267941, 634.7155585109989], [1786.303865701553, 648.0686673560336]], '중우어', 0.019581795714539683), ([[1242.07585539279, 1497.1868625032284], [1439.87379080129, 1481.3895947233523], [1440.92414460721, 1567.8131374967716], [1243.12620919871, 1583.6104052766477]], '떠어]', 0.06034501444009787)]
[([[1871, 471], [1924, 471], [1924, 513], [1871, 513]], '아:', 0.5903916717466524), ([[1749, 570], [1803, 570], [1803, 610], [1749, 610]], '@', 0.3531743204243618), ([[1284.8470368745277, 1444.3881474981106], [1491.1744724792932, 1400.9080218878134], [1506.1529631254723, 1509.6118525018894], [1299.8255275207068, 1553.0919781121866]], '질객 0', 0.23938904702663422), ([[1555.9036866264137, 1602.0501842279098], [1763.5361717620583, 1635.6959508060124], [1742.0963133735863, 1734.9498157720902], [1534.4638282379417, 1701.3040491939876]], '질껍0', 0.16897516236464424), ([[1058.3696162031142, 1833.2176972186858], [1251.9430580621013, 1787.3274047337586], [1274.6303837968858, 1924.7823027813142], [1080.0569419378987, 1970.6725952662414]], '질객', 0.23870730427790954)]
[([[208, 120], [345, 120], [345, 221], [208, 221]], '이건', 0.9823490211776421), ([[916, 118], [1013, 118], [1013, 221], [916, 221]], '하', 0.9988295882338072), ([[205, 246], [543, 246], [543, 350], [205, 350]], '굉장하군요', 0.9988233220875199), ([[946, 226], [1043, 226], [1043, 336], [946, 336]], '양', 0.9788477845834365), ([[1307, 466], [1414, 466], [1414, 514], [1307, 514]], '하아)', 0.62243943677605), ([[1343, 1581], [1534, 1581], [1534, 1696], [1343, 1696]], '표빛', 0.09550317517968163), ([[750.3987816049289, 317.02586661717544], [805.9162067963837, 310.2673815262193], [821.6012183950711, 446.97413338282456], [765.0837932036163, 453.7326184737807]], '옷', 0.9763206281026306), ([[1361.2111456180003, 388.4222912360003], [1464.6227609062337, 378.30423957580547], [1466.7888543819997, 415.5777087639997], [1363.3772390937663, 425.69576042419453]], '하아0', 0.1489629471929177), ([[1865.405095554342, 465.33171977498705], [1968.644088639446, 457.3505704053034], [1970.594904445658, 495.66828022501295], [1866.355911360554, 503.6494295946966]], '하아9', 0.9277108231489238), ([[1805.2111456180003, 548.4222912360003], [1910.6072641148985, 537.2715192782778], [1912.7888543819997, 575.5777087639997], [1807.3927358851015, 586.7284807217222]], '하아9', 0.4432824953303506), ([[1082.8485639152166, 1899.1550910149947], [1264.643239046049, 1865.4301626025442], [1280.1514360847834, 1997.8449089850053], [1098.356760953951, 2030.5698373974558]], '표위', 0.21013365934718428)]
[([[694, 77], [1029, 77], [1029, 179], [694, 179]], '더 격렬하게', 0.21331055810783706), ([[689, 201], [1074, 201], [1074, 305], [689, 305]], '움직여주세요', 0.9946200627495906), ([[1240, 448], [1342, 448], [1342, 505], [1240, 505]], '후웃0', 0.013906231515128705), ([[1909, 439], [2043, 439], [2043, 520], [1909, 520]], '후유0', 0.334189973255632), ([[1831, 562], [1933, 562], [1933, 623], [1831, 623]], '후유', 0.2946897091691843), ([[1318.368365967104, 333.1681566420992], [1451.7935907056105, 323.7754141830657], [1453.631634032896, 396.8318433579008], [1319.2064092943895, 406.2245858169343]], '후유0', 0.6366268065929407)]
[([[808, 108], [859, 108], [859, 175], [808, 175]], '0', 0.6251776442948102), ([[824, 203], [877, 203], [877, 325], [824, 325]], '음', 0.9109761893337378), ([[1421, 398], [1546, 398], [1546, 484], [1421, 484]], '춤름9', 0.13531588040777037), ([[1814, 507], [1934, 507], [1934, 586], [1814, 586]], '초름0', 0.07817459165838678), ([[1758, 1626], [1794, 1626], [1794, 1683], [1758, 1683]], '1', 0.7672865902471848), ([[1222.4456572971349, 1585.427194918253], [1454.4186484573006, 1530.273003166003], [1474.5543427028651, 1655.572805081747], [1242.5813515426994, 1710.726996833997]], '질적 !', 0.2533131165732997), ([[1573.3631404227451, 1647.2335863673727], [1752.0753333774906, 1603.887499951297], [1773.6368595772549, 1732.7664136326273], [1595.9246666225094, 1776.112500048703]], '질떡', 0.09753387934152061), ([[1049.5256920904094, 1834.4079067797195], [1281.4736679717557, 1780.3379638132583], [1300.4743079095906, 1905.5920932202805], [1068.5263320282443, 1959.6620361867417]], '질적 !', 0.2410291050589932), ([[1632.4513962523854, 1877.2180982638347], [1815.4228192739695, 1836.212746485682], [1834.5486037476146, 1964.7819017361653], [1651.5771807260305, 2005.787253514318]], "질떼'", 0.10879787255572584)]
[([[1846, 456], [1942, 456], [1942, 520], [1846, 520]], '주름0', 0.07010111957788467), ([[1229, 1507], [1397, 1507], [1397, 1656], [1229, 1656]], '꾸물', 0.9979526989954581), ([[977, 1790], [1117, 1790], [1117, 1915], [977, 1915]], '꾸물', 0.9743822968530929), ([[758.500623830561, 249.01247661122156], [834.9441639658132, 238.19080908157898], [863.499376169439, 468.98752338877847], [787.0558360341868, 479.80919091842105]], '인', 0.7493786074364017), ([[1564.8800042399873, 439.60800678397965], [1611.4855627054164, 401.28609323645895], [1631.1199957600127, 430.39199321602035], [1584.5144372945836, 468.71390676354105]], '0', 0.4309671830856274), ([[1486.2051046034558, 426.3332719689847], [1578.1521478166983, 415.2143818444935], [1581.7948953965442, 461.6667280310153], [1490.8478521833017, 473.7856181555065]], '레로.', 0.325627350692615), ([[1556.401330583257, 1865.0915760743364], [1695.6424924668056, 1851.8500079296782], [1700.598669416743, 1979.9084239256636], [1562.3575075331944, 1992.1499920703218]], '꾸물', 0.618216747714636)]
[([[754, 36], [809, 36], [809, 143], [754, 143]], '우', 0.9993489848501582), ([[766, 145], [826, 145], [826, 232], [766, 232]], '으', 0.2564484346238629), ([[778, 242], [839, 242], [839, 326], [778, 326]], '으', 0.3294211940422578), ([[790, 333], [854, 333], [854, 458], [790, 458]], '음', 0.576967867711975), ([[1546.8969246481358, 1723.171240353628], [1720.1171694739971, 1699.836490838223], [1728.1030753518642, 1809.828759646372], [1554.8828305260029, 1833.163509161777]], '북릇!', 0.08554269815749461), ([[1083.6466063783419, 1842.233031891709], [1344.5944686703913, 1810.3646443242599], [1349.3533936216581, 1915.766968108291], [1088.4055313296087, 1946.6353556757401]], '부르로로치!', 0.08420953951902993)]
[([[498, 145], [685, 145], [685, 242], [498, 242]], '굉장히', 0.9996118341877142), ([[835, 133], [1103, 133], [1103, 237], [835, 237]], '뱃속이 .', 0.573097750077406), ([[500, 259], [748, 259], [748, 356], [500, 356]], '따뜻해요', 0.9980301260948181), ([[1421, 395], [1546, 395], [1546, 481], [1421, 481]], '#름어', 0.16460602475389774), ([[1809, 507], [1932, 507], [1932, 584], [1809, 584]], '"롭9', 0.06114067265270899), ([[1639, 1580], [1738, 1580], [1738, 1693], [1639, 1693]], '척', 0.12981901392166506), ([[1213.2814893358777, 1402.2326381480905], [1377.169998169157, 1352.888511389714], [1408.7185106641223, 1491.7673618519095], [1244.830001830843, 1542.111488610286]], '울척', 0.2872016548288016), ([[1592.5137993254475, 1564.0197317030033], [1642.5922283069067, 1577.1941810488681], [1611.4862006745525, 1698.9802682969967], [1561.4077716930933, 1685.8058189511319]], '울', 0.9824463051159036)]
[([[1259, 348], [1317, 348], [1317, 390], [1259, 390]], '아', 0.9483182547048195), ([[1117, 458], [1179, 458], [1179, 502], [1117, 502]], '아', 0.9162252040889349), ([[1952, 465], [2012, 465], [2012, 507], [1952, 507]], '아', 0.972098446769909), ([[1809, 572], [1873, 572], [1873, 622], [1809, 622]], '아', 0.9997048595792535), ([[935.8890390417811, 1520.6671171253433], [1178.2889449751303, 1462.0540820984143], [1198.1109609582188, 1575.3328828746567], [955.7110550248697, 1633.9459179015857]], '프보옷.', 0.4917849600315094), ([[1537.088111800167, 1749.6555242204847], [1748.521534579017, 1700.6965501808677], [1764.911888199833, 1801.3444757795153], [1553.478465420983, 1850.3034498191323]], '곧처염 ', 0.11794893443584442)]
[([[2527, 147], [2665, 147], [2665, 228], [2527, 228]], '호오', 0.9830489493862611), ([[2187, 405], [2432, 405], [2432, 515], [2187, 515]], '매우근', 0.5144531301531848), ([[2187, 540], [2475, 540], [2475, 650], [2187, 650]], '파리군요', 0.9902828931808472), ([[2238, 686], [2326, 686], [2326, 774], [2238, 774]], ',?', 0.4583073653840219), ([[2739, 1846], [2880, 1846], [2880, 2019], [2739, 2019]], '기', 0.9649699344722116), ([[590.0606863952194, 489.020061648133], [1063.755599307428, 588.7298472857311], [1015.9393136047806, 766.979938351867], [541.2444006925721, 667.2701527142689]], '부우우용_', 0.8303865988846247), ([[261.69590699772453, 1168.2193024829342], [802.8218892454241, 1082.8014283721232], [817.3040930022754, 1292.7806975170658], [276.17811075457587, 1377.1985716278768]], '부우우용', 0.7405908703804016)]
[([[1000, 158], [1142, 158], [1142, 260], [1000, 260]], '후후;', 0.6951906947501267), ([[1298, 399], [1485, 399], [1485, 484], [1298, 484]], '하아9', 0.4924348355618425), ([[628, 482], [1018, 482], [1018, 586], [628, 586]], '만족하석나요', 0.6008600896186362), ([[1816.0129971978583, 510.2506890716476], [1994.2675850277228, 496.65601915902323], [1994.9870028021417, 564.7493109283523], [1816.7324149722772, 578.3439808409768]], "'하아0", 0.35065701603889465), ([[1171.2057467613226, 1566.1076981189779], [1360.7695211872133, 1549.7006252347946], [1363.7942532386774, 1678.8923018810221], [1175.2304788127867, 1696.2993747652054]], '분료유드', 0.03479945659637451), ([[1564.1251494559804, 1794.1261059742556], [1747.1230202992824, 1776.4983284336695], [1750.8748505440196, 1895.8738940257444], [1567.8769797007176, 1913.5016715663305]], '도쫓0', 0.5594698428066698)]
[([[384, 60], [893, 60], [893, 173], [384, 173]], '밀레니업 최고의', 0.9491568775752758), ([[391, 195], [877, 195], [877, 310], [391, 310]], '초천재미소녀인', 0.9669617986477925), ([[389, 337], [909, 337], [909, 447], [389, 447]], '저에게 이뤄게나', 0.4918388056411433), ([[391, 472], [841, 472], [841, 585], [391, 585]], '많은 유전자지', 0.4122462911512004), ([[387, 609], [877, 609], [877, 720], [387, 720]], '쏟아내다니 .. 0', 0.3545996055161519), ([[1640, 1721], [1800, 1721], [1800, 1838], [1640, 1838]], '뜻-', 0.2595604859324437), ([[1781, 1758], [1843, 1758], [1843, 1798], [1781, 1798]], '<<', 0.31813422223175863), ([[1224, 1800], [1415, 1800], [1415, 1912], [1224, 1912]], '도곳 ~', 0.10568223148584366)]
[([[459, 49], [742, 49], [742, 157], [459, 157]], '그렇게나', 0.5804072618484497), ([[454, 180], [830, 180], [830, 297], [454, 297]], '저의 월등하', 0.31743137033735846), ([[452, 319], [972, 319], [972, 432], [452, 432]], '유전자와 교배름', 0.7055123286319057), ([[452, 456], [821, 456], [821, 571], [452, 571]], '하고 싶없던', 0.20602775144111293), ([[454, 596], [798, 596], [798, 704], [454, 704]], '거군요 .0', 0.4288089265559524), ([[1539.1539042094366, 1284.5386647330286], [1738.8358345537686, 1227.0372514519893], [1764.8460957905634, 1346.4613352669714], [1564.1641654462314, 1403.9627485480107]], '품얼록야', 0.03153693675994873)]
[([[2329, 72], [2841, 72], [2841, 229], [2329, 229]], '몇시간 후', 0.8801623462900189)]
[([[167, 42], [343, 42], [343, 131], [167, 131]], '당신과', 0.9999474174914434), ([[897, 92], [1033, 92], [1033, 184], [897, 184]], '후후;', 0.9019775032811589), ([[169, 149], [456, 149], [456, 228], [169, 228]], '저의 아기가', 0.998572806251447), ([[166, 251], [506, 251], [506, 335], [166, 335]], '벌써 이렇게나', 0.6376981650651502), ([[620, 230], [865, 230], [865, 315], [620, 315]], '보세요 ,', 0.34182489735246163), ([[168, 350], [506, 350], [506, 439], [168, 439]], '속속 자랑어요', 0.3676745878023877), ([[1223, 1127], [1321, 1127], [1321, 1213], [1223, 1213]], '무근.', 0.3465180286429275), ([[1676, 1205], [1773, 1205], [1773, 1289], [1676, 1289]], '두근', 0.4682509068676462), ([[1490, 1454], [1581, 1454], [1581, 1509], [1490, 1509]], '도그', 0.22061624824838588), ([[1484, 1495], [1571, 1495], [1571, 1537], [1484, 1537]], '7루', 0.028251423413911673)]
[([[456, 159], [906, 159], [906, 267], [456, 267]], '밀레니임최고의', 0.9378477292353583), ([[461, 282], [984, 282], [984, 394], [461, 394]], '초천재병약미소녀', 0.9466019395025874), ([[456, 411], [804, 411], [804, 516], [456, 516]], '해커의 피틀', 0.47782820645982643), ([[457, 538], [721, 538], [721, 642], [457, 642]], '물러받은', 0.5928328633308411), ([[462, 664], [919, 664], [919, 761], [462, 761]], '아이합니다 ... 0', 0.2214086105783917)]
[([[832, 132], [1008, 132], [1008, 220], [832, 220]], '음 ?', 0.7988100051879883), ([[1223, 1131], [1332, 1131], [1332, 1217], [1223, 1217]], '"움질', 0.4195609592726204), ([[1156, 1262], [1298, 1262], [1298, 1394], [1156, 1394]], '움질', 0.47073116257689135)]
[([[818, 71], [1001, 71], [1001, 164], [818, 164]], '이것이', 0.974175532100169), ([[817, 182], [1115, 182], [1115, 281], [817, 281]], '진통이라고', 0.8510961317876761), ([[430, 286], [622, 286], [622, 383], [430, 383]], '마침내', 0.998974621295929), ([[818, 299], [1114, 299], [1114, 391], [818, 391]], '하느건가요', 0.9319979188560543), ([[431, 404], [785, 404], [785, 497], [431, 497]], '태어나는군요', 0.5964680095338125), ([[824, 421], [939, 421], [939, 494], [824, 494]], ',?', 0.292989686081636), ([[1783, 1222], [1909, 1222], [1909, 1326], [1783, 1326]], '농', 0.08015344483796127), ([[1100, 1345], [1219, 1345], [1219, 1462], [1100, 1462]], '도문', 0.5359595783700494), ([[1728, 1350], [1881, 1350], [1881, 1467], [1728, 1467]], '도론', 0.16151607984317587), ([[1154, 1453], [1291, 1453], [1291, 1597], [1154, 1597]], '오', 0.8785484350392068)]
[([[282, 90], [431, 90], [431, 165], [282, 165]], '아이름', 0.7817543271172175), ([[819, 99], [1065, 99], [1065, 179], [819, 179]], '걱정하실 것', 0.9974610970414077), ([[284, 180], [442, 180], [442, 257], [284, 257]], '낭는 것', 0.2516463843603036), ([[824, 192], [1097, 192], [1097, 267], [824, 267]], '없답니다 . ?', 0.8491006539539752), ([[284, 273], [480, 273], [480, 348], [284, 348]], '좀이야..', 0.48349745189718674), ([[518, 313], [843, 313], [843, 393], [518, 393]], '초천재미소녀인', 0.8578908487256672), ([[516, 410], [867, 410], [867, 485], [516, 485]], '저에게 있어서..', 0.5192311342244017), ([[1138.5808073078863, 1766.2106016549517], [1375.4903762848467, 1729.0017968997636], [1385.4191926921137, 1850.7893983450483], [1148.5096237151533, 1886.9982031002364]], '뜨요웃0', 0.03489707410335541)]
[([[1041, 1], [1107, 1], [1107, 113], [1041, 113]], '으', 0.7407381264350796), ([[1050, 116], [1118, 116], [1118, 218], [1050, 218]], '으', 0.30321732676842217), ([[879, 456], [947, 456], [947, 527], [879, 527]], '하', 0.9998498019354543), ([[904, 537], [968, 537], [968, 601], [904, 601]], '아', 0.9997776870321253), ([[1574, 1737], [1859, 1737], [1859, 1865], [1574, 1865]], "'똑옷0", 0.021243218332529068)]
[([[2684, 125], [2819, 125], [2819, 218], [2684, 218]], '후후;', 0.5873616538761202), ([[2211, 294], [2657, 294], [2657, 399], [2211, 399]], '초천재병약미소녀', 0.8886177084053661), ([[2209, 411], [2502, 411], [2502, 499], [2209, 499]], '해커에계는', 0.32471458942083115), ([[2209, 521], [2612, 521], [2612, 607], [2209, 607]], '이정도로 무서워', 0.9426420231633674), ([[2209, 629], [2648, 629], [2648, 720], [2209, 720]], '하지않습니다...', 0.30198182725284073), ([[2744, 1848], [2880, 1848], [2880, 2016], [2744, 2016]], '기', 0.9071911615721184)]
[([[797, 117], [854, 117], [854, 193], [797, 193]], '0', 0.6105102798381271), ([[1241, 1694], [1398, 1694], [1398, 1831], [1241, 1831]], '움필', 0.23125137139504132), ([[1606, 1797], [1719, 1797], [1719, 1885], [1606, 1885]], '움질', 0.8207961859557955), ([[795.6268770875553, 219.0077378100831], [861.3606490996616, 212.10344819451998], [885.3731229124447, 477.99226218991686], [819.6393509003384, 484.89655180548004]], '@', 0.12451167550131004)]
[([[346, 94], [533, 94], [533, 187], [346, 187]], '쉽지논', 0.26977607822983235), ([[843, 85], [972, 85], [972, 173], [843, 173]], '이건,', 0.6902726568145365), ([[347, 205], [543, 205], [543, 302], [347, 302]], '암 ..', 0.4279065728187561), ([[125, 348], [322, 348], [322, 436], [125, 436]], '군요  !', 0.985338815883697), ([[645, 353], [841, 353], [841, 439], [645, 439]], '꽤나  , ,', 0.07659412976576949), ([[1298, 397], [1486, 397], [1486, 484], [1298, 484]], '하아9', 0.5826163317777311), ([[1154, 1690], [1295, 1690], [1295, 1824], [1154, 1824]], '품품', 0.13799367581733823), ([[1856.261372548126, 503.21935293769167], [2032.3966808403418, 490.15703073762586], [2032.738627451874, 555.7806470623083], [1857.6033191596582, 567.8429692623741]], '하아0', 0.30950812095887964), ([[1273.4275212228624, 1756.4565127337173], [1363.642473191047, 1737.5796706598123], [1368.5724787771376, 1765.5434872662827], [1278.357526808953, 1783.4203293401877]], '000', 0.39889473791348923), ([[1576.9398964660397, 1818.6016583379314], [1792.4001027376953, 1761.627814393356], [1815.0601035339603, 1878.3983416620686], [1599.5998972623047, 1935.372185606644]], '표물6', 0.07710642371240109)]
[([[850, 89], [1055, 89], [1055, 175], [850, 175]], '그래도', 0.9999350289962269), ([[573, 184], [828, 184], [828, 274], [573, 274]], '이 아이틀', 0.44861766513076284), ([[571, 299], [875, 299], [875, 391], [571, 391]], '위해서라면', 0.9996442414537083), ([[1651, 1818], [1822, 1818], [1822, 1952], [1651, 1952]], '품월', 0.11595379009344169), ([[1100.1841843703344, 1715.110311836742], [1275.4214698498472, 1698.2763162089138], [1279.8158156296656, 1826.889688163258], [1104.5785301501528, 1843.7236837910862]], '품~]', 0.005196788658869334)]
[([[2427, 20], [2535, 20], [2535, 531], [2427, 531]], '응', 0.047925728217567354), ([[930, 601], [1027, 601], [1027, 759], [930, 759]], '욕', 0.10246916755990298), ([[1045, 1616], [1323, 1616], [1323, 1738], [1045, 1738]], '똑요옷*', 0.022011637687683105), ([[796.6867367958306, -2.9955384663468614], [877.3760957700867, -16.993568664074594], [943.3132632041694, 369.9955384663469], [863.6239042299133, 384.9935686640746]], '호', 0.47179642715491354), ([[872.4153293554391, 365.01425178650123], [957.8842814333601, 348.1488615112347], [1000.5846706445609, 593.9857482134987], [916.1157185666399, 610.8511384887653]], '으', 0.49767803335152294), ([[2445.3947108759676, 544.0152753441588], [2537.5889710655024, 558.9707697056069], [2504.6052891240324, 765.9847246558412], [2411.4110289344976, 751.0292302943931]], '7', 0.08825616059207064), ([[1650.200573707924, 1882.362180090111], [1905.7082284285136, 1845.8279307062066], [1912.799426292076, 1941.637819909889], [1657.2917715714864, 1978.1720692937934]], '흔처-', 0.04628462259669558)]
[([[2078, 498], [2259, 498], [2259, 579], [2078, 579]], '하이@', 0.5437864192415777), ([[1976, 636], [2157, 636], [2157, 722], [1976, 722]], '하이', 0.7371125235214819), ([[1197.964053605763, 374.2634037018988], [1375.1995764426094, 358.5120064439532], [1377.035946394237, 427.7365962981012], [1199.8004235573906, 443.4879935560468]], "힘'@0", 0.022205732762813568), ([[1104.0597149997093, 526.2388599988374], [1279.2610163262345, 513.6417799491165], [1279.9402850002907, 581.7611400011626], [1104.7389836737655, 594.3582200508835]], '힘아0', 0.05812351487876549), ([[1576.1251494559804, 1849.1261059742556], [1745.5129468922084, 1828.7545715274196], [1752.8748505440196, 1950.8738940257444], [1583.4870531077916, 1971.2454284725804]], '철퍽', 0.7623368351749203)]
[([[768, 228], [919, 228], [919, 651], [768, 651]], '휴', 0.10524424030692447), ([[1194, 1702], [1359, 1702], [1359, 1852], [1194, 1852]], '움질', 0.6343989303423009), ([[1627, 1819], [1760, 1819], [1760, 1920], [1627, 1920]], '움질', 0.9035516275657323)]
[([[2404, 303], [2543, 303], [2543, 400], [2404, 400]], '오오', 0.7780134498134329), ([[1135, 535], [1195, 535], [1195, 612], [1135, 612]], '0', 0.9993464822716511), ([[1045, 1641], [1297, 1641], [1297, 1765], [1045, 1765]], '똑요옷*', 0.029694966971874237), ([[953.5896192381255, 150.00601602007907], [1047.3348324258457, 111.00400459965057], [1203.4103807618744, 518.9939839799209], [1108.6651675741543, 556.9959954003494]], '뭐', 0.018376337440785484), ([[2336.873814987257, 147.04887235345612], [2574.4502700648227, 178.25957551700606], [2554.126185012743, 287.95112764654385], [2316.5497299351773, 255.74042448299394]], '아직도', 0.9667799080423891), ([[2382.61860725932, 499.0121339713253], [2431.8491286164663, 508.7196149641495], [2399.38139274068, 667.9878660286747], [2351.1508713835337, 658.2803850358505]], '축', 0.09599210505325662), ([[1637.5433118837507, 1907.8582797093768], [1899.2460412724056, 1855.7535099260335], [1912.4566881162493, 1955.1417202906232], [1650.7539587275944, 2007.2464900739665]], '흔처- <<', 0.09030921141504214)]
[([[1622, 1764], [1759, 1764], [1759, 1896], [1622, 1896]], '품물', 0.24224684403084615), ([[1109.1736368240006, 1713.1196398624045], [1300.0108003775922, 1692.3534819120748], [1305.8263631759994, 1816.8803601375955], [1114.9891996224078, 1837.6465180879252]], '품소록', 0.018483700510061638), ([[1278.4392624013421, 1755.9271148816106], [1373.5433261411206, 1741.1439720213177], [1377.5607375986579, 1774.0728851183894], [1282.4566738588794, 1788.8560279786823]], '000', 0.9963914569679811), ([[1739.4275212228624, 1833.4565127337173], [1831.6497705911065, 1814.5933316615112], [1836.5724787771376, 1842.5434872662827], [1745.3502294088935, 1860.4066683384888]], '0 < <', 0.34008873983874205)]
[([[348, 22], [596, 22], [596, 115], [348, 115]], '마침내  ..', 0.5126543177079637), ([[1005, 44], [1163, 44], [1163, 130], [1005, 130]], '하아,', 0.4778582193369948), ([[346, 141], [470, 141], [470, 229], [346, 229]], '전부', 0.9999758920877662), ([[2330, 71], [2835, 71], [2835, 223], [2330, 223]], '수십분 후', 0.7691463310754169), ([[818, 193], [999, 193], [999, 277], [818, 277]], '하아;,', 0.7282434701919556), ([[346, 254], [648, 254], [648, 346], [346, 346]], '끝낫어요 ..', 0.547048206787114), ([[1131.099936501919, 1775.1295364640089], [1298.4098410839183, 1753.6386321187786], [1306.900063498081, 1875.8704635359911], [1138.5901589160817, 1897.3613678812214]], '철퍽', 0.3251150785127661)]
[([[866, 84], [1106, 84], [1106, 184], [866, 184]], '밀레니업', 0.9126747846603394), ([[2555, 114], [2691, 114], [2691, 207], [2555, 207]], '후후;', 0.722939072791557), ([[330, 146], [628, 146], [628, 238], [330, 238]], '불가능이관', 0.43170100075829004), ([[686, 213], [819, 213], [819, 306], [686, 306]], '천재', 0.9252868911978708), ([[870, 200], [1120, 200], [1120, 290], [870, 290]], '최고의  ,,', 0.4644375050290591), ([[331, 259], [572, 259], [572, 356], [331, 356]], '없습나다', 0.7500805854797363), ([[686, 332], [875, 332], [875, 421], [686, 421]], '에거는', 0.2345042780783487), ([[2144, 382], [2520, 382], [2520, 472], [2144, 472]], '제대로 무사히', 0.985011519090151), ([[2154, 496], [2465, 496], [2465, 593], [2154, 593]], '당앞답니다', 0.16136619833263563)]
[([[927, 147], [1146, 147], [1146, 224], [927, 224]], '그러나 .', 0.8903810344171963), ([[569, 224], [792, 224], [792, 308], [569, 308]], '이렇게나', 0.4608035683631897), ([[569, 326], [904, 326], [904, 412], [569, 412]], '커다란 생물이', 0.9270443322924768), ([[56, 400], [414, 400], [414, 488], [56, 488]], '초현상특무부의', 0.9741753987823818), ([[567, 426], [895, 426], [895, 518], [567, 518]], '출돌하는 것은', 0.5623278880198425), ([[54, 507], [316, 507], [316, 588], [54, 588]], '부장으로서', 0.9980194935794332), ([[569, 533], [832, 533], [832, 619], [569, 619]], '비정상적인', 0.9723703668935499), ([[51, 605], [436, 605], [436, 695], [51, 695]], '이런 이상현상올', 0.6455159861840166), ([[569, 632], [893, 632], [893, 720], [569, 720]], '상황이군요 ..', 0.5874288626951588), ([[50, 707], [461, 707], [461, 797], [50, 797]], '간과할 수없조 ..', 0.5625482836866155), ([[2742, 1846], [2880, 1846], [2880, 2014], [2742, 2014]], '기', 0.915155651810867)]
[([[253, 50], [739, 50], [739, 152], [253, 152]], '밀레니업의 청초한', 0.5564182072555902), ([[251, 167], [635, 167], [635, 267], [251, 267]], '절벽의 꽂이자;', 0.3348599494659341), ([[255, 284], [935, 284], [935, 381], [255, 381]], '모두가 동경하는 <전지>의', 0.6971003233301646), ([[257, 396], [883, 396], [883, 496], [257, 496]], '학위틀 가진 미목수려한', 0.40247304202044676), ([[255, 511], [935, 511], [935, 612], [255, 612]], '저의 유전자흘 물려받다니', 0.6140125069882091), ([[255, 626], [750, 626], [750, 725], [255, 725]], '당신은 정말 행복한', 0.7012751210908327), ([[256, 744], [675, 744], [675, 837], [256, 837]], '사람이네요 .. 0', 0.6570991077239683)]
[([[1302, 398], [1388, 398], [1388, 486], [1302, 486]], '취립', 0.034299131425344624), ([[2744, 1846], [2880, 1846], [2880, 2014], [2744, 2014]], '기', 0.9086341823662316)]
[([[2744, 1846], [2880, 1846], [2880, 2016], [2744, 2016]], '기', 0.9408045450579863), ([[1247.7095603064831, 177.29632916463618], [1374.6182039633593, 151.9008708572964], [1386.2904396935169, 232.70367083536382], [1259.3817960366407, 258.0991291427036]], '소학', 0.00875024162986269)]
[([[2484, 156], [2692, 156], [2692, 235], [2484, 235]], '대체, ,,', 0.6804702804058637), ([[1399, 348], [1489, 348], [1489, 434], [1399, 434]], '소욕', 0.5351400158435111), ([[2209, 377], [2335, 377], [2335, 470], [2209, 470]], '무슨;', 0.5463841898000187), ([[2209, 490], [2459, 490], [2459, 576], [2209, 576]], '짓으을 . .', 0.21168103791211465), ([[2742, 1846], [2880, 1846], [2880, 2019], [2742, 2019]], '기', 0.9056710069954512), ([[1246.9613785480576, 180.23392775664723], [1372.805518142165, 159.11060930004953], [1381.0386214519424, 240.76607224335277], [1255.194481857835, 260.88939069995047]], '고오', 0.18248331554072264), ([[1465.200359892036, 701.1817634709763], [1590.9568350449083, 685.2901448216319], [1596.799640107964, 767.8182365290237], [1471.0431649550917, 783.7098551783681]], '주으유', 0.3161217484080121)]
[([[2144, 116], [2347, 116], [2347, 202], [2144, 202]], '해릭어', 0.3309489706300533), ([[2677, 116], [2801, 116], [2801, 202], [2677, 202]], '그만', 0.5758266206909967), ([[1241, 177], [1330, 177], [1330, 245], [1241, 245]], '출는', 0.04425009259074916), ([[2438, 305], [2623, 305], [2623, 391], [2438, 391]], '그마안', 0.9965562848801744), ([[2011, 373], [2101, 373], [2101, 461], [2011, 461]], '주움', 0.18162162671721735), ([[2742, 1846], [2880, 1846], [2880, 2016], [2742, 2016]], '기', 0.9474771518910075)]
