2914278
21
[([[102, 116], [306, 116], [306, 170], [102, 170]], '해적섬 벌집', 0.7185260512148763), ([[364, 472], [398, 472], [398, 496], [364, 496]], '00', 0.012297099444370808), ([[48.7990780016776, 464.1588936020131], [121.77350098112615, 421.8397485283108], [141.2009219983224, 459.8411063979869], [68.22649901887385, 502.1602514716892]], '어슬령', 0.6208044410459944)]
[([[520, 226], [574, 226], [574, 290], [520, 290]], '특', 0.605189770471398)]
[([[173.50066316380318, 216.40026526552128], [253.42475681998272, 173.89499871220474], [280.4993368361968, 225.59973473447872], [200.57524318001728, 268.1050012877953]], '움질', 0.8900199817208153), ([[724.2184013837282, 213.04377231518103], [793.952557775249, 269.1864028135347], [755.7815986162718, 315.956227684819], [686.047442224751, 259.8135971864653]], '움질', 0.9145419921237871)]
[([[312.1588936020131, 525.3906723224158], [387.2039579483279, 492.9270665818142], [407.8411063979869, 546.6093276775842], [332.7960420516721, 579.0729334181858]], '불끈', 0.6253226575803584), ([[505.17458977235185, 553.0570463609334], [574.9893989104089, 592.6434881600948], [548.8254102276481, 636.9429536390666], [479.0106010895911, 598.3565118399052]], '불끈', 0.6651176545852293)]
[([[122, 168], [220, 168], [220, 224], [122, 224]], '나잇.', 0.1955297862772757), ([[581, 193], [647, 193], [647, 235], [581, 235]], '흐응', 0.6835454304714073)]
[([[582, 58], [766, 58], [766, 106], [582, 106]], '재방는거얼-', 0.23295782502949944), ([[444.42913985468846, 438.7716559418754], [515.7944785969958, 395.6904906657081], [541.5708601453116, 439.2283440581246], [470.20552140300424, 482.3095093342919]], "'덥석", 0.9375479208713281), ([[353.00636944292773, 494.4146497187338], [427.86144837504554, 481.82364730439804], [432.99363055707227, 526.5853502812662], [358.13855162495446, 539.176352695602]], "숲 ' ", 0.3562893554966249)]
[([[263, 159], [323, 159], [323, 197], [263, 197]], '아룻', 0.6711015034482652), ([[333, 159], [353, 159], [353, 183], [333, 183]], '!', 0.9999413498895251), ([[331, 185], [385, 185], [385, 221], [331, 221]], '흐응', 0.9451582487438418), ([[347.97191949374644, 149.55226313936893], [439.47824533621156, 136.0247001794354], [444.02808050625356, 173.44773686063107], [351.52175466378844, 185.9752998205646]], '나아앗!', 0.8509682416915894)]
[([[381, 587], [451, 587], [451, 629], [381, 629]], '아옥.', 0.10647344086849399), ([[469, 587], [577, 587], [577, 629], [469, 629]], '나뭇..0', 0.1495595476035088), ([[347, 625], [563, 625], [563, 670], [347, 670]], '거긴 안되다나양', 0.8227125994712139), ([[580, 632], [612, 632], [612, 666], [580, 666]], '0', 0.6629353966857856)]
[([[169.8713347040338, 73.16253799371492], [238.03194007977717, 17.55453638646479], [256.1286652959662, 46.83746200628508], [187.96805992022283, 102.44546361353521]], '~!!!!!어', 0.047023609117358), ([[40.28285463840554, 161.05169700499823], [177.18365236510616, 62.14456777803657], [198.71714536159445, 101.94830299500178], [61.81634763489383, 201.85543222196344]], '나흐아아아양', 0.7657130895032933), ([[234.71806521676416, 678.3823891286161], [304.89711341287494, 612.2619764990993], [342.28193478323584, 662.6176108713839], [272.10288658712506, 728.7380235009007]], '꿀럭', 0.3883393724098154), ([[544.9632031319512, 642.0902578521221], [632.6179750654143, 657.8932593504696], [621.0367968680488, 710.9097421478779], [533.3820249345857, 695.1067406495304]], '꿀러', 0.30129336578143423)]
[([[389.25995562830275, 753.2578535733992], [494.0506351941492, 742.7610056907087], [496.74004437169725, 797.7421464266008], [391.9493648058508, 808.2389943092913]], '스록-', 0.5710668563842773)]
[([[705, 185], [775, 185], [775, 227], [705, 227]], '스옥', 0.16995307398232848), ([[189, 227], [295, 227], [295, 289], [189, 289]], "'{", 0.01940538473255245)]
[([[517, 149], [577, 149], [577, 185], [517, 185]], '하암', 0.9830232844507256), ([[431, 186], [676, 186], [676, 223], [431, 223]], '야간 순찰은 힘들다아-', 0.5419194931778661)]
[([[139, 74], [205, 74], [205, 167], [139, 167]], '!', 0.5095244988615519), ([[679, 289], [765, 289], [765, 325], [679, 325]], '나맛..0', 0.3234505534431876), ([[366, 472], [398, 472], [398, 496], [366, 496]], '00', 0.08373012193448426), ([[204.14614294340396, 96.09065802272038], [320.87355224956536, 27.02009203217046], [424.85385705659604, 235.9093419772796], [308.12644775043464, 303.97990796782955]], '콩', 0.08553384204023828)]
[([[431, 9], [635, 9], [635, 243], [431, 243]], '[', 0.023975450972138823), ([[118, 210], [726, 210], [726, 476], [118, 476]], '(-', 0.048712626863126246), ([[206.69278992034725, 16.038870661834025], [373.0345727153491, 2.5834569052991085], [383.30721007965275, 227.96112933816596], [216.9654272846509, 241.4165430947009]], '7', 0.4096319494755427)]
[([[277, 151], [489, 151], [489, 191], [277, 191]], '그치만 해군이 또', 0.7651377204796344), ([[279, 189], [487, 189], [487, 231], [279, 231]], '습격이라도 하면', 0.7286682459341814), ([[257, 229], [407, 229], [407, 269], [257, 269]], '안되니까아.', 0.8993666260555998), ([[431, 231], [511, 231], [511, 269], [431, 269]], '으응?', 0.9999074302558156), ([[59, 637], [121, 637], [121, 673], [59, 673]], '@루', 0.002862991020128666)]
[([[124, 478], [308, 478], [308, 526], [124, 526]], '저기능 분명', 0.47790335157472513), ([[90, 524], [310, 524], [310, 574], [90, 574]], '티치제독의 방', 0.9813830049373501), ([[18, 572], [380, 572], [380, 622], [18, 622]], '아직도 불이 켜저있네에', 0.4462503308028943)]
[]
[([[159, 169], [501, 169], [501, 211], [159, 211]], '분명 공백의 백년인가 하는', 0.545083900345612), ([[195, 209], [467, 209], [467, 251], [195, 251]], '역사공부 중이켓지이', 0.827891413781497), ([[179, 561], [233, 561], [233, 601], [179, 601]], '버', 0.10416802558318583), ([[55, 633], [120, 633], [120, 674], [55, 674]], '따파', 0.022493832772523294)]
[([[96, 80], [287, 80], [287, 134], [96, 134]], '심심한 거월', 0.8137795759391963), ([[102, 131], [315, 131], [315, 181], [102, 181]], '뭐 할만한게 ~', 0.631760942750853)]
[([[246, 714], [516, 714], [516, 763], [246, 763]], '우움? 저건 뒤지이?=', 0.3781477937377598), ([[245, 761], [517, 761], [517, 805], [245, 805]], '못보노 언덕인데에-', 0.4895989956293723)]
[([[687, 639], [757, 639], [757, 699], [687, 699]], '성중', 0.5514469042503035), ([[320, 692], [384, 692], [384, 748], [320, 748]], '성금', 0.5694274902667037), ([[340.46153846153845, 101.3076923076923], [407.1452733552897, 92.52871379227238], [411.53846153846155, 132.69230769230768], [344.8547266447103, 141.47128620772762]], '저거', 0.9999908962928589), ([[185.7990780016776, 126.15889360201312], [349.6208343984073, 103.090055115325], [354.20092199832237, 145.8411063979869], [190.37916560159275, 168.909944884675]], '신기하다아-', 0.9994499316881503)]
