2916018
14
[([[340, 100], [644, 100], [644, 156], [340, 156]], '그날 체육수업은', 0.9986125185285166), ([[344, 155], [642, 155], [642, 212], [344, 212]], '남자는 교외에서', 0.8989620557807445), ([[354, 210], [630, 210], [630, 266], [354, 266]], '마라톤, 여자는', 0.5498463193022851), ([[300, 266], [684, 266], [684, 322], [300, 322]], '실내에서 수영이없다.', 0.9719375206460801), ([[754, 460], [948, 460], [948, 508], [754, 508]], '카오리 먼저', 0.691746795914078), ([[778, 506], [926, 506], [926, 554], [778, 554]], '가있을게', 0.27750369906425476), ([[74, 578], [228, 578], [228, 630], [74, 630]], '응 금방', 0.6112484072377241), ([[108, 626], [194, 626], [194, 678], [108, 678]], '갈게', 0.9979333231342227)]
[([[88, 188], [233, 188], [233, 252], [88, 252]], '팬티가', 0.8925825283146486), ([[41, 249], [281, 249], [281, 311], [41, 311]], '발에 걸려서', 0.8213754117730597), ([[39, 309], [279, 309], [279, 369], [39, 369]], '카오리 장의', 0.7798900459269715), ([[39, 369], [279, 369], [279, 431], [39, 431]], '거기가 원히', 0.8349040852344908), ([[29, 429], [290, 429], [290, 491], [29, 491]], '보여어어어엇', 0.9919792006604572), ([[818, 56], [944, 56], [944, 868], [818, 868]], '{', 0.12972996907283463), ([[75, 991], [255, 991], [255, 1051], [75, 1051]], '아~ 엄청', 0.998438773661129), ([[67, 1051], [263, 1051], [263, 1113], [67, 1113]], '북실하네.', 0.9858020993336515), ([[48, 1108], [279, 1108], [279, 1173], [48, 1173]], '수영복으로', 0.9944929834460325), ([[57, 1171], [275, 1171], [275, 1231], [57, 1231]], '다 가리 수', 0.24751145546261905), ([[71, 1231], [259, 1231], [259, 1293], [71, 1293]], '있슬까나', 0.14594031870365143)]
[([[695, 49], [927, 49], [927, 111], [695, 111]], '마지막으로', 0.9977954744232126), ([[742, 112], [884, 112], [884, 168], [742, 168]], '그녀분', 0.28248041124192985), ([[669, 167], [957, 167], [957, 231], [669, 231]], '수영복올 입고', 0.706565263682629), ([[689, 229], [937, 229], [937, 289], [689, 289]], '양말은 벗은', 0.9424686923303638), ([[689, 289], [937, 289], [937, 349], [689, 349]], '다음 교실올', 0.6234546292261521), ([[741, 349], [885, 349], [885, 409], [741, 409]], '나닷다', 0.10991836486533285), ([[513, 1095], [960, 1095], [960, 1160], [513, 1160]], '나는 이성이 외는 동안', 0.39695312092304447), ([[543, 1157], [933, 1157], [933, 1219], [543, 1219]], '여기틀 떠나고 전부', 0.8836067312701854), ([[553, 1217], [921, 1217], [921, 1279], [553, 1279]], '잊어버리려고 햇다', 0.9707396843740688)]
[([[380, 100], [638, 100], [638, 156], [380, 156]], '하지만 그녀의', 0.6645180064268444), ([[400, 156], [624, 156], [624, 210], [400, 210]], '교복 냄새틀', 0.18639688879334468), ([[382, 210], [642, 210], [642, 266], [382, 266]], '맡으니 머리가', 0.8702554471575323), ([[428, 266], [596, 266], [596, 320], [428, 320]], '하얘적고', 0.6469781994819641), ([[403, 1105], [607, 1105], [607, 1173], [403, 1173]], '새하양게', 0.4468611776828766), ([[451, 1169], [561, 1169], [561, 1235], [451, 1235]], '맺다', 0.5401870437375049)]
[([[649, 94], [872, 94], [872, 150], [649, 150]], '수업이 곧난', 0.7835370157166619), ([[603, 147], [902, 147], [902, 203], [603, 203]], '여자애들이 반에', 0.9848668385603528), ([[668, 204], [840, 204], [840, 258], [668, 258]], '돌아올고', 0.06328551471233368), ([[641, 255], [868, 255], [868, 316], [641, 316]], '카오리 장은', 0.6300505378786692), ([[605, 310], [903, 310], [903, 373], [605, 373]], '훌쩍이고 있없다', 0.3687949815919453), ([[102, 1020], [192, 1020], [192, 1072], [102, 1072]], '나는', 0.9781212815564118), ([[64, 1074], [230, 1074], [230, 1128], [64, 1128]], '복도에서', 0.9984903931617737), ([[56, 1130], [236, 1130], [236, 1180], [56, 1180]], '그걸 보고', 0.3327506029507065), ([[84, 1182], [210, 1182], [210, 1238], [84, 1238]], '후회에', 0.9988939871192739), ([[64, 1238], [230, 1238], [230, 1294], [64, 1294]], '힘싸엿다', 0.33537396788597107)]
[([[343, 263], [665, 263], [665, 329], [343, 329]], '그렇지만 나는', 0.9016731017532963), ([[242, 325], [764, 325], [764, 397], [242, 397]], '이날올 떠올리면 엄청난', 0.8586242105280739), ([[282, 388], [722, 388], [722, 462], [282, 462]], '흥분에 사로잡하다.', 0.3298380750754856), ([[255, 457], [753, 457], [753, 524], [255, 524]], '아마 앞으로 몇 년이고', 0.7355727715372696), ([[367, 523], [645, 523], [645, 589], [367, 589]], '그럴 젓이다.', 0.3950445545657796), ([[363, 931], [671, 931], [671, 1089], [363, 1089]], '독사', 0.020488991673509753)]
[([[732, 160], [902, 160], [902, 216], [732, 216]], '그렇구나', 0.9906502962112427), ([[693, 214], [939, 214], [939, 270], [693, 270]], '위원장이니까', 0.9978383196397911), ([[708, 270], [926, 270], [926, 326], [708, 326]], '무슨 볼일이', 0.9610434543807271), ([[733, 323], [901, 323], [901, 379], [733, 379]], '있엇구나', 0.5687563419342041), ([[661, 943], [879, 943], [879, 1003], [661, 1003]], '지금 여기서', 0.9998807321519405), ([[706, 1000], [834, 1000], [834, 1056], [706, 1056]], '혼자서', 0.9944970927157132), ([[648, 1052], [897, 1052], [897, 1114], [648, 1114]], '갈아입논건가', 0.7618981374603531)]
[([[391, 113], [613, 113], [613, 179], [391, 179]], '설마 내가', 0.6968255442543262), ([[367, 178], [637, 178], [637, 244], [367, 244]], '체육 수업올', 0.8475388245414274), ([[377, 243], [627, 243], [627, 309], [377, 309]], '땅망이치고', 0.43904939552741173), ([[337, 309], [667, 309], [667, 375], [337, 375]], '여기 있는 출도', 0.5593437743131421), ([[399, 372], [603, 372], [603, 436], [399, 436]], '모르고.', 0.936119794845581), ([[372, 1036], [640, 1036], [640, 1108], [372, 1108]], '어쩌지 말울', 0.5991648819746774), ([[359, 1103], [656, 1103], [656, 1171], [359, 1171]], '걸어야 하나?', 0.9998329662608277)]
[([[662, 222], [958, 222], [958, 294], [662, 294]], '이미 늦없나?', 0.7587667340539267), ([[67, 987], [335, 987], [335, 1053], [67, 1053]], '지금 나오면', 0.9997813312596071), ([[127, 1053], [279, 1053], [279, 1117], [127, 1117]], '변명도', 0.9991832234857186), ([[93, 1117], [311, 1117], [311, 1183], [93, 1183]], '못 하켓지', 0.8490084043366629)]
[([[792, 166], [888, 166], [888, 214], [792, 214]], '우옷!', 0.9252637716321345), ([[758, 210], [920, 210], [920, 260], [758, 260]], '치마 벗고', 0.7622932083466587), ([[724, 256], [952, 256], [952, 304], [724, 304]], '캐미속 차림인', 0.9224116486661861), ([[752, 302], [926, 302], [926, 350], [752, 350]], '카오리 장!', 0.3817248608407785), ([[114, 1006], [220, 1006], [220, 1062], [114, 1062]], '안돼,', 0.33435553312301636), ([[99, 1063], [233, 1063], [233, 1125], [99, 1125]], '이성이', 0.9150907880780554), ([[69, 1123], [267, 1123], [267, 1185], [69, 1185]], '날아갈 것', 0.5806099621051566), ([[119, 1183], [219, 1183], [219, 1243], [119, 1243]], '같아', 0.9992657965729614)]
[([[770, 612], [942, 612], [942, 662], [770, 662]], '우오오오', 0.9911246299743652), ([[120, 684], [210, 684], [210, 736], [120, 736]], '원가', 0.9943479925708649), ([[772, 666], [944, 666], [944, 716], [772, 716]], '오오오오', 0.9517099857330322), ([[30, 738], [296, 738], [296, 792], [30, 792]], '예상과 다르게', 0.7701718691753805), ([[735, 719], [983, 719], [983, 779], [735, 779]], '속옷차림이다', 0.9494771639101445), ([[77, 791], [249, 791], [249, 851], [77, 851]], '오랫동안', 0.5890441505109556), ([[772, 776], [946, 776], [946, 830], [772, 830]], '아아아아', 0.9988796710968018), ([[76, 848], [248, 848], [248, 902], [76, 902]], '입/던 것', 0.22191676928295861), ([[52, 902], [276, 902], [276, 958], [52, 958]], '같은 속옷올', 0.6017337164272115), ([[100, 958], [228, 958], [228, 1012], [100, 1012]], '그것도', 0.9583885324730798), ([[32, 1012], [294, 1012], [294, 1068], [32, 1068]], '그것 나름대로', 0.9982800485858591), ([[58, 1064], [267, 1064], [267, 1125], [58, 1125]], '흥분되지만', 0.9990269998371961)]
[([[753, 225], [909, 225], [909, 287], [753, 287]], '브라틀', 0.19549035201937334), ([[729, 287], [927, 287], [927, 353], [729, 353]], '벗엇지만', 0.6706393361091614), ([[728, 354], [930, 354], [930, 418], [728, 418]], '젖꼭지논', 0.5785862803459167), ([[711, 417], [945, 417], [945, 483], [711, 483]], '잘 안 보여', 0.9986621411190006)]
[([[700, 170], [860, 170], [860, 234], [700, 234]], '속옷은', 0.9968666197965417), ([[667, 233], [889, 233], [889, 299], [667, 299]], '가방 안에', 0.9966068105953075), ([[680, 298], [883, 298], [883, 366], [680, 366]], '넣는구나', 0.4368610084056854), ([[143, 923], [297, 923], [297, 985], [143, 985]], '아무도', 0.9997109384331112), ([[63, 987], [379, 987], [379, 1051], [63, 1051]], '보지 안분데도', 0.35428016710287874), ([[61, 1049], [375, 1049], [375, 1115], [61, 1115]], '부끄러워하네 .', 0.6743833158418638), ([[59, 1115], [381, 1115], [381, 1179], [59, 1179]], '손으로 가슴도', 0.9929659241594113), ([[61, 1179], [381, 1179], [381, 1245], [61, 1245]], '가페고 말이야', 0.23435374639966314)]
[([[165, 233], [321, 233], [321, 297], [165, 297]], '그리고', 0.9998250603675842), ([[143, 295], [337, 295], [337, 363], [143, 363]], '팬티이이', 0.6029021739959717), ([[145, 361], [339, 361], [339, 429], [145, 429]], '이이이앗', 0.49503177404403687), ([[756, 940], [884, 940], [884, 996], [756, 996]], '아아~', 0.9999953198664192), ([[727, 999], [911, 999], [911, 1059], [727, 1059]], '그렇지만', 0.9999474287033081), ([[743, 1059], [899, 1059], [899, 1119], [743, 1119]], '아쉽네.', 0.9920158386230469), ([[697, 1119], [941, 1119], [941, 1179], [697, 1179]], '신체의 각도', 0.7836777507249104), ([[747, 1179], [891, 1179], [891, 1239], [747, 1239]], '때문에', 0.9984091990090145), ([[696, 1238], [941, 1238], [941, 1301], [696, 1301]], '중요한 긋이', 0.7627249248358152), ([[744, 1300], [896, 1300], [896, 1356], [744, 1356]], '안 보여', 0.9987090044696858)]
