2919619
13
[([[303, 133], [443, 133], [443, 193], [303, 193]], '갑자기', 0.9990279717357952), ([[251, 193], [497, 193], [497, 253], [251, 253]], '내가 대타로', 0.6369596408106232), ([[801, 169], [1089, 169], [1089, 231], [801, 231]], '의사인 친구가', 0.9747191223320156), ([[271, 251], [473, 251], [473, 311], [271, 311]], '그 학교의', 0.9942155342147976), ([[799, 231], [1091, 231], [1091, 291], [799, 291]], '응원하고 있는', 0.42529557973787857), ([[261, 311], [487, 311], [487, 373], [261, 373]], '건강점진에', 0.996745582126837), ([[758, 288], [1131, 288], [1131, 354], [758, 354]], '아이돌의 이번트에', 0.7901530609817925), ([[251, 371], [495, 371], [495, 433], [251, 433]], '가게 되없다', 0.6089585171906469), ([[771, 350], [1117, 350], [1117, 410], [771, 410]], '가고 싶다고 해서', 0.999895150787003), ([[930, 732], [1026, 732], [1026, 788], [930, 788]], '나는', 0.9525002757777198), ([[833, 791], [1121, 791], [1121, 851], [833, 851]], '택시 운전수로', 0.8992502387332348), ([[887, 851], [1067, 851], [1067, 911], [887, 911]], '의사면히', 0.9973509907722473), ([[840, 908], [1111, 908], [1111, 972], [840, 972]], '같은 건 없다:', 0.7403545510575691), ([[825, 971], [1131, 971], [1131, 1031], [825, 1031]], '즉 가짜 의사다', 0.5417142876253741)]
[([[203, 403], [407, 403], [407, 463], [203, 463]], '그럼 잠깐', 0.6758913347970549), ([[755, 401], [979, 401], [979, 465], [755, 465]], '강아지처럼', 0.993673655735419), ([[176, 461], [431, 461], [431, 523], [176, 523]], '축진해 볼게.', 0.5732673559922098), ([[791, 463], [947, 463], [947, 523], [791, 523]], '조금 더', 0.9996532515578583), ([[211, 523], [399, 523], [399, 583], [211, 583]], '목소리는', 0.604489803314209), ([[720, 520], [1013, 520], [1013, 584], [720, 584]], '허리흘 올리럼.', 0.24175548181804082), ([[134, 580], [471, 580], [471, 645], [134, 645]], '가능한 참아주럼름', 0.1845778213816761), ([[739, 583], [997, 583], [997, 643], [739, 643]], '그래, 잘햇어', 0.7456954645137124)]
[([[119, 185], [405, 185], [405, 247], [119, 247]], '그녀의 보지논', 0.7979676502028189), ([[851, 195], [1100, 195], [1100, 260], [851, 260]], '그러곤 나는', 0.49363339279014806), ([[95, 243], [427, 243], [427, 307], [95, 307]], '축속하게 젖없고', 0.34139931169920723), ([[857, 257], [1091, 257], [1091, 317], [857, 317]], '손가락으로', 0.9942995577347031), ([[125, 305], [397, 305], [397, 365], [125, 365]], '흘리토리스에', 0.5366659523195761), ([[805, 317], [1145, 317], [1145, 379], [805, 379]], '몇 번이고 그녀의', 0.9011501792895439), ([[97, 364], [429, 364], [429, 426], [97, 426]], '손가락이 당으면', 0.9746265084609764), ([[804, 376], [1145, 376], [1145, 440], [804, 440]], '부끄러운 부분올', 0.7931050046408339), ([[75, 425], [443, 425], [443, 487], [75, 487]], '허리가 움질거리며', 0.5773914696905029), ([[861, 437], [1091, 437], [1091, 499], [861, 499]], '어루만적다', 0.2928545737205235), ([[171, 485], [353, 485], [353, 547], [171, 547]], '젖혀젓다', 0.42691097157825314)]
[([[358, 162], [470, 162], [470, 210], [358, 210]], '정말로', 0.9999874049413062), ([[358, 210], [472, 210], [472, 258], [358, 258]], '귀여운', 0.9940381736481493), ([[856, 196], [1084, 196], [1084, 251], [856, 251]], '그녀의 얼굴이', 0.9956080933192216), ([[324, 256], [508, 256], [508, 308], [324, 308]], '신음이없다', 0.859644264242597), ([[840, 246], [1104, 246], [1104, 298], [840, 298]], '보이진 않있지만', 0.2955009991230115), ([[854, 291], [1088, 291], [1088, 342], [854, 342]], '차츰 목소리가', 0.9997058392221466), ([[878, 340], [1062, 340], [1062, 390], [878, 390]], '새어나오기', 0.9999363452149562), ([[896, 386], [1046, 386], [1046, 436], [896, 436]], '시작햇다', 0.7464060187339783), ([[291, 499], [353, 499], [353, 565], [291, 565]], '@', 0.7097744650584445), ([[340, 709], [451, 709], [451, 793], [340, 793]], '@', 0.9998046255181556), ([[650, 1262], [760, 1262], [760, 1310], [650, 1310]], '그녀의', 0.9998099063472319), ([[589, 1309], [820, 1309], [820, 1360], [589, 1360]], '진찰을 하면서', 0.566024774001597), ([[626, 1354], [786, 1354], [786, 1406], [626, 1406]], '내 안에서', 0.9573234494128168), ([[96, 1376], [302, 1376], [302, 1426], [96, 1426]], '나는 더 이상', 0.6815659328570943), ([[106, 1422], [294, 1422], [294, 1472], [106, 1472]], '가짜의사가', 0.9946206532308559), ([[570, 1404], [844, 1404], [844, 1456], [570, 1456]], '의사라는 자각과', 0.8235788287560236), ([[136, 1472], [262, 1472], [262, 1516], [136, 1516]], '아니야!', 0.8842283487319946), ([[631, 1451], [777, 1451], [777, 1499], [631, 1499]], '자신감이', 0.9707383603319432), ([[569, 1496], [840, 1496], [840, 1548], [569, 1548]], '씩트기 시작햇다', 0.5202012139236338), ([[930.3003734571489, 1087.1619419771741], [1032.70923580513, 1078.0011538683543], [1035.699626542851, 1156.8380580228259], [934.2907641948699, 1165.9988461316457]], '@', 0.9997242879201771)]
[([[784, 218], [1048, 218], [1048, 272], [784, 272]], '자 다음 사람!', 0.8968435487868132), ([[220, 1054], [404, 1054], [404, 1108], [220, 1108]], '내 고간은', 0.9979903292898561), ([[222, 1108], [398, 1108], [398, 1164], [222, 1164]], '이미 극태', 0.9998103893719221), ([[222, 1164], [402, 1164], [402, 1218], [222, 1218]], '주사기다.', 0.7215042439211493), ([[196, 1218], [424, 1218], [424, 1274], [196, 1274]], '멈출 수 없어', 0.6555162821548097), ([[117, 1541], [307, 1541], [307, 1633], [117, 1633]], '색사', 0.0100804775853019)]
[([[487, 163], [731, 163], [731, 223], [487, 223]], '그건 그렇고', 0.9944390830887008), ([[508, 223], [708, 223], [708, 285], [508, 285]], '굉장하네.', 0.9990973261730893), ([[515, 283], [701, 283], [701, 343], [515, 343]], '차례차례', 0.9976116418838501), ([[421, 341], [799, 341], [799, 405], [421, 405]], '미소녀들이 찾아와', 0.7887517046881453), ([[485, 403], [733, 403], [733, 463], [485, 463]], '내게 가슴을', 0.7110751597407122), ([[449, 461], [771, 461], [771, 523], [449, 523]], '보여주는데다가', 0.4314205392016646), ([[515, 523], [701, 523], [701, 583], [515, 583]], '무료라니', 0.747708727871752)]
[([[905, 195], [1161, 195], [1161, 257], [905, 257]], '특히 이 애는', 0.876207737668308), ([[913, 255], [1157, 255], [1157, 319], [913, 319]], '내 취향이야', 0.9065433366071645)]
[([[493, 289], [777, 289], [777, 375], [493, 375]], '살짝 가슴', 0.9996008641221082), ([[503, 365], [760, 365], [760, 454], [503, 454]], '주위틀:', 0.34929588437080383)]
[([[665, 175], [921, 175], [921, 237], [665, 237]], '엇, 젖꼭지가', 0.8408996000138244), ([[699, 235], [887, 235], [887, 297], [699, 297]], '손가락에', 0.9919335246086121), ([[681, 295], [907, 295], [907, 357], [681, 357]], '닿아버리고', 0.9838327189504643), ([[723, 355], [865, 355], [865, 417], [723, 417]], '말앉다', 0.29747816178126746), ([[523, 1385], [675, 1385], [675, 1447], [523, 1447]], '아니지,', 0.9929498434066772), ([[505, 1445], [691, 1445], [691, 1507], [505, 1507]], '손가락이', 0.9790844321250916), ([[507, 1505], [689, 1505], [689, 1565], [507, 1565]], '젖꼭지에', 0.9281257390975952), ([[487, 1565], [715, 1565], [715, 1627], [487, 1627]], '당은 건가?', 0.8883242210983557)]
[([[124, 1406], [260, 1406], [260, 1460], [124, 1460]], '어쩌지', 0.9981680209292901), ([[466, 1416], [690, 1416], [690, 1472], [466, 1472]], '게다가 순간', 0.9995841421672873), ([[1018, 1406], [1094, 1406], [1094, 1458], [1018, 1458]], '응?', 0.9802708012745158), ([[127, 1457], [256, 1457], [256, 1520], [127, 1520]], '도저히', 0.9997131407646259), ([[494, 1472], [664, 1472], [664, 1528], [494, 1528]], '젖꼭지가', 0.9857532978057861), ([[964, 1460], [1146, 1460], [1146, 1516], [964, 1516]], '왜 갑자기', 0.9983973993361606), ([[102, 1516], [280, 1516], [280, 1572], [102, 1572]], '못 참젯어', 0.5316305198018101), ([[476, 1528], [680, 1528], [680, 1584], [476, 1584]], '딱딱해적어', 0.4367965527830691), ([[992, 1516], [1120, 1516], [1120, 1570], [992, 1570]], '체온이', 0.9703884504309074), ([[962, 1570], [1154, 1570], [1154, 1626], [962, 1626]], '올라자지?', 0.7055304206156747)]
[([[601, 245], [821, 245], [821, 311], [601, 311]], '잠깐 팬티', 0.5960791840339098), ([[563, 309], [861, 309], [861, 377], [563, 377]], '좀 벗어불래?', 0.558866135763145), ([[514, 372], [914, 372], [914, 445], [514, 445]], '어디 안 종은 데가', 0.6054415540935801), ([[555, 439], [868, 439], [868, 507], [555, 507]], '있냐 뵈아켓어', 0.6425224238590524), ([[502, 1262], [618, 1262], [618, 1310], [502, 1310]], '그녀느', 0.1927882969502582), ([[874, 1262], [1034, 1262], [1034, 1314], [874, 1314]], '내 이성은', 0.9479597167797603), ([[475, 1310], [642, 1310], [642, 1363], [475, 1363]], '순간 놀란', 0.6000388412473838), ([[838, 1312], [1070, 1312], [1070, 1362], [838, 1362]], '날아가 버럿고', 0.8758114393240971), ([[452, 1362], [668, 1362], [668, 1412], [452, 1412]], '모습이없지만', 0.9405759407408558), ([[822, 1361], [1084, 1361], [1084, 1412], [822, 1412]], '정신올 차려보니', 0.4817409700295911), ([[504, 1412], [612, 1412], [612, 1460], [504, 1460]], '천천히', 0.9997821704225115), ([[820, 1411], [1084, 1411], [1084, 1462], [820, 1462]], '그녀에게 그렇게', 0.973354947109895), ([[488, 1462], [630, 1462], [630, 1512], [488, 1512]], '엉덩이틀', 0.7447811365127563), ([[838, 1462], [1070, 1462], [1070, 1514], [838, 1514]], '말하고 있없다', 0.6840296533105374), ([[505, 1517], [617, 1517], [617, 1559], [505, 1559]], '들고:.', 0.7390506242230295), ([[45, 1641], [374, 1641], [374, 1677], [45, 1677]], '7어 8긋 (어시가이신맵)', 0.0003663068899598399), ([[365, 1659], [397, 1659], [397, 1673], [365, 1673]], '~22', 0.10794237233722201)]
[([[904, 682], [1130, 682], [1130, 736], [904, 736]], '그녀튼 순간', 0.42007033056347864), ([[848, 736], [1186, 736], [1186, 792], [848, 792]], '놀란 모습이없지만', 0.486785692660767), ([[872, 792], [1164, 792], [1164, 848], [872, 848]], '천천히 엉덩이름', 0.6141432871139302), ([[906, 846], [1126, 846], [1126, 902], [906, 902]], '들고 순순히', 0.9300545854672481), ([[888, 900], [1146, 900], [1146, 956], [888, 956]], '팬티틀 벗없다', 0.42803435157684583), ([[133, 995], [357, 995], [357, 1059], [133, 1059]], '혹시 올라서', 0.7350027874444733), ([[99, 1053], [391, 1053], [391, 1113], [99, 1113]], '하는 검사니까~', 0.7826998308917676), ([[1020, 1367], [1214, 1367], [1214, 1435], [1020, 1435]], '*5 7+(*', 0.07911056842912814), ([[1054, 1450], [1080, 1450], [1080, 1476], [1054, 1476]], '1', 0.999513208517385), ([[1026, 1472], [1074, 1472], [1074, 1528], [1026, 1528]], '군', 0.15335773583456191), ([[1084, 1480], [1135, 1480], [1135, 1507], [1084, 1507]], '"사', 0.12076760991495898), ([[1030, 1580], [1078, 1580], [1078, 1634], [1030, 1634]], '교', 0.5285597638038588), ([[1100, 1586], [1130, 1586], [1130, 1612], [1100, 1612]], '커', 0.01998704800061568)]
[([[962, 716], [1122, 716], [1122, 766], [962, 766]], '역시 예뿐', 0.5490038357683148), ([[168, 764], [374, 764], [374, 814], [168, 814]], '그럼 벗은 걸', 0.8403899913149268), ([[952, 766], [1134, 766], [1134, 818], [952, 818]], '눈덕이없다', 0.5658604507139514), ([[154, 816], [388, 816], [388, 864], [154, 864]], '바구니에 넣고', 0.9675114807544134), ([[132, 864], [411, 864], [411, 914], [132, 914]], '침대 위로 올라가', 0.9110612454703043), ([[120, 914], [420, 914], [420, 964], [120, 964]], '네발로 엎드려주럼', 0.9332135917945256), ([[1039, 1291], [1191, 1291], [1191, 1335], [1039, 1335]], "'4 ?", 0.06945554167032242), ([[1090, 1372], [1162, 1372], [1162, 1396], [1090, 1396]], '<<', 0.0086541562439044), ([[1025, 1360], [1092, 1360], [1092, 1519], [1025, 1519]], '품', 0.08203159511922209)]
