2920440
54
[([[501, 221], [1334, 221], [1334, 281], [501, 281]], '내가 권하긴 햇지만 우주 너 은근히 밝현다?', 0.4601992032441036), ([[1080, 619], [1493, 619], [1493, 679], [1080, 679]], '나나도 남자야 누나 .', 0.5828134030496183), ([[831, 877], [945, 877], [945, 1029], [831, 1029]], '속', 0.9998576691731529), ([[1128.955623798871, 1301.023723575163], [1397.9462255256012, 1382.1179083717627], [1336.044376201129, 1566.976276424837], [1067.0537744743988, 1485.8820916282373]], '릭탁', 0.04145096816794585), ([[983.9650134547377, 1500.0232986951755], [1242.9418554887288, 1583.103988274971], [1179.0349865452624, 1767.9767013048245], [919.0581445112712, 1684.896011725029]], '되다', 0.26671511082971094)]
[([[49, 752], [180, 752], [180, 833], [49, 833]], '부으으;', 0.3614942729473114), ([[1241, 1301], [1333, 1301], [1333, 1363], [1241, 1363]], '@으', 0.17831343235733246), ([[1214, 1396], [1408, 1396], [1408, 1570], [1214, 1570]], '부옷', 0.17964248960212634), ([[502, 1538], [632, 1538], [632, 1638], [502, 1638]], '주록', 0.9833235597046573), ([[928, 1580], [1130, 1580], [1130, 1750], [928, 1750]], '북룻', 0.03534962965629502), ([[1483, 1600], [1718, 1600], [1718, 1771], [1483, 1771]], '탁탁', 0.9901939263172703), ([[1104, 1845], [1345, 1845], [1345, 2018], [1104, 2018]], '탁탁', 0.9951766727216593), ([[592.7700050566355, 714.0420738268781], [776.6860699829441, 744.1712283702556], [746.2299949433645, 895.9579261731219], [562.3139300170559, 864.8287716297444]], '끈적', 0.780125449726336), ([[665.7700050566355, 865.0420738268781], [847.7021649992732, 896.1998855498579], [817.2299949433645, 1046.957926173122], [634.2978350007268, 1015.8001144501421]], '끈적', 0.4426341838424834)]
[([[701, 258], [1097, 258], [1097, 318], [701, 318]], '방금 그게 사정이야?', 0.9668487485510371), ([[702, 307], [1037, 307], [1037, 369], [702, 369]], '엄청나게 나용네.', 0.35006690739470386), ([[965, 509], [1613, 509], [1613, 571], [965, 571]], '맞아. 이렇게 많이 산건 처음이야.', 0.6813796423861336), ([[67, 709], [171, 709], [171, 771], [67, 771]], '하아', 0.9871152902217496), ([[106, 773], [226, 773], [226, 842], [106, 842]], '하아', 0.999500933502853), ([[705, 805], [1243, 805], [1243, 865], [705, 865]], '어디서 그렇게 나오는거야', 0.7397642016517592), ([[1438, 1262], [1558, 1262], [1558, 1334], [1438, 1334]], '하아', 0.9943553139658469), ([[1308, 1524], [1432, 1524], [1432, 1622], [1308, 1622]], '운철', 0.062200752694233356), ([[1118, 1632], [1250, 1632], [1250, 1730], [1118, 1730]], '움빛', 0.034148541382829585)]
[([[794, 296], [844, 296], [844, 344], [794, 344]], '으', 0.9832895459876454), ([[878, 292], [1110, 292], [1110, 348], [878, 348]], '엄청난 냄새', 0.9900644862097141), ([[701, 341], [1207, 341], [1207, 401], [701, 401]], '게다가 미골거리고 뜨거워.', 0.4704981719919946), ([[838, 392], [1078, 392], [1078, 448], [838, 448]], '이상한 기분.', 0.6045008031446414), ([[89, 717], [173, 717], [173, 777], [89, 777]], '크옷', 0.5530302022747131), ([[585, 629], [855, 629], [855, 841], [585, 841]], '모락;', 0.6997044334278155), ([[1073, 753], [1429, 753], [1429, 817], [1073, 817]], '하아. 누나의 보지', 0.8519181583125714), ([[723, 809], [979, 809], [979, 1017], [723, 1017]], '모락', 0.964282336597772), ([[1273, 1483], [1406, 1483], [1406, 1584], [1273, 1584]], '움질.', 0.6254817693897309), ([[1118, 1651], [1254, 1651], [1254, 1752], [1118, 1752]], '움질.', 0.5178841254621195)]
[([[644, 292], [694, 292], [694, 346], [644, 346]], '이', 0.9870421201958699), ([[716, 290], [1016, 290], [1016, 346], [716, 346]], '이제 만족햇지?', 0.2926371895233207), ([[641, 337], [1441, 337], [1441, 399], [641, 399]], '이제 누나 몸 닦아야하니까 먼저 나가있어:', 0.6386781960541837), ([[85, 711], [177, 711], [177, 777], [85, 777]], '후우', 0.9176638238726683), ([[860, 723], [1551, 723], [1551, 780], [860, 780]], '있찮아 누나 한번만 더 하면 안월까?', 0.325767952892435), ([[1152, 1510], [1264, 1510], [1264, 1586], [1152, 1586]], '움질', 0.217877691693393), ([[1162, 1674], [1279, 1674], [1279, 1755], [1162, 1755]], '움;', 0.24723519932945756)]
[([[573, 225], [1305, 225], [1305, 285], [573, 285]], '뭐? 뛰야 . 왜 아직도 발기해 잇는건데?', 0.5533800536041235), ([[573, 275], [1235, 275], [1235, 337], [573, 337]], '한번 사정하면 끝나는거 아니없어?', 0.6377360959782447), ([[1064, 520], [1636, 520], [1636, 576], [1064, 576]], '평소엔 안이런데. 누나름 보니', 0.9046257430433932), ([[1132, 567], [1569, 567], [1569, 629], [1132, 629]], '흥분이 가라앉지 않아 .', 0.6817602548723476), ([[736, 756], [1080, 756], [1080, 812], [736, 812]], '나보고 어쩌라고.', 0.7266978802939702), ([[1311, 1523], [1409, 1523], [1409, 1607], [1311, 1607]], '움질', 0.40801631245284986), ([[1117, 1643], [1217, 1643], [1217, 1727], [1117, 1727]], '음질', 0.12209217746703538), ([[45.25278872102622, 714.3847605235918], [189.59710880375988, 684.4973899222056], [201.7472112789738, 768.6152394764082], [56.40289119624013, 798.5026100777944]], '하아?', 0.9000223457312805)]
[([[613, 199], [1353, 199], [1353, 259], [613, 259]], '아무래도 시험기간이라 쌍인것도 잇고.', 0.5492127953601744), ([[623, 249], [1337, 249], [1337, 309], [623, 309]], '몇 번은 더 해야 하지 않울까 싶은데.', 0.5844291355750675), ([[883, 489], [1405, 489], [1405, 551], [883, 551]], '만큼 내면 괜찮아지논거야?', 0.8317100287336311), ([[828, 748], [1536, 748], [1536, 804], [828, 804]], '평소보다 많이 나오니까 좀만 더 하면', 0.6931528919972476), ([[953, 797], [1231, 797], [1231, 857], [953, 857]], '가라 앉울거야', 0.3676216861657865), ([[1287, 811], [1383, 811], [1383, 851], [1287, 851]], '아마두', 0.6451327204704285), ([[1168, 1534], [1260, 1534], [1260, 1610], [1168, 1610]], '움질', 0.46438239140773774), ([[1350, 1622], [1446, 1622], [1446, 1700], [1350, 1700]], '움질', 0.0765964391333353)]
[([[631, 215], [1229, 215], [1229, 278], [631, 278]], '에휴 . 알있어 . 대신 빨리 끝내..', 0.23228834558417544), ([[1006, 458], [1252, 458], [1252, 514], [1006, 514]], '고마위 누나!', 0.9222038958517736), ([[1007, 507], [1477, 507], [1477, 567], [1007, 567]], '역시 누나밖에 없다니깐!', 0.7032337104681835), ([[63, 726], [198, 726], [198, 828], [63, 828]], '하아:', 0.48057725856502953), ([[763, 771], [1323, 771], [1323, 831], [763, 831]], '정말로 내가 지금 뭐하는건지.', 0.5382830439192058), ([[1110, 1420], [1623, 1420], [1623, 1660], [1110, 1660]], "탁탁' 탁력", 0.029320187209633707)]
[([[288, 706], [408, 706], [408, 770], [288, 770]], '누나', 0.9978434374279513), ([[122, 767], [583, 767], [583, 841], [122, 841]], '정액범벽인 모습올', 0.39136381092180866), ([[142, 831], [570, 831], [570, 903], [142, 903]], '보니까 더 꼴려 ', 0.8375303154833971), ([[994, 1014], [1235, 1014], [1235, 1082], [994, 1082]], '잔말 말고', 0.9331621926266038), ([[1741, 975], [1943, 975], [1943, 1107], [1741, 1107]], '하아"', 0.3072094134825684), ([[937, 1078], [1232, 1078], [1232, 1150], [937, 1150]], '하단거나 해', 0.8179199143091507), ([[4, 1660], [572, 1660], [572, 2045], [4, 2045]], '턱탁!', 0.20461740556922217), ([[841.7875127892924, 1777.017932278082], [1347.3045576321917, 1855.9891217197205], [1277.2124872107076, 2196.982067721918], [772.6954423678083, 2118.0108782802795]], '닦탁', 0.13540009082327562)]
[([[934, 561], [1173, 561], [1173, 627], [934, 627]], '안 그래도', 0.9998999395461892), ([[917, 625], [1186, 625], [1186, 691], [917, 691]], '부끄러운데', 0.9956205640819799), ([[931, 687], [1174, 687], [1174, 759], [931, 759]], '저 자식은', 0.9932833058664986), ([[955, 751], [1147, 751], [1147, 823], [955, 823]], '왜 자꾸', 0.9993818246292091), ([[907, 818], [1200, 818], [1200, 886], [907, 886]], '이상한 말을', 0.5485712592751267), ([[925, 884], [1186, 884], [1186, 952], [925, 952]], '하느거야 .', 0.31977092973554033), ([[0, 1766], [540, 1766], [540, 2162], [0, 2162]], '턱탁', 0.1229493507776564), ([[854.8112449006917, 1582.0160613255944], [1337.2082053125011, 1667.0321098717777], [1255.1887550993083, 2039.9839386744056], [773.7917946874989, 1953.9678901282223]], '턱', 0.18799669138805175)]
[([[180, 471], [475, 471], [475, 543], [180, 543]], '혹시나 해서', 0.9578873913546108), ([[142, 532], [450, 532], [450, 611], [142, 611]], '하는 말인데.', 0.567021198036357), ([[126, 600], [502, 600], [502, 672], [126, 672]], '넣으면 죽는다?', 0.3301537567137989), ([[790, 916], [1226, 916], [1226, 990], [790, 990]], '그런 생각 안팎어!', 0.47098463200732416), ([[843, 985], [1163, 985], [1163, 1053], [843, 1053]], '무  무슨 말올', 0.5040908344897415), ([[813, 1046], [1191, 1046], [1191, 1118], [813, 1118]], '하느거야. 누나', 0.8737318311025729), ([[4, 1660], [572, 1660], [572, 2045], [4, 2045]], '턱탁!', 0.19020775035167758), ([[843.8223252046932, 1769.016917123324], [1350.3554248363725, 1853.1011173359266], [1277.1776747953068, 2198.9830828766762], [771.6445751636275, 2114.8988826640734]], '닦탁', 0.24776035304899982)]
[([[421, 231], [1511, 231], [1511, 291], [421, 291]], '욕  친구들 중에 나만 경험 없다고 놀리니까 찾김에 그만 .', 0.2616515720873817), ([[633, 281], [1297, 281], [1297, 341], [633, 341]], '이제 와서 안한다고 할 수도 없고', 0.5474156876658917), ([[99, 789], [167, 789], [167, 865], [99, 865]], '공', 0.9724925797633119), ([[1129, 1244], [1262, 1244], [1262, 1328], [1129, 1328]], '하아.', 0.5991274775299226), ([[1391.8617878776597, 1514.1146272622343], [1725.7283200626664, 1474.038097433338], [1733.1382121223403, 1646.8853727377657], [1399.2716799373336, 1687.961902566662]], "탁탁탁' ", 0.4369089305201232), ([[884.6899828365088, 1620.1338523939748], [1252.2007018506981, 1575.7953022659467], [1259.3100171634912, 1745.8661476060252], [890.799298149302, 1790.2046977340533]], '탁탁탁]', 0.09202301502227783)]
[([[286, 555], [391, 555], [391, 617], [286, 617]], '그래', 0.9999557460958712), ([[167, 613], [461, 613], [461, 689], [167, 689]], '나도 어떻게', 0.5989230939985684), ([[185, 683], [451, 683], [451, 751], [185, 751]], '뒷나 보다 .', 0.3246563971399018), ([[0, 1768], [541, 1768], [541, 2164], [0, 2164]], '턱탁', 0.1839945262739112), ([[858.8345879139733, 1575.0150934793708], [1339.7803543016328, 1678.9746825773316], [1245.1654120860267, 2050.984906520629], [765.2196456983671, 1947.0253174226684]], '닦탁', 0.02425527971242461)]
[([[176, 538], [423, 538], [423, 612], [176, 612]], '야 강우주', 0.9675283453327237), ([[149, 601], [459, 601], [459, 676], [149, 676]], '너 왜 갑자기', 0.9983035281483883), ([[150, 662], [459, 662], [459, 743], [150, 743]], '조용해젓어?', 0.5574605555325599), ([[122, 732], [485, 732], [485, 806], [122, 806]], '누나 별품하게.', 0.35260213603283797), ([[899, 1054], [1236, 1054], [1236, 1130], [899, 1130]], '있찮아 누나 ', 0.30923327928074373), ([[4, 1660], [572, 1660], [572, 2045], [4, 2045]], '턱탁!', 0.2506357009439844), ([[846.829049270146, 1766.0167244551114], [1352.4906759316407, 1853.4033371369812], [1277.170950729854, 2197.9832755448883], [771.5093240683594, 2110.5966628630185]], '닦탁', 0.22922722019551908)]
[([[140, 676], [488, 676], [488, 750], [140, 750]], '말하면서 하기', 0.9991279084574258), ([[122, 742], [477, 742], [477, 814], [122, 814]], '힘들어서 그래', 0.9985480600032448), ([[954, 996], [1161, 996], [1161, 1064], [954, 1064]], '미 미안', 0.7806820869445801), ([[1537, 1090], [1778, 1090], [1778, 1162], [1537, 1162]], '내가 너무', 0.9492386801248694), ([[1535, 1154], [1787, 1154], [1787, 1226], [1535, 1226]], '긴장햇나?', 0.7465583704167857), ([[0, 1773], [538, 1773], [538, 2159], [0, 2159]], '턱탁', 0.11236306204180121), ([[852.7776251437273, 1581.0166052891652], [1332.8429056277075, 1663.0824745454536], [1253.2223748562726, 2038.9833947108348], [773.1570943722926, 1956.9175254545464]], '턱', 0.40416312708204316)]
[([[185, 621], [302, 621], [302, 687], [185, 687]], '근데_', 0.9807179490635005), ([[145, 682], [372, 682], [372, 754], [145, 754]], '아까보다', 0.9999176263809204), ([[85, 746], [432, 746], [432, 822], [85, 822]], '오래 걸리논것', 0.6031712335977938), ([[125, 814], [395, 814], [395, 882], [125, 882]], '같지 않아?', 0.917208443639734), ([[917, 1054], [1136, 1054], [1136, 1120], [917, 1120]], '두번째로', 0.9453915357589722), ([[1750, 968], [1942, 968], [1942, 1114], [1750, 1114]], '후으', 0.6195953186863751), ([[912, 1115], [1139, 1115], [1139, 1187], [912, 1187]], '하느거라', 0.8433734774589539), ([[823, 1175], [1197, 1175], [1197, 1252], [823, 1252]], '원래 오래 걸려', 0.5691180880467506), ([[2, 1657], [575, 1657], [575, 2047], [2, 2047]], '턱탁!', 0.05496677376384412), ([[842.8120931138345, 1770.0172124272908], [1351.284464328707, 1850.945126217958], [1280.1879068861654, 2196.982787572709], [771.7155356712932, 2116.0548737820423]], '탁탁', 0.13433333581311696)]
[([[192, 577], [485, 577], [485, 649], [192, 649]], '슬슬 이렇게', 0.4008088790448005), ([[229, 641], [455, 641], [455, 716], [229, 716]], '있으니까', 0.5897215008735657), ([[259, 710], [427, 710], [427, 776], [259, 776]], '다리도', 0.9999810041819183), ([[215, 771], [469, 771], [469, 843], [215, 843]], '아프거든?', 0.6940374103589294), ([[219, 834], [459, 834], [459, 908], [219, 908]], '더 빠르게', 0.9756222222641453), ([[143, 900], [543, 900], [543, 974], [143, 974]], '할 순 없는거야?', 0.7720076998401637), ([[1006, 1021], [1173, 1021], [1173, 1089], [1006, 1089]], '방법이', 0.9301505603997953), ([[927, 1084], [1224, 1084], [1224, 1156], [927, 1156]], '없진 양은데', 0.6114359545205449), ([[0, 1768], [541, 1768], [541, 2164], [0, 2164]], '턱탁', 0.1307214990124353), ([[861.8435697091937, 1575.014861687636], [1339.7337125599731, 1679.8750252005004], [1244.1564302908062, 2053.9851383123637], [766.266287440027, 1949.1249747994996]], '턱턱', 0.019728331765115858)]
[([[105, 723], [582, 723], [582, 802], [105, 802]], '누나 보지에 비비면', 0.7101484112296832), ([[171, 790], [519, 790], [519, 864], [171, 864]], '더 기분좋아서', 0.9959364872962141), ([[176, 854], [494, 854], [494, 926], [176, 926]], '빨리 끝날 수', 0.7477610000709729), ([[171, 918], [514, 918], [514, 990], [171, 990]], '있지 양울까?..', 0.7255331384881427), ([[2131, 968], [2227, 968], [2227, 1083], [2131, 1083]], '옷', 0.9020249610557585), ([[970, 1090], [1226, 1090], [1226, 1162], [970, 1162]], '농담이지?', 0.9938289618752547), ([[4, 1659], [575, 1659], [575, 2043], [4, 2043]], '턱탁!', 0.06879264226642173), ([[843.7936014291979, 1767.017329736088], [1354.1914148443245, 1849.5238496175873], [1281.206398570802, 2198.982670263912], [770.8085851556755, 2116.476150382413]], '턱턱)=', 0.0533960722386837)]
[([[140, 639], [417, 639], [417, 711], [140, 711]], '비비는것도', 0.30713039365131356), ([[191, 702], [364, 702], [364, 777], [191, 777]], '안돼면', 0.9829419434786635), ([[167, 767], [390, 767], [390, 839], [167, 839]], '손이라도', 0.9966455101966858), ([[158, 834], [395, 834], [395, 902], [158, 902]], '대게 해쥐', 0.8916474124013511), ([[988, 901], [1225, 901], [1225, 969], [988, 969]], '그 정도면', 0.9915772936515553), ([[914, 964], [1238, 964], [1238, 1036], [914, 1036]], '도움이 돌까?', 0.361560834253068), ([[1061, 1278], [1429, 1278], [1429, 1352], [1061, 1352]], '당연하지 누나!', 0.9183572878834281), ([[0, 1763], [542, 1763], [542, 2163], [0, 2163]], '턱', 0.9825056215157169), ([[852.7916646945556, 1584.0165948818237], [1333.090739901727, 1665.8031177174412], [1255.2083353054445, 2035.9834051181763], [774.9092600982732, 1954.1968822825588]], '턱', 0.23147805102725272)]
[([[153, 751], [490, 751], [490, 825], [153, 825]], '하아 . 알앗어', 0.32021010759121266), ([[132, 815], [533, 815], [533, 889], [132, 889]], '거기까지만이야', 0.9970362265416156), ([[929, 1189], [1243, 1189], [1243, 1263], [929, 1263]], '역시 누나야!', 0.6279521774643144), ([[5, 1662], [571, 1662], [571, 2043], [5, 2043]], '턱탁!', 0.17297010575944954), ([[2102.057009666417, 973.026173995508], [2321.6936111969057, 1053.7870037026876], [2267.942990333583, 1186.973826004492], [2049.3063888030943, 1106.2129962973124]], '하아 ', 0.37037224611291447), ([[846.8356970187224, 1766.0165350590291], [1352.4357019078318, 1853.2797062625098], [1277.1643029812776, 2199.983464940971], [771.5642980921681, 2112.72029373749]], '닦턱)', 0.05271840858392835)]
[([[1360, 1147], [1574, 1147], [1574, 1332], [1360, 1332]], '움절', 0.4049275637207843), ([[0, 1761], [542, 1761], [542, 2166], [0, 2166]], '탁', 0.48047053418991936), ([[-6.259686214837714, 915.0709891840803], [442.826796034111, 840.9932714735179], [469.2596862148377, 1145.9290108159196], [18.173203965889023, 1221.006728526482]], '덥썩)', 0.24910473236990063), ([[1789.813255485028, 962.047019111355], [1967.6396184843657, 993.7581406935954], [1940.186744514972, 1117.952980888645], [1763.3603815156343, 1087.2418593064046]], '우엿', 0.14875351637961107), ([[854.7959904642067, 1589.0168595721798], [1335.6354563634475, 1674.1240493858418], [1257.2040095357934, 2031.9831404278202], [777.3645436365525, 1946.8759506141582]], '탓턱', 0.015942807229932486), ([[2595.397007764229, 1667.030376865865], [2647.4712611085233, 1675.10609089618], [2631.602992235771, 1777.969623134135], [2579.5287388914767, 1770.89390910382]], "'", 0.6264299362737944)]
[([[173, 732], [471, 732], [471, 804], [173, 804]], '누나 엉덩이', 0.9326514444845823), ([[130, 798], [512, 798], [512, 870], [130, 870]], '되게 부드럽다 .', 0.5286007863993457), ([[72, 862], [570, 862], [570, 934], [72, 934]], '계속 이럴 수 있으면', 0.28295408995093546), ([[199, 932], [447, 932], [447, 998], [199, 998]], '좋플렌데 .', 0.1188842802405085), ([[977, 1006], [1556, 1006], [1556, 1119], [977, 1119]], '오늘 만 이 야', 0.4361305010057278), ([[1783, 988], [1947, 988], [1947, 1096], [1783, 1096]], '흐웃 .', 0.1763962209224701), ([[23.215470702682307, 1119.0839894484325], [266.043862855706, 1098.3947343684554], [268.7845292973177, 1262.9160105515675], [25.956137144294033, 1283.6052656315446]], "주물'", 0.8257931707349783), ([[383.1986272400681, 1177.0855860207148], [579.2681531894312, 1153.400142980833], [588.801372759932, 1319.9144139792852], [392.73184681056875, 1344.599857019167]], '주물:', 0.9647927075255245), ([[70.84226974184784, 1623.0163488614135], [587.9148213979771, 1718.396592732371], [509.1577302581522, 2058.9836511385865], [-7.914821397977086, 1963.603407267629]], '닦탁]', 0.024458041651008577), ([[845.8155235011405, 1768.017113139462], [1350.3301172353113, 1851.0452853991017], [1278.1844764988596, 2195.9828868605377], [773.6698827646887, 2112.9547146008986]], '턱턱', 0.07723501755339782)]
[([[529, 201], [1147, 201], [1147, 261], [529, 261]], '남자들은 다 저런건가? 징그러워.', 0.6460651649207615), ([[598, 254], [732, 254], [732, 310], [598, 310]], '게다가', 0.9999680650291661), ([[753, 251], [1071, 251], [1071, 311], [753, 311]], '뛰야 저 크기논 .', 0.42598577275981325), ([[883, 463], [1279, 463], [1279, 523], [883, 523]], '넣으면 죽느거 아냐?', 0.49713009317441553), ([[98, 756], [186, 756], [186, 804], [98, 804]], '하아', 0.9994661254731777), ([[1131, 1187], [1211, 1187], [1211, 1251], [1131, 1251]], '후우;', 0.951875424504053), ([[1201, 1285], [1283, 1285], [1283, 1351], [1201, 1351]], '후우;', 0.9321733301296774), ([[1120, 1422], [1388, 1422], [1388, 1596], [1120, 1596]], '탁탁', 0.994842264249429), ([[1460, 1561], [1735, 1561], [1735, 1741], [1460, 1741]], '탁탁]', 0.5174908507835828), ([[982, 1726], [1250, 1726], [1250, 1901], [982, 1901]], '탁탁]', 0.729543384983294)]
[([[169, 645], [490, 645], [490, 717], [169, 717]], '그치만 누나..', 0.6964550977547691), ([[157, 709], [504, 709], [504, 781], [157, 781]], '누나도 이렇게', 0.46192975864758284), ([[192, 775], [467, 775], [467, 847], [192, 847]], '만져지논거', 0.6495296286770743), ([[134, 838], [534, 838], [534, 916], [134, 916]], '기분 쫓지 않아?', 0.6870085059178787), ([[182, 904], [477, 904], [477, 978], [182, 978]], '만약 누나만', 0.7136299253569088), ([[207, 968], [436, 968], [436, 1040], [207, 1040]], '괜찮으면.', 0.7634050733064578), ([[1012, 992], [1250, 992], [1250, 1084], [1012, 1084]], '강우주', 0.9998708156255506), ([[1773, 968], [1977, 968], [1977, 1118], [1773, 1118]], '후우 .', 0.3914291262626648), ([[2065, 1014], [2240, 1014], [2240, 1162], [2065, 1162]], '후우;', 0.38940607420149626), ([[0, 1762], [542, 1762], [542, 2166], [0, 2166]], '턱', 0.4076321361198012), ([[-7.575771619546082, 1158.1665585294952], [225.60613841303334, 1104.3414530909308], [251.5757716195461, 1274.8334414705048], [17.393861586966658, 1328.6585469090692]], '주력', 0.38145062850288686), ([[315.24149217656174, 1215.0737569010846], [554.8668915094617, 1194.243483223324], [560.7585078234383, 1375.9262430989154], [320.1331084905383, 1397.756516776676]], '주럭', 0.10941300391922253), ([[860.8591168008122, 1587.0154982698875], [1338.447867345679, 1688.0955184471964], [1250.1408831991878, 2038.9845017301125], [772.5521326543211, 1936.9044815528036]], '닦탁', 0.0035098428866512173)]
[([[201, 681], [369, 681], [369, 749], [201, 749]], '엉덩이', 0.9997138978162343), ([[148, 743], [424, 743], [424, 823], [148, 823]], '만져지논거', 0.4077756608916076), ([[147, 809], [423, 809], [423, 881], [147, 881]], '기분좋다고', 0.8562485262296531), ([[111, 873], [432, 873], [432, 947], [111, 947]], '절대 말 못해', 0.9921281189687595), ([[959, 1064], [1124, 1064], [1124, 1130], [959, 1130]], '그런데', 0.999910940314393), ([[1790, 1008], [2005, 1008], [2005, 1109], [1790, 1109]], '크섭;', 0.07024896188401303), ([[11, 1095], [225, 1095], [225, 1271], [11, 1271]], '주물', 0.9997460325376363), ([[864, 1125], [1214, 1125], [1214, 1197], [864, 1197]], '누나 아까부터', 0.9604277146837708), ([[833, 1188], [1251, 1188], [1251, 1265], [833, 1265]], '보지 젖어 있는거', 0.4147507614662802), ([[479, 1191], [670, 1191], [670, 1353], [479, 1353]], '주물', 0.9997586756749879), ([[970, 1255], [1116, 1255], [1116, 1327], [970, 1327]], '알아?', 0.9999601501329547), ([[67.81893414144322, 1628.0170147080798], [584.6887231390922, 1715.858124391978], [511.1810658585568, 2056.98298529192], [-6.68872313909219, 1969.141875608022]], '닦탁!', 0.05144959166267339), ([[844.8256968588972, 1767.0168203755152], [1351.340203965124, 1851.0675114692804], [1278.1743031411027, 2197.983179624485], [771.6597960348762, 2113.9324885307196]], '닦턱)', 0.04240190437678556)]
[([[246, 660], [335, 660], [335, 709], [246, 709]], '아웃:', 0.6689962162335499), ([[120, 703], [475, 703], [475, 779], [120, 779]], '사위 햇으니까', 0.93522178254556), ([[174, 772], [422, 772], [422, 840], [174, 840]], '젖은거지.', 0.9851496607138506), ([[952, 894], [1078, 894], [1078, 958], [952, 958]], '누나:', 0.9518642114670022), ([[844, 953], [1193, 953], [1193, 1025], [844, 1025]], '사실 아까부터', 0.7241263749213269), ([[796, 1016], [1227, 1016], [1227, 1092], [796, 1092]], '눈치 채고 있없어:', 0.8533389091413623), ([[1805, 1016], [1922, 1016], [1922, 1084], [1805, 1084]], '으', 0.8019145998443946), ([[35, 1040], [285, 1040], [285, 1212], [35, 1212]], '주알적', 0.016561048911943575), ([[874, 1085], [1169, 1085], [1169, 1153], [874, 1153]], '누나도 지금', 0.9997130194582964), ([[831, 1146], [1213, 1146], [1213, 1222], [831, 1222]], '흥분하고 있지?', 0.3904306960744587), ([[0, 1758], [542, 1758], [542, 2168], [0, 2168]], '턱', 0.8796849335625581), ([[403.163972669538, 1209.0889184962416], [642.0134524013848, 1188.3554198447796], [644.836027330462, 1349.9110815037584], [406.9865475986152, 1370.6445801552204]], '주적', 0.4479950734301585), ([[855.7949727157976, 1588.016504126612], [1355.4962362399383, 1672.6080603631565], [1276.2050272842025, 2040.983495873388], [777.5037637600617, 1956.3919396368435]], '턱턱', 0.016487176870332892)]
[([[237, 737], [412, 737], [412, 809], [237, 809]], '우주야', 0.9883296489715576), ([[111, 799], [490, 799], [490, 875], [111, 875]], '우리 남매잡아.', 0.36642099653151367), ([[987, 1102], [1230, 1102], [1230, 1174], [987, 1174]], '누나 미안', 0.9991115440668826), ([[65.80168174063775, 1631.0175155298111], [584.6242214188798, 1715.708346841922], [513.1983182593623, 2054.982484470189], [-5.6242214188797135, 1971.291653158078]], '탓탁!', 0.08116655020314092), ([[847.8323826026412, 1765.0166293527072], [1348.6461259795956, 1856.7590271618842], [1271.1676173973588, 2197.9833706472928], [770.3538740204044, 2106.240972838116]], '닦탁', 0.15972879132433673)]
[([[1653, 315], [1895, 315], [1895, 405], [1653, 405]], '더 이상', 0.9978793556546522), ([[253, 369], [343, 369], [343, 465], [253, 465]], '야', 0.9984735119873136), ([[1605, 399], [1945, 399], [1945, 491], [1605, 491]], '못 참젯어!', 0.37309544369336317), ([[130, 465], [457, 465], [457, 582], [130, 582]], '강우주!!', 0.6345360905693247), ([[196, 578], [398, 578], [398, 680], [196, 680]], '너  !!', 0.33495725245438035), ([[616, 688], [798, 688], [798, 810], [616, 810]], '@맛', 0.4056269125970653), ([[195, 1131], [381, 1131], [381, 1329], [195, 1329]], '푹!', 0.81138384034216), ([[1454, 942], [1927, 942], [1927, 1375], [1454, 1375]], '4욕', 0.012684920850571255)]
[([[240, 212], [384, 212], [384, 264], [240, 264]], '으그극..', 0.7805138281087872), ([[176, 262], [426, 262], [426, 318], [176, 318]], '뭐야 이 느낌', 0.7219977014346635), ([[178, 312], [448, 312], [448, 368], [178, 368]], '속이 안쪽으로', 0.7610434847670113), ([[1485, 277], [1845, 277], [1845, 365], [1485, 365]], '누나  누나:!', 0.4705456799671285), ([[138, 362], [484, 362], [484, 418], [138, 418]], '밀려나는것 같아 !드', 0.35123735126163924), ([[1243, 523], [1413, 523], [1413, 635], [1243, 635]], '비악', 0.08503563642334523), ([[496, 681], [779, 681], [779, 792], [496, 792]], '고구대', 0.018590983815420115), ([[148, 788], [484, 788], [484, 1100], [148, 1100]], '팩', 0.5094684242724021), ([[1945.166838744139, 627.0084662116465], [2215.154375431542, 828.8371514616912], [1936.833161255861, 1200.9915337883535], [1666.8456245684579, 999.1628485383088]], '셋', 0.9610034169714368), ([[948.733235190591, 1406.2464998240048], [1314.7504615478128, 1166.5750821141091], [1476.2667648094089, 1454.7535001759952], [1110.2495384521872, 1693.4249178858909]], '퍽)', 0.3203737774815241)]
[([[170, 240], [208, 240], [208, 272], [170, 272]], '0', 0.9971875681118867), ([[202, 226], [476, 226], [476, 282], [202, 282]], '"이거 빨리 뼈', 0.7550897316974164), ([[1438, 204], [1934, 204], [1934, 260], [1438, 260]], '멈출 수 있올리가 없잖아!!', 0.2047290852645311), ([[238, 276], [404, 276], [404, 332], [238, 332]], '강우주 .!', 0.7393668950070447), ([[1462, 254], [1906, 254], [1906, 310], [1462, 310]], '이건 다 누나 잘못이야!', 0.9585675734200211), ([[1435, 303], [1933, 303], [1933, 363], [1435, 363]], '나날히 끌려지기나 하고  !', 0.5395659763528439), ([[40, 430], [414, 430], [414, 790], [40, 790]], '팩', 0.5656890941379835), ([[1245, 533], [1371, 533], [1371, 625], [1245, 625]], '코육', 0.7773356871926604), ([[894, 689], [1083, 689], [1083, 793], [894, 793]], "'맛 !", 0.22070711401539211), ([[257, 779], [533, 779], [533, 842], [257, 842]], '얘가 무슨말올', 0.8156897487855986), ([[285, 831], [507, 831], [507, 891], [285, 891]], '하느거야.!!', 0.7557335081860067), ([[1629.752516873762, 360.0210359008023], [1864.2746297776198, 556.7095106819489], [1618.247483126238, 848.9789640991977], [1383.7253702223802, 653.2904893180511]], '셋', 0.6910783542925856), ([[649.2484431729292, 718.1403476721608], [815.2672745755585, 707.0739876863774], [815.7515568270708, 801.8596523278392], [649.7327254244415, 812.9260123136226]], '하아', 0.593971617610614), ([[1934.061291459824, 1134.0110161884977], [2197.0606611536828, 1332.3823001771252], [1964.938708540176, 1639.9889838115023], [1701.9393388463172, 1441.6176998228748]], '셋', 0.455217143417034), ([[1035.9386779504848, 1188.544651025403], [1248.3488087312553, 1385.377541528545], [971.0613220495152, 1680.455348974597], [758.6511912687446, 1482.622458471455]], '셋', 0.22427917636935835)]
[([[152, 288], [528, 288], [528, 344], [152, 344]], '학교 다녀올때 마다', 0.9942962849515901), ([[231, 337], [449, 337], [449, 397], [231, 397]], '무신경하게', 0.9990398494994375), ([[1560, 348], [1868, 348], [1868, 404], [1560, 404]], '아옥:! 괴로위.!!', 0.32068778320840274), ([[210, 388], [468, 388], [468, 444], [210, 444]], '수건차림으로', 0.9901396265728215), ([[1543, 397], [1881, 397], [1881, 457], [1543, 457]], '저  점점 빨라지고', 0.5385440323136024), ([[162, 440], [418, 440], [418, 496], [162, 496]], '돌아다니는겉', 0.4129820981544732), ([[430, 442], [516, 442], [516, 490], [430, 490]], '보고', 0.9999991570631338), ([[1646, 450], [1770, 450], [1770, 504], [1646, 504]], '있어.!', 0.798580527305603), ([[272, 490], [406, 490], [406, 544], [272, 544]], '참느게', 0.20814372529626324), ([[146, 540], [538, 540], [538, 596], [146, 596]], '얼마나 힘든지 알아?', 0.7128891440985269), ([[914, 688], [988, 688], [988, 778], [914, 778]], '옷', 0.8396604135871257), ([[73.97840361221455, 968.3423463691662], [380.0657332433987, 703.1278313903448], [552.0215963877854, 968.6576536308338], [245.9342667566013, 1233.8721686096553]], '뜻', 0.19543540363407974), ([[1964.3749730957907, 677.0322164675632], [2227.7093920359735, 887.7939143579248], [1948.6250269042093, 1237.9677835324367], [1685.2906079640265, 1027.2060856420753]], '셋', 0.5260481785787228), ([[984.2343980219399, 1295.0380341090047], [1396.7789954778464, 1249.7977840004205], [1412.7656019780602, 1608.9619658909953], [999.2210045221535, 1653.2022159995795]], '팩', 0.2575268412044842)]
[([[1431, 199], [1661, 199], [1661, 259], [1431, 259]], '온 집안에서', 0.9815622052647981), ([[194, 228], [510, 228], [510, 284], [194, 284]], '팬티도 아무데나', 0.5979214932725142), ([[1436, 247], [1655, 247], [1655, 310], [1436, 310]], '암컷냄새가', 0.9889775311579074), ([[218, 278], [474, 278], [474, 334], [218, 334]], '벗고 다니고!!', 0.3386554338050214), ([[1448, 302], [1648, 302], [1648, 356], [1448, 356]], '풍긴다고!!', 0.4890820910240248), ([[626, 832], [822, 832], [822, 888], [626, 888]], '그만 해애.', 0.561877712314154), ([[115, 733], [473, 733], [473, 1061], [115, 1061]], '팩', 0.07867305800756696), ([[769, 1307], [1135, 1307], [1135, 1613], [769, 1613]], '팩', 0.06336905569702367), ([[1705.310045766064, 490.10657665240456], [2052.6866724843426, 395.01738371607485], [2106.689954233936, 683.8934233475954], [1758.3133275156574, 778.9826162839252]], '퍽', 0.36299665155795324), ([[1764.6115490403658, 1262.0839963731953], [2115.3786527134957, 1178.562276797051], [2161.388450959634, 1471.9160036268047], [1810.6213472865043, 1555.437723202949]], '팩', 0.5030613970053679)]
[([[1616, 204], [1748, 204], [1748, 260], [1616, 260]], '누나도', 0.999273100310907), ([[246, 244], [384, 244], [384, 300], [246, 300]], '강우주.', 0.6216248841223339), ([[1516, 256], [1846, 256], [1846, 312], [1516, 312]], '지금 젖은거 보면', 0.6918665465313444), ([[238, 293], [424, 293], [424, 350], [238, 350]], '너 평소에', 0.6764533992433632), ([[1505, 303], [1863, 303], [1863, 364], [1505, 364]], '마냥 싫국진 않잖아!!', 0.12184862545238243), ([[226, 346], [440, 346], [440, 398], [226, 398]], '날 그렇게..', 0.3892763251981417), ([[631, 693], [765, 693], [765, 777], [631, 777]], "으웃'", 0.050659807403975916), ([[923, 671], [991, 671], [991, 745], [923, 745]], '웃', 0.04769798789142499), ([[96, 764], [448, 764], [448, 1080], [96, 1080]], '팩', 0.29060508707340205), ([[993, 903], [1229, 903], [1229, 965], [993, 965]], '이건 . 웃0', 0.3237685678590587), ([[1770, 840], [2140, 840], [2140, 1178], [1770, 1178]], '팩', 0.09170345225904786), ([[987, 1339], [1353, 1339], [1353, 1669], [987, 1669]], '팩', 0.5659367623133313)]
[([[190, 178], [326, 178], [326, 232], [190, 232]], '그래서:', 0.4702040372258863), ([[528, 172], [900, 172], [900, 228], [528, 228]], '이 이상하진 않아?', 0.7933865428711417), ([[620, 224], [806, 224], [806, 276], [620, 276]], '내 거기', 0.9999278685366402), ([[1028, 462], [1498, 462], [1498, 518], [1028, 518]], '무슨 소리야 누나 이렇게', 0.7012625303822161), ([[948, 511], [1579, 511], [1579, 568], [948, 568]], '이렇게 예뿐 보지 난 처음보는데..', 0.46022822758764814), ([[808, 772], [860, 772], [860, 820], [808, 820]], '그', 0.9992389935240489), ([[874, 770], [988, 770], [988, 822], [874, 822]], '그래?', 0.9999825871649118), ([[1153, 1201], [1251, 1201], [1251, 1267], [1153, 1267]], '하악', 0.9081424756705216), ([[979, 1437], [1320, 1437], [1320, 1613], [979, 1613]], '탁탁탁]', 0.10391131788492203), ([[1419, 1564], [1768, 1564], [1768, 1751], [1419, 1751]], '탁탁탁사', 0.21854394674301147)]
[([[252, 236], [452, 236], [452, 290], [252, 290]], '아 알앗어', 0.3765482208161355), ([[173, 283], [533, 283], [533, 345], [173, 345]], '우주야 알앗으니까', 0.5465469933486439), ([[218, 336], [488, 336], [488, 392], [218, 392]], '일단 진정하고', 0.9126886969503474), ([[278, 386], [430, 386], [430, 442], [278, 442]], '천천히 .', 0.5752271386421364), ([[1534, 396], [1806, 396], [1806, 452], [1534, 452]], '이대로 가다간', 0.9933120503507228), ([[1554, 446], [1786, 446], [1786, 500], [1554, 500]], '주체 못하고', 0.9950043855945784), ([[1534, 496], [1810, 496], [1810, 552], [1534, 552]], '안에 싸켓어.!!', 0.5179457447058817), ([[624, 708], [800, 708], [800, 788], [624, 788]], '하아', 0.9980239694156753), ([[117, 715], [471, 715], [471, 1041], [117, 1041]], '팩', 0.26702481093142083), ([[1767, 803], [2133, 803], [2133, 1135], [1767, 1135]], '팩', 0.24351953658516834), ([[1020, 1316], [1386, 1316], [1386, 1648], [1020, 1648]], '팩', 0.37425586489247564), ([[938.9858196838319, 637.0468525853845], [1097.4736587016869, 672.6380848611869], [1073.014180316168, 766.9531474146155], [914.5263412983132, 731.3619151388131]], "하아'", 0.9711366318025939)]
[([[197, 199], [629, 199], [629, 289], [197, 289]], '누나 . 누나 .!!', 0.5296278810572888), ([[1474, 340], [1816, 340], [1816, 396], [1474, 396]], '안되켓어 이 녀석.', 0.4349893441937234), ([[1437, 390], [1842, 390], [1842, 446], [1437, 446]], '아무것도 안듣고있어:', 0.46843510611758826), ([[1432, 440], [1864, 440], [1864, 496], [1432, 496]], '다리에 힘도 안들어가 .', 0.46254698910954134), ([[85, 503], [443, 503], [443, 829], [85, 829]], '팩', 0.1273570020587158), ([[653, 700], [800, 700], [800, 802], [653, 802]], '응곳', 0.4838739590556306), ([[958, 672], [1088, 672], [1088, 750], [958, 750]], '옷 ""', 0.517100989818573), ([[143, 899], [497, 899], [497, 1205], [143, 1205]], '폐', 0.21660984699787278), ([[1761, 873], [2133, 873], [2133, 1199], [1761, 1199]], '폐', 0.38121476493324735), ([[1762.8193462305062, 1384.0721280806429], [2107.8172939729156, 1316.2410484127583], [2141.180653769494, 1600.9278719193571], [1797.1827060270841, 1668.7589515872417]], '팩', 0.30756212003785777)]
[([[56, 173], [454, 173], [454, 510], [56, 510]], '폐', 0.10101065911845808), ([[1402, 310], [1836, 310], [1836, 430], [1402, 430]], '이런-점점 정}-다면', 0.013510666385986157), ([[1490, 420], [1750, 420], [1750, 476], [1490, 476]], '못 잊어버려 .', 0.9566258506329318), ([[1422, 468], [1820, 468], [1820, 524], [1422, 524]], '너무 기분이 이상해 .', 0.5360154522103868), ([[952, 630], [1122, 630], [1122, 734], [952, 734]], '야당 ', 0.7269697146310113), ([[533, 697], [818, 697], [818, 799], [533, 799]], '하아아 ~', 0.31525427138122375), ([[145, 649], [509, 649], [509, 975], [145, 975]], '퍽', 0.07002073508947237), ([[1796, 853], [2162, 853], [2162, 1179], [1796, 1179]], '폐', 0.2279218338735456), ([[918, 1356], [1276, 1356], [1276, 1648], [918, 1648]], '팩', 0.15434019360728612)]
[([[283, 250], [437, 250], [437, 304], [283, 304]], '누나   !!', 0.4652405543462357), ([[1378, 346], [1706, 346], [1706, 402], [1378, 402]], '아웃   우 우주야!', 0.35388666659146867), ([[1432, 398], [1650, 398], [1650, 454], [1432, 454]], '내 말 들어!', 0.5566623074782474), ([[1356, 448], [1702, 448], [1702, 504], [1356, 504]], '잠깐만 쉬고 다시.', 0.8149747587708364), ([[66, 596], [420, 596], [420, 916], [66, 916]], '팩', 0.09794433395546864), ([[948, 678], [1144, 678], [1144, 776], [948, 776]], '아아:', 0.2372814259258893), ([[1812, 668], [2170, 668], [2170, 980], [1812, 980]], '팩', 0.4488897990329441), ([[940, 1329], [1316, 1329], [1316, 1655], [940, 1655]], '팩', 0.28284512788788163), ([[575.1115260634988, 716.1799355301936], [756.7995053418729, 703.2493468092956], [756.8884739365012, 787.8200644698064], [576.2004946581271, 800.7506531907044]], '아아', 0.9192514020855056)]
[([[1437, 223], [1747, 223], [1747, 307], [1437, 307]], '뭐 .. 뭐?!!?!', 0.4346898623556898), ([[218, 318], [312, 318], [312, 374], [218, 374]], '쌀게', 0.8374660248381794), ([[1385, 303], [1801, 303], [1801, 391], [1385, 391]], '사정하다고?!!', 0.6420932913501006), ([[1459, 385], [1729, 385], [1729, 469], [1459, 469]], '어서 뼈!', 0.5746209894717226), ([[1763, 837], [2133, 837], [2133, 1167], [1763, 1167]], '팩', 0.20367413352179042), ([[924, 1325], [1302, 1325], [1302, 1649], [924, 1649]], '팩', 0.46613549860558123), ([[105.32088270642149, 618.099828266048], [451.84401718047775, 518.6482207050416], [511.67911729357854, 823.900171733952], [165.15598281952228, 922.3517792949584]], '팩', 0.3144950534033377)]
[([[208, 242], [443, 242], [443, 298], [208, 298]], '이미 늦없어', 0.9174357847182089), ([[1384, 233], [1815, 233], [1815, 321], [1384, 321]], '안돼 우주야 !!', 0.7367391117489289), ([[198, 292], [470, 292], [470, 348], [198, 348]], '이대론 못 뼈!!', 0.49565784517142275), ([[1303, 312], [1893, 312], [1893, 402], [1303, 402]], '오늘 위험한 날이란', 0.7145421696516293), ([[1497, 396], [1701, 396], [1701, 476], [1497, 476]], '말 0.:!', 0.43047350787645006), ([[519, 670], [777, 670], [777, 808], [519, 808]], '하앗!', 0.08009976513332606), ([[943, 661], [1083, 661], [1083, 753], [943, 753]], '아으_', 0.4133118726209593), ([[1802, 604], [2178, 604], [2178, 925], [1802, 925]], '폐', 0.15545266571731364), ([[1772, 1210], [2140, 1210], [2140, 1528], [1772, 1528]], '팩', 0.3381310130113526), ([[62.33502164457793, 547.0374805096301], [404.526217364227, 519.2154479769731], [412.6649783554221, 842.9625194903699], [69.47378263577299, 870.7845520230269]], '팩', 0.23494182718248968), ([[133.54130048272958, 984.0864668547599], [480.57533378598555, 899.4408822343075], [528.4586995172705, 1195.91353314524], [181.42466621401442, 1281.5591177656925]], '팩', 0.6421966868521487)]
[([[852, 84], [1992, 84], [1992, 256], [852, 256]], '누나아아아아아!!!', 0.7941256398793302), ([[1621, 623], [1689, 623], [1689, 705], [1621, 705]], '4', 0.3716730691267891), ([[910, 678], [1100, 678], [1100, 774], [910, 774]], '에구 "', 0.24143571182214912), ([[231, 785], [580, 785], [580, 897], [231, 897]], '아그곳 .!', 0.7809067458011064), ([[-7.04553396379389, 257.09877695757416], [697.3484352291542, 110.20417384276816], [742.0455339637939, 504.90122304242584], [36.651564770845795, 651.7958261572319]], '부끄묶', 0.07600241781773685), ([[1215.3492692103378, 1162.8860537358237], [2066.4874588034354, 885.5621691801795], [2164.6507307896622, 1321.1139462641763], [1313.5125411965646, 1598.4378308198204]], '부끄증', 0.030774438674084546)]
[([[39, 92], [564, 92], [564, 505], [39, 505]], '부묶', 0.0919879786475994), ([[1490, 318], [1801, 318], [1801, 440], [1490, 440]], '나와양직도 0', 0.2563379768863209), ([[972, 638], [1110, 638], [1110, 738], [972, 738]], '오모', 0.09809142564458256), ([[86, 602], [565, 602], [565, 958], [86, 958]], '#끗', 0.11645285545767342), ([[597, 690], [776, 690], [776, 801], [597, 801]], '오고곡.', 0.2962937355041504), ([[1657, 779], [2146, 779], [2146, 1181], [1657, 1181]], '부족', 0.03859447376537973), ([[1620, 1215], [2075, 1215], [2075, 1584], [1620, 1584]], '#끗', 0.11678118798665926), ([[345.96396323602215, 1283.5603595596244], [462.7092965932006, 1252.2821342685259], [475.03603676397785, 1303.4396404403756], [358.2907034067994, 1334.7178657314741]], '-<', 0.028839946870645193)]
[([[1422, 350], [1804, 350], [1804, 406], [1422, 406]], '배가 터질것 같아!', 0.9127272400532588), ([[298, 818], [474, 818], [474, 872], [298, 872]], '강 우주.', 0.8142657661224625), ([[26.051097851463613, 314.0475059550041], [494.0650275628169, 258.61640438365043], [509.9489021485364, 598.9524940449959], [41.93497243718308, 655.3835956163496]], '부_', 0.3952039794277246), ([[1633.1537310857084, 716.0437259084481], [2087.4312696418724, 668.4109326612439], [2098.8462689142916, 1004.9562740915519], [1645.5687303581274, 1052.589067338756]], '부친', 0.06139042005608278), ([[29.38552051861563, 1031.0900475199267], [546.301664404746, 926.642243949412], [583.6144794813844, 1251.9099524800733], [66.69833559525401, 1356.357756050588]], '부근묶', 0.02660664782295797), ([[1570.894964937415, 1189.0568513421772], [2031.468429671778, 1117.3438841534812], [2057.105035062585, 1451.9431486578228], [1597.531570328222, 1523.6561158465188]], '#로', 0.4978768860346168)]
[([[1412, 288], [1598, 288], [1598, 432], [1412, 432]], '움질;', 0.20627463039800836), ([[227, 503], [411, 503], [411, 643], [227, 643]], '움질', 0.3824985602335536), ([[1868, 890], [2056, 890], [2056, 1034], [1868, 1034]], '움질,', 0.32139681017297217), ([[903, 1496], [1081, 1496], [1081, 1634], [903, 1634]], '움질', 0.47115852089564086)]
[([[580, 192], [1293, 192], [1293, 252], [580, 252]], '게다가 누나 보지 냄새름 맡고 있으면', 0.35676892497286017), ([[614, 244], [1228, 244], [1228, 300], [614, 300]], '참을 수 없을 정도로 흥분되다구', 0.3534837584688698), ([[654, 296], [1226, 296], [1226, 352], [654, 352]], '역시 실제로 보는건 다르구나 .', 0.5182768102053178), ([[769, 538], [1327, 538], [1327, 599], [769, 599]], '무슨 이상한 소리블 하느거야', 0.4206647646922328), ([[940, 592], [1156, 592], [1156, 648], [940, 648]], '이 바보야!', 0.6620467183818994), ([[97, 745], [157, 745], [157, 809], [97, 809]], '옷', 0.8593009058111001), ([[808, 822], [970, 822], [970, 878], [808, 878]], '미 미안', 0.9850898989098595), ([[988, 822], [1220, 822], [1220, 878], [988, 878]], '종은 뜻으로', 0.6371974904152711), ([[906, 872], [1112, 872], [1112, 926], [906, 926]], '한 말인데..', 0.8771564715354215), ([[1442, 1061], [1581, 1061], [1581, 1135], [1442, 1135]], '화눕}', 0.007037445015322657), ([[1123, 1211], [1248, 1211], [1248, 1280], [1123, 1280]], '하아,', 0.29923683404922485), ([[1157, 1423], [1372, 1423], [1372, 1545], [1157, 1545]], '탁탁!', 0.8971364965681189), ([[881, 1596], [1239, 1596], [1239, 1749], [881, 1749]], '탁탁타탁]', 0.29851030073808305), ([[1421, 1532], [1786, 1532], [1786, 1691], [1421, 1691]], '탁탁탁락]', 0.32752335237750696)]
[([[1216, 98], [1372, 98], [1372, 218], [1216, 218]], '움필 .', 0.3977709114551544), ([[272, 236], [446, 236], [446, 292], [272, 292]], '중사한터', 0.5598318576812744), ([[154, 286], [520, 286], [520, 342], [154, 342]], '애프터필 받아올게.', 0.9455833069336648), ([[166, 338], [514, 338], [514, 394], [166, 394]], '기분 종앞어 누나 .', 0.16681724869080594), ([[1660, 450], [1774, 450], [1774, 506], [1660, 506]], '누나?', 0.9983218097587765), ([[377, 823], [563, 823], [563, 939], [377, 939]], '움쩍 ', 0.464344382883869), ([[1863, 879], [2011, 879], [2011, 995], [1863, 995]], '움필', 0.6059352164808415), ([[974, 1444], [1120, 1444], [1120, 1564], [974, 1564]], '움', 0.8144737118990442)]
[([[185, 281], [485, 281], [485, 343], [185, 343]], '누나.. 괜찮아?', 0.5891201722075979), ([[1490, 310], [1982, 310], [1982, 382], [1490, 382]], '저 정신 차려 누나 !', 0.5010473190221426), ([[334.6186176480295, 1274.0804794128323], [551.0801455238958, 1231.2755484483673], [561.3813823519705, 1296.9195205871677], [344.91985447610426, 1339.7244515516327]], '~스', 0.13278612920621558)]
[([[1273, 301], [1579, 301], [1579, 433], [1273, 433]], '누나:!', 0.48769959807395935), ([[1637, 297], [1980, 297], [1980, 436], [1637, 436]], '누나  !!', 0.4107103884112001)]
[]
[([[325, 1117], [469, 1117], [469, 1191], [325, 1191]], '씨발 ', 0.2770314049466706), ([[918, 1425], [1111, 1425], [1111, 1534], [918, 1534]], '해니느', 0.028308782840566413), ([[656, 2241], [848, 2241], [848, 2473], [656, 2473]], '끝', 0.9997484842160844), ([[779.3351388442811, 1091.1751525681213], [902.5509777764703, 1080.4081931473338], [904.6648611557189, 1153.8248474318787], [782.4490222235297, 1164.5918068526662]], '쫓쨌누', 0.11321744621158747)]
[([[700, 300], [1272, 300], [1272, 356], [700, 356]], '그나저나.. 이렇게 서 잇는것도', 0.21774275144739483), ([[643, 347], [1331, 347], [1331, 407], [643, 407]], '상상 이상으로 부끄럽네.. 죽고싶다 .', 0.5170387442832846), ([[897, 727], [1515, 727], [1515, 787], [897, 787]], '하아 하아 누나 이제 쌀것같아.', 0.8065721821928244), ([[1135, 1203], [1203, 1203], [1203, 1265], [1135, 1265]], '희', 0.5575471653303374), ([[1010, 1418], [1222, 1418], [1222, 1570], [1010, 1570]], '탁탁', 0.369493494516951), ([[1309, 1433], [1533, 1433], [1533, 1589], [1309, 1589]], '탁탁', 0.43583913953469766), ([[1042, 1681], [1271, 1681], [1271, 1840], [1042, 1840]], '타탁', 0.23100352799016668), ([[1510, 1644], [1731, 1644], [1731, 1804], [1510, 1804]], '탁탁', 0.9143366248098046), ([[59.48714644483792, 735.4665807565785], [195.03353950610438, 716.4508591140562], [200.51285355516208, 774.5334192434215], [63.96646049389561, 793.5491408859438]], '하아하', 0.868419334217898)]
[([[600, 226], [1010, 226], [1010, 282], [600, 282]], '뭐? 야 강우주! 잠깐 .!', 0.8944601292597907), ([[995, 513], [1539, 513], [1539, 573], [995, 573]], '안돼 이제 더 이상 못참켓어!', 0.4808420836799628), ([[104, 722], [188, 722], [188, 798], [104, 798]], '아?', 0.9983977844343654), ([[729, 825], [1165, 825], [1165, 885], [729, 885]], '뭐 .월 못참껏다논건데!', 0.40355991777922373), ([[934, 1420], [1750, 1420], [1750, 1701], [934, 1701]], '탁탁탁  탁탁탁 ', 0.14008753371352745), ([[865, 1696], [1259, 1696], [1259, 1908], [865, 1908]], '탁탁탁', 0.9687487407146781), ([[1142.077056563362, 1244.0474486646115], [1297.7657892921115, 1280.9601622402006], [1276.922943436638, 1358.9525513353885], [1121.2342107078885, 1322.0398377597994]], '하아야', 0.5956020725687634)]
[([[854, 407], [1499, 407], [1499, 589], [854, 589]], '누나아!!!', 0.9593290819085133), ([[878, 892], [1236, 892], [1236, 1145], [878, 1145]], '부릇로', 0.023302147959173607), ([[82, 1101], [606, 1101], [606, 1453], [82, 1453]], '부리', 0.08476495284840392), ([[1279, 1298], [1390, 1298], [1390, 1367], [1279, 1367]], "크웃'", 0.05369010047927374), ([[1695, 1375], [1737, 1375], [1737, 1443], [1695, 1443]], "'", 0.6488737023246927), ([[643, 1423], [1087, 1423], [1087, 1732], [643, 1732]], '부릇', 0.4954213677873533), ([[1476, 1526], [1758, 1526], [1758, 1744], [1476, 1744]], '탁탁', 0.9375433680657779), ([[1025, 1728], [1329, 1728], [1329, 1946], [1025, 1946]], '탁탁', 0.9326849114052129), ([[53.2682698535109, 706.1681762529056], [160.7638707632828, 695.0628245522296], [165.7317301464891, 774.8318237470944], [57.236129236717204, 785.9371754477704]], '흐%', 0.13830453566368617)]
[([[677, 293], [1185, 293], [1185, 353], [677, 353]], '의 욕 뛰야 이 뜨거운건.. !', 0.40049449933295406), ([[925, 605], [1369, 605], [1369, 665], [925, 665]], '강우주 너 월 싸는거야!', 0.5950160832996225), ([[34, 695], [206, 695], [206, 772], [34, 772]], '하아차 ', 0.03267541900277138), ([[107, 1188], [713, 1188], [713, 1573], [107, 1573]], '부르릿', 0.11001220860502002), ([[799, 1423], [1225, 1423], [1225, 1699], [799, 1699]], '부르릇', 0.04697755227878149), ([[1464, 1520], [1749, 1520], [1749, 1717], [1464, 1717]], "탁탁'", 0.2699669897556305), ([[1237, 1828], [1515, 1828], [1515, 2004], [1237, 2004]], '탁탁]', 0.4871145897066476), ([[105.25995562830278, 793.2578535733992], [222.2520063578824, 784.0988917261221], [223.74004437169722, 837.7421464266008], [106.74799364211759, 847.9011082738779]], '하앗  ', 0.6512595415115356), ([[1283.3351388442811, 1307.1751525681213], [1415.8033496077915, 1297.7911481239935], [1416.6648611557189, 1369.8248474318787], [1284.1966503922085, 1379.2088518760065]], '/것', 0.02484701770187115)]
