2926173
33
[([[366, 688], [844, 688], [844, 840], [366, 840]], '소년소녀', 0.9998611807823181), ([[467, 847], [748, 847], [748, 915], [467, 915]], "6;': -;응긋", 0.012091526759844286)]
[([[102, 248], [354, 248], [354, 320], [102, 320]], '다이스레?', 0.890008204478893), ([[955, 342], [1139, 342], [1139, 474], [955, 474]], '"', 0.4307135059718803), ([[587, 821], [671, 821], [671, 905], [587, 905]], '꽉', 0.13484497942786167)]
[([[367, 313], [459, 313], [459, 377], [367, 377]], '응?', 0.9976049611664743), ([[1043, 315], [1135, 315], [1135, 383], [1043, 383]], '어?', 0.9999660298090982), ([[718, 952], [828, 952], [828, 1024], [718, 1024]], '훌령', 0.2601894265007647), ([[648, 1468], [760, 1468], [760, 1542], [648, 1542]], '훌령', 0.27639596039174535)]
[([[755, 231], [1055, 231], [1055, 291], [755, 291]], '잠깐 , 다이스레', 0.9057322297576638), ([[193, 305], [465, 305], [465, 367], [193, 367]], '싫엇, 나 살짝', 0.9149082790899585), ([[761, 289], [1051, 289], [1051, 351], [761, 351]], '뭐 하는 거야?', 0.7119599828236861), ([[199, 363], [457, 363], [457, 427], [199, 427]], '장난친 건데!', 0.8075088849363941), ([[741, 348], [1071, 348], [1071, 411], [741, 411]], '왜 바지틀 벗겨?', 0.3403928739424945), ([[881, 889], [995, 889], [995, 951], [881, 951]], '쓰욕', 0.18180096995124895), ([[325, 1211], [609, 1211], [609, 1301], [325, 1301]], '까아아아', 0.9971782565116882)]
[([[869, 471], [971, 471], [971, 531], [869, 531]], '하아', 0.9999612251195549), ([[162, 650], [260, 650], [260, 704], [162, 704]], '하아', 0.9999820454897439), ([[726, 1284], [820, 1284], [820, 1340], [726, 1340]], '질객', 0.30262900033828416), ([[748.3729298231972, 1628.0494578861421], [810.9911406314264, 1665.7339239579048], [790.6270701768028, 1698.9505421138579], [728.0088593685736, 1661.2660760420952]], '5', 0.5740444780202871)]
[([[850, 206], [1084, 206], [1084, 280], [850, 280]], '너 햇볕에', 0.9642607050412713), ([[849, 279], [1085, 279], [1085, 347], [849, 347]], '안 탓으면', 0.9086246656016436), ([[883, 349], [1057, 349], [1057, 417], [883, 417]], '나보다', 0.9999877490683106), ([[853, 414], [1082, 414], [1082, 493], [853, 493]], '하양구나', 0.7530903816223145), ([[465, 1115], [581, 1115], [581, 1183], [465, 1183]], '주움', 0.3591666449456512)]
[([[848, 352], [1092, 352], [1092, 424], [848, 424]], '싫어어어엇', 0.6015196053098001), ([[833, 423], [1115, 423], [1115, 487], [833, 487]], '다이스레 나', 0.9170340942878392), ([[822, 482], [1118, 482], [1118, 554], [822, 554]], '못하켓어어어', 0.9171227211693309), ([[451, 1165], [587, 1165], [587, 1225], [451, 1225]], '어떡해', 0.9996525080625068), ([[429, 1225], [611, 1225], [611, 1285], [429, 1285]], '평소처럼', 0.616665370756871), ([[419, 1282], [623, 1282], [623, 1344], [419, 1344]], '저항할 수', 0.8729618350122357), ([[475, 1345], [567, 1345], [567, 1405], [475, 1405]], '없어', 0.9999617308760305)]
[([[661, 235], [819, 235], [819, 327], [661, 327]], '누구', 0.9999415849676986), ([[646, 322], [834, 322], [834, 418], [646, 418]], '있니?', 0.71788311204588)]
[([[212, 202], [362, 202], [362, 274], [212, 274]], '어라?', 0.9687298255280384), ([[167, 269], [405, 269], [405, 341], [167, 341]], '이상하네.', 0.9977801165487996), ([[136, 334], [436, 334], [436, 411], [136, 411]], '무슨 소리가', 0.9617745110894502), ([[134, 402], [438, 402], [438, 476], [134, 476]], '들려엿는데?', 0.08249182863315996), ([[904, 510], [1002, 510], [1002, 566], [904, 566]], '하아', 0.9999700758686951), ([[381, 769], [484, 769], [484, 832], [381, 832]], '하아', 0.999967884252485), ([[728, 1040], [826, 1040], [826, 1096], [728, 1096]], '하아', 0.9999587806309789), ([[120, 1158], [318, 1158], [318, 1232], [120, 1232]], '어쩌지?', 0.9973213076591492), ([[145, 1591], [395, 1591], [395, 1707], [145, 1707]], '5사', 0.08121747297582395)]
[([[285, 721], [935, 721], [935, 881], [285, 881]], "3어싹'$ -교튜긋", 0.0010893105133351249)]
[([[866, 384], [1138, 384], [1138, 460], [866, 460]], '소굽친구인', 0.9609511493697515), ([[892, 460], [1118, 460], [1118, 532], [892, 532]], '아키라는', 0.8706203103065491), ([[870, 533], [1138, 533], [1138, 607], [870, 607]], '절친이지만', 0.7882063194627525), ([[854, 608], [1154, 608], [1154, 682], [854, 682]], '항상 싸운다', 0.7198861668178749)]
[([[372, 200], [462, 200], [462, 252], [372, 252]], '네가', 0.9996347749482962), ([[831, 193], [1047, 193], [1047, 257], [831, 257]], '다이스레!', 0.7841962716396469), ([[277, 253], [561, 253], [561, 313], [277, 313]], '느려터적으니까', 0.39885779690447876), ([[797, 255], [1079, 255], [1079, 321], [797, 321]], '너 왜 나한터', 0.6068754118471723), ([[348, 310], [488, 310], [488, 364], [348, 364]], '그렇지!', 0.9616186022758484), ([[811, 321], [1065, 321], [1065, 385], [811, 385]], '패스 안 해!', 0.845662176737637), ([[844, 1414], [1052, 1414], [1052, 1468], [844, 1468]], '다이스레랑', 0.6767127406489123), ([[836, 1468], [1058, 1468], [1058, 1524], [836, 1524]], '아키라가 또', 0.9831825553866518), ([[830, 1524], [1066, 1524], [1066, 1578], [830, 1578]], '싸우고 있어!', 0.9675998820857289)]
[([[709, 141], [984, 141], [984, 218], [709, 218]], '여름방학에', 0.9997110439506384), ([[702, 214], [992, 214], [992, 286], [702, 286]], '살짝 보엿던', 0.32055218236393446), ([[738, 284], [956, 284], [956, 356], [738, 356]], '아키라의', 0.928889811038971), ([[736, 354], [960, 354], [960, 426], [736, 426]], '젖꼭지가', 0.9720325469970703), ([[712, 424], [980, 424], [980, 496], [712, 496]], '머릿속에서', 0.9982192980881346), ([[738, 494], [952, 494], [952, 568], [738, 568]], '지위지질', 0.540310800075531), ([[761, 567], [935, 567], [935, 635], [761, 635]], '안분다', 0.188780803442286), ([[75, 743], [257, 743], [257, 807], [75, 807]], '이 보스', 0.9996131058720811), ([[46, 808], [282, 808], [282, 882], [46, 882]], '공략 점색', 0.6033634094772053), ([[70, 878], [260, 878], [260, 950], [70, 950]], '좀 해화', 0.9500881065462097), ([[525, 1459], [679, 1459], [679, 1533], [525, 1533]], '오오', 0.9998690101077524), ([[870, 1584], [922, 1584], [922, 1634], [870, 1634]], '1', 0.5298315960944286)]
[([[537, 77], [707, 77], [707, 137], [537, 137]], '그 뒤로', 0.986299738432255), ([[455, 136], [787, 136], [787, 203], [455, 203]], '햇볕에 검계 탄', 0.3807940646511604), ([[491, 201], [751, 201], [751, 269], [491, 269]], '피부 너머의', 0.7362484392632898), ([[511, 267], [733, 267], [733, 333], [511, 333]], '흰 피부와', 0.8668680960574198), ([[415, 329], [825, 329], [825, 402], [415, 402]], '그녀석의 젖꼭지틀', 0.7136208341055608), ([[495, 397], [745, 397], [745, 463], [495, 463]], '생각하면서', 0.9997816844855586), ([[455, 463], [787, 463], [787, 529], [455, 529]], '매일 밤 자지흘', 0.45629477838649246), ([[497, 527], [747, 527], [747, 595], [497, 595]], '발기시켜다', 0.7843928434984592), ([[514, 1398], [708, 1398], [708, 1472], [514, 1472]], '그리고', 0.9999947004371946), ([[545, 1473], [675, 1473], [675, 1557], [545, 1557]], '현재', 0.9999943523269706)]
[([[949, 459], [1097, 459], [1097, 525], [949, 525]], '어찌트', 0.24314774554242882), ([[927, 522], [1123, 522], [1123, 588], [927, 588]], '영문인지', 0.9995905756950378), ([[885, 585], [1160, 585], [1160, 657], [885, 657]], '사물함 안에', 0.9931892721313995), ([[895, 653], [1157, 653], [1157, 721], [895, 721]], '이 녀석이량', 0.5875641615929051), ([[949, 719], [1103, 719], [1103, 783], [949, 783]], '전라로', 0.8964812728862649), ([[428, 786], [686, 786], [686, 842], [428, 842]], '어쩌지 아까는', 0.933653341637531), ([[951, 787], [1101, 787], [1101, 849], [951, 849]], '있논데', 0.19687806237887073), ([[452, 840], [662, 840], [662, 896], [452, 896]], '충동적으로', 0.9991041508356894), ([[436, 896], [680, 896], [680, 952], [436, 952]], '달려들/는데', 0.3082067406651856), ([[373, 1351], [517, 1351], [517, 1411], [373, 1411]], '하지만', 0.9996879696846008), ([[295, 1411], [593, 1411], [593, 1473], [295, 1473]], '이 녀석도 그럴', 0.6613488977580366), ([[297, 1471], [593, 1471], [593, 1533], [297, 1533]], '생각이없켓지?', 0.36596156195686624)]
[([[478, 370], [714, 370], [714, 442], [478, 442]], '괜찮켓지?', 0.36319502917016244), ([[501, 1334], [718, 1334], [718, 1410], [501, 1410]], '싫어하진', 0.9994892477989197), ([[512, 1406], [712, 1406], [712, 1478], [512, 1478]], '않젯지?', 0.13887366997653225)]
[([[928, 284], [1116, 284], [1116, 356], [928, 356]], '굉장해.', 0.6358256936073303), ([[915, 355], [1129, 355], [1129, 423], [915, 423]], '겉보기엔', 0.6687083840370178), ([[939, 425], [1107, 425], [1107, 493], [939, 493]], '작지만', 0.9995804514510886), ([[936, 494], [1112, 494], [1112, 566], [936, 566]], '가슴은', 0.9774738308560216), ([[914, 564], [1134, 564], [1134, 636], [914, 636]], '이렇게나', 0.9022234678268433), ([[912, 634], [1136, 634], [1136, 706], [912, 706]], '부드러운', 0.9994449019432068), ([[937, 703], [1110, 703], [1110, 779], [937, 779]], '거구나', 0.999926150587304), ([[416, 792], [494, 792], [494, 868], [416, 868]], '아', 0.9999939203354735)]
[([[980, 304], [1056, 304], [1056, 390], [980, 390]], '어', 0.9999728204666667), ([[105, 855], [367, 855], [367, 921], [105, 921]], '아키라 거길', 0.9821765886410699), ([[136, 919], [331, 919], [331, 988], [136, 988]], '만지면: .', 0.9026975630389568)]
[([[526, 194], [722, 194], [722, 272], [526, 272]], '자위도', 0.9992614699409743), ([[497, 271], [753, 271], [753, 355], [497, 355]], '순식간에', 0.9986820816993713), ([[465, 353], [783, 353], [783, 437], [465, 437]], '싸버리논데', 0.7405042278328686), ([[1055, 805], [1211, 805], [1211, 969], [1055, 969]], '문', 0.9438000499585542), ([[1059, 932], [1208, 932], [1208, 1096], [1059, 1096]], '김', 0.12948081888595198), ([[512, 1282], [642, 1282], [642, 1356], [512, 1356]], '장난', 0.9999353473465431), ([[416, 1355], [738, 1355], [738, 1433], [416, 1433]], '아니야 이런', 0.6571423971842858), ([[418, 1428], [734, 1428], [734, 1509], [418, 1509]], '좁은 곳에서', 0.9475833371945253), ([[448, 1508], [712, 1508], [712, 1586], [448, 1586]], '엄청난 양', 0.8310462702877703), ([[675.8836873886971, 829.069499109577], [802.2378352918049, 847.3753524716059], [788.1163126113029, 926.930500890423], [660.7621647081951, 909.6246475283941]], '국', 0.06403190406709669)]
[([[844, 968], [1074, 968], [1074, 1046], [844, 1046]], '미안해~', 0.999864399433136), ([[813, 1044], [1109, 1044], [1109, 1128], [813, 1128]], '그 하안 건', 0.9965445063445355), ([[824, 1128], [1096, 1128], [1096, 1208], [824, 1208]], '더러운 게', 0.9822863917043335), ([[832, 1208], [1088, 1208], [1088, 1288], [832, 1288]], '아니라: .', 0.3849913010448621)]
[([[911, 225], [1083, 225], [1083, 293], [911, 293]], '괜찮아', 0.999709493153408), ([[883, 293], [1113, 293], [1113, 361], [883, 361]], '알고 있어.', 0.6767538004334239), ([[831, 359], [1163, 359], [1163, 427], [831, 427]], '우리들 더 이상', 0.9982898418867152), ([[896, 424], [1098, 424], [1098, 496], [896, 496]], '어린이가', 0.9998966455459595), ([[895, 493], [1099, 493], [1099, 561], [895, 561]], '아니장아', 0.5715917944908142)]
[([[723, 191], [893, 191], [893, 259], [723, 259]], '더 이상', 0.999681721291408), ([[699, 261], [917, 261], [917, 327], [699, 327]], '날 남자애', 0.9782242912347604), ([[665, 325], [947, 325], [947, 393], [665, 393]], '취급하지 마:', 0.8579457723463063), ([[627, 393], [991, 393], [991, 459], [627, 459]], '다른 여자애한터', 0.8377583920836174), ([[703, 461], [907, 461], [907, 527], [703, 527]], '한눈팔지', 0.9976086020469666), ([[704, 526], [908, 526], [908, 592], [704, 592]], '안빠다면', 0.29432129859924316), ([[266, 1374], [582, 1374], [582, 1455], [266, 1455]], '날 마음대로', 0.996547934494485), ([[289, 1451], [553, 1451], [553, 1527], [289, 1527]], '해도 좋아', 0.8967768629647687)]
[([[1056, 6], [1108, 6], [1108, 34], [1056, 34]], '#?', 0.30451520450256103), ([[1062, 172], [1120, 172], [1120, 220], [1062, 220]], '-', 0.013506848807926852), ([[477, 951], [863, 951], [863, 1037], [477, 1037]], '또 싸람다고?', 0.22882781564039942), ([[470, 1031], [867, 1031], [867, 1118], [470, 1118]], '너희들은 대체', 0.9892853267682656), ([[443, 1113], [897, 1113], [897, 1197], [443, 1197]], '언제 어른 월래?', 0.46737012644055465)]
[([[477, 411], [695, 411], [695, 623], [477, 623]], '', 0.0), ([[657, 1033], [827, 1033], [827, 1093], [657, 1093]], '그 뒤로', 0.9946926699791315), ([[598, 1094], [884, 1094], [884, 1160], [598, 1160]], '한 시간 동안', 0.9616057189124424), ([[637, 1159], [845, 1159], [845, 1225], [637, 1225]], '우리들은', 0.9997719526290894), ([[581, 1223], [899, 1223], [899, 1291], [581, 1291]], '사물함 안에서', 0.8394477765844127), ([[59.85033209803826, 110.48569740588034], [135.53553390593274, 92.46446609406726], [145.14966790196175, 140.51430259411964], [69.46446609406726, 158.53553390593274]], '11 {', 0.3869520995689347)]
[([[0, 25], [17, 25], [17, 51], [0, 51]], '1', 0.9970296062476791), ([[23, 43], [41, 43], [41, 71], [23, 71]], '#', 0.5682096396190559), ([[999, 151], [1085, 151], [1085, 237], [999, 237]], '아', 0.9999897480273745), ([[442, 642], [524, 642], [524, 720], [442, 720]], '아', 0.9999371776910984), ([[194, 984], [274, 984], [274, 1062], [194, 1062]], '아', 0.9999759198684757), ([[39, 1483], [59, 1483], [59, 1521], [39, 1521]], '터', 0.02908640409806651), ([[192, 1456], [272, 1456], [272, 1534], [192, 1534]], '아', 0.9999761582841984), ([[0, 1508], [24, 1508], [24, 1540], [0, 1540]], '(7', 0.31294451180503075)]
[([[203, 211], [403, 211], [403, 279], [203, 279]], '아키라의', 0.9374107122421265), ([[229, 279], [383, 279], [383, 343], [229, 343]], '거기능', 0.32802156647692604), ([[180, 340], [426, 340], [426, 406], [180, 406]], '질척거럿고', 0.3465733976966733), ([[263, 1277], [421, 1277], [421, 1339], [263, 1339]], '음모는', 0.9308274328230194), ([[215, 1337], [469, 1337], [469, 1405], [215, 1405]], '부드러워다', 0.4840146529979687)]
[([[851, 181], [1053, 181], [1053, 243], [851, 243]], '그로부터', 0.9995198845863342), ([[89, 218], [477, 218], [477, 290], [89, 290]], '햇볕에 탄 자국은', 0.7729302745513993), ([[762, 240], [1142, 240], [1142, 312], [762, 312]], '얼마 지나지 않아', 0.9995475905609607), ([[109, 289], [457, 289], [457, 353], [109, 353]], '크리스마스까지', 0.9252233980328117), ([[769, 307], [1135, 307], [1135, 375], [769, 375]], '아키라는 머리틀', 0.33502117654850944), ([[137, 351], [433, 351], [433, 419], [137, 419]], '남아있없지만', 0.510629795763853), ([[875, 373], [1029, 373], [1029, 439], [875, 439]], '길없다', 0.3385935954083272), ([[32, 1481], [1173, 1481], [1173, 1547], [32, 1547]], '걸르::> (서,(스7항44 예이-르: 2022', 0.0003651436430680934)]
[([[864, 346], [928, 346], [928, 398], [864, 398]], '{', 0.1897096474225215), ([[976, 790], [1024, 790], [1024, 822], [976, 822]], '터', 0.011302759217209024), ([[521, 1183], [805, 1183], [805, 1249], [521, 1249]], '특히 아키라!', 0.7838280031963708), ([[533, 1246], [796, 1246], [796, 1312], [533, 1312]], '년 여자니까', 0.9974344796456136), ([[411, 1311], [915, 1311], [915, 1379], [411, 1379]], '조금이라도 여자애처럼', 0.8579645226851798), ([[457, 1377], [869, 1377], [869, 1443], [457, 1443]], '행동활 순 없젯니?', 0.5818364708663896)]
[([[914, 246], [1004, 246], [1004, 326], [914, 326]], '흥,', 0.2571518521305756), ([[286, 304], [412, 304], [412, 380], [286, 380]], '내가', 0.9996791089772847), ([[836, 322], [1078, 322], [1078, 398], [836, 398]], '부모님도', 0.9972048401832581), ([[192, 377], [506, 377], [506, 455], [192, 455]], '여자라는 건', 0.9200903038781275), ([[838, 396], [1076, 396], [1076, 472], [838, 472]], '선생님도', 0.9986562132835388), ([[180, 452], [520, 452], [520, 528], [180, 528]], '나도 잘 알고', 0.9976727132235343), ([[894, 472], [1022, 472], [1022, 548], [894, 548]], '항상', 0.9997869964725923), ([[290, 528], [406, 528], [406, 604], [290, 604]], '있어', 0.9868444005795967), ([[832, 546], [1090, 546], [1090, 622], [832, 622]], '그 소리야', 0.7738634496161777), ([[139, 1417], [325, 1417], [325, 1485], [139, 1485]], '내 몸이-', 0.8565373207044396)]
[([[100, 252], [386, 252], [386, 324], [100, 324]], '그것올 잊지', 0.8299332344666228), ([[910, 244], [1142, 244], [1142, 300], [910, 300]], '가슴이 아파.', 0.7803206920106409), ([[956, 295], [1102, 295], [1102, 345], [956, 345]], '또 가슴', 0.6752454217216745), ([[98, 326], [394, 326], [394, 398], [98, 398]], '안게 해준다', 0.5257742481769367), ([[946, 344], [1108, 344], [1108, 400], [946, 400]], '커지켓어', 0.29187649488449097), ([[60, 1322], [298, 1322], [298, 1398], [60, 1398]], '하지만 .', 0.480316660318571)]
[([[168, 129], [638, 129], [638, 206], [168, 206]], '이거 화화 아키라!', 0.6693853692364718), ([[218, 204], [586, 204], [586, 280], [218, 280]], '선생님의 가슴', 0.9131532751725284), ([[242, 276], [559, 276], [559, 357], [242, 357]], '오늘도 엄청', 0.6184444168253911), ([[218, 354], [584, 354], [584, 430], [218, 430]], '흔들리고 있어', 0.9579416816284492), ([[436, 894], [508, 894], [508, 968], [436, 968]], '차', 0.0859084831728616), ([[522, 1396], [650, 1396], [650, 1468], [522, 1468]], '바보', 0.999938634740056), ([[95.50974789839378, 909.1880168037358], [133.6699416710901, 884.037519127298], [177.49025210160622, 959.8119831962642], [139.3300583289099, 984.962480872702]], '값', 0.008950124129478765), ([[-7.39972008397201, 1001.1413715885371], [30.59611720183719, 967.0254287385048], [107.39972008397201, 1063.8586284114629], [68.40388279816281, 1097.9745712614952]], '뭄', 0.019205918210496442), ([[101.24358573462106, 1056.0409887585138], [168.87245895413196, 1116.669846654039], [128.75641426537894, 1161.9590112414862], [62.12754104586803, 1101.330153345961]], '싶어', 0.9997267307716009)]
[([[948, 194], [1036, 194], [1036, 248], [948, 248]], '정말', 0.9999924978692074), ([[926, 244], [1058, 244], [1058, 294], [926, 294]], '바보야', 0.9998379176711144), ([[230, 532], [300, 532], [300, 582], [230, 582]], '응?', 0.9982917101510478), ([[126, 580], [406, 580], [406, 636], [126, 636]], '어응어 아키라?', 0.26136387095472347), ([[174, 632], [354, 632], [354, 686], [174, 686]], '이런 긋에', 0.5955344235454737), ([[134, 682], [400, 682], [400, 736], [134, 736]], '부르고 말이야', 0.9898189920941568), ([[834, 710], [1082, 710], [1082, 782], [834, 782]], '체육 창고', 0.8035058337334895)]
[([[934, 300], [1038, 300], [1038, 374], [934, 374]], '어?', 0.9999467267991122), ([[869, 377], [1105, 377], [1105, 461], [869, 461]], '아키라?', 0.9852460622787476), ([[192, 748], [264, 748], [264, 822], [192, 822]], '너', 0.999943018771333), ([[111, 823], [349, 823], [349, 909], [111, 909]], '뭐하나?', 0.6101349410198803)]
