2933573
251
[]
[([[249, 137], [339, 137], [339, 223], [249, 223]], '> )', 0.16892071068286896), ([[324, 192], [354, 192], [354, 222], [324, 222]], '9', 0.9820298409868542), ([[88, 395], [233, 395], [233, 439], [88, 439]], '1*시신-', 0.052062311850986184)]
[([[214, 214], [604, 214], [604, 334], [214, 334]], '사-6라', 0.1107708066701889), ([[141, 330], [713, 330], [713, 502], [141, 502]], '스,4 [도`규', 9.671517498790441e-05)]
[([[173, 2315], [531, 2315], [531, 2465], [173, 2465]], '상황하되실', 0.003635394315262008)]
[([[138, 198], [453, 198], [453, 306], [138, 306]], '7처형웃;형(', 0.0003503137200736781), ([[252, 299], [533, 299], [533, 407], [252, 407]], '[*;응~,+', 0.0023988884472572448)]
[([[8, 14], [184, 14], [184, 43], [8, 43]], '[형조아나형 |"}_술메표', 2.2434740246183607e-06)]
[]
[([[117, 116], [402, 116], [402, 250], [117, 250]], '.즐-어?', 0.0008226966784663259), ([[54, 1537], [576, 1537], [576, 1834], [54, 1834]], '|~빨3|', 0.00010947037945274419)]
[([[150, 139], [623, 139], [623, 247], [150, 247]], '아사5 낫대& -6라*', 9.892009946587288e-06)]
[([[26.984863119866056, 2.0516585746873393], [209.6561575852067, 33.40026526552128], [191.01513688013395, 119.94834142531266], [8.343842414793302, 87.59973473447873]], '서컷동"', 0.00012386181333567947)]
[([[1646, 51], [1904, 51], [1904, 171], [1646, 171]], "'9어", 0.016549895588187664), ([[1750, 160], [2123, 160], [2123, 318], [1750, 318]], '간없분즐째;', 4.44350205364601e-05), ([[135, 2033], [876, 2033], [876, 2383], [135, 2383]], '음 쪽', 0.006460325686650301), ([[1053, 2083], [1320, 2083], [1320, 2301], [1053, 2301]], '@@', 0.7212389328554445), ([[828, 2401], [2005, 2401], [2005, 2802], [828, 2802]], '>|_@" 라표:', 5.377492132229336e-06)]
[([[882, 406], [1058, 406], [1058, 628], [882, 628]], '(', 0.9854608254671717), ([[378, 954], [622, 954], [622, 1196], [378, 1196]], ";'", 0.35308664103566667), ([[658, 1442], [868, 1442], [868, 1522], [658, 1522]], '의소서', 0.009795294349181147), ([[744, 1497], [1200, 1497], [1200, 1600], [744, 1600]], '생@-아옷|씨|요어~', 5.950223307258618e-07)]
[([[285, 315], [329, 315], [329, 385], [285, 385]], '>', 0.14169521823675169)]
[]
[([[81, 93], [227, 93], [227, 155], [81, 155]], '[@-욕8', 0.0004854711806579201)]
[([[1261.1752602674112, 357.030961556568], [1339.1760166672873, 331.06304499422885], [1394.8247397325888, 511.969038443432], [1316.8239833327127, 538.9369550057711]], '올', 0.22090305243592923), ([[762.3727122245729, 344.01514304865856], [855.857028288014, 384.52421134470126], [772.6272877754271, 576.9848569513414], [679.142971711986, 536.4757886552987]], '8', 0.33086109858135515), ([[1434.9245815144918, 562.1136917818751], [1697.0774325741397, 529.4383812996507], [1705.0754184855082, 690.8863082181249], [1443.9225674258603, 723.5616187003493]], '~{', 0.10181377693243837), ([[505.1590586700358, 1309.0221147306797], [626.3920012310406, 1337.765129820422], [579.8409413299643, 1530.9778852693203], [458.6079987689594, 1503.234870179578]], '1', 0.9215816483457537)]
[([[28, 42], [366, 42], [366, 142], [28, 142]], '23 11.11', 0.5039030879280494)]
[([[293, 37], [464, 37], [464, 160], [293, 160]], '-.', 0.014360634128981548), ([[115, 140], [388, 140], [388, 257], [115, 257]], '카#리믿쇼', 2.5860334733325462e-05), ([[0, 1057], [81, 1057], [81, 1237], [0, 1237]], "'", 0.7444396831861013), ([[-1.0508362583969784, 10.03069998141168], [330.401848053856, 65.39829549943626], [296.050836258397, 216.9693000185883], [-33.401848053855986, 161.60170450056376]], '\'"컨위대귀\'', 3.4520351206113306e-05), ([[874.0, 1359.0], [1030.8459916831607, 1300.6346531892189], [1063.0, 1407.0], [906.1540083168393, 1465.3653468107811]], '캠', 0.0080764612689333)]
[([[1325, 2516], [1825, 2516], [1825, 2640], [1325, 2640]], '[라-` -하0', 0.00033871879605697577), ([[1164, 2566], [1992, 2566], [1992, 2777], [1164, 2777]], '[)덥 -어로', 0.002077421140177372), ([[635.3385370890419, 878.1755130513714], [823.0066235259361, 761.0932150518202], [917.6614629109581, 934.8244869486286], [729.9933764740639, 1051.9067849481798]], '뇌', 0.11141453342594332)]
[([[64, 68], [412, 68], [412, 146], [64, 146]], '주장:신새-,', 9.492102533135588e-05)]
[]
[([[168, 202], [607, 202], [607, 313], [168, 313]], '[서:리--74:', 0.0002053395657871009), ([[168, 303], [824, 303], [824, 417], [168, 417]], '개도 :하쪽 요후어', 0.0009446233670214339), ([[1258, 1213], [1399, 1213], [1399, 1410], [1258, 1410]], "'", 0.5768610242840033)]
[([[728, 131], [1434, 131], [1434, 269], [728, 269]], '0스5.---음,:', 0.0017653851927696361), ([[1141, 249], [2021, 249], [2021, 384], [1141, 384]], '7꾸 궁시후슷 비7대서_', 0.0009022611477966117), ([[1648, 1794], [1666, 1794], [1666, 1816], [1648, 1816]], '1', 0.2706214495879635)]
[]
[([[1704.1611424279542, 1795.0153025259451], [2518.969519840924, 1932.8162946830444], [2473.838857572046, 2114.984697474055], [1658.0304801590758, 1977.1837053169556]], '|요쫓쩍없벼', 1.3462081291743903e-05)]
[]
[]
[]
[]
[([[14, 18], [307, 18], [307, 104], [14, 104]], '씨-7닦4', 0.029280189721814738), ([[310, 52], [342, 52], [342, 86], [310, 86]], '0', 0.5329558979386917)]
[([[7, 14], [304, 14], [304, 117], [7, 117]], '0(장>', 0.0021434153895825148)]
[([[1142, 52], [1546, 52], [1546, 154], [1142, 154]], "'", 0.5621217827203431), ([[1035, 571], [1089, 571], [1089, 615], [1035, 615]], '00', 0.9967536251168759)]
[([[121, 80], [476, 80], [476, 181], [121, 181]], '니사 시시', 0.012956152208506613), ([[1301, 619], [1363, 619], [1363, 737], [1301, 737]], '탑', 0.05192102334794502)]
[([[554.8740736173598, 817.102958258806], [709.6292360925341, 754.022554282529], [777.1259263826402, 963.897041741194], [623.3707639074659, 1026.977445717471]], '0', 0.3295113783548267)]
[]
[([[46, 24], [426, 24], [426, 120], [46, 120]], '영왕버 울기낙스', 0.16285105766530067)]
[([[1075, 1217], [1141, 1217], [1141, 1325], [1075, 1325]], '봄', 0.07852475270941373)]
[([[96, 90], [350, 90], [350, 166], [96, 166]], '2처형팀;형-', 0.0011835582891466172), ([[130, 160], [322, 160], [322, 234], [130, 234]], '마-마+', 0.00964030809700489)]
[([[96, 90], [350, 90], [350, 166], [96, 166]], '2처형팀;형-', 0.0014133127852855056), ([[130, 160], [322, 160], [322, 234], [130, 234]], '마-마+', 0.015592659823596478)]
[([[785, 897], [893, 897], [893, 1019], [785, 1019]], '꽃', 0.4030017100075298)]
[([[1129, 87], [1352, 87], [1352, 177], [1129, 177]], "'생양이낯실", 0.020886629400162397)]
[([[1060, 72], [1386, 72], [1386, 170], [1060, 170]], "'태밀레나 ", 0.10964036483437192)]
[([[1060, 74], [1386, 74], [1386, 170], [1060, 170]], "'타밀레나 ", 0.133315225561261)]
[([[637, 193], [717, 193], [717, 235], [637, 235]], ')%', 0.00811398055466439), ([[326, 530], [360, 530], [360, 560], [326, 560]], '대', 0.1708069933013201), ([[306, 572], [338, 572], [338, 602], [306, 602]], '9', 0.8861559503166063), ([[344, 604], [414, 604], [414, 636], [344, 636]], '운 ', 0.08648366370923279), ([[246, 640], [276, 640], [276, 664], [246, 664]], '7', 0.9973532808160748), ([[230, 756], [262, 756], [262, 794], [230, 794]], '71', 0.15453425033648802), ([[108, 736], [234, 736], [234, 872], [108, 872]], '피', 0.9072699619692095), ([[391.1579833204635, 306.2897482934367], [468.4368307963207, 241.51713070827844], [497.8420166795365, 286.7102517065633], [419.5631692036793, 351.48286929172156]], '저고닦', 0.0005790758786968003), ([[582.718232216213, 304.01326149185775], [607.0161584048183, 307.1773377643938], [592.281767783787, 415.98673850814225], [568.9838415951817, 412.8226622356062]], '[', 0.14923436552533165), ([[408.42275661783697, 401.05605875096853], [517.9989243670351, 430.91967166874014], [509.57724338216303, 457.94394124903147], [400.0010756329649, 428.08032833125986]], '구,-+리>', 4.8763414693151225e-05), ([[569.6891817472216, 414.01614477332765], [594.2788931024787, 418.2862512215696], [574.3108182527784, 515.9838552266723], [550.7211068975213, 510.7137487784304]], '8', 0.009402036400463276), ([[589.2548739491968, 456.0940084018679], [650.9566466722792, 472.491826353202], [641.7451260508032, 500.9059915981321], [581.0433533277208, 484.508173646798]], '3<', 0.023901041568890037), ([[302.3228435936216, 468.046066290179], [342.221768836322, 485.1763622601893], [284.6771564063784, 616.953933709821], [244.77823116367804, 600.8236377398107]], '좀', 0.1300691985045468), ([[247.61715037342296, 488.01836388359885], [281.65029552881214, 502.0040137500385], [242.38284962657704, 599.9816361164011], [207.3497044711879, 585.9959862499616]], '@', 0.25781487913974743), ([[457.12652114433655, 580.137956343301], [567.7602543631662, 559.8248422018204], [571.8734788556635, 584.862043656699], [461.2397456368339, 605.1751577981796]], '하드3', 0.0009512224110535811), ([[431.6278957962324, 592.023166369859], [452.30454106404017, 583.0154975724062], [494.3721042037676, 677.976833630141], [472.69545893595983, 686.9845024275938]], "'", 0.16062801831373008), ([[283.4789396203098, 627.4141973545267], [339.581730048472, 622.4720373182513], [340.5210603796902, 649.5858026454733], [285.418269951528, 654.5279626817487]], '-열7', 0.02413543505556998), ([[291.49027925047704, 688.043619652767], [363.9188096521587, 729.3067827076123], [350.50972074952296, 751.956380347233], [278.0811903478413, 711.6932172923877]], '동', 0.007062091884281474)]
[([[1502, 384], [1582, 384], [1582, 486], [1502, 486]], '다', 0.960531703790938), ([[1215.104466528811, 110.0446652881101], [1319.9004271758147, 158.6649359236278], [1285.895533471189, 227.9553347118899], [1182.0995728241853, 179.3350640763722]], '잎 ', 0.0024655542888966705)]
[([[217, 393], [387, 393], [387, 501], [217, 501]], '미코', 0.9468508555974973)]
[([[1502, 384], [1582, 384], [1582, 486], [1502, 486]], '다', 0.960531703790938), ([[1215.104466528811, 110.0446652881101], [1319.9004271758147, 158.6649359236278], [1285.895533471189, 227.9553347118899], [1182.0995728241853, 179.3350640763722]], '잎염', 0.0027994565251731347)]
[([[40, 782], [64, 782], [64, 808], [40, 808]], '/', 0.3133056344211003)]
[]
[([[1085, 243], [1263, 243], [1263, 383], [1085, 383]], "'절적", 0.0644325419554002), ([[1122, 738], [1154, 738], [1154, 792], [1122, 792]], '종', 0.038420577671036904), ([[1136, 776], [1236, 776], [1236, 852], [1136, 852]], "'운질", 0.19974931695492798), ([[973, 964], [1178, 964], [1178, 1086], [973, 1086]], '`텔', 0.043437170014889996), ([[1190, 1120], [1454, 1120], [1454, 1248], [1190, 1248]], '굵사  ', 0.005930797662585974), ([[652, 1361], [851, 1361], [851, 1496], [652, 1496]], '혜빛', 0.023799237681250758), ([[1657.9292702263635, 182.04416973899978], [1820.1146988255098, 218.28469806192732], [1791.0707297736365, 328.9558302610002], [1628.8853011744902, 292.7153019380727]], '쫓적_', 0.23442046274997808)]
[([[1572, 30], [1688, 30], [1688, 128], [1572, 128]], '유릇', 0.33904992654518484), ([[1104, 236], [1232, 236], [1232, 340], [1104, 340]], "'유릇", 0.1620579390619651), ([[620, 1174], [787, 1174], [787, 1312], [620, 1312]], '유롯', 0.021005451780297012), ([[1186, 1143], [1396, 1143], [1396, 1296], [1186, 1296]], "'빗류록", 0.002876383252441883)]
[([[1448, 43], [1619, 43], [1619, 157], [1448, 157]], '부릇', 0.1135950363507337), ([[81, 497], [189, 497], [189, 561], [81, 561]], '옛', 0.02417940494059767), ([[1598, 562], [1700, 562], [1700, 666], [1598, 666]], "'꿈통", 0.4261154927282305), ([[702, 1134], [866, 1134], [866, 1286], [702, 1286]], '울텔', 0.3090717228739026), ([[956, 1268], [1032, 1268], [1032, 1350], [956, 1350]], '콩', 0.5042502142259906), ([[1116, 1242], [1172, 1242], [1172, 1314], [1116, 1314]], '류', 0.0348043185319844), ([[1742.995262402155, 172.03888498779997], [1875.474396761452, 224.34084361664077], [1832.004737597845, 326.9611150122], [1700.525603238548, 275.65915638335923]], '월', 0.3459823637200863), ([[717.7426694080676, 245.32507598742984], [878.0118113439883, 227.14844165611916], [882.2573305919324, 294.67492401257016], [721.9881886560117, 312.85155834388087]], '당이다', 0.018613878682229214), ([[1133.9179748946285, 245.04187614070767], [1292.9161182800308, 283.59871417380526], [1261.0820251053715, 401.95812385929236], [1102.0838817199692, 363.40128582619474]], '울럭 ', 0.27212971348647635), ([[1342.8266969114231, 1194.0430779953547], [1490.0463291666301, 1228.3383659091107], [1456.1733030885769, 1361.9569220046453], [1307.9536708333699, 1327.6616340908893]], '올택', 0.13534204184087023)]
[([[47, 160], [237, 160], [237, 226], [47, 226]], '대어 퍼스로템', 0.04276910330642745), ([[60.13030284346537, 55.042119287693346], [250.92024591705376, 101.80450312451858], [228.86969715653464, 175.95788071230666], [39.07975408294625, 130.19549687548144]], '@동내', 0.004180850010710052)]
[([[1246, 558], [1304, 558], [1304, 582], [1246, 582]], '[)묘:', 0.0003545073268469423), ([[298, 1596], [914, 1596], [914, 1716], [298, 1716]], '안젠송합내계@6@', 0.018969773550201526), ([[956, 1596], [1362, 1596], [1362, 1718], [956, 1718]], '보세타지뀌', 0.0023105978595991854), ([[138, 1700], [1526, 1700], [1526, 1828], [138, 1828]], '전희 문류플목 반성 안하보 왜의', 0.04009524188299095), ([[430, 1810], [1236, 1810], [1236, 1934], [430, 1934]], '미망 방송 마제 보모', 0.13596455039275057), ([[261, 1917], [1411, 1917], [1411, 2050], [261, 2050]], '탤최해제 메쓰트과} 과심이 @@@', 0.014135117175002928), ([[1356.5432027610057, 953.0209100949625], [1397.4667035434652, 943.0218288697035], [1425.4567972389943, 1071.9790899050377], [1384.5332964565348, 1080.9781711302965]], '응', 0.04250371877663284)]
[([[6, 50], [304, 50], [304, 122], [6, 122]], '@{-튿|리', 0.00032293836920441947), ([[13, 110], [623, 110], [623, 195], [13, 195]], "'리`가기87} {고@ [둘.]미 [--처물", 2.982767196793528e-07), ([[242, 720], [294, 720], [294, 768], [242, 768]], '9', 0.7902752160304125), ([[291.05532456941637, 703.3378956484904], [493.133616152313, 661.8569155918914], [507.94467543058363, 771.6621043515096], [304.866383847687, 813.1430844081086]], '빨딱0', 0.27125291208068536), ([[1227.00019994002, 937.100979706098], [1262.7255709371414, 924.0529254285815], [1285.99980005998, 995.899020293902], [1250.2744290628586, 1008.9470745714185]], '누', 0.10456174488639647)]
[([[108, 91], [357, 91], [357, 205], [108, 205]], "'#량", 0.09449039476419649)]
[]
[]
[([[249, 1439], [342, 1439], [342, 1566], [249, 1566]], '+', 0.9972651847046201), ([[1219, 2367], [1271, 2367], [1271, 2404], [1219, 2404]], '1"', 0.0097727986212327), ([[84, 2446], [291, 2446], [291, 2701], [84, 2701]], "'", 0.10428638869213103)]
[]
[([[1168, 69], [1396, 69], [1396, 155], [1168, 155]], '"폐이치', 0.024730168282985687), ([[185, 155], [285, 155], [285, 239], [185, 239]], '눕때"', 0.0010624896205888384)]
[([[622, 128], [656, 128], [656, 160], [622, 160]], '1', 0.8795760357409108)]
[([[915, 872], [1159, 872], [1159, 1008], [915, 1008]], '2024', 0.712588906288147)]
[([[911, 869], [1157, 869], [1157, 1008], [911, 1008]], '225', 0.9531633321468419)]
[]
[([[300, 400], [436, 400], [436, 504], [300, 504]], '땅', 0.2368865487106797), ([[918, 1414], [1042, 1414], [1042, 1512], [918, 1512]], '출앙 0', 0.04178773611783981)]
[([[63, 29], [191, 29], [191, 73], [63, 73]], '세좁.끈', 0.00017631147056818008), ([[44, 82], [293, 82], [293, 182], [44, 182]], '"간@"볍  ', 8.100943099734576e-05), ([[271, 1415], [383, 1415], [383, 1600], [271, 1600]], '0', 0.9277884055782124), ([[774, 1402], [898, 1402], [898, 1600], [774, 1600]], '0', 0.9982311210224317)]
[([[1403, 790], [1967, 790], [1967, 1091], [1403, 1091]], '(', 0.013587520005535814)]
[]
[]
[]
[]
[]
[([[87, 99], [331, 99], [331, 167], [87, 167]], "'하엘스", 0.011339058168232441)]
[([[83, 90], [271, 90], [271, 205], [83, 205]], '#사양-드', 0.013741307636748601), ([[82, 173], [446, 173], [446, 274], [82, 274]], '@닦록속.!~', 0.00015767793377409868)]
[([[87, 107], [491, 107], [491, 210], [87, 210]], '#운사하 화영~', 0.29125571536747796)]
[([[438, 277], [596, 277], [596, 403], [438, 403]], '<', 0.010165278846187287)]
[([[1357, 2774], [1381, 2774], [1381, 2809], [1357, 2809]], '7', 0.7952111135775262)]
[]
[([[38, 314], [250, 314], [250, 458], [38, 458]], '마초', 0.0438328195433133)]
[([[1073, 149], [1235, 149], [1235, 287], [1073, 287]], '망초', 0.8805867912702114), ([[1055, 292], [1382, 292], [1382, 449], [1055, 449]], '너무좋아 @', 0.4148754135538855), ([[63, 1109], [471, 1109], [471, 1241], [63, 1241]], '안경 거유눈', 0.3188474676948285), ([[75, 1249], [223, 1249], [223, 1363], [75, 1363]], '정의', 0.9563948963948112)]
[([[12, 16], [184, 16], [184, 116], [12, 116]], '\'망초"', 0.38355499505996704)]
[([[66, 65], [315, 65], [315, 223], [66, 223]], "'초.", 0.3003024918309108), ([[1100, 460], [1142, 460], [1142, 488], [1100, 488]], '11', 0.8379671133740738), ([[1200, 468], [1234, 468], [1234, 494], [1200, 494]], '|1', 0.46803196358332033), ([[914.9909908090056, 417.1747742652155], [957.670130094576, 422.63237239058304], [954.0090091909944, 450.8252257347845], [911.329869905424, 446.36762760941696]], '11', 0.7881440073335332)]
[([[16, 24], [278, 24], [278, 150], [16, 150]], '<패술0', 0.0025754598900675774)]
[([[13, 11], [213, 11], [213, 145], [13, 145]], '명책', 0.09313510922092662)]
[([[11, 9], [331, 9], [331, 142], [11, 142]], '명쳐.', 0.04769442973593621)]
[]
[([[1005, 329], [1091, 329], [1091, 423], [1005, 423]], '5', 0.6887946012759585)]
[]
[([[429, 242], [644, 242], [644, 369], [429, 369]], '후', 0.005674816059821675), ([[439, 373], [623, 373], [623, 411], [439, 411]], '씨어:+다 +미라', 0.0053874978155653026), ([[492, 406], [564, 406], [564, 438], [492, 438]], '&몇-.', 0.005272791255265474)]
[([[71, 62], [1285, 62], [1285, 266], [71, 266]], '절대 씨( 탑하되 양문 바입의', 0.0006873345863323103), ([[1025, 204], [1361, 204], [1361, 357], [1025, 357]], '소훨렌국', 0.006008313503116369), ([[79, 1447], [227, 1447], [227, 1489], [79, 1489]], '[어우)이히', 0.00037908495862347576), ([[86, 1488], [220, 1488], [220, 1564], [86, 1564]], ':18', 0.028967103776865084), ([[85, 1563], [223, 1563], [223, 1601], [85, 1601]], '묘스[ (', 0.3484175109138301), ([[98, 1604], [212, 1604], [212, 1634], [98, 1634]], '18#훨0', 0.025343790551184762), ([[80, 1626], [227, 1626], [227, 1654], [80, 1654]], '#즈 . 벼탈%-', 0.050655118888212156)]
[([[0, 9], [429, 9], [429, 137], [0, 137]], "'컴-버속 개@", 0.00047307812755527964), ([[418, 74], [448, 74], [448, 114], [418, 114]], '0', 0.5225203444326922)]
[([[1155, 6], [1370, 6], [1370, 135], [1155, 135]], "'음싶 ", 0.003314579138532281)]
[([[346, 208], [378, 208], [378, 242], [346, 242]], '8', 0.14973139891003573), ([[45, 121], [159, 121], [159, 423], [45, 423]], '흙', 0.6285268456941253), ([[38, 498], [170, 498], [170, 895], [38, 895]], '물', 0.02714902757716775), ([[42, 964], [164, 964], [164, 1440], [42, 1440]], '흙', 0.021708034832343737), ([[1113, 1511], [1341, 1511], [1341, 1551], [1113, 1551]], '19세미만 구독물가', 0.4228613100195601), ([[1108, 1543], [1351, 1543], [1351, 1684], [1108, 1684]], '묘19', 0.2090112441986876), ([[1101, 1697], [1353, 1697], [1353, 1741], [1101, 1741]], '^-신내7 0내들', 0.00016586692256410305), ([[384.6097143038745, 203.0190858995201], [417.31751537887897, 213.73976650089912], [387.3902856961255, 312.98091410047994], [353.68248462112103, 303.2602334991009]], '통', 0.14097649934753065), ([[411.617150373423, 210.01836388359888], [447.10278542877626, 218.59731085161658], [422.382849626577, 321.98163611640115], [387.89721457122374, 314.4026891483834]], '용', 0.52596595688739)]
[([[46, 12], [310, 12], [310, 116], [46, 116]], '빼페웨이대', 0.023879418234308794)]
[([[46, 12], [310, 12], [310, 116], [46, 116]], '빼페웨이대', 0.034458390332666136)]
[]
[([[1149, 467], [1217, 467], [1217, 539], [1149, 539]], '인', 0.5268499821532977)]
[([[1148, 466], [1220, 466], [1220, 540], [1148, 540]], '인', 0.2846854232638094)]
[]
[]
[]
[]
[]
[]
[]
[([[91, 107], [341, 107], [341, 175], [91, 175]], '}형=', 5.2484923620533904e-05)]
[([[109, 89], [395, 89], [395, 178], [109, 178]], '꼴-^형;', 0.0016037288094687854)]
[]
[([[76, 70], [341, 70], [341, 155], [76, 155]], '꼴6-유어', 0.00011620808905141945)]
[([[634, 112], [760, 112], [760, 252], [634, 252]], '2', 0.5863710403672009), ([[1293, 197], [1383, 197], [1383, 301], [1293, 301]], '2', 0.9275959696925042), ([[1047, 1218], [1284, 1218], [1284, 1306], [1047, 1306]], '시-처:', 0.0028947978280484676)]
[]
[([[343.2269793174761, 197.04281385728467], [439.9988640051856, 247.87389434224892], [410.7730206825239, 300.95718614271533], [315.0011359948144, 250.12610565775108]], '(,', 0.020936747099105313)]
[([[1052, 1227], [1283, 1227], [1283, 1306], [1052, 1306]], '꼴어음해', 0.0006074226112104952)]
[([[102, 101], [361, 101], [361, 198], [102, 198]], '시6시^처~', 0.00015966378622052994), ([[112, 246], [213, 246], [213, 298], [112, 298]], '사 00.', 0.007140083135085636), ([[64, 296], [169, 296], [169, 348], [64, 348]], "'000@", 0.32638232580724796), ([[269, 319], [322, 319], [322, 343], [269, 343]], '009', 0.7136250122642939), ([[48, 344], [312, 344], [312, 424], [48, 424]], '랫뜻  좋아해$', 0.0096678332804668), ([[68.98154206653618, 410.07448605244605], [177.72136707622502, 433.04469321418907], [163.01845793346382, 491.92551394755395], [54.27863292377497, 468.95530678581093]], '없', 0.15339130307172244), ([[962.1228025548882, 1325.0350319361025], [1197.9093703344217, 1381.5908729984706], [1171.8771974451117, 1471.9649680638975], [936.0906296655783, 1415.4091270015294]], '비비적0', 0.3333137631416321), ([[57.960513548823926, 1566.1907218087667], [238.1704860692841, 1544.9252831133406], [243.03948645117606, 1640.8092781912333], [62.829513930715905, 1661.0747168866594]], '[비적<', 0.2571839988231659)]
[([[289, 199], [377, 199], [377, 267], [289, 267]], '미', 0.12148983915757672), ([[376, 240], [442, 240], [442, 272], [376, 272]], '000', 0.9921008944511414), ([[260, 298], [550, 298], [550, 420], [260, 420]], '만질해', 0.12001946117516203), ([[540, 368], [614, 368], [614, 400], [540, 400]], '00 0', 0.9911999482508073), ([[611, 305], [653, 305], [653, 373], [611, 373]], '2', 0.7486459953578475), ([[503, 627], [617, 627], [617, 749], [503, 749]], '용', 0.023497377483838733), ([[886, 946], [958, 946], [958, 1062], [886, 1062]], '콩', 0.0823831479840118)]
[([[62, 1328], [216, 1328], [216, 1356], [62, 1356]], '#존콜 5 *급 잡', 0.005318619930692546), ([[1077, 1389], [1244, 1389], [1244, 1456], [1077, 1456]], '꼴"||6.', 0.0025892874676784737), ([[209, 1615], [267, 1615], [267, 1629], [209, 1629]], '32750', 0.907211904706869), ([[227, 1633], [267, 1633], [267, 1649], [227, 1649]], '2400', 0.8202891945838928)]
[([[225, 533], [402, 533], [402, 588], [225, 588]], '꼴-"0', 0.010756573639810085), ([[319.08113635271206, 1170.0127950623626], [528.5485040146549, 1347.559881765256], [320.91886364728794, 1594.9872049376374], [110.4514959853451, 1417.440118234744]], '0', 0.8163922065586213)]
[([[79, 73], [344, 73], [344, 148], [79, 148]], '꼴(^어', 0.007095269858837128)]
[([[79, 73], [344, 73], [344, 148], [79, 148]], '꼴(^어', 0.01207020040601492)]
[([[78, 71], [345, 71], [345, 151], [78, 151]], '꼴어^어;', 0.0017544581334326492)]
[([[50, 114], [352, 114], [352, 212], [50, 212]], '도낙)소@', 0.004603876932503086), ([[25, 207], [305, 207], [305, 319], [25, 319]], '정말 중안', 0.22130294292202454), ([[575.048949337899, 252.02514248629166], [711.2589542381958, 301.4519993948132], [645.951050662101, 476.97485751370834], [509.74104576180423, 427.5480006051868]], '(', 0.724842103300606)]
[]
[([[17, 7], [313, 7], [313, 91], [17, 91]], '트6산 -댁형', 0.000535908822860481)]
[([[430, 1170], [558, 1170], [558, 1248], [430, 1248]], '뒷개9', 0.020500887877052933), ([[672, 1214], [794, 1214], [794, 1286], [672, 1286]], '진롭0', 0.03984924037093446), ([[1090, 1209], [1307, 1209], [1307, 1286], [1090, 1286]], '[둘물|화어어', 0.0001957317492968393), ([[493.0769521047184, 27.269332366514238], [583.3599340535272, 15.497655395037086], [587.9230478952817, 75.73066763348577], [497.6400659464727, 87.50234460496291]], '<', 0.3693678128925626), ([[236.27327206003687, 96.60059926604056], [498.61450302427863, 36.921581186560644], [514.7267279399631, 122.39940073395944], [252.3854969757214, 182.07841881343936]], '(어', 0.09910164422542332), ([[-4.547001962252292, 175.67949705662156], [236.527771311593, 122.77725010581864], [251.5470019622523, 207.32050294337844], [10.472228688407, 261.22274989418133]], '필플시', 0.0007361278310277165), ([[1250.01985123916, 1331.601985123916], [1355.2874233378673, 1298.7212179135238], [1365.98014876084, 1331.398014876084], [1260.7125766621327, 1364.2787820864762]], '*신피', 0.00024312278780010835), ([[1172.286093236459, 1356.5144372945836], [1259.1837844775278, 1330.5785301156832], [1268.713906763541, 1363.4855627054164], [1181.8162155224722, 1389.4214698843168]], "'표)", 0.003086123166977432), ([[433.02682341501134, 1591.3241410735102], [567.4274061771381, 1551.937747130705], [576.9731765849887, 1587.6758589264898], [442.57259382286185, 1627.062252869295]], '7910978', 0.7898575370519249)]
[([[117, 381], [311, 381], [311, 469], [117, 469]], '꼴사||3', 0.00017340766644977543)]
[([[41, 227], [515, 227], [515, 335], [41, 335]], "'리부트는 반칙이와요9", 0.1026304868390506), ([[178, 1196], [402, 1196], [402, 1297], [178, 1297]], '4내|"', 0.0014393104938790202)]
[]
[([[158, 392], [564, 392], [564, 544], [158, 544]], '퇴기충흑마', 0.07031910318765976)]
[([[42, 913], [428, 913], [428, 1038], [42, 1038]], '령사 죄원  혜원', 0.006364937103164042), ([[9, 1054], [540, 1054], [540, 1164], [9, 1164]], '돌일 교 야래:   챔랜째', 0.004242317265559643), ([[105, 1189], [305, 1189], [305, 1301], [105, 1301]], '3일하', 0.010685718853412896)]
[([[949, 261], [987, 261], [987, 299], [949, 299]], '1(', 0.5254198618428493), ([[201, 699], [395, 699], [395, 801], [201, 801]], '"체력"', 0.4206368625164032), ([[672, 830], [702, 830], [702, 864], [672, 864]], '0', 0.9564573895073671), ([[684, 827], [847, 827], [847, 927], [684, 927]], "'체력히", 0.060771550983190536)]
[([[949, 261], [987, 261], [987, 299], [949, 299]], '1(', 0.35788500013267616), ([[320, 498], [442, 498], [442, 572], [320, 572]], '유릇@', 0.36635474650805117), ([[630, 526], [744, 526], [744, 602], [630, 602]], '부로', 0.3492181568455269), ([[360, 742], [469, 742], [469, 823], [360, 823]], "'운필}", 0.016056926921010017), ([[16, 1346], [104, 1346], [104, 1420], [16, 1420]], '뽑들!', 0.01795307134981684)]
[([[17, 9], [423, 9], [423, 97], [17, 97]], '매우  꽤육활 [타입액', 0.012374071923087556), ([[291, 91], [399, 91], [399, 157], [291, 157]], '체자', 0.0867904227064303)]
[([[121, 110], [402, 110], [402, 234], [121, 234]], '장작--쏘', 0.0005287429284298659)]
[([[412, 702], [556, 702], [556, 758], [412, 758]], '번시리 =상', 0.45857855421057897)]
[]
[]
[([[941, 15], [1039, 15], [1039, 79], [941, 79]], '-훨6', 0.0004980708791708989), ([[924, 64], [1280, 64], [1280, 142], [924, 142]], '{@ -8유 (_따싸라', 0.00048710926785811243), ([[0, 622], [226, 622], [226, 700], [0, 700]], '시내^어형', 0.00012387717765288274)]
[]
[([[960, 411], [1169, 411], [1169, 563], [960, 563]], '~4', 0.7472691979921663), ([[967, 1422], [1214, 1422], [1214, 1536], [967, 1536]], '";;;;;', 0.17548591502291694), ([[506.43731067055785, 293.0226523149171], [559.3543783868193, 317.49104977952055], [507.56268932944215, 430.9773476850829], [453.64562161318065, 406.50895022047945]], '3', 0.043311988240965826)]
[([[175, 185], [385, 185], [385, 275], [175, 275]], '꼴(처몽', 7.286659092642367e-05)]
[([[1089, 55], [1266, 55], [1266, 131], [1089, 131]], '꼴|형_', 0.007351593057080404), ([[987.3909178719197, 220.0309951448124], [1087.8796199736448, 285.80414509010615], [1057.6090821280804, 329.9690048551876], [958.1203800263552, 264.19585490989385]], '006', 0.46409374311943613), ([[919.9074644389061, 270.10030797009324], [956.5066584601171, 238.0214301706184], [1034.0925355610939, 335.89969202990676], [996.4933415398829, 367.97856982938157]], '콩', 0.037821219233226344)]
[([[88, 66], [410, 66], [410, 166], [88, 166]], '피란 눈의 무너', 0.12158940432067601)]
[([[82, 500], [238, 500], [238, 552], [82, 552]], '꼴즉후^처;', 0.0008488983450257598), ([[1041, 735], [1251, 735], [1251, 791], [1041, 791]], '세서사름지', 0.00046387715193489047), ([[1124, 782], [1275, 782], [1275, 839], [1124, 839]], '비7대서,', 0.0005260424082896909)]
[([[40, 9], [265, 9], [265, 126], [40, 126]], '마루치무', 0.5032814145088196)]
[([[997, 1327], [1083, 1327], [1083, 1463], [997, 1463]], "'", 0.9780154105827457)]
[([[200, 46], [272, 46], [272, 164], [200, 164]], '2', 0.9999674561287328)]
[]
[([[474, 1258], [538, 1258], [538, 1310], [474, 1310]], '>', 0.8647868242096735), ([[475.71707272659575, 1146.0687763573405], [562.8925137542652, 1116.3538261999322], [606.2829272734042, 1262.9312236426595], [519.1074862457348, 1292.6461738000678]], '제', 0.013129139371570953)]
[([[67, 1002], [233, 1002], [233, 1088], [67, 1088]], '이말랑길', 0.007571012247353792), ([[182, 1274], [214, 1274], [214, 1306], [182, 1306]], '9', 0.9486677116327122), ([[202, 1255], [336, 1255], [336, 1348], [202, 1348]], "'말랑'", 0.588865339756012)]
[]
[]
[([[594, 530], [718, 530], [718, 584], [594, 584]], '꼴]형', 0.0007558863937298184), ([[58.97228394637954, 36.05887033350199], [186.43499665951805, 61.861396591807235], [167.02771605362045, 140.941129666498], [40.565003340481944, 116.13860340819276]], '서40형', 0.017729870975017548), ([[181.0955116463432, 36.04556529879752], [360.83977619293023, 75.30933242211717], [340.9044883536568, 152.95443470120247], [160.1602238070698, 113.69066757788283]], '4도+', 0.007601313381810834)]
[([[1062, 1104], [1244, 1104], [1244, 1195], [1062, 1195]], "('$8'", 0.00023118284673372328), ([[1107.0043676513505, 204.01836335159925], [1312.4128077216628, 187.022464587347], [1331.9956323486495, 528.9816366484008], [1126.5871922783372, 545.977535412653]], '"', 0.5897313625244038)]
[]
[([[120, 142], [384, 142], [384, 214], [120, 214]], '모험가남이', 0.5556202490703386), ([[30, 204], [495, 204], [495, 280], [30, 280]], '가장 좋아하는 맘마', 0.8185733443627162), ([[43, 271], [481, 271], [481, 339], [43, 339]], '곧 짜내드컵게요0', 0.30807995234196944)]
[]
[]
[([[19, 442], [506, 442], [506, 558], [19, 558]], '매사 패육} 바입액', 0.020383415643332133), ([[158, 540], [315, 540], [315, 639], [158, 639]], '혜임', 0.16310847377980445)]
[([[19, 442], [506, 442], [506, 558], [19, 558]], '매사 패육} 바입액', 0.016199339730626178), ([[158, 540], [315, 540], [315, 639], [158, 639]], '혜임', 0.12600590089284078)]
[([[621, 883], [805, 883], [805, 1173], [621, 1173]], "'", 0.09632618741376575)]
[([[1100, 56], [1292, 56], [1292, 128], [1100, 128]], '꼴("', 0.005881053027947305)]
[([[1611, 131], [1731, 131], [1731, 182], [1611, 182]], '꼴^:.', 4.452045322977938e-05), ([[101, 832], [646, 832], [646, 1045], [101, 1045]], '세버 (  "', 0.000795300299372235), ([[446, 1013], [719, 1013], [719, 1117], [446, 1117]], '27 >', 0.12057194800277847), ([[1504, 1945], [1566, 1945], [1566, 2023], [1504, 2023]], ')', 0.9865557699524743), ([[1040.437093810085, 2340.460956478323], [1349.028248933196, 2284.8361164441994], [1361.562906189915, 2405.539043521677], [1052.971751066804, 2461.1638835558006]], '00_쓸', 0.007467860355973244)]
[([[1815, 564], [2018, 564], [2018, 628], [1815, 628]], '꼴코후어', 0.0002584072935860604), ([[709.896335225374, 2582.9719374958227], [1077.0203998392417, 2462.9219766218903], [1124.103664774626, 2645.0280625041773], [755.9796001607583, 2765.0780233781097]], '(0<', 0.006238508307920434)]
[([[523, 31], [561, 31], [561, 73], [523, 73]], '0', 0.2129202423879093), ([[548, 33], [687, 33], [687, 109], [548, 109]], '녀격,', 0.08467170956771805), ([[1081, 5], [1213, 5], [1213, 97], [1081, 97]], '절기?', 0.026817704586619782), ([[966, 193], [1100, 193], [1100, 249], [966, 249]], '(<<<', 0.04360136017203331), ([[855, 201], [999, 201], [999, 317], [855, 317]], '철철', 0.10877954317696968), ([[1080, 460], [1216, 460], [1216, 584], [1080, 584]], '교', 0.18501735889509519), ([[1161, 837], [1273, 837], [1273, 921], [1161, 921]], '파', 0.18736957440033652), ([[949, 868], [1127, 868], [1127, 969], [949, 969]], "'제적 느", 0.1851948577010956), ([[1255, 909], [1291, 909], [1291, 947], [1255, 947]], '0', 0.9870410542863652), ([[1439.3898297841522, 556.0169361147405], [1590.607312484164, 681.0871110794783], [1527.6101702158478, 757.9830638852595], [1376.392687515836, 633.9128889205217]], '58}', 0.09681994026756983), ([[1120.047625879632, 1124.2143164583445], [1182.0173292362929, 1097.2290033204658], [1215.952374120368, 1186.7856835416555], [1154.9826707637071, 1214.7709966795342]], '통', 0.6718963685262338), ([[9.995012940381315, 1111.050628109775], [142.5801853374684, 1147.1329372347723], [118.00498705961868, 1229.949371890225], [-13.580185337468398, 1193.8670627652277]], '["은', 0.09793768417213679), ([[528.00496280979, 1208.0496280979], [632.2735043256313, 1241.2580596580785], [602.99503719021, 1327.9503719021], [499.7264956743688, 1294.7419403419215]], '%빛', 0.021003381931757048)]
[([[464, 50], [490, 50], [490, 78], [464, 78]], '벼', 0.0446828923903162), ([[772, 8], [888, 8], [888, 84], [772, 84]], '(부_ 로', 0.010994866473064776), ([[488, 46], [568, 46], [568, 134], [488, 134]], '울척', 0.11271250551263677), ([[1084, 236], [1190, 236], [1190, 314], [1084, 314]], "'분릇", 0.1613757140315857), ([[1421, 191], [1520, 191], [1520, 323], [1421, 323]], '1', 0.6212918775865752), ([[1463, 587], [1681, 587], [1681, 689], [1463, 689]], '물', 0.02426526433453291), ([[1657, 643], [1695, 643], [1695, 683], [1657, 683]], '쇼', 0.9019772964795472), ([[1381, 731], [1491, 731], [1491, 815], [1381, 815]], '#렉', 0.13051931621580204), ([[1090, 840], [1194, 840], [1194, 916], [1090, 916]], "'붐릇", 0.19501864778146286), ([[998, 964], [1046, 964], [1046, 1048], [998, 1048]], '텅', 0.0353066253394454), ([[915, 1353], [1005, 1353], [1005, 1457], [915, 1457]], '톤', 0.023023028723401007), ([[769.1200226835673, 171.03230849651595], [916.9168417964077, 239.58972286433047], [871.8799773164327, 330.96769150348405], [724.0831582035923, 262.41027713566956]], '뼈; 드', 0.053258547435317), ([[1073.8291429116236, 476.05725769856025], [1189.5685035996319, 501.3160989043996], [1166.1708570883764, 601.9427423014398], [1049.4314964003681, 576.6839010956004]], '셋위', 0.002601672903908911), ([[1206.995358508671, 552.0633322185], [1322.741628583183, 581.9832732262296], [1303.004641491329, 646.9366677815], [1188.258371416817, 617.0167267737704]], '"교치적', 0.026250192895531654), ([[1223.0378045449468, 974.0515822680054], [1365.832044615522, 1013.2693966631748], [1342.9621954550532, 1084.9484177319946], [1200.167955384478, 1045.7306033368252]], '] 0', 0.10976614603938104)]
[([[588, 1060], [674, 1060], [674, 1140], [588, 1140]], '콩', 0.02926885355556408), ([[782, 1100], [860, 1100], [860, 1180], [782, 1180]], '궁', 0.024157652359324766), ([[337.0868184120003, 667.0598199312022], [485.91208442341696, 698.8940664922533], [469.9131815879997, 756.9401800687978], [322.08791557658304, 725.1059335077467]], "'예|@블", 0.000659188499503491)]
[([[370, 669], [589, 669], [589, 742], [370, 742]], '카스가초바키', 0.6668596149094926), ([[404, 738], [458, 738], [458, 770], [404, 770]], '6버은', 0.0005322868721857146), ([[479, 729], [577, 729], [577, 765], [479, 765]], '4^차_', 0.00040191662264987826)]
[([[744, 1076], [806, 1076], [806, 1128], [744, 1128]], '울악', 0.05915547820779286), ([[643, 1124], [729, 1124], [729, 1193], [643, 1193]], "'창", 0.0468287037951014), ([[538, 1204], [650, 1204], [650, 1306], [538, 1306]], '문~', 0.04050612587718661), ([[814, 1262], [910, 1262], [910, 1370], [814, 1370]], '표윗', 0.05395029973897682), ([[337.0868184120003, 667.0598199312022], [485.91208442341696, 698.8940664922533], [469.9131815879997, 756.9401800687978], [322.08791557658304, 725.1059335077467]], "'밟|어군", 0.0003761335133286454)]
[]
[]
[([[40, 36], [306, 36], [306, 86], [40, 86]], '*식-향" 메키', 6.281502898046119e-05), ([[712, 364], [742, 364], [742, 404], [712, 404]], '씨', 0.017103282766989247)]
[]
[([[1346, 138], [1670, 138], [1670, 228], [1346, 228]], '22.12.25', 0.9602506135823954)]
[]
[([[1077, 136], [1326, 136], [1326, 212], [1077, 212]], '답어|이-어`', 3.885840116982125e-05)]
[([[131, 155], [396, 155], [396, 217], [131, 217]], '@앙4 기고:-', 0.0012946965599024425)]
[([[124, 94], [394, 94], [394, 168], [124, 168]], '[_', 0.030839967561404332), ([[1370.349208626544, 1882.071438819448], [1409.9299334001153, 1912.3554146519746], [1392.650791373456, 1932.928561180552], [1354.0700665998847, 1902.6445853480254]], '<', 0.002180312873477766)]
[]
[([[861.8626652879326, 1201.6077314031056], [1120.7127624847758, 1123.9868584863666], [1150.1373347120673, 1238.3922685968944], [891.2872375152243, 1317.0131415136334]], '신씨', 0.012050597275806535)]
[([[163, 105], [494, 105], [494, 222], [163, 222]], "'/사-", 0.001795373042114079), ([[222, 217], [469, 217], [469, 259], [222, 259]], "0어07긋9'-다긋", 0.002984070365337674)]
[([[146, 154], [325, 154], [325, 223], [146, 223]], '사다|0', 0.001181929954327643)]
[([[570.9461302713243, 2.032697368321003], [703.374133723195, 22.343207362207664], [673.0538697286757, 196.967302631679], [540.625866276805, 175.65679263779234]], '곡', 0.027153668214332294)]
[([[153, 161], [337, 161], [337, 253], [153, 253]], '플0*겉', 0.00023321920889429748)]
[([[578, 54], [767, 54], [767, 155], [578, 155]], '~|', 0.00026710130386385753)]
[([[1141, 165], [1343, 165], [1343, 353], [1141, 353]], '9', 0.32106382199728856), ([[145, 868], [393, 868], [393, 994], [145, 994]], '(서권서', 0.011264079250395298), ([[1193, 1093], [1231, 1093], [1231, 1139], [1193, 1139]], '1', 0.2549327158743644)]
[([[191, 195], [381, 195], [381, 263], [191, 263]], '제-.-[긋', 0.005569336776840959), ([[191, 264], [460, 264], [460, 328], [191, 328]], '궁-7긋.내', 0.005193138969954007)]
[([[130, 158], [289, 158], [289, 223], [130, 223]], '77구', 0.4777383992083635)]
[([[624, 1996], [993, 1996], [993, 2118], [624, 2118]], '날', 0.03837213101279269), ([[1178, 2097], [1363, 2097], [1363, 2354], [1178, 2354]], '입', 0.0019282726613948503), ([[487.98534204320856, 2166.547231355551], [900.6193907675067, 2105.714127338074], [909.0146579567914, 2231.452768644449], [496.3806092324932, 2292.285872661926]], '메고고3넣9', 0.003917049454518633)]
[]
[([[177, 415], [495, 415], [495, 563], [177, 563]], '끝나?', 0.3696949971769329)]
[([[209, 165], [249, 165], [249, 205], [209, 205]], '아', 0.9999626878404264), ([[282, 174], [378, 174], [378, 200], [282, 200]], '크구크', 0.6174169468504718), ([[89, 205], [163, 205], [163, 247], [89, 247]], '잠깐', 0.9976615379731164), ([[207, 205], [249, 205], [249, 247], [207, 247]], '헌', 0.11232550482479642), ([[275, 205], [383, 205], [383, 249], [275, 249]], '종료시', 0.9622774330032958), ([[410, 200], [515, 200], [515, 252], [410, 252]], '까지 )', 0.9997865893159212), ([[562, 189], [699, 189], [699, 261], [562, 261]], '.-4', 0.010966027347968877), ([[723, 193], [1021, 193], [1021, 259], [723, 259]], '"어담 전애-적', 0.00045820615593758886), ([[57, 245], [163, 245], [163, 289], [57, 289]], '빌리고', 0.9996452331542969), ([[192, 244], [402, 244], [402, 292], [192, 292]], '돌려준다니깐', 0.8360436058060134), ([[436, 254], [532, 254], [532, 284], [436, 284]], '크 크 크', 0.19444421141466278), ([[712, 282], [1018, 282], [1018, 336], [712, 336]], '[-[고 (^물', 0.006220809169226018), ([[1086, 608], [1138, 608], [1138, 638], [1086, 638]], '근 0', 0.7787805853917843), ([[1160, 606], [1212, 606], [1212, 638], [1160, 638]], '크구', 0.0965442493340056), ([[346, 1110], [370, 1110], [370, 1136], [346, 1136]], '1', 0.6990942779998619), ([[1064, 1114], [1092, 1114], [1092, 1138], [1064, 1138]], '@', 0.10721550517278278), ([[346, 1138], [374, 1138], [374, 1164], [346, 1164]], '[고', 0.07498431554596052), ([[1052, 1140], [1092, 1140], [1092, 1166], [1052, 1166]], '{할', 0.0037831774020650726), ([[346, 1164], [388, 1164], [388, 1194], [346, 1194]], '@[(', 0.30676558655395886), ([[348, 1196], [408, 1196], [408, 1224], [348, 1224]], "'7 %0", 0.03546312169952737), ([[1012, 1192], [1110, 1192], [1110, 1222], [1012, 1222]], '11 [,(', 0.002362961882337592), ([[345, 1219], [420, 1219], [420, 1250], [345, 1250]], '[5깨', 0.004101486924889781), ([[1099, 1363], [1145, 1363], [1145, 1383], [1099, 1383]], '50^', 0.06729518099501403), ([[314, 1372], [440, 1372], [440, 1402], [314, 1402]], '98338152', 0.9120419441098379), ([[456, 1372], [546, 1372], [546, 1400], [456, 1400]], '1" -(;+', 0.012819296765787006), ([[884, 1372], [1092, 1372], [1092, 1400], [884, 1400]], '시1 [|{3-', 0.008730878142860074), ([[1105, 1385], [1151, 1385], [1151, 1405], [1105, 1405]], "'투6", 0.011862626467622579), ([[1036.543071206464, 1168.3775281716353], [1109.722687555144, 1163.7402490416498], [1110.456928793536, 1191.6224718283647], [1037.277312444856, 1197.2597509583502]], '5명.이태$', 0.00029858249703400454)]
[]
[]
[([[1656, 311], [1725, 311], [1725, 359], [1656, 359]], '23', 0.9999550717551025), ([[1744, 308], [1882, 308], [1882, 359], [1744, 359]], '07.13', 0.7533845716224319)]
[([[141, 1043], [405, 1043], [405, 1129], [141, 1129]], '23.07.13', 0.9145315514236876)]
[([[1117, 491], [1181, 491], [1181, 563], [1117, 563]], '이', 0.46771317517800526)]
[([[1658, 11], [1854, 11], [1854, 64], [1658, 64]], '23 07,/4', 0.40962222657449693), ([[395.82708362948483, 2444.015636105682], [711.3363468727141, 2368.401091861141], [815.1729163705152, 2906.984363894318], [499.6636531272859, 2982.598908138859]], '@', 0.07850075294528835)]
[([[134, 197], [362, 197], [362, 266], [134, 266]], '23.0718', 0.6844947493596524), ([[355, 229], [384, 229], [384, 254], [355, 254]], '거', 0.14736359455946513)]
[([[137, 205], [373, 205], [373, 262], [137, 262]], '23 .07.19', 0.9384880475749086)]
[([[146, 123], [355, 123], [355, 232], [146, 232]], '스완 9', 0.40911489725112915), ([[1137, 1773], [1209, 1773], [1209, 1918], [1137, 1918]], '0', 0.9997782830124038), ([[1148, 1917], [1198, 1917], [1198, 1975], [1148, 1975]], '0', 0.9999940395444042)]
[([[1683, 180], [1977, 180], [1977, 297], [1683, 297]], '새~', 0.009756986074371957), ([[96, 206], [364, 206], [364, 400], [96, 400]], '22?', 0.9608418585498477), ([[1709, 348], [1998, 348], [1998, 412], [1709, 412]], '-감형', 0.00798495382964366)]
[([[1830, 66], [2160, 66], [2160, 320], [1830, 320]], ')', 0.9973087560788407), ([[213, 935], [495, 935], [495, 1231], [213, 1231]], '빚', 0.029266253315207713), ([[966.8931304102722, 963.0855040463473], [1138.8174696236622, 876.4502057459342], [1246.106869589728, 1137.9144959536527], [1073.1825303763378, 1224.5497942540658]], '>', 0.8453115518219114)]
[([[408, 80], [1213, 80], [1213, 124], [408, 124]], '{9구크크구크구크크크크크구크 -', 0.021970808136910092), ([[321, 145], [1292, 145], [1292, 189], [321, 189]], '크구크크크크크크크크크크크크크크크 크', 0.009452587196053037), ([[271, 213], [1341, 213], [1341, 255], [271, 255]], '구구 크 구크 구 크구 크구크구크크크크크크크크', 0.004370318626602904), ([[1378, 101], [2239, 101], [2239, 360], [1378, 360]], '9 붉   @1) 끝', 0.003193431567850028), ([[321, 273], [1326, 273], [1326, 318], [321, 318]], '크구크크크구크크크크크크크크크크크크 >', 0.012877467097189853), ([[386, 343], [1233, 343], [1233, 385], [386, 385]], '무크>>크>크크크크크크크크크>', 0.0033265434757650605), ([[2065, 341], [2178, 341], [2178, 427], [2065, 427]], "'", 0.6786271389240852), ([[2557, 388], [2734, 388], [2734, 558], [2557, 558]], '리8', 0.005525881013518082), ([[1265, 604], [1477, 604], [1477, 705], [1265, 705]], '당리오', 0.004192399106671544), ([[2160, 563], [2373, 563], [2373, 678], [2160, 678]], '킬념다', 0.00042328687978285506), ([[499, 1003], [819, 1003], [819, 1305], [499, 1305]], '7', 0.13135920349719754), ([[708, 2013], [792, 2013], [792, 2055], [708, 2055]], '0 거', 0.11377262324094772), ([[1919, 1977], [2122, 1977], [2122, 2065], [1919, 2065]], '구구', 0.17827140155245869), ([[2212, 1960], [2436, 1960], [2436, 2096], [2212, 2096]], '허접', 0.8072166643614985), ([[705, 2247], [801, 2247], [801, 2289], [705, 2289]], '기 ?', 0.05919603876890626), ([[1644, 2323], [2025, 2323], [2025, 2606], [1644, 2606]], '기 |', 0.6290396526532541), ([[110.1187894695915, 724.1483736584264], [331.636186178458, 709.4437833396115], [330.8812105304085, 810.8516263415736], [109.363813821542, 825.5562166603885]], '권리런', 0.005336023157482047), ([[2436.134865306534, 930.0103967518096], [2685.6687644072827, 1087.2558129609263], [2476.865134693466, 1417.9896032481904], [2227.3312355927173, 1260.7441870390737]], '6)', 0.32428387877435066)]
[([[1288, 114], [2009, 114], [2009, 262], [1288, 262]], '-좌 [:"[`', 7.315257757328322e-05)]
[]
[([[128, 258], [459, 258], [459, 344], [128, 344]], '고고요 1/2', 0.013759594974899642)]
[]
[]
[([[118, 156], [504, 156], [504, 302], [118, 302]], '라부런스', 0.43719416856765747), ([[512, 206], [581, 206], [581, 268], [512, 268]], '0', 0.37656357207751867), ([[1782, 1908], [1923, 1908], [1923, 2049], [1782, 2049]], '그', 0.5041180396370625), ([[459, 2239], [519, 2239], [519, 2294], [459, 2294]], '0손', 0.0799237527627117), ([[1105, 2261], [1136, 2261], [1136, 2297], [1105, 2297]], '6', 0.9999910593232677), ([[1124, 2200], [1235, 2200], [1235, 2290], [1124, 2290]], "'006", 0.4412679374217987)]
[([[835, 110], [1038, 110], [1038, 166], [835, 166]], '시르리스중하마', 0.2351106101385966), ([[975, 735], [1053, 735], [1053, 753], [975, 753]], '^)7-^', 0.03205205680359506), ([[649.3167184270003, 1076.6583592135], [778.7740342954241, 1049.857750584237], [783.6832815729997, 1074.3416407865], [654.2259657045759, 1101.142249415763]], '너맨:7-^', 0.010756299582037393)]
[([[160, 216], [487, 216], [487, 291], [160, 291]], '세라의충록마 9', 0.5400234032837087), ([[1065, 2591], [1580, 2591], [1580, 2880], [1065, 2880]], '(3영', 0.06238738912544227)]
[([[197, 158], [727, 158], [727, 245], [197, 245]], "'", 0.6092483510819626)]
[]
[([[138, 149], [271, 149], [271, 248], [138, 248]], '핑데', 0.6109089903834102), ([[263, 205], [299, 205], [299, 231], [263, 231]], '오', 0.0005656387173548806), ([[258, 1979], [516, 1979], [516, 2244], [258, 2244]], '(>', 0.8970105811039267), ([[306, 2516], [463, 2516], [463, 2776], [306, 2776]], '{', 0.8905246082895388)]
[]
[([[1258, 88], [2040, 88], [2040, 192], [1258, 192]], '위금우규 >서 얻*@ (^라마', 6.486242794809137e-06), ([[535, 702], [841, 702], [841, 918], [535, 918]], '5', 0.012631596758458985)]
[([[133, 127], [320, 127], [320, 216], [133, 216]], '4줄>', 0.027878197927289138), ([[124, 214], [260, 214], [260, 311], [124, 311]], '+지.', 0.02985229654310203), ([[126, 307], [614, 307], [614, 409], [126, 409]], '[^ (^라', 0.017649877050637672)]
[([[8, 362], [92, 362], [92, 388], [8, 388]], '즈0', 0.06751945114774921)]
[([[355.48055750317616, 1239.4293691319494], [511.4518408710247, 1362.5197381230184], [299.51944249682384, 1625.5706308680506], [143.5481591289753, 1501.4802618769816]], '벼', 0.02865729497503211)]
[([[96, 57], [780, 57], [780, 167], [96, 167]], '엘리시아 $ 1. 알레이드', 0.23824704034093777)]
[([[1407, 125], [2041, 125], [2041, 222], [1407, 222]], '주.형+@ |푸라 -^함와나]', 4.909063440221327e-06)]
[([[82, 72], [522, 72], [522, 220], [82, 220]], "'`", 0.6183899168973229), ([[462, 2107], [610, 2107], [610, 2255], [462, 2255]], '&8', 0.05825340604894835)]
[]
[([[935, 326], [1244, 326], [1244, 655], [935, 655]], '스_', 0.6267613492962987), ([[57.153690382807326, 558.1995949952991], [392.3679146689632, 343.82884063541275], [522.8463096171927, 593.8004050047009], [186.63208533103685, 808.1711593645872]], '[', 0.6917367333617364)]
[([[109, 98], [684, 98], [684, 246], [109, 246]], '5;. 답6전형', 0.0006195331653571049), ([[1581, 883], [1625, 883], [1625, 932], [1581, 932]], '1)', 0.8779040203464485)]
[([[324, 2515], [350, 2515], [350, 2542], [324, 2542]], '0', 0.7888322975939879), ([[385, 2509], [413, 2509], [413, 2549], [385, 2549]], '11', 0.8820576532301145)]
[]
[([[134, 121], [337, 121], [337, 207], [134, 207]], '7 . 시뿌', 0.20291646745862452), ([[340, 160], [371, 160], [371, 188], [340, 188]], '0', 0.27572468168614606), ([[410, 1249], [458, 1249], [458, 1300], [410, 1300]], '7;', 0.002429808587990335), ([[1425.6750472251235, 880.745066115173], [1486.0414947127736, 868.402056599506], [1492.3249527748765, 901.254933884827], [1431.9585052872264, 914.597943400494]], '"', 0.011005761297511185)]
[([[239, 253], [409, 253], [409, 321], [239, 321]], '시-)', 0.03593353929688445)]
[([[790, 238], [823, 238], [823, 285], [790, 285]], '"', 0.1105093119861067), ([[1002, 1724], [1293, 1724], [1293, 1813], [1002, 1813]], '노루부', 0.0003588887417570907), ([[1508, 1680], [1810, 1680], [1810, 1789], [1508, 1789]], '고고부', 0.3146023387317636)]
[([[1660, 184], [1921, 184], [1921, 317], [1660, 317]], '7 [', 0.11023251661545629)]
[([[516, 1729], [637, 1729], [637, 1886], [516, 1886]], '이', 0.9740910883326848)]
[([[1702, 580], [1879, 580], [1879, 776], [1702, 776]], '0', 0.0720126369764893), ([[516, 1724], [640, 1724], [640, 1891], [516, 1891]], '이', 0.9052775000066191)]
[([[328.6693410381326, 1521.0060762372068], [400.13860340819275, 1528.565003340482], [369.3306589618674, 1810.9939237627932], [297.86139659180725, 1803.434996659518]], '7', 0.5135556265133943)]
[]
[([[1688, 284], [1851, 284], [1851, 451], [1688, 451]], '(', 0.2534100876938652)]
[]
[]
[([[1566, 8], [1916, 8], [1916, 120], [1566, 120]], '2@지]속난', 0.0003014976372476264), ([[1821, 117], [2140, 117], [2140, 218], [1821, 218]], '@@고_서7', 0.002118103077308945)]
[]
[([[95, 95], [433, 95], [433, 215], [95, 215]], '-09', 0.002128480458848494), ([[110, 211], [618, 211], [618, 326], [110, 326]], '[때안} [곡불}', 0.0002641297264679038), ([[193.89044089421554, 2279.0293329006736], [537.9687009178114, 2332.4999243346715], [501.10955910578446, 2509.9706670993264], [157.03129908218858, 2456.5000756653285]], '없새)', 0.024182694636926474)]
[([[83, 61], [445, 61], [445, 198], [83, 198]], '사섯-활}', 0.0013364708601432643), ([[94, 187], [514, 187], [514, 300], [94, 300]], '@ } [@?어', 0.0519784117641298), ([[915, 2112], [1116, 2112], [1116, 2315], [915, 2315]], ')', 0.10081311667333726), ([[912.8309910877117, 2630.880288414025], [1177.4153877380775, 2431.545456882107], [1361.1690089122883, 2704.119711585975], [1096.5846122619225, 2903.454543117893]], '대서', 0.02477681749446469)]
[]
[([[125, 127], [580, 127], [580, 225], [125, 225]], '[커씹7 쪽--세]', 0.00612363387462817)]
[([[193, 123], [722, 123], [722, 232], [193, 232]], '[8가0 [,-요 @', 0.0004936088719552084)]
[]
[]
[]
[([[886.414405537378, 604.1819438107257], [998.824352060365, 596.1170986264234], [1000.585594462622, 660.8180561892743], [888.175647939635, 669.8829013735766]], '@@', 0.13882540684258843)]
[([[883.9640536057628, 606.2634037018988], [1002.4228204293095, 590.2305788891266], [1007.0359463942372, 659.7365962981012], [888.5771795706905, 674.7694211108734]], '@의', 0.0712926545472773), ([[1208.2634282208821, 1136.3112561963815], [1306.256591280445, 1125.3767518853072], [1309.7365717791179, 1172.6887438036185], [1211.743408719555, 1183.6232481146928]], '|', 0.2282218297674241)]
