2936644
22
[]
[([[1703, 2045], [1907, 2045], [1907, 2251], [1703, 2251]], '내', 0.09203666533544297), ([[1646.332398557963, 91.0050649697651], [1972.5748487823726, 182.4219656900575], [1786.667601442037, 837.994935030235], [1460.4251512176274, 746.5780343099425]], '1', 0.013971623177900183), ([[201.23247983713264, 137.00775193806516], [489.38057018753574, 199.71879321960301], [375.76752016286736, 707.9922480619348], [88.61942981246426, 646.2812067803969]], '때', 0.514819466592261), ([[189.33624510090036, 1951.0122422343995], [329.45394130371085, 1982.1144957379595], [267.6637548990997, 2257.9877577656007], [127.54605869628914, 2226.8855042620407]], '0', 0.09800297195298313)]
[([[994, 1512], [1272, 1512], [1272, 1708], [994, 1708]], '름', 0.0379521565111105), ([[1071, 1987], [1188, 1987], [1188, 2165], [1071, 2165]], '^', 0.638143704856148), ([[1513.1729994432178, 970.0759933186126], [1793.2765919013982, 943.3794503681922], [1797.8270005567822, 1133.9240066813873], [1517.7234080986018, 1160.6205496318078]], '브템', 0.005000236958389429)]
[([[1228, 1602], [1566, 1602], [1566, 1983], [1228, 1983]], '@', 0.9510496786572311), ([[260.1608480684065, 1460.0074918307641], [947.8991448043685, 1758.9226282936766], [779.8391519315935, 2113.992508169236], [92.10085519563154, 1815.0773717063234]], '4에', 0.27205262841248257)]
[([[1125.4890423984252, 341.0217960615756], [1310.940298537772, 419.1556936088446], [1287.5109576015748, 469.9782039384244], [1102.059701462228, 392.8443063911554]], '첫 예감', 0.00032986211590468884), ([[1187.8241566972986, 630.4982552357902], [1223.3458191601203, 659.5273787537247], [1134.1758433027014, 759.5017447642098], [1098.6541808398797, 730.4726212462753]], '~', 0.07595336479795378), ([[879.404640601427, 845.0221840591217], [986.6921915811266, 937.802230976821], [939.595359398573, 994.9778159408783], [831.3078084188734, 902.197769023179]], '', 0.0), ([[559.037927696395, 1005.0934312516142], [589.4567972389942, 976.0209100949625], [669.962072303605, 1065.9065687483858], [639.5432027610058, 1094.9790899050377]], '"', 0.8678556354791453), ([[807.9780847968506, 1173.0435921231513], [1006.6582648792528, 993.4177488899471], [1062.0219152031495, 1079.9564078768487], [864.3417351207472, 1259.5822511100528]], '(7', 0.06657470229145092), ([[660.5550004010488, 1018.0110081011866], [843.1160405890605, 1176.1102846946437], [791.4449995989512, 1237.9889918988133], [609.8839594109395, 1079.8897153053563]], '근 ', 0.011623698264384566), ([[1056.4550670072035, 1109.3292546273735], [1280.7436341509879, 1078.147283046202], [1286.5449329927965, 1166.6707453726265], [1063.2563658490121, 1198.852716953798]], '', 0.0)]
[([[149, 1629], [1012, 1629], [1012, 2142], [149, 2142]], '분트트', 0.009474822862155953), ([[1362, 1671], [1620, 1671], [1620, 2190], [1362, 2190]], '륙', 0.01929064684063153)]
[([[1292, 140], [1562, 140], [1562, 498], [1292, 498]], '규', 0.32055154774185723), ([[1391, 447], [1725, 447], [1725, 723], [1391, 723]], "'엔", 0.09583770227379915), ([[1538, 880], [1722, 880], [1722, 1224], [1538, 1224]], '댁', 0.012851510492277507), ([[821, 1661], [1015, 1661], [1015, 1845], [821, 1845]], '꿀', 0.7026754223482534), ([[1354, 1746], [1580, 1746], [1580, 1942], [1354, 1942]], '평', 0.011296787539979647)]
[([[237.184662038499, 726.0123134743169], [430.91645523741835, 680.6562045744425], [518.815337961501, 1110.987686525683], [324.08354476258165, 1156.3437954255576]], '', 0.0)]
[([[984.8514348102905, 1583.0286962058096], [1280.1514455842778, 1633.9658232419695], [1238.1485651897094, 1828.9713037941904], [942.8485544157222, 1778.0341767580305]], '조류', 0.17610484257596207)]
[([[288, 904], [398, 904], [398, 1000], [288, 1000]], '모', 0.1555646192864515), ([[903, 1599], [1258, 1599], [1258, 1833], [903, 1833]], '조르', 0.3449251532663961), ([[1183, 1777], [1375, 1777], [1375, 1963], [1183, 1963]], '리', 0.004997105391626511), ([[1363, 1905], [1599, 1905], [1599, 2181], [1363, 2181]], '특', 0.3692818919456755), ([[1557.9722839463795, 2143.058870333502], [1671.5014426655166, 2172.0461089043542], [1649.0277160536205, 2247.941129666498], [1536.4985573344834, 2218.9538910956458]], '00', 0.9997730046205987)]
[([[973, 1557], [1557, 1557], [1557, 1889], [973, 1889]], '와하 얘', 0.05278772920800723)]
[([[1015.8630344280596, 1516.035943963341], [1266.9221791451837, 1561.8648673218656], [1234.1369655719404, 1709.964056036659], [982.0778208548163, 1665.1351326781344]], '도중)', 0.16816521387798097)]
[([[1515, 511], [1695, 511], [1695, 695], [1515, 695]], '쭉', 0.5157255819654551), ([[1723, 951], [1831, 951], [1831, 1117], [1723, 1117]], '덜', 0.4755859632182933), ([[1490, 1886], [1612, 1886], [1612, 2042], [1490, 2042]], '덜', 0.9229968958104031), ([[105.3580982482513, 265.00981271781734], [246.49166846714712, 215.00575645281754], [379.6419017517487, 633.9901872821827], [238.50833153285288, 683.9942435471825]], '쪽', 0.05924182997840277), ([[809.1254269334238, 194.0136618695618], [1157.8461526817994, 358.0688260334948], [1051.8745730665762, 569.9863381304382], [703.1538473182006, 405.9311739665052]], '미,', 0.0006856125723873136), ([[83.8514511202689, 1860.0550916507966], [168.0167803727399, 1835.3853955649513], [206.1485488797311, 1987.9449083492034], [121.9832196272601, 2012.6146044350487]], '덜', 0.910775038472039)]
[([[1386, 312], [1750, 312], [1750, 652], [1386, 652]], '햇', 0.03503902359171107), ([[551, 1717], [805, 1717], [805, 1977], [551, 1977]], '다', 0.005950523806977304), ([[299.1585304017474, 1272.0069423458917], [646.4673049426665, 1496.3491297393416], [334.8414695982526, 1979.9930576541083], [-13.467304942666487, 1755.6508702606584]], '사', 0.6571849120084607)]
[([[368, 872], [444, 872], [444, 928], [368, 928]], '09', 0.34446891112005756), ([[1117, 794], [1155, 794], [1155, 906], [1117, 906]], '>', 0.16552225051852076), ([[1565, 839], [1787, 839], [1787, 1025], [1565, 1025]], '덜어', 0.04721579057578223), ([[131.09541584235237, 710.0186049691624], [400.81320967323126, 831.139251190396], [321.90458415764766, 996.9813950308376], [52.186790326768765, 876.860748809604]], '여', 0.031149044066541842)]
[([[1338, 934], [1558, 934], [1558, 1083], [1338, 1083]], '문격', 0.08215674273739573), ([[1532, 1038], [1825, 1038], [1825, 1189], [1532, 1189]], "'켓지적0", 0.006821926147599506)]
[([[190, 766], [506, 766], [506, 938], [190, 938]], '넷(-', 0.0025728960663769155), ([[1472, 1050], [1810, 1050], [1810, 1220], [1472, 1220]], '제적;', 0.016943817964511616), ([[66, 1124], [284, 1124], [284, 1358], [66, 1358]], '2', 0.008973323493817686)]
[([[253, 1093], [412, 1093], [412, 1202], [253, 1202]], '오곡', 0.6541601008007619), ([[1062, 1478], [1208, 1478], [1208, 1602], [1062, 1602]], "뜻'", 0.653933366063293)]
[([[934.5980219887276, 382.0546814557136], [1035.620320965116, 301.0106920116354], [1207.4019780112724, 545.9453185442864], [1106.379679034884, 626.9893079883645]], '푹', 0.3949459267148292), ([[68.66527740491034, 1154.0469391497268], [209.27206622781574, 1121.4467366914791], [248.33472259508966, 1333.9530608502732], [107.72793377218426, 1366.5532633085209]], "'", 0.5742905354630388)]
[([[213, 1199], [491, 1199], [491, 1336], [213, 1336]], '하아 .', 0.31108760833740234), ([[924, 1430], [1160, 1430], [1160, 1538], [924, 1538]], '(하아', 0.037363888517311226), ([[1102, 2004], [1178, 2004], [1178, 2142], [1102, 2142]], '^', 0.497328836703673), ([[1548.2203334527164, 1207.0338347062388], [1609.5134481148466, 1177.014657990184], [1681.7796665472836, 1339.9661652937612], [1620.4865518851534, 1369.985342009816]], '륙', 0.10603575687528988)]
[]
[([[379, 749], [441, 749], [441, 849], [379, 849]], '기1', 0.42298507736160235), ([[1580, 838], [1705, 838], [1705, 1056], [1580, 1056]], '찍', 0.361602407072553), ([[1073, 1984], [1188, 1984], [1188, 2153], [1073, 2153]], '^', 0.6082364088369765)]
