2938537
39
[([[371, 0], [629, 0], [629, 321], [371, 321]], '@', 0.9573684854757545), ([[472, 878], [650, 878], [650, 926], [472, 926]], '인문학스터디', 0.8881534811337054), ([[161, 959], [185, 959], [185, 975], [161, 975]], '16 ', 0.5125785640360598), ([[188, 944], [214, 944], [214, 972], [188, 972]], '', 0.0), ([[410.943577149272, 328.35894287318007], [609.5626256295925, 194.5699485489391], [688.0564228507279, 338.64105712681993], [489.43737437040744, 471.4300514510609]], '불못', 0.015347947369386702), ([[-14.595359398573002, 519.0221840591217], [39.45901269273709, 499.01317914637457], [98.59535939857301, 668.9778159408783], [43.54098730726291, 688.9868208536254]], '8', 0.37353684860251235), ([[33.35229690382, 670.0174927206699], [115.48938843417172, 640.009983362793], [194.64770309618, 878.9825072793301], [112.51061156582828, 908.990016637207]], '#', 0.4337836018276562), ([[119.31671842700025, 896.6583592135001], [187.22168091541073, 868.9840302804606], [196.68328157299976, 894.3416407864999], [128.77831908458927, 922.0159697195394]], '@감물', 0.016813870687428553), ([[130.63663603001845, 910.3002996330202], [194.9891193986521, 885.9918626245347], [210.36336396998155, 928.6997003669798], [145.0108806013479, 953.0081373754653]], ':8', 0.09973928407982648), ([[139.54230423844288, 945.27961296691], [207.26291415829343, 918.0304265659298], [216.45769576155712, 941.72038703309], [148.73708584170657, 968.9695734340702]], '@스', 0.7218912662462974)]
[([[20, 0], [70, 0], [70, 48], [20, 48]], '1', 0.10172963316339079), ([[62, 290], [86, 290], [86, 344], [62, 344]], '출', 0.09124269704740584), ([[14, 328], [56, 328], [56, 358], [14, 358]], '우와 .', 0.8023189306259155), ([[67, 341], [87, 341], [87, 367], [67, 367]], '3', 0.9957311509062947), ([[12, 356], [54, 356], [54, 386], [12, 386]], '에로', 0.9040813360287395), ([[69, 369], [89, 369], [89, 397], [69, 397]], '3', 0.9813550612336464), ([[5, 417], [45, 417], [45, 435], [5, 435]], '여자야는', 0.5126365423202515), ([[5, 451], [57, 451], [57, 469], [5, 469]], '이러면 안전', 0.4219402841200041), ([[3, 465], [47, 465], [47, 485], [3, 485]], '암컷 얼굴', 0.9733048529224799), ([[3, 481], [43, 481], [43, 501], [3, 501]], '이잡이?', 0.27487364411354065), ([[30, 618], [68, 618], [68, 648], [30, 648]], '에', 0.9751121293528655), ([[31, 651], [75, 651], [75, 695], [31, 695]], '파', 0.8901250742523626), ([[8.456785523744887, 694.0246407611937], [52.14906215651789, 688.1110564478458], [69.54321447625512, 815.9753592388063], [25.850937843482107, 822.8889435521542]], '양', 0.021619042249071407)]
[([[631, 163], [647, 163], [647, 205], [631, 205]], '옛', 0.9809246604138622), ([[203, 183], [221, 183], [221, 229], [203, 229]], '월', 0.003653891597209094), ([[605, 245], [619, 245], [619, 285], [605, 285]], '육', 0.6702669827498688), ([[568, 398], [644, 398], [644, 430], [568, 430]], '쉬지 않고', 0.35288916950453014), ([[568, 426], [670, 426], [670, 458], [568, 458]], '싸버럿으니깐', 0.1674013050142751), ([[350, 686], [396, 686], [396, 712], [350, 712]], '530', 0.15834487974643707), ([[46, 742], [84, 742], [84, 768], [46, 768]], '아직', 0.9996948704533454), ([[46, 768], [132, 768], [132, 800], [46, 800]], '삼키지마~', 0.9979547573990418), ([[538, 774], [629, 774], [629, 812], [538, 812]], '하루카장~', 0.9216448183659659), ([[542, 804], [650, 804], [650, 836], [542, 836]], '쓰고 진한것이', 0.3438684466454734), ([[542, 834], [598, 834], [598, 864], [542, 864]], '나와요', 0.6153479426135601), ([[74.543246488746, 415.15325849710615], [116.6699868465098, 387.032136796298], [170.45675351125402, 475.84674150289385], [128.3300131534902, 504.967863203702]], '뻔', 0.017851156988072603)]
[([[353, 71], [407, 71], [407, 111], [353, 111]], '이제', 0.9977232284796227), ([[353, 109], [433, 109], [433, 151], [353, 151]], '부러가', 0.5591210545596115), ([[399, 261], [441, 261], [441, 341], [399, 341]], '#', 0.720974139595004), ([[0, 415], [119, 415], [119, 459], [0, 459]], '하루카장이', 0.9891482444346348), ([[0, 453], [123, 453], [123, 495], [0, 495]], '노력해야 할', 0.755341372482313), ([[0, 493], [121, 493], [121, 537], [0, 537]], '부분이니깐', 0.5346789973176317)]
[([[288, 60], [334, 60], [334, 92], [288, 92]], '짜잔', 0.9122960855792444), ([[32, 80], [94, 80], [94, 110], [32, 110]], '갈은 옷올', 0.6377955764779738), ([[288, 88], [330, 88], [330, 118], [288, 118]], '화화', 0.4158181655486847), ([[371, 87], [421, 87], [421, 123], [371, 123]], '으약', 0.7107567980691922), ([[32, 102], [118, 102], [118, 130], [32, 130]], '준비햇답니다', 0.7529326119952973), ([[250, 122], [306, 122], [306, 150], [250, 150]], '하루카~', 0.9880384802818298), ([[297, 779], [351, 779], [351, 821], [297, 821]], '속옷', 0.9997803810115533), ([[296, 814], [374, 814], [374, 862], [296, 862]], '교환은', 0.9986180428246073), ([[297, 857], [395, 857], [395, 899], [297, 899]], '안햇지만', 0.8349929451942444)]
[([[246.16318886892464, 631.058640969365], [347.9691186617994, 666.3920342103722], [329.83681113107536, 713.941359030635], [228.03088133820057, 678.6079657896278]], '색민와', 0.005135475283656763)]
[]
[([[557, 141], [573, 141], [573, 165], [557, 165]], '후', 0.9999569659094654), ([[557, 163], [573, 163], [573, 185], [557, 185]], '웃', 0.4607762193762852), ([[229, 673], [292, 673], [292, 781], [229, 781]], ':]', 0.011774650191111954), ([[233, 783], [251, 783], [251, 811], [233, 811]], '보:', 0.03183975503619385), ([[244, 829], [280, 829], [280, 902], [244, 902]], '}', 0.19717324233836653), ([[233.64114935226453, 883.0215396237955], [259.5690249281477, 881.0544591954708], [267.3588506477355, 971.9784603762045], [241.43097507185232, 974.9455408045292]], '#', 0.1225601264089784)]
[([[248, 790], [272, 790], [272, 814], [248, 814]], '하', 0.9999891519840709), ([[266.6185070520439, 847.0243550059424], [289.33497083554505, 841.018759563649], [308.3814929479561, 930.9756449940576], [284.66502916445495, 935.981240436351]], '흙', 0.0593591017777948)]
[([[265, 485], [277, 485], [277, 513], [265, 513]], '응', 0.7668005862942806), ([[147, 673], [165, 673], [165, 695], [147, 695]], '쥐', 0.9433795867801145), ([[138.48160156597564, 774.045128926061], [187.9158763221332, 812.2945460510969], [168.51839843402436, 836.954871073939], [120.08412367786683, 798.7054539489031]], '울안임!', 0.021132372319698334)]
[([[158, 60], [188, 60], [188, 84], [158, 84]], '코틀', 0.135297700522088), ([[158, 80], [244, 80], [244, 106], [158, 106]], '조금씩 조금씩', 0.7205371462968908), ([[155, 100], [269, 100], [269, 130], [155, 130]], '드리마시고 진정해', 0.9974354643907822), ([[195, 387], [225, 387], [225, 407], [195, 407]], '그래', 0.9999514471757525), ([[192, 408], [236, 408], [236, 434], [192, 434]], '조금씩', 0.7363947629928589), ([[488, 430], [534, 430], [534, 458], [488, 458]], '[괜찮니', 0.3362519145011902), ([[215, 751], [253, 751], [253, 771], [215, 771]], '그대로', 0.9997940768986594), ([[214, 770], [264, 770], [264, 796], [214, 796]], '돌아온것', 0.8986145853996277), ([[212, 788], [242, 788], [242, 814], [212, 814]], '끝네', 0.40282188719288725), ([[455.3204595160192, 269.07797591888243], [477.9667913934129, 267.1600502818496], [481.6795404839808, 317.92202408111757], [460.0332086065871, 319.8399497181504]], '역', 0.6683564317467052), ([[289.70465859622783, 344.00873027625056], [325.2773500981126, 338.0076982339729], [352.29534140377217, 522.9912697237495], [315.7226499018874, 527.992301766027]], '3', 0.31747762502442356), ([[270.5837847110703, 386.04378814203034], [289.5294339635623, 384.07134770416576], [293.4162152889297, 436.95621185796966], [274.4705660364377, 438.92865229583424]], '휴', 0.5188974634936727), ([[191.07899166023174, 424.14487414671834], [261.9128938351834, 433.2823305043751], [257.92100833976826, 460.85512585328166], [187.0871061648166, 451.7176694956249]], '잘하고있어', 0.5471394004084296)]
[([[279, 161], [379, 161], [379, 203], [279, 203]], '하루키 군', 0.7691148051018674), ([[279, 203], [357, 203], [357, 243], [279, 243]], '패스가', 0.5718564257624642), ([[23, 239], [57, 239], [57, 255], [23, 255]], '하루키', 0.44844655497134855), ([[22, 252], [78, 252], [78, 284], [22, 284]], '벌써저야?', 0.2161064286650293), ([[281, 241], [343, 241], [343, 283], [281, 283]], '멀어!', 0.9116721287853539), ([[237, 295], [305, 295], [305, 331], [237, 331]], '괜찮아', 0.995268646853524), ([[235, 322], [304, 322], [304, 359], [235, 359]], '나라면', 0.9997902227771333), ([[237, 353], [323, 353], [323, 389], [237, 389]], '활수있어', 0.3636632717580507), ([[47, 395], [103, 395], [103, 433], [47, 433]], '약속이', 0.9917113484963775), ([[7, 451], [35, 451], [35, 467], [7, 467]], '안녕', 0.9921154518325493), ([[47, 433], [87, 433], [87, 469], [47, 469]], '있어', 0.6929011195305433), ([[12, 502], [56, 502], [56, 532], [12, 532]], '내일', 0.9999797695726516), ([[14, 528], [58, 528], [58, 552], [14, 552]], '보자-', 0.6469597268795418), ([[291, 723], [333, 723], [333, 739], [291, 739]], '하지마신', 0.2561909258365631), ([[436, 724], [472, 724], [472, 750], [436, 750]], '글고', 0.9505945179052511), ([[295, 765], [331, 765], [331, 781], [295, 781]], '이야"', 0.848041882196268), ([[368, 772], [406, 772], [406, 796], [368, 796]], '이라', 0.996278694377793), ([[216, 834], [258, 834], [258, 860], [216, 860]], '하루키', 0.8518166923602576), ([[216, 860], [274, 860], [274, 886], [216, 886]], '나가여자', 0.9829089641571045), ([[216, 886], [292, 886], [292, 912], [216, 912]], '다워야지 국구', 0.5828915160449957)]
[([[519, 19], [597, 19], [597, 55], [519, 55]], '아까 그', 0.9883982651532188), ([[517, 51], [589, 51], [589, 93], [517, 93]], '연상의', 0.999158793142351), ([[516, 86], [613, 86], [613, 129], [516, 129]], '남자아이', 0.9994301795959473), ([[20, 238], [117, 238], [117, 280], [20, 280]], '하루카가', 0.9887994527816772), ([[19, 275], [113, 275], [113, 317], [19, 317]], '생각나서', 0.9998462796211243), ([[21, 311], [121, 311], [121, 353], [21, 353]], '자위 할것', 0.6445219102589392), ([[19, 347], [71, 347], [71, 387], [19, 387]], '갈네', 0.38503595794651246), ([[161, 461], [177, 461], [177, 499], [161, 499]], '품', 0.4331347700493815), ([[410, 536], [436, 536], [436, 560], [410, 560]], '기뻐', 0.995263794352921), ([[412, 560], [456, 560], [456, 586], [412, 586]], '보이는길', 0.35578736662864685), ([[569, 799], [617, 799], [617, 835], [569, 835]], '좋내', 0.5718502713635857), ([[569, 829], [631, 829], [631, 865], [569, 865]], '친혜저화', 0.2523902356624603), ([[433, 879], [469, 879], [469, 923], [433, 923]], '권', 0.02603636532148812)]
[([[51, 101], [123, 101], [123, 139], [51, 139]], '코에서', 0.9851570725440979), ([[49, 139], [131, 139], [131, 177], [49, 177]], '꽤 많이', 0.9782103666698054), ([[583, 135], [661, 135], [661, 197], [583, 197]], '으음', 0.9745929478358988), ([[49, 171], [145, 171], [145, 213], [49, 213]], '나닷지만', 0.1924917995929718), ([[81, 421], [183, 421], [183, 463], [81, 463]], '잘 남격네', 0.6527056831909018), ([[83, 459], [207, 459], [207, 497], [83, 497]], '착한 아이야', 0.9942350070944521), ([[83, 495], [157, 495], [157, 533], [83, 533]], '하루키', 0.9963615324257981), ([[444, 652], [496, 652], [496, 676], [444, 676]], '모처럼의', 0.9582114815711975), ([[280, 668], [318, 668], [318, 698], [280, 698]], '좀더', 0.21199298454473528), ([[445, 675], [507, 675], [507, 693], [445, 693]], '데이트이고', 0.9438173697433965), ([[280, 694], [336, 694], [336, 726], [280, 726]], '분발해', 0.997743277491615), ([[280, 722], [336, 722], [336, 754], [280, 754]], '불까??', 0.4141763746738434)]
[([[529, 91], [557, 91], [557, 109], [529, 109]], '하룻', 0.4211633077300066), ([[337, 579], [355, 579], [355, 615], [337, 615]], '#', 0.19644004928612535), ([[87, 839], [103, 839], [103, 867], [87, 867]], '응', 0.9996669569790271), ([[111, 736], [151, 736], [151, 929], [111, 929]], '#', 0.714628559622966), ([[239, 843], [270, 843], [270, 989], [239, 989]], '7', 0.14822774640401803)]
[([[468, 140], [524, 140], [524, 196], [468, 196]], '%', 0.10104885313063505), ([[621, 933], [643, 933], [643, 951], [621, 951]], '24', 0.9999994942378553)]
[([[379, 397], [393, 397], [393, 419], [379, 419]], '0', 0.9309397945896905), ([[386, 694], [422, 694], [422, 823], [386, 823]], '2', 0.00918046481287288), ([[365.1758366163079, 336.11542815707753], [390.5183984340244, 325.04512892606107], [411.8241633836921, 376.88457184292247], [386.4816015659756, 387.95487107393893]], '3', 0.014739517266795732), ([[227.72486325745064, 543.0190154536444], [245.25432863197074, 540.0162366706282], [260.27513674254936, 618.9809845463556], [242.74567136802926, 621.9837633293718]], '?', 0.3469610075601537), ([[43.28204184138226, 722.1333087875939], [58.596549986271896, 719.09104004393], [64.71795815861773, 751.8666912124061], [48.403450013728104, 754.90895995607]], '움', 0.26349849222243904), ([[29.674009316680596, 795.0546270183737], [43.29000739528287, 793.0429755955665], [47.325990683319404, 825.9453729816263], [33.70999260471713, 827.9570244044335]], '옷', 0.9919750215795062)]
[([[223, 105], [249, 105], [249, 121], [223, 121]], '두무', 0.26690954218941143), ([[223, 121], [249, 121], [249, 133], [223, 133]], '따이', 0.9998830023532619), ([[203, 325], [235, 325], [235, 339], [203, 339]], '두따다', 0.39330078801683094), ([[191, 479], [227, 479], [227, 493], [191, 493]], '네-네 ~', 0.8731650960132419), ([[193, 491], [241, 491], [241, 505], [193, 505]], '우리 심롭이', 0.22129254293655962), ([[191, 501], [247, 501], [247, 517], [191, 517]], '무슨일이야?', 0.8714285068381078), ([[212, 594], [264, 594], [264, 618], [212, 618]], '하루카는', 0.716910719871521), ([[46, 620], [98, 620], [98, 644], [46, 644]], '학교에서', 0.6926319003105164), ([[210, 610], [280, 610], [280, 660], [210, 660]], '표현해서', 0.012998371385037899), ([[343, 623], [383, 623], [383, 659], [343, 659]], '하는', 0.7112592538050552), ([[46, 642], [96, 642], [96, 666], [46, 666]], '첫번제로', 0.9357171058654785), ([[46, 658], [122, 658], [122, 684], [46, 684]], '발기한 여자네', 0.8433350553377595), ([[212, 652], [288, 652], [288, 678], [212, 678]], '젖꼭지름 발기', 0.4160645121343844), ([[338, 652], [376, 652], [376, 682], [338, 682]], '계속', 0.9996747261198702), ([[212, 670], [252, 670], [252, 696], [212, 696]], '되엇네', 0.17256520238036005), ([[42, 786], [92, 786], [92, 810], [42, 810]], '고집는대', 0.7220110893249512), ([[363, 853], [385, 853], [385, 867], [363, 867]], '허맛', 0.8132332974663684), ([[201.51435706882137, 335.12584272387846], [237.97741416543985, 340.7886672074725], [235.48564293117863, 354.87415727612154], [199.02258583456015, 349.2113327925275]], '무따야"', 0.26815980672836304), ([[348.9011154884105, 594.1539042094367], [407.7094017302525, 602.5032238632315], [402.0988845115895, 636.8460957905633], [343.2905982697475, 628.4967761367685]], '방에서', 0.998861919252788), ([[381.1758366163079, 630.1154281570775], [436.84093610094527, 640.0361109657507], [431.8241633836921, 670.8845718429225], [375.15906389905473, 660.9638890342493]], '것보다내', 0.4055645763874054), ([[334.02985749985464, 671.1194299994187], [390.8436278177083, 684.8925140186265], [381.97014250014536, 718.8805700005813], [324.1563721822917, 704.1074859813735]], '(기분이', 0.9848726987838745), ([[382.92942454485564, 683.1459283614803], [434.64634702755615, 692.3555689875727], [428.07057545514436, 726.8540716385197], [376.35365297244385, 718.6444310124273]], '줄지기', 0.33872718502401983)]
[([[290, 496], [316, 496], [316, 526], [290, 526]], '앗', 0.48796367217864045), ([[21.400778482288022, 407.0451379831009], [49.49010628801059, 400.03013906711425], [70.59922151771198, 480.9548620168991], [42.50989371198941, 488.96986093288575]], ';', 0.015162776966537506), ([[23.556757792822065, 724.0497342884171], [43.35777087639997, 718.0322601798002], [57.44324220717794, 771.9502657115829], [37.64222912360003, 776.9677398201998]], '잎', 0.008818678318746942)]
[]
[([[113, 75], [139, 75], [139, 91], [113, 91]], '우우', 0.6894571606253846), ([[65, 89], [97, 89], [97, 103], [65, 103]], '규여워', 0.20920475841350583), ([[113, 91], [141, 91], [141, 109], [113, 109]], '히이', 0.8445357735717252), ([[274, 92], [346, 92], [346, 124], [274, 124]], '줄엇올것', 0.26297998428344727), ([[276, 120], [348, 120], [348, 152], [276, 152]], '갈앗는데', 0.14137087762355804), ([[274, 148], [326, 148], [326, 176], [274, 176]], '침으로', 0.9775130105542572), ([[274, 176], [332, 176], [332, 206], [274, 206]], '채월네', 0.3560674752260296), ([[565, 497], [591, 497], [591, 511], [565, 511]], '아리', 0.22937953521197382), ([[564, 510], [632, 510], [632, 534], [564, 534]], '조금 지컷구나', 0.7837010162392368), ([[347, 741], [391, 741], [391, 757], [347, 757]], '하루키양', 0.5838000178337097), ([[346, 752], [380, 752], [380, 776], [346, 776]], '오흡은', 0.15442509262688367), ([[347, 773], [413, 773], [413, 791], [347, 791]], '참으면 안되오', 0.8641133398307617), ([[164.49027925047707, 42.04361965276696], [248.97831966095924, 79.63998333768625], [236.50972074952293, 105.95638034723305], [152.02168033904076, 69.36001666231375]], '중20450|', 0.00840992120311797)]
[([[91, 183], [198, 183], [198, 235], [91, 235]], '화장실은', 0.9997100234031677), ([[93, 229], [199, 229], [199, 273], [93, 273]], '저쪽이야', 0.9942142963409424), ([[605, 247], [629, 247], [629, 263], [605, 263]], '뵈화', 0.8054230498660019)]
[([[328, 296], [360, 296], [360, 302], [328, 302]], '홍', 0.0006513316571091915), ([[351, 397], [409, 397], [409, 417], [351, 417]], '타-카 -', 0.5157260201950422), ([[350, 416], [428, 416], [428, 440], [350, 440]], '노~리-군', 0.7568038276357955), ([[82, 672], [134, 672], [134, 696], [82, 696]], '남자가', 0.9999247740907423), ([[80, 694], [118, 694], [118, 718], [80, 718]], '먼저', 0.9953497397159653), ([[547, 689], [627, 689], [627, 727], [547, 727]], '빠르네', 0.9955633827065493), ([[82, 712], [148, 712], [148, 736], [82, 736]], '도착하지', 0.9979972839355469), ([[80, 734], [148, 734], [148, 758], [80, 758]], '않앉다니', 0.8296663761138916), ([[545, 725], [629, 725], [629, 767], [545, 767]], '하루카', 0.9932934963701882), ([[34, 808], [72, 808], [72, 838], [34, 838]], '아직', 0.9996268521976852), ([[33, 837], [121, 837], [121, 873], [33, 873]], '타카노리군', 0.5419748377667838), ([[53, 869], [127, 869], [127, 905], [53, 905]], '안돼켓네', 0.6307610273361206)]
[([[171, 33], [239, 33], [239, 53], [171, 53]], '내가 보기에는', 0.508844893091281), ([[171, 49], [238, 49], [238, 73], [171, 73]], '서두르는 편이', 0.9773029202369488), ([[171, 67], [239, 67], [239, 87], [171, 87]], '중다고 생각해', 0.2225327688864111), ([[398, 128], [448, 128], [448, 152], [398, 152]], '우물 꾸물', 0.5902892943891553), ([[399, 147], [447, 147], [447, 167], [399, 167]], '허지 말고', 0.33542079464525715), ([[399, 165], [463, 165], [463, 185], [399, 185]], '평범하게 걸어', 0.8193394529921123)]
[]
[]
[([[303, 41], [353, 41], [353, 57], [303, 57]], '아파하', 0.9999644172933476), ([[590, 32], [628, 32], [628, 56], [590, 56]], '마장', 0.9880203168706148), ([[300, 56], [352, 56], [352, 80], [300, 80]], '있어요', 0.9978415312314901), ([[590, 50], [660, 50], [660, 76], [590, 76]], '큰소리는', 0.381054162979126), ([[590, 72], [644, 72], [644, 96], [590, 96]], '안돼요', 0.8298042914234416), ([[624, 260], [656, 260], [656, 304], [624, 304]], '오', 0.9999846220607687), ([[163, 327], [207, 327], [207, 371], [163, 371]], '틈', 0.7784910834822121), ([[223, 341], [253, 341], [253, 361], [223, 361]], '네 ~', 0.6752182245254517), ([[222, 360], [260, 360], [260, 384], [222, 384]], '깜짝', 0.9999527958559914), ([[222, 380], [286, 380], [286, 404], [222, 404]], '놀랍지?', 0.43364131450653076), ([[222, 400], [274, 400], [274, 424], [222, 424]], '미군?', 0.9999615266360407), ([[136, 650], [172, 650], [172, 678], [136, 678]], '용설지', 0.18311033917439773), ([[28, 680], [60, 680], [60, 704], [28, 704]], '엄마', 0.9982492476618418), ([[28, 700], [62, 700], [62, 724], [28, 724]], '언니', 0.9999538073665201), ([[28, 720], [64, 720], [64, 744], [28, 744]], '웃고', 0.43229859453140185), ([[28, 742], [64, 742], [64, 766], [28, 766]], '있어', 0.9916697591633284), ([[619.6410931804152, 297.0161343026081], [653.5713659385116, 301.32157518939346], [639.3589068195848, 415.9838656973919], [606.4286340614884, 411.67842481060654]], '옷', 0.9755995365976702), ([[563.6622276932553, 361.01428678041225], [594.3453455879926, 364.2330323536207], [583.3377723067447, 486.98571321958775], [551.6546544120074, 483.7669676463793]], '{', 0.5584657070772323), ([[138.3480186333612, 664.1092540367474], [174.99410897100316, 678.8466070022305], [167.6519813666388, 696.8907459632526], [132.00589102899684, 682.1533929977695]], "않아요'", 0.5198531746864319), ([[382.15028142267585, 922.0912945443088], [537.9811594217333, 941.6122247316493], [531.8497185773242, 975.9087054556912], [376.01884057826675, 957.3877752683507]], '넘7;"', 0.005208468995988369)]
[([[470, 392], [496, 392], [496, 446], [470, 446]], '올', 0.2903128277262148), ([[458, 436], [484, 436], [484, 522], [458, 522]], '올', 0.054644301556461494), ([[17, 805], [37, 805], [37, 845], [17, 845]], '탑', 0.011015413393283213), ([[-0.2985111570629964, 877.01488842937], [27.30398289481386, 873.0154406691003], [43.298511157063, 982.98511157063], [15.69601710518614, 986.9845593308997]], '"', 0.4179519888139147)]
[([[253, 29], [273, 29], [273, 81], [253, 81]], '뉴,', 0.006049731080824321), ([[231, 103], [275, 103], [275, 204], [231, 204]], '8', 0.10154022025378495), ([[309, 58], [365, 58], [365, 234], [309, 234]], '품', 0.005012595539773346), ([[236, 206], [264, 206], [264, 254], [236, 254]], '#', 0.031030684097723915), ([[408, 713], [463, 713], [463, 740], [408, 740]], '군에게', 0.42739590724402754), ([[389, 737], [451, 737], [451, 757], [389, 757]], '5000계', 0.996843766745973), ([[388, 754], [458, 754], [458, 780], [388, 780]], '출태니깐', 0.47340908646583557), ([[190, 870], [242, 870], [242, 894], [190, 894]], '언니는', 0.41483728642414014), ([[190, 888], [242, 888], [242, 916], [190, 916]], '물결팬', 0.7748279978247412), ([[188, 910], [256, 910], [256, 936], [188, 936]], '이잡아요', 0.8311079740524292), ([[346, 914], [406, 914], [406, 940], [346, 940]], '마장도!', 0.9864754676818848)]
[([[198, 266], [254, 266], [254, 292], [198, 292]], '하루카을', 0.3381982445716858), ([[15, 283], [39, 283], [39, 303], [15, 303]], '행이', 0.5112858251535691), ([[198, 288], [264, 288], [264, 314], [198, 314]], '보고있다니', 0.22316441902623665), ([[0, 300], [42, 300], [42, 326], [0, 326]], '지금은', 0.9986019406550058), ([[201, 313], [239, 313], [239, 331], [201, 331]], '나 . 그', 0.6404012197053361), ([[0, 322], [58, 322], [58, 348], [0, 348]], '들분이야', 0.9752041697502136), ([[200, 330], [268, 330], [268, 356], [200, 356]], '또 서버럿어', 0.38686009937437044), ([[41, 445], [67, 445], [67, 461], [41, 461]], '올하?', 0.0947852402484431), ([[21, 465], [61, 465], [61, 483], [21, 483]], '하루카', 0.9960678655496708), ([[196, 466], [234, 466], [234, 494], [196, 494]], '몰래', 0.9992008207306883), ([[196, 492], [264, 492], [264, 522], [196, 522]], '빨아주면', 0.9915376305580139), ([[196, 518], [280, 518], [280, 550], [196, 550]], '안들길꺼야|', 0.5204110788601926), ([[517, 627], [545, 627], [545, 643], [517, 643]], '아~', 0.9999926664562352), ([[168, 644], [250, 644], [250, 670], [168, 670]], '글쎄 어른0', 0.8373019024236709), ([[514, 644], [610, 644], [610, 670], [514, 670]], '미 군 웃없다', 0.9475590833139418), ([[164, 664], [214, 664], [214, 688], [164, 688]], '어른의', 0.9940748283617501), ([[164, 684], [230, 684], [230, 708], [164, 708]], '책임으로', 0.9964635968208313), ([[164, 704], [216, 704], [216, 730], [164, 730]], '생각해', 0.9998492736431809), ([[227, 797], [281, 797], [281, 833], [227, 833]], '깔끔하기', 0.2868245840072632), ([[227, 827], [279, 827], [279, 863], [227, 863]], '강해끗어', 0.2826855182647705), ([[197, 947], [227, 947], [227, 963], [197, 963]], '나나?', 0.9793980014028324)]
[([[3, 17], [21, 17], [21, 59], [3, 59]], '날', 0.7795380905090497), ([[5, 61], [21, 61], [21, 89], [5, 89]], '메', 0.09738544176098518), ([[66, 37], [97, 37], [97, 116], [66, 116]], '탓', 0.3959065682867191), ([[7, 90], [20, 90], [20, 174], [7, 174]], "'", 0.04293063821695231), ([[541, 115], [557, 115], [557, 141], [541, 141]], '으', 0.9784338527026648), ([[533, 143], [553, 143], [553, 179], [533, 179]], '옷', 0.9958402352382656), ([[5, 175], [21, 175], [21, 217], [5, 217]], '흙', 0.00791390402547365), ([[7, 219], [21, 219], [21, 301], [7, 301]], "'", 0.15179585336881374), ([[477, 205], [497, 205], [497, 265], [477, 265]], '못', 0.6645272814785272), ([[7, 303], [23, 303], [23, 343], [7, 343]], '%', 0.026964564122906376), ([[61, 353], [83, 353], [83, 373], [61, 373]], '아', 0.9999444492425624), ([[7, 357], [21, 357], [21, 387], [7, 387]], '루', 0.926317168827623), ([[57, 375], [77, 375], [77, 403], [57, 403]], '앗', 0.39726319449812664), ([[7, 399], [21, 399], [21, 443], [7, 443]], '장', 0.04009458404561883), ([[5, 441], [21, 441], [21, 471], [5, 471]], '벼', 0.8617418181444378), ([[7, 471], [21, 471], [21, 513], [7, 513]], '혀', 0.009183133473247063), ([[7, 515], [21, 515], [21, 571], [7, 571]], '물', 0.08279392576406863), ([[570, 522], [594, 522], [594, 578], [570, 578]], '푹', 0.01073222422434128), ([[615, 493], [667, 493], [667, 589], [615, 589]], '#', 0.011287422947514836), ([[7, 571], [19, 571], [19, 597], [7, 597]], '허', 0.03682788049491492), ([[7, 598], [20, 598], [20, 682], [7, 682]], '{', 0.016818461932590845), ([[239, 645], [273, 645], [273, 665], [239, 665]], '무슨', 0.5800112370802606), ([[238, 664], [298, 664], [298, 688], [238, 688]], '일이야?', 0.9989762902259827), ([[7, 683], [21, 683], [21, 737], [7, 737]], '푹', 0.010425418674456177), ([[7, 775], [21, 775], [21, 803], [7, 803]], '버', 0.18172080572600535), ([[8, 802], [16, 802], [16, 840], [8, 840]], '등', 0.24965438279187513), ([[269, 823], [295, 823], [295, 843], [269, 843]], '아 ', 0.33538684934606394), ([[267, 841], [322, 841], [322, 869], [267, 869]], '기분렉', 0.2728660925114337), ([[60, 930], [270, 930], [270, 958], [60, 958]], '허0 잡질명 ; 반과후에 도섭관에', 0.11408068172022753), ([[275, 929], [351, 929], [351, 949], [275, 949]], '지음 . 발행인', 0.7951105330773157), ([[357, 933], [463, 933], [463, 949], [357, 949]], "'미기*; *~<도`*아산", 9.395104091705398e-06), ([[114, 946], [271, 946], [271, 966], [114, 966]], '서클 : 미노리 연구소 발행일', 0.6859610907809689), ([[279, 947], [353, 947], [353, 965], [279, 965]], '2023/12/31', 0.999907903062473), ([[115, 961], [523, 961], [523, 981], [115, 981]], '인쇄소 : (유)네이 꼬리님 연락처 : |2응아싣하@교아+리|.() 제2판 2024/01', 0.0018278668351051175)]
[([[263.6478169410631, 153.00344568832696], [377.2852256740656, 93.00225996646097], [676.3521830589368, 699.9965543116731], [562.7147743259344, 759.997740033539]], '8', 0.1202822910673973), ([[29.019681126656742, 305.04010974521225], [106.61144958846293, 268.01558806612655], [185.98031887334326, 450.95989025478775], [109.38855041153707, 487.98441193387345]], '@', 0.6570171568455407), ([[193.45262514316946, 631.0124906354109], [273.4024580284713, 592.0067507515553], [402.5473748568306, 873.9875093645891], [323.5975419715287, 913.9932492484447]], '팩', 0.026665111286604315)]
[([[170, 74], [424, 74], [424, 154], [170, 154]], '역식 후기', 0.9998519038887898), ([[38, 214], [529, 214], [529, 274], [38, 274]], '인문학 스터디 쿠드 입니다.', 0.9804774687664541), ([[39, 265], [589, 265], [589, 327], [39, 327]], '꼴리논건데 번역이 안올라와서', 0.8058675191996274), ([[38, 318], [430, 318], [430, 374], [38, 374]], '파파고의 힘흘 빌려서', 0.5347409487215979), ([[42, 367], [287, 367], [287, 423], [42, 423]], '번역쾌습니다', 0.3686863718303404), ([[39, 417], [601, 417], [601, 477], [39, 477]], '원본이 세로 쓰기로 되어있어서', 0.9890668446126222), ([[38, 470], [640, 470], [640, 526], [38, 526]], '가로로 만들기 조금 힘들없습니다', 0.7556048783580722), ([[39, 567], [641, 567], [641, 632], [39, 632]], '참고로 후기에 쓰인쪽은 각렬해서', 0.3298272869154557), ([[40, 622], [512, 622], [512, 678], [40, 678]], '대사까지 다 작업해버럿조', 0.655980760250322), ([[518, 636], [588, 636], [588, 662], [518, 662]], '구 크', 0.1913696527481079)]
[([[322, 66], [374, 66], [374, 98], [322, 98]], '소녀', 0.9999209334277391), ([[544, 58], [634, 58], [634, 90], [544, 90]], '이대로면', 0.99820476770401), ([[268, 98], [348, 98], [348, 128], [268, 128]], '보다가', 0.999996902852449), ([[546, 86], [604, 86], [604, 118], [546, 118]], '분~명', 0.9657273935312676), ([[546, 112], [616, 112], [616, 144], [546, 144]], '인기가', 0.9998584960816953), ([[264, 119], [361, 119], [361, 167], [264, 167]], '늦없지?', 0.7242590188980103), ([[544, 140], [624, 140], [624, 172], [544, 172]], '없다고?', 0.9998945593833923), ([[250, 324], [344, 324], [344, 354], [250, 354]], '하루카 선생님', 0.9932169528836768), ([[250, 348], [320, 348], [320, 374], [250, 374]], '아직 58분', 0.9500540919304751), ([[250, 372], [310, 372], [310, 400], [250, 400]], '이잡아~', 0.9956297278404236), ([[268, 460], [336, 460], [336, 492], [268, 492]], '변명도', 0.8785725687885227), ([[268, 488], [328, 488], [328, 518], [268, 518]], '안돼~', 0.8052718225500602), ([[259, 541], [329, 541], [329, 561], [259, 561]], '*소년만화', 0.963485047022269), ([[20, 598], [126, 598], [126, 624], [20, 624]], "'0-+@.7에서도", 0.06476238115868922), ([[158, 606], [258, 606], [258, 636], [158, 636]], '다이소 가면', 0.9909642454691611), ([[336, 594], [382, 594], [382, 626], [336, 626]], '눈치', 0.9991757071829069), ([[549, 589], [607, 589], [607, 627], [549, 627]], '하루카', 0.8018469034705993), ([[17, 616], [126, 616], [126, 670], [17, 670]], '젊표플렉등고', 0.01135375908203512), ([[158, 630], [254, 630], [254, 660], [158, 660]], '중학생들이', 0.8014215540390884), ([[263, 619], [403, 619], [403, 683], [263, 683]], '맞아쨌어"', 0.02095048228998926), ([[437, 613], [489, 613], [489, 657], [437, 657]], "'40", 0.20285008777544158), ([[549, 623], [643, 623], [643, 663], [549, 663]], '그거 색깔빗는', 0.037766879651258085), ([[158, 656], [258, 656], [258, 682], [158, 682]], '모두 사니깐', 0.18993229799882017), ([[549, 659], [613, 659], [613, 697], [549, 697]], '립스틱기', 0.3870965242385864), ([[18, 822], [50, 822], [50, 852], [18, 852]], '할편', 0.05260714897704626), ([[16, 849], [68, 849], [68, 881], [16, 881]], '(하잡아', 0.4838946461677551), ([[20, 880], [86, 880], [86, 910], [20, 910]], '다카니리군', 0.16155244575346722), ([[19, 933], [73, 933], [73, 953], [19, 953]], '*유특브', 0.22281129658222198), ([[256.9378517783448, 50.114118180385994], [326.72972972972974, 64.37837837837837], [317.0621482216552, 105.885881819614], [247.27027027027026, 91.62162162162163]], '(*여름', 0.9416198134422302)]
[([[617, 0], [641, 0], [641, 13], [617, 13]], '그', 0.0035147116627499836), ([[214, 70], [250, 70], [250, 94], [214, 94]], '그렇계', 0.9519990425732314), ([[300, 68], [374, 68], [374, 94], [300, 94]], '여~자~', 0.9564817280156434), ([[210, 88], [276, 88], [276, 112], [210, 112]], '여자 답지는', 0.7357330565793212), ([[302, 94], [382, 94], [382, 124], [302, 124]], '아~이~', 0.9837787165342499), ([[212, 108], [252, 108], [252, 132], [212, 132]], '암지만', 0.7024598073066163), ([[48, 120], [78, 120], [78, 144], [48, 144]], "'아닷", 0.17371500623642055), ([[594, 138], [634, 138], [634, 162], [594, 162]], '화보', 0.7405990821568771), ([[183, 247], [223, 247], [223, 267], [183, 267]], '하지만', 0.9991748965146231), ([[182, 264], [250, 264], [250, 288], [182, 288]], '하루카 답고', 0.9000435727948278), ([[55, 279], [91, 279], [91, 297], [55, 297]], '귀여워', 0.5606119810802059), ([[182, 284], [236, 284], [236, 308], [182, 308]], '보기좋아', 0.9137088656425476), ([[320, 278], [350, 278], [350, 344], [320, 344]], '$', 0.13324323885871436), ([[612, 332], [638, 332], [638, 362], [612, 362]], '8', 0.5025184701890204), ([[638, 308], [668, 308], [668, 356], [638, 356]], '3', 0.005783000525812432), ([[632, 360], [658, 360], [658, 388], [632, 388]], '5', 0.027687512110603274), ([[69, 543], [85, 543], [85, 597], [69, 597]], '푹', 0.022235362081776344), ([[315, 415], [428, 415], [428, 604], [315, 604]], '8%', 0.20029021560015073), ([[154, 706], [194, 706], [194, 730], [154, 730]], '라별은', 0.35941926800273577), ([[154, 724], [210, 724], [210, 748], [154, 748]], '때는 편이', 0.9796613227182257), ([[154, 744], [194, 744], [194, 768], [154, 768]], '좋다구', 0.976393007042179), ([[115, 887], [147, 887], [147, 901], [115, 901]], '그렇네', 0.9267401695251465), ([[576.1430466182295, 433.3576165455737], [633.4420304054278, 379.2124590539796], [662.8569533817705, 417.6423834544263], [605.5579695945722, 471.7875409460204]], '8 8', 0.11295009717817496)]
[([[304, 634], [408, 634], [408, 968], [304, 968]], '턱', 0.22506642921004882), ([[490.7430607760961, 85.00300121691288], [571.7121493808136, 76.02307678539168], [622.2569392239039, 534.9969987830872], [541.2878506191864, 544.9769232146083]], '#', 0.01792989282785129), ([[113.20617769862906, 250.0634175633495], [150.48069469178418, 262.6587842893777], [82.79382230137094, 458.9365824366505], [45.519305308215834, 446.3412157106223]], '륙', 0.011587206494718894)]
[([[36, 490], [62, 490], [62, 534], [36, 534]], '#', 0.10279003745159798), ([[36, 536], [64, 536], [64, 576], [36, 576]], '#', 0.04008324061651991), ([[619.4290466368775, 308.03270574083444], [657.1059326522145, 303.12384239705426], [669.5709533631225, 404.96729425916556], [632.8940673477855, 409.87615760294574]], '흡', 0.005497595440680458)]
[([[153, 33], [187, 33], [187, 53], [153, 53]], '지금은', 0.9977617859751757), ([[157, 51], [221, 51], [221, 69], [157, 69]], '그계 아니잡이', 0.8648662347708879), ([[340, 100], [390, 100], [390, 124], [340, 124]], '하루카~', 0.9704189896583557), ([[10, 266], [62, 266], [62, 298], [10, 298]], '평소보다', 0.9894821047782898), ([[9, 293], [55, 293], [55, 329], [9, 329]], '입음잘', 0.44034336116113054), ([[10, 324], [64, 324], [64, 356], [10, 356]], '사용하서', 0.4961797893047333), ([[252, 502], [286, 502], [286, 528], [252, 528]], '으음', 0.9059758710780983), ([[27, 621], [61, 621], [61, 641], [27, 641]], '충은것', 0.3305357320227009), ([[22, 638], [62, 638], [62, 662], [22, 662]], '갈은데', 0.9662005710197761), ([[268, 646], [344, 646], [344, 678], [268, 678]], '가루 갈은', 0.7786510856527481), ([[267, 673], [340, 673], [340, 705], [267, 705]], '그립스틱', 0.9286265795447257), ([[26, 716], [60, 716], [60, 740], [26, 740]], '으늘', 0.4397180915121365), ([[268, 702], [308, 702], [308, 732], [268, 732]], '바른', 0.8856102743170552), ([[268, 726], [342, 726], [342, 758], [268, 758]], '하루카가', 0.9940655827522278), ([[268, 754], [310, 754], [310, 786], [268, 786]], '좋아', 0.9614096105142141), ([[4.401915587107544, 890.0358993729926], [35.40516722879382, 870.016443085836], [104.59808441289246, 982.9641006270074], [73.59483277120619, 1002.983556914164]], '#', 0.010306040000075678)]
[([[558, 252], [628, 252], [628, 282], [558, 282]], '하루카~', 0.9851749539375305), ([[558, 280], [638, 280], [638, 310], [558, 310]], '오늘 많이', 0.637368052403349), ([[72, 314], [114, 314], [114, 340], [72, 340]], '아까', 0.9997851421274649), ([[559, 305], [655, 305], [655, 341], [559, 341]], '운동햇잡아~', 0.8849800635362348), ([[72, 340], [152, 340], [152, 372], [72, 372]], '땀울 많이', 0.7853997704902629), ([[73, 367], [147, 367], [147, 403], [73, 403]], '흘럿잡아', 0.4319564998149872), ([[607, 505], [645, 505], [645, 549], [607, 549]], '벼', 0.016969555786243484), ([[162, 552], [210, 552], [210, 578], [162, 578]], '#9구의', 0.09925474971532822), ([[191, 579], [217, 579], [217, 599], [191, 599]], '세 :', 0.037296518919760005), ([[588, 700], [626, 700], [626, 730], [588, 730]], '위험', 0.9973084685777761), ([[588, 728], [646, 728], [646, 760], [588, 760]], '하잡아', 0.9368608438019146), ([[578, 808], [648, 808], [648, 840], [578, 840]], '어린이가', 0.9995560646057129), ([[578, 836], [634, 836], [634, 866], [578, 866]], '그렇게', 0.4862524023667483), ([[576, 862], [632, 862], [632, 894], [576, 894]], '남자루', 0.6087923891356515), ([[578, 890], [650, 890], [650, 922], [578, 922]], '유록하면', 0.4041455388069153), ([[393.98055850095415, 25.087239305533913], [435.6090821280804, 5.030995144812404], [475.01944149904585, 94.91276069446609], [433.3909178719196, 114.96900485518759]], '(', 0.03464334039588923), ([[529.6422291236, 877.0322601798002], [546.3041143685078, 872.0232566046988], [565.3577708764, 935.9677398201998], [547.6958856314922, 940.9767433953012]], '국', 0.20388640082826814)]
