2945243
2945090
2944869
2944585
2943863
2943863
2943863
2943529
2943314
2943152
2943056
2942407
2942407
2942407
2942407
2942392
2941989
2941989
2940607
2940607
2940515
2940515
2939593
2939579
2939579
2939549
2939499
2939499
2939196
2938970
2938731
2938731
2938537
2938518
2938409
2938409
2938003
2937563
2937563
2936411
2936411
2936395
2936380
2936380
2936380
2936370
2936370
2936349
2936343
2935855
2935609
2935468
2935468
2935324
2935308
2935308
2935147
2934401
2934314
2933573
2933549
2933544
2933521
2933511
2933507
2933507
2933496
2933474
2933474
2933474
2933474
2933430
2933422
2933160
2933160
2932999
2931968
2931048
2930724
2930724
2930243
2930243
2929915
2929915
2929580
2929420
2929157
2928514
2928514
2928514
2928173
2928025
2928025
2928025
2927270
2926997
2926997
2926622
2926622
2926622
2926173
2925955
2925955
2925955
2925624
2925265
2925265
2924813
2924698
2924085
2923964
2923749
2923749
2923749
2923613
2923272
2922631
2922631
2922354
2922354
2922133
2922133
2921269
2921269
2921233
2921067
2921067
2921067
2921000
2921000
2920604
2920604
2920464
2920424
2919961
2919619
2919619
2919389
2919090
2918833
2918833
2918659
2918340
2918340
2918196
2918196
2917747
2917541
2917105
2917105
2917105
2916906
2916906
2916885
2916819
2916774
2916214
2916214
2915909
2915611
2915454
2915257
2915257
2915071
2914975
2914975
2914941
2914456
2914456
2914309
2914309
2913490
2913455
2913321
2913321
2912960
2912960
2912960
2912715
2912155
2912155
2912072
2911828
2911828
2911698
2911395
2911387
2911350
2911350
2910992
2910942
2910762
2910762
2910522
2910462
2910462
2910388
2910383
2909827
2909827
2909702
2909698
2909694
2909694
2909694
2909471
2909471
2909381
2908544
2908544
2908497
2908410
2908410
2908183
2908183
2908183
2908103
2907747
2907747
2907586
2907136
2907024
2907024
2907024
2907024
2907019
2907019
2906889
2906780
2906348
2906172
2905959
2905959
2905959
2905405
2905405
2905330
2905317
2905241
2904839
2904839
2904560
2904560
2904280
2904280
2904280
2903042
2903042
2903042
2903042
2903042
2902989
2902985
2902903
2902868
2902868
2902705
2902705
2902690
2902473
2901722
2901332
2901332
2901069
2900742
2900742
2900591
2900591
2899887
2899810
2899803
2899736
2899736
2899736
2899235
2899200
2899081
2899081
2898882
2898607
2898251
2898251
2898227
2898227
2897407
2897407
2897192
2897192
2896551
2896443
2896406
2896300
2896300
2896293
2896155
2895725
2895721
2895721
2895717
2895683
2895525
2895525
2895394
2894963
2894959
2894892
2894892
2894411
2894196
2894135
2894135
2894087
2893621
2893239
2893239
2893047
2892772
2892079
2892079
2892079
2891658
2891460
2891119
2890856
2890233
2890233
2889920
2889833
2889833
2889833
2889466
2889466
2889286
2888866
2888234
2887759
2887759
2887346
2887346
2887201
2887093
2886596
2886350
2886350
2886070
2886070
2886012
2886012
2885906
2885897
2885889
2885698
2885621
2885098
2885009
2884923
2884695
2884695
2884668
2884274
2884274
2884274
2884213
2884125
2883733
2883729
2883729
2883410
2883410
2883153
2882991
2882248
2882248
2882185
2881985
2881985
2881985
2881862
2881417
2881021
2881021
2880801
2880801
2880801
2880684
2880593
2880523
2880216
2879942
2879821
2879821
2879821
2879821
2879691
2879681
2879676
2879671
2879658
2879557
2878944
2878939
2878939
2878939
2878935
2878450
2878450
2877765
2877509
2877509
2877179
2877128
2876903
2876836
2876836
2876573
2875963
2875851
2875790
2875790
2875680
2875440
2874863
2874863
2874863
2874632
2874632
2874582
2874217
2874075
2874075
2873341
2873041
2873041
2872953
2872518
2872226
2871659
2871659
2871218
2871031
2870162
2870162
2869638
2869638
2869638
2869638
2868971
2868971
2868783
2868536
2868496
2868496
2868424
2868424
2868406
2868406
2868016
2867708
2867579
2867579
2867579
2866891
2866810
2866810
2866802
2866645
2866497
2865570
2865470
2865470
2865447
2865447
2865447
2865260
2864536
2864536
2864470
2864417
2864090
2864090
2863594
2862804
2862804
2862606
2862572
2862506
2862494
2862489
2862489
2862485
2862244
2861910
2861910
2860953
2860953
2860165
2860165
2860165
2860165
2859890
2859607
2859177
2858897
2858773
2858773
2858467
2858467
2857972
2857822
2857550
2857550
2857060
2857060
2857060
2857060
2857050
2857045
2855885
2855885
2855811
2855437
2855315
2855315
2855165
2855071
2854931
2854923
2854664
2854664
2854561
2854561
2854064
2854064
2853768
2853768
2853547
2853535
2853535
2853211
2853118
2853049
2852520
2852520
2852287
2852287
2852287
2852251
2852154
2852001
2852001
2851943
2851919
2851636
2851632
2851514
2851514
2851353
2851341
2851312
2851312
2851025
2851025
2851025
2850583
2850578
2850362
2850322
2850180
2850039
2849551
2849551
2849464
2849351
2849043
2849043
2849043
2848736
2848474
2848474
2848070
2847760
2847524
2846869
2846759
2846759
2846656
2846656
2846656
2846456
2846360
2846272
2846219
2845937
2845937
2845679
2845505
2845272
2845013
2844722
2844722
2844350
2844350
2844350
2844219
2843623
2843355
2843355
2842660
2842660
2842660
2842590
2842590
2841896
2841754
2841427
2841427
2841203
2840596
2840276
2840217
2840217
2840107
2839673
2839540
2839540
2839449
2839239
2838598
2838200
2837829
2837829
2837829
2837819
2837819
2837819
2837771
2837450
2836848
2836324
2836324
2836076
2836076
2835986
2835986
2835932
2835832
2835503
2835503
2835503
2835301
2835133
2835087
2834819
2834819
2834819
2834819
2834704
2834358
2834209
2834209
2833976
2833754
2833754
2833521
2833197
2833125
2833125
2833125
2833125
2833115
2833097
2833097
2833090
2833079
2833010
2832998
2832998
2832943
2832908
2832890
2832809
2832802
2832795
2832781
2832781
2832777
2832771
2832765
2832759
2832753
2832712
2832699
2831971
2831971
2831724
2831505
2831505
2831296
2831172
2831172
2830558
2830443
2830443
2830443
2829933
2829901
2829901
2829745
2829724
2829505
2829501
2829083
2829083
2828930
2828930
2828842
2828603
2828447
2828022
2827732
2827300
2826861
2826861
2826842
2826823
2826743
2826066
2825892
2825774
2825774
2825774
2825774
2825489
2825092
2825088
2825088
2825088
2825084
2825084
2825076
2824832
2824832
2824734
2824522
2824522
2824522
2824165
2824165
2824155
2824147
2824126
2824126
2823817
2823750
2823519
2823519
2823509
2823509
2823485
2823347
2823245
2823245
2823195
2823043
2823002
2822756
2822669
2822574
2822574
2822519
2822108
2821932
2821932
2821858
2821858
2821706
2821568
2821338
2820897
2820897
2820897
2820387
2820387
2820387
2820245
2820245
2819616
2819533
2819327
2819121
2819121
2818944
2818944
2818827
2818475
2818347
2818329
2818187
2818033
2818033
2818005
2817663
2817638
2817469
2817469
2817469
2817469
2817469
2817208
2817120
2816464
2816070
2816070
2816037
2815939
2815599
2815560
2815560
2815535
2815170
2814974
2814974
2814854
2814361
2814361
2814361
2814086
2814086
2813983
2813847
2813544
2813520
2813520
2813509
2813496
2813431
2813431
2813431
2813353
2813038
2812308
2812308
2812308
2812144
2811810
2811753
2810991
2810991
2810991
2810991
2810892
2810739
2810325
2810325
2810233
2810233
2810233
2809803
2809803
2809654
2809654
2809543
2809341
2809341
2809049
2808702
2808702
2808702
2808665
2808609
2808585
2808528
2807801
2807602
2807598
2807552
2807552
2807171
2807171
2807106
2806948
2806924
2806924
2806872
2806872
2806872
2806809
2806393
2806246
2806246
2805935
2805812
2805638
2805638
2805347
2804983
2804732
2804657
2804657
2804525
2804525
2804285
2804195
2804029
2804029
2803908
2803908
2803908
2803767
2803719
2803719
2803239
2803151
2803151
2803046
2802979
2802899
2802366
2802366
2802225
2802225
2802126
2802009
2801965
2801861
2801478
2801478
2801314
2801314
2801198
2801106
2800999
2800744
2800497
2800416
2800416
2800416
2800362
2800362
2800362
2800252
2799825
2799422
2799349
2799295
2799233
2799233
2798449
2798227
2797993
2797747
2797448
2797448
2797448
2797448
2797297
2797231
2797231
2797141
2796937
2796717
2796561
2796497
2796349
2796179
2795663
2795663
2795421
2795421
2795421
2795322
2794869
2794541
2794541
2794398
2794398
2794398
2794179
2794022
2793972
2793972
2793654
2793525
2793525
2793410
2793406
2792841
2792579
2792579
2792352
2792293
2792293
2791913
2791913
2791694
2791655
2791381
2791381
2791381
2791381
2791079
2790941
2790941
2790572
2790572
2790572
2790572
2790343
2790343
2790168
2790100
2789798
2789458
2789458
2789458
2789363
2789296
2789296
2789128
2789123
2789114
2789114
2789114
2788937
2788116
2788116
2788116
2787810
2787810
2787810
2787810
2787810
2787795
2787784
2787776
2787624
2787413
2787137
2787137
2786958
2786958
2786926
2786926
2786919
2786840
2786768
2786535
2786484
2786148
2786060
2786060
2785919
2785727
2785629
2785629
2785493
2785303
2785303
2785019
2784917
2784917
2784829
2784667
2784374
2784334
2784334
2784334
2784334
2784152
2783765
2783765
2783758
2783753
2783726
2783726
2783726
2783695
2783695
2783691
2783691
2783687
2783676
2783676
2783672
2783367
2783324
2783324
2783182
2783030
2782958
2782958
2782958
2782958
2782025
2781796
2781608
2781608
2781540
2781331
2781331
2781212
2781128
2780955
2780677
2780677
2780176
2780117
2779910
2779910
2779910
2779623
2779432
2779223
2779223
2779210
2779195
2779187
2779113
2779095
2779095
2778913
2778913
2778913
2778913
2778839
2778794
2778716
2778252
2778252
2778126
2777761
2777133
2776886
2776591
2776569
2776569
2776569
2776563
2776547
2776547
2776547
2776538
2776532
2776522
2776522
2776522
2776517
2776298
2776298
2775939
2775939
2775939
2775815
2775538
2775538
2775329
2775329
2775255
2774204
2774131
2774127
2774118
2774118
2774118
2774118
2774114
2774114
2773865
2773846
2773661
2773661
2773561
2773561
2773561
2773143
2773143
2773143
2772798
2772798
2772594
2772594
2772068
2771878
2771878
2771878
2771370
2771370
2771152
2770929
2770714
2770705
2770705
2770582
2770359
2770359
2769720
2769578
2769401
2769227
2769071
2768853
2768729
2768305
2767668
2767488
2767488
2767387
2767096
2767009
2767009
2766841
2765964
2765964
2765746
2765396
2765396
2765396
2765059
2765059
2765049
2765049
2765042
2765042
2765037
2765033
2765027
2765027
2764997
2764984
2764984
2764974
2764970
2764958
2764948
2764924
2764821
2764816
2764816
2764816
2763957
2763957
2763785
2763642
2763245
2763245
2763162
2762923
2762752
2762752
2762629
2762182
2761902
2761856
2761615
2761615
2761280
2761280
2761280
2761115
2760795
2760068
2760068
2759834
2759834
2759335
2759335
2759294
2759160
2759160
2758278
2758278
2758278
2758278
2758199
2758130
2758130
2758122
2758112
2758112
2757494
2757471
2757471
2757210
2757132
2757127
2757127
2757110
2757110
2757110
2757110
2757106
2756973
2756875
2756513
2756322
2756322
2756233
2756091
2756085
2756085
2756078
2756078
2755424
2755424
2755418
2755418
2755418
2755302
2755265
2755226
2755149
2754449
2754449
2754449
2753958
2753958
2753686
2753106
2753106
2752944
2752944
2752827
2752239
2752036
2752036
2751986
2751986
2751749
2751720
2751203
2750792
2750792
2750257
2750257
2750015
2750015
2749965
2749965
2749965
2749720
2749418
2749205
2749205
2749205
2748973
2748973
2748660
2748660
2748347
2748095
2747885
2747461
2747461
2747110
2746429
2746038
2745928
2745928
2745928
2745928
2745808
2745643
2745643
2745633
2745078
2744815
2744815
2744437
2744437
2744437
2744437
2743709
2743251
2743002
2742871
2742871
2742575
2742575
2742360
2741658
2741540
2741540
2741332
2741332
2741005
2740600
2740470
2740292
2740292
2740106
2740106
2739895
2739255
2738914
2738194
2737968
2737800
2737800
2737800
2737793
2737781
2737781
2737772
2737768
2737768
2737768
2737763
2737660
2737660
2737660
2737232
2737183
2737183
2737040
2737040
2736362
2736070
2736070
2735334
2735091
2735091
2735091
2735091
2735091
2735091
2734596
2734596
2734180
2733767
2733598
2733598
2733564
2733398
2733398
2732700
2732646
2732646
2732646
2732380
2731720
2731720
2731583
2731087
2731087
2730959
2730959
2730794
2730001
2729900
2729900
2729900
2729707
2729208
2728955
2728763
2728388
2728265
2727979
2727979
2727913
2727736
2727736
2727057
2726990
2726935
2726935
2726935
2726888
2726884
2726878
2726727
2726618
2726618
2726252
2725753
2725131
2725131
2724987
2724832
2724832
2724170
2724170
2724170
2723957
2723798
2723789
2723789
2723779
2723770
2723760
2723760
2723760
2723760
2723760
2723756
2723285
2722718
2722718
2722051
2722051
2722017
2722017
2721895
2721780
2721676
2721470
2721470
2721461
2721450
2721437
2721429
2721420
2721420
2721420
2721420
2721420
2721412
2721412
2720938
2720828
2720711
2720648
2720591
2720540
2720192
2719967
2719967
2719967
2719897
2719530
2719530
2719232
2718762
2718762
2718762
2718755
2718749
2718745
2718736
2718685
2718685
2718089
2718089
2718089
2717867
2717065
2717065
2717065
2716937
2716937
2716791
2716063
2715947
2715881
2715877
2715877
2715871
2715871
2715779
2715167
2715062
2714971
2714971
2714187
2713639
2713639
2713068
2712929
2712789
2712789
2712789
2712674
2712501
2712082
2712082
2711815
2711815
2711510
2711510
2711324
2710833
2710833
2710724
2710565
2710565
2710384
2710365
2710365
2710365
2709789
2709789
2709589
2709589
2709515
2709515
2709028
2708780
2708780
2708767
2708557
2708557
2708535
2708535
2708228
2708228
2708004
2707999
2707994
2707777
2707769
2707769
2707744
2707744
2707110
2706989
2706774
2706573
2706573
2706169
2706169
2706054
2705860
2705661
2705661
2705444
2705444
2704757
2704757
2704757
2704349
2704349
2703977
2703977
2703941
2703161
2703095
2703095
2703029
2702520
2702238
