2945423
2945423
2945156
2944936
2944710
2944710
2943752
2943752
2943752
2943591
2943333
2943073
2943073
2942434
2942434
2942397
2942379
2942022
2941906
2940845
2940845
2940535
2940535
2940535
2940325
2939850
2939591
2939586
2939551
2939522
2939522
2939312
2939006
2938798
2938636
2938522
2938522
2937964
2937531
2936864
2936864
2936796
2936520
2936393
2936393
2936393
2936378
2936378
2936364
2936351
2936345
2936338
2935848
2935549
2935549
2935335
2935319
2935138
2935138
2934625
2934082
2934082
2933554
2933542
2933538
2933523
2933523
2933515
2933509
2933498
2933498
2933476
2933459
2933426
2933320
2933222
2933042
2933042
2932058
2932058
2931083
2930802
2930802
2930556
2930123
2930123
2929784
2929660
2929495
2929142
2928610
2928437
2928176
2928176
2928031
2928031
2928031
2927306
2927032
2926493
2926493
2926380
2925856
2925856
2925664
2925664
2925664
2925616
2925145
2924811
2924811
2924259
2924021
2923679
2923679
2923679
2923480
2923399
2922855
2922855
2922535
2922423
2922307
2922217
2922124
2921248
2921215
2921003
2921003
2920685
2920583
2920583
2920583
2920583
2920436
2920381
2919863
2919863
2919710
2919529
2919163
2919028
2918831
2918741
2918513
2918513
2918343
2918338
2918027
2918027
2917593
2917529
2917206
2917206
2917019
2916898
2916781
2916781
2916374
2916374
2916374
2916047
2915751
2915501
2915218
2915218
2914983
2914963
2914798
2914604
2914604
2914363
2913908
2913831
2913518
2913457
2912882
2912882
2912882
2912701
2912478
2912478
2912129
2912129
2911584
2911584
2911584
2911393
2911389
2911389
2911389
2911385
2911134
2910839
2910751
2910751
2910444
2910444
2910444
2910385
2910345
2910345
2910132
2909738
2909700
2909700
2909696
2909537
2909537
2909271
2909271
2909184
2908587
2908541
2908495
2908491
2908467
2908372
2908168
2907652
2907652
2907320
2907123
2907110
2907110
2907110
2907021
2907021
2907021
2907011
2906833
2906548
2906295
2906295
2906082
2905433
2905366
2905366
2905328
2905328
2905305
2905305
2905116
2904547
2904547
2904547
2904123
2904123
2903756
2903393
2903077
2903044
2903009
2902991
2902964
2902888
2902888
2902888
2902758
2902758
2902520
2902520
2901913
2901769
2901128
2901128
2901128
2900981
2900867
2900458
2899937
2899937
2899817
2899806
2899667
2899334
2899334
2899218
2899194
2898840
2898840
2898489
2898418
2898229
2898108
2898108
2897564
2897410
2897335
2896887
2896604
2896604
2896487
2896455
2896379
2896379
2896297
2896109
2896109
2895847
2895723
2895723
2895719
2895614
2895464
2895339
2895339
2894961
2894957
2894957
2894628
2894219
2894219
2894174
2893690
2893589
2893589
2893207
2892843
2892843
2891812
2891812
2891812
2891140
2890906
2890906
2890853
2890763
2890198
2890198
2889860
2889789
2889789
2889678
2889326
2889206
2888169
2888169
2888024
2887356
2887356
2887337
2887175
2887175
2886769
2886769
2886692
2886102
2886050
2885925
2885899
2885893
2885673
2885076
2885076
2885076
2884975
2884907
2884710
2884692
2884685
2884291
2884291
2884230
2884199
2883969
2883867
2883731
2883727
2883350
2883350
2883038
2882469
2882358
2882205
2881987
2881987
2881747
2881747
2881747
2881642
2881328
2881078
2881045
2880921
2880921
2880766
2880548
2880491
2880491
2880097
2880071
2879874
2879874
2879750
2879687
2879678
2879674
2879668
2879661
2879656
2879458
2878941
2878937
2878937
2878900
2878683
2878482
2877962
2877812
2877812
2877310
2877310
2876905
2876898
2876898
2876680
2876168
2876168
2875903
2875795
2875773
2875556
2875430
2875430
2874785
2874305
2874305
2874182
2874182
2873963
2873963
2873011
2873011
2872681
2872263
2872160
2872160
2871982
2871982
2870907
2870907
2870150
2870150
2869727
2869539
2869539
2868975
2868953
2868953
2868717
2868568
2868534
2868432
2868432
2868432
2867884
2867785
2867785
2867781
2867774
2867549
2867549
2866889
2866889
2866720
2866720
2865916
2865916
2865650
2865650
2865500
2865460
2865420
2865118
2864864
2864475
2864475
2864475
2864443
2864134
2863573
2863573
2862615
2862584
2862584
2862508
2862508
2862497
2862491
2862487
2862487
2862422
2861958
2861625
2861015
2860808
2860808
2859968
2859968
2859968
2859670
2859544
2859544
2859294
2859003
2858629
2858629
2858427
2857854
2857854
2857659
2857200
2857200
2857062
2857047
2857033
2857033
2856228
2856228
2855922
2855713
2855713
2855363
2855075
2855013
2855013
2854994
2854929
2854747
2854574
2854566
2854529
2854119
2854067
2854067
2853971
2853540
2853540
2853421
2853270
2853230
2853168
2853081
2852533
2852303
2852267
2852267
2852121
2852003
2851998
2851960
2851941
2851909
2851909
2851634
2851634
2851405
2851405
2851344
2851322
2851203
2851029
2851010
2850639
2850580
2850399
2850399
2850356
2850319
2850218
2850106
2849660
2849549
2849438
2849082
2849082
2849082
2848674
2848510
2848510
2848368
2848008
2847856
2847718
2847409
2847177
2846919
2846814
2846711
2846579
2846458
2846324
2846245
2845978
2845601
2845601
2845473
2845473
2845364
2844778
2844778
2844491
2844491
2844303
2844303
2844212
2843759
2843416
2843311
2842837
2842612
2842612
2842612
2842587
2842237
2841482
2841328
2841222
2841222
2840684
2840221
2840188
2840102
2840102
2839718
2839518
2839384
2839159
2838943
2838943
2838755
2838361
2838025
2838025
2837979
2837825
2837781
2837692
2837119
2836846
2836624
2836624
2836450
2836202
2836013
2835992
2835992
2835853
2835853
2835682
2835115
2835115
2835010
2834927
2834927
2834904
2834904
2834732
2834533
2834533
2834150
2834044
2833958
2833716
2833421
2833421
2833421
2833140
2833140
2833127
2833117
2833101
2833101
2833094
2833083
2833014
2833001
2833001
2832978
2832913
2832892
2832883
2832843
2832800
2832800
2832791
2832775
2832775
2832769
2832761
2832726
2832726
2832702
2832697
2831851
2831768
2831649
2831649
2831433
2831301
2831029
2830790
2830561
2830441
2830441
2829980
2829910
2829910
2829665
2829503
2829503
2829503
2829498
2829498
2828951
2828891
2828811
2828693
2828568
2828132
2827937
2827700
2827593
2827517
2827517
2827019
2826850
2826758
2826137
2826137
2825801
2825801
2825641
2825641
2825410
2825250
2825090
2825090
2825086
2825086
2825082
2825023
2824875
2824799
2824799
2824678
2824516
2824516
2824275
2824167
2824162
2824150
2824116
2824116
2823851
2823752
2823667
2823593
2823546
2823497
2823349
2823349
2823320
2823122
2823014
2823014
2822677
2822677
2822632
2822632
2822604
2822567
2822143
2822143
2821980
2821980
2821863
2821740
2821278
2821278
2821278
2821162
2820801
2820651
2820417
2820417
2820281
2819709
2819333
2819333
2819305
2819208
2819208
2818901
2818901
2818655
2818343
2818261
2818182
2818090
2818007
2817960
2817645
2817645
2817645
2817627
2817387
2817387
2817164
2816982
2816473
2816339
2816076
2816062
2816062
2816062
2816031
2815730
2815571
2815547
2815526
2815439
2815237
2814894
2814848
2814848
2814288
2813985
2813985
2813950
2813950
2813928
2813820
2813546
2813536
2813517
2813499
2813480
2813480
2813316
2813132
2813132
2812933
2812793
2812413
2812208
2812030
2811903
2811578
2811375
2811375
2811153
2810997
2810894
2810890
2810780
2810641
2810444
2810241
2809881
2809810
2809792
2809792
2809679
2809589
2809589
2809135
2809135
2808964
2808676
2808630
2808591
2808500
2808500
2807611
2807600
2807600
2807589
2807589
2807400
2807026
2807026
2806978
2806944
2806944
2806920
2806920
2806771
2806604
2806604
2806391
2805938
2805938
2805782
2805782
2805580
2805315
2805049
2804828
2804695
2804639
2804487
2804487
2804249
2804149
2804149
2803983
2803952
2803952
2803866
2803837
2803755
2803594
2803594
2803342
2803166
2803135
2803007
2802972
2802295
2802295
2802295
2802263
2802263
2802039
2802039
2801991
2801902
2801650
2801507
2801336
2801273
2801134
2801134
2801069
2800719
2800719
2800600
2800433
2800382
2800280
2799683
2799683
2799460
2799460
2799386
2799304
2798890
2798633
2798633
2798334
2798193
2798193
2797789
2797636
2797492
2797364
2797276
2797213
2797007
2797007
2796607
2796515
2796515
2796340
2796340
2796135
2796135
2795550
2795491
2795366
2794919
2794866
2794849
2794849
2794775
2794684
2794484
2794484
2794315
2794103
2793995
2793809
2793701
2793583
2793514
2793408
2792910
2792666
2792666
2792534
2792534
2792215
2792215
2791983
2791809
2791607
2791607
2791458
2791458
2791277
2791028
2790854
2790854
2790854
2790799
2790740
2790600
2790529
2790318
2790234
2790138
2790138
2789814
2789709
2789653
2789653
2789375
2789322
2789134
2789125
2789125
2789119
2789119
2789111
2788905
2788328
2788129
2788129
2788001
2788001
2788001
2787823
2787791
2787778
2787778
2787772
2787540
2787505
2787385
2787260
2787260
2786940
2786930
2786930
2786922
2786848
2786809
2786583
2786496
2786359
2786094
2786094
2786042
2785633
2785633
2785560
2785560
2785517
2785228
2784931
2784853
2784853
2784725
2784669
2784441
2784412
2784353
2784163
2784163
2783774
2783774
2783755
2783724
2783724
2783724
2783724
2783710
2783702
2783702
2783697
2783693
2783689
2783674
2783653
2783515
2783332
2783332
2783326
2783173
2783040
2783040
2783014
2782148
2782148
2781994
2781994
2781610
2781523
2781334
2781244
2780964
2780896
2780896
2780824
2780824
2780497
2780166
2780119
2780115
2779604
2779604
2779425
2779270
2779206
2779189
2779189
2779189
2779189
2779092
2779064
2779064
2778937
2778937
2778844
2778837
2778720
2778671
2778402
2778203
2777844
2777594
2777594
2777228
2777000
2777000
2776571
2776571
2776565
2776561
2776549
2776544
2776540
2776536
2776536
2776519
2776471
2776471
2776338
2776287
2776141
2775845
2775614
2775497
2775497
2775397
2775397
2775264
2775264
2775086
2774552
2774174
2774135
2774135
2774129
2774116
2774116
2774112
2773997
2773997
2773862
2773773
2773657
2773512
2773512
2773458
2773336
2773069
2772750
2772750
2772672
2772315
2772315
2772027
2771401
2771401
2771185
2771185
2770712
2770712
2770712
2770707
2770599
2770599
2770538
2770041
2769636
2769353
2769353
2768863
2768735
2768665
2768665
2768608
2768608
2768256
2768206
2767782
2767626
2767413
2767111
2766992
2766992
2766627
2765962
2765962
2765826
2765826
2765463
2765069
2765069
2765061
2765035
2765025
2765025
2764986
2764986
2764956
2764956
2764956
2764956
2764952
2764929
2764818
2764818
2764734
2764734
2763987
2763865
2763733
2763478
2763478
2763448
2763243
2762975
2762860
2762860
2762458
2762458
2761928
2761928
2761715
2761715
2761257
2761117
2761117
2761113
2761113
2760090
2760010
2759952
2759952
2759952
2759307
2759307
2759162
2759162
2759068
2758895
2758334
2758214
2758183
2758132
2758128
2758124
2758114
2758114
2758108
2757489
2757261
2757156
2757129
2757125
2757120
2757120
2757112
2757112
2757108
2756940
2756509
2756421
2756318
2756318
2756106
2756093
2756082
2756082
2756082
2756074
2756050
2755947
2755735
2755553
2755553
2755403
2755403
2755322
2755235
2755174
2755174
2755083
2754479
2753861
2753824
2753549
2753260
2752990
2752990
2752639
2752552
2752434
2752073
2752034
2751969
2751784
2751784
2751134
2751134
2750816
2750709
2750263
2750252
2750142
2750142
2750142
2749985
2749897
2749897
2749536
2749536
2749536
2749317
2749110
2748786
2748786
2748011
2748011
2747864
2747864
2747864
2747518
2746955
2746546
2746546
2746100
2745989
2745926
2745762
2745647
2745647
2745629
2745629
2745462
2745148
2745148
2745076
2745047
2744057
2743759
2743759
2743759
2743603
2743603
2743173
2742947
2742714
2742603
2742091
2742091
2741838
2741566
2741525
2741265
2741265
2740616
2740593
2740479
2740410
2740253
2740090
2739841
2739163
2739163
2738562
2738024
2737791
2737791
2737791
2737787
2737783
2737783
2737774
2737774
2737770
2737761
2737757
2737753
2737453
2737235
2737235
2737218
2737180
2737180
2737096
2736522
2736099
2736067
2735984
2735984
2735984
2735098
2735098
2735094
2734636
2734636
2734425
2734260
2734260
2734113
2733735
2733735
2733566
2733378
2733378
2733286
2732806
2732655
2732655
2732541
2732416
2731774
2731203
2731072
2731072
2730791
2730791
2730499
2730079
2730079
2729953
2729803
2729578
2728958
2728894
2728448
2728063
2728063
2727969
2727840
2727840
2727180
2727180
2727051
2727015
2727015
2726891
2726891
2726886
2726882
2726736
2726662
2726331
2725894
2725793
2725564
2725228
2725228
2725228
2725228
2724816
2724816
2724816
2724282
2723891
2723796
2723792
2723792
2723781
2723772
2723772
2723767
2723767
2723762
2723758
2723753
2723126
2723126
2722923
2722843
2722521
2722029
2721947
2721862
2721862
2721862
2721586
2721465
2721465
2721457
2721452
2721440
2721440
2721431
2721427
2721422
2721422
2721277
2721277
2720653
2720653
2720653
2720567
2720386
2719971
2719971
2719844
2719752
2719752
2719752
2719543
2719251
2719251
2719124
2718884
2718757
2718752
2718752
2718747
2718743
2718738
2718469
2718469
2718125
2718065
2717943
2717833
2717709
2717319
2717021
2716832
2716499
2715974
2715974
2715974
2715879
2715879
2715239
2715239
2715071
2715071
2715060
2715060
2714661
2713785
2713502
2713496
2713496
2713492
2712997
2712997
2712855
2712729
2712729
2712527
2712517
2712342
2711727
2711727
2711568
2711345
2711115
2711016
2710731
2710387
2710387
2710387
2710371
2710371
2710360
2709629
2709600
2709600
2709577
2709577
2709402
2709000
2708776
2708776
2708776
2708671
2708548
2708539
2708529
2708241
2708108
2708002
2707996
2707797
2707797
2707797
2707775
2707765
2707736
2707423
2707047
2706710
2706270
2706158
2706158
2705999
2705999
2705929
2705929
2705698
2705580
2705362
2705013
2704971
2704851
2704303
2704303
2703961
2703806
2703806
2703220
2703220
2703113
2702904
2702904
2702333
2702199
2702098
2701694
2701332
2701332
2701272
2701265
2701261
2701209
2701152
2701144
2700716
2700716
2700411
2700309
2700062
2699612
2699612
2699612
2699534
2699444
2698729
2698505
2698505
2698495
2698495
2698151
2698141
2698141
2697853
2697853
2697208
2696466
2696320
2696290
2695866
2695866
2695530
2695143
2695143
2695021
2695009
2694929
2694855
2694577
2694223
2693711
2693711
2693424
2693424
2693420
2693416
2693113
2693026
2693026
2692715
2692715
2692642
2692642
2692472
2692336
2692092
2692092
2692083
2691658
2691510
2691401
2691401
2691401
2690833
2690461
2690396
2690273
2689952
2689937
2689937
2689933
2689839
2689734
2689657
2689657
2689437
2689262
2688945
2688945
2688781
2688178
2688028
2688028
2687471
2687471
2687471
2687463
2687463
2687456
2687379
2686703
2686703
2686703
2685880
2685880
2685511
2685511
2685203
2685039
2684956
2684509
2684106
2684106
2684061
2684061
2683870
2683870
2683750
2683553
2683151
2683151
2683021
2683021
2682894
2682894
2682769
2682343
2681712
2681712
2681712
2681308
2680893
2680893
2680893
2680429
2680429
2679969
2679856
2679296
2679153
2679153
2679146
2679138
2679138
2678978
2678701
2678476
2678029
2678029
2677823
2677704
2677474
2677080
2677001
2677001
2676428
2676428
2676428
2676366
2676331
2676331
2675943
2675676
2675676
2675676
2675578
2674847
2674569
2674513
2674513
2674341
2673924
2673741
2673403
2673403
2673328
2673328
2672872
2672576
2672571
2672571
2672567
2672469
2672406
2672345
2671690
2671616
2671462
2671388
2671260
2671206
2671125
2670918
2670199
2670055
2669968
2669576
2669576
2669576
2669262
2668947
2668947
2668947
2668204
2668200
2668192
2668188
2668136
2668136
2668123
2668063
2667777
2667372
2667226
2667226
2667019
2667019
2666933
2666371
2666150
2665955
2665955
2665513
2665513
2665191
2664473
2664473
2664130
2664130
2664130
2663980
2663702
2663025
2663025
2662864
2662864
2662798
2662798
2662674
2662674
2662535
2662484
2662484
2662248
2661985
2661725
2661620
2661620
2661472
2661272
2661272
2660825
2660825
2660507
2660507
2660507
2660455
2660409
2660370
2660241
2660143
2659894
2659708
2659624
2659484
2659484
2659410
2659355
2659345
2658969
2658969
2658969
2658779
2658724
2658412
2657870
2657870
2657452
2657452
2657102
2657102
2656993
2656245
2656245
2656199
2656146
2656056
2655884
2655783
2655599
2655108
2654995
2654771
2654588
2654484
2654267
2653991
2653991
2653789
2653089
2653089
2652931
2652931
2652765
2652527
2652111
2652020
2651886
2651445
2650905
2650905
2650905
2650676
2650474
2649792
2648990
2648921
2648696
2648696
2648696
2648696
2648606
2648483
2648483
2648043
2648043
2647942
2647839
2647747
2647686
2647434
2647423
2646923
2646923
2646848
2646848
2646735
2646410
2646410
2646062
2646014
2645893
2645817
2645817
2645678
2645331
2644983
2644911
2644911
2644714
2644605
2644228
2643745
2643745
2643696
2643516
2643395
2643324
2643324
2643324
2643301
2643214
2643214
2643136
2642851
2642675
2642675
2642619
2642619
2642481
2642351
2642304
2642149
2642138
2641895
2641734
2641734
2641387
2641277
2641277
2641027
2640997
2640997
2640873
2640873
2640829
2640634
2640634
2640463
2640463
2640124
2639831
2639831
2639681
2639681
2639660
2639653
2639646
2639601
2639601
2639530
2639530
2639375
2639197
2639197
2638988
2638923
2638590
2638590
2638586
2638586
2638581
2638423
2637857
2637852
2637848
2637840
2637785
2637596
2637596
2637449
2637008
2637008
2636768
2636768
2636569
2636202
2636202
2635880
2635761
2635761
2635677
2635673
2635323
2635314
2635080
2634886
2634830
2634474
2634292
2633791
2633254
2633225
2633225
2633093
2632464
2632414
2632400
2632093
2631959
2631959
2631908
2631908
2631242
2631187
2631023
2631023
2630904
2630603
2630541
2630541
2630531
2630531
2630523
2630292
2630063
2629696
2629696
2629512
2629369
2629369
2629369
2629118
2629008
2628844
2628146
2627880
2627788
2627616
2627616
2626449
2625765
2625486
2625247
2625058
2625058
2625058
2624907
2624609
2624609
2624035
2624035
2623681
2623681
2622973
2622761
2622761
2622761
2622761
2622694
2622172
2622172
2622114
2621901
2621801
2621743
2621603
2621446
2621402
2621315
2620965
2620189
2619947
2619947
2619496
2619496
2619373
2619359
2619009
2618846
2618668
2618668
2617958
2617958
2617208
2616949
2616949
2616722
2616722
2616135
2615934
2615652
2615652
2615203
2614822
2614698
2614698
2614361
2614361
2614041
2613884
2613884
2613884
2613646
2613646
2613382
2613378
2613378
2612706
2612549
2612535
2612535
2612528
2612528
2612523
2612517
2612499
2612495
2612480
2612473
2612473
2612208
2612208
2611441
2611441
2611213
2611213
2611113
2611113
2610697
2610697
2610697
2610596
2610236
2610082
2610082
2610040
2609571
