2945181
2945181
2944677
2944677
2944677
2944677
2944541
2943720
2943720
2943541
2943322
2942570
2942570
2942351
2942351
2942351
2942351
2942077
2941899
2941173
2941173
2940712
2940712
2940516
2939755
2939595
2939590
2939590
2939581
2939500
2939303
2939303
2938996
2938996
2938521
2938441
2938441
2937784
2937784
2937784
2937462
2937155
2936412
2936408
2936408
2936392
2936372
2936362
2936350
2936350
2936344
2936333
2935686
2935531
2935329
2935329
2935316
2935170
2934598
2934598
2933545
2933537
2933537
2933522
2933512
2933512
2933512
2933512
2933508
2933501
2933475
2933475
2933431
2933425
2933192
2933098
2933010
2931596
2931596
2931596
2930988
2930737
2930403
2930403
2930021
2929775
2929639
2929465
2929383
2928948
2928466
2928198
2928175
2928175
2928028
2928028
2927293
2927015
2927015
2926328
2926232
2926232
2926012
2926012
2925815
2925815
2925660
2925558
2924797
2924797
2924087
2923989
2923751
2923751
2923456
2923331
2922722
2922722
2922722
2922722
2922506
2922377
2922297
2922093
2921818
2921242
2921238
2921238
2921192
2921192
2921001
2920932
2920605
2920434
2920380
2919962
2919962
2919829
2919334
2919126
2919126
2918952
2918952
2918795
2918728
2918004
2917528
2917528
2917528
2917528
2917528
2917123
2916909
2916895
2916895
2916830
2916830
2916778
2916709
2916588
2916018
2916018
2915708
2915478
2915352
2914976
2914952
2914839
2914741
2914741
2914479
2913606
2913606
2913516
2913516
2913456
2913123
2913123
2912992
2912227
2912227
2912227
2912227
2912098
2911728
2911663
2911569
2911569
2911419
2911388
2911383
2911383
2910944
2910944
2910795
2910733
2910535
2910443
2910443
2910384
2910384
2909857
2909857
2909857
2909699
2909699
2909493
2909493
2909269
2909104
2908545
2908545
2908490
2908490
2908455
2908289
2908184
2908184
2907827
2907489
2907252
2907252
2907105
2907026
2907026
2907026
2907020
2906936
2906936
2906393
2906206
2906206
2906047
2906047
2905961
2905416
2905416
2905342
2905333
2905325
2905298
2905115
2904525
2904525
2904318
2904318
2903049
2903049
2903049
2903043
2903043
2902986
2902986
2902986
2902933
2902933
2902885
2902757
2902757
2902474
2902474
2901355
2901355
2901106
2901106
2900756
2900630
2900146
2899894
2899894
2899815
2899815
2899586
2899246
2899201
2899192
2899005
2898785
2898439
2898439
2898439
2898388
2898252
2898228
2897435
2897409
2897409
2897409
2897223
2896585
2896484
2896436
2896362
2896362
2896295
2896262
2896262
2895839
2895726
2895722
2895698
2895698
2895698
2895579
2894960
2894960
2894960
2894604
2894418
2894168
2894128
2894128
2893874
2893874
2893874
2893585
2893206
2892833
2892193
2891488
2891488
2891123
2891123
2891123
2891000
2890590
2890178
2890178
2889835
2889788
2889788
2889788
2889305
2889305
2888589
2888079
2887799
2887665
2887315
2887315
2887315
2887096
2886859
2886751
2886647
2886101
2886014
2885923
2885923
2885898
2885891
2885756
2885668
2885109
2885031
2884898
2884707
2884707
2884691
2884691
2884680
2884276
2884222
2884163
2883853
2883853
2883730
2883730
2883439
2883189
2882344
2882344
2882344
2882203
2881986
2881869
2881741
2881741
2881741
2881620
2881061
2881061
2881061
2881032
2880716
2880716
2880596
2880481
2880481
2880207
2880087
2879842
2879693
2879693
2879685
2879677
2879672
2879666
2879628
2879416
2878940
2878936
2878936
2878552
2878552
2878468
2878130
2878130
2877778
2877183
2877129
2876845
2876845
2876845
2876845
2876636
2876025
2875893
2875725
2875725
2875544
2875434
2875434
2875434
2874659
2874588
2874520
2874240
2874105
2873888
2873417
2873417
2873198
2872958
2872958
2872609
2872229
2872144
2871032
2871032
2870210
2870210
2869741
2869741
2869719
2868974
2868974
2868558
2868558
2868558
2868507
2868426
2868426
2868426
2868413
2868413
2867838
2867838
2867784
2867756
2867597
2867496
2866901
2866543
2866543
2866543
2865830
2865830
2865575
2865459
2865291
2865291
2865291
2865291
2865098
2864714
2864471
2864471
2864442
2863611
2863413
2863315
2863315
2863109
2863109
2862612
2862507
2862507
2862490
2862490
2862486
2861957
2861957
2861526
2861526
2861420
2860992
2860806
2860168
2860168
2859951
2859523
2859236
2859236
2859236
2858512
2858272
2857974
2857830
2857830
2857830
2857572
2857068
2857061
2857051
2857051
2857046
2856902
2855967
2855812
2855509
2855509
2855177
2855005
2855005
2854961
2854695
2854695
2854572
2854572
2854562
2854393
2854066
2853931
2853931
2853931
2853538
2853538
2853309
2853265
2853152
2853152
2852523
2852290
2852263
2852263
2852263
2852263
2852183
2852107
2851996
2851996
2851944
2851940
2851573
2851573
2851391
2851343
2851313
2851130
2851027
2851027
2851009
2850579
2850388
2850388
2850324
2850195
2850195
2850195
2849583
2849414
2849414
2849414
2849111
2849111
2849070
2848789
2848583
2848498
2847997
2847853
2847853
2847377
2847377
2847106
2846772
2846673
2846544
2846457
2846287
2846287
2846287
2846242
2845974
2845714
2845538
2845404
2845288
2845003
2844472
2844472
2844370
2844267
2843720
2843720
2843399
2843399
2843399
2843121
2842812
2842812
2842591
2842570
2842199
2841790
2841221
2841221
2840663
2840663
2840110
2840110
2840110
2839688
2839553
2839553
2839451
2838966
2838966
2838937
2838754
2837977
2837977
2837821
2837779
2837779
2837600
2837027
2837027
2836597
2836385
2836385
2836385
2835987
2835987
2835941
2835941
2835846
2835615
2835615
2835362
2835239
2835104
2834925
2834917
2834886
2834886
2834799
2834394
2834085
2834085
2833879
2833879
2833624
2833374
2833374
2833201
2833139
2833139
2833126
2833116
2833109
2833093
2833093
2833082
2833012
2832999
2832948
2832910
2832891
2832854
2832810
2832803
2832803
2832790
2832778
2832774
2832767
2832760
2832760
2832755
2832720
2832700
2832600
2831758
2831758
2831758
2831565
2831426
2831182
2830932
2830733
2830560
2830560
2830444
2829945
2829814
2829814
2829814
2829635
2829502
2829497
2829497
2829095
2829095
2828939
2828872
2828755
2828462
2828078
2828078
2827699
2827592
2827433
2826929
2826844
2826844
2826751
2826644
2826089
2826089
2825790
2825790
2825711
2825246
2825093
2825093
2825089
2825085
2825085
2825077
2824954
2824874
2824747
2824676
2824676
2824338
2824227
2824227
2824157
2824149
2824131
2824041
2824041
2823645
2823645
2823645
2823530
2823510
2823510
2823489
2823239
2823121
2823059
2822987
2822987
2822675
2822576
2822554
2822554
2822499
2822374
2822374
2822136
2821861
2821713
2821713
2821359
2821359
2821263
2821263
2821144
2820800
2820549
2820393
2820246
2820246
2820012
2819541
2819541
2819331
2819280
2819144
2818870
2818360
2818330
2818330
2818248
2818178
2818089
2817929
2817929
2817639
2817639
2817630
2817630
2817630
2817209
2817121
2816907
2816907
2816469
2816166
2816073
2816073
2816030
2815718
2815718
2815565
2815543
2815509
2815218
2814977
2814977
2814865
2814650
2814392
2814218
2813984
2813984
2813868
2813868
2813819
2813545
2813535
2813510
2813497
2813497
2813439
2813360
2813169
2813111
2812932
2812699
2812199
2812018
2811755
2811755
2811755
2811148
2810893
2810893
2810893
2810893
2810758
2810548
2810398
2810236
2810236
2810236
2809873
2809873
2809677
2809677
2809677
2809582
2809073
2808912
2808670
2808670
2808626
2808589
2808542
2808476
2807604
2807604
2807604
2807599
2807182
2807160
2807025
2806975
2806949
2806943
2806943
2806887
2806827
2806610
2806603
2806603
2806336
2805936
2805842
2805661
2805661
2805433
2805007
2805007
2804682
2804682
2804450
2804450
2804287
2804287
2804206
2804145
2803981
2803981
2803865
2803865
2803769
2803769
2803746
2803242
2803159
2803159
2803132
2803004
2803004
2802794
2802794
2802401
2802257
2802181
2802159
2802159
2801978
2801897
2801321
2801321
2801232
2801112
2801020
2800745
2800745
2800561
2800506
2800506
2800506
2800365
2800159
2800159
2800159
2799502
2799434
2799383
2799251
2799251
2798585
2798477
2798304
2798304
2797765
2797544
2797326
2797326
2797326
2797270
2797157
2797157
2796787
2796787
2796581
2796499
2796339
2796206
2796206
2796116
2795545
2795467
2795275
2795275
2794909
2794675
2794675
2794438
2794438
2794180
2794099
2794099
2793718
2793718
2793543
2793442
2793442
2793407
2793228
2792844
2792624
2792624
2792294
2792294
2792212
2791959
2791795
2791659
2791659
2791595
2791456
2791233
2791153
2790956
2790956
2790839
2790789
2790575
2790493
2790493
2790309
2790309
2790009
2789800
2789684
2789684
2789575
2789374
2789302
2789204
2789133
2789124
2789124
2789115
2789098
2788976
2788902
2788295
2788125
2788080
2787947
2787819
2787800
2787790
2787790
2787777
2787771
2787627
2787475
2786987
2786987
2786927
2786927
2786927
2786920
2786920
2786846
2786547
2786547
2786207
2785974
2785974
2785800
2785630
2785559
2785559
2785559
2785358
2785358
2785206
2784929
2784845
2784677
2784677
2784668
2784477
2784342
2784187
2784161
2784161
2784161
2783770
2783754
2783754
2783731
2783727
2783723
2783709
2783705
2783701
2783696
2783696
2783692
2783688
2783677
2783673
2783501
2783331
2783186
2783169
2783169
2783031
2783031
2782975
2782279
2781861
2781861
2781861
2781609
2781519
2781221
2781170
2780959
2780857
2780857
2780785
2780380
2780155
2780118
2780077
2779781
2779781
2779395
2779395
2779246
2779218
2779211
2779188
2779188
2779188
2779131
2779098
2779088
2778921
2778840
2778830
2778718
2778718
2778662
2778371
2778127
2778021
2777506
2777506
2777134
2776967
2776967
2776714
2776570
2776564
2776556
2776543
2776539
2776539
2776533
2776533
2776529
2776518
2776280
2776140
2776140
2775996
2775881
2775804
2775599
2775454
2775454
2775257
2775084
2774690
2774690
2774517
2774517
2774123
2774123
2774123
2774115
2774115
2774111
2774111
2773905
2773771
2773771
2773569
2773569
2773356
2773296
2773001
2772800
2772800
2772429
2772429
2772271
2771901
2771901
2771381
2771381
2771381
2771037
2771037
2770778
2770711
2770711
2770584
2770527
2770527
2770023
2770023
2769596
2769404
2769074
2768862
2768731
2768731
2768641
2768598
2768220
2768114
2767779
2767607
2767011
2767011
2766961
2766961
2765966
2765966
2765747
2765423
2765423
2765068
2765060
2765050
2765050
2765050
2765050
2765045
2765038
2765030
2764999
2764999
2764994
2764980
2764971
2764959
2764955
2764955
2764928
2764822
2764822
2764817
2764717
2764717
2764611
2763848
2763653
2763653
2763471
2763246
2763241
2762800
2762800
2762630
2762630
2761914
2761914
2761914
2761875
2761629
2761629
2761569
2761116
2761112
2760801
2760358
2760075
2759980
2759980
2759949
2759503
2759165
2759161
2759161
2759058
2758333
2758204
2758174
2758131
2758127
2758127
2758123
2758113
2758113
2757498
2757498
2757488
2757212
2757133
2757124
2757124
2757119
2757111
2757111
2757079
2757079
2756636
2756384
2756384
2756316
2756092
2756092
2756086
2756086
2756073
2756049
2756049
2755942
2755734
2755734
2755399
2755399
2755320
2755320
2755299
2755227
2755081
2755081
2754059
2753855
2753170
2753170
2752841
2752841
